1 2
1 3
1 4
1 5
1 6
1 7
1 8
1 9
1 10
1 11
1 12
1 13
1 14
1 15
1 16
1 32
1 33
1 34
2 4
2 5
2 6
2 8
2 9
2 10
2 11
2 13
2 14
2 15
2 16
2 17
2 18
2 19
2 25
2 27
2 31
2 33
2 34
2 36
2 37
2 40
2 41
2 43
2 44
2 46
2 47
2 48
2 50
3 4
3 6
3 7
3 8
3 9
3 10
3 11
3 13
3 14
3 15
3 16
3 17
3 18
3 19
4 5
4 6
4 7
4 8
4 9
4 10
4 11
4 13
4 14
4 15
4 16
4 17
4 18
4 19
4 25
4 26
4 27
4 31
4 32
4 33
4 34
4 36
4 37
4 41
4 43
4 44
4 46
4 47
4 48
4 49
5 6
5 9
5 10
5 11
5 12
5 13
5 15
5 16
5 18
5 19
5 20
5 21
5 23
5 24
5 25
5 26
5 32
5 49
6 7
6 8
6 10
6 13
6 14
6 16
6 18
6 19
6 29
7 8
7 9
7 10
7 13
7 14
7 16
7 19
8 10
8 11
8 12
8 15
8 16
8 18
8 19
8 20
8 21
8 22
8 23
8 24
8 25
9 10
9 11
9 12
9 13
9 14
9 15
9 16
9 17
9 18
9 19
9 20
9 21
9 22
9 23
9 24
9 25
9 26
9 37
9 39
9 40
9 41
10 11
10 12
10 13
10 14
10 15
10 16
10 17
10 18
10 19
10 22
10 24
10 25
10 26
10 31
10 32
10 33
10 34
10 36
10 37
10 41
10 42
10 43
10 44
10 45
10 46
10 47
11 12
11 13
11 14
11 15
11 16
11 17
11 18
11 19
11 20
11 21
11 22
11 23
11 24
11 25
11 26
11 33
11 37
11 38
12 15
12 20
12 21
12 22
12 23
12 24
12 25
12 26
12 32
12 34
12 36
12 37
12 39
12 40
12 41
12 46
12 48
13 14
13 15
13 16
13 17
13 18
13 19
13 22
13 23
13 24
13 25
13 26
13 27
13 31
13 32
13 33
13 37
13 38
13 40
13 41
13 44
13 45
13 47
13 49
13 50
14 15
14 16
14 17
14 18
14 19
14 21
14 22
14 23
14 24
14 25
14 26
14 32
14 33
14 37
14 41
14 44
15 16
15 17
15 18
15 19
15 20
15 21
15 23
15 24
15 25
15 26
15 31
15 32
15 33
15 34
15 36
15 37
15 41
15 44
15 47
15 48
16 17
16 18
16 19
23 32
24 32
25 32
26 32
27 32
32 33
32 37
32 41
32 47
32 49
25 33
33 34
33 36
33 37
33 41
33 44
33 46
33 48
34 36
34 41
34 46
34 48
17 18
17 19
17 24
17 36
17 37
17 40
17 41
17 42
17 44
17 47
17 49
17 50
18 19
18 24
18 25
20 25
21 25
22 25
23 25
24 25
25 26
25 37
25 38
25 39
25 40
25 41
25 47
25 48
27 28
27 29
27 30
27 31
27 35
27 36
27 37
27 41
27 43
27 45
27 47
27 49
27 50
27 51
27 52
26 31
28 31
29 31
30 31
31 36
31 37
31 41
31 43
31 44
31 45
31 47
31 49
31 50
31 51
31 52
26 36
35 36
36 37
36 41
36 43
36 45
36 46
36 47
36 48
36 50
36 51
36 52
22 37
23 37
24 37
26 37
35 37
37 41
37 42
37 43
37 44
37 45
37 46
37 47
37 52
22 40
24 40
40 41
22 41
23 41
24 41
26 41
39 41
41 42
41 43
41 46
41 47
41 48
41 50
26 43
43 45
43 47
43 49
43 50
43 51
43 52
46 48
26 47
45 47
47 49
47 50
47 51
47 52
24 48
26 50
45 50
49 50
50 51
50 52
20 26
21 26
22 26
23 26
24 26
26 39
26 45
26 49
26 51
45 49
49 52
20 21
20 22
20 23
20 24
21 22
21 23
21 24
22 23
23 24
23 39
22 24
24 38
24 39
28 29
29 30
22 38
22 39
45 51
45 52
51 52
28 30
