1 7
1 8
1 10
1 11
1 49
1 50
1 52
1 54
6 7
7 8
7 10
7 50
7 54
6 8
8 11
8 33
8 34
8 36
8 37
8 38
8 39
8 40
8 42
8 50
8 52
8 54
6 10
10 20
10 24
10 27
10 28
10 36
10 43
10 44
10 51
10 52
10 54
11 19
11 24
11 35
11 44
11 51
11 52
11 54
2 49
3 49
4 49
5 49
6 49
49 53
6 50
9 50
50 51
50 53
2 52
3 52
4 52
5 52
9 52
12 52
13 52
15 52
23 52
25 52
26 52
27 52
30 52
31 52
33 52
34 52
38 52
40 52
42 52
45 52
46 52
47 52
48 52
2 54
3 54
4 54
5 54
6 54
9 54
12 54
13 54
14 54
15 54
16 54
17 54
18 54
19 54
20 54
21 54
22 54
23 54
24 54
25 54
26 54
27 54
28 54
29 54
30 54
31 54
32 54
33 54
34 54
35 54
36 54
37 54
38 54
39 54
40 54
41 54
42 54
43 54
44 54
45 54
46 54
47 54
48 54
2 9
2 18
2 19
2 21
2 23
2 24
2 31
2 43
2 51
3 9
5 9
9 12
9 19
9 24
9 27
9 32
9 35
9 36
9 37
9 38
9 39
9 40
9 41
9 42
3 18
5 18
18 20
18 47
18 51
3 19
12 19
15 19
17 19
19 20
19 24
19 25
19 26
19 27
19 31
19 36
19 41
19 44
19 46
19 47
19 51
3 21
21 36
21 39
21 51
3 23
20 23
23 24
23 31
23 34
23 35
23 38
23 39
23 41
23 51
3 24
12 24
14 24
15 24
20 24
24 25
24 26
24 27
24 41
24 46
24 47
24 51
17 31
26 31
27 31
31 38
31 48
31 51
4 43
25 43
43 53
3 51
4 51
5 51
12 51
13 51
14 51
15 51
16 51
17 51
20 51
22 51
25 51
26 51
27 51
28 51
29 51
30 51
32 51
33 51
34 51
35 51
36 51
37 51
38 51
39 51
40 51
41 51
42 51
51 53
3 29
3 30
3 40
29 44
27 30
28 30
30 44
5 40
12 40
14 40
15 40
28 40
40 41
40 46
40 47
40 48
4 42
12 42
14 42
15 42
28 42
37 42
38 42
41 42
42 46
5 13
5 14
5 15
5 16
5 17
5 22
5 25
5 26
5 35
5 37
5 38
5 39
12 13
13 14
13 15
13 16
13 17
13 22
13 25
13 26
13 27
12 14
14 17
14 25
14 26
14 27
14 33
14 36
14 37
14 38
14 39
12 15
15 27
15 32
15 35
15 36
15 37
15 38
15 39
15 41
12 16
12 17
17 20
17 34
17 41
17 44
17 46
17 47
12 22
22 35
12 25
25 27
25 28
25 44
12 26
26 27
26 35
26 37
26 38
26 39
26 41
26 44
27 35
28 35
35 38
35 46
35 47
12 37
27 37
33 37
37 46
37 53
27 38
28 38
33 38
38 41
38 45
38 46
27 39
28 33
33 45
33 48
28 34
34 46
36 46
12 27
27 41
27 44
41 53
20 47
44 48
44 53
46 53
47 53
48 53
45 53
