1 2
1 3
1 4
2 3
2 4
2 22
3 4
3 5
3 22
4 5
4 21
11 22
12 22
13 22
5 6
5 16
5 21
14 21
15 21
21 34
6 23
6 34
16 23
16 34
16 37
23 27
23 34
15 34
34 35
34 37
7 8
7 24
7 28
7 42
8 9
8 19
8 24
8 32
17 24
18 24
24 28
17 28
27 28
28 38
28 41
17 42
27 42
41 42
9 30
9 32
9 46
19 32
19 44
19 46
18 32
30 31
30 45
18 46
10 20
10 31
10 33
10 45
20 31
20 45
20 47
31 44
29 33
33 43
33 47
44 45
11 12
11 13
12 13
12 36
13 14
13 36
14 15
14 35
15 35
27 37
37 41
17 38
18 38
29 47
43 47
25 26
25 29
25 40
26 39
29 39
39 40
39 43
