1 2
2 3
3 4
3 5
3 7
3 8
3 11
3 12
3 14
4 5
4 6
4 7
4 8
4 11
4 12
4 13
4 14
4 16
4 18
4 19
4 22
5 6
5 8
5 11
5 12
5 13
5 14
5 16
5 17
5 18
5 22
5 30
6 7
7 11
7 12
7 13
7 14
6 8
8 11
8 12
8 13
8 14
8 17
8 18
8 19
8 22
6 11
9 11
10 11
11 12
11 13
11 14
11 16
11 17
11 18
11 21
11 22
6 12
12 13
12 14
12 16
12 17
12 18
12 19
12 22
6 14
13 14
14 15
14 17
14 18
14 20
14 22
14 24
14 25
14 27
14 30
14 31
6 15
6 16
6 18
6 22
6 30
13 17
13 18
13 19
13 20
13 24
13 27
13 31
16 17
16 18
16 21
17 18
17 22
22 23
22 24
22 25
17 21
17 25
20 30
24 30
25 30
26 30
27 30
29 30
30 32
15 20
21 27
20 23
20 24
20 25
20 27
20 31
23 24
24 25
24 27
24 31
26 27
27 28
27 29
27 31
25 31
26 31
29 31
31 32
25 28
25 29
23 26
26 28
26 29
26 32
28 29
28 32
29 32
32 33
