1 2
1 3
1 4
1 27
1 49
1 50
2 3
2 4
2 26
2 27
2 28
3 4
3 6
3 14
4 5
4 26
4 50
4 67
26 27
27 28
27 49
27 50
29 49
48 49
49 50
5 50
26 50
50 67
5 26
26 28
26 68
28 29
28 48
5 6
6 7
6 11
6 16
5 14
13 14
14 15
14 16
63 67
64 67
65 67
66 67
67 68
7 8
7 11
7 12
7 15
7 16
7 61
10 11
11 12
11 13
11 16
11 62
13 16
15 16
16 62
8 9
8 12
8 15
8 17
10 12
12 13
12 15
13 15
57 61
58 61
59 61
60 61
61 62
9 10
9 19
9 20
9 23
10 17
17 18
17 19
17 24
10 13
18 19
19 20
19 23
19 24
18 20
20 21
20 22
20 23
20 56
22 23
23 24
23 25
57 62
58 62
59 62
60 62
18 21
18 22
18 24
18 51
22 24
24 25
21 22
22 25
22 51
51 52
51 53
51 54
51 55
51 56
52 56
53 56
54 56
55 56
63 68
64 68
65 68
66 68
29 30
29 46
29 47
32 48
33 48
47 48
30 31
30 32
30 45
30 46
30 47
33 46
34 46
45 46
46 47
46 74
32 47
33 47
31 32
31 35
31 39
31 45
32 33
32 45
33 45
34 45
45 74
34 35
35 36
35 40
35 41
34 39
37 39
38 39
39 40
33 34
33 73
69 73
70 73
71 73
72 73
73 74
36 37
36 40
36 41
36 42
36 44
36 79
37 40
38 40
40 41
40 79
38 41
41 42
41 43
41 80
37 38
37 42
37 44
38 42
42 43
42 44
75 79
76 79
77 79
78 79
79 80
38 43
75 80
76 80
77 80
78 80
69 74
70 74
71 74
72 74
52 53
52 54
53 55
54 55
54 57
54 58
55 57
55 58
57 58
57 59
58 60
59 60
59 63
59 64
60 63
60 64
63 64
63 65
64 66
65 66
65 69
65 70
66 69
66 70
69 70
69 71
70 72
71 72
71 75
71 76
72 75
72 76
75 76
75 77
76 78
77 78
