1 2
1 3
1 4
1 5
1 6
1 7
1 8
1 9
1 10
1 11
1 12
1 13
1 14
1 15
1 16
1 17
1 18
1 19
1 20
6 21
6 22
8 23
9 24
10 25
14 26
17 27
20 28
20 29
21 30
21 31
21 32
22 24
22 31
22 42
22 54
23 33
24 37
25 35
27 35
27 36
27 37
29 34
30 33
30 35
30 36
31 33
31 35
31 37
31 41
32 34
32 36
33 42
35 42
37 42
42 58
42 61
42 62
36 54
33 56
33 57
35 37
37 44
37 55
37 66
37 67
35 36
35 38
35 39
35 40
35 41
35 43
35 44
35 45
35 46
35 47
35 48
35 49
35 50
35 51
35 52
35 53
36 43
36 55
56 60
57 64
38 58
39 59
45 63
66 69
62 67
67 69
59 61
62 70
63 65
64 68
