1 2
1 3
1 4
1 5
1 6
1 7
2 6
2 8
2 20
2 40
2 42
3 57
4 57
4 63
5 8
5 21
5 25
5 60
5 69
6 57
7 8
7 9
7 25
7 29
7 60
8 9
8 10
8 11
8 12
8 13
8 14
8 15
8 16
8 17
8 18
8 19
8 20
9 20
20 21
20 29
20 53
20 57
20 59
20 60
20 70
32 40
40 45
40 57
40 62
9 42
32 42
42 45
42 48
42 50
42 51
42 53
42 57
42 59
42 60
42 62
42 63
42 65
42 66
42 70
11 57
12 57
14 57
15 57
17 57
18 57
19 57
22 57
23 57
28 57
30 57
36 57
38 57
41 57
43 57
44 57
55 57
14 63
15 63
16 63
18 63
23 63
41 63
47 63
9 21
18 21
21 22
21 23
21 24
9 25
10 25
16 25
18 25
23 25
24 25
25 26
25 27
25 28
13 60
16 60
18 60
19 60
24 60
30 60
41 60
44 60
47 60
17 69
18 69
19 69
24 69
28 69
41 69
43 69
44 69
9 24
9 30
9 31
9 44
9 55
10 29
13 29
16 29
18 29
24 29
28 29
29 30
29 31
10 30
10 44
11 58
12 59
13 59
14 32
14 46
14 51
14 58
14 62
15 32
15 50
15 51
15 53
15 59
15 65
16 50
16 59
16 66
16 67
17 32
17 56
17 59
17 66
18 53
18 56
18 59
18 65
19 51
19 53
19 58
19 59
19 70
24 48
24 61
24 66
30 59
30 61
31 61
32 44
44 46
44 51
44 53
44 58
44 59
44 61
44 65
44 66
44 67
44 70
53 55
55 58
55 61
55 70
41 58
28 59
41 59
43 59
47 59
32 33
32 34
32 35
32 36
32 37
32 38
32 39
32 41
32 43
34 46
38 46
41 46
46 47
35 51
37 51
39 51
41 51
51 52
36 62
41 62
23 50
49 50
22 53
23 53
37 53
38 53
39 53
41 53
47 53
52 53
53 54
38 65
41 65
43 66
47 66
27 67
28 56
39 56
41 56
43 56
47 56
54 56
28 70
41 70
23 64
37 64
39 64
41 64
43 64
43 48
47 48
48 49
26 61
27 61
28 61
43 61
33 45
37 45
39 68
43 68
