1 2
1 97
1 99
2 3
2 4
2 73
2 100
95 97
97 98
97 99
20 99
98 99
99 100
3 4
3 5
3 70
3 81
4 5
4 6
71 73
72 73
73 74
80 100
98 100
5 6
5 7
68 70
70 72
80 81
81 82
6 7
6 8
7 8
7 56
8 9
8 10
8 19
8 66
54 56
55 56
56 57
56 58
56 69
9 10
9 11
10 11
10 12
17 19
18 19
19 50
64 66
65 66
66 67
11 12
11 13
12 13
12 86
13 14
13 15
84 86
85 86
86 87
86 88
14 15
14 16
15 16
15 17
16 17
16 18
17 18
18 24
18 28
18 90
18 96
22 24
23 24
24 25
24 26
26 28
27 28
28 30
88 90
89 90
90 92
94 96
95 96
96 98
31 50
48 50
49 50
50 51
50 52
20 21
21 22
21 23
22 23
23 25
23 51
25 26
25 27
25 38
49 51
51 53
26 27
27 29
27 60
36 38
37 38
38 40
29 49
29 60
58 60
59 60
60 62
30 31
30 32
47 49
48 49
31 33
32 33
32 34
33 34
33 35
34 35
34 36
35 36
35 37
36 37
37 39
39 40
39 41
40 41
40 42
40 67
41 42
41 43
41 53
41 69
42 43
42 44
65 67
67 69
43 44
43 45
53 54
68 69
44 45
44 46
45 46
45 47
46 47
46 48
47 48
52 54
52 88
54 55
87 88
88 89
55 57
57 58
57 59
58 85
59 61
63 85
83 85
84 85
85 87
61 62
61 63
62 63
62 64
62 79
63 64
64 75
77 79
78 79
79 80
74 75
75 76
75 77
71 72
72 74
74 76
76 77
76 78
77 78
77 92
78 80
91 92
92 93
80 82
82 83
82 84
83 94
93 94
94 95
87 89
89 91
91 93
93 95
