1 2
1 3
1 97
1 99
1 100
2 4
2 84
2 100
3 4
3 5
95 97
96 97
97 99
98 99
99 100
12 100
98 100
4 53
4 88
69 84
82 84
84 85
84 86
5 7
5 49
5 94
53 54
53 55
87 88
88 89
88 90
6 7
7 8
7 9
20 49
26 49
47 49
48 49
49 50
49 80
41 94
93 94
94 95
6 8
6 50
8 10
8 26
12 50
48 50
9 10
9 11
9 18
9 63
9 92
10 11
10 12
10 20
24 26
25 26
26 27
26 28
26 89
11 12
11 13
16 18
18 20
61 63
62 63
63 65
46 92
91 92
92 93
12 13
12 55
12 64
19 20
13 15
13 58
13 86
54 55
55 57
62 64
64 65
14 15
15 16
15 17
40 58
56 58
57 58
58 59
58 60
85 86
86 87
14 16
16 17
17 19
17 79
19 21
69 79
77 79
78 79
79 80
21 22
21 23
22 67
22 74
23 24
23 25
23 30
65 67
67 68
67 69
72 74
74 75
74 76
24 25
25 52
28 30
29 30
30 31
30 34
52 54
52 70
27 28
27 29
27 39
28 29
87 89
89 91
29 31
37 39
38 39
39 40
39 83
31 32
31 83
32 34
33 34
34 35
32 33
33 83
81 83
82 83
33 35
35 36
35 37
36 37
36 38
36 73
37 38
38 40
71 73
72 73
73 75
40 41
41 42
42 43
42 44
43 44
43 45
43 51
44 46
44 60
44 78
45 46
45 47
51 69
51 95
46 48
59 60
60 61
76 78
77 78
78 80
47 48
48 90
90 91
80 82
68 69
69 70
93 95
54 56
68 70
70 71
70 72
56 57
57 59
59 61
59 96
61 62
76 96
65 66
66 68
66 81
81 82
71 72
75 76
75 77
85 87
91 93
