1 2
1 3
1 99
1 100
2 3
2 4
2 100
3 4
3 5
97 99
99 100
98 100
4 5
4 6
5 6
5 7
6 7
6 8
7 8
7 9
8 10
8 84
9 10
9 11
10 12
10 20
82 84
83 84
84 85
84 86
11 12
11 13
12 13
12 91
19 20
20 21
20 22
13 14
13 15
89 91
90 91
91 92
91 93
14 15
14 16
15 17
15 49
16 17
16 18
17 18
17 65
44 49
47 49
48 49
49 51
18 19
18 82
63 65
64 65
65 66
65 67
19 21
80 82
81 82
82 83
21 22
21 23
22 24
22 41
23 24
23 25
24 25
24 26
39 41
40 41
41 42
41 43
25 26
25 27
26 27
26 28
27 28
27 29
27 97
28 29
28 30
29 30
29 31
95 97
96 97
30 31
30 32
31 32
31 33
32 33
32 34
33 35
33 69
34 35
34 36
34 87
35 36
35 37
67 69
68 69
69 70
69 71
36 37
36 76
85 87
86 87
87 89
37 38
37 39
53 76
74 76
75 76
76 77
76 78
38 39
38 40
39 40
40 42
42 43
42 44
43 44
43 45
43 50
44 45
44 46
45 46
45 47
48 50
50 51
46 47
46 48
47 48
51 52
51 53
52 53
52 54
53 55
54 55
54 56
55 56
55 57
56 57
56 58
57 58
57 59
58 59
58 60
59 60
59 61
60 61
60 62
61 62
61 67
61 73
62 63
62 64
66 67
67 68
71 73
72 73
73 79
63 64
64 66
66 68
68 70
70 71
70 72
71 72
72 74
72 88
74 75
86 88
88 89
77 79
78 79
79 80
79 81
75 77
77 78
78 80
80 81
81 94
92 94
93 94
94 95
94 96
83 85
85 86
89 90
90 92
92 93
93 95
93 98
95 96
96 98
