1 2
1 3
1 100
2 3
2 87
2 100
3 4
3 5
76 100
98 100
86 87
87 88
87 89
4 6
4 53
5 6
5 7
6 7
6 8
51 53
52 53
53 55
53 71
7 8
7 9
8 9
8 90
9 11
9 41
9 54
84 90
88 90
90 92
10 11
11 12
11 48
27 41
40 41
41 42
41 84
52 54
54 56
10 13
12 13
13 14
13 43
13 57
13 58
12 14
46 48
47 48
48 49
48 50
14 16
14 17
42 43
43 44
43 45
55 57
56 57
57 59
56 58
58 60
58 81
15 16
16 17
16 18
17 18
17 19
15 63
15 85
18 63
61 63
62 63
63 64
63 65
83 85
84 85
85 86
18 20
19 20
19 21
20 21
20 52
21 23
21 64
21 68
22 23
23 24
23 25
62 64
64 66
28 68
66 68
67 68
68 69
22 24
24 25
24 26
25 26
25 27
26 27
26 28
27 29
27 98
28 30
28 98
29 30
29 31
51 98
97 98
30 31
30 32
31 32
31 33
31 99
32 33
32 34
33 34
33 35
33 86
95 99
97 99
34 35
34 36
35 36
35 37
84 86
36 37
36 40
36 75
37 38
37 39
39 40
73 75
74 75
75 76
75 77
38 39
38 49
38 78
39 78
47 49
49 50
77 78
78 79
78 80
42 44
82 84
83 84
44 45
44 46
45 46
45 47
45 71
46 47
46 89
47 96
69 71
70 71
71 72
88 89
89 91
94 96
95 96
96 97
50 51
50 72
50 92
70 72
72 73
91 92
92 93
92 94
55 56
59 60
59 93
60 61
60 62
80 81
81 82
91 93
93 94
93 95
61 62
65 66
65 67
66 67
66 79
67 69
77 79
79 80
69 70
73 97
95 97
74 76
76 77
80 82
82 83
94 95
