1 2
1 100
2 9
99 100
8 9
9 91
3 4
4 5
5 6
5 92
6 7
10 92
91 92
7 8
90 91
11 12
12 13
13 14
13 71
14 15
70 71
15 99
16 17
16 21
17 18
18 19
19 20
20 68
67 68
68 69
22 23
23 24
24 25
24 74
25 26
73 74
26 27
27 31
30 31
31 32
28 29
29 45
29 89
44 45
45 46
88 89
32 33
33 34
34 35
35 36
36 37
37 38
38 39
39 40
40 41
41 42
42 43
43 94
93 94
94 95
46 47
47 48
48 49
49 50
50 51
51 52
52 53
53 54
54 55
55 56
56 57
57 58
58 59
59 60
60 61
61 62
62 63
63 64
64 65
65 66
66 67
69 70
72 73
75 76
76 77
76 98
77 78
97 98
78 79
79 80
80 81
81 82
82 83
83 84
84 85
84 95
85 86
86 87
87 88
96 97
