1 2
1 3
1 39
1 99
1 100
2 3
2 8
2 94
3 4
3 5
3 33
38 39
39 40
39 92
59 99
80 100
91 100
98 100
6 8
7 8
8 9
30 94
93 94
94 95
94 96
4 6
4 29
4 58
4 80
5 6
5 7
31 33
32 33
33 34
33 82
33 85
6 7
27 29
28 29
29 30
29 87
56 58
57 58
58 59
58 61
75 80
79 80
80 98
7 13
7 71
11 13
12 13
13 65
71 72
71 73
9 10
9 11
10 11
10 12
10 67
11 12
11 97
12 14
26 67
65 67
66 67
67 68
67 87
69 97
97 98
14 15
14 16
53 65
63 65
64 65
15 16
15 28
15 53
16 17
16 18
27 28
51 53
52 53
53 54
53 55
17 18
17 32
17 35
17 91
18 20
18 78
30 32
31 32
32 55
34 35
35 36
35 37
89 91
91 92
19 20
20 21
20 22
20 86
76 78
77 78
78 79
78 92
19 21
21 22
21 23
22 23
22 43
84 86
86 87
23 24
23 25
24 43
41 43
42 43
43 44
43 45
43 59
24 26
25 26
25 85
26 27
79 85
83 85
84 85
87 88
31 82
31 90
51 82
81 82
88 90
89 90
90 92
55 56
34 36
36 37
36 41
36 72
37 38
37 49
40 41
41 54
41 72
70 72
72 74
38 40
47 49
49 50
49 51
40 42
92 93
42 44
52 54
54 60
44 45
44 46
45 46
45 47
57 59
59 61
46 48
46 64
47 48
47 95
48 50
48 83
62 64
63 64
64 66
95 96
50 52
50 70
75 83
81 83
57 70
68 70
69 70
60 61
60 62
56 57
61 62
62 63
62 96
96 98
66 68
68 75
73 75
74 75
75 77
73 74
74 76
74 93
76 77
77 79
79 81
88 89
