1 2
1 3
1 99
1 100
2 3
2 4
2 100
3 4
3 5
97 99
98 99
99 100
98 100
4 6
4 70
5 6
5 7
6 7
6 8
68 70
70 71
70 72
7 8
7 9
8 9
8 10
9 11
9 97
10 11
10 12
11 12
11 13
95 97
96 97
97 98
12 14
12 24
13 14
13 15
13 38
14 15
14 16
22 24
23 24
24 26
24 40
24 93
15 16
15 17
34 38
36 38
37 38
38 39
16 17
16 53
17 18
17 19
51 53
52 53
53 54
53 55
18 19
18 20
19 20
19 21
20 21
20 22
20 31
21 22
21 23
22 23
29 31
30 31
31 33
23 25
25 26
25 27
25 96
26 27
26 28
26 44
39 40
40 42
91 93
92 93
93 94
93 95
27 28
27 29
94 96
95 96
28 30
28 49
42 44
43 44
44 46
29 30
30 32
47 49
48 49
49 50
49 51
32 33
32 34
33 34
33 35
34 36
35 36
35 37
36 37
37 39
39 41
41 42
41 43
42 47
43 45
45 47
46 47
47 48
45 46
46 68
66 68
67 68
68 69
48 50
50 51
50 52
51 52
52 54
54 55
54 56
55 56
55 57
56 57
56 58
57 58
57 59
58 60
58 73
59 60
59 61
60 61
60 62
71 73
72 73
73 74
73 75
61 62
61 78
62 63
62 64
76 78
77 78
78 79
78 80
63 64
63 65
64 66
64 82
65 66
65 67
65 69
66 67
80 82
81 82
82 83
82 84
67 69
69 71
71 72
72 74
74 75
74 76
75 76
75 77
76 77
77 79
79 80
79 81
80 81
80 94
81 83
92 94
83 84
83 85
84 85
84 86
85 86
85 87
86 87
86 88
87 88
87 89
88 89
88 90
89 90
89 91
90 91
90 92
91 92
