1 2
1 3
1 99
1 100
2 3
2 4
2 100
3 4
3 86
97 99
99 100
98 100
4 5
4 6
4 61
84 86
85 86
86 87
86 88
5 7
5 87
6 7
6 8
59 61
60 61
61 63
61 74
7 8
7 9
7 22
85 87
87 88
87 89
8 9
8 10
9 10
9 11
9 33
20 22
21 22
22 23
10 11
10 26
11 12
11 13
31 33
32 33
33 34
24 26
25 26
26 27
26 28
12 13
12 14
13 14
13 15
13 79
14 15
14 16
15 16
15 17
77 79
78 79
79 80
16 17
16 18
17 18
17 19
18 19
18 20
19 21
19 72
20 21
21 23
70 72
71 72
72 73
72 74
23 24
23 25
24 25
25 27
27 28
27 29
28 30
28 42
29 30
29 31
30 32
30 35
30 98
39 42
40 42
41 42
42 43
42 44
31 32
32 34
35 36
35 37
35 95
68 98
96 98
97 98
34 36
34 43
36 37
36 46
41 43
43 44
43 76
37 38
37 39
93 95
94 95
95 97
44 46
45 46
46 47
46 48
38 39
38 40
39 41
40 41
44 45
76 77
76 78
45 47
47 48
47 49
48 49
48 50
49 50
49 51
50 52
50 63
51 52
51 53
52 53
52 54
62 63
63 64
63 65
53 54
53 55
54 55
54 56
55 56
55 57
56 57
56 65
57 58
57 59
64 65
65 66
65 67
65 75
58 59
58 60
58 83
59 60
60 62
70 83
81 83
82 83
83 85
62 64
73 74
74 75
64 66
66 67
66 68
67 68
67 69
73 75
75 77
68 69
69 70
69 71
71 73
77 78
78 80
80 81
80 82
81 82
82 84
84 85
88 89
88 90
89 90
89 91
90 91
90 92
91 92
91 93
92 93
92 94
93 94
94 96
96 97
