1 2
2 3
3 6
3 26
3 27
5 6
27 28
4 5
7 8
8 9
8 10
9 11
10 17
11 61
11 63
11 64
16 17
59 61
61 62
63 65
12 13
13 14
14 15
15 16
18 19
19 20
20 21
21 22
22 23
22 24
23 25
25 85
25 86
84 85
38 86
28 29
29 30
30 54
30 55
53 54
55 56
31 32
32 33
32 34
33 35
34 88
35 36
87 88
36 37
36 38
37 39
39 40
40 41
41 42
42 43
43 44
44 45
45 46
45 47
46 48
47 70
48 49
69 70
49 50
50 51
51 52
52 53
56 57
56 58
57 59
57 60
60 79
78 79
62 77
76 77
77 82
65 66
65 67
66 68
67 90
68 69
89 90
71 72
72 73
73 74
74 75
75 76
81 82
80 81
83 84
