1 2
1 3
1 99
1 100
2 4
2 13
2 94
3 5
3 19
97 99
98 99
99 100
70 100
4 6
4 62
6 13
12 13
13 22
13 76
8 94
19 94
92 94
93 94
94 96
5 6
5 7
19 21
6 7
6 8
6 54
6 84
6 90
60 62
61 62
62 63
62 64
62 98
7 8
7 9
7 77
8 57
52 54
53 54
54 55
82 84
84 85
88 90
90 91
9 11
9 66
75 77
77 79
57 58
57 59
11 12
11 69
11 86
52 66
64 66
65 66
66 68
10 12
10 25
12 14
24 25
25 26
25 51
25 87
59 69
68 69
69 70
86 87
86 88
14 15
14 16
15 22
20 22
74 76
76 78
76 96
15 35
15 38
16 18
16 38
16 50
33 35
34 35
35 52
35 64
36 38
37 38
38 40
38 45
17 18
18 20
18 34
21 50
48 50
49 50
50 55
17 65
63 65
64 65
65 67
20 21
20 89
32 34
33 34
34 36
21 23
21 67
21 96
30 89
87 89
88 89
23 24
23 26
55 67
67 68
74 96
85 96
95 96
96 97
96 98
24 26
24 78
26 27
26 28
78 80
51 52
51 53
27 28
27 59
28 29
28 49
28 63
59 61
29 30
29 56
48 49
49 83
61 63
63 64
30 31
30 32
30 46
52 56
56 58
31 32
31 33
32 44
32 55
44 46
46 48
46 80
43 44
44 45
44 47
53 55
36 37
52 53
64 80
37 39
39 40
39 41
40 41
40 42
43 45
45 47
45 92
41 42
41 43
42 43
42 53
43 75
47 81
91 92
73 80
79 80
79 81
81 82
81 83
58 83
71 83
58 60
60 61
97 98
68 88
70 71
70 72
71 72
71 73
72 73
72 74
72 95
73 74
73 82
74 85
85 93
91 93
