1 2
1 3
1 100
2 3
2 4
2 100
3 5
3 46
72 100
98 100
99 100
4 5
4 6
4 34
5 7
5 71
44 46
45 46
46 47
46 48
6 7
6 8
32 34
33 34
34 35
7 8
7 9
7 69
69 71
70 71
71 72
71 73
8 9
8 10
9 10
9 57
68 69
69 85
10 11
10 12
10 43
55 57
56 57
57 58
57 59
11 12
11 13
12 13
12 97
41 43
42 43
43 45
13 14
13 15
95 97
96 97
97 98
97 99
14 15
14 16
15 16
15 17
16 17
16 18
17 18
17 19
18 19
18 20
19 20
19 21
20 21
20 22
21 22
21 91
22 23
22 24
22 81
48 91
74 91
89 91
90 91
91 92
91 93
23 24
23 25
24 25
24 26
24 67
79 81
80 81
81 83
25 26
25 27
26 28
26 85
65 67
66 67
67 68
27 29
27 56
28 29
28 30
83 85
84 85
85 87
29 30
29 31
54 56
55 56
56 58
30 31
30 32
31 32
31 33
32 33
32 99
33 35
98 99
35 36
35 37
36 37
36 38
37 38
37 39
38 39
38 40
39 40
39 41
40 41
40 42
41 42
42 44
44 68
45 47
66 68
68 70
47 48
47 49
48 50
49 50
49 51
50 51
50 52
51 52
51 53
52 53
52 79
53 54
53 86
77 79
78 79
79 80
54 55
84 86
86 88
86 94
58 59
58 60
59 60
59 61
60 61
60 62
61 62
61 63
62 63
62 64
63 64
63 65
64 65
64 66
65 66
70 72
72 73
73 74
73 75
74 76
75 76
75 77
76 77
76 78
77 78
78 80
80 82
82 83
82 84
83 84
87 88
87 89
88 89
88 90
92 94
93 94
94 95
94 96
89 90
90 92
92 93
93 95
95 96
96 98
