1 2
1 3
1 4
1 5
2 3
2 5
3 4
3 5
4 58
4 71
4 81
4 101
4 115
4 116
57 58
58 75
58 76
58 77
58 81
58 97
58 98
70 71
71 72
71 73
71 76
71 81
71 102
71 103
71 108
71 115
73 81
76 81
80 81
81 115
115 116
6 7
7 8
7 12
7 15
8 9
8 10
8 11
8 12
8 13
8 14
10 11
10 13
10 14
11 13
11 14
13 14
13 25
13 26
13 27
13 34
13 55
14 16
25 26
25 27
26 27
26 33
26 35
26 36
26 38
26 39
27 33
27 34
27 35
27 36
27 37
27 38
27 39
33 34
34 38
34 40
34 52
34 54
34 55
40 55
52 55
54 55
16 17
16 18
17 21
19 20
20 38
20 44
24 38
33 38
35 38
36 38
38 40
38 41
38 44
38 45
38 46
38 47
38 48
38 49
38 50
38 51
38 52
44 46
44 47
44 49
44 50
22 23
22 24
23 42
23 43
24 45
42 43
30 45
45 65
45 66
45 68
45 84
45 86
45 90
45 92
45 93
45 99
45 100
33 40
33 41
33 46
33 51
33 52
35 36
36 39
37 56
28 29
28 30
28 31
28 32
29 40
29 41
29 52
30 31
30 32
31 32
40 41
40 46
40 48
40 51
40 52
40 53
40 54
41 46
41 48
41 51
41 52
41 53
46 52
51 52
52 54
46 47
46 49
46 50
46 51
54 65
54 86
54 91
54 92
47 49
47 50
48 53
49 50
64 65
65 66
65 67
65 68
65 69
65 77
65 82
65 83
65 84
65 85
65 86
65 87
65 88
65 89
65 91
65 92
65 104
65 110
65 111
64 66
66 68
66 69
66 109
64 68
68 69
68 111
82 84
83 84
84 85
84 100
67 86
77 86
86 87
86 88
86 89
86 90
86 91
86 92
86 93
90 92
90 93
67 92
77 92
87 92
88 92
89 92
91 92
92 93
67 91
69 91
75 91
77 91
79 91
87 91
88 91
89 91
91 95
60 75
61 75
69 75
74 75
75 76
75 77
75 95
75 96
75 97
75 98
60 76
61 76
73 76
74 76
76 77
76 80
76 96
76 97
76 98
76 102
76 103
60 77
67 77
74 77
77 87
77 88
77 89
77 97
77 98
97 98
59 60
59 61
59 62
59 63
60 62
60 70
60 72
60 74
60 94
60 96
61 62
61 63
62 63
70 72
70 73
72 73
64 67
64 69
67 87
67 88
67 89
69 79
69 95
82 83
82 85
83 85
87 88
87 89
88 89
104 105
104 106
104 107
104 108
78 79
79 107
79 112
79 113
73 80
105 108
106 108
107 108
105 107
106 107
107 112
107 113
112 113
113 117
105 106
105 114
