1 2
1 3
1 4
1 5
1 6
1 7
1 8
1 9
1 10
1 11
1 12
1 13
1 14
1 15
1 16
1 17
1 18
1 19
1 20
1 21
1 22
1 23
1 24
1 25
1 26
1 27
1 28
1 29
1 30
1 31
1 32
1 33
1 34
1 35
1 36
1 37
1 38
1 39
1 40
1 41
1 42
1 43
1 44
1 45
1 46
1 48
1 49
1 54
1 55
1 56
1 58
1 59
1 60
1 61
1 64
1 73
1 74
1 76
1 77
1 81
1 82
1 83
1 84
1 86
1 87
1 89
1 92
1 93
1 94
1 95
1 97
1 101
1 102
1 105
1 126
1 128
1 132
1 133
1 135
1 136
1 137
1 139
1 140
1 141
1 144
1 153
1 155
1 157
1 158
1 164
1 165
1 166
1 167
1 173
1 175
1 176
1 178
2 3
2 4
2 6
2 7
2 9
2 10
2 11
2 12
2 14
2 15
2 17
2 21
2 22
2 23
2 25
2 26
2 27
2 29
2 30
2 33
2 35
2 39
2 40
2 41
2 48
2 49
2 50
2 51
2 54
2 55
2 56
2 58
2 59
2 60
2 61
2 62
2 63
2 64
2 65
2 73
2 74
2 75
2 76
2 77
2 79
2 80
2 81
2 82
2 83
2 85
2 86
2 87
2 89
2 90
2 91
2 92
2 94
2 95
2 97
2 98
2 99
2 103
2 104
2 105
2 127
2 128
2 132
2 133
2 134
2 135
2 136
2 137
2 142
2 143
2 147
2 153
2 154
2 155
2 157
2 164
2 165
2 166
2 171
2 172
2 173
2 174
2 175
2 179
2 181
2 187
2 189
2 196
2 198
3 4
3 6
3 9
3 11
3 12
3 22
3 25
3 27
3 40
3 41
3 48
3 49
3 55
3 56
3 60
3 64
3 73
3 76
3 77
3 79
3 82
3 84
3 87
3 88
3 89
3 90
3 91
3 92
3 93
3 94
3 95
3 97
3 98
3 99
3 132
3 133
3 136
3 141
3 142
3 143
3 155
3 157
3 164
3 166
3 172
3 173
4 6
4 7
4 9
4 10
4 11
4 12
4 14
4 15
4 17
4 21
4 22
4 23
4 25
4 26
4 27
4 29
4 33
4 35
4 40
4 41
4 48
4 49
4 50
4 51
4 54
4 55
4 56
4 57
4 58
4 59
4 60
4 61
4 62
4 63
4 64
4 72
4 73
4 74
4 75
4 77
4 80
4 81
4 82
4 85
4 86
4 87
4 89
4 90
4 91
4 92
4 94
4 95
4 97
4 99
4 103
4 105
4 127
4 128
4 131
4 133
4 134
4 136
4 142
4 143
4 153
4 154
4 155
4 157
4 164
4 165
4 166
4 168
4 169
4 172
4 173
4 175
4 181
4 187
4 192
4 196
4 198
4 200
5 8
5 13
5 16
5 18
5 19
5 20
5 21
5 24
5 28
5 31
5 32
5 34
5 36
5 37
5 38
5 42
5 43
5 44
5 45
5 46
5 52
5 69
5 70
5 100
5 101
5 102
5 105
5 108
5 113
5 125
5 126
5 131
5 138
5 139
5 140
5 144
5 145
5 149
5 150
5 158
5 165
5 167
5 169
5 178
5 201
6 7
6 9
6 10
6 11
6 12
6 14
6 15
6 17
6 21
6 22
6 23
6 25
6 26
6 27
6 29
6 30
6 33
6 35
6 39
6 40
6 41
6 48
6 49
6 50
6 51
6 54
6 55
6 56
6 57
6 58
6 59
6 60
6 61
6 62
6 63
6 64
6 65
6 71
6 72
6 73
6 74
6 75
6 76
6 77
6 78
6 79
6 80
6 81
6 82
6 83
6 84
6 85
6 86
6 87
6 88
6 89
6 90
6 91
6 92
6 93
6 94
6 95
6 97
6 98
6 99
6 103
6 104
6 105
6 127
6 128
6 131
6 132
6 133
6 134
6 135
6 136
6 137
6 139
6 141
6 142
6 143
6 146
6 147
6 153
6 154
6 155
6 157
6 164
6 165
6 166
6 168
6 169
6 171
6 172
6 173
6 174
6 175
6 176
6 179
6 180
6 181
6 184
6 187
6 188
6 196
6 200
7 9
7 10
7 11
7 12
7 14
7 15
7 17
7 21
7 22
7 23
7 25
7 26
7 27
7 29
7 33
7 35
7 40
7 41
7 48
7 49
7 50
7 51
7 54
7 55
7 56
7 58
7 59
7 60
7 61
7 62
7 63
7 64
7 71
7 73
7 74
7 75
7 77
7 79
7 80
7 82
7 83
7 84
7 85
7 86
7 87
7 89
7 90
7 91
7 92
7 94
7 95
7 97
7 103
7 127
7 128
7 131
7 132
7 133
7 135
7 136
7 139
7 142
7 143
7 147
7 153
7 154
7 155
7 157
7 164
7 165
7 166
7 168
7 169
7 171
7 172
7 173
7 175
7 187
7 200
8 13
8 16
8 18
8 19
8 20
8 21
8 24
8 28
8 31
8 32
8 34
8 36
8 37
8 38
8 42
8 43
8 44
8 45
8 46
8 101
8 102
8 125
8 158
8 165
8 178
9 10
9 11
9 12
9 14
9 15
9 17
9 21
9 22
9 23
9 25
9 26
9 27
9 29
9 30
9 33
9 35
9 40
9 41
9 48
9 49
9 50
9 51
9 54
9 55
9 56
9 58
9 59
9 60
9 61
9 62
9 63
9 64
9 73
9 74
9 75
9 76
9 77
9 78
9 79
9 80
9 81
9 82
9 83
9 84
9 85
9 86
9 87
9 88
9 89
9 90
9 91
9 92
9 93
9 94
9 95
9 97
9 98
9 99
9 103
9 105
9 127
9 128
9 132
9 133
9 134
9 135
9 136
9 137
9 141
9 142
9 143
9 153
9 155
9 157
9 164
9 165
9 166
9 171
9 172
9 173
9 174
9 175
9 179
9 182
9 183
9 184
9 188
9 196
10 11
10 12
10 14
10 15
10 17
10 21
10 22
10 23
10 25
10 26
10 27
10 29
10 30
10 33
10 35
10 39
10 40
10 41
10 48
10 49
10 50
10 51
10 54
10 55
10 56
10 57
10 58
10 59
10 60
10 61
10 62
10 63
10 64
10 71
10 73
10 74
10 75
10 76
10 77
10 79
10 80
10 81
10 82
10 83
10 84
10 85
10 86
10 87
10 89
10 90
10 91
10 92
10 94
10 95
10 97
10 99
10 103
10 104
10 105
10 127
10 128
10 132
10 133
10 134
10 135
10 136
10 137
10 139
10 142
10 143
10 153
10 154
10 155
10 157
10 164
10 165
10 166
10 168
10 169
10 171
10 172
10 173
10 176
10 180
10 187
10 188
10 198
11 12
11 14
11 15
11 17
11 21
11 22
11 23
11 25
11 26
11 27
11 29
11 33
11 35
11 39
11 40
11 41
11 48
11 49
11 50
11 51
11 54
11 55
11 56
11 57
11 58
11 59
11 60
11 61
11 62
11 64
11 71
11 73
11 74
11 75
11 76
11 77
11 78
11 79
11 80
11 81
11 82
11 83
11 84
11 85
11 86
11 87
11 88
11 89
11 90
11 91
11 92
11 93
11 94
11 95
11 97
11 98
11 99
11 104
11 127
11 128
11 132
11 133
11 134
11 135
11 136
11 141
11 142
11 143
11 148
11 153
11 154
11 155
11 157
11 164
11 165
11 166
11 172
11 173
11 179
11 184
11 193
11 200
12 14
12 15
12 17
12 22
12 23
12 25
12 26
12 27
12 29
12 33
12 35
12 39
12 40
12 41
12 48
12 49
12 50
12 51
12 54
12 55
12 56
12 57
12 58
12 59
12 60
12 61
12 62
12 64
12 71
12 72
12 73
12 74
12 75
12 76
12 77
12 78
12 79
12 80
12 82
12 83
12 84
12 85
12 86
12 87
12 88
12 89
12 90
12 91
12 92
12 93
12 94
12 95
12 96
12 97
12 98
12 99
12 104
12 127
12 128
12 132
12 133
12 134
12 135
12 136
12 141
12 142
12 143
12 148
12 153
12 155
12 157
12 160
12 164
12 165
12 166
12 168
12 169
12 172
12 173
12 184
12 185
12 187
12 192
12 193
13 16
13 18
13 19
13 20
13 21
13 24
13 28
13 31
13 32
13 34
13 36
13 37
13 38
13 42
13 43
13 44
13 45
13 46
13 52
13 69
13 100
13 101
13 102
13 108
13 125
13 126
13 138
13 140
13 144
13 145
13 149
13 150
13 158
13 165
13 167
13 169
13 178
13 190
13 201
14 15
14 17
14 21
14 22
14 23
14 25
14 26
14 27
14 29
14 33
14 35
14 40
14 41
14 48
14 49
14 50
14 51
14 54
14 55
14 56
14 58
14 59
14 60
14 61
14 63
14 64
14 71
14 73
14 74
14 76
14 77
14 79
14 80
14 81
14 82
14 83
14 84
14 85
14 86
14 87
14 89
14 91
14 92
14 94
14 95
14 97
14 99
14 103
14 105
14 127
14 128
14 132
14 133
14 134
14 135
14 136
14 139
14 142
14 143
14 146
14 147
14 153
14 155
14 164
14 165
14 166
14 169
14 173
14 175
14 176
14 196
14 200
15 17
15 21
15 22
15 23
15 25
15 26
15 27
15 29
15 30
15 33
15 35
15 39
15 40
15 41
15 48
15 49
15 50
15 51
15 54
15 55
15 56
15 57
15 58
15 59
15 60
15 61
15 62
15 63
15 64
15 73
15 74
15 76
15 77
15 79
15 80
15 81
15 82
15 83
15 84
15 85
15 86
15 87
15 88
15 89
15 90
15 91
15 92
15 94
15 95
15 97
15 98
15 99
15 103
15 104
15 105
15 127
15 128
15 132
15 133
15 134
15 135
15 136
15 137
15 139
15 141
15 142
15 143
15 153
15 154
15 155
15 157
15 164
15 165
15 166
15 168
15 169
15 171
15 172
15 173
15 174
15 175
15 176
15 181
15 196
16 18
16 19
16 20
16 21
16 24
16 27
16 28
16 31
16 32
16 34
16 36
16 37
16 38
16 42
16 43
16 44
16 45
16 46
16 52
16 69
16 101
16 102
16 125
16 126
16 139
16 140
16 144
16 150
16 158
16 164
16 165
16 167
16 169
16 178
16 187
16 194
17 22
17 23
17 25
17 26
17 27
17 29
17 30
17 33
17 35
17 39
17 40
17 41
17 48
17 49
17 50
17 51
17 54
17 55
17 56
17 58
17 59
17 60
17 61
17 64
17 72
17 73
17 74
17 77
17 78
17 79
17 80
17 82
17 83
17 84
17 86
17 87
17 88
17 89
17 90
17 93
17 94
17 95
17 97
17 98
17 99
17 103
17 104
17 105
17 127
17 128
17 133
17 136
17 141
17 142
17 143
17 153
17 155
17 157
17 164
17 165
17 166
17 172
17 173
17 193
18 19
18 20
18 21
18 24
18 28
18 31
18 32
18 34
18 36
18 37
18 38
18 42
18 43
18 44
18 45
18 46
18 100
18 101
18 102
18 138
18 158
18 164
18 165
18 178
19 20
19 21
19 24
19 28
19 31
19 32
19 34
19 36
19 37
19 38
19 42
19 43
19 44
19 45
19 46
19 52
19 69
19 101
19 102
19 125
19 126
19 139
19 140
19 144
19 145
19 149
19 150
19 158
19 164
19 165
19 167
19 178
19 187
19 194
20 21
20 24
20 27
20 28
20 31
20 32
20 34
20 36
20 37
20 42
20 43
20 44
20 45
20 46
20 52
20 69
20 100
20 101
20 102
20 125
20 126
20 131
20 138
20 139
20 140
20 144
20 145
20 149
20 150
20 158
20 164
20 165
20 167
20 169
20 178
20 187
20 190
20 194
21 22
21 23
21 24
21 25
21 26
21 27
21 28
21 31
21 32
21 34
21 35
21 36
21 37
21 38
21 40
21 41
21 42
21 43
21 44
21 45
21 46
21 48
21 49
21 52
21 54
21 55
21 56
21 58
21 59
21 60
21 61
21 64
21 69
21 71
21 74
21 77
21 79
21 82
21 86
21 87
21 89
21 91
21 94
21 95
21 97
21 100
21 101
21 102
21 108
21 125
21 126
21 127
21 128
21 133
21 140
21 144
21 145
21 150
21 153
21 155
21 158
21 164
21 165
21 166
21 167
21 169
21 172
21 173
21 178
21 182
21 183
21 189
21 194
22 23
22 25
22 26
22 27
22 29
22 33
22 35
22 40
22 41
22 48
22 49
22 50
22 51
22 54
22 55
22 56
22 57
22 58
22 59
22 60
22 61
22 62
22 63
22 64
22 71
22 73
22 74
22 75
22 76
22 77
22 78
22 79
22 80
22 81
22 82
22 83
22 84
22 85
22 86
22 87
22 88
22 89
22 90
22 91
22 92
22 93
22 94
22 95
22 97
22 98
22 99
22 103
22 104
22 105
22 106
22 127
22 128
22 132
22 133
22 134
22 135
22 136
22 137
22 139
22 141
22 142
22 143
22 146
22 153
22 154
22 155
22 156
22 157
22 164
22 165
22 166
22 168
22 169
22 172
22 173
22 175
22 178
22 193
22 196
23 25
23 26
23 27
23 29
23 33
23 35
23 40
23 41
23 48
23 49
23 50
23 51
23 54
23 55
23 56
23 58
23 59
23 60
23 61
23 62
23 63
23 64
23 65
23 71
23 73
23 74
23 76
23 77
23 78
23 79
23 80
23 81
23 82
23 83
23 84
23 85
23 86
23 87
23 88
23 89
23 90
23 91
23 92
23 93
23 94
23 95
23 96
23 97
23 98
23 99
23 103
23 105
23 127
23 128
23 132
23 133
23 134
23 135
23 136
23 137
23 139
23 141
23 142
23 143
23 153
23 155
23 156
23 157
23 164
23 165
23 166
23 172
23 173
23 181
23 189
24 28
24 31
24 32
24 34
24 36
24 37
24 38
24 42
24 43
24 44
24 45
24 46
24 52
24 69
24 100
24 101
24 102
24 125
24 126
24 140
24 144
24 145
24 158
24 165
24 167
24 178
25 26
25 27
25 29
25 30
25 33
25 35
25 39
25 40
25 41
25 48
25 49
25 50
25 51
25 54
25 55
25 56
25 57
25 58
25 59
25 60
25 61
25 62
25 63
25 64
25 65
25 71
25 73
25 74
25 75
25 76
25 77
25 79
25 80
25 81
25 82
25 83
25 84
25 86
25 87
25 89
25 90
25 91
25 92
25 94
25 95
25 97
25 99
25 103
25 104
25 105
25 127
25 128
25 132
25 133
25 134
25 135
25 136
25 137
25 139
25 141
25 142
25 143
25 146
25 147
25 153
25 154
25 155
25 157
25 164
25 165
25 166
25 168
25 169
25 171
25 172
25 173
25 175
25 181
25 182
25 183
25 187
25 189
25 192
25 196
26 27
26 35
26 39
26 40
26 41
26 48
26 49
26 51
26 54
26 55
26 56
26 58
26 59
26 60
26 61
26 63
26 64
26 72
26 73
26 74
26 75
26 76
26 77
26 78
26 79
26 80
26 81
26 82
26 83
26 84
26 85
26 86
26 87
26 88
26 89
26 90
26 91
26 92
26 93
26 94
26 95
26 97
26 98
26 99
26 104
26 127
26 132
26 133
26 134
26 135
26 136
26 137
26 141
26 142
26 143
26 148
26 153
26 154
26 155
26 157
26 164
26 165
26 166
26 168
26 170
26 171
26 172
26 173
26 174
26 184
26 185
26 192
26 193
27 28
27 29
27 30
27 33
27 35
27 37
27 39
27 40
27 41
27 43
27 48
27 49
27 50
27 51
27 54
27 55
27 56
27 57
27 58
27 59
27 60
27 61
27 63
27 64
27 71
27 72
27 73
27 74
27 76
27 77
27 78
27 79
27 80
27 81
27 82
27 83
27 84
27 86
27 87
27 88
27 89
27 90
27 91
27 92
27 93
27 94
27 95
27 97
27 98
27 99
27 105
27 127
27 128
27 132
27 133
27 136
27 141
27 142
27 143
27 153
27 154
27 155
27 157
27 164
27 166
27 172
27 173
27 193
27 200
28 31
28 32
28 34
28 36
28 37
28 43
28 44
28 45
28 46
28 101
28 102
28 125
28 131
28 139
28 145
28 158
28 178
29 33
29 35
29 41
29 51
29 54
29 55
29 56
29 57
29 58
29 59
29 60
29 61
29 64
29 74
29 77
29 89
29 95
29 104
29 127
29 133
29 153
29 164
29 166
30 35
30 39
30 41
30 48
30 49
30 50
30 53
30 62
30 80
30 106
30 130
30 134
30 143
30 152
30 162
31 32
31 34
31 36
31 37
31 43
31 44
31 45
31 46
31 100
31 102
31 139
31 158
31 167
32 34
32 36
32 37
32 43
32 44
32 45
32 46
32 125
32 131
32 138
32 139
32 144
32 150
32 158
32 164
32 178
32 187
32 190
32 194
33 35
33 41
33 50
33 51
33 54
33 55
33 56
33 58
33 60
33 61
33 63
33 64
33 72
33 77
33 81
33 127
33 142
33 164
33 165
34 36
34 37
34 38
34 43
34 44
34 45
34 46
34 52
34 69
34 100
34 101
34 102
34 125
34 126
34 139
34 140
34 144
34 150
34 158
34 164
34 165
34 167
34 178
34 187
34 190
34 194
35 39
35 40
35 41
35 47
35 48
35 49
35 50
35 51
35 54
35 55
35 56
35 58
35 59
35 60
35 61
35 62
35 63
35 64
35 72
35 73
35 74
35 75
35 76
35 77
35 78
35 79
35 80
35 81
35 82
35 83
35 84
35 85
35 86
35 87
35 88
35 89
35 90
35 91
35 92
35 93
35 94
35 95
35 96
35 97
35 98
35 99
35 103
35 104
35 105
35 106
35 127
35 128
35 131
35 132
35 133
35 134
35 135
35 136
35 141
35 142
35 143
35 148
35 152
35 153
35 155
35 157
35 164
35 165
35 166
35 168
35 172
35 173
35 179
35 181
35 184
35 185
35 193
35 196
36 37
36 38
36 42
36 43
36 44
36 46
36 131
37 38
37 42
37 43
37 44
37 45
37 46
37 52
37 69
37 70
37 100
37 101
37 102
37 108
37 125
37 126
37 139
37 140
37 144
37 145
37 149
37 150
37 158
37 164
37 165
37 167
37 169
37 178
37 194
38 52
38 101
38 102
38 140
38 144
38 165
39 40
39 48
39 49
39 50
39 53
39 54
39 56
39 57
39 59
39 62
39 65
39 73
39 77
39 82
39 84
39 88
39 92
39 93
39 95
39 97
39 99
39 103
39 106
39 130
39 132
39 153
39 156
40 41
40 48
40 49
40 50
40 51
40 54
40 55
40 56
40 57
40 58
40 59
40 60
40 61
40 62
40 64
40 65
40 73
40 74
40 76
40 77
40 79
40 80
40 81
40 82
40 83
40 84
40 85
40 86
40 87
40 89
40 91
40 92
40 94
40 95
40 97
40 98
40 99
40 103
40 127
40 128
40 132
40 133
40 134
40 136
40 139
40 143
40 146
40 147
40 153
40 154
40 155
40 157
40 164
40 166
40 168
40 169
40 171
40 172
40 173
40 176
40 179
40 187
40 189
40 196
41 48
41 49
41 50
41 51
41 54
41 55
41 56
41 58
41 59
41 60
41 61
41 62
41 63
41 64
41 71
41 73
41 74
41 75
41 76
41 77
41 79
41 80
41 81
41 82
41 83
41 84
41 85
41 86
41 87
41 88
41 89
41 90
41 91
41 92
41 94
41 95
41 97
41 99
41 105
41 106
41 127
41 128
41 132
41 133
41 134
41 135
41 136
41 137
41 139
41 142
41 143
41 153
41 154
41 155
41 157
41 164
41 165
41 166
41 168
41 169
41 172
41 173
41 175
41 179
41 180
41 189
41 196
42 45
42 46
42 52
42 69
42 100
42 101
42 102
42 125
42 126
42 140
42 144
42 145
42 149
42 158
42 165
42 167
42 178
43 44
43 46
43 139
43 158
43 164
43 178
44 45
44 46
44 125
44 131
44 139
44 150
44 158
44 164
44 178
45 46
45 52
45 69
45 70
45 100
45 101
45 102
45 108
45 125
45 126
45 140
45 144
45 145
45 149
45 158
45 165
45 167
45 178
46 52
46 69
46 100
46 101
46 102
46 105
46 108
46 125
46 126
46 139
46 140
46 144
46 145
46 150
46 158
46 165
46 167
46 178
46 194
47 48
48 49
48 50
48 52
48 53
48 54
48 55
48 56
48 57
48 58
48 59
48 60
48 61
48 62
48 64
48 65
48 71
48 72
48 74
48 76
48 77
48 80
48 82
48 84
48 85
48 86
48 87
48 88
48 89
48 92
48 93
48 94
48 95
48 97
48 99
48 103
48 104
48 106
48 127
48 128
48 130
48 132
48 133
48 134
48 135
48 136
48 137
48 143
48 152
48 153
48 156
48 159
48 161
48 162
48 163
48 164
48 165
48 166
48 168
48 172
48 173
48 177
48 191
48 196
48 199
48 202
47 49
49 50
49 53
49 54
49 55
49 56
49 57
49 58
49 59
49 60
49 61
49 62
49 64
49 65
49 71
49 73
49 74
49 76
49 77
49 79
49 80
49 82
49 83
49 84
49 85
49 86
49 87
49 89
49 91
49 92
49 94
49 95
49 97
49 99
49 103
49 106
49 127
49 128
49 130
49 132
49 133
49 134
49 135
49 136
49 137
49 143
49 152
49 153
49 157
49 159
49 160
49 161
49 162
49 163
49 164
49 165
49 166
49 168
49 171
49 173
49 174
49 177
49 196
49 199
50 54
51 54
54 55
54 56
54 57
54 58
54 59
54 60
54 61
54 62
54 63
54 64
54 65
54 71
54 74
54 77
54 79
54 80
54 81
54 82
54 83
54 84
54 86
54 87
54 89
54 90
54 91
54 94
54 95
54 97
54 98
54 99
54 104
54 105
54 106
54 127
54 128
54 132
54 133
54 135
54 136
54 137
54 142
54 147
54 152
54 153
54 155
54 156
54 159
54 161
54 162
54 163
54 164
54 165
54 166
54 171
54 172
54 173
54 176
54 180
54 196
54 198
50 55
51 55
55 56
55 58
55 59
55 60
55 61
55 62
55 64
55 71
55 73
55 74
55 76
55 77
55 78
55 79
55 80
55 81
55 82
55 83
55 84
55 85
55 86
55 87
55 88
55 89
55 90
55 91
55 92
55 93
55 94
55 95
55 97
55 98
55 99
55 103
55 104
55 105
55 127
55 128
55 132
55 133
55 134
55 136
55 137
55 141
55 142
55 146
55 147
55 153
55 154
55 155
55 157
55 164
55 165
55 166
55 168
55 171
55 172
55 173
55 174
55 175
55 176
55 179
55 181
55 196
55 198
50 56
51 56
56 57
56 58
56 59
56 60
56 61
56 62
56 64
56 71
56 73
56 74
56 75
56 76
56 77
56 78
56 79
56 80
56 81
56 82
56 83
56 84
56 85
56 86
56 87
56 88
56 89
56 90
56 91
56 92
56 93
56 94
56 95
56 96
56 97
56 98
56 99
56 103
56 104
56 105
56 127
56 128
56 132
56 133
56 134
56 135
56 136
56 141
56 142
56 143
56 153
56 154
56 155
56 157
56 160
56 164
56 165
56 166
56 171
56 172
56 173
56 174
56 175
56 179
56 180
56 184
56 188
56 192
56 193
50 58
51 58
57 58
58 59
58 60
58 61
58 62
58 63
58 64
58 73
58 74
58 75
58 76
58 77
58 78
58 79
58 80
58 81
58 82
58 83
58 84
58 85
58 86
58 87
58 89
58 90
58 91
58 92
58 93
58 94
58 95
58 97
58 99
58 103
58 105
58 127
58 128
58 130
58 132
58 133
58 135
58 136
58 137
58 139
58 141
58 142
58 143
58 146
58 147
58 152
58 153
58 155
58 156
58 157
58 164
58 165
58 166
58 169
58 171
58 172
58 173
58 176
58 179
58 181
58 187
58 193
50 59
51 59
53 59
59 60
59 61
59 62
59 64
59 73
59 74
59 76
59 77
59 78
59 79
59 80
59 82
59 83
59 84
59 85
59 86
59 87
59 88
59 89
59 90
59 91
59 92
59 93
59 94
59 95
59 97
59 98
59 99
59 103
59 104
59 105
59 127
59 128
59 132
59 133
59 134
59 136
59 141
59 142
59 143
59 152
59 153
59 154
59 155
59 156
59 157
59 161
59 162
59 163
59 164
59 165
59 166
59 172
59 173
59 181
59 184
59 193
59 196
59 198
50 60
51 60
60 61
60 62
60 63
60 64
60 65
60 72
60 73
60 74
60 75
60 76
60 77
60 78
60 79
60 80
60 82
60 83
60 84
60 85
60 86
60 87
60 88
60 89
60 90
60 91
60 92
60 93
60 94
60 95
60 97
60 98
60 99
60 104
60 105
60 127
60 132
60 133
60 134
60 135
60 136
60 137
60 139
60 141
60 142
60 143
60 148
60 153
60 155
60 156
60 157
60 164
60 165
60 166
60 168
60 169
60 172
60 173
60 182
60 183
60 184
60 193
50 61
51 61
57 61
61 62
61 63
61 64
61 71
61 72
61 73
61 74
61 75
61 76
61 77
61 79
61 80
61 81
61 82
61 83
61 84
61 85
61 86
61 87
61 89
61 90
61 91
61 92
61 94
61 95
61 97
61 98
61 99
61 104
61 105
61 127
61 128
61 132
61 133
61 134
61 136
61 139
61 142
61 143
61 153
61 154
61 155
61 157
61 164
61 165
61 166
61 169
61 172
61 173
61 181
61 187
61 196
61 198
50 64
51 64
62 64
63 64
64 73
64 74
64 75
64 77
64 79
64 80
64 81
64 82
64 83
64 85
64 86
64 87
64 89
64 90
64 91
64 92
64 94
64 95
64 97
64 98
64 99
64 105
64 127
64 128
64 131
64 132
64 133
64 135
64 136
64 137
64 142
64 143
64 153
64 154
64 155
64 156
64 157
64 164
64 165
64 166
64 169
64 171
64 172
64 173
64 176
64 179
64 187
64 196
51 73
63 73
72 73
73 74
73 76
73 77
73 78
73 79
73 80
73 82
73 83
73 84
73 85
73 86
73 87
73 88
73 89
73 90
73 91
73 92
73 93
73 94
73 97
73 98
73 99
73 104
73 132
73 133
73 136
73 141
73 142
73 143
73 148
73 153
73 155
73 157
73 164
73 166
73 168
73 169
73 172
73 173
73 184
73 185
73 193
50 74
51 74
62 74
63 74
74 75
74 76
74 77
74 78
74 79
74 80
74 81
74 82
74 83
74 84
74 85
74 86
74 87
74 88
74 89
74 90
74 91
74 92
74 93
74 94
74 95
74 97
74 98
74 99
74 103
74 127
74 128
74 132
74 133
74 134
74 135
74 136
74 137
74 139
74 141
74 142
74 143
74 153
74 155
74 156
74 157
74 164
74 165
74 166
74 171
74 172
74 173
74 176
74 179
74 187
74 188
74 189
74 193
50 76
62 76
63 76
72 76
75 76
76 77
76 78
76 79
76 80
76 82
76 83
76 84
76 85
76 86
76 87
76 88
76 89
76 90
76 91
76 92
76 93
76 94
76 95
76 97
76 98
76 99
76 104
76 106
76 127
76 132
76 133
76 134
76 136
76 141
76 142
76 143
76 148
76 153
76 154
76 155
76 157
76 160
76 164
76 165
76 166
76 170
76 172
76 173
76 184
76 193
51 77
62 77
63 77
71 77
75 77
77 78
77 79
77 80
77 81
77 82
77 83
77 84
77 85
77 86
77 87
77 88
77 89
77 90
77 91
77 92
77 93
77 94
77 95
77 97
77 98
77 99
77 103
77 104
77 105
77 127
77 128
77 131
77 132
77 133
77 134
77 136
77 139
77 141
77 142
77 143
77 148
77 153
77 155
77 157
77 164
77 165
77 166
77 168
77 171
77 172
77 173
77 180
77 181
77 182
77 183
77 184
77 193
77 196
77 198
51 81
81 82
81 83
81 84
81 86
81 89
81 94
81 128
81 143
81 164
81 166
81 173
50 82
51 82
71 82
72 82
75 82
78 82
79 82
80 82
82 84
82 85
82 86
82 87
82 88
82 89
82 90
82 91
82 92
82 93
82 94
82 95
82 96
82 97
82 98
82 99
82 104
82 105
82 127
82 132
82 133
82 134
82 136
82 141
82 142
82 143
82 148
82 153
82 154
82 155
82 157
82 160
82 164
82 166
82 168
82 169
82 170
82 172
82 173
82 178
82 181
82 182
82 183
82 184
82 193
51 83
57 83
79 83
80 83
83 84
83 86
83 87
83 89
83 91
83 92
83 93
83 94
83 97
83 99
83 128
83 132
83 133
83 134
83 136
83 137
83 153
83 157
83 164
83 165
83 166
83 172
83 173
50 84
51 84
71 84
72 84
75 84
78 84
79 84
80 84
84 85
84 86
84 87
84 88
84 89
84 90
84 91
84 92
84 93
84 94
84 95
84 96
84 97
84 98
84 99
84 104
84 105
84 127
84 132
84 133
84 134
84 135
84 136
84 141
84 142
84 143
84 148
84 153
84 154
84 155
84 157
84 160
84 164
84 166
84 168
84 169
84 170
84 172
84 173
84 178
84 184
84 185
84 192
84 193
50 86
51 86
62 86
65 86
72 86
78 86
79 86
80 86
85 86
86 87
86 88
86 89
86 90
86 91
86 92
86 93
86 94
86 95
86 97
86 98
86 99
86 103
86 104
86 105
86 127
86 128
86 132
86 133
86 134
86 135
86 136
86 137
86 141
86 142
86 143
86 153
86 155
86 156
86 157
86 164
86 165
86 166
86 171
86 172
86 173
86 175
86 180
86 181
86 182
86 183
86 184
86 185
86 187
86 189
86 193
86 196
51 87
75 87
78 87
79 87
80 87
85 87
87 88
87 89
87 90
87 91
87 92
87 93
87 94
87 95
87 97
87 98
87 99
87 104
87 127
87 128
87 132
87 133
87 134
87 136
87 137
87 141
87 142
87 143
87 153
87 154
87 155
87 157
87 164
87 166
87 170
87 172
87 173
87 175
87 178
87 181
87 188
87 192
87 193
50 89
51 89
72 89
75 89
78 89
79 89
80 89
85 89
88 89
89 90
89 91
89 92
89 93
89 94
89 95
89 97
89 98
89 99
89 104
89 105
89 127
89 128
89 132
89 133
89 134
89 135
89 136
89 137
89 141
89 142
89 143
89 153
89 155
89 156
89 157
89 164
89 166
89 169
89 170
89 171
89 172
89 173
89 174
89 179
89 180
89 184
89 193
50 92
51 92
72 92
75 92
78 92
79 92
80 92
85 92
88 92
90 92
91 92
92 93
92 94
92 95
92 96
92 97
92 98
92 99
92 104
92 105
92 127
92 132
92 133
92 134
92 136
92 141
92 142
92 143
92 148
92 153
92 154
92 155
92 157
92 160
92 164
92 165
92 166
92 168
92 170
92 172
92 173
92 181
92 184
92 185
92 192
92 193
92 196
51 93
72 93
75 93
78 93
79 93
80 93
85 93
88 93
90 93
91 93
93 94
93 95
93 96
93 97
93 98
93 99
93 104
93 127
93 132
93 133
93 134
93 135
93 136
93 141
93 142
93 143
93 148
93 153
93 155
93 157
93 164
93 166
93 168
93 169
93 170
93 172
93 173
93 184
93 185
93 193
93 196
51 94
65 94
71 94
78 94
79 94
80 94
85 94
88 94
90 94
91 94
94 95
94 97
94 98
94 99
94 105
94 127
94 128
94 132
94 133
94 134
94 135
94 136
94 137
94 141
94 142
94 143
94 153
94 155
94 164
94 166
94 171
94 172
94 173
94 182
94 183
94 193
51 95
62 95
78 95
79 95
80 95
88 95
90 95
91 95
95 97
95 98
95 99
95 103
95 105
95 106
95 128
95 132
95 133
95 143
95 153
95 154
95 155
95 157
95 164
95 165
95 166
95 173
95 193
50 97
51 97
72 97
75 97
78 97
79 97
80 97
85 97
88 97
90 97
91 97
97 98
97 99
97 104
97 105
97 127
97 128
97 132
97 133
97 134
97 135
97 136
97 137
97 141
97 142
97 143
97 153
97 155
97 157
97 160
97 164
97 166
97 168
97 169
97 171
97 172
97 173
97 174
97 178
97 179
97 182
97 183
97 184
97 185
97 193
97 196
52 101
69 101
100 101
101 102
101 108
101 113
101 125
101 126
101 140
101 144
101 145
101 149
101 150
101 158
101 165
101 167
101 178
52 102
69 102
100 102
102 105
102 108
102 125
102 126
102 140
102 144
102 145
102 149
102 150
102 158
102 165
102 167
102 178
88 105
98 105
105 132
105 133
105 153
105 165
105 166
105 178
52 126
68 126
69 126
100 126
108 126
125 126
126 140
126 144
126 145
126 150
126 158
126 165
126 167
126 178
51 128
71 128
99 128
127 128
128 133
128 136
128 142
128 155
128 164
128 166
128 173
72 132
78 132
79 132
80 132
85 132
88 132
90 132
91 132
98 132
99 132
104 132
127 132
132 133
132 134
132 136
132 141
132 142
132 143
132 148
132 153
132 154
132 155
132 156
132 157
132 164
132 166
132 170
132 171
132 172
132 173
132 174
132 184
132 192
132 193
50 133
51 133
62 133
78 133
79 133
80 133
85 133
88 133
90 133
91 133
98 133
99 133
103 133
104 133
127 133
133 134
133 136
133 141
133 142
133 143
133 153
133 155
133 157
133 164
133 165
133 166
133 168
133 169
133 172
133 173
133 175
133 179
133 182
133 183
133 196
50 135
106 135
130 135
135 153
135 156
135 164
135 166
135 196
135 199
51 136
62 136
79 136
80 136
88 136
90 136
91 136
98 136
99 136
127 136
134 136
136 141
136 142
136 143
136 153
136 155
136 157
136 164
136 165
136 166
136 172
136 173
65 137
137 164
137 166
139 140
139 153
139 164
139 165
139 166
52 140
69 140
100 140
108 140
125 140
140 144
140 145
140 149
140 158
140 165
140 167
140 178
72 141
78 141
79 141
80 141
85 141
88 141
90 141
91 141
98 141
99 141
104 141
127 141
134 141
141 142
141 143
141 153
141 155
141 157
141 164
141 166
141 172
141 173
141 184
141 185
141 192
141 193
52 144
69 144
100 144
108 144
125 144
144 145
144 149
144 158
144 165
144 167
144 178
50 153
51 153
53 153
62 153
72 153
75 153
78 153
79 153
80 153
85 153
88 153
90 153
91 153
98 153
99 153
104 153
106 153
127 153
130 153
134 153
142 153
143 153
148 153
153 154
153 155
153 156
153 157
153 162
153 164
153 165
153 166
153 168
153 169
153 170
153 172
153 173
153 179
153 181
153 184
153 193
51 155
71 155
78 155
79 155
80 155
85 155
88 155
90 155
91 155
98 155
99 155
127 155
134 155
142 155
143 155
154 155
155 157
155 164
155 166
155 172
155 173
155 193
155 196
51 157
72 157
78 157
79 157
80 157
85 157
88 157
90 157
91 157
98 157
99 157
104 157
127 157
134 157
142 157
143 157
157 164
157 166
157 170
157 172
157 173
157 178
157 181
157 184
157 185
157 193
52 158
69 158
100 158
108 158
125 158
145 158
150 158
158 164
158 165
158 167
158 178
158 187
158 190
158 194
51 164
62 164
71 164
75 164
78 164
79 164
80 164
85 164
88 164
90 164
91 164
98 164
99 164
103 164
104 164
127 164
134 164
142 164
143 164
156 164
164 165
164 166
164 168
164 172
164 173
164 175
164 176
164 192
164 193
164 196
50 165
52 165
62 165
69 165
70 165
85 165
90 165
100 165
103 165
108 165
113 165
125 165
130 165
134 165
142 165
145 165
149 165
150 165
165 166
165 167
165 178
51 166
62 166
71 166
75 166
78 166
79 166
80 166
85 166
88 166
90 166
91 166
99 166
127 166
131 166
134 166
142 166
143 166
154 166
166 168
166 172
166 173
166 175
166 176
166 180
166 182
166 183
166 187
166 189
166 192
166 193
52 167
69 167
100 167
108 167
125 167
145 167
149 167
167 178
50 173
51 173
62 173
71 173
75 173
78 173
79 173
80 173
85 173
88 173
90 173
91 173
98 173
99 173
103 173
127 173
134 173
142 173
172 173
173 175
85 175
103 175
52 178
79 178
88 178
90 178
98 178
99 178
100 178
125 178
145 178
149 178
150 178
178 194
50 51
50 52
50 53
50 57
50 62
50 80
50 85
50 99
50 103
50 106
50 130
50 134
50 143
50 152
50 159
50 160
50 162
51 57
51 63
51 78
51 79
51 85
51 88
51 90
51 91
51 99
51 143
51 172
51 181
51 192
57 62
62 72
62 85
62 103
62 106
62 130
62 143
62 152
62 159
62 160
62 168
62 172
75 90
75 91
75 98
75 99
75 142
75 143
72 79
78 79
79 80
79 85
79 88
79 90
79 91
79 96
79 98
79 99
79 104
79 127
79 134
79 142
79 143
79 168
79 169
79 170
79 172
79 184
79 185
79 193
79 196
53 80
72 80
78 80
80 85
80 88
80 90
80 91
80 98
80 99
80 103
80 104
80 127
80 130
80 134
80 142
80 143
80 148
80 152
80 154
80 162
80 172
80 184
80 185
80 193
78 85
85 88
85 90
85 91
85 98
85 99
85 103
85 127
85 130
85 134
85 142
85 172
72 90
78 90
88 90
90 91
90 96
90 98
90 99
90 104
90 127
90 134
90 142
90 143
90 170
90 172
90 184
90 185
90 193
78 91
88 91
91 98
91 99
91 134
91 142
91 143
91 148
91 172
91 184
91 193
72 98
78 98
88 98
96 98
98 99
98 127
98 134
98 142
98 143
98 168
98 169
98 172
98 184
98 193
98 196
72 99
78 99
88 99
96 99
99 104
99 127
99 134
99 142
99 143
99 160
99 168
99 169
99 170
99 172
99 184
99 185
99 193
103 106
103 130
103 143
103 163
72 104
78 104
88 104
104 184
104 185
78 127
127 142
127 172
53 134
88 134
130 134
134 142
134 143
134 152
134 162
134 168
134 172
72 142
78 142
88 142
142 143
142 154
142 168
142 172
142 184
142 193
53 143
78 143
88 143
106 143
130 143
143 148
143 152
143 154
143 162
143 172
143 193
72 172
78 172
88 172
172 184
172 193
106 196
130 196
196 199
72 88
78 88
88 96
88 170
88 184
88 185
88 192
88 193
72 78
72 168
72 169
72 184
72 185
168 169
168 184
169 184
52 66
52 67
52 68
52 69
52 70
52 100
52 107
52 108
52 109
52 110
52 111
52 112
52 113
52 114
52 115
52 116
52 117
52 118
52 119
52 120
52 121
52 122
52 123
52 124
52 125
52 129
52 145
52 149
52 151
52 186
52 195
52 197
66 69
67 69
68 69
69 70
69 100
69 107
69 108
69 109
69 110
69 111
69 112
69 113
69 114
69 115
69 116
69 117
69 118
69 119
69 120
69 121
69 122
69 123
69 124
69 125
69 129
69 145
69 186
69 197
66 70
67 70
68 70
70 107
70 108
70 109
70 110
70 111
70 112
70 113
70 114
70 115
70 116
70 117
70 119
70 121
70 122
70 123
70 124
70 129
100 108
100 125
100 145
67 108
68 108
107 108
108 109
108 110
108 111
108 112
108 113
108 114
108 115
108 116
108 117
108 119
108 120
108 121
108 122
108 123
108 124
108 125
108 145
108 186
108 195
67 113
68 113
107 113
109 113
111 113
112 113
113 114
113 115
113 116
113 117
113 118
113 119
113 120
113 121
113 122
113 123
113 124
113 129
78 170
78 184
78 185
78 193
184 185
182 183
148 193
106 160
152 160
47 106
106 130
106 152
106 159
106 163
106 199
53 130
53 152
53 162
130 152
130 162
130 163
130 191
130 199
130 202
47 152
152 162
161 162
162 163
161 163
66 67
66 68
67 68
67 107
67 109
67 110
67 111
67 112
67 114
67 115
67 116
67 117
67 118
67 119
67 120
67 121
67 122
67 123
67 124
67 129
67 151
67 186
67 195
67 197
68 107
68 109
68 112
68 114
68 115
68 116
68 117
68 119
68 121
68 122
68 123
68 124
107 109
107 110
107 111
107 112
107 114
107 116
107 117
107 118
107 119
107 120
107 123
107 124
109 110
109 111
109 112
109 114
109 115
109 116
109 117
109 118
109 119
109 120
109 121
109 122
109 123
109 124
109 129
109 151
109 186
109 195
110 111
110 112
110 114
110 116
110 119
110 123
110 124
111 112
111 116
111 117
111 118
111 119
111 120
111 121
111 122
111 123
111 124
112 114
112 115
112 116
112 117
112 118
112 119
112 121
112 122
112 123
112 124
114 115
114 116
114 117
114 119
114 121
114 123
114 124
114 129
115 116
115 117
115 119
115 121
115 123
115 124
115 129
115 195
116 117
116 118
116 119
116 120
116 121
116 122
116 123
116 124
116 129
117 118
117 119
117 120
117 121
117 122
117 123
117 124
117 129
118 119
118 120
118 121
118 123
118 124
118 151
119 120
119 121
119 122
119 123
119 124
120 122
120 123
120 124
121 122
121 123
121 124
121 129
122 123
122 124
122 129
123 124
129 195
186 195
