1 2
1 3
1 148
1 181
2 62
2 63
2 65
2 148
2 181
3 148
3 168
3 169
3 180
3 181
65 148
148 168
148 180
148 181
180 181
62 63
62 64
62 65
62 66
63 64
63 66
63 217
64 65
168 169
168 170
169 170
169 180
169 218
169 281
4 5
4 6
4 7
4 8
4 182
4 183
4 184
5 6
5 7
5 8
5 9
5 10
5 11
6 7
6 8
6 69
6 182
6 183
6 234
7 8
7 9
7 10
7 11
8 9
8 183
182 183
182 184
68 184
69 184
184 261
9 10
9 11
9 76
9 211
10 11
10 195
10 211
11 193
11 211
67 69
68 69
69 70
69 71
69 234
69 261
70 234
71 234
72 234
74 234
75 234
76 234
72 76
73 76
74 76
75 76
76 77
76 78
76 241
81 211
172 211
194 211
195 211
156 195
193 195
194 195
156 193
193 194
12 13
12 14
12 17
12 18
12 20
12 21
12 162
12 164
13 14
13 15
13 16
13 17
13 18
14 16
14 17
14 19
14 20
14 21
17 18
17 21
15 18
18 93
18 163
18 197
19 20
20 21
20 22
19 21
21 22
112 162
153 162
154 162
161 162
162 164
162 253
162 287
153 164
161 164
163 164
164 197
164 284
15 16
15 93
15 95
15 97
15 98
15 131
15 132
16 98
16 131
16 132
16 133
16 138
16 139
16 141
19 22
19 146
93 94
93 95
93 96
93 97
93 98
93 240
94 95
95 96
95 97
95 98
95 202
96 97
97 98
97 131
97 132
98 131
98 132
131 132
131 133
131 139
132 139
133 138
133 139
133 140
133 141
138 139
138 140
138 141
139 141
140 141
153 163
161 163
163 197
22 209
143 146
144 146
146 147
146 204
146 206
146 287
208 209
23 24
24 248
106 248
25 26
25 27
25 28
25 29
25 30
25 31
25 32
26 27
26 30
26 257
27 28
27 157
27 158
28 29
28 31
28 157
29 31
29 110
29 160
29 203
30 32
30 39
30 257
31 205
31 243
31 244
32 38
32 39
32 122
198 257
201 257
202 257
155 157
156 157
157 158
157 160
155 158
156 158
107 110
108 110
110 160
110 203
110 204
110 253
107 160
155 160
203 204
203 205
203 206
39 122
205 206
205 244
205 259
38 243
102 243
103 243
242 243
243 244
102 244
242 244
244 259
38 100
38 102
38 103
38 119
120 122
121 122
122 123
33 34
33 35
33 36
33 37
33 58
34 79
34 81
34 82
34 83
34 172
34 173
35 36
35 82
35 83
35 99
35 100
35 102
35 173
36 37
36 57
36 58
36 61
36 250
37 57
37 58
57 58
58 250
79 80
79 81
79 82
79 83
79 84
79 85
79 172
80 81
81 83
81 85
81 172
81 194
81 273
82 83
82 100
82 173
83 173
80 172
172 273
102 173
99 100
99 101
99 102
99 103
100 101
100 102
100 103
101 102
102 103
57 59
57 60
57 61
61 249
61 250
101 103
113 119
114 119
115 119
116 119
117 119
118 119
40 41
40 42
40 43
40 44
40 56
41 42
41 43
41 44
41 54
41 55
41 56
42 43
42 54
42 55
42 56
42 86
43 44
43 64
43 129
44 54
44 124
44 126
44 129
55 56
56 86
56 87
56 88
56 136
54 127
54 233
50 55
55 86
55 87
55 88
55 135
55 136
86 87
86 88
64 66
64 215
64 217
124 129
129 254
129 256
129 262
124 125
124 126
124 127
124 128
124 130
124 192
125 126
126 127
126 128
126 130
126 191
126 192
126 254
45 46
45 47
45 48
45 212
46 47
46 48
46 49
46 174
47 48
47 225
48 212
212 213
212 214
49 174
49 175
49 176
49 178
49 179
49 213
49 290
167 174
174 175
174 176
174 177
174 210
174 282
222 225
175 176
175 177
175 178
175 179
167 176
176 177
176 179
176 210
176 282
178 179
178 290
177 179
179 213
179 290
213 214
213 290
214 290
50 51
50 52
50 53
50 92
50 135
51 52
51 53
51 134
52 53
52 89
52 92
53 134
89 92
91 92
92 135
92 171
92 264
92 266
87 135
134 135
135 264
135 266
87 134
134 136
134 165
134 264
134 266
134 269
134 271
89 90
89 91
127 130
127 191
127 233
87 88
87 136
87 137
87 165
136 137
136 165
136 166
136 167
59 60
59 186
59 187
60 125
60 186
60 187
60 192
60 288
185 186
186 187
186 188
186 190
187 188
187 189
125 128
125 130
125 191
125 192
128 192
130 192
191 192
192 254
142 288
189 288
249 288
249 258
66 215
66 216
66 217
215 217
216 217
217 228
215 216
215 228
215 229
216 227
216 228
216 229
67 68
67 70
67 71
67 72
68 70
68 261
70 71
70 72
70 74
72 74
72 75
73 74
74 75
74 77
73 75
75 77
73 77
73 78
73 241
77 78
77 115
77 241
78 113
78 114
78 115
78 241
114 241
115 241
113 115
114 115
113 114
113 116
113 117
113 118
114 117
80 84
80 85
80 273
84 185
84 188
84 190
84 252
85 105
85 159
85 247
85 273
156 194
185 188
185 252
188 190
188 252
188 275
188 276
190 252
190 274
190 275
190 276
252 275
252 276
104 105
105 107
105 109
105 155
105 159
105 247
155 159
106 247
137 165
137 166
137 167
137 282
165 166
165 167
165 271
91 171
171 264
171 265
264 265
264 266
266 269
266 270
266 271
266 272
94 96
94 202
94 237
94 240
96 240
111 240
200 240
236 240
237 240
198 202
199 202
200 202
201 202
199 237
200 237
236 237
237 260
104 106
104 107
104 108
104 109
104 111
107 108
107 109
107 155
108 109
108 111
108 112
109 200
109 260
111 112
111 236
111 238
111 239
155 156
112 161
112 253
198 200
199 200
200 260
236 260
144 204
204 206
204 253
204 287
236 238
236 239
238 239
151 161
153 161
154 161
116 117
116 118
116 120
116 121
116 123
117 118
117 123
118 120
118 121
118 123
120 121
120 123
121 123
128 254
128 255
128 256
130 191
254 255
254 256
255 256
255 262
255 263
255 278
255 289
256 262
256 263
262 263
262 278
140 245
140 267
268 269
269 271
269 272
224 271
246 271
268 271
270 271
271 272
166 167
166 210
166 282
167 210
167 282
210 282
242 245
245 267
142 143
142 144
142 145
142 189
142 258
142 289
143 144
143 145
143 147
144 206
144 258
144 259
145 218
145 289
189 289
258 259
147 218
147 220
147 279
147 280
147 287
206 259
206 286
259 286
218 219
218 220
218 221
279 287
220 221
220 279
220 280
220 281
154 279
279 283
280 281
280 283
149 150
149 151
149 152
149 153
149 154
150 151
150 152
150 196
151 152
151 196
151 251
151 291
152 196
153 154
153 284
154 283
154 284
154 285
196 251
196 277
196 291
251 274
251 276
251 277
251 291
274 291
277 291
283 284
284 285
283 285
177 210
208 210
170 281
274 275
275 276
275 277
274 276
276 277
274 277
198 199
198 201
199 201
207 286
208 286
207 208
227 228
228 229
228 230
228 232
221 229
227 229
229 230
229 232
219 227
221 227
227 230
227 231
227 232
219 221
219 231
219 278
221 231
221 232
230 231
231 232
263 278
230 232
222 223
222 224
222 226
223 224
223 226
223 235
223 246
223 270
224 226
224 235
224 246
224 268
226 235
226 246
235 246
246 268
246 270
268 270
270 272
268 272
