1 2
1 3
1 4
1 5
1 6
1 7
1 8
1 9
1 10
1 11
1 12
1 13
1 14
1 15
1 16
1 17
1 18
1 19
1 20
1 21
1 22
1 23
1 24
1 25
1 26
1 27
1 28
1 29
1 30
1 31
1 32
1 33
1 34
1 35
1 36
1 37
1 38
1 39
1 40
1 41
1 42
1 43
1 44
1 45
1 46
1 47
1 48
1 49
1 50
2 51
2 53
2 56
2 57
2 58
2 59
3 10
3 12
3 14
3 15
3 16
3 17
3 18
3 19
3 20
3 21
3 22
3 24
3 25
3 26
3 27
3 28
3 29
3 30
3 31
3 32
3 33
3 34
3 35
3 36
3 37
3 40
3 45
3 60
3 61
3 62
3 63
4 66
4 67
4 68
4 69
4 70
4 71
4 72
4 73
4 74
4 75
4 76
4 77
4 78
4 79
4 80
4 81
4 82
4 83
4 84
4 85
4 86
4 87
4 88
4 89
4 90
4 91
4 92
4 93
4 94
4 95
4 96
4 97
4 98
4 99
4 100
4 101
4 102
4 103
4 104
4 144
4 157
4 158
4 159
4 160
4 161
4 162
4 163
4 164
4 165
5 104
5 105
5 106
5 107
5 108
5 109
5 110
5 111
5 112
5 113
5 114
5 115
5 116
5 117
5 118
5 119
5 120
5 121
5 122
5 123
5 124
5 125
5 126
5 127
5 128
5 129
5 130
5 131
5 132
5 133
5 134
5 135
5 136
5 137
5 138
5 139
5 140
5 141
5 142
5 143
5 145
5 147
5 148
5 149
5 150
5 151
5 152
5 153
5 154
5 155
6 7
6 8
6 9
6 10
6 14
6 15
6 16
6 17
6 19
6 21
6 22
6 23
6 24
6 25
6 26
6 28
6 29
6 30
6 33
6 34
6 35
6 36
6 37
6 38
6 39
6 40
6 50
6 60
6 63
6 66
6 105
6 144
6 145
6 167
6 168
6 169
6 170
6 171
6 172
6 173
6 174
6 175
6 176
6 177
6 178
6 179
6 180
7 10
7 15
7 16
7 17
7 19
7 20
7 21
7 22
7 23
7 25
7 26
7 27
7 28
7 29
7 30
7 33
7 34
7 35
7 36
7 37
7 38
7 39
7 40
7 50
7 60
7 63
7 67
7 106
7 167
7 168
7 169
7 173
7 174
7 175
7 176
7 177
7 178
7 179
7 180
7 181
7 182
8 10
8 15
8 16
8 20
8 21
8 22
8 23
8 25
8 26
8 27
8 28
8 29
8 30
8 33
8 34
8 35
8 36
8 37
8 38
8 39
8 40
8 50
8 60
8 63
8 68
8 107
8 167
8 168
8 169
8 172
8 173
8 174
8 175
8 176
8 177
8 178
8 179
8 180
8 181
8 182
9 10
9 15
9 16
9 17
9 19
9 20
9 21
9 22
9 23
9 25
9 26
9 27
9 28
9 29
9 30
9 32
9 33
9 34
9 35
9 36
9 37
9 38
9 39
9 40
9 50
9 60
9 63
9 69
9 108
9 167
9 168
9 169
9 173
9 174
9 175
9 176
9 177
9 178
9 179
9 180
9 181
9 182
10 11
10 13
10 14
10 15
10 16
10 17
10 18
10 19
10 20
10 21
10 22
10 23
10 24
10 25
10 26
10 27
10 28
10 29
10 30
10 31
10 32
10 33
10 34
10 35
10 36
10 37
10 38
10 39
10 40
10 43
10 44
10 47
10 48
10 49
10 50
10 59
10 60
10 61
10 62
10 63
10 77
10 116
10 167
10 168
10 169
10 170
10 173
10 174
10 175
10 176
10 177
10 178
10 179
10 180
10 184
10 185
10 186
10 187
10 189
10 191
10 193
10 195
10 197
10 198
10 199
10 200
11 14
11 15
11 16
11 17
11 18
11 19
11 20
11 21
11 22
11 23
11 24
11 25
11 26
11 27
11 28
11 29
11 30
11 31
11 32
11 33
11 34
11 35
11 36
11 37
11 38
11 39
11 40
11 60
11 61
11 63
11 78
11 117
11 167
11 168
11 169
11 170
11 184
11 189
11 191
11 193
11 195
11 197
11 198
11 200
11 201
12 14
12 15
12 16
12 17
12 18
12 19
12 20
12 21
12 22
12 24
12 25
12 26
12 27
12 28
12 29
12 30
12 31
12 32
12 33
12 35
12 38
12 50
12 60
12 61
12 62
12 79
12 118
12 169
12 175
12 176
12 177
12 178
12 179
12 180
12 184
12 185
12 186
12 187
12 189
12 191
12 193
12 195
12 197
12 198
12 200
13 15
13 16
13 17
13 19
13 20
13 21
13 22
13 23
13 25
13 26
13 27
13 28
13 29
13 30
13 32
13 33
13 34
13 35
13 36
13 37
13 38
13 39
13 40
13 50
13 60
13 63
13 70
13 109
13 167
13 168
13 169
13 173
13 174
13 175
13 176
13 177
13 178
13 179
13 180
13 181
13 182
14 15
14 16
14 17
14 18
14 19
14 20
14 21
14 22
14 23
14 24
14 25
14 26
14 28
14 29
14 30
14 31
14 32
14 33
14 34
14 35
14 36
14 37
14 38
14 39
14 40
14 50
14 60
14 61
14 63
14 81
14 120
14 167
14 168
14 169
14 170
14 173
14 174
14 175
14 176
14 177
14 178
14 179
14 180
14 202
14 203
14 204
14 205
14 206
14 207
15 16
15 17
15 18
15 19
15 20
15 21
15 22
15 23
15 24
15 25
15 26
15 27
15 28
15 29
15 30
15 31
15 32
15 33
15 34
15 35
15 36
15 37
15 38
15 39
15 40
15 43
15 44
15 47
15 48
15 49
15 50
15 59
15 60
15 61
15 62
15 63
15 82
15 121
15 167
15 168
15 169
15 170
15 173
15 174
15 175
15 176
15 177
15 178
15 179
15 180
15 184
15 185
15 186
15 187
15 189
15 190
15 191
15 193
15 195
15 197
15 198
15 200
15 202
15 203
15 206
15 207
16 17
16 18
16 19
16 20
16 21
16 22
16 23
16 24
16 25
16 26
16 27
16 28
16 29
16 30
16 31
16 32
16 33
16 34
16 35
16 36
16 37
16 38
16 39
16 40
16 43
16 44
16 47
16 48
16 50
16 60
16 61
16 62
16 63
16 84
16 123
16 167
16 168
16 169
16 170
16 173
16 174
16 175
16 176
16 177
16 179
16 180
16 184
16 185
16 186
16 187
16 191
16 197
16 198
16 200
16 202
16 203
16 206
16 207
17 18
17 19
17 20
17 21
17 22
17 23
17 24
17 25
17 26
17 27
17 28
17 29
17 30
17 31
17 32
17 33
17 34
17 35
17 36
17 37
17 38
17 39
17 40
17 50
17 60
17 61
17 62
17 63
17 85
17 124
17 167
17 168
17 169
17 173
17 174
17 176
17 177
17 178
17 179
17 180
17 184
17 185
17 186
17 187
17 189
17 191
17 193
17 195
17 197
17 198
17 200
17 202
17 203
17 206
18 19
18 20
18 21
18 22
18 24
18 25
18 26
18 27
18 28
18 29
18 30
18 31
18 32
18 33
18 34
18 35
18 36
18 37
18 38
18 39
18 40
18 43
18 44
18 47
18 48
18 49
18 50
18 56
18 60
18 61
18 62
18 63
18 86
18 125
18 167
18 168
18 169
18 173
18 174
18 175
18 180
18 185
18 186
18 187
18 188
18 196
18 202
18 203
18 206
18 207
19 20
19 21
19 22
19 23
19 24
19 25
19 26
19 27
19 28
19 29
19 30
19 31
19 32
19 33
19 34
19 35
19 36
19 37
19 38
19 39
19 40
19 50
19 60
19 61
19 62
19 63
19 87
19 126
19 167
19 168
19 169
19 170
19 173
19 174
19 175
19 176
19 177
19 178
19 179
19 180
19 184
19 185
19 186
19 187
19 189
19 191
19 193
19 195
19 197
19 198
19 200
19 202
19 203
19 206
19 207
20 21
20 22
20 23
20 24
20 25
20 26
20 27
20 28
20 29
20 30
20 31
20 32
20 33
20 34
20 35
20 36
20 37
20 39
20 40
20 43
20 44
20 47
20 48
20 49
20 50
20 60
20 61
20 62
20 63
20 88
20 127
20 167
20 169
20 170
20 173
20 174
20 175
20 176
20 177
20 178
20 179
20 180
20 184
20 185
20 186
20 187
20 189
20 191
20 192
20 193
20 194
20 195
20 197
20 198
20 200
20 202
20 203
20 206
20 207
21 22
21 23
21 24
21 25
21 26
21 27
21 28
21 29
21 30
21 31
21 32
21 33
21 34
21 35
21 36
21 37
21 38
21 39
21 40
21 43
21 44
21 47
21 48
21 49
21 50
21 60
21 61
21 62
21 63
21 89
21 128
21 167
21 168
21 169
21 170
21 173
21 174
21 175
21 176
21 177
21 178
21 179
21 180
21 184
21 185
21 186
21 187
21 189
21 191
21 193
21 195
21 197
21 198
21 200
21 202
21 203
21 206
21 207
22 23
22 24
22 25
22 26
22 27
22 28
22 29
22 30
22 31
22 32
22 33
22 34
22 35
22 36
22 37
22 38
22 39
22 40
22 43
22 44
22 47
22 48
22 49
22 50
22 60
22 61
22 62
22 63
22 90
22 129
22 167
22 168
22 169
22 170
22 173
22 174
22 175
22 176
22 177
22 178
22 179
22 180
22 183
22 184
22 185
22 186
22 187
22 188
22 189
22 190
22 191
22 192
22 193
22 194
22 195
22 197
22 198
22 200
22 202
22 203
22 204
22 205
22 206
22 207
23 24
23 25
23 26
23 28
23 29
23 30
23 31
23 33
23 34
23 35
23 36
23 37
23 38
23 39
23 40
23 50
23 60
23 62
23 63
23 91
23 130
23 167
23 168
23 169
23 170
23 173
23 185
23 202
23 203
23 204
23 205
23 206
23 207
24 25
24 26
24 27
24 28
24 29
24 30
24 31
24 32
24 33
24 34
24 35
24 36
24 37
24 38
24 39
24 40
24 43
24 44
24 47
24 48
24 49
24 50
24 60
24 61
24 62
24 63
24 92
24 131
24 167
24 168
24 169
24 170
24 173
24 174
24 175
24 176
24 178
24 179
24 180
24 184
24 185
24 186
24 187
24 189
24 191
24 192
24 193
24 194
24 195
24 197
24 198
24 200
24 202
25 26
25 27
25 28
25 29
25 30
25 31
25 32
25 33
25 34
25 35
25 36
25 37
25 38
25 39
25 40
25 50
25 60
25 61
25 62
25 63
25 94
25 133
25 167
25 168
25 169
25 170
25 173
25 174
25 175
25 176
25 177
25 178
25 179
25 180
25 184
25 185
25 186
25 187
25 188
25 189
25 191
25 193
25 195
25 197
25 198
25 200
25 202
25 205
25 206
25 207
26 27
26 28
26 29
26 30
26 31
26 32
26 33
26 34
26 35
26 36
26 37
26 38
26 39
26 40
26 43
26 44
26 47
26 48
26 49
26 50
26 56
26 60
26 61
26 62
26 63
26 95
26 134
26 167
26 168
26 169
26 170
26 173
26 174
26 175
26 176
26 177
26 178
26 179
26 180
26 183
26 184
26 185
26 186
26 187
26 188
26 189
26 190
26 191
26 192
26 193
26 195
26 196
26 197
26 198
26 200
26 202
26 203
26 206
27 28
27 29
27 30
27 31
27 32
27 33
27 34
27 35
27 36
27 37
27 38
27 39
27 40
27 56
27 60
27 61
27 62
27 63
27 96
27 135
27 167
27 168
27 169
27 170
27 183
27 184
27 185
27 186
27 188
27 189
27 190
27 191
27 192
27 193
27 195
27 196
27 197
27 198
27 200
27 202
27 203
27 206
28 29
28 30
28 31
28 32
28 33
28 34
28 35
28 36
28 37
28 38
28 39
28 40
28 43
28 44
28 47
28 48
28 50
28 56
28 58
28 60
28 61
28 62
28 63
28 98
28 137
28 167
28 168
28 169
28 170
28 173
28 174
28 175
28 176
28 177
28 178
28 179
28 180
28 183
28 184
28 185
28 186
28 187
28 188
28 189
28 190
28 191
28 192
28 193
28 194
28 195
28 196
28 197
28 198
28 200
28 202
28 203
28 206
29 30
29 31
29 32
29 33
29 34
29 35
29 36
29 37
29 38
29 39
29 40
29 50
29 56
29 58
29 60
29 61
29 62
29 63
29 99
29 138
29 167
29 168
29 169
29 170
29 173
29 174
29 175
29 176
29 177
29 178
29 179
29 180
29 183
29 184
29 185
29 186
29 187
29 188
29 189
29 190
29 191
29 192
29 193
29 195
29 196
29 197
29 198
29 200
29 202
29 203
29 206
30 31
30 32
30 33
30 34
30 35
30 36
30 37
30 38
30 39
30 40
30 50
30 56
30 60
30 61
30 62
30 63
30 100
30 139
30 167
30 168
30 169
30 170
30 173
30 174
30 175
30 176
30 177
30 178
30 179
30 180
30 183
30 184
30 185
30 186
30 187
30 188
30 189
30 190
30 191
30 192
30 193
30 194
30 195
30 196
30 197
30 198
30 200
30 202
30 203
30 206
31 32
31 33
31 34
31 35
31 36
31 37
31 38
31 39
31 40
31 50
31 56
31 60
31 61
31 62
31 63
31 101
31 140
31 167
31 168
31 169
31 170
31 173
31 174
31 175
31 176
31 177
31 180
31 184
31 185
31 186
31 187
31 189
31 191
31 193
31 195
31 197
31 198
31 202
32 33
32 34
32 35
32 36
32 37
32 38
32 39
32 40
32 50
32 56
32 60
32 61
32 62
32 63
32 102
32 141
32 167
32 168
32 169
32 170
32 173
32 174
32 175
32 176
32 178
32 180
32 183
32 184
32 185
32 186
32 187
32 188
32 189
32 191
32 193
32 195
32 197
32 198
32 200
32 202
33 34
33 35
33 36
33 37
33 39
33 40
33 43
33 44
33 47
33 48
33 49
33 50
33 60
33 61
33 62
33 63
33 167
33 169
33 170
33 173
33 174
33 175
33 176
33 177
33 178
33 179
33 180
33 184
33 185
33 186
33 187
33 189
33 191
33 193
33 195
33 197
33 198
33 200
33 202
34 35
34 36
34 37
34 39
34 40
34 50
34 56
34 57
34 60
34 61
34 62
34 63
34 167
34 169
34 170
34 173
34 174
34 175
34 176
34 177
34 178
34 179
34 180
34 185
34 186
34 187
34 198
34 200
35 36
35 37
35 39
35 40
35 50
35 56
35 57
35 60
35 61
35 62
35 63
35 104
35 143
35 167
35 169
35 170
35 173
35 174
35 175
35 176
35 177
35 178
35 179
35 180
35 185
35 186
35 187
35 198
36 37
36 39
36 40
36 50
36 60
36 61
36 62
36 63
36 167
36 169
36 170
36 173
36 174
36 175
36 176
36 177
36 178
36 179
36 180
36 184
36 185
36 186
36 187
36 189
36 191
36 193
36 195
36 197
36 198
36 200
37 39
37 40
37 43
37 44
37 47
37 48
37 49
37 50
37 56
37 57
37 60
37 61
37 62
37 63
37 103
37 142
37 167
37 169
37 170
37 173
37 174
37 175
37 176
37 177
37 178
37 179
37 180
37 184
37 185
37 186
37 187
37 189
37 191
37 193
37 195
37 197
37 198
37 200
38 51
38 60
38 61
38 62
38 168
38 196
38 198
38 210
39 43
39 44
39 46
39 47
39 48
39 49
39 57
39 58
39 59
39 60
39 61
39 62
39 63
39 169
39 170
39 173
39 174
39 175
39 176
39 177
39 178
39 179
39 180
39 184
39 185
39 186
39 187
39 189
39 191
39 193
39 195
39 197
39 198
39 200
40 43
40 44
40 46
40 47
40 48
40 49
40 50
40 58
40 59
40 60
40 61
40 62
40 63
40 170
40 173
40 174
40 175
40 176
40 177
40 178
40 179
40 180
40 184
40 185
40 186
40 187
40 189
40 191
40 193
40 195
40 197
40 198
40 200
41 169
42 169
43 44
43 47
43 48
43 49
43 167
43 206
43 223
43 229
43 230
44 47
44 48
44 49
44 167
44 206
44 223
44 229
44 230
45 51
45 52
45 103
45 104
45 147
45 191
46 149
46 167
46 203
46 225
47 48
47 49
47 50
47 151
47 161
47 167
47 176
47 177
47 180
47 185
47 187
47 202
47 219
47 227
47 229
47 230
48 49
48 50
48 152
48 162
48 167
48 176
48 177
48 185
48 206
48 223
48 228
48 229
48 230
49 50
49 155
49 165
49 167
49 175
49 180
49 185
49 187
49 225
49 231
50 58
50 59
50 61
50 62
50 63
50 191
50 193
50 195
50 197
50 200
50 214
50 215
50 229
50 230
50 234
50 237
50 240
50 243
50 246
50 248
50 250
51 52
51 53
51 54
51 55
53 64
53 65
56 62
56 167
56 208
57 63
57 209
58 157
58 167
58 198
59 158
59 167
60 61
60 63
60 80
60 119
60 167
60 168
60 173
60 174
60 176
60 179
60 180
60 184
60 189
60 191
60 193
60 195
60 197
60 198
60 200
61 62
61 63
61 83
61 122
61 167
61 168
61 173
61 174
61 175
61 176
61 177
61 178
61 179
61 180
61 184
61 185
61 186
61 187
61 189
61 191
61 193
61 194
61 195
61 197
61 198
61 200
61 202
61 203
61 204
61 205
61 206
61 207
62 63
62 97
62 136
62 167
62 168
62 175
62 176
62 177
62 180
62 183
62 186
62 187
62 188
62 190
62 192
62 202
62 203
62 206
63 167
63 173
63 174
63 175
63 176
63 177
63 178
63 179
63 180
63 184
63 185
63 186
63 187
63 189
63 191
63 193
63 195
63 197
63 198
63 200
64 66
66 81
66 213
64 67
67 81
67 213
64 68
68 81
68 213
64 69
69 213
64 70
70 81
70 213
64 71
71 83
71 183
64 72
72 188
64 73
73 83
73 190
64 74
74 83
74 192
64 75
75 83
75 194
64 76
76 196
64 77
77 82
77 214
64 78
78 215
64 79
64 80
80 83
64 81
81 144
64 82
82 216
82 217
64 83
83 216
64 84
84 213
64 85
85 213
64 86
86 213
64 87
87 213
64 88
88 213
64 89
89 213
64 90
90 213
64 91
91 213
64 92
92 213
64 93
93 198
93 213
64 94
94 213
64 95
95 213
64 96
96 213
64 97
97 213
64 98
98 213
64 99
99 213
64 100
100 213
64 101
101 213
64 102
102 213
64 103
64 104
64 144
144 152
64 157
157 193
64 158
158 195
64 159
159 197
159 234
64 160
160 200
160 237
64 161
161 240
64 162
162 243
64 163
163 229
163 246
64 164
164 230
164 248
64 165
165 250
64 105
105 120
105 257
64 106
106 120
106 257
64 107
107 120
107 257
64 108
108 257
64 109
109 120
109 257
64 110
110 122
110 183
64 111
111 188
64 112
112 122
112 190
64 113
113 122
113 192
64 114
114 122
114 194
64 115
115 196
64 116
116 121
64 117
64 118
64 119
119 122
64 120
120 145
64 121
121 216
64 122
122 216
64 123
123 257
64 124
124 257
64 125
125 257
64 126
126 257
64 127
127 257
64 128
128 257
64 129
129 257
64 130
130 257
64 131
131 257
64 132
132 198
132 257
64 133
133 257
64 134
134 257
64 135
135 257
64 136
136 257
64 137
137 257
64 138
138 257
64 139
139 257
64 140
140 257
64 141
141 257
64 142
64 143
64 145
145 153
64 147
147 193
64 148
148 169
148 195
64 149
149 197
64 150
150 170
150 200
64 151
151 171
64 152
64 153
153 229
64 154
154 172
154 230
64 155
155 184
167 170
167 173
167 174
167 175
167 176
167 177
167 178
167 179
167 180
167 184
167 185
167 186
167 187
167 189
167 191
167 193
167 195
167 197
167 198
167 200
168 197
168 198
168 200
173 197
173 198
173 214
173 230
174 197
174 198
174 215
175 183
175 188
175 190
175 192
175 197
175 200
175 202
175 203
175 206
175 229
176 183
176 188
176 190
176 192
176 194
176 196
176 197
176 202
176 203
176 206
177 183
177 188
177 190
177 192
177 196
177 197
177 202
177 203
177 206
178 183
178 188
178 190
178 192
178 194
178 196
178 202
178 203
178 206
178 229
179 183
179 188
179 190
179 192
179 194
179 196
179 202
179 203
179 206
179 229
179 230
180 183
180 188
180 190
180 192
180 194
180 196
180 197
180 202
180 203
180 206
180 229
181 218
182 232
182 252
183 184
184 198
184 232
183 185
185 188
185 190
185 192
185 193
185 197
185 200
185 202
185 203
185 206
185 229
183 186
186 188
186 190
186 192
186 195
186 196
186 197
186 200
186 202
186 203
186 206
183 187
187 188
187 190
187 192
187 194
187 196
187 197
187 200
187 202
187 203
187 206
187 229
156 189
188 189
189 198
189 233
190 191
191 198
191 236
192 193
193 198
193 239
194 195
195 198
195 242
196 197
197 198
197 245
198 202
198 206
198 207
199 201
199 245
199 250
199 251
200 252
201 252
201 253
201 254
202 219
203 220
204 221
205 222
206 223
207 224
52 64
225 226
232 234
233 237
236 240
239 243
242 246
245 248
54 64
55 64
55 65
64 65
64 146
64 156
64 166
65 211
65 212
166 253
232 233
232 235
252 255
252 256
233 236
233 238
236 239
236 241
239 242
239 244
242 245
242 247
245 249
