1 6
1 11
1 29
1 33
6 11
6 16
6 55
6 59
11 16
11 81
11 85
2 29
33 39
2 38
38 42
38 64
38 90
3 25
3 26
3 52
3 78
23 25
26 27
8 52
52 53
13 78
78 79
4 19
4 24
4 28
9 19
14 19
19 102
19 106
24 45
5 57
5 58
56 57
58 63
16 107
16 111
7 55
59 65
7 64
64 68
64 116
8 51
49 51
9 50
9 54
50 71
10 83
10 84
82 83
84 89
12 81
85 91
12 90
90 94
90 116
13 77
75 77
14 76
14 80
76 97
15 109
15 110
108 109
110 115
17 107
111 117
17 116
116 120
18 103
18 104
101 103
104 105
102 123
20 21
21 30
30 31
22 43
22 45
43 44
45 123
23 44
27 36
36 42
31 32
32 37
34 37
35 39
39 91
34 40
40 41
35 41
65 91
87 91
91 117
71 123
97 123
100 123
46 47
47 56
48 69
48 71
69 70
49 70
53 62
62 68
60 63
61 65
60 66
66 67
61 67
72 73
73 82
74 95
74 97
95 96
75 96
79 88
88 94
86 89
86 92
92 93
87 93
113 117
98 99
99 108
100 121
121 122
101 122
105 114
114 120
112 115
112 118
118 119
113 119
