1 2
1 3
1 4
1 5
1 6
1 7
2 5
2 33
3 4
3 57
3 74
3 87
3 125
3 188
3 208
3 294
3 328
3 359
3 417
4 146
4 208
5 14
5 22
5 35
5 37
5 57
5 98
5 157
5 158
5 159
5 160
5 163
5 174
5 296
5 304
5 311
5 359
6 10
6 44
6 66
6 129
6 188
6 250
7 10
7 116
7 125
7 225
7 374
15 33
24 33
30 33
33 34
33 35
33 38
33 44
33 50
33 66
33 68
33 76
33 101
33 146
33 176
33 187
33 239
33 257
33 258
10 57
22 57
24 57
29 57
31 57
37 57
38 57
43 57
44 57
57 64
57 68
57 112
57 146
57 151
57 171
57 172
57 173
57 174
57 175
57 176
57 177
57 178
57 179
57 180
57 181
57 182
57 183
57 184
27 74
28 74
31 74
48 74
60 74
72 74
74 111
74 172
74 184
74 188
74 208
74 261
74 265
74 387
9 87
10 87
14 87
19 87
20 87
32 87
38 87
44 87
59 87
60 87
62 87
72 87
86 87
87 93
87 112
87 114
87 122
87 149
87 198
87 215
87 263
87 266
87 267
87 286
87 294
87 302
87 304
87 332
87 431
87 437
80 125
124 125
125 164
125 214
125 223
27 188
28 188
44 188
48 188
51 188
96 188
129 188
172 188
187 188
188 208
188 232
188 261
188 315
14 208
140 208
146 208
174 208
198 208
9 294
141 294
263 294
286 294
293 294
294 308
294 333
294 338
294 357
294 365
10 328
278 328
328 329
328 330
328 435
37 359
174 359
81 417
105 417
275 417
24 146
28 146
35 146
40 146
42 146
44 146
45 146
49 146
50 146
58 146
59 146
68 146
76 146
93 146
95 146
146 148
146 154
146 174
146 176
146 181
146 184
146 190
146 198
146 209
146 226
146 231
146 233
146 234
146 237
146 257
146 271
146 293
146 369
146 370
146 371
146 372
146 373
13 14
14 17
14 22
14 23
14 28
14 31
14 35
14 38
14 62
14 66
14 73
14 98
14 105
14 111
14 112
14 133
14 134
14 136
14 229
14 277
14 312
14 326
14 332
14 333
14 341
14 351
13 22
17 22
22 23
22 27
22 38
22 63
22 134
22 160
22 174
22 319
22 332
22 341
17 35
28 35
30 35
31 35
32 35
34 35
35 37
35 38
35 44
35 58
35 60
35 62
35 65
35 68
35 76
35 93
35 98
35 108
35 109
35 111
35 114
35 151
35 179
35 183
35 206
35 210
35 212
35 215
35 220
35 235
35 260
35 296
35 319
35 418
10 37
23 37
27 37
29 37
30 37
31 37
32 37
34 37
37 38
37 43
37 44
37 59
37 64
37 66
37 75
37 76
37 93
37 94
37 98
37 112
37 145
37 151
37 183
37 184
37 201
37 229
37 317
37 324
37 413
37 415
17 98
27 98
28 98
34 98
36 98
38 98
56 98
59 98
60 98
62 98
63 98
66 98
71 98
73 98
90 98
94 98
96 98
97 98
98 101
98 109
98 112
98 297
98 317
98 324
98 381
28 157
76 157
155 157
157 158
157 195
28 158
155 158
158 195
158 260
65 159
159 160
61 160
156 160
160 304
162 163
163 324
130 174
174 268
174 269
174 304
174 307
174 309
62 296
149 296
150 296
210 296
296 297
296 298
114 304
303 304
304 368
8 10
10 15
10 44
10 53
10 54
10 66
10 70
10 71
10 82
10 89
10 91
10 126
10 129
10 130
10 154
10 201
10 229
10 286
10 400
15 44
27 44
31 44
32 44
38 44
39 44
42 44
43 44
44 49
44 54
44 60
44 62
44 66
44 68
44 69
44 71
44 72
44 93
44 112
44 114
44 145
44 149
44 176
44 183
44 201
44 206
44 213
44 223
44 229
44 245
44 251
44 252
44 352
19 66
31 66
32 66
60 66
62 66
66 68
66 72
66 73
66 76
66 93
66 109
66 111
66 112
66 122
66 173
66 183
66 187
66 204
66 276
66 413
126 129
128 129
129 132
43 250
136 250
250 316
250 317
250 318
250 319
89 116
115 116
116 205
116 289
116 363
69 225
180 225
184 225
224 225
225 226
225 266
225 286
8 9
9 274
9 275
9 277
9 286
9 288
9 321
9 333
9 338
9 426
34 274
272 274
273 274
274 292
272 275
275 324
275 338
275 366
277 278
249 286
282 286
285 286
287 288
288 290
288 337
288 338
316 321
141 333
332 333
338 377
338 439
13 15
15 316
52 53
53 82
53 154
53 155
43 54
52 54
54 91
12 70
27 70
31 70
70 72
70 82
70 121
70 122
70 123
70 126
70 127
70 130
70 131
70 132
70 224
70 289
70 295
70 301
70 309
70 353
70 354
70 355
70 356
70 361
70 364
70 428
70 430
28 71
31 71
38 71
60 71
61 71
62 71
67 71
71 122
71 123
71 205
71 249
71 352
62 82
77 82
78 82
79 82
80 82
82 84
82 99
82 127
82 249
67 89
88 89
89 126
89 247
89 248
89 249
91 92
91 93
91 94
126 127
126 128
126 130
126 131
126 132
130 132
130 200
130 306
130 307
130 309
16 154
20 154
68 154
152 154
153 154
154 192
154 307
154 327
200 201
201 229
19 229
27 229
63 229
113 229
149 229
150 229
223 229
228 229
11 12
12 128
12 219
12 266
12 295
12 354
12 355
12 356
69 128
123 128
128 343
128 354
128 384
180 219
219 220
102 266
113 266
114 266
195 266
260 266
266 267
61 295
122 295
123 295
122 354
123 354
202 355
13 16
13 17
13 18
13 19
13 20
13 21
13 23
13 24
16 18
16 19
16 27
16 31
16 62
16 152
16 153
17 23
17 62
17 111
17 133
17 134
17 312
18 31
19 30
19 31
19 62
19 72
19 106
19 372
19 385
20 62
20 68
21 23
21 134
23 133
23 134
23 148
23 151
23 191
23 412
23 416
23 436
24 27
24 31
24 39
24 47
24 50
24 72
24 180
24 187
24 240
24 299
24 345
25 28
28 31
28 38
28 43
28 59
28 62
28 63
28 68
28 76
28 94
28 95
28 109
28 155
28 172
28 176
28 187
28 212
28 214
28 215
28 217
28 222
28 235
28 297
28 339
28 346
28 425
27 31
29 31
30 31
31 32
31 38
31 43
31 56
31 58
31 59
31 60
31 61
31 62
31 63
31 64
31 65
31 67
31 68
31 69
31 72
31 73
31 75
31 76
30 38
32 38
34 38
38 43
38 76
38 109
38 112
38 121
38 122
38 212
38 246
38 319
38 406
27 62
34 62
43 62
59 62
60 62
62 69
62 76
62 111
62 136
62 145
62 210
62 212
62 221
32 73
73 107
32 105
105 133
105 326
105 341
105 342
29 111
32 111
32 112
34 112
59 112
63 112
112 122
112 149
112 187
112 198
112 215
112 431
133 134
133 135
133 136
133 137
134 136
134 227
134 341
136 221
136 318
107 332
341 399
341 421
350 351
190 316
316 320
25 27
27 29
27 36
27 43
27 56
27 60
27 72
27 96
27 97
27 153
27 173
27 236
27 348
27 370
27 372
27 404
152 153
30 32
30 34
30 36
43 72
60 72
72 76
32 106
106 372
106 407
106 408
106 409
177 385
32 68
68 93
68 104
68 108
68 176
68 182
68 194
68 212
68 215
68 235
68 424
68 425
59 63
63 151
63 297
76 319
297 319
319 403
137 148
147 148
148 150
148 161
59 151
64 151
109 151
147 151
150 151
151 179
151 212
151 297
151 322
151 370
151 415
411 412
39 40
39 41
39 42
39 43
39 45
39 46
39 47
39 48
39 49
39 50
39 51
47 50
47 51
42 50
46 50
49 50
50 51
50 181
50 226
50 233
50 238
50 243
50 371
59 180
69 180
104 180
180 184
180 189
180 224
180 240
180 260
180 398
176 187
187 189
187 190
104 240
184 240
189 240
239 240
240 307
237 299
181 345
232 345
345 346
345 347
25 26
25 29
29 76
29 95
29 173
29 210
29 212
29 215
29 220
29 233
29 234
29 235
29 241
29 297
29 343
36 56
36 96
36 97
32 43
42 43
43 49
43 60
43 69
43 75
43 76
43 96
43 114
43 145
43 183
43 206
43 212
43 223
43 245
43 251
43 252
56 94
56 96
56 97
32 60
60 69
60 93
60 102
60 103
60 113
60 114
60 145
60 173
60 213
42 96
48 96
49 96
51 96
96 97
96 231
96 232
96 233
96 234
96 236
96 243
96 348
103 173
173 239
173 284
42 236
49 236
236 348
236 367
348 367
370 389
59 93
59 95
59 190
59 210
59 212
59 214
59 215
59 217
59 235
59 237
59 241
59 320
59 322
59 323
76 145
76 183
76 212
76 297
94 429
42 95
49 95
92 95
93 95
95 210
95 212
95 214
95 215
95 217
95 231
95 233
95 234
95 235
95 241
95 367
32 109
109 212
109 297
155 156
48 172
172 184
172 261
176 182
176 183
176 195
176 206
176 258
176 352
34 212
93 212
179 212
210 212
212 214
212 215
212 217
212 235
212 241
212 322
212 342
212 346
212 360
42 214
93 214
210 214
214 215
214 237
214 241
214 242
93 215
190 215
210 215
215 217
215 235
215 237
215 241
215 320
215 322
215 323
140 217
216 217
217 241
217 360
103 222
222 297
42 235
49 235
210 235
233 235
234 235
235 346
149 297
297 298
339 340
42 210
45 210
93 210
210 233
210 234
210 241
42 233
49 233
233 234
42 234
49 234
190 241
241 242
69 343
327 343
343 384
343 420
32 34
32 102
32 103
32 104
32 107
32 108
32 110
32 113
32 114
34 69
34 246
34 272
34 276
34 406
58 65
58 93
58 108
58 183
58 302
61 156
64 99
65 108
65 147
65 149
65 150
67 75
67 122
67 246
67 264
69 122
69 145
69 200
69 244
69 268
69 384
69 420
75 145
75 183
101 102
102 103
102 113
103 107
103 113
103 184
103 221
103 223
104 265
104 323
104 349
107 141
107 331
108 183
108 195
108 260
108 267
108 302
113 431
114 223
114 302
178 239
90 257
257 283
272 273
92 93
93 211
93 213
145 183
183 260
183 438
206 207
184 260
195 260
259 260
260 265
260 267
393 418
143 145
144 145
42 184
140 184
184 224
184 226
184 265
121 122
121 123
122 204
122 301
122 313
122 361
122 364
40 42
40 45
40 46
41 42
41 49
42 45
42 48
42 49
42 51
42 177
42 231
42 232
42 237
42 238
45 46
45 51
45 237
46 48
48 243
49 51
49 232
51 232
171 177
177 291
226 231
231 232
231 242
231 245
231 367
231 375
231 376
232 242
223 285
251 252
251 393
251 397
147 149
149 150
149 298
352 420
352 433
171 181
181 226
181 401
224 226
226 401
371 378
52 55
55 127
55 353
289 353
175 178
175 331
182 366
190 320
80 323
323 349
99 100
147 150
150 228
203 204
204 205
204 249
204 361
204 362
204 363
204 364
194 195
132 200
200 202
268 269
268 270
123 289
123 301
123 366
100 131
131 414
131 432
287 289
141 301
249 301
300 301
307 309
249 361
205 364
363 364
203 205
205 249
205 363
247 249
249 363
249 377
140 265
329 387
386 387
387 388
387 391
387 394
77 78
77 79
77 80
77 81
77 83
77 84
77 85
78 262
78 263
79 167
79 253
79 262
79 334
80 83
80 85
80 168
80 278
80 405
80 427
81 85
83 84
84 119
84 391
85 167
85 168
85 193
262 308
164 167
165 167
166 167
167 170
167 253
167 254
167 398
166 253
253 254
253 255
253 256
164 168
168 278
278 329
278 330
117 119
119 185
119 186
119 380
120 391
390 391
192 193
139 198
198 209
195 267
88 90
90 230
90 247
90 283
90 303
90 325
90 402
247 280
247 281
247 282
248 358
283 303
283 305
303 305
381 382
381 383
100 434
407 408
407 409
408 409
138 141
139 141
141 142
363 422
363 423
117 118
117 120
118 344
120 390
185 186
313 314
139 164
164 165
164 166
306 307
307 310
138 139
138 140
138 142
139 142
139 199
140 216
142 196
216 218
196 197
143 144
209 419
166 279
166 308
166 395
166 396
395 396
169 170
269 270
393 419
375 376
280 379
282 336
392 393
393 411
305 397
273 292
329 330
329 410
329 435
330 435
335 336
287 290
290 337
422 423
382 383
386 388
