1 32
1 50
1 85
32 48
32 52
50 82
50 100
33 85
63 85
2 43
2 61
2 111
5 43
18 43
24 61
46 61
37 111
56 111
3 51
3 81
3 91
51 76
51 92
62 81
81 83
47 91
91 105
4 44
4 60
4 98
44 89
44 106
10 60
60 74
87 98
98 100
5 68
5 76
68 104
68 106
13 76
6 49
6 95
6 104
16 49
28 49
31 95
59 95
25 104
7 40
7 72
7 78
26 40
40 88
29 72
72 94
66 78
78 83
8 38
8 70
8 109
38 69
38 108
47 70
65 70
14 109
73 109
9 57
9 92
9 112
52 57
55 57
64 92
79 112
99 112
10 71
10 102
64 71
71 110
66 102
73 102
11 63
11 90
11 103
13 63
58 90
90 93
59 103
66 103
12 39
12 54
12 75
17 39
39 99
15 54
23 54
20 75
74 75
13 20
20 101
14 22
14 55
22 28
22 101
21 55
15 25
15 108
25 48
34 108
16 86
16 110
41 86
86 94
30 110
17 19
17 41
18 19
19 82
41 77
18 73
80 82
101 107
21 42
21 89
23 42
24 42
58 89
28 45
23 83
24 30
30 33
48 53
26 84
26 107
67 84
80 84
35 107
27 46
27 79
27 87
35 46
59 79
69 87
37 45
45 62
29 52
29 56
56 96
33 65
31 80
31 97
47 97
96 97
36 65
34 67
34 93
64 67
37 93
35 53
53 105
36 88
36 99
88 106
69 94
58 77
77 105
62 100
74 96
