1 5
1 6
2 5
4 5
6 7
6 24
2 7
7 8
3 4
3 8
15 24
24 27
9 26
13 26
15 26
16 26
26 57
10 105
103 105
104 105
11 94
50 94
94 95
12 40
38 40
40 74
13 23
13 25
14 16
16 17
16 19
16 20
15 22
22 31
22 32
18 57
21 57
31 57
31 45
31 51
30 32
32 85
28 46
28 85
29 85
29 56
30 86
75 86
77 86
45 50
45 59
45 93
51 104
33 54
33 82
33 88
33 91
54 87
54 90
54 93
78 82
79 82
82 83
68 88
88 97
34 91
52 91
67 91
34 92
67 92
72 92
35 95
58 95
36 50
47 50
50 93
37 98
38 98
73 98
38 39
41 102
61 102
101 102
42 101
100 101
43 103
59 103
44 100
44 104
47 100
59 60
47 87
49 87
48 52
48 53
48 73
48 99
52 90
53 64
53 89
64 73
55 99
89 99
49 89
55 90
64 65
64 67
61 62
61 63
65 66
69 97
70 97
70 96
71 96
76 96
78 79
78 81
80 81
80 84
83 84
