1 2
1 6
1 9
1 13
1 14
1 32
1 35
1 52
1 57
1 60
1 61
1 81
1 87
1 88
1 91
1 95
1 96
1 100
1 107
1 119
1 120
1 128
1 132
1 144
1 180
1 211
1 226
1 227
1 237
1 267
2 3
2 4
2 7
2 10
2 11
2 24
2 36
2 40
2 51
2 63
2 98
2 113
2 118
2 119
2 120
2 123
2 125
2 148
2 151
2 168
2 260
2 307
2 329
6 9
6 12
6 13
6 17
6 19
6 27
6 29
6 35
6 36
6 37
6 46
6 50
6 51
6 54
6 85
6 95
6 97
6 104
6 109
6 116
6 129
6 320
9 11
9 13
9 18
9 20
9 21
9 28
9 48
9 50
9 55
9 66
9 71
9 80
9 81
9 82
9 115
9 190
9 197
9 203
9 221
9 224
9 237
9 246
9 311
8 13
13 19
13 20
13 21
13 25
13 28
13 38
13 46
13 58
13 96
13 99
13 101
13 104
13 109
13 201
13 258
13 320
7 14
8 14
14 19
14 35
14 36
14 48
14 58
14 71
14 86
14 87
14 89
14 93
14 94
14 101
14 155
14 166
14 167
14 171
14 205
14 233
14 273
14 296
29 32
30 32
32 34
32 35
32 36
32 37
32 40
32 42
32 44
32 59
32 61
32 63
32 72
32 89
32 105
32 110
32 111
32 118
32 119
32 129
32 137
32 153
32 158
32 161
32 173
32 241
32 247
32 250
32 257
10 35
12 35
19 35
30 35
31 35
35 37
35 47
35 55
35 56
35 71
35 72
35 91
35 103
35 104
35 110
35 115
35 123
35 131
35 132
35 162
35 180
35 198
35 216
35 239
35 249
35 298
35 324
7 52
8 52
11 52
25 52
29 52
39 52
45 52
52 53
52 60
52 65
52 68
52 75
52 88
52 100
52 102
52 108
52 134
52 144
52 146
52 149
52 175
52 221
52 225
52 226
52 245
52 286
52 306
52 309
3 57
26 57
27 57
51 57
54 57
55 57
57 59
57 60
57 62
57 64
57 67
57 71
57 76
57 84
57 89
57 90
57 94
57 96
57 122
57 124
57 126
57 130
57 150
57 152
57 190
57 203
57 221
57 222
57 228
57 253
57 296
4 60
31 60
36 60
43 60
45 60
59 60
60 65
60 67
60 88
60 92
60 98
60 111
60 142
60 149
60 159
60 162
60 164
60 187
60 267
60 272
60 288
60 293
60 298
10 61
27 61
41 61
53 61
61 66
61 67
61 75
61 92
61 121
61 150
61 203
3 81
25 81
27 81
51 81
55 81
59 81
70 81
81 93
81 97
81 107
81 109
81 110
81 111
81 112
81 121
81 132
81 139
81 150
81 154
81 164
81 190
81 200
81 215
81 239
81 241
81 321
12 87
24 87
50 87
65 87
73 87
87 94
87 105
87 121
87 131
87 138
87 140
87 201
87 290
24 88
26 88
63 88
88 143
48 91
71 91
72 91
91 128
91 131
91 135
91 181
91 285
91 308
8 95
30 95
31 95
33 95
42 95
51 95
68 95
73 95
95 98
95 99
95 102
95 112
95 114
95 140
95 142
95 183
95 193
95 235
95 264
7 96
8 96
11 96
12 96
45 96
62 96
73 96
74 96
96 105
96 132
96 135
96 146
96 236
96 292
96 308
96 334
20 100
26 100
76 100
77 100
78 100
100 108
100 129
100 155
100 156
100 163
100 171
100 178
100 186
100 250
100 270
100 273
100 303
100 336
48 107
55 107
66 107
71 107
72 107
107 171
107 231
107 234
107 282
107 285
107 292
107 316
12 119
18 119
55 119
84 119
119 172
119 174
119 176
119 179
119 187
119 195
119 219
119 235
119 268
119 277
119 284
119 298
119 300
119 302
119 331
20 120
55 120
73 120
84 120
103 120
104 120
120 200
120 201
120 205
120 238
120 240
120 243
120 256
120 268
120 273
120 277
120 321
120 324
24 128
58 128
70 128
90 128
128 236
128 318
21 132
66 132
71 132
73 132
84 132
86 132
92 132
101 132
132 163
132 193
132 268
132 270
132 271
132 287
132 290
132 298
132 331
24 144
31 144
84 144
144 304
144 305
48 180
111 180
24 211
42 211
55 211
98 211
111 211
117 211
30 226
66 226
76 226
118 226
122 226
24 227
26 227
30 227
47 227
84 227
28 237
31 237
43 237
63 237
73 237
86 237
37 267
62 267
77 267
84 267
129 267
142 267
3 48
3 143
4 37
4 62
4 77
4 125
4 143
7 12
7 16
7 22
7 31
7 33
7 36
7 50
7 51
7 59
7 101
7 113
7 157
7 158
7 170
7 174
7 201
7 230
7 277
10 17
10 25
10 28
10 33
10 46
10 230
10 258
10 273
10 279
10 297
11 16
11 17
11 21
11 26
11 33
11 37
11 58
11 59
11 89
11 98
11 113
11 158
21 24
22 24
24 25
24 30
24 31
24 47
24 48
24 70
24 72
24 98
24 103
24 105
24 108
24 134
24 155
24 162
24 184
24 208
24 242
24 286
18 36
26 36
30 36
31 36
33 36
36 38
36 45
36 56
36 65
36 66
36 112
36 116
36 141
36 149
36 151
36 229
23 40
29 40
39 40
40 41
40 42
40 43
40 44
40 53
40 123
40 153
40 165
40 167
40 178
40 191
40 208
40 210
40 215
40 248
40 258
40 322
40 327
26 51
48 51
51 53
51 54
51 75
51 80
51 83
51 94
51 111
51 146
51 160
51 161
51 179
51 190
51 224
51 269
51 293
22 63
25 63
29 63
33 63
34 63
37 63
55 63
58 63
63 69
63 73
63 79
63 85
63 89
63 94
63 136
63 137
63 148
63 149
63 157
63 167
63 168
63 186
63 289
8 98
16 98
28 98
70 98
80 98
98 109
98 110
98 156
98 157
98 160
98 229
98 249
98 272
16 113
38 113
73 113
76 113
82 113
105 113
113 137
113 183
113 202
113 222
113 223
113 228
113 233
113 235
113 238
113 254
113 264
113 287
113 301
113 307
113 311
66 118
84 118
103 118
118 175
118 184
118 194
118 197
118 214
118 216
118 243
118 244
118 245
118 247
118 249
118 273
118 327
19 123
48 123
55 123
84 123
109 123
123 206
123 213
123 249
123 250
123 259
123 278
123 299
15 125
48 125
83 125
86 125
125 233
125 234
125 235
125 255
125 261
125 262
125 263
125 265
125 302
125 315
22 148
47 148
148 312
148 313
148 333
22 151
151 312
151 319
151 320
151 322
151 325
151 328
151 338
59 168
76 168
104 168
105 168
48 260
86 260
50 307
89 307
122 307
77 329
105 329
154 329
158 329
159 329
5 48
15 48
20 48
26 48
31 48
42 48
43 48
46 48
47 48
48 49
48 56
48 62
48 121
48 129
48 136
48 137
48 166
48 170
48 183
48 195
48 213
48 238
48 259
48 331
39 143
79 143
97 143
106 143
143 251
143 268
143 290
143 296
143 303
143 330
8 37
25 37
27 37
28 37
34 37
37 65
37 69
37 73
37 175
37 176
37 187
37 189
37 196
37 263
37 268
37 274
37 286
37 310
16 62
26 62
27 62
29 62
30 62
34 62
56 62
62 69
62 70
62 77
62 86
62 101
62 117
62 161
62 166
62 167
62 231
62 306
62 331
62 338
15 77
25 77
29 77
38 77
64 77
67 77
68 77
69 77
77 84
77 233
77 235
77 255
77 262
77 266
77 291
77 296
77 300
77 310
77 314
5 12
5 15
5 18
5 22
5 29
5 30
5 34
5 69
5 74
5 80
5 84
5 89
5 97
5 210
5 297
5 332
5 339
12 16
12 18
12 22
12 25
12 29
12 53
12 58
12 71
12 78
12 116
12 161
12 171
12 194
12 212
12 235
12 279
12 300
15 18
15 20
15 22
15 26
15 39
15 41
15 55
15 84
15 204
15 209
15 216
15 218
15 222
15 254
15 257
15 309
15 327
15 332
18 21
18 28
18 64
18 94
18 116
18 117
18 155
18 165
18 178
18 197
18 228
18 257
18 299
18 303
18 322
18 332
16 22
19 22
20 22
22 23
22 25
22 26
22 39
22 42
22 45
22 69
22 103
22 108
22 134
22 136
22 158
22 161
22 187
22 189
22 196
22 228
22 235
22 238
22 245
25 29
29 33
29 34
29 49
29 50
29 53
29 54
29 75
29 82
29 84
29 94
29 137
29 157
29 166
29 174
29 193
29 219
29 221
29 240
29 277
29 300
28 30
30 53
30 129
30 130
30 136
30 141
30 149
30 164
30 176
30 224
30 230
30 233
30 238
30 270
30 288
30 300
16 34
21 34
34 64
34 70
34 159
34 163
34 172
34 187
34 243
34 269
34 271
34 278
34 295
34 339
69 78
69 83
69 84
69 93
69 114
69 266
69 316
33 74
64 74
66 74
74 93
74 97
74 114
74 142
74 213
74 261
74 273
74 282
67 80
80 106
80 117
80 129
80 160
80 243
80 244
80 246
80 248
80 273
80 305
8 84
42 84
45 84
49 84
56 84
65 84
68 84
70 84
76 84
84 90
84 122
84 126
84 127
84 141
84 146
84 149
84 152
84 160
84 161
84 162
84 190
84 221
84 225
84 254
84 255
84 298
84 300
27 89
28 89
46 89
49 89
53 89
56 89
89 133
89 142
89 146
89 232
89 235
89 265
89 266
89 275
89 283
89 315
27 97
72 97
75 97
20 210
49 210
108 210
33 297
38 297
75 297
92 297
138 297
140 297
20 332
102 332
108 332
64 339
71 339
140 339
156 339
163 339
17 21
17 27
17 38
17 269
17 277
17 279
17 280
17 282
17 283
17 284
16 19
19 20
19 42
19 114
19 315
19 337
19 338
8 27
26 27
27 45
27 58
27 71
27 105
27 106
27 110
27 112
27 115
27 117
27 198
27 214
27 248
27 299
27 336
31 46
41 46
44 46
45 46
46 49
46 56
46 65
46 73
46 156
46 172
46 173
46 175
46 189
46 195
46 233
46 261
46 294
46 296
46 298
46 303
46 310
28 50
50 53
50 55
50 58
50 99
50 197
50 203
50 212
50 240
49 54
53 54
54 55
54 122
54 138
54 181
54 194
54 282
54 312
8 85
38 85
44 85
47 85
58 85
70 85
85 121
85 130
85 202
85 290
28 104
53 104
72 104
75 104
104 166
104 167
104 172
104 175
104 178
104 189
104 193
104 213
104 243
104 251
104 252
104 287
104 306
31 109
45 109
76 109
99 109
109 169
109 177
109 178
109 186
109 231
109 252
109 275
109 283
109 287
109 335
20 116
82 116
103 116
116 169
116 193
116 196
116 232
116 234
116 274
116 275
116 281
116 283
116 291
116 306
116 315
8 129
70 129
129 261
129 262
129 263
129 266
129 292
129 296
129 300
129 302
129 331
129 337
28 320
83 320
102 320
153 320
154 320
161 320
8 16
16 21
16 44
16 68
16 99
16 106
16 171
16 173
16 193
16 205
16 243
16 250
16 271
16 336
28 31
31 33
31 47
31 66
31 94
31 155
31 198
31 212
31 215
31 216
31 224
31 241
28 33
33 59
33 64
33 71
33 92
33 115
33 136
33 157
33 158
33 161
33 162
33 164
33 195
33 270
33 278
33 289
33 295
8 59
56 59
58 59
59 64
59 65
59 71
59 86
59 92
59 159
59 161
59 176
59 178
59 196
59 270
59 272
59 286
59 293
59 298
59 310
38 101
65 101
94 101
101 138
101 155
101 156
101 169
101 177
101 250
101 272
101 280
101 294
101 325
8 157
68 157
86 157
117 157
157 321
157 330
86 158
114 158
158 310
158 330
158 331
8 170
47 170
70 170
94 170
82 174
94 174
102 174
103 174
108 174
114 201
121 201
126 201
94 230
102 277
103 277
108 277
122 277
140 277
8 20
8 38
8 66
8 92
8 131
8 139
8 270
8 313
20 25
20 70
20 71
20 75
20 155
20 194
20 205
20 212
20 255
20 273
20 279
20 306
21 38
38 70
38 79
38 86
38 93
38 122
38 126
38 284
38 288
66 75
66 76
66 124
66 127
66 162
66 221
66 223
66 224
66 242
66 253
66 271
66 295
66 301
66 309
65 92
92 105
92 115
92 138
92 145
92 182
92 205
92 206
92 242
92 273
92 305
92 336
71 131
72 131
131 265
131 266
131 315
131 317
131 334
93 139
139 172
139 231
139 285
139 290
139 291
139 292
139 308
26 270
76 270
103 270
133 270
114 313
152 313
153 313
154 313
21 23
21 43
21 49
21 127
21 133
21 137
21 169
21 259
21 265
23 28
26 28
28 41
28 42
28 58
28 68
28 102
28 138
28 194
28 198
28 205
28 215
28 216
28 221
28 241
28 258
28 273
43 55
53 55
55 56
55 108
55 114
55 134
55 135
55 145
55 175
55 188
55 220
55 225
55 245
55 261
55 263
55 274
64 71
71 138
71 182
71 208
71 217
71 239
71 242
71 243
71 244
71 246
71 251
71 304
71 324
47 82
82 99
82 114
82 275
82 284
82 293
82 312
44 115
72 115
73 115
115 179
115 192
115 194
115 197
115 204
115 205
115 207
115 209
115 244
115 248
115 257
115 258
115 301
115 322
94 190
25 197
58 197
102 197
122 197
49 203
56 221
86 221
76 246
78 246
110 246
117 246
140 246
103 311
110 311
146 311
147 311
153 311
154 311
161 311
25 26
25 70
25 79
25 181
25 213
25 284
25 312
102 258
127 258
127 273
136 273
103 279
127 279
138 279
26 44
26 67
26 70
26 73
26 75
26 130
26 164
26 228
26 268
26 296
26 309
41 58
58 73
58 160
58 261
58 269
58 288
58 293
49 53
53 76
53 165
53 191
53 192
53 207
53 214
53 218
53 223
53 239
53 327
53 328
23 78
41 78
67 78
78 106
78 114
78 138
78 274
78 284
78 285
78 294
49 161
65 161
117 161
161 319
161 322
161 328
161 336
103 171
106 171
110 171
110 194
114 194
99 212
110 212
94 235
56 300
94 300
121 300
140 300
76 99
99 103
99 110
99 127
99 153
99 154
99 166
99 183
99 214
99 215
99 216
99 247
99 248
99 250
99 328
45 86
49 86
56 86
73 86
86 105
86 121
86 141
86 142
86 150
86 185
86 240
86 261
41 93
42 93
67 93
73 93
93 135
93 160
93 276
45 94
49 94
56 94
73 94
94 136
94 140
94 141
94 162
94 163
94 164
94 185
94 202
94 302
42 155
76 155
155 323
155 325
155 326
155 340
73 166
44 167
124 205
117 233
45 296
121 296
39 112
41 44
41 126
41 264
75 257
124 257
127 257
49 309
122 309
72 327
121 327
152 327
153 327
156 327
43 44
44 45
44 68
44 83
44 108
44 137
44 145
44 173
44 182
44 191
44 199
44 244
44 249
44 252
44 261
68 79
68 117
68 133
68 160
68 177
68 181
68 213
68 280
45 106
72 106
106 172
106 282
106 290
108 173
112 173
105 193
110 193
117 193
134 193
73 243
110 243
127 250
45 271
56 271
134 271
121 336
146 336
153 336
156 336
162 336
76 269
133 269
134 269
135 269
137 269
65 280
133 280
114 282
136 282
138 282
65 283
70 283
133 283
105 284
133 284
136 284
49 64
64 70
64 103
64 137
64 213
64 263
64 278
64 285
75 117
83 117
117 130
117 142
117 225
117 242
117 259
117 261
117 264
117 266
117 281
117 288
117 337
49 165
102 165
102 228
112 228
122 228
23 299
127 299
45 303
108 303
121 303
136 303
152 322
42 43
42 47
42 110
42 181
42 206
42 278
42 325
83 114
114 185
114 195
114 202
147 315
149 315
159 315
134 337
135 337
149 337
160 337
162 337
163 337
108 338
137 338
159 338
160 338
163 338
65 70
70 133
70 134
70 177
70 261
70 275
70 288
75 206
75 239
75 328
108 255
112 255
122 255
105 306
23 47
23 79
23 229
23 278
23 294
43 79
43 145
43 181
43 182
43 198
43 199
43 213
43 214
43 225
43 248
43 294
43 325
49 154
49 179
49 200
49 202
49 319
49 321
127 256
127 287
127 328
133 276
133 285
73 137
137 231
137 272
137 281
137 289
137 293
137 335
112 259
126 259
67 265
45 47
45 105
45 111
45 112
45 130
45 191
45 242
45 244
72 103
76 103
103 124
103 163
103 289
108 156
108 179
108 196
108 219
108 231
108 286
134 252
134 272
134 274
134 286
134 291
134 292
134 293
134 314
136 252
136 281
136 287
136 294
47 187
112 187
112 189
121 238
122 238
112 245
47 67
47 72
47 73
47 156
47 200
138 278
56 72
72 105
72 206
72 217
72 247
72 248
72 295
72 304
65 105
105 172
105 186
105 195
105 268
105 281
162 316
162 325
162 335
111 184
112 184
112 208
121 208
124 208
142 286
111 181
111 213
146 312
147 312
65 73
73 111
73 138
73 140
73 142
73 287
73 335
90 130
130 262
130 317
130 318
130 333
130 334
110 177
110 179
110 219
110 232
110 287
112 183
112 185
112 186
112 191
112 244
112 252
112 256
112 324
121 248
102 156
102 186
102 256
102 287
102 289
102 319
138 302
122 219
121 240
141 234
141 291
141 292
141 317
141 318
149 314
149 317
65 176
122 176
111 188
111 199
111 217
111 220
111 249
111 340
153 321
153 323
153 324
153 328
153 331
121 247
124 247
65 195
90 195
65 289
122 289
124 295
140 295
142 295
65 159
76 159
159 310
159 314
159 331
159 333
65 163
135 163
163 310
163 314
163 331
163 340
65 172
56 140
56 154
56 256
121 239
126 239
126 249
142 298
76 324
152 324
156 324
65 122
65 177
65 232
152 310
122 185
122 202
122 281
126 256
126 261
126 264
126 287
126 302
126 335
124 206
146 325
145 275
145 293
145 308
145 333
83 160
83 335
121 244
76 156
156 326
156 328
121 200
121 256
121 321
76 154
154 321
152 319
152 321
90 146
146 314
146 316
160 334
76 185
135 234
135 272
135 275
135 276
135 281
135 292
90 140
140 290
90 185
90 262
90 285
90 292
124 251
124 305
124 326
150 316
150 317
152 323
152 335
142 251
142 308
142 340
147 316
147 335
