1 2
1 3
1 4
1 5
1 6
1 7
1 8
1 9
1 10
1 11
1 12
1 13
1 14
1 15
1 16
1 17
1 18
1 19
2 4
2 5
2 6
2 7
2 8
2 10
2 12
2 13
2 14
2 17
2 18
2 30
2 37
2 58
2 59
2 61
2 62
2 64
2 66
2 69
2 70
2 78
2 79
2 80
2 81
2 82
2 83
2 86
2 88
2 89
2 91
2 94
2 104
2 105
2 106
2 107
2 108
2 109
2 110
2 111
2 112
2 113
2 114
3 9
3 30
3 61
3 70
3 73
3 74
3 76
3 98
3 120
3 123
3 124
3 125
3 126
4 5
4 6
4 7
4 14
4 30
4 37
4 61
4 62
4 63
4 64
4 65
4 78
4 79
4 80
4 81
4 82
4 86
4 91
4 94
4 106
4 112
4 113
5 6
5 7
5 12
5 13
5 15
5 16
5 32
5 36
5 37
5 45
5 50
5 57
5 58
5 59
5 61
5 66
5 68
5 71
5 72
5 74
5 75
5 76
5 78
5 79
5 80
5 81
5 82
5 83
5 85
5 88
5 89
5 90
5 91
5 92
5 95
5 96
5 105
5 108
5 109
5 110
5 111
5 112
5 113
5 114
5 115
5 117
5 120
5 121
5 123
5 124
5 125
5 126
5 129
5 130
5 133
5 134
5 136
5 138
5 141
5 142
5 143
6 7
6 12
6 14
6 30
6 37
6 61
6 66
6 69
6 70
6 78
6 79
6 80
6 81
6 82
6 86
6 87
6 88
6 90
6 91
6 94
6 104
6 106
6 111
6 112
6 113
6 135
6 137
7 10
7 12
7 14
7 30
7 37
7 62
7 65
7 69
7 78
7 79
7 80
7 81
7 82
7 86
7 94
7 104
7 105
7 106
7 112
7 113
7 135
8 13
8 17
8 18
8 20
8 22
8 24
8 25
8 29
8 30
8 34
8 37
8 38
8 39
8 42
8 43
8 44
8 48
8 58
8 60
8 66
8 70
8 71
8 74
8 76
8 78
8 79
8 84
8 85
8 92
8 95
8 96
8 98
8 114
8 122
8 127
9 11
9 12
9 15
9 16
9 17
9 18
9 19
9 98
9 99
9 100
9 101
9 102
9 103
9 114
9 126
9 147
10 15
10 17
10 18
10 37
10 62
10 104
10 108
10 112
10 115
10 126
11 16
11 17
11 18
11 19
11 70
11 99
11 101
11 103
12 13
12 14
12 15
12 16
12 17
12 18
12 19
12 114
12 126
13 27
13 29
13 37
13 40
13 41
13 43
13 44
13 47
13 48
13 49
13 50
13 51
13 53
13 54
13 55
13 57
13 58
13 59
13 60
13 61
13 62
13 64
13 65
13 66
13 67
13 71
13 72
13 73
13 74
13 75
13 76
13 77
13 78
13 79
13 83
13 84
13 85
13 88
13 89
13 91
13 92
13 95
13 96
13 105
13 107
13 108
13 111
13 114
13 115
13 118
13 121
13 122
13 127
13 129
13 130
13 133
13 136
13 141
14 36
14 37
14 45
14 59
14 61
14 64
14 65
14 66
14 67
14 68
14 69
14 70
14 73
14 78
14 79
14 80
14 81
14 82
14 86
14 88
14 89
14 90
14 91
14 106
14 109
14 112
14 113
14 115
14 131
14 133
14 134
14 135
14 136
14 137
14 139
14 143
14 144
15 16
15 17
15 18
15 19
15 43
15 46
15 62
15 114
15 126
15 146
16 17
16 18
16 19
16 43
16 46
16 62
16 73
16 101
16 114
16 126
16 146
17 18
17 29
17 44
17 70
17 79
17 85
17 95
17 96
17 97
17 98
17 114
17 126
18 19
18 70
18 79
18 95
18 96
18 98
18 99
18 100
18 101
18 102
18 103
18 114
18 126
18 146
19 70
19 98
19 99
19 100
19 101
19 102
19 103
19 114
19 126
19 146
19 147
20 30
23 30
24 30
26 30
27 30
29 30
30 33
30 34
30 38
30 39
30 41
30 43
30 58
30 61
30 63
30 66
30 71
30 74
30 81
30 83
30 87
30 96
30 111
30 112
30 113
30 117
30 119
30 120
30 121
30 123
30 124
30 125
30 128
30 132
30 135
30 137
30 141
20 37
27 37
32 37
33 37
37 43
37 49
37 50
37 54
37 57
37 58
37 60
37 61
37 62
37 64
37 66
37 68
37 69
37 71
37 72
37 73
37 74
37 76
37 78
37 82
37 83
37 84
37 85
37 86
37 87
37 88
37 89
37 91
37 92
37 95
37 96
37 97
37 98
37 99
37 106
37 108
37 109
37 114
37 118
37 123
37 125
37 127
37 129
37 135
37 137
37 142
37 144
40 58
46 58
54 58
57 58
58 59
58 61
58 62
58 71
58 72
58 73
58 74
58 76
58 78
58 85
58 88
58 89
58 91
58 112
58 115
58 117
58 121
58 124
58 125
58 141
36 59
40 59
49 59
56 59
59 61
59 62
59 69
59 73
59 75
59 79
59 81
59 83
59 86
59 87
59 90
59 91
59 105
59 109
59 112
59 115
59 116
59 134
32 61
33 61
40 61
44 61
49 61
50 61
51 61
54 61
57 61
60 61
61 62
61 63
61 66
61 67
61 69
61 71
61 72
61 73
61 74
61 75
61 76
61 78
61 79
61 80
61 82
61 83
61 84
61 85
61 87
61 88
61 89
61 90
61 91
61 92
61 95
61 97
61 105
61 106
61 110
61 111
61 113
61 116
61 117
61 118
61 120
61 121
61 122
61 123
61 124
61 125
61 127
61 128
61 129
61 130
61 133
61 135
61 136
61 137
61 138
61 141
61 142
61 145
27 62
32 62
33 62
40 62
43 62
44 62
45 62
47 62
49 62
50 62
51 62
54 62
57 62
62 66
62 67
62 70
62 71
62 72
62 73
62 74
62 75
62 76
62 78
62 79
62 80
62 83
62 84
62 85
62 88
62 89
62 90
62 91
62 92
62 95
62 96
62 97
62 98
62 100
62 101
62 106
62 108
62 109
62 111
62 112
62 113
62 114
62 115
62 116
62 119
62 120
62 121
62 122
62 124
62 125
62 127
62 130
62 136
62 141
62 143
62 144
62 146
62 147
62 149
38 64
41 64
43 64
56 64
63 64
64 65
64 66
64 67
64 70
64 80
64 92
64 93
64 94
35 66
41 66
43 66
51 66
55 66
56 66
57 66
63 66
65 66
66 67
66 70
66 78
66 79
66 81
66 82
66 83
66 88
66 89
66 91
66 92
66 93
66 104
66 106
66 112
66 115
66 121
36 69
45 69
68 69
69 78
69 88
69 91
69 105
69 106
69 109
69 113
69 115
69 131
69 133
69 135
69 136
69 137
69 139
69 143
41 70
46 70
47 70
52 70
55 70
56 70
65 70
67 70
70 78
70 81
70 82
70 83
70 87
70 93
70 106
70 129
70 130
70 131
48 78
57 78
78 79
78 80
78 81
78 82
78 83
78 84
78 85
78 86
78 87
78 88
78 89
78 90
78 91
78 92
60 79
79 81
79 86
79 91
79 106
79 112
79 114
79 115
79 116
65 80
80 81
80 82
80 105
80 106
80 112
51 81
56 81
67 81
81 82
81 86
81 88
81 93
81 94
81 104
81 105
81 107
81 113
31 82
56 82
45 83
50 83
51 83
55 83
57 83
67 83
74 83
83 85
83 87
83 88
83 89
83 91
83 92
83 95
83 107
83 111
83 115
83 116
83 129
83 130
83 133
83 135
83 136
86 112
86 144
86 145
32 88
36 88
45 88
55 88
56 88
57 88
67 88
73 88
85 88
88 89
88 91
88 105
88 107
88 109
88 111
88 115
88 116
88 129
88 130
88 133
88 136
88 138
88 139
88 143
56 89
57 89
89 91
89 110
89 113
89 129
89 136
89 143
89 144
89 145
49 91
57 91
67 91
74 91
75 91
85 91
90 91
91 105
91 108
91 115
91 131
91 134
91 136
91 142
93 94
94 104
94 105
94 112
45 104
96 104
104 105
36 105
67 105
90 105
105 107
105 112
105 113
105 115
105 116
105 133
105 134
106 113
106 137
45 107
107 111
107 113
107 116
107 133
107 138
44 108
50 108
51 108
73 108
74 108
85 108
108 112
108 115
108 141
36 109
57 109
87 109
109 115
109 116
109 133
109 136
36 110
41 110
53 110
93 110
110 113
110 129
110 134
110 144
55 111
57 111
87 111
111 116
111 129
111 130
111 133
111 135
111 138
74 112
112 115
112 117
112 120
112 121
112 125
112 141
93 113
113 129
113 131
113 144
113 145
51 114
71 114
74 114
98 114
114 126
44 73
46 73
71 73
72 73
73 74
73 76
73 95
73 121
73 125
73 135
73 144
33 74
43 74
44 74
46 74
51 74
53 74
54 74
55 74
57 74
60 74
71 74
72 74
74 76
74 84
74 85
74 92
74 95
74 96
74 117
74 119
74 120
74 121
74 125
74 141
43 76
44 76
46 76
72 76
76 120
76 123
76 124
76 141
43 98
48 98
92 98
117 120
120 123
120 125
120 141
123 125
123 128
51 124
124 141
44 125
71 125
118 125
119 125
121 125
125 128
125 132
53 126
100 126
101 126
102 126
103 126
126 146
126 147
126 148
126 149
126 150
41 63
56 63
63 65
63 67
41 65
56 65
65 67
20 32
21 32
23 32
24 32
25 32
27 32
29 32
31 32
32 33
32 34
32 35
32 38
32 39
32 40
32 57
32 60
32 84
32 85
32 92
32 95
32 96
32 97
32 118
32 127
20 36
33 36
36 41
36 45
36 46
36 52
36 53
36 55
36 68
36 115
36 133
36 134
36 138
36 139
36 142
36 143
41 45
42 45
45 115
45 133
45 136
45 138
45 143
40 50
49 50
50 54
50 57
50 60
50 84
50 85
50 92
50 95
50 96
50 127
40 57
49 57
51 57
57 60
57 71
57 72
57 85
57 87
57 92
57 95
57 115
57 116
57 122
57 129
57 130
57 133
57 135
43 71
44 71
46 71
51 71
71 117
71 118
71 119
71 121
46 72
60 72
72 92
72 96
72 117
72 118
46 75
56 75
67 75
75 93
75 134
75 136
27 85
43 85
44 85
49 85
54 85
60 85
84 85
85 90
85 92
85 95
85 96
85 97
85 122
85 127
85 129
85 136
85 142
90 134
27 92
29 92
33 92
38 92
39 92
43 92
54 92
60 92
84 92
92 95
92 96
92 97
92 127
29 95
47 95
48 95
54 95
60 95
67 95
84 95
95 96
95 97
95 122
95 127
29 96
38 96
43 96
44 96
48 96
54 96
84 96
96 97
96 122
96 127
67 115
115 116
115 121
115 130
115 133
115 136
115 137
115 139
115 143
117 118
117 119
117 121
118 121
119 121
121 141
41 129
93 129
129 136
129 144
129 145
51 130
55 130
87 130
116 130
130 135
130 136
56 133
116 133
133 136
133 138
133 139
133 140
56 134
67 134
93 134
134 142
136 142
87 138
139 143
41 87
51 87
67 87
87 116
87 135
87 137
87 144
116 135
131 135
135 137
122 137
131 137
20 21
20 22
20 23
20 24
20 25
20 26
20 27
20 28
20 29
20 31
20 33
20 34
20 35
20 38
20 39
21 22
22 23
22 24
22 25
22 26
22 27
22 28
22 29
22 31
22 33
22 34
22 35
22 38
22 39
22 40
22 41
21 24
23 24
24 25
24 26
24 27
24 28
24 29
24 31
24 33
24 34
24 35
24 38
24 39
21 25
23 25
25 26
25 27
25 28
25 29
25 31
25 33
25 34
25 35
25 38
25 39
25 60
21 29
23 29
26 29
27 29
29 33
29 34
29 38
29 39
29 40
29 43
29 84
21 34
23 34
26 34
27 34
28 34
31 34
33 34
34 35
34 38
34 39
21 38
23 38
26 38
27 38
28 38
31 38
33 38
38 39
38 41
38 44
38 48
38 51
38 53
38 54
38 77
38 97
38 127
21 39
23 39
26 39
27 39
28 39
31 39
33 39
35 39
39 97
42 43
42 44
40 43
43 44
43 48
43 54
43 60
43 84
43 122
40 44
41 44
44 46
44 47
44 48
44 49
44 51
44 53
44 54
44 55
44 77
44 84
44 119
40 48
48 49
48 52
48 53
48 54
48 84
48 97
40 60
49 60
51 60
60 84
60 97
60 116
33 84
49 84
54 84
84 97
84 122
84 127
122 127
27 127
33 127
54 127
97 127
99 100
99 101
99 102
99 103
100 101
100 103
100 146
100 147
100 148
101 102
101 103
101 147
103 146
146 147
147 149
21 27
23 27
27 33
27 49
27 97
40 46
40 47
40 49
40 51
40 52
40 53
40 54
40 55
40 56
31 41
41 46
41 47
41 49
41 51
41 52
41 53
41 54
41 55
41 56
41 67
41 77
41 93
41 139
41 145
46 47
47 51
47 52
47 53
47 54
47 55
47 56
47 67
47 77
49 51
49 53
49 54
49 55
49 97
33 51
46 51
51 52
51 53
51 54
51 55
51 56
51 67
51 77
51 93
51 140
46 53
52 53
53 54
53 55
53 56
53 77
53 139
53 140
28 54
46 54
52 54
54 55
54 56
54 97
46 55
52 55
55 56
55 67
55 77
55 140
55 144
46 67
52 67
56 67
67 93
67 140
46 77
52 77
56 77
77 140
116 118
118 119
118 128
116 139
144 145
46 52
46 56
146 148
146 149
35 97
21 23
21 26
21 28
21 33
21 35
23 26
23 28
23 31
23 33
23 35
26 28
26 31
26 35
28 31
28 33
28 35
31 33
31 35
33 35
119 128
119 132
128 132
52 56
56 93
56 140
56 145
93 140
