1 2
1 354
2 354
3 354
4 354
13 354
35 354
97 354
114 354
226 354
235 354
3 4
3 10
3 11
3 12
3 13
3 35
3 36
3 37
3 38
3 50
3 109
3 110
3 111
3 127
3 132
3 133
3 134
3 144
3 145
3 146
3 154
3 155
3 225
3 226
3 249
3 288
3 289
3 298
3 299
3 305
3 345
3 347
3 348
4 12
4 13
4 35
4 36
4 37
4 38
4 154
4 155
4 176
4 178
4 179
4 181
4 207
4 211
4 212
4 213
4 214
4 225
4 226
4 230
4 273
4 288
4 289
4 347
4 348
10 11
10 12
10 13
10 14
10 15
10 16
10 17
10 249
11 12
11 13
12 13
12 36
12 37
12 38
12 154
12 155
12 253
12 254
12 308
12 340
12 341
12 342
13 36
13 37
13 38
13 133
13 134
13 154
13 155
13 225
13 226
13 288
13 289
13 298
13 299
13 345
13 347
35 55
36 37
36 38
36 154
36 155
36 298
36 299
37 38
37 154
37 155
38 154
38 155
50 144
50 145
50 146
109 110
109 111
109 112
109 302
109 305
110 111
110 112
110 302
110 305
111 112
111 302
111 305
111 314
111 315
127 128
127 129
133 134
144 145
144 146
145 146
154 155
226 288
226 289
288 289
298 299
347 348
176 177
176 178
176 179
176 180
176 181
176 234
14 178
15 178
177 178
178 179
178 180
178 181
178 221
178 228
178 229
178 230
178 234
178 273
177 179
179 180
179 181
179 234
181 221
181 273
21 207
207 208
207 209
207 210
207 211
207 212
207 213
207 214
207 215
207 216
207 222
207 233
207 272
212 213
212 214
212 215
212 216
212 221
212 222
212 223
212 233
213 214
221 273
5 6
5 167
5 168
5 169
5 170
5 355
6 21
6 51
6 52
6 53
6 54
6 120
6 166
6 316
6 317
6 318
6 355
167 168
167 169
167 170
169 170
21 22
21 23
21 32
21 80
21 89
21 90
21 91
21 92
21 93
21 107
21 108
21 135
21 174
21 175
21 210
21 227
21 248
21 270
21 271
21 272
21 281
21 290
21 291
21 292
21 358
51 52
51 53
51 54
52 53
54 240
54 241
54 274
54 275
54 276
54 277
54 319
54 320
120 121
120 316
120 317
97 166
118 166
316 317
7 8
7 9
7 56
7 57
7 58
7 356
8 9
8 356
9 356
39 56
56 57
56 58
56 59
56 60
56 61
56 62
56 63
56 64
56 68
56 69
56 104
56 105
56 106
56 148
56 224
56 260
56 337
57 58
57 68
57 69
58 59
58 60
58 64
58 68
58 69
58 260
14 15
14 24
14 47
14 150
14 234
14 237
14 339
15 47
15 150
15 234
15 237
15 339
16 17
16 185
253 254
306 308
307 308
308 309
308 340
308 341
308 342
308 379
340 341
340 342
341 342
47 48
47 49
99 150
150 300
150 321
150 375
18 19
18 20
18 357
19 20
19 40
19 41
19 42
19 44
19 45
19 196
19 203
19 204
19 357
20 67
20 122
20 196
20 205
20 208
20 209
20 244
20 357
27 357
94 357
196 357
197 357
208 357
209 357
244 357
262 357
263 357
40 41
40 42
40 43
26 41
41 42
41 65
41 80
41 85
41 140
41 148
41 149
41 282
41 283
41 297
41 311
41 359
33 42
42 65
42 85
42 100
42 101
42 148
42 149
42 242
42 243
42 266
42 338
44 45
27 196
196 197
203 204
66 67
67 365
122 183
122 184
122 205
122 206
122 371
208 209
208 244
209 244
22 23
22 358
23 358
32 151
32 152
32 153
32 215
32 216
32 257
32 301
32 361
79 80
80 81
80 82
80 83
80 84
80 156
80 157
80 158
80 261
80 283
80 311
80 312
80 313
80 336
80 368
89 90
89 91
89 92
89 93
90 91
90 92
72 91
73 91
75 91
91 92
91 162
91 236
92 93
92 258
92 259
92 346
93 108
93 135
93 136
93 138
107 108
108 210
108 231
108 232
135 136
135 137
135 138
175 227
270 271
290 291
290 292
291 292
25 26
25 27
25 28
25 359
26 27
26 28
26 29
26 30
26 65
26 192
26 193
26 194
26 195
26 282
26 343
26 344
26 359
27 28
27 29
27 30
27 94
27 195
27 197
27 359
28 359
29 359
30 359
65 359
195 359
29 30
29 195
65 148
65 149
192 193
192 194
193 194
343 344
31 279
31 280
31 360
49 279
279 280
279 331
279 332
279 333
151 152
151 153
152 153
153 257
215 216
215 222
215 233
215 301
216 222
216 233
216 301
33 34
33 149
33 217
33 218
33 219
33 220
33 250
33 251
33 252
33 338
33 362
34 250
34 251
34 252
34 362
43 149
147 149
148 149
149 242
149 243
149 310
149 338
149 374
217 218
217 219
217 220
217 362
218 219
218 220
218 362
219 220
219 362
220 362
250 251
250 252
251 252
55 85
55 86
55 87
55 95
55 96
39 63
39 159
39 160
39 161
39 202
39 363
159 160
159 161
160 161
161 202
85 86
85 87
85 88
85 95
85 96
85 126
85 171
85 172
85 364
140 141
140 142
140 143
140 297
105 148
147 148
148 182
148 224
148 264
148 265
148 266
148 267
148 374
283 311
100 101
100 293
100 294
100 295
100 296
242 243
265 266
46 364
95 364
171 364
172 364
48 49
49 331
49 332
49 333
331 332
331 333
332 333
240 241
241 274
241 275
241 276
241 277
274 275
274 276
274 277
275 276
319 320
86 87
86 88
86 286
87 139
87 255
87 334
87 335
95 96
95 171
95 172
59 60
59 61
59 62
59 64
59 102
59 130
59 190
59 278
59 303
59 304
59 322
59 323
59 324
59 325
59 352
59 353
60 61
60 62
60 64
61 62
61 102
61 278
62 130
64 260
68 69
69 104
69 105
69 106
104 105
104 106
105 106
105 224
102 103
102 190
102 278
102 322
102 323
102 324
102 325
102 370
130 131
130 245
130 246
130 268
130 269
130 373
187 190
188 190
189 190
190 191
190 278
190 322
190 323
190 324
190 325
190 377
278 303
278 304
278 322
278 323
278 324
278 325
278 352
278 353
303 304
322 323
322 324
322 325
323 324
323 325
324 325
352 353
66 365
70 71
70 72
70 73
70 74
70 75
70 76
70 238
70 239
70 366
71 72
71 73
71 74
71 75
71 76
71 366
72 73
72 74
72 75
72 76
72 236
72 238
72 239
72 366
73 74
73 75
73 76
73 236
73 238
73 239
73 366
74 75
74 76
74 366
75 76
75 236
75 238
75 239
75 366
76 366
238 239
77 78
77 113
77 114
77 115
77 116
77 117
77 165
77 367
78 113
78 114
78 115
78 116
78 117
78 165
78 367
113 114
113 115
113 116
113 117
97 114
98 114
114 115
114 116
114 117
114 118
114 119
114 235
115 116
115 117
115 165
116 117
79 81
79 82
79 83
79 84
79 368
81 82
81 83
81 84
81 123
81 368
82 83
82 84
82 156
82 336
82 368
83 84
83 368
84 368
156 157
156 158
312 313
124 126
125 126
126 171
126 372
171 172
171 173
255 256
255 334
255 335
334 335
162 163
162 164
162 284
162 285
162 376
258 259
97 98
97 99
97 118
97 119
97 235
97 287
97 326
97 327
97 328
97 329
97 330
97 369
98 99
98 118
98 287
98 369
99 321
99 369
118 326
118 327
118 328
118 329
118 330
326 327
326 328
326 329
326 330
327 328
327 329
327 330
328 329
328 330
329 330
293 294
293 295
293 296
294 295
294 296
295 296
103 370
186 370
231 232
314 315
183 184
184 349
184 350
184 351
124 125
124 372
125 372
128 129
131 373
245 246
245 247
245 268
245 269
245 373
245 378
246 269
246 378
268 373
141 142
142 143
147 182
147 374
264 265
265 267
163 164
163 284
163 285
163 376
164 376
284 285
284 376
285 376
221 222
221 223
228 229
349 350
349 351
350 351
187 188
187 189
187 191
187 377
188 189
188 191
188 198
188 199
188 200
188 201
188 377
189 191
189 377
191 377
198 199
198 200
198 201
199 200
199 201
200 201
222 223
222 233
247 378
262 263
306 307
306 309
306 379
307 309
307 379
309 379
