1 2
1 3
1 4
1 5
1 6
1 7
1 8
1 9
1 17
1 43
1 96
1 105
1 106
1 123
1 128
2 4
2 5
2 6
2 7
2 8
2 9
2 10
2 11
2 13
2 14
2 19
2 27
2 29
2 43
2 44
2 45
2 46
2 47
2 48
2 49
2 50
2 51
2 52
2 53
2 54
2 113
2 179
2 191
2 200
3 4
3 5
3 6
3 7
3 8
3 9
3 10
3 13
3 14
3 17
3 22
3 27
3 43
3 44
3 45
3 57
3 59
3 60
3 63
3 97
3 105
3 106
3 113
3 127
3 128
3 129
4 5
4 10
4 11
4 29
4 43
4 44
4 45
4 48
4 56
4 105
4 108
4 132
4 133
5 10
5 12
5 13
5 14
5 29
5 43
5 44
5 49
5 51
5 97
5 98
5 105
5 109
5 157
6 9
6 49
6 71
6 98
6 105
6 113
6 117
6 191
6 197
7 8
7 14
7 22
7 27
7 59
7 106
7 107
7 113
7 123
7 124
7 128
7 140
8 14
8 17
8 27
8 28
8 31
8 35
8 39
8 42
8 43
8 64
8 107
8 113
8 124
9 49
9 105
9 113
9 117
9 123
9 191
9 197
10 17
17 18
17 20
17 24
17 25
17 31
17 35
17 44
17 50
17 51
17 54
17 59
17 105
17 107
17 124
17 127
17 131
17 147
17 148
17 160
17 179
17 189
17 198
17 201
17 202
13 43
14 43
43 59
43 97
43 105
43 113
46 96
47 96
48 96
90 96
92 96
93 96
94 96
95 96
96 115
96 116
96 129
96 138
96 141
96 147
96 163
96 170
96 172
96 177
11 105
14 105
27 105
44 105
59 105
105 106
105 107
105 108
105 130
14 106
22 106
27 106
28 106
47 106
59 106
71 106
106 113
106 124
106 140
106 141
106 142
106 143
22 123
27 123
80 123
113 123
123 124
123 133
13 128
33 128
34 128
40 128
41 128
45 128
61 128
62 128
65 128
70 128
116 128
120 128
121 128
125 128
128 140
128 141
128 144
128 146
128 150
128 156
128 161
128 165
128 166
128 167
128 169
128 172
128 178
128 184
128 185
128 212
10 11
10 12
10 13
10 14
10 15
10 16
10 18
10 19
10 20
10 21
10 22
10 23
10 24
10 52
10 108
10 160
11 16
11 23
11 52
11 69
11 87
11 88
11 89
11 108
12 13
13 22
13 23
13 24
13 25
13 26
13 36
13 44
13 45
13 52
13 53
13 100
13 108
13 120
13 130
13 131
13 213
14 22
14 27
14 36
14 44
14 59
14 60
14 63
14 113
14 126
14 130
14 136
14 140
18 19
19 21
19 32
19 40
19 45
19 48
19 50
19 70
19 72
19 73
19 113
19 118
19 120
19 124
19 127
19 133
19 140
19 160
19 163
19 179
19 199
19 201
19 204
20 27
22 27
25 27
27 28
27 29
27 34
27 40
27 42
27 44
27 45
27 47
27 54
27 59
27 60
27 66
27 77
27 107
27 113
27 122
27 124
27 125
27 126
27 196
27 204
25 29
28 29
29 30
29 45
29 48
29 50
29 51
29 108
29 132
29 138
29 139
29 158
44 59
44 97
44 107
44 113
44 212
18 45
22 45
24 45
26 45
45 67
45 69
45 87
45 108
45 112
45 127
45 129
45 131
45 140
45 159
21 46
36 46
46 47
46 48
46 49
46 50
46 53
46 69
46 73
46 90
46 92
46 93
46 98
46 99
46 100
46 103
46 115
46 147
46 148
46 161
46 162
46 173
47 54
47 90
47 92
47 93
47 94
47 115
47 116
47 121
47 125
47 138
47 141
47 146
47 147
47 163
47 166
47 167
47 170
47 172
47 177
48 55
48 56
48 58
48 69
48 91
48 92
48 98
48 146
48 161
48 193
26 49
49 68
49 94
49 98
49 117
49 199
21 50
32 50
36 50
50 51
50 53
50 54
50 68
50 73
50 99
50 100
50 101
50 102
50 118
50 120
50 148
50 160
50 170
50 179
21 51
36 51
51 52
51 53
51 54
51 70
51 73
51 99
51 118
51 121
51 125
51 131
51 148
51 162
51 179
51 204
24 52
41 52
52 53
52 54
52 61
52 67
52 70
52 73
52 88
52 97
52 98
52 102
52 104
52 126
52 131
52 137
52 148
52 169
52 172
52 215
21 53
22 53
36 53
53 67
53 70
53 98
53 99
53 125
53 131
53 140
53 162
53 167
53 169
53 200
26 54
40 54
54 64
54 65
54 71
54 115
54 116
54 120
54 121
54 122
54 124
54 131
54 133
54 148
54 162
54 170
54 179
54 184
54 196
54 201
54 204
22 113
25 113
32 113
35 113
36 113
40 113
42 113
59 113
80 113
107 113
108 113
113 122
113 124
113 125
113 133
113 140
113 156
113 159
113 171
113 184
113 185
113 198
20 179
24 179
32 179
36 179
70 179
73 179
118 179
120 179
121 179
127 179
131 179
148 179
160 179
163 179
165 179
170 179
179 199
179 201
69 191
97 191
100 191
191 192
102 200
200 201
22 57
22 58
22 59
22 60
41 57
55 57
56 57
57 58
57 59
57 60
57 61
57 63
57 64
57 74
57 76
57 79
57 80
57 86
57 146
57 147
57 148
57 149
57 150
55 59
58 59
59 60
59 63
59 70
59 146
55 60
56 60
58 60
60 63
60 64
60 126
55 63
56 63
58 63
61 63
62 63
63 64
63 66
63 70
63 120
63 126
63 146
63 150
63 165
63 202
18 97
32 97
68 97
97 98
97 99
97 100
97 101
97 102
97 103
97 104
97 192
97 211
20 127
24 127
70 127
73 127
120 127
125 127
127 136
127 148
127 159
127 163
127 201
23 129
83 129
87 129
110 129
111 129
112 129
121 129
129 130
129 137
129 206
129 207
129 213
129 217
55 56
56 58
56 64
56 65
56 76
56 144
56 145
56 146
12 108
23 108
24 108
70 108
98 108
108 109
108 110
108 111
108 112
108 117
108 130
108 132
108 133
108 201
108 206
108 211
130 132
132 201
16 133
23 133
36 133
40 133
61 133
62 133
68 133
70 133
133 136
133 137
133 155
133 156
133 199
133 217
12 23
12 87
12 109
12 110
12 111
12 112
12 130
12 135
12 199
55 98
65 98
92 98
94 98
98 99
98 117
98 126
98 141
98 144
98 145
98 154
98 162
98 163
98 168
98 169
98 171
98 184
98 199
98 206
98 215
23 109
109 110
109 111
109 130
109 136
109 137
66 157
70 157
126 157
134 157
135 157
157 158
157 169
157 202
157 203
157 205
157 208
157 210
64 71
65 71
66 71
67 71
71 72
71 85
71 94
71 115
71 121
71 126
71 141
71 143
71 149
71 156
71 158
71 166
71 167
71 178
71 184
71 194
71 195
71 196
71 202
71 205
71 212
71 213
71 216
26 117
117 140
117 192
117 199
28 107
31 107
35 107
37 107
107 120
107 122
107 124
107 198
107 202
107 208
28 124
33 124
34 124
40 124
42 124
125 140
140 156
140 211
25 28
28 33
28 34
28 35
28 37
28 39
28 40
28 42
28 74
25 31
31 35
31 84
31 147
31 198
25 35
33 35
35 42
35 104
35 171
35 198
25 39
33 39
34 39
36 39
39 42
25 42
33 42
34 42
40 42
55 64
58 64
64 65
64 66
64 121
64 146
64 149
64 150
64 158
64 212
64 216
15 18
15 23
15 68
15 87
15 142
15 150
15 160
15 217
16 21
16 24
16 32
16 69
16 70
16 89
16 100
16 101
16 102
16 104
16 120
18 20
18 68
18 102
18 160
18 194
20 25
20 30
20 69
20 73
20 99
20 115
20 160
20 163
21 36
21 70
21 87
21 88
21 89
23 87
23 110
23 111
23 112
23 130
23 137
23 206
24 55
24 70
24 73
24 92
24 100
24 111
24 115
24 141
24 148
24 149
24 163
24 187
24 189
24 199
24 201
32 160
102 160
67 69
69 72
69 73
69 85
69 87
69 88
69 89
69 99
69 125
69 156
69 164
69 166
69 169
69 193
69 196
69 201
69 204
69 211
70 87
87 88
87 89
87 110
87 111
87 112
87 130
87 150
87 155
87 206
87 207
87 213
70 88
72 88
85 88
88 89
88 94
88 131
88 141
88 143
88 161
88 162
88 166
88 193
88 194
88 201
72 89
89 162
89 194
89 201
110 111
110 112
110 130
110 206
110 207
70 111
111 112
111 130
111 206
111 207
111 213
55 112
70 112
100 112
112 119
112 120
112 121
112 130
112 149
112 206
112 207
112 213
112 217
130 206
130 207
130 211
130 217
66 135
75 135
77 135
84 135
85 135
86 135
134 135
135 138
135 139
135 144
135 149
135 161
135 174
135 176
135 184
135 185
135 196
135 202
135 205
135 210
135 214
135 216
32 199
73 199
171 199
189 199
192 199
25 26
25 30
25 32
25 33
25 34
25 36
25 37
25 38
25 40
25 41
26 36
26 61
26 114
26 115
26 116
26 118
26 119
26 120
26 121
32 36
36 68
36 114
36 115
36 119
36 120
36 136
36 169
36 171
36 173
36 204
32 100
93 100
100 101
100 102
100 103
100 104
100 115
100 120
100 148
100 207
40 120
41 120
61 120
62 120
70 120
72 120
114 120
115 120
116 120
118 120
119 120
120 121
120 169
120 170
120 171
120 173
120 192
120 204
120 207
120 215
41 131
61 131
62 131
67 131
70 131
73 131
83 131
118 131
125 131
131 138
131 142
131 148
131 162
131 169
131 172
131 204
131 215
70 213
119 213
121 213
206 213
207 213
213 217
65 126
66 126
73 126
81 126
85 126
125 126
126 139
126 142
126 144
126 150
126 165
126 166
126 169
126 176
126 180
126 181
126 183
126 184
126 185
126 195
121 136
136 137
136 170
136 171
67 68
68 72
68 102
68 177
70 142
85 142
142 143
142 165
142 166
142 184
142 194
41 150
65 150
66 150
70 150
121 150
144 150
149 150
150 156
150 165
150 178
150 184
150 185
150 212
150 214
150 216
137 217
206 217
207 217
32 93
32 101
32 102
32 103
41 70
55 70
61 70
62 70
67 70
70 73
70 83
70 116
70 119
70 121
70 125
70 141
70 144
70 145
70 146
70 147
70 148
70 156
70 162
70 163
70 165
70 166
70 167
70 169
70 170
70 172
70 181
70 182
70 186
70 206
70 207
70 215
101 102
101 104
102 103
102 104
73 147
92 147
93 147
95 147
115 147
138 147
147 151
147 161
147 167
147 170
147 172
147 175
147 177
38 148
61 148
62 148
115 148
148 155
148 163
148 178
99 189
153 189
37 198
72 201
156 201
184 201
194 201
65 202
66 202
134 202
202 205
202 208
202 210
65 194
72 194
85 194
95 194
125 194
143 194
156 194
164 194
167 194
33 40
34 40
40 192
67 72
72 85
72 125
72 141
72 143
72 156
72 162
72 166
72 193
67 73
73 118
73 162
73 163
73 165
73 166
73 169
73 170
73 184
73 188
73 193
118 192
41 163
92 163
93 163
115 163
138 163
141 163
149 163
163 165
163 170
163 172
163 177
163 187
196 204
204 211
30 122
30 151
30 153
30 158
30 196
67 99
81 115
92 115
93 115
114 115
115 116
115 138
115 165
115 170
115 173
115 177
115 184
115 196
41 58
55 58
58 61
58 62
58 146
137 158
137 171
137 203
121 206
206 207
41 55
55 61
55 62
55 65
55 66
55 146
90 92
92 93
92 94
92 95
92 138
92 170
92 172
92 175
92 177
92 178
92 186
85 141
94 141
141 143
141 161
141 164
141 165
141 166
141 167
141 175
141 186
65 149
67 149
103 149
121 149
149 169
149 212
149 216
78 187
81 187
134 187
138 187
151 187
161 187
168 187
172 187
173 187
174 187
175 187
176 187
184 187
186 187
187 188
187 190
187 195
187 211
33 34
33 37
34 37
37 171
38 74
38 76
38 80
38 82
38 83
38 84
38 86
38 122
38 139
38 185
38 196
41 61
41 62
41 65
41 116
41 144
41 145
41 146
41 156
41 166
41 167
41 169
41 172
41 175
41 178
41 183
41 184
41 185
41 209
41 214
41 215
61 62
61 116
61 121
61 146
61 165
61 167
61 169
61 170
61 214
61 215
114 116
114 121
114 167
62 116
116 121
116 156
116 165
116 170
116 172
119 121
119 170
62 121
65 121
121 170
121 184
121 207
121 212
121 216
65 66
66 75
66 77
66 134
66 183
66 205
66 210
65 77
74 77
75 77
76 77
77 79
77 83
77 84
77 86
76 122
82 122
122 139
122 151
122 152
122 153
122 154
122 155
122 156
83 125
85 125
125 166
125 167
125 184
125 185
125 192
125 193
125 209
125 211
78 196
81 196
91 196
143 196
158 196
185 196
74 75
74 76
74 78
74 79
74 80
74 81
74 82
74 83
74 84
74 85
74 86
94 138
95 138
138 151
138 153
138 154
138 158
138 161
138 168
138 170
138 172
138 173
138 174
138 184
138 186
138 205
76 139
80 139
83 139
85 139
139 144
139 145
139 152
139 156
139 162
139 169
139 176
139 180
139 181
139 182
139 183
139 184
139 185
139 193
139 209
139 211
139 214
76 158
85 158
134 158
151 158
158 169
158 172
158 205
158 214
76 151
78 151
79 151
80 151
81 151
82 151
94 151
151 153
151 154
151 161
151 168
151 169
151 172
151 173
151 174
151 175
151 176
151 186
151 188
151 205
76 153
82 153
153 154
153 173
153 190
75 84
76 84
80 84
83 84
84 86
90 93
93 170
93 175
93 177
93 186
171 188
171 192
171 203
62 169
67 169
78 169
81 169
82 169
83 169
85 169
144 169
145 169
156 169
161 169
162 169
165 169
166 169
167 169
168 169
169 176
169 178
169 183
169 184
169 185
169 190
169 215
76 173
78 173
81 173
154 173
168 173
172 173
173 174
173 176
173 188
75 76
76 79
76 80
76 82
76 83
76 86
76 154
76 184
80 83
80 86
80 95
80 174
80 184
80 195
78 82
79 82
81 82
82 95
82 134
82 154
82 184
75 83
79 83
83 86
83 144
83 145
83 181
83 182
83 184
83 185
75 86
86 184
65 185
85 185
144 185
145 185
152 185
156 185
176 185
180 185
181 185
182 185
183 185
184 185
185 195
185 209
185 214
62 145
62 146
62 165
62 167
62 170
62 209
62 215
65 75
65 85
65 144
65 145
65 156
65 178
65 182
65 183
65 184
65 212
65 214
79 144
85 144
144 145
144 152
144 156
144 161
144 164
144 176
144 180
144 181
144 182
144 183
144 184
144 195
144 209
144 212
144 214
145 152
145 156
145 180
145 181
145 182
145 183
145 184
145 195
145 209
145 214
146 172
146 211
156 161
156 164
156 165
156 166
156 176
156 178
156 180
156 181
156 184
156 186
156 193
156 211
156 212
156 216
85 166
94 166
95 166
143 166
161 166
164 166
166 167
166 172
166 175
166 178
166 184
166 186
166 193
94 167
143 167
161 167
167 172
167 175
167 178
167 184
161 172
168 172
170 172
172 175
172 186
94 175
168 175
175 176
175 186
94 178
161 178
178 184
178 186
178 193
178 212
152 183
174 183
180 183
181 183
182 183
183 184
183 195
183 209
183 214
79 184
81 184
85 184
95 184
134 184
152 184
154 184
164 184
180 184
181 184
182 184
184 190
184 193
184 195
184 209
184 214
184 215
180 209
181 209
182 209
193 209
195 209
180 214
181 214
85 212
165 212
212 216
90 91
90 94
90 95
161 164
161 186
162 190
162 193
85 94
94 95
94 193
165 170
170 177
95 193
168 193
186 193
75 79
78 79
79 81
79 134
79 174
85 165
165 176
165 186
165 195
195 216
75 134
85 95
85 143
85 164
85 205
152 182
180 182
181 182
182 195
81 134
134 164
134 195
134 205
134 210
81 205
164 205
168 205
174 205
176 205
188 205
190 205
195 205
203 205
205 208
205 210
203 210
208 210
143 164
164 168
164 174
164 176
164 190
203 211
152 181
180 181
181 195
78 186
81 186
168 186
174 186
176 186
186 188
95 143
78 195
81 195
168 195
174 195
176 195
180 195
188 195
78 188
81 188
168 188
174 188
176 188
188 190
78 81
78 168
78 174
78 176
78 190
81 168
81 174
81 176
95 154
154 168
154 174
154 176
154 190
168 174
168 176
168 190
174 176
174 190
176 190
95 190
155 203
203 208
152 180
