1 2
1 4
1 131
1 133
1 134
1 246
1 247
1 248
2 5
2 131
2 132
2 134
2 135
2 246
2 247
2 248
2 249
3 4
4 5
4 10
4 131
4 133
4 134
4 139
4 140
4 247
4 248
4 250
4 251
4 252
5 131
131 132
131 133
131 134
131 135
131 246
131 247
131 248
3 133
9 133
10 133
133 134
133 138
133 139
133 140
133 247
133 250
133 251
5 134
10 134
11 134
132 134
134 135
134 139
134 140
134 141
134 247
134 248
134 251
134 252
132 246
246 247
246 248
246 249
3 247
5 247
247 248
247 250
247 251
247 252
5 248
6 248
132 248
135 248
248 249
248 251
248 252
248 253
5 6
5 11
5 132
5 135
5 140
5 141
5 249
5 251
5 252
5 253
6 132
132 135
132 136
6 135
11 135
12 135
135 136
135 140
135 141
135 142
135 249
135 252
135 253
6 249
136 249
249 252
249 253
249 254
3 9
3 138
3 139
3 250
3 251
8 9
9 10
9 16
9 138
9 139
9 145
9 146
9 250
9 251
9 256
9 257
9 258
8 138
15 138
16 138
137 138
138 139
138 144
138 145
138 146
138 250
138 256
138 257
10 139
16 139
17 139
139 140
139 145
139 146
139 147
139 250
139 251
139 257
139 258
8 250
10 250
250 251
250 256
250 257
250 258
10 251
11 251
140 251
251 252
251 257
251 258
251 259
10 11
10 17
10 140
10 146
10 147
10 252
10 257
10 258
10 259
11 140
17 140
18 140
140 141
140 146
140 147
140 148
140 252
140 258
140 259
6 252
11 252
12 252
141 252
252 253
252 258
252 259
252 260
6 12
6 136
6 141
6 142
6 253
6 254
11 12
11 18
11 141
11 147
11 148
11 253
11 258
11 259
11 260
12 141
18 141
19 141
136 141
141 142
141 147
141 148
141 149
141 253
141 259
141 260
12 253
13 253
136 253
142 253
253 254
253 259
253 260
253 261
12 13
12 19
12 136
12 142
12 148
12 149
12 254
12 259
12 260
12 261
13 136
136 142
136 143
13 142
19 142
20 142
142 143
142 148
142 149
142 254
142 260
142 261
13 254
143 254
254 260
254 261
7 8
7 14
7 137
7 144
7 255
7 256
8 15
8 137
8 144
8 145
8 255
8 256
8 257
14 15
14 23
14 137
14 144
14 151
14 152
14 255
14 256
14 262
14 263
15 137
137 144
137 145
137 255
137 256
15 144
23 144
24 144
144 145
144 151
144 152
144 153
144 255
144 256
144 262
144 263
15 255
255 256
255 262
255 263
15 256
16 256
145 256
256 257
256 262
256 263
256 264
15 16
15 24
15 145
15 152
15 153
15 257
15 262
15 263
15 264
16 145
24 145
25 145
145 146
145 152
145 153
145 154
145 257
145 263
145 264
16 257
17 257
146 257
257 258
257 263
257 264
257 265
16 17
16 25
16 146
16 153
16 154
16 258
16 263
16 264
16 265
17 146
25 146
26 146
146 147
146 153
146 154
146 155
146 258
146 264
146 265
17 258
18 258
147 258
258 259
258 264
258 265
258 266
17 18
17 26
17 147
17 154
17 155
17 259
17 264
17 265
17 266
18 147
26 147
27 147
147 148
147 154
147 155
147 156
147 259
147 265
147 266
18 259
19 259
148 259
259 260
259 265
259 266
259 267
18 19
18 27
18 148
18 155
18 156
18 260
18 265
18 266
18 267
19 148
27 148
28 148
148 149
148 155
148 156
148 157
148 260
148 266
148 267
13 260
19 260
20 260
149 260
260 261
260 266
260 267
260 268
13 20
13 143
13 149
13 261
19 20
19 28
19 149
19 156
19 157
19 261
19 266
19 267
19 268
20 149
28 149
29 149
143 149
149 156
149 157
149 261
149 267
149 268
20 261
143 261
261 267
261 268
20 29
20 143
20 157
20 267
20 268
22 23
23 24
23 33
23 151
23 152
23 160
23 161
23 262
23 263
23 270
23 271
23 272
22 151
32 151
33 151
150 151
151 152
151 159
151 160
151 161
151 262
151 270
151 271
24 152
33 152
34 152
152 153
152 160
152 161
152 162
152 262
152 263
152 271
152 272
22 262
24 262
262 263
262 270
262 271
262 272
24 263
25 263
153 263
263 264
263 271
263 272
263 273
24 25
24 34
24 153
24 161
24 162
24 264
24 271
24 272
24 273
25 153
34 153
35 153
153 154
153 161
153 162
153 163
153 264
153 272
153 273
25 264
26 264
154 264
264 265
264 272
264 273
264 274
25 26
25 35
25 154
25 162
25 163
25 265
25 272
25 273
25 274
26 154
35 154
36 154
154 155
154 162
154 163
154 164
154 265
154 273
154 274
26 265
27 265
155 265
265 266
265 273
265 274
265 275
26 27
26 36
26 155
26 163
26 164
26 266
26 273
26 274
26 275
27 155
36 155
37 155
155 156
155 163
155 164
155 165
155 266
155 274
155 275
27 266
28 266
156 266
266 267
266 274
266 275
266 276
27 28
27 37
27 156
27 164
27 165
27 267
27 274
27 275
27 276
28 156
37 156
38 156
156 157
156 164
156 165
156 166
156 267
156 275
156 276
28 267
29 267
157 267
267 268
267 275
267 276
267 277
28 29
28 38
28 157
28 165
28 166
28 268
28 275
28 276
28 277
29 157
38 157
39 157
157 165
157 166
157 167
157 268
157 276
157 277
29 268
268 276
268 277
29 39
29 166
29 167
29 276
29 277
21 22
21 31
21 150
21 158
21 159
21 269
21 270
22 32
22 150
22 159
22 160
22 269
22 270
22 271
30 31
31 32
31 42
31 150
31 158
31 159
31 168
31 169
31 269
31 270
31 278
31 279
31 280
32 150
150 158
150 159
150 160
150 269
150 270
30 158
41 158
42 158
158 159
158 168
158 169
158 269
158 278
158 279
32 159
42 159
43 159
159 160
159 168
159 169
159 170
159 269
159 270
159 279
159 280
30 269
32 269
269 270
269 278
269 279
269 280
32 270
33 270
160 270
270 271
270 279
270 280
270 281
32 33
32 43
32 160
32 169
32 170
32 271
32 279
32 280
32 281
33 160
43 160
44 160
160 161
160 169
160 170
160 171
160 271
160 280
160 281
33 271
34 271
161 271
271 272
271 280
271 281
271 282
33 34
33 44
33 161
33 170
33 171
33 272
33 280
33 281
33 282
34 161
44 161
45 161
161 162
161 170
161 171
161 172
161 272
161 281
161 282
34 272
35 272
162 272
272 273
272 281
272 282
272 283
34 35
34 45
34 162
34 171
34 172
34 273
34 281
34 282
34 283
35 162
45 162
46 162
162 163
162 171
162 172
162 173
162 273
162 282
162 283
35 273
36 273
163 273
273 274
273 282
273 283
273 284
35 36
35 46
35 163
35 172
35 173
35 274
35 282
35 283
35 284
36 163
46 163
47 163
163 164
163 172
163 173
163 174
163 274
163 283
163 284
36 274
37 274
164 274
274 275
274 283
274 284
274 285
36 37
36 47
36 164
36 173
36 174
36 275
36 283
36 284
36 285
37 164
47 164
48 164
164 165
164 173
164 174
164 175
164 275
164 284
164 285
37 275
38 275
165 275
275 276
275 284
275 285
275 286
37 38
37 48
37 165
37 174
37 175
37 276
37 284
37 285
37 286
38 165
48 165
49 165
165 166
165 174
165 175
165 176
165 276
165 285
165 286
38 276
39 276
166 276
276 277
276 285
276 286
276 287
38 39
38 49
38 166
38 175
38 176
38 277
38 285
38 286
38 287
39 166
49 166
50 166
166 167
166 175
166 176
166 177
166 277
166 286
166 287
39 277
40 277
167 277
277 286
277 287
277 288
39 40
39 50
39 167
39 176
39 177
39 286
39 287
39 288
40 167
50 167
51 167
167 176
167 177
167 287
167 288
30 41
30 168
30 278
30 279
41 42
41 52
41 168
41 178
41 278
41 279
41 289
41 290
42 168
52 168
53 168
168 169
168 178
168 179
168 278
168 279
168 289
168 290
42 278
278 279
278 289
278 290
42 279
43 279
169 279
279 280
279 289
279 290
279 291
42 43
42 53
42 169
42 178
42 179
42 280
42 289
42 290
42 291
43 169
53 169
54 169
169 170
169 178
169 179
169 180
169 280
169 290
169 291
43 280
44 280
170 280
280 281
280 290
280 291
280 292
43 44
43 54
43 170
43 179
43 180
43 281
43 290
43 291
43 292
44 170
54 170
55 170
170 171
170 179
170 180
170 181
170 281
170 291
170 292
44 281
45 281
171 281
281 282
281 291
281 292
281 293
44 45
44 55
44 171
44 180
44 181
44 282
44 291
44 292
44 293
45 171
55 171
56 171
171 172
171 180
171 181
171 182
171 282
171 292
171 293
45 282
46 282
172 282
282 283
282 292
282 293
282 294
45 46
45 56
45 172
45 181
45 182
45 283
45 292
45 293
45 294
46 172
56 172
57 172
172 173
172 181
172 182
172 183
172 283
172 293
172 294
46 283
47 283
173 283
283 284
283 293
283 294
283 295
46 47
46 57
46 173
46 182
46 183
46 284
46 293
46 294
46 295
47 173
57 173
58 173
173 174
173 182
173 183
173 184
173 284
173 294
173 295
47 284
48 284
174 284
284 285
284 294
284 295
284 296
47 48
47 58
47 174
47 183
47 184
47 285
47 294
47 295
47 296
48 174
58 174
59 174
174 175
174 183
174 184
174 185
174 285
174 295
174 296
48 285
49 285
175 285
285 286
285 295
285 296
285 297
48 49
48 59
48 175
48 184
48 185
48 286
48 295
48 296
48 297
49 175
59 175
60 175
175 176
175 184
175 185
175 186
175 286
175 296
175 297
49 286
50 286
176 286
286 287
286 296
286 297
286 298
49 50
49 60
49 176
49 185
49 186
49 287
49 296
49 297
49 298
50 176
60 176
61 176
176 177
176 185
176 186
176 187
176 287
176 297
176 298
40 287
50 287
51 287
177 287
287 288
287 297
287 298
287 299
40 51
40 177
40 288
50 51
50 61
50 177
50 186
50 187
50 288
50 297
50 298
50 299
51 177
61 177
62 177
177 186
177 187
177 188
177 288
177 298
177 299
51 288
288 298
288 299
51 62
51 187
51 188
51 298
51 299
52 53
52 178
52 289
52 290
52 300
53 178
64 178
178 179
178 189
178 289
178 290
178 300
53 289
289 290
289 300
53 290
54 290
179 290
290 291
290 300
290 301
53 54
53 64
53 179
53 189
53 291
53 300
53 301
54 179
64 179
65 179
179 180
179 189
179 190
179 291
179 300
179 301
54 291
55 291
180 291
291 292
291 300
291 301
291 302
54 55
54 65
54 180
54 189
54 190
54 292
54 300
54 301
54 302
55 180
65 180
66 180
180 181
180 189
180 190
180 191
180 292
180 301
180 302
55 292
56 292
181 292
292 293
292 301
292 302
292 303
55 56
55 66
55 181
55 190
55 191
55 293
55 301
55 302
55 303
56 181
66 181
67 181
181 182
181 190
181 191
181 192
181 293
181 302
181 303
56 293
57 293
182 293
293 294
293 302
293 303
293 304
56 57
56 67
56 182
56 191
56 192
56 294
56 302
56 303
56 304
57 182
67 182
68 182
182 183
182 191
182 192
182 193
182 294
182 303
182 304
57 294
58 294
183 294
294 295
294 303
294 304
294 305
57 58
57 68
57 183
57 192
57 193
57 295
57 303
57 304
57 305
58 183
68 183
69 183
183 184
183 192
183 193
183 194
183 295
183 304
183 305
58 295
59 295
184 295
295 296
295 304
295 305
295 306
58 59
58 69
58 184
58 193
58 194
58 296
58 304
58 305
58 306
59 184
69 184
70 184
184 185
184 193
184 194
184 195
184 296
184 305
184 306
59 296
60 296
185 296
296 297
296 305
296 306
296 307
59 60
59 70
59 185
59 194
59 195
59 297
59 305
59 306
59 307
60 185
70 185
71 185
185 186
185 194
185 195
185 196
185 297
185 306
185 307
60 297
61 297
186 297
297 298
297 306
297 307
297 308
60 61
60 71
60 186
60 195
60 196
60 298
60 306
60 307
60 308
61 186
71 186
72 186
186 187
186 195
186 196
186 197
186 298
186 307
186 308
61 298
62 298
187 298
298 299
298 307
298 308
298 309
61 62
61 72
61 187
61 196
61 197
61 299
61 307
61 308
61 309
62 187
72 187
73 187
187 188
187 196
187 197
187 198
187 299
187 308
187 309
62 299
63 299
188 299
299 308
299 309
299 310
62 63
62 73
62 188
62 197
62 198
62 308
62 309
62 310
63 188
73 188
74 188
188 197
188 198
188 309
188 310
64 300
65 300
189 300
300 301
64 65
64 189
64 301
65 189
189 190
189 301
65 301
66 301
190 301
301 302
301 311
65 66
65 190
65 302
65 311
66 190
75 190
190 191
190 199
190 302
190 311
66 302
67 302
191 302
302 303
302 311
302 312
66 67
66 75
66 191
66 199
66 303
66 311
66 312
67 191
75 191
76 191
191 192
191 199
191 200
191 303
191 311
191 312
67 303
68 303
192 303
303 304
303 311
303 312
303 313
67 68
67 76
67 192
67 199
67 200
67 304
67 311
67 312
67 313
68 192
76 192
77 192
192 193
192 199
192 200
192 201
192 304
192 312
192 313
68 304
69 304
193 304
304 305
304 312
304 313
304 314
68 69
68 77
68 193
68 200
68 201
68 305
68 312
68 313
68 314
69 193
77 193
78 193
193 194
193 200
193 201
193 202
193 305
193 313
193 314
69 305
70 305
194 305
305 306
305 313
305 314
305 315
69 70
69 78
69 194
69 201
69 202
69 306
69 313
69 314
69 315
70 194
78 194
79 194
194 195
194 201
194 202
194 203
194 306
194 314
194 315
70 306
71 306
195 306
306 307
306 314
306 315
306 316
70 71
70 79
70 195
70 202
70 203
70 307
70 314
70 315
70 316
71 195
79 195
80 195
195 196
195 202
195 203
195 204
195 307
195 315
195 316
71 307
72 307
196 307
307 308
307 315
307 316
307 317
71 72
71 80
71 196
71 203
71 204
71 308
71 315
71 316
71 317
72 196
80 196
81 196
196 197
196 203
196 204
196 205
196 308
196 316
196 317
72 308
73 308
197 308
308 309
308 316
308 317
308 318
72 73
72 81
72 197
72 204
72 205
72 309
72 316
72 317
72 318
73 197
81 197
82 197
197 198
197 204
197 205
197 206
197 309
197 317
197 318
63 309
73 309
74 309
198 309
309 310
309 317
309 318
309 319
63 74
63 198
63 310
73 74
73 82
73 198
73 205
73 206
73 310
73 317
73 318
73 319
74 198
82 198
83 198
198 205
198 206
198 207
198 310
198 318
198 319
74 310
310 318
310 319
74 83
74 206
74 207
74 318
74 319
75 311
76 311
199 311
311 312
311 320
75 76
75 199
75 312
75 320
76 199
85 199
199 200
199 208
199 312
199 320
76 312
77 312
200 312
312 313
312 320
312 321
76 77
76 85
76 200
76 208
76 313
76 320
76 321
77 200
85 200
86 200
200 201
200 208
200 209
200 313
200 320
200 321
77 313
78 313
201 313
313 314
313 320
313 321
313 322
77 78
77 86
77 201
77 208
77 209
77 314
77 320
77 321
77 322
78 201
86 201
87 201
201 202
201 208
201 209
201 210
201 314
201 321
201 322
78 314
79 314
202 314
314 315
314 321
314 322
314 323
78 79
78 87
78 202
78 209
78 210
78 315
78 321
78 322
78 323
79 202
87 202
88 202
202 203
202 209
202 210
202 211
202 315
202 322
202 323
79 315
80 315
203 315
315 316
315 322
315 323
315 324
79 80
79 88
79 203
79 210
79 211
79 316
79 322
79 323
79 324
80 203
88 203
89 203
203 204
203 210
203 211
203 212
203 316
203 323
203 324
80 316
81 316
204 316
316 317
316 323
316 324
316 325
80 81
80 89
80 204
80 211
80 212
80 317
80 323
80 324
80 325
81 204
89 204
90 204
204 205
204 211
204 212
204 213
204 317
204 324
204 325
81 317
82 317
205 317
317 318
317 324
317 325
317 326
81 82
81 90
81 205
81 212
81 213
81 318
81 324
81 325
81 326
82 205
90 205
91 205
205 206
205 212
205 213
205 214
205 318
205 325
205 326
82 318
83 318
206 318
318 319
318 325
318 326
318 327
82 83
82 91
82 206
82 213
82 214
82 319
82 325
82 326
82 327
83 206
91 206
92 206
206 207
206 213
206 214
206 319
206 326
206 327
83 319
84 319
207 319
319 326
319 327
83 84
83 92
83 207
83 214
83 326
83 327
92 207
207 214
207 327
85 320
86 320
208 320
320 321
320 328
320 329
85 86
85 93
85 208
85 215
85 321
85 328
85 329
86 208
93 208
94 208
208 209
208 215
208 216
208 321
208 328
208 329
86 321
87 321
209 321
321 322
321 328
321 329
321 330
86 87
86 94
86 209
86 215
86 216
86 322
86 328
86 329
86 330
87 209
94 209
95 209
209 210
209 215
209 216
209 217
209 322
209 329
209 330
87 322
88 322
210 322
322 323
322 329
322 330
322 331
87 88
87 95
87 210
87 216
87 217
87 323
87 329
87 330
87 331
88 210
95 210
96 210
210 211
210 216
210 217
210 218
210 323
210 330
210 331
88 323
89 323
211 323
323 324
323 330
323 331
323 332
88 89
88 96
88 211
88 217
88 218
88 324
88 330
88 331
88 332
89 211
96 211
97 211
211 212
211 217
211 218
211 219
211 324
211 331
211 332
89 324
90 324
212 324
324 325
324 331
324 332
324 333
89 90
89 97
89 212
89 218
89 219
89 325
89 331
89 332
89 333
90 212
97 212
98 212
212 213
212 218
212 219
212 220
212 325
212 332
212 333
90 325
91 325
213 325
325 326
325 332
325 333
325 334
90 91
90 98
90 213
90 219
90 220
90 326
90 332
90 333
90 334
91 213
98 213
99 213
213 214
213 219
213 220
213 326
213 333
213 334
91 326
92 326
214 326
326 327
326 333
326 334
91 92
91 99
91 214
91 220
91 327
91 333
91 334
92 214
99 214
214 220
214 327
214 334
84 327
92 327
327 334
92 334
93 94
93 101
93 215
93 221
93 222
93 328
93 329
93 335
93 336
94 215
101 215
102 215
215 216
215 221
215 222
215 223
215 328
215 329
215 335
215 336
94 328
328 329
328 335
328 336
94 329
95 329
216 329
329 330
329 335
329 336
329 337
94 95
94 102
94 216
94 222
94 223
94 330
94 335
94 336
94 337
95 216
102 216
103 216
216 217
216 222
216 223
216 224
216 330
216 336
216 337
95 330
96 330
217 330
330 331
330 336
330 337
330 338
95 96
95 103
95 217
95 223
95 224
95 331
95 336
95 337
95 338
96 217
103 217
104 217
217 218
217 223
217 224
217 225
217 331
217 337
217 338
96 331
97 331
218 331
331 332
331 337
331 338
331 339
96 97
96 104
96 218
96 224
96 225
96 332
96 337
96 338
96 339
97 218
104 218
105 218
218 219
218 224
218 225
218 226
218 332
218 338
218 339
97 332
98 332
219 332
332 333
332 338
332 339
332 340
97 98
97 105
97 219
97 225
97 226
97 333
97 338
97 339
97 340
98 219
105 219
106 219
219 220
219 225
219 226
219 227
219 333
219 339
219 340
98 333
99 333
220 333
333 334
333 339
333 340
333 341
98 99
98 106
98 220
98 226
98 227
98 334
98 339
98 340
98 341
99 220
106 220
107 220
220 226
220 227
220 228
220 334
220 340
220 341
99 334
334 340
334 341
99 107
99 227
99 228
99 340
99 341
100 101
101 102
101 111
101 221
101 222
101 230
101 231
101 335
101 336
101 342
101 343
101 344
100 221
110 221
111 221
221 222
221 229
221 230
221 231
221 335
221 342
221 343
102 222
111 222
112 222
222 223
222 230
222 231
222 232
222 335
222 336
222 343
222 344
100 335
102 335
335 336
335 342
335 343
335 344
102 336
103 336
223 336
336 337
336 343
336 344
336 345
102 103
102 112
102 223
102 231
102 232
102 337
102 343
102 344
102 345
103 223
112 223
113 223
223 224
223 231
223 232
223 233
223 337
223 344
223 345
103 337
104 337
224 337
337 338
337 344
337 345
337 346
103 104
103 113
103 224
103 232
103 233
103 338
103 344
103 345
103 346
104 224
113 224
114 224
224 225
224 232
224 233
224 234
224 338
224 345
224 346
104 338
105 338
225 338
338 339
338 345
338 346
338 347
104 105
104 114
104 225
104 233
104 234
104 339
104 345
104 346
104 347
105 225
114 225
115 225
225 226
225 233
225 234
225 235
225 339
225 346
225 347
105 339
106 339
226 339
339 340
339 346
339 347
339 348
105 106
105 115
105 226
105 234
105 235
105 340
105 346
105 347
105 348
106 226
115 226
116 226
226 227
226 234
226 235
226 236
226 340
226 347
226 348
106 340
107 340
227 340
340 341
340 347
340 348
340 349
106 107
106 116
106 227
106 235
106 236
106 341
106 347
106 348
106 349
107 227
116 227
117 227
227 228
227 235
227 236
227 237
227 341
227 348
227 349
107 341
108 341
228 341
341 348
341 349
341 350
107 108
107 117
107 228
107 236
107 237
107 348
107 349
107 350
108 228
117 228
118 228
228 236
228 237
228 349
228 350
100 110
100 229
100 230
100 342
100 343
109 110
110 111
110 120
110 229
110 230
110 238
110 239
110 342
110 343
110 351
110 352
110 353
109 229
119 229
120 229
229 230
229 238
229 239
229 342
229 351
229 352
111 230
120 230
121 230
230 231
230 238
230 239
230 342
230 343
230 352
230 353
109 342
111 342
342 343
342 351
342 352
342 353
111 343
112 343
231 343
343 344
343 352
343 353
111 112
111 121
111 231
111 239
111 344
111 352
111 353
112 231
121 231
231 232
231 239
231 344
231 353
112 344
113 344
232 344
344 345
344 353
344 354
112 113
112 232
112 345
112 353
112 354
113 232
122 232
232 233
232 240
232 345
232 354
113 345
114 345
233 345
345 346
345 354
345 355
113 114
113 122
113 233
113 240
113 346
113 354
113 355
114 233
122 233
123 233
233 234
233 240
233 241
233 346
233 354
233 355
114 346
115 346
234 346
346 347
346 354
346 355
346 356
114 115
114 123
114 234
114 240
114 241
114 347
114 354
114 355
114 356
115 234
123 234
124 234
234 235
234 240
234 241
234 242
234 347
234 355
234 356
115 347
116 347
235 347
347 348
347 355
347 356
347 357
115 116
115 124
115 235
115 241
115 242
115 348
115 355
115 356
115 357
116 235
124 235
125 235
235 236
235 241
235 242
235 243
235 348
235 356
235 357
116 348
117 348
236 348
348 349
348 356
348 357
348 358
116 117
116 125
116 236
116 242
116 243
116 349
116 356
116 357
116 358
117 236
125 236
126 236
236 237
236 242
236 243
236 349
236 357
236 358
108 349
117 349
118 349
237 349
349 350
349 357
349 358
108 118
108 237
108 350
117 118
117 126
117 237
117 243
117 350
117 357
117 358
118 237
126 237
237 243
237 350
237 358
118 350
350 358
118 358
109 119
109 238
109 351
109 352
119 120
119 127
119 238
119 244
119 351
119 352
119 359
119 360
120 238
127 238
128 238
238 239
238 244
238 351
238 352
238 359
238 360
120 351
351 352
351 359
351 360
120 352
121 352
239 352
352 353
352 359
352 360
120 121
120 128
120 239
120 244
120 353
120 359
120 360
121 239
128 239
239 244
239 353
239 360
121 353
353 360
121 360
122 354
123 354
240 354
354 355
354 361
122 123
122 240
122 355
122 361
123 240
129 240
240 241
240 245
240 355
240 361
123 355
124 355
241 355
355 356
355 361
355 362
123 124
123 129
123 241
123 245
123 356
123 361
123 362
124 241
129 241
130 241
241 242
241 245
241 356
241 361
241 362
124 356
125 356
242 356
356 357
356 361
356 362
124 125
124 130
124 242
124 245
124 357
124 361
124 362
125 242
130 242
242 243
242 245
242 357
242 362
125 357
126 357
243 357
357 358
357 362
125 126
125 243
125 358
125 362
126 243
243 358
126 358
127 128
127 244
127 359
127 360
128 244
244 359
244 360
128 359
359 360
128 360
129 361
130 361
245 361
361 362
129 130
129 245
129 362
130 245
245 362
130 362
