1 2
1 3
1 4
1 5
1 6
2 3
2 4
2 7
2 8
2 9
2 10
3 9
5 9
5 1180
5 1181
6 9
6 827
6 1180
6 1181
6 1182
7 817
273 827
827 1239
827 1240
827 1241
827 1242
827 1243
1182 1243
11 12
11 13
11 14
11 15
11 16
11 17
11 18
11 19
11 20
11 21
11 22
11 23
11 24
11 25
11 26
11 27
11 28
12 13
12 21
12 29
12 30
12 31
12 32
12 33
12 34
12 35
13 21
13 29
13 30
13 34
14 18
14 36
15 16
15 17
15 18
15 20
15 37
15 42
15 43
15 44
15 45
15 46
15 47
15 48
15 49
15 50
15 51
15 52
15 53
15 54
15 55
15 56
15 57
15 58
15 59
15 60
15 61
15 62
16 18
16 20
16 29
16 37
16 38
16 42
16 43
16 44
16 46
16 52
16 64
16 66
16 95
16 96
16 97
16 98
16 99
16 100
16 101
17 18
17 20
17 42
17 43
17 46
17 51
17 52
17 61
17 62
17 66
17 96
17 102
18 25
18 26
18 36
18 103
18 104
19 103
20 26
20 27
20 49
20 51
20 95
20 105
20 106
20 107
20 108
20 109
20 110
21 29
21 30
21 32
21 33
21 34
21 35
21 36
21 134
21 135
21 136
23 33
23 35
24 29
24 30
24 33
24 35
25 26
25 27
25 36
25 152
25 153
25 154
25 155
26 27
26 36
26 152
26 155
27 95
27 185
28 49
28 1024
28 1037
28 1052
28 1053
28 1054
28 1055
28 1056
29 30
29 31
29 32
29 36
29 95
29 110
29 122
29 123
29 124
29 125
29 126
29 127
29 128
29 129
29 130
29 131
29 132
29 133
30 36
30 95
30 98
30 110
30 125
30 128
30 134
30 156
30 157
30 158
31 49
31 107
31 122
31 337
33 70
33 344
33 345
33 346
33 347
34 110
34 116
34 153
34 154
34 188
34 349
35 347
37 38
37 39
37 40
37 41
38 42
39 42
40 42
41 42
42 63
42 64
42 65
42 66
42 67
42 68
42 69
42 70
42 71
42 72
42 73
42 74
42 75
42 76
42 77
42 78
42 79
42 80
42 81
42 82
42 83
42 84
42 85
42 86
42 87
42 88
42 89
42 90
42 91
42 92
42 93
38 43
43 67
43 88
38 44
39 44
44 70
44 78
44 84
44 86
44 88
44 89
44 92
38 46
39 46
40 46
41 46
46 63
46 65
46 67
46 68
46 69
46 71
46 74
46 77
46 78
46 84
46 86
46 88
46 89
46 90
46 91
46 93
38 47
39 47
41 47
47 67
47 68
47 77
47 78
47 84
47 86
47 91
47 93
47 94
49 95
49 106
49 108
49 109
49 110
49 111
49 112
49 113
49 114
49 115
49 116
49 117
49 118
49 119
50 111
50 112
50 113
50 114
50 115
52 290
52 291
38 53
53 209
53 292
53 293
53 294
53 295
55 110
56 296
59 297
38 39
38 40
38 41
38 63
38 64
38 65
38 66
38 70
38 78
38 84
38 88
38 89
38 90
38 99
38 102
38 202
38 203
38 204
38 205
38 206
38 207
38 208
38 209
38 210
38 211
38 212
38 213
38 214
38 215
38 216
38 217
38 218
64 65
64 187
64 196
64 215
64 216
64 221
64 222
39 66
40 66
41 66
63 66
65 66
66 67
66 68
66 70
66 71
66 72
66 73
66 74
66 75
66 76
66 77
66 78
66 79
66 80
66 81
66 82
66 83
66 84
66 85
66 86
66 88
66 89
66 90
66 91
66 92
66 93
66 202
66 208
66 218
66 314
66 315
66 316
66 317
66 318
66 319
66 320
66 321
66 322
66 323
66 324
66 325
66 326
66 327
66 328
66 329
66 330
66 331
66 332
66 333
66 334
66 335
95 107
95 110
95 173
95 174
95 175
95 176
41 96
63 96
65 96
67 96
68 96
69 96
86 96
88 96
91 96
39 97
40 97
67 97
77 97
86 97
88 97
91 97
93 97
98 110
41 99
77 99
86 99
88 99
89 99
91 99
93 99
39 102
67 102
68 102
93 102
94 102
106 107
107 177
107 178
109 173
109 174
109 182
110 116
110 117
110 118
110 119
110 122
110 175
110 186
110 187
110 188
110 189
110 190
110 191
110 192
110 193
110 194
110 195
110 196
110 197
110 198
110 199
110 200
70 134
134 344
134 345
134 346
183 185
1024 1025
1024 1026
1036 1037
1037 1038
1037 1039
1037 1040
1037 1041
1037 1042
1037 1043
1037 1044
1037 1056
1038 1056
1040 1056
1041 1056
1042 1056
1043 1056
122 201
125 341
125 342
125 343
126 348
127 137
127 265
127 350
127 351
127 352
128 373
128 374
128 375
128 376
130 131
40 133
156 157
158 378
344 740
116 117
116 118
116 119
116 194
116 197
39 207
40 191
40 208
40 216
40 369
40 370
40 371
40 372
41 209
41 293
41 294
41 379
41 485
63 219
63 220
65 144
65 145
65 146
65 191
65 198
65 313
88 1110
89 1110
202 219
202 220
196 203
67 204
93 204
67 205
68 205
93 205
93 206
72 208
208 385
195 209
196 209
209 210
209 292
209 293
209 294
209 295
209 379
209 380
209 381
209 383
210 215
210 292
210 293
210 379
210 383
213 214
213 409
213 412
213 418
213 459
213 460
213 465
213 476
213 913
215 217
215 947
215 1098
215 1099
215 1100
215 1101
215 1102
215 1103
215 1104
215 1105
215 1106
215 1107
215 1108
215 1109
72 216
216 299
72 369
369 385
369 703
369 704
369 705
292 293
293 294
293 295
293 379
293 380
195 294
292 294
294 379
294 380
294 381
294 382
294 383
292 379
379 380
379 381
379 382
379 383
379 384
93 1238
112 120
112 121
117 118
117 119
117 194
117 197
118 119
118 194
118 197
119 194
119 197
290 303
290 311
290 511
290 945
290 946
290 947
290 948
290 949
290 950
290 951
290 952
290 953
290 954
290 955
290 956
290 957
290 958
290 959
290 960
290 961
290 962
290 963
290 964
290 965
290 966
290 967
291 303
291 511
291 627
291 945
291 947
291 950
291 953
291 957
291 963
291 969
291 970
291 971
291 972
291 973
291 974
291 975
291 976
291 977
291 978
291 979
291 980
291 981
195 292
196 292
292 295
292 380
195 295
295 380
295 383
296 1257
296 1258
297 394
297 401
297 486
297 490
297 491
297 492
297 493
297 494
186 187
187 194
187 195
187 196
187 197
194 196
195 196
196 197
196 604
222 1100
222 1101
222 1102
222 1103
222 1104
138 144
144 706
144 895
138 145
138 146
313 567
313 569
314 318
314 598
314 599
314 600
314 601
314 602
314 603
314 604
315 318
315 599
315 601
315 603
315 604
316 353
317 933
334 1094
173 179
173 180
173 181
175 183
175 184
176 340
177 178
163 186
186 189
186 192
186 193
189 377
179 194
194 195
194 604
194 662
194 742
194 743
194 744
194 745
194 746
194 747
194 748
194 749
194 750
195 383
195 384
195 751
195 752
195 753
195 754
179 197
197 604
197 662
197 744
197 745
197 747
197 748
197 750
200 505
120 121
120 712
120 715
120 716
120 1261
711 712
712 715
712 716
341 343
341 798
341 799
342 343
342 798
342 799
342 800
137 138
137 139
137 140
137 141
225 265
265 353
140 350
350 353
350 354
350 355
350 356
350 357
350 358
350 359
350 360
350 361
351 833
373 507
373 508
373 509
373 510
373 511
373 512
373 513
373 514
374 755
374 756
374 757
374 758
375 755
375 756
375 757
375 758
149 376
376 771
138 142
138 143
139 226
139 227
140 226
140 227
140 769
140 829
140 830
140 831
140 832
142 159
142 160
142 161
142 166
142 169
142 170
223 226
225 226
226 353
226 354
226 355
226 357
226 358
226 360
226 361
226 772
226 773
226 774
226 775
223 227
227 353
227 355
227 356
227 357
227 358
227 361
227 772
765 769
769 774
769 864
769 865
769 866
159 160
159 161
159 162
159 163
159 164
159 165
159 166
159 167
159 168
160 162
160 164
160 166
160 170
161 164
161 166
163 166
164 166
165 166
166 167
166 171
166 1112
166 1113
166 1114
163 170
165 170
167 170
170 171
170 1112
170 1113
170 1114
170 1128
703 706
147 148
147 149
147 150
147 151
149 409
149 478
149 479
149 480
149 481
149 482
149 483
149 484
150 151
150 1159
150 1160
150 1162
150 1163
150 1164
150 1165
150 1166
151 1157
151 1159
151 1160
151 1161
151 1162
151 1163
151 1164
151 1167
151 1168
151 1169
151 1170
408 409
409 410
409 411
409 412
409 413
409 414
409 415
409 416
409 417
409 418
409 419
409 420
409 421
409 422
409 423
409 424
409 425
409 426
409 427
409 428
409 429
409 430
409 431
409 432
409 433
409 434
409 435
409 436
409 437
409 438
409 439
409 440
409 441
409 442
409 443
409 444
409 445
409 446
409 447
409 448
409 449
409 450
409 451
409 452
409 453
409 454
409 455
409 456
409 457
409 458
409 459
409 460
409 461
409 462
409 463
409 464
409 465
409 466
409 467
409 468
409 469
409 470
409 471
409 472
409 473
409 474
409 475
409 476
409 477
479 866
479 1091
481 1048
482 483
482 484
483 484
1157 1159
1159 1160
1159 1161
1159 1163
1159 1166
1159 1167
1159 1170
1159 1172
1159 1173
1157 1160
1160 1161
1160 1163
1160 1167
1160 1168
1160 1169
1160 1170
1160 1172
1161 1163
1163 1166
1163 1167
1163 1168
1163 1169
1163 1170
1163 1171
1163 1172
1163 1173
1161 1165
1161 1166
1166 1169
1166 1172
1157 1158
1157 1161
1161 1167
1161 1168
1161 1169
1161 1170
1161 1171
1161 1172
1161 1173
1167 1170
1167 1171
1167 1172
1167 1173
1168 1169
1169 1170
1169 1172
1170 1172
162 171
162 172
163 172
164 165
167 172
171 172
172 1112
172 1113
172 1114
172 1128
179 533
179 534
179 535
179 536
179 537
179 538
180 181
180 587
180 588
180 589
180 590
181 587
181 588
183 338
183 339
184 338
184 1174
340 1123
340 1124
340 1144
364 533
533 534
533 535
533 536
533 537
364 535
365 535
535 536
535 537
535 538
535 720
364 536
536 537
536 538
537 538
588 589
589 701
589 702
377 866
377 1094
604 610
604 1072
604 1073
490 662
743 1079
743 1080
743 1081
381 383
384 754
751 898
752 866
504 505
505 506
380 381
380 896
380 897
381 382
381 896
381 897
381 1027
411 412
412 418
412 424
412 427
412 436
412 449
412 458
412 465
412 468
412 474
412 697
412 699
412 801
410 418
414 418
415 418
418 420
418 427
418 433
418 434
418 437
418 440
418 457
414 459
436 459
437 459
458 459
459 460
459 467
459 473
459 801
459 1092
459 1093
423 460
433 460
434 460
437 460
440 460
447 460
448 460
460 469
460 476
460 801
460 1092
410 465
414 465
415 465
420 465
423 465
427 465
433 465
434 465
435 465
436 465
437 465
438 465
439 465
440 465
447 465
448 465
457 465
464 465
465 467
465 469
465 470
465 471
465 477
465 1272
410 476
414 476
415 476
420 476
424 476
433 476
436 476
439 476
446 476
473 476
476 915
436 913
449 913
458 913
474 913
801 913
913 1092
947 968
1098 1126
968 1099
1100 1130
1100 1131
1101 1132
1101 1133
1101 1134
1101 1135
1101 1136
1101 1137
1101 1138
1104 1130
1104 1131
298 299
223 224
223 225
223 228
223 229
223 230
223 231
223 232
223 233
223 234
223 235
223 236
223 237
223 238
223 239
223 240
223 241
223 242
223 243
223 244
223 245
223 246
223 247
223 248
223 249
223 250
223 251
223 252
223 253
223 254
223 255
223 256
223 257
223 258
223 259
223 260
223 261
223 262
223 263
224 225
224 264
225 266
225 267
225 268
225 269
225 270
225 271
225 272
225 273
225 274
225 275
225 276
225 277
225 278
225 279
225 280
225 281
225 282
225 283
225 284
225 285
225 286
225 287
225 288
225 289
232 772
237 818
239 819
239 820
246 502
246 821
246 822
253 798
264 823
266 717
272 609
272 671
272 672
272 673
272 674
272 675
272 676
272 677
272 678
272 679
272 680
272 681
272 683
272 684
272 693
272 694
272 695
272 824
272 825
273 401
273 826
279 798
281 828
353 605
353 606
354 629
354 630
354 631
354 632
354 633
354 634
354 635
355 842
355 844
355 852
355 855
355 856
355 857
355 858
355 859
357 844
357 861
358 867
358 868
358 869
718 772
772 834
772 835
772 836
772 837
772 838
772 839
772 840
772 841
772 842
772 843
772 844
772 845
772 846
772 847
772 848
773 870
773 871
773 872
773 873
774 859
774 874
774 875
774 876
774 877
774 878
774 879
774 880
774 881
774 882
774 883
774 884
774 885
774 886
818 1029
818 1262
818 1263
818 1264
818 1265
818 1266
818 1267
495 502
502 544
502 581
502 583
502 596
502 597
502 922
502 1057
502 1058
582 821
821 1150
821 1151
821 1152
821 1153
798 923
798 924
798 925
798 926
798 927
798 928
798 929
798 930
823 1019
823 1248
599 609
609 676
609 693
609 694
670 671
671 676
671 679
671 680
671 681
671 682
671 683
671 684
671 685
671 686
671 687
671 688
671 689
671 690
671 691
671 692
670 672
672 675
672 676
672 679
672 682
672 684
672 685
672 686
672 687
672 688
672 693
672 694
672 695
670 673
673 676
673 679
673 680
673 685
673 686
673 688
673 693
673 696
670 674
674 679
674 685
674 686
674 690
674 691
674 695
674 1050
670 675
675 676
675 677
675 679
675 681
675 682
675 683
675 684
675 685
675 686
675 687
675 688
675 693
675 694
675 695
675 1051
670 676
676 677
676 678
676 679
676 681
676 682
676 683
676 684
676 687
676 693
676 694
676 824
676 825
676 1049
676 1051
676 1195
670 677
677 678
677 679
677 680
677 686
677 693
677 694
670 678
678 681
678 682
678 683
678 684
678 685
678 686
678 687
678 689
678 691
678 693
678 695
678 1050
679 681
679 682
679 683
679 693
679 824
679 825
679 1049
680 681
680 683
680 688
680 689
680 693
680 1049
681 688
681 689
681 693
683 686
683 688
683 689
683 693
683 694
683 695
684 685
684 686
684 688
684 689
684 693
684 694
682 693
685 693
686 693
693 694
693 824
693 825
693 1049
693 1051
693 1195
682 694
694 824
694 825
694 1049
688 695
685 825
686 825
394 401
401 486
401 487
401 488
401 489
828 852
828 853
828 854
301 303
302 303
303 312
307 311
310 511
621 627
627 640
627 726
627 887
627 888
627 889
627 890
627 891
627 892
382 896
382 897
392 394
394 402
394 403
394 404
394 405
394 406
486 490
486 491
486 562
486 563
486 564
486 565
486 566
490 491
490 661
490 663
491 563
491 664
491 665
494 515
494 521
494 522
494 525
494 528
494 529
494 792
494 794
494 1008
494 1009
494 1010
298 300
300 666
300 667
300 668
300 669
580 668
668 719
301 302
301 304
302 305
302 306
302 307
302 308
302 309
302 310
304 305
304 306
304 312
304 336
305 306
307 308
308 309
310 1196
310 1197
312 405
312 759
312 760
312 761
312 762
312 763
336 762
761 942
761 943
761 944
567 568
569 1191
569 1192
599 600
599 601
599 607
599 608
599 610
600 602
600 603
600 610
601 602
601 603
601 610
1116 1123
1123 1144
1123 1145
1123 1146
1123 1147
1116 1124
1124 1144
1124 1146
1124 1147
1144 1145
800 866
800 1070
800 1071
833 844
629 630
629 636
844 851
851 852
855 860
362 363
363 364
363 365
363 366
363 367
363 368
364 366
704 705
704 741
705 741
756 810
758 810
866 1035
866 1198
866 1199
866 1200
866 1201
866 1202
866 1203
896 897
386 387
386 388
386 389
386 390
387 391
391 416
391 495
391 539
391 543
391 544
391 545
391 546
391 547
391 548
391 549
391 550
391 551
391 552
391 553
391 554
391 555
391 556
391 557
495 496
495 497
495 498
495 499
495 500
495 501
495 503
539 540
539 541
539 542
543 803
498 544
503 544
498 546
503 546
503 547
392 393
392 395
392 396
392 397
392 398
392 399
392 400
396 402
399 403
399 407
400 1256
402 404
402 658
402 659
404 659
404 707
404 708
404 709
404 710
487 489
659 660
707 900
707 901
707 902
710 1260
410 411
410 414
410 415
410 424
410 425
410 434
410 435
410 436
410 437
410 444
410 447
410 464
410 466
410 468
410 469
410 471
410 472
410 474
410 475
410 477
410 591
410 592
411 415
411 420
411 423
411 427
411 437
411 438
411 440
411 593
413 433
413 806
413 807
414 420
414 424
414 425
414 427
414 433
414 434
414 435
414 436
414 437
414 438
414 440
414 443
414 444
414 447
414 468
414 469
414 474
414 475
414 477
414 903
414 904
414 905
415 420
415 424
415 425
415 427
415 433
415 434
415 435
415 436
415 437
415 438
415 439
415 440
415 443
415 444
415 447
415 448
415 457
415 469
415 475
415 477
420 423
420 424
420 425
420 433
420 434
420 435
420 437
420 447
420 449
420 468
420 469
420 475
420 591
423 424
423 425
423 433
423 434
423 435
423 438
423 440
423 444
423 449
423 466
423 468
423 469
423 470
424 427
424 433
424 434
424 436
424 437
424 438
424 439
424 440
424 447
424 448
424 457
424 469
424 906
425 427
425 433
425 434
425 436
425 437
425 438
425 439
425 440
425 448
425 457
425 469
425 592
425 906
427 433
427 434
427 435
427 436
427 437
427 444
427 445
427 447
427 448
427 449
427 464
427 469
427 471
427 472
427 474
427 475
427 591
427 592
427 906
429 433
433 434
433 435
433 436
433 437
433 439
433 440
433 444
433 445
433 446
433 447
433 449
433 450
433 457
433 464
433 466
433 467
433 468
433 469
433 470
433 471
433 473
433 474
433 475
433 906
433 907
434 435
434 436
434 438
434 439
434 440
434 457
434 458
434 466
434 469
434 473
434 475
434 908
434 909
434 910
434 911
435 436
435 437
435 438
435 439
435 440
435 447
435 448
435 457
435 469
435 906
436 437
436 439
436 444
436 447
436 448
436 469
436 477
436 592
436 906
436 912
436 914
437 438
437 439
437 444
437 445
437 446
437 449
437 464
437 466
437 469
437 470
437 471
437 473
437 474
437 475
437 907
437 915
438 444
438 447
438 468
438 469
438 474
438 475
438 591
439 447
439 449
439 468
439 469
439 475
439 591
440 444
440 447
440 449
440 464
440 468
440 469
440 474
440 475
440 591
441 444
441 445
441 446
441 915
441 999
441 1000
442 445
442 446
442 467
442 915
442 999
442 1000
443 444
443 445
443 446
443 467
443 915
443 999
443 1000
444 447
444 448
444 469
444 906
445 447
445 449
446 469
447 457
447 458
447 464
447 466
447 467
447 469
447 470
447 471
447 472
447 475
447 911
448 449
448 466
448 467
448 472
448 473
448 475
449 457
457 469
457 475
458 469
464 469
466 469
467 469
467 474
469 470
469 471
469 473
469 475
469 915
470 474
474 914
697 698
697 699
697 700
699 700
699 937
699 940
699 1074
1046 1048
1048 1065
1048 1249
1048 1250
1048 1251
1048 1252
1048 1253
1048 1254
1048 1255
562 721
563 790
564 565
564 1019
565 1083
565 1084
515 516
515 517
515 518
515 519
515 520
515 521
515 522
515 523
515 524
515 525
515 526
515 527
515 528
515 529
515 530
515 531
515 532
520 521
521 522
521 523
521 525
521 526
521 528
521 529
521 793
521 794
521 1008
521 1015
521 1018
518 522
519 522
520 522
522 523
522 525
522 528
522 529
522 530
522 531
522 532
522 568
522 792
522 794
522 1011
522 1059
522 1060
522 1061
522 1062
520 525
523 525
525 526
525 528
525 529
525 530
525 531
525 532
525 792
525 794
525 1009
525 1013
525 1061
525 1062
525 1139
525 1140
525 1141
520 528
523 528
524 528
528 529
528 794
528 1008
528 1009
528 1010
528 1012
528 1013
528 1018
528 1085
528 1086
528 1140
528 1204
520 529
524 529
526 529
527 529
529 792
529 794
529 1008
529 1009
529 1010
529 1012
529 1013
529 1085
529 1086
529 1087
520 792
523 792
791 792
792 793
792 794
520 794
523 794
524 794
526 794
527 794
793 794
794 1008
794 1009
794 1012
794 1013
794 1014
794 1018
794 1060
794 1085
794 1086
794 1087
520 1008
523 1008
527 1008
531 1008
520 1009
523 1009
531 1009
520 1010
523 1010
531 1010
497 570
497 580
497 581
497 582
497 583
497 584
497 585
497 586
498 581
498 582
498 583
498 594
498 595
498 596
498 597
499 581
499 582
499 583
499 584
499 585
499 586
499 595
499 596
499 597
499 921
499 922
500 934
500 935
501 583
501 594
503 1095
570 571
570 572
570 573
570 574
570 575
570 576
570 577
570 578
570 579
580 718
583 1075
583 1076
583 1077
583 1078
585 1075
585 1082
560 1058
1058 1078
1058 1186
506 612
506 614
506 615
612 613
615 1069
518 519
518 568
519 520
520 526
520 1011
520 1012
520 1013
520 1014
523 526
523 568
523 793
523 1011
524 1011
526 1018
526 1060
527 531
530 1059
530 1139
530 1207
530 1212
530 1213
530 1214
530 1215
530 1216
531 793
531 1011
531 1012
531 1013
531 1014
531 1059
531 1060
531 1085
531 1139
531 1209
531 1212
531 1213
531 1214
531 1215
531 1216
531 1217
531 1218
531 1227
531 1228
531 1230
531 1231
531 1233
531 1234
531 1235
532 797
532 1011
532 1059
532 1060
532 1139
532 1140
532 1207
532 1209
532 1213
532 1214
532 1215
532 1216
532 1227
532 1229
532 1230
532 1231
532 1232
532 1233
532 1235
532 1236
1011 1060
1011 1062
1015 1016
1015 1017
1060 1061
1060 1062
1060 1141
797 1061
1061 1206
1061 1209
1061 1210
1061 1215
1061 1227
1061 1237
797 1062
1062 1139
1062 1209
1062 1216
1062 1237
1139 1211
1139 1214
1139 1217
1139 1218
1139 1219
1139 1220
1139 1222
1140 1219
1140 1220
1140 1224
1141 1209
1141 1215
1141 1227
1141 1228
797 1207
1206 1207
1207 1210
1207 1211
1211 1213
1213 1217
1213 1218
1213 1219
1213 1220
1211 1214
1214 1219
1214 1220
1214 1221
1211 1215
1215 1222
1211 1216
1216 1217
1216 1218
1216 1222
797 1209
1209 1210
1227 1229
1219 1230
1220 1230
1211 1231
1219 1231
1220 1231
1219 1233
1220 1233
795 797
797 1205
797 1208
1219 1232
1220 1232
1211 1236
1220 1236
803 804
803 805
558 559
559 560
559 561
560 561
560 780
561 1143
777 780
780 802
991 1019
571 572
571 573
571 574
571 575
571 576
571 616
571 617
571 618
571 619
571 620
571 621
572 573
572 574
572 575
572 576
572 577
572 578
572 579
572 616
572 618
573 574
573 575
573 576
573 577
573 578
573 579
573 616
573 617
573 618
573 622
574 575
574 576
574 579
574 616
574 617
574 618
574 622
575 576
575 579
575 619
575 623
576 579
576 616
576 617
576 619
576 622
577 623
578 623
579 617
579 618
579 619
579 620
616 617
616 623
616 624
616 625
619 626
621 628
622 623
622 625
623 624
607 611
613 727
726 727
727 732
727 733
727 734
727 735
727 736
727 737
727 738
727 739
628 638
628 640
628 641
628 1271
637 640
640 641
640 893
640 894
726 728
726 729
726 730
726 731
637 638
638 642
637 641
641 893
641 894
641 1194
641 1268
641 1269
641 1270
637 639
1193 1194
643 644
643 645
643 646
644 647
644 648
644 649
645 650
645 651
645 652
645 653
646 654
646 655
646 656
646 657
647 802
650 651
650 655
650 1033
651 655
651 657
652 655
652 657
653 655
653 1096
653 1097
654 722
654 723
654 724
656 657
656 1088
656 1089
656 1090
657 1088
1032 1033
1033 1183
723 725
682 685
682 686
682 688
682 689
685 689
686 1051
687 688
688 689
688 692
688 1051
689 691
936 937
937 939
937 940
940 1176
940 1179
900 902
711 713
711 714
725 1063
734 920
898 899
808 810
809 810
810 812
810 813
810 814
764 765
765 766
765 767
765 768
765 770
766 815
767 815
768 815
768 816
865 1177
865 1178
834 849
835 850
776 777
776 778
777 779
777 781
777 782
777 783
777 784
777 785
777 786
777 787
778 788
778 789
783 1068
788 1020
788 1142
789 1020
789 1142
1067 1068
1020 1021
1020 1022
1020 1023
795 796
1205 1206
1206 1208
1208 1210
923 931
923 932
929 930
929 1001
930 1001
808 809
808 811
812 814
813 814
814 919
919 1149
1028 1029
1150 1154
1240 1243
1240 1244
1243 1244
849 993
849 994
849 995
850 1111
851 862
851 863
993 996
993 997
994 998
1034 1035
916 917
916 918
918 987
918 1115
918 1116
918 1117
918 1118
918 1119
918 1120
918 1121
918 1122
983 987
1001 1002
1001 1003
936 938
938 941
1175 1176
968 1129
982 983
982 984
983 984
983 985
983 986
983 988
985 989
985 990
985 991
985 992
986 988
989 1007
991 1259
997 1067
998 1067
998 1155
998 1156
1154 1155
1002 1004
1002 1005
1004 1005
1004 1006
1022 1184
1022 1185
1023 1184
1023 1185
1030 1031
1031 1032
1036 1038
1036 1039
1036 1040
1036 1041
1036 1042
1036 1043
1038 1039
1038 1040
1038 1041
1038 1043
1038 1187
1039 1040
1039 1041
1039 1042
1039 1043
1041 1042
1041 1187
1042 1043
1042 1187
1042 1188
1042 1189
1043 1187
1043 1188
1187 1188
1187 1190
1045 1046
1045 1047
1064 1065
1210 1223
1064 1066
1125 1126
1126 1127
1131 1245
1131 1246
1131 1247
1146 1148
1147 1148
1224 1225
1172 1173
1221 1226
