1 2
1 3
1 4
1 6
1 9
1 16
1 28
1 32
1 35
1 39
1 97
1 112
1 165
1 217
1 239
1 242
1 323
1 378
1 396
1 397
1 724
1 826
1 994
1 1000
1 1014
2 3
2 5
2 6
2 7
2 15
2 17
2 36
2 88
2 91
2 142
2 150
2 172
2 219
2 263
2 267
2 287
2 334
2 335
2 415
2 438
2 447
2 478
2 479
2 481
2 492
2 496
2 515
2 524
2 544
2 567
2 653
2 681
2 736
2 1042
3 4
3 5
3 7
3 8
3 9
3 18
3 52
3 85
3 87
3 93
3 114
3 141
3 169
3 181
3 249
3 266
3 289
3 359
3 373
3 423
3 515
3 516
3 551
3 567
3 594
3 710
3 899
3 978
3 1033
4 5
4 6
4 8
4 10
4 11
4 29
4 37
4 56
4 66
4 126
4 127
4 128
4 143
4 154
4 248
4 257
4 294
4 451
4 559
4 587
4 599
4 750
4 760
4 779
4 837
4 838
4 870
4 875
4 885
4 915
6 10
6 14
6 15
6 19
6 28
6 37
6 141
6 165
6 170
6 171
6 250
6 333
6 360
6 420
6 448
6 544
6 586
6 646
6 674
6 679
6 680
6 763
6 801
6 835
6 975
6 990
5 9
9 13
9 18
9 19
9 20
9 31
9 37
9 133
9 163
9 208
9 210
9 255
9 272
9 331
9 337
9 345
9 468
9 524
9 527
9 533
9 619
9 733
9 735
9 775
9 779
9 997
7 16
8 16
14 16
16 24
16 36
16 129
16 134
16 209
16 259
16 305
16 322
16 377
16 414
16 447
16 545
16 650
16 697
16 699
16 739
16 785
16 823
16 850
16 933
16 948
19 28
21 28
26 28
28 33
28 34
28 37
28 46
28 58
28 61
28 111
28 163
28 165
28 168
28 169
28 170
28 267
28 271
28 287
28 303
28 305
28 319
28 333
28 346
28 363
28 448
28 530
28 610
28 616
28 646
28 714
28 720
28 797
28 895
28 961
25 32
26 32
27 32
32 33
32 35
32 101
32 102
32 106
32 107
32 164
32 165
32 217
32 227
32 250
32 276
32 277
32 285
32 323
32 333
32 350
32 352
32 353
32 355
32 365
32 378
32 416
32 430
32 444
32 460
32 513
32 514
32 576
32 587
32 599
32 611
32 646
32 728
32 829
32 892
32 942
32 1033
5 35
19 35
33 35
34 35
35 130
35 145
35 157
35 192
35 217
35 221
35 223
35 232
35 237
35 247
35 283
35 295
35 465
35 663
35 758
35 926
35 935
35 1039
13 39
30 39
31 39
36 39
39 47
39 49
39 53
39 92
39 128
39 165
39 167
39 173
39 246
39 255
39 279
39 305
39 390
39 394
39 408
39 436
39 473
39 499
39 504
39 505
39 608
39 622
39 707
39 716
39 792
39 795
39 851
39 980
48 97
70 97
71 97
97 129
97 132
97 137
97 144
97 145
97 146
97 147
97 148
97 149
97 194
97 236
97 242
97 492
97 699
97 745
97 806
97 808
97 1063
97 1114
97 1128
97 1130
75 112
83 112
84 112
91 112
112 165
112 177
112 180
112 182
112 185
112 322
112 336
112 625
112 730
112 888
112 891
112 905
112 1081
11 165
31 165
74 165
101 165
144 165
165 176
165 178
165 179
165 226
165 263
165 264
165 266
165 288
165 329
165 342
165 356
165 386
165 394
165 420
165 428
165 434
165 453
165 599
165 614
165 833
165 926
165 935
34 217
55 217
136 217
139 217
153 217
161 217
201 217
217 234
217 239
217 293
217 299
217 303
217 304
217 551
217 755
217 776
217 779
217 786
217 795
217 845
217 846
217 848
217 924
217 931
217 1036
217 1062
217 1099
217 1102
19 239
42 239
50 239
143 239
149 239
153 239
162 239
176 239
195 239
198 239
200 239
201 239
213 239
223 239
239 269
239 308
239 318
239 321
239 786
239 924
239 927
239 941
239 1065
239 1108
34 242
95 242
166 242
171 242
181 242
242 293
242 298
242 300
242 310
242 311
242 312
242 315
242 318
242 340
242 362
242 363
242 404
242 431
242 432
242 434
242 444
242 482
242 566
242 570
242 630
242 669
242 672
242 714
242 893
242 934
90 323
144 323
164 323
249 323
251 323
270 323
323 327
323 342
323 388
323 389
323 391
323 400
323 519
323 628
323 631
323 810
323 832
323 833
323 912
323 942
323 970
323 1033
24 378
46 378
66 378
71 378
74 378
90 378
141 378
175 378
176 378
267 378
273 378
302 378
307 378
316 378
317 378
319 378
342 378
349 378
378 402
378 425
378 450
378 460
378 532
378 533
378 535
378 536
378 583
378 595
378 610
378 620
378 645
378 668
378 802
378 829
378 839
88 396
91 396
163 396
168 396
321 396
325 396
327 396
328 396
340 396
360 396
396 415
396 438
396 447
396 492
396 493
396 496
396 499
396 501
396 589
396 601
396 695
396 853
396 910
396 923
396 1021
396 1028
396 1044
37 397
147 397
161 397
325 397
328 397
331 397
337 397
341 397
361 397
397 465
397 497
397 500
397 504
397 523
397 544
397 693
397 861
397 878
397 900
397 910
397 972
397 1024
397 1046
397 1121
29 724
138 724
139 724
142 724
171 724
223 724
249 724
329 724
425 724
489 724
574 724
579 724
583 724
585 724
597 724
631 724
659 724
667 724
671 724
680 724
682 724
724 912
724 936
724 937
724 944
724 949
724 1083
724 1099
47 826
70 826
103 826
137 826
308 826
350 826
464 826
492 826
527 826
612 826
693 826
713 826
91 994
318 994
471 994
518 994
719 994
741 994
747 994
752 994
753 994
755 994
758 994
103 1000
144 1000
146 1000
185 1000
442 1000
485 1000
674 1000
740 1000
741 1000
755 1000
761 1000
773 1000
802 1000
132 1014
185 1014
304 1014
452 1014
612 1014
674 1014
713 1014
740 1014
747 1014
753 1014
764 1014
773 1014
791 1014
5 7
5 10
5 17
5 30
5 31
5 73
5 87
5 98
5 116
5 135
5 203
5 252
5 262
5 266
5 291
5 316
5 320
5 468
5 533
5 619
5 632
5 654
5 751
5 754
5 768
5 837
7 11
7 12
7 14
7 17
7 23
7 30
7 76
7 123
7 132
7 134
7 255
7 262
7 363
7 409
7 411
7 477
7 531
7 533
7 560
7 587
7 678
8 15
11 15
13 15
15 17
15 21
15 23
15 34
15 38
15 115
15 172
15 257
15 262
15 287
15 335
15 341
15 347
15 357
15 555
15 556
15 675
15 926
15 996
15 1028
15 1070
17 24
17 25
17 64
17 74
17 169
17 173
17 368
17 389
17 390
17 392
17 426
17 537
17 632
17 638
27 36
33 36
36 38
36 222
36 223
36 241
36 273
36 284
36 315
36 510
36 537
36 658
36 659
36 748
36 1019
11 88
53 88
58 88
66 88
88 119
88 122
88 123
88 124
88 125
88 153
88 271
88 272
88 287
88 302
88 305
88 306
88 317
88 343
88 442
88 475
88 517
88 539
88 566
88 574
88 586
88 595
88 606
88 613
88 627
88 644
88 645
88 685
88 869
88 901
10 91
59 91
68 91
72 91
81 91
91 95
91 101
91 124
91 126
91 130
91 132
91 234
91 287
91 289
91 293
91 300
91 304
91 305
91 389
91 414
91 418
91 432
91 457
91 485
91 569
91 576
91 627
91 718
91 720
91 727
91 728
91 990
45 142
56 142
96 142
103 142
122 142
132 142
142 155
142 232
142 233
142 234
142 235
142 236
142 257
142 265
142 399
142 407
142 698
142 720
142 749
142 801
142 815
142 934
142 1056
142 1059
142 1107
74 150
98 150
99 150
113 150
150 156
150 214
150 223
150 230
150 232
150 249
150 250
150 251
150 265
150 355
150 480
150 573
150 594
150 623
150 625
150 655
150 669
150 676
150 681
150 729
150 736
150 765
150 778
8 172
104 172
105 172
108 172
161 172
172 181
172 182
172 188
172 252
172 270
172 272
172 273
172 274
172 317
172 327
172 380
172 381
172 388
172 424
172 426
172 433
172 530
172 539
172 557
172 567
172 612
172 645
172 680
172 804
172 818
172 877
172 985
34 219
52 219
64 219
92 219
99 219
137 219
138 219
162 219
181 219
186 219
199 219
202 219
219 252
219 282
219 284
219 300
219 305
219 318
219 359
219 366
219 370
219 374
219 500
219 508
219 539
219 671
219 722
219 753
219 793
219 863
219 893
219 952
31 263
44 263
76 263
104 263
152 263
158 263
160 263
180 263
192 263
246 263
250 263
263 328
263 329
263 330
263 331
263 446
263 454
263 459
263 463
263 559
263 617
263 643
263 644
263 682
263 870
263 1008
263 1009
263 1052
263 1066
63 267
92 267
114 267
115 267
116 267
140 267
143 267
168 267
174 267
180 267
264 267
267 280
267 320
267 332
267 333
267 334
267 447
267 450
267 578
267 624
267 647
267 796
267 800
267 1076
14 287
40 287
75 287
131 287
139 287
193 287
195 287
197 287
201 287
227 287
246 287
287 311
287 329
287 336
287 340
287 345
287 358
287 390
287 404
287 444
287 482
287 483
287 526
287 608
287 627
287 630
287 673
287 703
287 837
287 874
287 915
287 981
37 334
116 334
149 334
187 334
253 334
268 334
269 334
277 334
286 334
319 334
334 335
334 337
334 344
334 359
334 363
334 365
334 393
334 404
334 408
334 417
334 418
334 419
334 510
334 512
334 536
334 587
334 640
334 763
334 865
24 335
37 335
82 335
109 335
125 335
177 335
181 335
184 335
223 335
258 335
268 335
279 335
284 335
294 335
310 335
329 335
332 335
335 371
335 374
335 379
335 380
335 381
335 386
335 425
335 426
335 465
335 579
335 583
335 628
8 415
37 415
167 415
173 415
174 415
258 415
288 415
326 415
343 415
356 415
367 415
368 415
389 415
402 415
404 415
411 415
415 428
415 432
415 453
415 517
415 520
415 521
415 522
415 613
415 616
415 662
415 663
79 438
115 438
117 438
273 438
333 438
341 438
343 438
359 438
363 438
365 438
375 438
377 438
383 438
388 438
421 438
433 438
438 462
438 517
438 519
438 534
438 617
438 810
438 867
438 993
191 447
244 447
355 447
356 447
363 447
383 447
421 447
428 447
443 447
447 448
447 452
447 491
447 521
447 540
447 542
447 614
447 622
447 714
447 773
447 825
447 927
447 1091
37 478
52 478
74 478
85 478
135 478
252 478
278 478
305 478
307 478
356 478
388 478
404 478
428 478
433 478
452 478
453 478
462 478
468 478
478 521
478 535
478 561
478 580
478 611
478 617
478 661
478 783
478 927
19 479
33 479
38 479
85 479
110 479
155 479
266 479
343 479
385 479
388 479
407 479
411 479
429 479
432 479
479 518
479 536
479 551
479 558
479 677
479 806
479 813
479 836
479 845
479 923
479 1015
479 1043
479 1057
89 481
134 481
155 481
181 481
187 481
212 481
213 481
289 481
328 481
381 481
386 481
388 481
402 481
404 481
408 481
430 481
481 505
481 518
481 558
481 592
481 676
481 679
481 705
481 711
481 715
481 717
481 839
481 877
26 492
30 492
42 492
45 492
73 492
100 492
159 492
209 492
292 492
317 492
355 492
356 492
362 492
366 492
382 492
392 492
402 492
492 527
492 548
492 555
492 571
492 577
492 588
492 608
492 614
492 620
492 639
492 640
492 645
492 816
492 878
492 880
492 929
492 939
492 961
38 496
111 496
116 496
156 496
158 496
200 496
266 496
280 496
288 496
315 496
381 496
387 496
407 496
413 496
457 496
496 535
496 566
496 658
496 749
496 927
496 961
496 995
496 1043
496 1051
496 1105
31 515
52 515
83 515
177 515
189 515
253 515
406 515
412 515
475 515
500 515
515 552
515 575
515 584
515 591
515 677
515 745
515 749
515 790
515 966
515 1056
515 1090
515 1104
515 1116
44 524
109 524
173 524
180 524
182 524
192 524
251 524
252 524
327 524
418 524
420 524
423 524
455 524
459 524
461 524
524 568
524 572
524 618
524 715
524 716
524 731
524 928
524 986
524 1002
52 544
56 544
123 544
237 544
296 544
417 544
449 544
456 544
459 544
512 544
544 566
544 597
544 598
544 599
544 600
544 601
544 607
544 644
544 786
544 836
544 931
544 938
544 992
544 1006
544 1009
544 1019
544 1055
544 1065
544 1069
75 567
329 567
336 567
355 567
369 567
433 567
461 567
488 567
489 567
493 567
499 567
558 567
564 567
567 583
567 610
567 617
567 648
567 861
567 882
567 966
567 982
567 1001
567 1022
567 1084
567 1087
173 653
182 653
192 653
252 653
270 653
328 653
376 653
391 653
455 653
459 653
516 653
653 687
653 690
653 691
653 692
653 696
653 859
653 906
653 917
653 1122
103 681
109 681
110 681
140 681
209 681
221 681
249 681
274 681
551 681
568 681
681 719
681 723
681 726
681 727
681 730
33 736
90 736
103 736
214 736
281 736
324 736
382 736
387 736
417 736
509 736
511 736
513 736
547 736
579 736
595 736
697 736
736 874
736 899
736 907
736 908
736 925
736 957
736 970
736 971
736 985
130 1042
252 1042
255 1042
257 1042
302 1042
720 1042
759 1042
775 1042
777 1042
779 1042
793 1042
796 1042
8 12
8 13
8 20
8 64
8 65
8 69
8 86
8 113
8 162
8 164
8 167
8 168
8 169
8 184
8 209
8 218
8 265
8 309
8 368
8 399
8 403
8 429
8 435
8 467
8 484
8 520
8 624
8 625
8 739
8 922
8 1038
10 18
12 18
18 24
18 25
18 26
18 46
18 131
18 214
18 289
18 300
18 341
18 359
18 383
18 384
18 388
18 394
18 402
18 444
18 471
18 553
18 557
18 643
18 672
18 871
18 926
18 927
18 1013
38 52
47 52
48 52
49 52
50 52
51 52
52 53
52 124
52 134
52 167
52 195
52 196
52 235
52 446
52 449
52 456
52 474
52 476
52 482
52 484
52 490
52 534
52 614
52 682
52 686
52 731
52 840
52 845
52 886
52 924
52 988
52 1030
27 85
44 85
51 85
65 85
66 85
85 111
85 113
85 115
85 116
85 118
85 134
85 158
85 160
85 162
85 167
85 168
85 197
85 211
85 212
85 235
85 238
85 482
85 517
85 522
85 562
85 595
85 604
85 752
85 839
11 87
54 87
66 87
67 87
72 87
87 109
87 119
87 120
87 121
87 124
87 162
87 163
87 220
87 484
87 486
87 497
87 502
87 504
87 507
87 578
87 587
87 605
87 609
87 643
87 651
87 752
87 754
87 804
87 843
87 849
41 93
56 93
63 93
69 93
70 93
93 110
93 121
93 125
93 126
93 138
93 157
93 169
93 191
93 244
93 246
93 248
93 292
93 327
93 333
93 348
93 456
93 766
93 817
93 820
93 838
93 886
93 909
93 1079
93 1132
11 114
50 114
83 114
86 114
114 129
114 131
114 151
114 167
114 192
114 193
114 200
114 216
114 296
114 314
114 339
114 342
114 405
114 484
114 686
114 697
114 751
114 809
114 817
114 836
114 837
114 868
114 918
114 1038
70 141
82 141
96 141
102 141
120 141
140 141
141 144
141 155
141 190
141 211
141 215
141 229
141 230
141 231
141 250
141 429
141 493
141 558
141 583
141 720
141 824
141 842
141 970
141 981
141 1006
141 1045
19 169
98 169
169 180
169 191
169 193
169 268
169 352
169 357
169 360
169 362
169 461
169 462
169 587
169 644
169 647
169 660
169 670
169 699
169 714
169 715
169 895
169 967
169 976
11 181
19 181
71 181
75 181
95 181
110 181
111 181
115 181
146 181
151 181
154 181
157 181
170 181
181 191
181 208
181 258
181 262
181 268
181 274
181 336
181 356
181 588
181 646
181 788
181 891
181 931
181 954
181 1080
31 249
78 249
86 249
151 249
178 249
186 249
227 249
231 249
247 249
248 249
249 297
249 322
249 349
249 373
249 376
249 380
249 537
249 587
249 599
249 645
249 684
249 739
249 764
249 781
249 803
249 873
249 1036
31 266
33 266
53 266
63 266
76 266
80 266
84 266
92 266
152 266
167 266
178 266
192 266
202 266
246 266
266 268
266 274
266 330
266 331
266 445
266 459
266 464
266 477
266 504
266 507
266 593
266 623
266 810
266 863
266 981
266 988
266 1099
266 1102
23 289
47 289
79 289
188 289
202 289
205 289
226 289
255 289
289 311
289 316
289 341
289 345
289 361
289 362
289 364
289 371
289 409
289 420
289 445
289 489
289 506
289 523
289 555
289 703
289 762
289 763
289 764
289 787
289 852
289 988
24 359
80 359
83 359
116 359
167 359
197 359
201 359
202 359
237 359
258 359
288 359
291 359
330 359
346 359
350 359
359 373
359 382
359 387
359 414
359 440
359 449
359 473
359 486
359 499
359 504
359 506
359 526
359 536
359 635
359 848
359 849
359 857
359 887
359 907
359 1030
11 373
77 373
199 373
235 373
298 373
300 373
317 373
339 373
353 373
358 373
364 373
371 373
373 417
373 448
373 460
373 461
373 538
373 541
373 552
373 707
373 737
373 749
373 790
373 827
373 846
373 889
373 923
373 935
373 1017
373 1064
23 423
71 423
173 423
244 423
262 423
271 423
336 423
338 423
347 423
348 423
350 423
354 423
423 451
423 475
423 516
423 523
423 663
423 716
423 726
423 871
423 914
423 985
42 516
63 516
123 516
203 516
211 516
225 516
226 516
234 516
409 516
411 516
477 516
516 582
516 586
516 587
516 636
516 878
516 897
516 925
516 954
516 975
516 1077
516 1080
31 551
51 551
73 551
95 551
107 551
201 551
285 551
301 551
322 551
422 551
450 551
461 551
466 551
551 566
551 575
551 578
551 599
551 603
551 604
551 605
551 676
551 708
551 715
551 778
551 788
551 798
551 802
551 957
551 1037
551 1038
84 594
125 594
189 594
209 594
231 594
330 594
350 594
537 594
574 594
594 612
594 642
594 694
594 697
594 881
26 710
71 710
83 710
123 710
214 710
220 710
277 710
299 710
329 710
542 710
659 710
667 710
674 710
710 726
710 732
710 742
710 812
710 839
710 877
710 887
710 900
710 920
710 922
710 1039
64 899
78 899
79 899
210 899
297 899
477 899
532 899
560 899
622 899
109 978
123 978
186 978
261 978
477 978
587 978
678 978
740 978
742 978
743 978
776 978
813 978
110 1033
248 1033
259 1033
303 1033
458 1033
475 1033
733 1033
741 1033
774 1033
777 1033
813 1033
10 12
10 14
10 20
10 21
10 65
10 89
10 117
10 149
10 151
10 203
10 205
10 208
10 336
10 366
10 368
10 398
10 441
10 494
10 499
10 500
10 501
10 502
10 525
10 604
10 673
10 746
10 859
11 13
11 19
11 20
11 21
11 46
11 58
11 64
11 66
11 168
11 176
11 179
11 186
11 270
11 310
11 320
11 430
11 431
11 465
11 490
11 503
11 514
11 539
11 549
11 562
11 601
11 629
11 679
11 709
20 29
21 29
27 29
29 34
29 45
29 81
29 86
29 103
29 158
29 159
29 163
29 170
29 173
29 182
29 184
29 206
29 232
29 233
29 248
29 265
29 292
29 355
29 386
29 458
29 482
29 539
29 622
29 648
29 922
29 971
29 1019
29 1037
27 37
30 37
37 44
37 45
37 46
37 71
37 74
37 86
37 115
37 119
37 178
37 197
37 278
37 292
37 306
37 316
37 338
37 350
37 437
37 510
37 527
37 535
37 606
37 610
37 611
37 627
37 644
37 898
37 986
37 1076
34 56
43 56
54 56
55 56
56 60
56 140
56 155
56 192
56 218
56 327
56 329
56 347
56 702
56 753
56 806
56 925
56 941
56 1082
60 66
66 68
66 69
66 78
66 82
66 83
66 120
66 125
66 176
66 200
66 216
66 218
66 244
66 326
66 422
66 474
66 521
66 570
66 609
66 632
66 753
66 766
66 840
66 940
66 948
48 126
89 126
126 161
126 195
126 207
126 208
126 228
126 244
126 270
126 337
126 366
126 385
126 395
126 400
126 402
126 410
126 489
126 491
126 549
126 566
126 696
126 708
126 738
126 743
126 792
126 851
126 1082
30 127
67 127
69 127
90 127
94 127
127 166
127 196
127 207
127 209
127 210
127 250
127 270
127 271
127 285
127 288
127 292
127 315
127 326
127 342
127 345
127 468
127 474
127 482
127 485
127 532
127 582
27 128
94 128
95 128
96 128
128 158
128 197
128 208
128 209
128 270
128 284
128 285
128 312
128 345
128 354
128 404
128 406
128 411
128 582
128 583
128 634
128 1131
96 143
108 143
125 143
137 143
143 145
143 149
143 211
143 216
143 229
143 232
143 237
143 238
143 240
143 275
143 318
143 319
143 341
143 377
143 401
143 464
143 465
143 477
143 511
143 656
143 677
143 684
143 698
143 958
34 154
98 154
103 154
148 154
154 161
154 182
154 210
154 227
154 233
154 234
154 240
154 250
154 251
154 252
154 253
154 255
154 410
154 411
154 692
154 695
154 697
154 729
154 791
154 812
154 1001
154 1024
154 1093
34 248
69 248
86 248
149 248
164 248
187 248
188 248
248 273
248 358
248 367
248 370
248 386
248 392
248 419
248 424
248 434
248 564
248 595
248 709
248 810
248 818
248 894
248 942
34 257
82 257
155 257
157 257
164 257
202 257
209 257
226 257
244 257
257 291
257 308
257 311
257 324
257 325
257 464
257 571
257 608
257 609
257 810
257 838
257 865
257 874
257 909
257 921
257 925
257 1027
83 294
160 294
177 294
211 294
214 294
218 294
229 294
233 294
246 294
264 294
268 294
294 353
294 358
294 369
294 371
294 419
294 431
294 466
294 514
294 521
294 647
294 764
294 928
294 931
294 968
294 969
95 451
107 451
116 451
251 451
270 451
279 451
280 451
284 451
292 451
315 451
327 451
360 451
367 451
369 451
380 451
424 451
451 588
451 660
451 738
451 797
451 801
451 833
451 880
451 987
117 559
170 559
315 559
321 559
355 559
392 559
419 559
480 559
556 559
559 563
559 574
559 595
559 608
559 611
559 641
559 654
559 662
559 665
559 983
23 587
69 587
95 587
177 587
193 587
251 587
256 587
262 587
347 587
356 587
358 587
381 587
521 587
587 650
587 669
587 670
587 680
587 731
587 742
587 802
587 912
587 942
587 1131
83 599
139 599
171 599
186 599
330 599
349 599
361 599
545 599
565 599
590 599
599 634
599 660
599 713
599 791
599 852
599 853
599 889
599 911
599 1044
599 1050
599 1090
599 1116
113 750
164 750
237 750
283 750
354 750
379 750
391 750
457 750
465 750
468 750
750 1095
135 760
159 760
164 760
209 760
247 760
290 760
304 760
458 760
485 760
654 760
659 760
678 760
760 965
760 998
760 999
760 1007
760 1012
760 1021
760 1043
760 1056
760 1110
760 1132
232 779
254 779
381 779
384 779
386 779
388 779
401 779
465 779
575 779
593 779
623 779
779 942
779 944
779 968
779 1041
779 1079
779 1096
779 1097
779 1109
779 1129
86 837
182 837
214 837
269 837
285 837
305 837
385 837
391 837
86 838
130 838
182 838
295 838
311 838
575 838
659 838
320 870
364 870
431 870
435 870
602 870
639 870
665 870
686 870
704 870
721 870
722 870
164 875
188 875
234 875
290 875
318 875
395 875
405 875
406 875
458 875
558 875
638 875
663 875
697 875
104 885
105 885
444 885
456 885
539 885
565 885
583 885
607 885
633 885
671 885
676 885
270 915
302 915
376 915
417 915
419 915
425 915
455 915
519 915
644 915
702 915
22 30
23 30
25 30
30 34
30 81
30 90
30 95
30 131
30 177
30 342
30 344
30 345
30 368
30 379
30 386
30 403
30 404
30 414
30 416
30 434
30 437
30 572
30 576
30 606
30 608
30 627
30 771
23 31
24 31
27 31
31 33
31 89
31 134
31 147
31 149
31 163
31 186
31 187
31 212
31 265
31 276
31 285
31 306
31 307
31 331
31 337
31 352
31 354
31 402
31 404
31 435
31 437
31 443
31 444
31 453
31 512
31 518
31 558
31 580
31 731
31 912
31 1076
61 73
69 73
71 73
73 92
73 96
73 99
73 101
73 103
73 129
73 148
73 183
73 198
73 199
73 265
73 269
73 402
73 489
73 499
73 505
73 511
73 693
73 699
73 732
73 991
14 98
63 98
70 98
72 98
95 98
98 122
98 124
98 130
98 133
98 138
98 144
98 151
98 152
98 153
98 155
98 196
98 220
98 240
98 347
98 399
98 501
98 571
98 695
98 747
98 806
98 911
98 913
34 116
84 116
86 116
116 157
116 164
116 177
116 187
116 189
116 193
116 251
116 253
116 262
116 270
116 325
116 326
116 355
116 361
116 588
116 641
116 690
116 757
116 769
116 777
116 960
116 1010
116 1050
116 1088
20 135
38 135
103 135
132 135
135 175
135 176
135 177
135 189
135 190
135 205
135 212
135 213
135 232
135 236
135 241
135 328
135 385
135 435
135 443
135 458
135 466
135 467
135 482
135 558
135 622
135 652
135 654
135 668
135 754
135 1019
135 1032
122 203
125 203
145 203
156 203
200 203
203 207
203 253
203 277
203 281
203 290
203 465
203 505
203 511
203 620
203 623
203 678
203 685
203 749
203 761
203 814
203 816
203 900
203 1024
41 252
58 252
65 252
151 252
162 252
171 252
174 252
183 252
184 252
207 252
213 252
244 252
245 252
252 253
252 262
252 264
252 271
252 291
252 304
252 318
252 321
252 324
252 482
252 502
252 507
252 518
252 536
252 609
252 611
252 616
252 627
252 829
252 866
252 890
252 1027
252 1030
45 262
49 262
89 262
90 262
102 262
118 262
159 262
161 262
166 262
171 262
262 274
262 305
262 316
262 325
262 426
262 430
262 513
262 521
262 527
262 535
262 549
262 618
262 679
262 726
262 892
262 914
34 291
136 291
139 291
179 291
207 291
209 291
223 291
251 291
254 291
260 291
274 291
275 291
285 291
291 327
291 362
291 365
291 565
291 626
291 641
291 781
291 825
291 832
291 910
291 1018
291 1031
291 1072
23 316
152 316
167 316
171 316
190 316
192 316
223 316
235 316
238 316
240 316
243 316
261 316
288 316
307 316
316 337
316 362
316 465
316 615
316 678
316 829
316 983
65 320
167 320
194 320
222 320
238 320
240 320
243 320
261 320
313 320
320 342
320 748
320 771
320 800
320 810
320 864
22 468
25 468
40 468
89 468
223 468
237 468
255 468
284 468
285 468
327 468
367 468
380 468
381 468
382 468
433 468
468 510
468 520
468 535
468 542
468 555
468 562
468 608
468 641
468 733
468 758
468 931
468 952
468 983
113 533
189 533
206 533
330 533
332 533
337 533
341 533
343 533
362 533
381 533
425 533
453 533
533 583
533 628
533 634
533 881
533 962
86 619
103 619
192 619
209 619
237 619
258 619
283 619
381 619
511 619
555 619
589 619
591 619
601 619
619 689
619 690
619 711
619 880
619 959
619 960
619 972
619 1012
619 1092
619 1121
38 632
123 632
222 632
235 632
240 632
352 632
357 632
426 632
440 632
462 632
477 632
610 632
614 632
615 632
616 632
632 640
632 658
632 664
632 678
632 701
632 748
632 983
187 654
192 654
276 654
328 654
381 654
391 654
623 654
654 687
654 692
654 708
654 721
654 734
654 761
654 784
654 817
654 891
654 902
654 1108
654 1109
81 751
104 751
192 751
214 751
253 751
302 751
305 751
644 751
670 751
686 751
751 992
751 993
751 996
751 1003
751 1008
751 1027
751 1035
751 1067
214 754
245 754
288 754
328 754
354 754
511 754
575 754
754 963
754 993
754 995
754 1001
754 1015
754 1016
754 1022
754 1057
754 1097
754 1105
103 768
213 768
307 768
412 768
505 768
508 768
518 768
558 768
643 768
697 768
698 768
720 768
768 1012
768 1020
768 1021
768 1044
768 1046
768 1048
768 1113
768 1116
768 1125
12 14
14 20
14 22
14 23
14 61
14 62
14 68
14 275
14 279
14 281
14 284
14 295
14 312
14 341
14 354
14 425
14 440
14 461
14 487
14 506
14 568
14 610
14 617
14 647
14 648
14 686
13 19
19 24
19 27
19 241
19 337
19 375
19 541
19 543
19 600
19 688
19 984
19 997
33 170
102 170
157 170
164 170
170 226
170 232
170 250
170 269
170 270
170 356
170 394
170 420
170 430
170 460
170 511
170 568
170 606
170 627
170 628
170 631
170 867
170 970
33 171
40 171
104 171
106 171
110 171
130 171
158 171
164 171
171 182
171 233
171 255
171 261
171 265
171 269
171 270
171 271
171 272
171 292
171 462
171 546
171 572
171 575
171 576
171 874
171 928
171 1030
171 1037
171 1039
171 1126
64 250
79 250
132 250
147 250
152 250
156 250
178 250
208 250
223 250
250 278
250 315
250 322
250 342
250 389
250 405
250 518
250 537
250 540
250 622
250 633
250 752
250 869
250 891
23 333
26 333
58 333
68 333
179 333
270 333
275 333
276 333
304 333
318 333
319 333
333 341
333 352
333 353
333 355
333 358
333 390
333 414
333 437
333 440
333 511
333 531
333 532
333 616
333 631
333 970
95 360
360 387
360 448
360 450
360 499
326 420
336 420
338 420
347 420
377 420
420 471
420 498
420 514
420 523
420 527
420 528
420 529
420 665
420 705
420 716
420 721
420 727
420 916
24 448
265 448
337 448
357 448
358 448
362 448
375 448
448 461
448 480
448 493
448 499
448 510
448 541
448 543
448 617
448 646
448 674
448 676
448 720
448 974
448 976
94 586
196 586
337 586
350 586
443 586
514 586
532 586
586 613
586 671
586 674
586 676
586 705
586 719
586 728
586 979
586 985
50 646
200 646
223 646
337 646
375 646
455 646
540 646
547 646
597 646
609 646
646 668
646 719
646 755
646 757
646 845
646 846
646 848
646 927
646 931
646 932
646 1039
646 1065
646 1109
646 1132
82 674
95 674
180 674
338 674
358 674
459 674
548 674
566 674
628 674
674 702
674 714
674 720
674 742
674 865
674 894
674 898
674 939
674 962
674 986
79 679
84 679
166 679
188 679
312 679
361 679
500 679
542 679
569 679
573 679
679 721
679 723
679 871
679 916
75 680
84 680
232 680
336 680
356 680
369 680
387 680
425 680
432 680
461 680
552 680
610 680
680 720
680 721
680 728
680 738
680 818
680 891
680 903
680 917
680 919
680 921
680 957
680 968
153 763
264 763
343 763
377 763
453 763
556 763
612 763
628 763
631 763
763 948
763 976
763 1006
763 1007
763 1016
763 1043
763 1052
95 801
111 801
133 801
375 801
417 801
499 801
603 801
649 801
801 828
801 1043
801 1103
801 1119
801 1130
86 835
210 835
342 835
345 835
349 835
435 835
442 835
532 835
550 835
622 835
633 835
24 975
185 975
205 975
436 975
604 975
737 975
739 975
740 975
747 975
756 975
100 990
144 990
433 990
442 990
471 990
604 990
609 990
630 990
697 990
713 990
721 990
728 990
12 22
12 23
12 46
12 61
12 136
12 361
12 362
12 363
12 418
12 520
12 523
12 881
12 962
23 25
23 27
23 44
23 64
23 101
23 176
23 180
23 296
23 365
23 416
23 452
23 527
23 534
23 536
23 561
23 610
23 618
23 661
23 734
23 872
23 928
47 76
62 76
64 76
74 76
76 104
76 158
76 161
76 184
76 223
76 270
76 285
76 290
76 295
76 313
76 386
76 532
76 537
76 539
76 556
76 615
76 1095
68 123
90 123
115 123
123 137
123 199
123 202
123 205
123 319
123 370
123 379
123 424
123 513
123 555
123 556
123 557
123 629
123 631
123 633
123 650
123 738
123 986
34 132
95 132
99 132
100 132
110 132
132 148
132 202
132 207
132 208
132 210
132 213
132 226
132 318
132 464
132 504
132 548
132 729
132 756
132 777
20 134
40 134
51 134
70 134
102 134
117 134
130 134
134 204
134 210
134 214
134 255
134 256
134 315
134 319
134 436
134 467
134 640
134 656
134 677
134 683
134 759
134 771
134 806
134 809
134 836
134 930
134 941
134 1006
134 1007
134 1132
22 255
42 255
90 255
108 255
117 255
153 255
158 255
160 255
164 255
255 259
255 278
255 315
255 409
255 464
255 557
255 810
255 931
255 980
255 1027
255 1078
21 363
46 363
83 363
152 363
290 363
301 363
304 363
305 363
313 363
318 363
326 363
363 387
363 401
363 414
363 437
363 449
363 453
363 454
363 457
363 461
363 462
363 511
363 523
363 577
363 583
363 648
363 676
363 798
33 409
57 409
58 409
90 409
182 409
191 409
194 409
258 409
305 409
318 409
329 409
330 409
342 409
400 409
409 482
409 508
409 518
409 520
409 785
409 940
409 1038
409 1114
50 411
53 411
130 411
131 411
205 411
213 411
254 411
318 411
328 411
330 411
382 411
386 411
394 411
403 411
411 431
411 434
411 485
411 498
411 500
411 502
411 508
411 518
411 572
411 662
411 854
411 988
411 1038
411 1097
50 477
105 477
138 477
158 477
206 477
213 477
342 477
384 477
477 534
477 540
477 556
477 560
477 629
477 634
477 648
477 709
477 715
477 742
477 818
477 892
477 898
477 970
72 531
120 531
125 531
139 531
177 531
206 531
223 531
264 531
422 531
431 531
464 531
475 531
521 531
531 606
531 627
531 785
531 842
531 854
531 862
531 918
531 922
531 1052
531 1065
164 560
211 560
284 560
325 560
356 560
366 560
392 560
419 560
474 560
475 560
560 593
560 600
560 611
560 623
560 647
560 839
560 845
560 849
560 860
560 884
560 896
560 985
560 1052
560 1066
560 1092
560 1099
232 678
246 678
276 678
389 678
465 678
563 678
573 678
623 678
678 704
678 706
678 733
678 762
678 804
678 811
678 914
678 1036
13 22
13 33
13 41
13 205
13 325
13 391
13 490
13 502
13 528
13 555
13 603
13 624
13 635
13 665
13 688
13 1068
20 25
20 27
20 38
20 42
20 47
20 92
20 109
20 110
20 115
20 136
20 140
20 144
20 160
20 374
20 489
20 554
20 788
20 820
20 931
20 933
20 988
20 1079
59 64
64 65
64 72
64 80
64 84
64 106
64 136
64 160
64 211
64 261
64 329
64 338
64 413
64 445
64 573
64 582
64 609
64 624
59 65
65 67
65 77
65 81
65 86
65 92
65 107
65 158
65 162
65 174
65 221
65 230
65 243
65 244
65 288
65 437
65 460
65 604
65 650
65 1030
21 69
60 69
69 72
69 94
69 95
69 96
69 124
69 194
69 197
69 200
69 214
69 244
69 261
69 383
69 402
69 499
69 595
69 707
69 794
69 806
69 824
69 841
69 937
69 1055
69 1086
22 86
49 86
67 86
74 86
86 117
86 118
86 246
86 259
86 260
86 261
86 322
86 325
86 520
86 554
86 609
86 622
86 667
86 804
86 890
86 907
83 113
113 173
113 187
113 188
113 235
113 256
113 274
113 317
113 407
113 484
113 485
113 501
113 537
113 615
113 672
113 747
113 756
113 758
113 814
113 817
113 889
113 913
113 923
81 162
96 162
100 162
103 162
129 162
152 162
162 173
162 179
162 256
162 399
162 747
162 798
162 808
162 841
162 932
162 1057
162 1067
162 1093
162 1107
81 164
83 164
101 164
103 164
110 164
155 164
164 177
164 224
164 225
164 228
164 240
164 264
164 404
164 405
164 545
164 562
164 641
164 757
164 864
25 167
33 167
102 167
151 167
153 167
155 167
167 175
167 179
167 180
167 211
167 230
167 265
167 318
167 322
167 328
167 431
167 445
167 482
167 505
167 547
167 595
167 647
167 925
167 971
167 1034
103 168
152 168
157 168
168 176
168 190
168 191
168 192
168 265
168 313
168 347
168 398
168 565
168 568
168 600
168 658
168 935
168 999
168 1028
168 1067
33 184
110 184
139 184
158 184
166 184
178 184
182 184
184 187
184 188
184 251
184 327
184 339
184 377
184 510
184 522
184 537
184 549
184 638
184 706
184 776
184 949
184 1074
184 1118
79 209
133 209
183 209
209 233
209 251
209 254
209 286
209 290
209 292
209 368
209 369
209 412
209 458
209 490
209 687
209 694
209 697
209 744
209 852
136 218
145 218
198 218
218 221
218 233
218 241
218 244
218 295
218 303
218 733
218 746
218 775
218 793
218 794
218 932
218 969
153 265
178 265
183 265
187 265
191 265
194 265
233 265
234 265
235 265
245 265
246 265
265 317
265 329
265 708
265 797
265 816
265 895
265 954
265 1030
265 1081
84 309
178 309
191 309
200 309
221 309
240 309
246 309
260 309
309 339
309 381
309 399
309 402
309 407
309 455
309 459
309 465
309 588
309 623
309 761
309 959
309 960
309 1104
95 368
193 368
235 368
292 368
296 368
298 368
326 368
330 368
339 368
351 368
353 368
356 368
368 382
368 404
368 406
368 428
368 449
368 457
368 485
368 486
368 601
368 615
368 636
368 682
368 703
368 910
368 1023
368 1065
40 399
108 399
198 399
285 399
325 399
330 399
362 399
398 399
399 430
399 490
399 495
399 506
399 507
399 520
399 589
399 697
399 911
399 913
399 1087
399 1106
399 1124
106 403
144 403
177 403
246 403
318 403
326 403
330 403
346 403
351 403
364 403
403 500
403 509
403 556
403 558
403 638
403 640
403 699
403 769
403 770
403 776
403 790
403 1050
403 1119
115 429
232 429
300 429
338 429
339 429
380 429
429 480
429 511
429 517
429 526
429 530
429 553
429 581
429 631
429 864
429 909
429 910
429 991
429 1069
284 435
341 435
343 435
350 435
390 435
392 435
414 435
435 522
435 601
435 602
435 811
435 925
435 953
435 970
435 1035
74 467
81 467
109 467
110 467
194 467
205 467
300 467
346 467
374 467
382 467
407 467
414 467
417 467
436 467
466 467
467 505
467 510
467 554
467 749
467 769
467 771
467 1064
467 1065
467 1110
467 1123
33 484
156 484
251 484
285 484
387 484
389 484
391 484
412 484
432 484
459 484
484 520
484 535
484 554
484 565
484 596
484 634
484 739
484 995
484 1031
484 1063
74 520
80 520
120 520
136 520
139 520
140 520
308 520
417 520
422 520
469 520
520 578
520 581
520 588
520 589
520 590
520 613
520 643
520 809
520 836
520 918
72 624
129 624
339 624
342 624
398 624
521 624
573 624
624 808
624 809
624 814
624 836
624 918
624 954
624 972
624 1043
624 1065
624 1104
158 625
174 625
188 625
247 625
273 625
381 625
455 625
459 625
565 625
574 625
603 625
625 659
625 675
625 799
625 803
625 984
625 1018
625 1073
157 739
233 739
418 739
483 739
546 739
579 739
590 739
595 739
600 739
739 940
739 964
739 965
739 977
739 1012
739 1046
739 1052
739 1105
739 1110
739 1123
74 922
299 922
483 922
522 922
554 922
730 922
731 922
57 1038
155 1038
233 1038
234 1038
410 1038
412 1038
685 1038
697 1038
49 133
59 133
89 133
99 133
101 133
133 136
133 159
133 211
133 214
133 234
133 258
133 489
133 499
133 505
133 506
133 511
133 588
133 816
133 906
133 1118
72 163
77 163
84 163
100 163
119 163
153 163
163 176
163 178
163 223
163 241
163 264
163 342
163 446
163 682
163 809
163 841
163 846
163 938
163 997
163 1007
163 1035
163 1065
163 1075
68 208
101 208
129 208
131 208
155 208
205 208
208 211
208 214
208 254
208 292
208 466
208 508
208 698
208 702
208 783
208 1128
44 210
102 210
146 210
149 210
210 213
210 231
210 234
210 328
210 412
210 512
210 518
210 521
210 558
210 561
210 614
210 670
210 695
210 762
210 764
210 818
210 897
210 906
26 272
72 272
74 272
92 272
156 272
178 272
180 272
191 272
272 276
272 337
272 339
272 341
272 351
272 430
272 555
272 575
272 630
272 702
272 856
272 924
272 981
272 982
272 1003
272 1005
272 1055
272 1074
272 1129
278 331
296 331
331 341
331 388
331 390
331 414
331 452
331 461
331 672
331 927
72 337
95 337
225 337
247 337
268 337
271 337
273 337
329 337
337 392
337 418
337 425
337 426
337 427
337 428
337 535
337 539
337 566
337 611
337 614
337 683
337 895
337 929
337 987
68 345
71 345
119 345
136 345
174 345
246 345
269 345
273 345
276 345
278 345
280 345
281 345
296 345
297 345
300 345
332 345
345 350
345 354
345 369
345 377
345 385
345 416
345 426
345 428
345 440
345 443
345 532
345 539
345 578
345 663
345 738
345 822
345 1131
26 527
74 527
117 527
329 527
347 527
388 527
421 527
430 527
433 527
450 527
471 527
527 564
527 593
527 832
527 833
527 882
527 929
527 974
527 976
527 987
96 733
130 733
214 733
243 733
407 733
458 733
627 733
662 733
685 733
733 940
733 942
733 944
733 947
733 1040
733 1097
733 1099
733 1101
733 1102
26 735
82 735
99 735
120 735
125 735
156 735
193 735
214 735
332 735
575 735
735 946
735 947
735 948
735 1098
92 775
156 775
187 775
206 775
240 775
302 775
455 775
615 775
623 775
642 775
645 775
695 775
775 942
775 968
775 1039
92 997
236 997
474 997
550 997
676 997
746 997
755 997
758 997
759 997
789 997
21 26
21 43
21 62
21 63
21 70
21 109
21 121
21 286
21 302
21 306
21 347
21 348
21 349
21 418
21 426
21 534
21 571
21 579
49 89
60 89
68 89
70 89
80 89
89 94
89 96
89 111
89 120
89 124
89 129
89 191
89 196
89 215
89 220
89 245
89 288
89 302
89 304
89 307
89 308
89 329
89 489
89 603
89 638
89 666
89 776
89 793
89 806
89 845
89 924
89 1047
84 117
95 117
103 117
117 156
117 159
117 183
117 190
117 193
117 235
117 245
117 317
117 341
117 343
117 346
117 351
117 354
117 391
117 398
117 401
117 540
117 620
117 645
117 658
117 927
117 959
117 1026
42 149
71 149
103 149
149 152
149 153
149 158
149 179
149 193
149 222
149 231
149 247
149 382
149 383
149 387
149 390
149 413
149 414
149 982
149 1034
149 1068
149 1072
81 151
100 151
146 151
151 160
151 226
151 230
151 235
151 237
151 381
151 469
151 470
151 474
151 566
151 671
151 791
151 798
151 854
151 863
151 953
151 986
151 1008
151 1045
151 1053
40 205
47 205
71 205
124 205
159 205
197 205
205 251
205 274
205 280
205 354
205 404
205 405
205 410
205 413
205 414
205 510
205 744
205 755
205 759
205 774
205 776
205 825
205 828
205 1031
22 336
125 336
177 336
268 336
270 336
279 336
285 336
286 336
293 336
300 336
304 336
305 336
336 344
336 347
336 348
336 371
336 380
336 394
336 414
336 417
336 418
336 421
336 422
336 424
336 427
336 532
77 366
94 366
96 366
221 366
222 366
235 366
292 366
293 366
305 366
308 366
366 387
366 450
366 456
366 585
366 589
366 596
366 695
366 747
366 772
366 776
366 777
366 850
366 913
366 1028
366 1088
22 398
38 398
75 398
319 398
325 398
329 398
342 398
391 398
398 400
398 474
398 493
398 497
398 502
398 504
398 505
398 555
398 820
398 842
398 845
398 913
398 941
398 980
398 1094
398 1123
215 441
347 441
349 441
351 441
375 441
383 441
441 488
441 538
441 566
441 627
441 629
441 647
441 818
441 877
441 901
441 1013
77 494
120 494
139 494
140 494
156 494
240 494
251 494
270 494
276 494
393 494
394 494
419 494
454 494
456 494
494 543
494 552
494 553
494 558
494 568
494 572
494 606
494 607
494 645
494 648
494 855
494 1007
494 1123
226 499
355 499
379 499
382 499
394 499
408 499
413 499
418 499
460 499
499 566
499 570
499 573
499 576
499 581
499 618
499 660
499 718
499 895
499 965
42 500
44 500
140 500
313 500
357 500
394 500
405 500
450 500
461 500
500 521
500 536
500 565
500 570
500 576
500 579
500 798
500 871
500 896
500 898
500 1013
49 501
100 501
101 501
211 501
230 501
395 501
406 501
410 501
412 501
462 501
493 501
495 501
501 572
501 574
501 591
501 597
501 614
501 643
501 690
501 856
501 882
501 1015
501 1026
501 1057
501 1084
96 502
187 502
245 502
276 502
288 502
313 502
381 502
395 502
461 502
502 573
502 575
502 601
502 910
502 911
502 913
502 982
502 996
502 999
22 525
276 525
315 525
388 525
392 525
418 525
425 525
525 583
525 628
525 881
192 604
244 604
361 604
421 604
482 604
521 604
548 604
604 626
604 627
604 714
604 738
604 877
604 882
604 892
604 928
604 929
604 987
106 673
187 673
224 673
280 673
282 673
356 673
644 673
647 673
663 673
673 692
673 714
673 716
673 718
673 732
673 864
673 869
673 902
673 904
673 919
673 953
673 995
94 746
187 746
245 746
276 746
282 746
301 746
385 746
659 746
689 746
692 746
746 963
746 964
746 976
746 992
746 995
746 1003
746 1008
247 859
356 859
376 859
392 859
413 859
584 859
591 859
656 859
692 859
696 859
701 859
33 46
40 46
46 50
46 51
46 74
46 84
46 186
46 191
46 200
46 288
46 298
46 326
46 329
46 361
46 436
46 485
46 593
46 635
46 1047
46 1052
46 1114
55 58
58 61
58 77
58 90
58 122
58 178
58 191
58 364
58 365
58 418
58 475
58 562
58 589
58 911
58 924
58 1094
58 1110
58 1132
26 176
106 176
107 176
115 176
119 176
176 185
176 215
176 259
176 261
176 268
176 306
176 347
176 462
176 471
176 534
176 553
176 577
176 592
176 595
176 614
176 617
176 644
176 651
176 771
176 896
176 928
67 179
107 179
108 179
140 179
166 179
177 179
179 197
179 226
179 231
179 235
179 264
179 282
179 290
179 299
179 344
179 351
179 463
179 465
179 469
179 528
179 598
179 605
179 621
179 649
179 857
179 1092
25 186
27 186
101 186
102 186
180 186
186 189
186 190
186 246
186 264
186 269
186 330
186 377
186 416
186 430
186 444
186 450
186 513
186 550
186 575
186 610
186 705
186 892
186 896
186 928
174 270
177 270
178 270
270 281
270 315
270 327
270 332
270 340
270 341
270 357
270 456
270 459
270 473
270 554
270 565
270 615
270 685
270 686
270 924
270 1082
41 310
63 310
110 310
121 310
125 310
221 310
224 310
225 310
258 310
268 310
310 339
310 340
310 358
310 382
310 383
310 592
310 811
310 873
310 880
310 903
310 908
310 963
310 967
228 430
246 430
274 430
311 430
338 430
384 430
385 430
422 430
430 474
430 521
430 530
430 566
430 695
430 805
430 812
430 817
430 1025
430 1107
430 1132
136 431
244 431
293 431
338 431
339 431
351 431
395 431
410 431
431 482
431 513
431 521
431 529
431 562
431 627
431 713
431 883
431 921
431 928
51 465
62 465
153 465
201 465
228 465
240 465
300 465
382 465
388 465
390 465
416 465
465 482
465 534
465 535
465 541
465 575
465 883
101 490
120 490
156 490
159 490
206 490
245 490
344 490
392 490
393 490
446 490
490 558
490 568
490 570
490 575
490 814
490 938
490 1043
490 1071
490 1085
490 1107
158 503
220 503
221 503
223 503
281 503
395 503
412 503
428 503
503 552
503 554
503 555
503 564
503 568
503 574
503 596
503 597
503 613
503 648
503 694
503 927
503 982
503 1031
256 514
264 514
406 514
407 514
410 514
421 514
427 514
476 514
514 552
514 581
514 585
514 636
514 656
514 745
514 759
514 814
514 861
514 1031
514 1050
514 1059
514 1090
514 1125
26 539
27 539
178 539
191 539
194 539
197 539
276 539
306 539
362 539
436 539
442 539
444 539
457 539
466 539
476 539
528 539
538 539
539 562
539 568
539 576
539 611
539 845
539 873
539 904
539 924
539 1009
539 1030
539 1075
539 1099
539 1102
25 549
40 549
51 549
80 549
158 549
220 549
245 549
274 549
384 549
416 549
425 549
446 549
449 549
456 549
469 549
476 549
483 549
509 549
529 549
538 549
549 555
549 564
549 583
549 603
549 611
549 638
549 642
549 643
549 682
549 702
549 776
549 941
549 1047
549 1076
549 1132
49 562
106 562
107 562
222 562
298 562
308 562
312 562
425 562
483 562
485 562
489 562
529 562
555 562
558 562
562 565
562 591
562 598
562 607
562 609
562 614
562 770
562 790
562 807
562 834
562 861
562 930
562 1026
562 1050
562 1103
234 601
254 601
311 601
344 601
367 601
395 601
424 601
547 601
589 601
601 611
601 647
601 878
601 882
601 883
601 929
601 957
601 964
601 982
601 991
55 629
72 629
428 629
443 629
584 629
585 629
591 629
607 629
629 701
629 834
629 855
629 864
629 913
629 987
629 1021
629 1056
629 1104
41 709
49 709
83 709
221 709
222 709
290 709
293 709
351 709
442 709
489 709
656 709
666 709
699 709
709 810
709 919
709 962
709 1097
709 1114
22 24
22 254
22 308
22 322
22 377
22 390
22 410
22 436
22 548
22 622
22 716
22 780
22 808
22 823
22 828
22 955
22 964
22 966
22 972
22 1089
26 61
60 61
61 62
61 63
61 68
61 70
61 71
61 72
61 74
61 109
61 121
61 303
61 304
61 364
61 417
61 442
61 446
61 456
61 656
61 677
61 919
61 1005
61 1051
45 136
50 136
60 136
92 136
136 137
136 193
136 194
136 215
136 216
136 227
136 315
136 382
136 424
136 445
136 459
136 473
136 508
136 605
136 753
136 766
136 818
136 854
136 981
25 361
44 361
45 361
153 361
241 361
264 361
277 361
296 361
343 361
361 414
361 424
361 426
361 444
361 449
361 450
361 452
361 474
361 521
361 535
361 580
361 600
361 661
361 668
361 721
361 896
361 916
80 362
192 362
233 362
308 362
338 362
350 362
362 442
362 452
362 483
362 529
362 540
362 554
362 556
362 607
362 672
362 701
362 755
362 756
362 841
362 856
362 877
362 1086
45 418
341 418
374 418
418 443
418 469
418 498
418 523
418 543
418 561
418 634
418 704
418 722
418 729
418 887
418 890
418 893
418 904
418 917
27 523
41 523
177 523
278 523
293 523
351 523
414 523
416 523
427 523
433 523
439 523
445 523
463 523
482 523
485 523
523 577
523 589
523 591
523 610
523 620
523 716
523 738
523 877
523 927
523 935
523 1002
75 881
180 881
224 881
225 881
228 881
268 881
353 881
358 881
440 881
462 881
617 881
725 881
70 962
80 962
198 962
730 962
33 34
33 99
33 174
33 233
33 264
33 305
33 319
33 434
33 482
33 510
33 518
33 522
33 636
33 729
33 731
33 788
33 1027
33 1030
41 48
41 49
41 54
41 57
41 148
41 157
41 233
41 298
41 304
41 308
41 327
41 330
41 472
41 485
41 693
41 694
41 706
41 852
41 939
41 957
41 1041
38 325
45 325
240 325
259 325
260 325
280 325
317 325
325 376
325 390
325 391
325 393
325 400
325 402
325 440
325 540
325 558
325 591
325 608
325 615
325 717
325 812
325 900
325 927
325 957
38 391
90 391
92 391
115 391
204 391
264 391
300 391
356 391
387 391
391 405
391 428
391 466
391 487
391 488
391 658
391 685
391 686
391 744
391 809
391 836
391 938
391 1032
115 528
228 528
327 528
339 528
376 528
390 528
421 528
454 528
458 528
528 535
528 564
528 566
528 608
528 634
528 711
528 713
528 982
528 991
528 992
528 1086
45 555
195 555
251 555
278 555
321 555
444 555
473 555
488 555
491 555
497 555
504 555
529 555
535 555
540 555
555 557
555 596
555 600
555 805
555 817
555 824
555 884
105 603
224 603
228 603
419 603
548 603
590 603
603 607
603 617
603 730
603 789
603 790
603 791
603 879
603 939
603 953
603 958
603 991
603 1001
603 1015
603 1050
44 635
228 635
259 635
388 635
392 635
488 635
535 635
546 635
554 635
575 635
606 635
630 635
635 637
635 643
635 805
635 809
635 841
635 842
635 933
635 945
635 1006
635 1019
229 665
317 665
344 665
381 665
466 665
505 665
517 665
553 665
568 665
572 665
589 665
639 665
642 665
665 698
665 701
665 702
665 815
665 836
665 855
665 980
665 981
665 996
665 998
665 1094
48 688
124 688
245 688
247 688
253 688
386 688
408 688
575 688
596 688
656 688
657 688
658 688
659 688
688 813
688 856
688 923
688 929
688 1050
688 1056
688 1084
688 1087
688 1090
688 1125
57 1068
464 1068
472 1068
529 1068
650 1068
730 1068
737 1068
738 1068
753 1068
755 1068
59 62
62 75
62 77
62 78
62 79
62 94
62 96
62 125
62 137
62 342
62 357
62 358
62 379
62 537
62 741
62 847
62 969
62 1053
60 68
68 70
68 72
68 90
68 92
68 100
68 173
68 194
68 196
68 197
68 199
68 200
68 224
68 243
68 374
68 375
68 377
68 552
68 607
68 620
68 767
68 884
78 275
83 275
84 275
109 275
110 275
121 275
173 275
178 275
221 275
246 275
275 344
275 350
275 408
275 464
275 521
275 570
275 572
275 607
275 782
275 791
275 795
275 799
275 841
275 904
275 1073
80 279
190 279
191 279
195 279
204 279
235 279
279 280
279 329
279 343
279 346
279 351
279 352
279 412
279 666
279 744
279 755
279 793
279 823
279 943
279 945
279 1031
279 1113
192 281
198 281
204 281
207 281
233 281
251 281
281 328
281 341
281 698
281 723
281 738
281 819
281 991
281 1082
63 284
72 284
110 284
121 284
193 284
194 284
201 284
259 284
268 284
284 296
284 322
284 340
284 351
284 356
284 358
284 390
284 449
284 487
284 497
284 507
284 532
284 540
284 565
284 577
284 615
284 645
284 652
284 685
284 852
284 945
284 950
284 955
212 295
214 295
221 295
231 295
295 329
295 349
295 367
295 370
295 371
295 372
295 547
295 608
295 611
295 711
295 832
295 833
295 951
295 957
295 1126
38 312
84 312
105 312
139 312
226 312
227 312
312 339
312 340
312 353
312 369
312 371
312 375
312 458
312 460
312 462
312 563
312 565
312 581
312 600
312 602
312 609
312 621
312 884
312 896
312 1008
25 341
71 341
83 341
280 341
292 341
296 341
297 341
304 341
305 341
315 341
332 341
338 341
341 352
341 356
341 384
341 432
341 434
341 580
341 581
341 582
341 644
341 662
341 667
341 672
246 354
282 354
322 354
328 354
354 369
354 389
354 390
354 414
354 521
354 690
354 753
354 761
354 762
354 766
354 767
354 781
354 794
354 823
71 425
204 425
227 425
339 425
340 425
375 425
383 425
425 433
425 530
425 532
425 553
425 561
425 564
425 596
425 649
425 732
425 890
425 892
79 440
82 440
300 440
347 440
348 440
365 440
375 440
377 440
440 534
440 537
155 461
349 461
374 461
381 461
461 471
461 519
461 540
461 550
461 626
461 628
461 633
461 634
461 670
461 717
461 894
48 487
245 487
256 487
276 487
298 487
304 487
389 487
390 487
392 487
487 529
487 772
487 773
487 828
487 831
487 955
487 996
487 1012
487 1031
487 1084
487 1088
487 1107
77 506
96 506
223 506
259 506
313 506
356 506
367 506
400 506
413 506
463 506
495 506
506 564
506 566
506 570
506 571
506 576
506 577
506 583
506 786
506 831
506 911
506 937
506 948
506 1062
506 1121
131 568
155 568
190 568
202 568
347 568
488 568
507 568
529 568
568 570
568 584
568 612
568 613
568 622
568 649
568 686
568 698
568 708
568 883
568 1053
568 1055
568 1108
72 610
329 610
557 610
563 610
606 610
610 627
610 648
610 649
610 667
610 822
610 877
610 896
610 927
610 928
34 617
75 617
77 617
173 617
322 617
541 617
617 633
617 782
617 785
617 844
617 1098
191 647
212 647
314 647
540 647
542 647
557 647
622 647
647 669
647 671
647 734
647 766
647 794
647 852
647 854
647 860
647 920
647 932
647 1082
647 1108
74 648
191 648
231 648
473 648
541 648
553 648
641 648
645 648
648 670
648 671
648 684
648 728
648 731
648 732
648 795
648 840
648 843
648 846
648 862
648 1040
648 1092
160 686
235 686
246 686
280 686
283 686
288 686
535 686
565 686
686 696
686 743
686 744
686 764
686 783
686 784
686 787
686 805
686 818
686 821
686 890
686 916
686 1096
34 51
34 101
34 104
34 107
34 160
34 182
34 237
34 243
34 245
34 326
34 394
34 535
34 576
34 896
34 908
34 921
34 1034
27 38
38 47
38 48
38 51
38 81
38 118
38 195
38 196
38 204
38 364
38 412
38 413
38 466
38 493
38 638
38 773
38 774
38 828
38 841
38 965
38 966
83 115
90 115
115 120
115 125
115 156
115 173
115 189
115 190
115 191
115 192
115 193
115 201
115 202
115 298
115 315
115 330
115 553
115 573
115 784
115 791
115 809
115 822
115 1030
80 347
107 347
147 347
273 347
347 421
347 432
347 433
347 452
347 462
347 620
347 669
347 696
347 730
347 731
347 734
347 738
347 877
347 986
24 357
153 357
190 357
285 357
290 357
296 357
330 357
357 393
357 426
357 532
357 537
357 580
357 1095
79 556
166 556
388 556
393 556
470 556
504 556
556 563
556 579
556 764
556 782
556 787
556 789
556 803
556 824
556 873
556 1018
78 675
139 675
213 675
251 675
315 675
365 675
379 675
455 675
566 675
628 675
633 675
675 702
675 716
675 805
675 820
675 851
675 854
675 858
675 860
675 903
675 920
675 1129
330 926
414 926
417 926
432 926
454 926
580 926
600 926
713 926
212 996
597 996
614 996
755 996
756 996
757 996
782 996
790 996
608 1028
202 1070
572 1070
693 1070
698 1070
722 1070
728 1070
753 1070
759 1070
769 1070
770 1070
787 1070
790 1070
24 26
24 44
24 535
24 569
24 683
24 965
24 1131
57 129
70 129
78 129
79 129
94 129
99 129
129 137
129 139
129 198
129 199
129 202
129 207
129 211
129 504
129 557
129 662
129 704
129 804
129 806
129 937
129 1062
159 259
161 259
253 259
259 271
259 321
259 511
259 643
259 668
259 942
259 973
259 979
75 305
131 305
140 305
226 305
245 305
305 340
305 358
305 405
305 482
305 534
305 608
305 771
305 867
305 868
305 874
305 921
305 980
305 1030
111 322
157 322
180 322
188 322
254 322
273 322
322 367
322 382
322 387
322 450
322 460
322 462
322 471
322 577
322 865
322 912
322 1002
322 1013
27 377
81 377
121 377
175 377
286 377
304 377
315 377
344 377
348 377
375 377
377 394
377 408
377 414
377 424
377 444
377 449
377 667
377 818
377 822
377 867
43 414
81 414
108 414
292 414
317 414
326 414
353 414
356 414
400 414
414 428
414 443
414 640
414 645
414 711
414 832
414 935
414 1091
43 545
201 545
229 545
251 545
278 545
317 545
376 545
419 545
449 545
457 545
545 583
545 589
545 602
545 682
545 699
545 770
545 772
545 827
545 848
545 1009
545 1010
545 1017
545 1018
545 1073
545 1075
545 1110
545 1115
545 1123
50 650
78 650
79 650
271 650
297 650
434 650
449 650
460 650
622 650
639 650
650 682
650 714
650 769
650 1012
650 1046
650 1051
650 1103
650 1115
57 697
124 697
159 697
207 697
221 697
324 697
412 697
413 697
658 697
697 764
697 788
697 871
697 908
697 957
697 1039
697 1077
173 699
195 699
247 699
286 699
413 699
483 699
554 699
571 699
659 699
699 766
699 785
699 787
699 792
699 793
699 821
699 822
699 857
699 868
699 887
699 914
699 1096
699 1122
224 785
367 785
379 785
637 785
644 785
664 785
701 785
785 1001
785 1015
785 1016
785 1056
785 1059
785 1105
785 1111
785 1127
785 1128
45 823
90 823
96 823
204 823
243 823
315 823
692 823
45 850
245 850
319 850
355 850
392 850
563 850
584 850
643 850
663 850
717 850
102 933
356 933
392 933
395 933
428 933
575 933
593 933
608 933
717 933
204 948
222 948
456 948
546 948
734 948
777 948
778 948
793 948
25 27
25 241
25 374
25 480
25 522
25 663
74 80
74 146
74 159
74 160
74 175
74 241
74 444
74 458
74 543
74 546
74 557
74 811
74 968
74 1034
105 173
106 173
146 173
157 173
173 175
173 183
173 188
173 234
173 237
173 244
173 271
173 273
173 315
173 319
173 321
173 365
173 401
173 439
173 445
173 450
173 466
173 578
173 642
173 692
173 765
173 890
45 389
50 389
236 389
276 389
328 389
350 389
389 433
389 452
389 460
389 466
389 473
389 480
389 486
389 529
389 572
389 600
389 641
389 643
389 651
389 694
389 950
389 1009
389 1037
389 1066
108 390
201 390
321 390
339 390
355 390
376 390
390 436
390 442
390 443
390 453
390 476
390 505
390 522
390 538
390 541
390 557
390 636
390 638
390 776
390 786
390 846
390 848
390 917
390 949
390 952
390 1009
390 1023
390 1074
390 1075
80 392
147 392
201 392
236 392
285 392
311 392
392 436
392 443
392 453
392 463
392 469
392 476
392 486
392 491
392 493
392 505
392 526
392 546
392 580
392 636
392 652
392 696
392 731
392 843
392 848
392 950
72 426
189 426
278 426
300 426
338 426
350 426
426 512
426 723
426 730
426 872
426 916
40 537
67 537
108 537
166 537
188 537
231 537
283 537
321 537
439 537
444 537
537 546
537 561
537 609
537 637
537 764
537 781
537 815
537 887
40 638
44 638
51 638
206 638
223 638
376 638
386 638
510 638
563 638
576 638
608 638
636 638
638 661
26 45
26 307
26 534
26 584
26 668
26 742
26 1131
72 131
90 131
95 131
99 131
131 156
131 200
131 211
131 212
131 245
131 288
131 292
131 302
131 342
131 402
131 554
131 575
131 1131
122 214
214 215
214 230
214 293
214 298
214 661
214 685
214 721
214 727
146 300
193 300
216 300
300 330
300 342
300 369
300 370
300 404
300 416
300 422
300 485
300 504
300 538
300 600
300 602
300 608
300 667
300 764
300 784
300 789
300 836
300 841
300 848
44 383
67 383
72 383
94 383
147 383
301 383
315 383
383 469
383 470
383 471
383 472
383 473
383 474
383 633
383 772
92 384
94 384
95 384
139 384
189 384
243 384
274 384
277 384
311 384
324 384
339 384
384 433
384 469
384 475
384 476
384 505
384 522
384 550
384 641
384 691
384 694
384 949
384 1074
384 1118
50 388
147 388
166 388
187 388
189 388
324 388
352 388
388 452
388 483
388 486
388 636
388 651
388 652
388 690
388 950
388 983
388 1034
388 1054
388 1075
71 394
147 394
251 394
258 394
324 394
327 394
330 394
358 394
394 400
394 401
394 471
394 474
394 489
394 529
394 548
394 689
394 792
394 1041
394 1129
57 402
70 402
111 402
189 402
326 402
343 402
349 402
402 449
402 470
402 570
402 702
402 800
402 1005
402 1047
79 444
350 444
351 444
365 444
444 522
444 535
444 542
444 606
444 864
444 874
444 892
444 896
444 903
444 982
144 471
236 471
296 471
326 471
330 471
349 471
386 471
421 471
434 471
471 639
471 717
471 718
50 553
60 553
158 553
159 553
201 553
365 553
463 553
466 553
475 553
513 553
553 581
553 602
553 606
553 607
553 633
553 664
553 722
553 767
553 793
553 912
553 940
553 944
553 971
553 1054
80 557
153 557
189 557
299 557
382 557
443 557
469 557
557 569
557 596
557 609
557 780
557 841
557 943
557 945
557 1047
557 1065
557 1089
27 643
48 643
77 643
90 643
104 643
195 643
223 643
554 643
613 643
640 643
643 666
643 806
643 936
643 945
643 1083
643 1132
71 672
152 672
232 672
269 672
455 672
466 672
672 707
672 713
672 718
672 737
672 884
672 908
672 911
672 991
672 1063
672 1067
672 1077
53 871
306 871
421 871
439 871
612 871
668 871
705 871
718 871
721 871
473 927
293 1013
326 1013
622 1013
737 1013
740 1013
747 1013
752 1013
27 40
27 79
27 273
27 278
27 365
27 472
27 488
27 535
27 596
27 598
27 656
27 657
27 661
27 662
27 666
27 765
27 776
27 828
27 966
27 1004
27 1031
144 241
145 241
155 241
224 241
226 241
229 241
241 314
241 319
241 364
241 400
241 401
241 547
241 752
241 758
241 804
241 893
241 908
94 375
121 375
301 375
304 375
375 424
375 463
375 582
375 583
375 585
375 612
375 664
375 741
375 895
60 541
92 541
221 541
237 541
274 541
317 541
419 541
446 541
456 541
457 541
462 541
541 593
541 595
541 656
541 677
541 961
541 963
541 977
541 1016
541 1051
111 543
157 543
180 543
226 543
247 543
282 543
449 543
450 543
455 543
459 543
466 543
470 543
476 543
543 570
543 583
543 585
543 596
543 598
543 667
543 682
543 797
543 981
543 1045
311 600
540 600
546 600
593 600
596 600
597 600
600 618
600 623
600 729
600 732
600 952
600 955
600 1018
600 1062
600 1072
106 984
226 984
296 984
561 984
565 984
623 984
42 48
42 55
42 95
42 220
42 243
42 293
42 489
42 718
42 772
44 47
45 47
47 53
47 54
47 508
47 526
47 575
47 577
47 607
47 774
47 788
47 937
47 966
47 967
47 992
47 1016
47 1055
83 92
92 95
92 109
92 110
92 174
92 278
92 326
92 365
92 382
92 432
92 521
92 535
92 558
92 615
92 658
92 931
92 991
75 109
80 109
94 109
99 109
106 109
109 144
109 152
109 166
109 180
109 351
109 445
109 458
109 466
109 550
109 664
109 704
81 110
99 110
110 174
110 182
110 183
110 277
110 318
110 344
110 356
110 358
110 365
110 386
110 445
110 722
110 942
96 140
101 140
107 140
140 196
140 221
140 222
140 224
140 225
140 226
140 227
140 228
140 298
140 301
140 356
140 470
140 473
140 493
140 513
140 565
140 598
140 607
140 707
140 840
95 144
144 146
144 147
144 190
144 215
144 231
144 233
144 235
144 237
144 240
144 408
144 548
144 569
144 669
144 716
144 798
144 993
100 160
101 160
111 160
160 175
160 273
160 317
160 474
160 538
160 623
160 645
160 677
160 794
160 846
160 874
160 884
160 908
160 966
160 972
160 989
160 1108
120 374
124 374
153 374
196 374
268 374
298 374
302 374
304 374
339 374
369 374
374 416
374 422
374 436
374 449
374 460
374 470
374 475
374 476
374 485
374 558
374 570
374 584
374 611
374 616
374 682
374 1006
374 1007
374 1026
40 489
75 489
77 489
193 489
442 489
476 489
489 509
489 570
489 782
489 1115
50 554
60 554
80 554
232 554
240 554
307 554
380 554
417 554
483 554
493 554
510 554
529 554
554 583
554 595
554 608
554 666
554 793
554 940
103 788
227 788
232 788
233 788
459 788
670 788
695 788
788 1001
788 1008
788 1020
788 1044
788 1045
788 1057
788 1059
788 1067
788 1069
788 1079
57 820
100 820
306 820
512 820
621 820
630 820
661 820
691 820
704 820
705 820
521 931
44 988
57 988
235 988
236 988
307 988
410 988
716 988
767 988
94 1079
240 1079
243 1079
251 1079
459 1079
694 1079
734 1079
793 1079
794 1079
806 1079
43 48
43 71
43 94
43 156
43 185
43 199
43 260
43 934
43 937
43 1118
59 63
63 70
63 75
63 80
63 81
63 82
63 83
63 105
63 108
63 159
63 264
63 268
63 274
63 319
63 358
63 576
63 633
63 634
63 676
44 70
67 70
70 72
70 95
70 99
70 102
70 222
70 280
70 480
70 620
70 714
70 720
70 771
70 802
70 810
70 869
70 901
67 121
94 121
121 195
121 198
121 199
121 200
121 201
121 274
121 318
121 358
121 565
121 664
121 707
121 715
121 716
121 717
121 725
75 286
194 286
199 286
264 286
286 330
286 338
286 352
286 358
286 376
286 400
286 740
286 782
286 832
286 937
286 947
286 949
286 1061
286 1074
108 302
216 302
233 302
302 332
302 340
302 352
302 721
302 752
302 757
302 802
302 812
302 822
302 884
302 900
302 918
198 306
220 306
221 306
224 306
238 306
251 306
306 342
306 561
306 693
306 761
306 787
306 802
306 937
306 1097
306 1114
80 348
105 348
166 348
274 348
277 348
348 365
348 433
348 439
348 442
348 443
348 445
348 462
348 550
348 621
348 719
75 349
153 349
187 349
231 349
274 349
278 349
299 349
315 349
349 351
349 370
349 380
349 382
349 404
349 416
349 424
349 442
349 511
349 521
349 550
349 582
349 583
349 591
349 649
349 742
349 951
82 534
125 534
177 534
201 534
264 534
332 534
352 534
437 534
442 534
446 534
456 534
457 534
464 534
534 616
534 799
534 803
48 571
49 571
125 571
206 571
240 571
251 571
344 571
351 571
570 571
571 620
571 689
571 737
571 932
571 937
571 953
75 579
80 579
104 579
125 579
180 579
330 579
376 579
381 579
511 579
512 579
518 579
561 579
579 612
579 633
579 704
579 722
579 866
579 873
579 907
579 951
51 254
103 254
118 254
152 254
156 254
157 254
212 254
237 254
240 254
254 317
254 318
254 400
254 404
254 412
254 455
254 457
254 773
254 777
254 1072
254 1073
187 308
221 308
222 308
226 308
280 308
308 315
308 327
308 379
308 380
308 803
308 995
53 410
111 410
225 410
236 410
301 410
330 410
410 483
410 510
410 517
410 634
410 698
410 702
410 854
410 954
410 964
410 987
410 1100
90 436
108 436
225 436
342 436
343 436
365 436
436 517
436 522
436 535
436 536
436 606
436 627
436 865
436 929
436 965
436 987
332 548
432 548
446 548
449 548
453 548
456 548
459 548
475 548
507 548
548 597
548 598
548 830
548 842
548 844
548 855
548 867
548 981
548 1110
548 1123
82 622
174 622
215 622
276 622
455 622
457 622
521 622
575 622
581 622
592 622
622 634
622 894
622 896
622 928
622 1002
53 716
59 716
230 716
234 716
445 716
475 716
495 716
668 716
684 716
716 722
716 842
716 844
716 845
716 924
716 1087
716 1110
716 1123
413 780
563 780
593 780
700 780
780 977
780 1043
780 1130
59 808
202 808
412 808
705 808
706 808
808 946
808 977
808 1043
90 828
118 828
212 828
404 828
510 828
799 828
90 955
187 955
232 955
315 955
381 955
385 955
595 955
611 955
491 964
737 964
738 964
757 964
782 964
111 966
324 966
483 966
517 966
631 966
51 972
118 972
483 972
588 972
634 972
731 972
413 1089
563 1089
593 1089
798 1089
44 48
44 57
44 79
44 198
44 260
44 319
44 395
44 466
44 744
44 794
44 832
44 980
44 1041
44 1074
48 101
71 101
83 101
101 146
101 148
101 152
101 157
101 207
101 220
101 251
101 819
101 1077
147 180
174 180
180 191
180 542
180 660
180 683
180 894
191 296
212 296
215 296
222 296
227 296
230 296
296 315
296 353
296 372
296 416
296 1003
296 1086
84 365
152 365
246 365
271 365
274 365
365 386
365 445
365 449
365 453
365 455
365 459
365 473
365 474
365 475
365 476
365 565
365 585
365 598
365 602
365 682
365 840
365 842
365 981
293 416
355 416
416 453
416 510
416 521
416 522
416 717
416 1091
118 452
191 452
213 452
343 452
370 452
452 581
452 631
452 634
452 641
452 714
452 717
452 718
452 901
78 536
124 536
178 536
196 536
352 536
437 536
475 536
498 536
535 536
536 576
536 585
536 598
536 829
536 842
80 561
271 561
273 561
327 561
355 561
356 561
437 561
475 561
476 561
482 561
486 561
526 561
561 569
561 574
561 583
561 593
561 842
561 863
561 1009
561 1075
561 1076
72 618
79 618
153 618
188 618
311 618
313 618
314 618
329 618
518 618
569 618
589 618
590 618
618 633
618 692
618 694
618 715
618 856
618 883
618 1011
618 1093
55 661
152 661
188 661
224 661
330 661
486 661
510 661
661 689
661 693
661 819
661 860
190 734
229 734
439 734
445 734
476 734
636 734
656 734
677 734
684 734
685 734
734 941
734 942
734 944
734 1027
734 1036
734 1040
734 1096
734 1102
290 872
346 872
439 872
602 872
684 872
689 872
692 872
729 872
547 928
633 928
714 928
80 535
125 535
190 535
192 535
201 535
247 535
307 535
330 535
445 535
475 535
482 535
507 535
521 535
535 538
535 787
535 795
535 842
535 848
535 849
535 857
535 887
535 907
307 569
332 569
346 569
453 569
488 569
491 569
497 569
518 569
558 569
569 612
569 614
569 615
569 639
569 703
569 789
569 791
569 851
569 856
569 877
569 908
569 1045
569 1092
569 1126
82 683
185 683
199 683
358 683
640 683
683 727
683 732
683 737
683 741
683 900
683 905
683 906
683 959
683 1025
185 965
469 965
627 965
738 965
740 965
741 965
102 1131
511 1131
645 1131
771 1131
155 480
183 480
206 480
213 480
245 480
385 480
406 480
433 480
480 517
480 558
480 656
480 658
480 749
480 809
480 813
480 923
480 924
480 1001
480 1022
480 1043
166 522
226 522
346 522
364 522
417 522
419 522
463 522
474 522
522 583
522 584
522 591
522 623
522 829
522 845
522 924
522 930
522 940
522 1052
522 1097
191 663
198 663
276 663
329 663
339 663
350 663
486 663
510 663
513 663
623 663
641 663
663 689
663 690
663 694
663 702
663 910
663 951
663 1074
663 1099
45 49
45 53
45 55
45 84
45 138
45 153
45 158
45 189
45 563
45 564
45 833
45 1078
45 1082
130 307
220 307
222 307
225 307
237 307
246 307
256 307
307 406
307 470
307 774
307 805
307 999
307 1001
307 1022
82 584
120 584
193 584
211 584
231 584
245 584
332 584
351 584
491 584
505 584
511 584
512 584
584 593
584 671
584 700
584 706
584 787
584 849
584 949
584 1040
72 668
185 668
189 668
261 668
645 668
651 668
668 705
668 727
84 742
220 742
247 742
407 742
667 742
742 968
742 971
742 973
742 1036
40 48
40 49
40 60
40 71
40 122
40 155
40 200
40 326
40 745
40 815
40 1100
40 1107
40 1128
40 1130
53 79
67 79
79 104
79 107
79 226
79 290
79 456
79 460
79 550
79 563
79 574
79 576
79 582
79 620
79 649
79 696
79 705
79 839
51 273
108 273
118 273
152 273
166 273
187 273
188 273
229 273
244 273
273 283
273 290
273 328
273 332
273 343
273 344
273 346
273 439
273 460
273 505
273 582
273 636
273 907
273 912
51 278
146 278
191 278
193 278
197 278
232 278
278 283
278 317
278 330
278 350
278 405
278 459
278 486
278 505
278 529
278 605
278 606
278 630
278 755
278 762
278 821
278 848
278 851
278 921
158 472
187 472
274 472
380 472
381 472
387 472
395 472
421 472
472 510
472 740
472 982
472 995
472 1061
472 1063
161 488
381 488
393 488
483 488
488 493
488 530
488 563
488 564
488 813
488 934
488 1062
102 596
232 596
251 596
380 596
542 596
572 596
589 596
596 730
596 732
596 888
596 903
197 598
327 598
379 598
546 598
552 598
566 598
578 598
598 608
598 891
598 902
598 903
598 989
598 1063
598 1069
598 1126
138 656
330 656
459 656
513 656
634 656
639 656
640 656
656 689
656 690
656 703
656 925
656 986
656 1108
656 1114
656 1126
175 657
317 657
455 657
510 657
517 657
657 691
657 706
657 719
84 662
194 662
228 662
276 662
338 662
486 662
641 662
662 690
662 692
662 701
662 702
662 771
662 819
662 863
662 943
662 986
662 1069
662 1132
220 666
221 666
276 666
370 666
376 666
575 666
640 666
644 666
645 666
666 704
666 706
666 873
666 904
666 909
666 914
666 917
666 925
666 1036
174 765
187 765
381 765
510 765
765 1010
765 1017
765 1018
765 1020
765 1021
765 1044
765 1048
765 1073
765 1096
54 776
344 776
376 776
386 776
593 776
776 941
776 1039
776 1099
776 1102
776 1122
776 1129
776 1132
317 1004
455 1004
510 1004
517 1004
538 1004
455 1031
457 1031
509 1031
517 1031
602 1031
698 1031
82 111
95 111
108 111
111 145
111 185
111 401
111 497
111 507
111 550
111 620
111 639
111 649
111 781
111 930
111 957
111 958
111 1062
111 1092
111 1122
178 271
187 271
228 271
229 271
233 271
246 271
271 338
271 340
271 342
271 424
271 566
271 581
271 906
271 920
303 338
303 798
303 971
303 1027
139 319
237 319
264 319
319 332
319 401
319 433
319 466
319 469
319 475
319 627
319 630
319 701
319 836
319 856
319 943
319 1007
277 346
338 346
346 408
346 723
346 773
346 939
96 530
138 530
175 530
422 530
459 530
460 530
475 530
493 530
530 564
530 607
530 631
530 1007
530 1026
530 1045
342 616
573 616
574 616
577 616
592 616
605 616
616 748
616 752
616 796
616 884
616 886
616 1008
138 714
464 714
476 714
497 714
582 714
605 714
606 714
714 839
714 840
714 842
714 857
714 860
714 924
714 985
714 1052
714 1054
714 1086
714 1102
138 720
146 720
212 720
350 720
442 720
582 720
606 720
652 720
720 721
720 866
720 868
720 869
720 874
720 891
720 920
720 986
57 797
82 797
185 797
615 797
634 797
649 797
693 797
797 941
797 968
797 1039
797 1081
797 1100
797 1102
797 1109
797 1129
317 895
540 895
547 895
676 895
711 895
719 895
118 961
185 961
81 108
81 183
81 258
81 464
81 626
81 771
81 777
81 800
81 866
81 868
81 890
81 894
81 909
81 925
72 103
103 148
103 152
103 157
103 159
103 166
103 608
103 626
103 939
103 1077
99 158
102 158
118 158
158 227
158 244
158 260
158 269
158 277
158 282
158 380
158 473
158 508
158 529
158 597
158 952
158 1074
158 1101
78 159
99 159
119 159
148 159
159 204
159 216
159 228
159 261
159 324
159 645
159 669
159 692
159 756
159 792
155 182
157 182
174 182
182 264
182 268
182 288
182 405
182 626
182 640
182 777
182 867
182 980
100 206
124 206
202 206
206 235
206 318
206 326
206 330
206 380
206 387
206 459
206 517
206 570
206 578
206 789
206 909
206 910
206 949
59 232
120 232
122 232
183 232
232 247
232 290
232 298
232 311
232 641
232 658
232 757
232 758
232 1035
232 1069
174 233
220 233
233 245
233 613
233 670
233 833
233 919
177 292
261 292
292 321
292 328
292 367
292 369
292 764
292 778
292 803
292 811
292 917
67 355
138 355
282 355
355 380
355 446
355 491
355 504
355 505
355 696
355 821
355 909
355 1118
107 386
178 386
277 386
304 386
311 386
324 386
350 386
386 405
386 475
386 482
386 505
386 510
386 621
386 641
386 694
238 458
314 458
370 458
458 474
458 542
458 547
458 550
458 626
458 633
458 762
458 783
458 811
458 873
458 909
458 916
458 917
224 482
370 482
482 592
482 762
482 920
482 1002
482 1039
482 1078
55 971
244 971
476 971
651 971
685 971
738 971
743 971
774 971
364 1019
504 1019
542 1019
771 1019
804 1019
464 1037
521 1037
71 90
90 130
90 253
90 412
90 433
90 483
90 485
90 815
90 825
90 827
90 831
90 929
90 999
90 1046
90 1084
90 1088
72 95
95 106
95 125
95 225
95 371
95 521
95 578
95 816
95 818
95 878
106 177
107 177
177 251
177 327
177 510
177 513
177 572
177 731
177 800
177 892
102 342
119 342
253 342
290 342
342 432
342 434
342 460
342 581
342 613
342 644
342 796
83 344
196 344
280 344
326 344
330 344
344 369
344 370
344 376
344 419
344 437
344 464
344 470
344 486
344 504
344 578
344 778
344 791
344 925
344 1055
344 1074
75 379
313 379
317 379
358 379
369 379
370 379
371 379
379 485
379 486
379 493
379 497
379 546
379 547
379 597
379 781
379 791
379 807
379 843
379 910
178 404
197 404
256 404
326 404
367 404
404 437
404 470
404 508
404 510
404 570
404 698
404 783
404 976
404 1016
404 1041
105 434
153 434
224 434
231 434
293 434
401 434
406 434
434 485
434 547
434 631
434 696
434 887
434 892
434 909
434 921
434 968
434 985
434 1126
321 437
343 437
437 517
437 771
437 773
437 783
437 825
437 865
104 572
125 572
152 572
246 572
318 572
495 572
558 572
572 589
572 612
572 744
572 757
572 831
572 833
572 834
572 1082
572 1107
498 576
576 787
576 795
576 799
576 800
576 803
576 873
576 904
178 606
443 606
552 606
602 606
606 704
606 705
606 707
606 741
606 902
606 985
48 608
75 608
130 608
457 608
485 608
608 615
608 621
608 626
608 627
608 631
608 695
608 827
608 911
608 1088
178 627
258 627
498 627
627 880
627 909
627 920
627 954
627 980
627 987
627 1078
627 1081
83 771
200 771
201 771
332 771
636 771
771 778
72 147
102 147
147 152
147 157
147 190
147 221
147 225
147 245
147 246
147 264
147 400
147 577
147 882
147 967
147 976
96 187
183 187
187 193
187 274
187 456
187 475
187 505
187 507
187 570
187 641
187 659
187 744
187 756
187 791
187 792
187 856
187 1008
130 212
188 212
192 212
204 212
212 229
212 253
212 256
212 269
212 282
212 288
212 297
212 326
212 382
212 744
212 747
212 954
212 999
212 1105
175 276
188 276
189 276
190 276
276 483
276 486
276 491
276 526
276 529
276 743
276 793
276 983
130 285
178 285
202 285
285 315
285 340
285 371
285 507
285 589
285 766
285 784
285 806
285 817
285 821
285 830
285 831
285 876
285 1087
352 371
315 443
351 443
421 443
424 443
443 592
443 717
443 869
443 1002
178 453
369 453
371 453
453 546
453 730
453 825
453 916
77 512
84 512
94 512
192 512
216 512
226 512
406 512
427 512
474 512
512 583
512 591
512 659
512 759
512 807
512 874
512 1046
130 518
238 518
419 518
518 589
518 626
518 777
518 980
237 558
459 558
558 575
558 597
558 609
558 626
558 730
558 777
558 778
558 993
82 580
353 580
372 580
511 580
513 580
519 580
546 580
563 580
580 628
580 641
580 649
580 711
580 865
580 892
580 893
580 935
580 951
83 731
130 731
194 731
231 731
245 731
428 731
731 759
731 845
731 924
731 929
731 954
731 977
731 1063
731 1065
731 1100
71 912
78 912
178 912
256 912
297 912
641 1076
804 1076
71 102
72 102
102 153
102 161
102 166
102 220
102 223
102 246
102 432
102 755
102 793
102 936
102 941
102 943
102 1083
77 106
78 106
106 130
106 139
106 178
106 227
106 469
106 590
106 855
106 863
106 868
106 913
106 1017
77 107
78 107
107 174
107 178
107 216
107 385
107 422
107 424
107 464
107 784
107 834
107 1010
107 1099
49 227
77 227
139 227
191 227
199 227
227 288
227 301
227 311
227 317
227 513
227 564
227 936
227 970
227 1074
227 1083
227 1101
227 1102
174 277
191 277
192 277
194 277
246 277
277 317
277 329
277 330
277 690
277 693
277 707
277 726
277 761
277 849
277 940
277 945
277 957
277 1108
72 350
130 350
196 350
207 350
293 350
301 350
332 350
340 350
350 380
350 439
350 445
350 934
350 951
118 353
301 353
353 446
353 546
353 670
178 460
260 460
460 566
460 581
460 583
460 633
460 649
460 664
460 741
460 818
460 822
460 869
77 513
231 513
407 513
408 513
469 513
474 513
513 565
513 583
513 585
513 660
513 667
513 766
513 824
513 830
513 853
513 889
513 1012
513 1020
313 611
364 611
564 611
597 611
611 910
72 728
244 728
264 728
408 728
427 728
439 728
445 728
552 728
581 728
585 728
636 728
728 732
728 913
728 953
728 1063
728 1086
728 1126
486 829
139 892
395 892
475 892
585 892
231 942
290 942
747 942
813 942
99 139
99 148
99 155
99 156
99 157
99 195
99 202
99 220
99 238
99 687
99 701
99 757
99 761
99 767
99 802
99 920
105 174
118 174
174 192
174 235
174 264
174 280
174 304
174 317
174 327
174 439
174 462
174 466
174 521
174 575
174 636
174 866
174 957
192 264
235 264
251 264
264 317
264 408
264 519
264 645
264 659
264 711
51 510
84 510
226 510
326 510
332 510
351 510
412 510
469 510
510 585
510 658
510 677
510 793
510 856
510 930
328 636
636 721
636 726
636 914
636 973
636 979
636 985
234 729
243 729
387 729
509 729
577 729
589 729
729 914
729 916
229 1027
253 1027
670 1027
774 1027
793 1027
796 1027
466 1030
51 258
51 364
51 407
51 623
51 749
51 759
51 769
51 773
51 825
51 930
51 1012
51 1046
51 1063
51 1064
51 1105
51 1128
75 104
104 137
104 260
104 574
104 593
104 605
104 649
104 747
104 821
104 830
104 876
104 911
104 1010
155 237
161 237
175 237
222 237
226 237
236 237
237 258
237 317
237 318
237 412
237 825
237 888
237 991
237 1035
237 1077
146 243
148 243
152 243
183 243
243 256
243 258
243 364
243 671
243 690
243 698
243 730
243 744
243 817
243 819
243 932
243 953
49 245
118 245
148 245
155 245
175 245
245 311
245 321
245 328
245 641
245 767
245 793
245 863
260 326
261 326
326 401
326 413
326 575
326 626
326 756
326 920
326 980
244 896
469 896
547 896
408 908
485 908
570 908
669 908
671 908
48 921
130 921
519 921
634 921
664 921
670 921
155 1034
108 130
130 145
130 199
130 202
130 207
130 238
130 283
130 517
130 868
100 145
145 148
145 222
145 230
145 234
145 238
145 407
145 769
145 807
145 827
145 932
145 1056
145 1067
145 1090
145 1106
145 1111
157 183
157 229
157 247
157 258
157 401
157 546
157 670
157 684
157 799
157 904
157 917
157 1036
119 192
189 192
190 192
192 196
192 211
192 280
192 282
192 283
192 297
192 317
192 644
192 645
192 651
192 664
192 689
192 752
192 756
192 758
192 868
137 221
221 238
221 282
221 381
221 498
221 504
221 508
221 593
221 722
221 766
221 937
221 951
78 223
138 223
139 223
183 223
196 223
223 269
223 297
223 301
223 339
223 486
223 574
223 597
223 846
223 862
148 247
155 247
188 247
247 297
247 324
247 328
247 491
247 644
247 691
247 743
247 944
84 283
216 283
220 283
235 283
253 283
283 298
283 329
283 749
283 889
283 911
283 923
283 930
283 1104
253 758
328 758
395 758
457 758
504 758
758 998
758 1002
758 1005
758 1007
758 1011
758 1017
758 1022
758 1099
758 1110
146 935
152 935
433 935
589 935
595 935
155 1039
485 1039
753 1039
774 1039
795 1039
78 222
137 222
222 244
222 358
222 406
222 704
222 753
222 784
222 857
222 863
222 944
193 315
235 315
236 315
246 315
315 317
315 385
315 428
315 540
315 682
315 685
315 781
315 792
315 848
315 943
315 950
315 1092
118 658
213 658
364 658
633 658
658 692
658 693
658 698
658 700
658 722
658 723
658 851
658 897
658 1077
185 659
251 659
486 659
491 659
640 659
659 690
659 691
659 694
659 696
659 811
659 1101
148 748
405 748
457 748
464 748
614 748
693 748
748 947
748 976
748 977
748 1005
748 1016
67 71
71 94
71 100
71 274
71 299
71 313
71 385
71 493
71 508
71 550
71 563
71 581
71 620
71 893
119 185
119 260
119 684
119 969
118 178
178 226
178 236
178 260
178 274
178 317
178 321
178 356
178 424
178 428
178 532
178 563
178 613
178 639
178 645
178 649
178 667
178 818
178 822
77 197
120 197
124 197
191 197
196 197
197 201
197 329
197 407
197 422
197 495
197 585
197 591
197 749
197 861
197 930
197 1087
253 338
332 338
338 395
338 421
338 639
338 660
185 644
644 667
644 753
644 755
644 764
644 795
644 849
644 852
644 907
644 914
644 1096
644 1122
82 898
189 898
207 898
231 898
408 898
613 898
669 898
670 898
718 898
82 986
475 986
669 986
722 986
48 55
48 75
48 83
48 385
48 406
48 817
48 834
48 840
48 861
48 886
48 1012
50 118
84 118
118 188
118 191
118 194
118 246
118 356
118 387
118 395
118 428
118 449
118 682
118 930
118 982
118 1023
118 1041
118 1051
54 195
108 195
120 195
191 195
195 199
195 216
195 329
195 382
195 422
195 591
195 702
195 759
195 844
195 861
195 865
195 1012
195 1046
84 196
120 196
122 196
196 200
196 201
196 288
196 385
196 695
196 701
196 738
196 815
196 840
196 905
196 941
75 204
122 204
199 204
204 240
204 381
204 406
204 412
204 508
204 597
204 692
204 831
204 832
204 843
204 846
204 913
204 1062
204 1087
204 1121
235 364
261 364
364 446
364 454
364 578
364 613
364 615
364 864
220 412
317 412
330 412
387 412
412 509
412 517
412 519
412 695
412 744
412 995
412 1041
258 413
311 413
330 413
413 464
413 505
413 507
413 508
413 696
413 789
413 791
413 792
413 852
413 862
72 466
153 466
155 466
216 466
235 466
244 466
304 466
382 466
466 508
466 645
466 738
466 952
466 953
466 992
466 1026
139 493
256 493
367 493
387 493
450 493
493 495
493 790
493 813
493 923
493 1059
493 1084
493 1090
493 1116
146 773
449 773
457 773
486 773
517 773
773 1018
773 1035
773 1036
773 1069
773 1073
54 774
236 774
387 774
517 774
526 774
614 774
774 1041
774 1082
774 1096
774 1097
774 1101
774 1108
137 841
199 841
367 841
49 57
49 94
49 100
49 200
49 442
49 570
49 614
49 623
49 639
49 759
49 1051
53 54
53 55
53 57
53 459
53 508
53 614
53 700
53 701
53 703
53 713
53 767
53 854
53 860
53 897
246 268
246 290
246 293
246 318
246 321
246 358
246 400
246 519
246 621
246 685
246 701
246 832
246 893
246 894
246 951
301 408
328 408
330 408
343 408
370 408
408 693
408 696
408 721
408 851
408 909
408 1109
408 1114
77 473
226 473
280 473
327 473
421 473
432 473
473 519
473 565
201 504
211 504
280 504
385 504
504 574
504 992
240 505
376 505
385 505
505 575
505 577
505 641
505 756
505 992
417 707
446 707
450 707
456 707
463 707
509 707
581 707
652 707
671 707
707 807
707 809
707 834
707 836
707 845
707 867
707 924
216 792
577 792
687 792
694 792
702 792
708 792
723 792
792 812
792 989
792 1025
792 1077
792 1080
120 795
201 795
215 795
230 795
313 795
428 795
692 795
795 1036
795 1080
795 1081
301 851
655 851
689 851
696 851
701 851
57 980
293 980
318 980
60 67
60 137
60 148
60 251
60 645
60 689
60 693
60 727
60 761
60 819
50 122
108 122
122 198
122 202
122 213
122 224
122 280
122 497
122 705
122 706
122 712
122 725
122 726
122 811
72 155
155 166
155 211
155 253
155 256
155 280
155 401
155 781
67 200
124 200
200 509
200 591
200 623
200 769
200 861
200 918
200 1103
200 1114
687 745
689 745
690 745
691 745
745 973
202 815
240 815
495 815
497 815
507 815
630 815
706 815
712 815
787 815
55 1100
706 1100
783 1100
794 1100
50 1107
400 1107
495 1107
630 1107
706 1107
772 1107
812 1107
690 1128
691 1128
778 1128
805 1128
806 1128
810 1128
778 1130
799 1130
810 1130
814 1130
54 55
54 139
54 152
54 161
54 198
54 207
54 216
54 705
54 755
54 772
54 784
54 806
54 932
54 934
54 1129
50 57
55 57
57 507
57 508
57 732
57 782
57 793
57 810
57 1114
148 230
148 401
148 799
148 995
215 298
234 298
235 298
298 367
298 380
298 713
298 878
298 904
298 963
298 974
298 987
298 1126
226 304
228 304
304 376
304 387
304 713
304 1077
304 1126
188 327
191 327
282 327
327 329
327 382
327 405
327 406
327 454
327 475
327 486
327 526
327 532
327 538
327 577
327 585
327 753
327 766
327 784
327 842
330 676
139 485
380 485
387 485
454 485
459 485
485 903
485 917
198 693
395 693
605 693
655 693
660 693
693 705
693 747
693 749
693 757
693 769
693 772
693 834
693 1055
693 1059
693 1090
693 1106
693 1111
198 694
694 721
694 752
694 753
694 767
694 821
694 854
694 860
694 877
694 883
694 897
694 1109
120 706
428 706
667 706
669 706
706 727
706 807
706 834
706 919
706 1063
706 1106
706 1124
94 852
381 852
382 852
689 852
50 939
332 939
433 939
449 939
469 939
612 939
671 939
711 939
50 957
258 957
509 957
508 1041
757 1041
778 1041
794 1041
810 1041
55 59
55 230
55 630
55 690
55 696
55 1080
55 1099
55 1108
55 1132
96 220
137 220
139 220
146 220
220 240
220 282
220 405
220 664
220 671
220 691
220 719
220 793
220 849
220 857
220 944
220 1101
152 293
211 293
215 293
228 293
293 369
293 370
293 454
293 595
293 713
293 897
146 718
234 718
432 718
469 718
602 718
612 718
630 718
676 718
718 864
718 884
718 897
718 900
718 901
718 913
718 918
718 1025
718 1067
108 772
137 772
201 772
454 772
526 772
566 772
615 772
700 772
772 807
772 945
772 970
772 982
772 1065
772 1066
772 1067
772 1094
772 1121
772 1123
94 491
94 609
94 703
94 891
94 1077
100 156
156 175
156 256
156 258
156 483
156 542
156 671
156 698
156 847
156 856
156 891
156 1109
185 639
185 867
199 230
199 236
199 282
199 407
199 577
199 691
199 747
199 749
199 755
199 770
199 1090
199 1103
199 1116
199 1125
211 260
260 269
260 449
260 450
260 454
260 456
260 462
260 469
260 843
260 864
260 981
260 1003
260 1052
260 1054
260 1075
238 934
432 934
433 934
509 934
382 937
454 937
574 937
690 937
120 1118
356 1118
564 1118
194 198
198 202
198 216
198 690
198 946
198 1106
198 1124
161 395
324 395
328 395
329 395
395 464
395 474
395 491
395 495
395 521
395 787
395 821
395 893
395 932
395 949
395 1102
405 744
744 973
120 794
211 794
215 794
570 794
575 794
639 794
645 794
691 794
794 1080
794 1081
794 1082
125 832
231 832
343 832
387 832
449 832
382 1074
428 1074
717 1074
50 84
67 84
84 188
84 229
84 269
84 274
84 299
84 313
84 324
84 550
84 578
84 597
84 951
96 138
105 138
137 138
138 139
138 224
138 225
138 228
138 456
138 464
138 664
138 676
138 677
138 847
138 958
138 1053
153 215
153 244
153 433
153 705
153 839
189 676
189 721
189 723
189 798
77 563
297 563
328 563
483 563
486 563
532 563
563 583
563 641
563 692
563 846
563 883
563 952
563 1055
96 564
226 564
274 564
367 564
417 564
463 564
483 564
529 564
538 564
542 564
546 564
550 564
564 590
564 595
564 612
564 843
564 856
564 883
564 906
564 1122
190 833
457 833
459 833
475 833
713 833
464 1078
787 1078
235 1082
769 1082
777 1082
793 1082
805 1082
50 406
50 645
50 761
50 819
50 880
50 960
50 1105
191 321
191 380
191 450
191 664
191 783
78 288
202 288
240 288
244 288
280 288
288 463
288 469
288 526
288 582
288 595
288 804
288 857
288 1092
188 329
269 329
274 329
280 329
301 329
318 329
321 329
329 369
329 407
329 550
329 582
329 669
329 701
329 893
100 593
207 593
456 593
526 593
529 593
542 593
550 593
575 593
593 613
593 621
593 687
593 690
593 715
593 786
593 856
593 983
108 1047
546 1047
799 1047
762 1052
781 1052
230 1114
588 1114
274 508
382 508
400 508
421 508
508 546
508 577
508 578
508 767
508 806
508 932
508 949
508 982
226 526
367 526
376 526
419 526
449 526
526 566
526 630
526 682
526 827
526 831
526 1020
526 1021
526 1044
526 1071
526 1084
526 1085
526 1094
146 575
251 575
318 575
455 575
575 614
575 690
575 743
575 778
152 577
258 577
577 612
577 615
577 717
577 755
577 777
577 781
577 782
577 858
577 917
577 949
577 1072
82 607
529 607
547 607
602 607
607 620
607 626
607 628
607 630
607 865
607 873
607 886
607 887
607 894
607 904
607 907
607 1018
607 1073
738 967
740 967
741 967
764 967
784 967
609 992
626 992
752 992
753 992
790 992
236 1016
483 1016
761 1016
764 1016
202 1055
613 1055
634 1055
75 105
75 225
75 290
75 380
75 454
75 498
75 519
75 628
75 717
67 83
83 105
83 229
83 318
83 370
83 459
83 511
83 582
83 609
83 628
83 631
83 667
83 822
105 385
202 385
311 385
343 385
380 385
385 405
385 470
385 517
385 702
385 743
385 866
385 890
406 495
406 498
406 507
406 614
406 626
406 805
407 817
574 817
687 817
701 817
67 834
137 834
470 834
620 834
767 834
787 834
547 840
613 840
628 840
634 840
715 840
588 861
631 861
652 861
704 861
235 886
457 886
491 886
566 886
589 886
595 886
671 886
702 886
711 886
640 1012
764 1012
766 1012
802 1012
72 100
100 161
100 236
100 261
100 498
442 446
442 517
442 633
442 711
442 869
442 970
139 570
459 570
498 570
570 595
570 613
570 614
570 615
570 640
570 767
570 798
570 860
570 1126
253 614
614 701
614 747
614 987
614 1015
614 1057
623 634
623 778
470 639
639 700
639 769
639 827
639 830
639 1015
639 1035
639 1050
639 1060
639 1105
236 759
459 759
497 759
507 759
759 993
759 999
759 1003
759 1008
759 1069
367 645
454 645
634 645
645 842
645 843
645 848
645 940
645 968
645 1066
645 1101
211 761
230 761
407 761
507 761
761 944
761 974
761 1001
761 1003
761 1017
761 1045
761 1046
761 1048
761 1060
59 819
207 819
507 819
705 819
712 819
812 819
82 880
491 880
652 880
324 960
652 960
712 960
507 1105
588 1105
615 1105
782 1105
791 1105
802 1105
228 258
258 324
258 445
258 491
258 595
258 712
258 777
258 897
258 1002
194 407
328 407
401 407
407 454
407 552
407 689
407 726
407 738
407 857
407 940
407 943
407 1109
628 749
749 979
401 769
615 769
700 769
769 1003
769 1015
769 1020
769 1022
769 1035
769 1044
769 1045
769 1056
449 825
486 825
517 825
713 825
401 930
459 930
517 930
634 930
628 1046
640 1046
756 1046
766 1046
791 1046
588 1063
671 1063
454 1064
578 1064
786 1064
798 1064
124 139
124 201
124 226
124 687
124 689
124 698
124 703
124 722
124 730
124 811
124 858
124 920
216 235
235 251
235 317
235 470
235 660
235 677
235 766
235 866
235 956
235 1026
235 1045
251 446
372 446
417 446
446 457
446 498
446 540
446 740
446 947
446 1120
400 449
449 550
449 620
449 711
449 727
137 456
370 456
456 497
456 540
456 609
456 704
456 766
456 784
456 806
456 849
456 1101
139 474
226 474
474 547
474 552
474 715
474 884
474 903
474 953
376 476
387 476
401 476
424 476
476 546
476 708
476 713
476 811
476 874
476 919
682 713
682 723
682 737
682 877
682 883
682 989
161 845
251 845
161 459
183 459
371 459
400 459
459 529
459 550
459 753
459 767
459 890
459 956
459 1045
382 700
422 700
574 700
660 700
700 770
700 827
700 1103
700 1106
700 1112
700 1116
700 1117
700 1125
59 701
405 701
602 701
687 701
692 701
701 784
701 818
701 849
701 874
701 887
701 914
701 945
701 1122
367 703
621 703
631 703
655 703
664 703
687 703
703 783
703 800
59 713
655 713
669 713
671 713
713 727
120 767
215 767
495 767
615 767
634 767
690 767
767 807
767 809
767 830
767 836
767 855
767 981
767 1087
529 854
613 854
215 860
620 860
708 860
211 897
299 897
670 897
727 897
96 139
139 216
139 226
139 498
139 552
139 585
139 824
152 234
152 238
152 253
152 669
152 715
161 261
161 351
161 450
161 630
161 651
161 949
161 1005
161 1008
202 207
207 238
207 269
207 328
207 464
207 687
207 805
207 941
207 945
207 1035
216 299
216 301
216 676
216 755
216 757
216 932
216 1062
216 1129
215 705
439 705
642 705
655 705
669 705
677 705
687 705
705 805
705 811
705 903
705 1077
108 755
211 755
755 995
755 1067
755 1073
105 784
280 784
664 784
692 784
784 1011
784 1021
784 1056
784 1057
784 1067
784 1106
784 1116
784 1127
67 806
211 806
806 1101
806 1109
806 1113
230 932
691 932
59 1129
236 1129
770 1129
787 1129
805 1129
59 78
59 689
59 692
230 238
230 313
230 314
230 689
230 1097
630 695
630 824
630 1022
630 1057
96 696
226 696
376 696
422 696
428 696
621 696
664 696
696 762
696 782
696 863
696 904
696 943
696 1018
696 1099
698 1080
789 1080
796 1080
777 1099
743 1108
802 1108
803 1108
805 1108
732 1132
777 1132
778 1132
251 702
621 702
702 789
702 790
702 853
702 876
702 879
702 889
702 913
702 1044
702 1090
702 1125
280 753
628 753
687 753
753 995
753 999
753 1018
290 925
356 925
732 941
756 941
778 941
274 507
387 507
401 507
464 507
507 566
507 812
507 878
507 1024
282 732
454 732
463 732
591 732
642 732
732 940
732 946
732 1098
224 782
228 782
382 782
529 782
621 782
782 999
782 1005
782 1043
782 1056
782 1059
640 793
793 1040
793 1097
67 810
82 810
810 947
77 108
77 125
77 166
77 225
77 229
77 282
77 299
77 497
77 538
77 582
77 585
77 615
77 621
77 843
77 849
400 475
475 669
475 717
475 727
475 783
475 802
340 589
376 589
401 589
422 589
547 589
552 589
589 597
589 670
589 717
698 911
704 911
711 911
722 911
400 1094
787 1094
108 1110
498 1110
787 1110
78 105
78 280
78 282
78 290
78 578
78 595
78 621
78 626
78 708
652 689
655 689
660 689
689 766
689 805
689 888
689 1113
211 692
424 692
605 692
655 692
692 762
692 783
692 864
692 866
692 868
692 1096
67 807
67 946
67 1097
96 137
120 137
137 215
137 807
137 827
137 1022
137 1057
137 1062
211 251
251 324
251 332
251 685
251 981
224 727
231 727
439 727
509 727
660 727
704 727
727 903
727 920
727 1077
72 213
72 351
72 370
72 380
72 595
72 670
72 796
340 417
417 547
417 910
615 677
628 677
640 677
677 719
677 721
677 726
677 914
677 973
677 979
529 919
721 919
730 919
529 1005
540 1005
752 1005
762 1005
781 1005
96 183
96 240
96 367
96 369
96 743
96 821
125 201
125 367
125 369
125 370
125 371
125 578
125 717
183 358
290 358
351 358
358 628
358 633
358 634
358 660
358 670
532 741
582 741
667 741
741 976
741 993
741 1002
540 847
613 847
620 847
626 847
712 847
215 969
244 969
649 969
651 969
540 1053
550 1053
708 1053
812 1053
80 108
80 268
80 371
82 225
82 427
82 462
82 588
82 595
82 715
82 800
82 802
82 816
82 878
82 987
105 120
105 175
105 633
105 807
105 818
105 879
105 1017
105 1102
108 175
108 747
108 827
108 943
108 945
108 1088
108 1123
268 332
268 380
268 381
268 565
269 274
274 282
274 321
274 343
274 464
274 483
274 605
274 671
274 944
274 949
244 633
340 633
369 633
422 633
581 633
582 633
605 633
621 633
633 649
633 1003
633 1086
183 634
340 634
369 634
532 634
581 634
582 634
591 634
634 786
634 888
634 1086
634 1109
634 1126
324 676
612 676
613 676
676 813
676 877
676 884
676 889
676 902
676 1026
211 238
211 550
211 805
261 973
445 730
231 573
282 573
498 573
521 573
542 573
573 578
573 613
573 787
256 582
356 582
511 582
582 725
297 609
566 609
609 813
609 889
609 902
609 1086
146 244
224 244
231 244
244 256
244 297
120 684
120 787
120 804
120 811
339 422
422 497
422 498
422 695
422 717
422 737
422 862
422 1010
422 1121
183 521
231 521
450 521
521 547
521 781
521 909
521 968
766 1010
766 1017
766 1018
766 1073
766 1116
766 1122
766 1125
778 940
240 807
470 807
704 807
708 807
814 946
194 269
194 280
194 301
194 367
194 381
194 655
194 664
194 670
194 796
215 224
224 299
224 685
224 1040
229 552
424 552
450 552
454 552
463 552
464 552
497 552
509 552
552 581
552 605
552 684
552 737
552 786
552 787
552 862
552 1040
343 620
592 620
620 830
620 879
620 884
620 901
620 902
620 1011
620 1057
642 884
301 595
351 595
540 595
595 711
595 737
595 1062
595 1072
595 1073
236 824
498 824
529 824
547 824
550 824
704 824
708 824
229 1086
642 1086
708 1086
722 1086
280 313
280 351
280 405
280 495
280 590
280 747
280 831
280 855
280 879
190 802
215 802
612 802
670 802
802 1017
802 1035
802 1106
802 1111
802 1116
626 869
708 869
719 869
722 869
269 901
532 901
550 901
670 901
719 901
721 901
299 726
299 737
299 839
299 883
299 907
299 959
229 313
282 313
313 370
313 371
313 372
313 983
497 550
538 550
550 836
550 1006
550 1066
256 581
511 581
581 602
581 626
581 722
166 893
432 893
213 231
213 282
213 351
213 685
213 778
351 400
351 470
351 669
370 519
370 717
314 380
332 380
356 380
380 393
380 427
380 428
380 495
380 685
380 853
380 923
380 1020
380 1029
380 1083
380 1084
380 1087
371 670
532 670
670 708
670 752
670 890
670 1077
542 796
613 796
796 1081
183 367
183 376
183 457
183 799
175 269
228 269
269 339
269 387
269 432
269 540
269 708
405 511
433 511
511 868
509 991
613 991
711 991
712 991
721 991
146 229
175 256
175 317
175 637
175 664
175 1049
188 546
256 546
419 546
457 546
546 585
546 597
546 862
546 1023
166 811
811 1095
651 968
685 968
737 968
743 968
225 301
225 469
225 704
225 844
225 1040
225 1098
238 290
290 367
290 376
290 783
290 904
454 498
454 547
454 615
454 786
454 889
454 923
454 952
454 1010
454 1050
393 498
419 498
498 565
498 830
498 1006
498 1026
419 519
519 590
519 602
519 717
519 822
519 864
519 890
519 916
519 989
369 628
602 628
605 628
628 717
628 822
628 853
628 855
628 889
628 1020
463 717
717 786
717 843
717 844
717 846
717 949
717 1098
717 1121
340 532
381 532
424 532
432 532
532 664
532 667
455 615
615 790
615 855
615 864
615 1001
615 1011
615 1069
372 1095
166 343
166 542
166 605
166 910
166 1003
229 297
229 428
229 542
229 667
229 868
229 918
229 959
282 356
282 669
282 671
282 858
282 944
393 497
450 497
497 929
497 938
497 1026
497 1043
497 1071
497 1085
497 1104
376 538
439 538
538 566
538 621
538 637
538 1049
367 585
547 585
566 585
578 585
585 712
585 873
585 904
450 621
621 873
621 945
621 1073
621 1102
715 849
339 578
509 578
578 844
578 862
578 1103
382 626
401 626
626 809
626 863
626 981
626 1007
626 1054
626 1092
215 708
317 708
667 708
671 708
708 855
708 902
708 1022
708 1060
226 301
226 671
226 786
226 862
565 574
574 737
574 743
574 752
574 821
574 1101
297 649
649 684
649 798
649 799
649 803
188 839
719 839
190 371
301 371
343 371
382 464
387 464
421 464
464 540
464 715
464 757
464 1072
405 777
777 1036
777 1040
777 1096
777 1101
800 1040
800 1098
256 866
301 866
583 866
602 866
328 868
631 890
369 894
715 894
719 894
343 588
495 588
517 588
588 591
588 698
588 862
588 918
588 1087
190 715
715 844
715 857
715 863
715 879
715 1010
715 1017
715 1098
401 816
605 878
631 987
238 318
318 993
253 631
605 631
631 743
631 787
631 789
631 876
631 879
631 888
631 1048
433 667
602 667
667 704
667 719
667 887
667 891
667 906
667 907
667 1036
256 822
432 822
188 321
188 752
188 764
188 781
256 324
324 393
324 687
324 695
324 789
324 1015
324 1093
542 597
583 597
590 597
597 813
597 889
597 905
597 913
597 953
311 951
433 951
238 253
238 684
238 757
238 1062
332 517
432 517
517 790
517 813
517 853
517 923
517 956
517 1001
517 1015
517 1020
517 1048
517 1050
517 1113
297 752
752 998
752 1006
752 1010
752 1057
752 1060
752 1102
752 1123
256 804
804 983
297 907
664 907
367 486
376 486
432 486
433 486
486 566
486 640
486 993
455 605
591 605
605 695
605 1024
605 1025
605 1111
605 1124
605 1125
651 684
651 973
651 1036
317 565
317 883
317 1003
253 343
332 343
343 369
343 400
343 433
343 711
343 726
343 914
495 566
509 566
565 566
566 640
566 770
566 827
566 879
566 1087
565 613
613 789
613 1003
613 1045
685 721
685 722
685 762
190 215
215 787
253 874
253 1077
311 433
340 433
381 433
433 483
387 483
483 698
483 856
483 862
483 963
201 827
240 831
400 999
711 999
757 999
789 999
376 1088
401 1088
798 1088
234 401
234 669
234 812
234 1126
240 432
340 432
432 583
432 738
457 756
457 757
457 952
457 953
457 989
457 1069
311 382
376 382
382 1072
356 491
401 491
428 491
491 542
491 547
491 882
491 910
491 953
455 891
240 321
240 401
240 1067
240 1087
367 405
367 463
367 547
367 565
367 789
367 1092
190 369
193 369
301 369
369 381
369 455
381 743
687 743
743 973
743 1109
743 1122
381 821
236 974
591 695
652 695
695 757
695 913
695 1067
695 1081
747 974
747 976
747 993
201 202
202 356
202 1022
202 1093
393 687
652 687
655 687
687 916
687 989
687 1113
757 976
757 1001
757 1015
757 1111
757 1127
722 920
664 943
787 943
201 830
400 830
565 830
704 830
376 876
393 876
764 1010
791 1010
201 879
450 879
591 879
652 879
401 1017
591 1017
469 640
469 711
469 882
301 590
376 590
590 740
590 1061
201 855
565 855
428 863
339 424
424 664
424 712
424 737
424 740
424 917
424 1018
424 1061
756 1123
339 664
509 664
642 664
664 762
664 857
664 914
664 1122
655 704
704 805
704 814
704 1021
704 1059
311 356
722 905
722 918
722 959
256 401
328 401
401 509
401 790
401 812
401 1024
256 781
387 781
781 1006
781 1007
781 1098
387 958
450 958
642 1062
450 1092
591 1092
803 1122
809 1122
684 730
730 867
730 918
730 1026
602 888
671 888
723 888
726 888
652 905
712 905
790 1081
256 301
256 405
256 756
256 762
256 887
328 756
756 998
756 1006
756 1021
756 1043
756 1059
712 814
711 889
723 889
726 889
450 923
193 228
193 637
193 783
231 314
314 450
314 803
314 904
311 339
321 339
339 419
339 428
339 655
328 405
405 778
400 809
809 1096
809 1113
190 592
190 721
190 798
201 509
201 602
201 770
201 787
301 791
387 791
791 1069
791 1106
791 1109
791 1111
791 1125
640 1050
711 1026
387 400
387 439
387 789
387 956
387 1096
381 428
428 857
428 858
428 1040
495 982
786 1023
642 684
421 787
787 1054
787 1065
787 1121
495 565
565 1087
660 725
463 712
660 712
712 1056
655 726
726 989
231 738
738 963
738 1002
738 1035
738 1073
591 858
660 858
228 311
228 1040
400 805
400 864
400 998
340 583
583 602
583 737
669 906
332 640
470 640
640 770
640 790
640 844
640 865
640 1103
547 1006
762 1006
547 1007
762 1007
652 1111
652 1116
652 1124
529 981
470 1022
770 1022
783 1022
470 1057
783 1057
301 340
301 591
301 989
301 1048
381 470
393 470
419 470
421 470
455 470
470 813
470 998
470 1058
231 297
231 381
231 783
764 1045
495 1056
783 1056
495 1059
770 1059
783 1059
812 1059
642 669
669 873
669 903
669 904
669 985
669 1126
798 1090
798 1112
798 1117
798 1119
798 1124
612 993
789 1067
770 1106
783 1111
495 882
542 799
799 977
721 995
783 995
419 1072
655 691
655 903
311 381
381 789
381 1003
671 902
671 1035
509 953
812 953
311 1008
455 1008
764 1008
711 812
812 1024
812 1025
812 1104
393 1093
393 542
455 542
542 873
803 1109
419 917
642 1036
803 1036
529 862
529 1065
419 952
455 952
764 1101
602 874
723 989
450 711
450 853
450 1020
450 1048
547 938
789 1035
463 910
455 547
547 902
660 691
719 867
592 612
321 983
642 737
642 764
592 979
376 463
463 711
463 740
463 1061
463 1073
311 376
376 419
376 509
376 770
376 844
764 1011
764 1015
764 1048
421 721
721 737
721 873
721 902
421 723
783 963
783 1127
297 887
591 862
591 1121
393 495
455 495
495 813
495 1058
495 1071
495 1085
770 974
770 1021
770 1060
770 1125
770 1127
805 944
805 1113
762 1040
372 786
786 1061
786 1091
786 1115
786 1119
786 1120
311 883
737 1069
790 1069
737 974
740 974
803 973
740 1002
711 813
711 883
711 1025
737 1018
737 963
393 1060
