1 2
1 3
1 4
1 5
1 7
1 8
1 20
1 21
1 41
1 75
1 95
1 100
1 123
1 178
1 187
1 201
1 305
1 323
1 537
1 661
1 664
1 718
1 723
1 837
1 859
1 882
1 940
1 994
1 1092
1 1148
1 1194
1 1274
1 1292
1 1469
1 1749
1 1825
1 1963
2 3
2 4
2 5
2 6
2 7
2 8
2 9
2 10
2 11
2 14
2 16
2 17
2 24
2 25
2 27
2 28
2 30
2 31
2 32
2 34
2 37
2 38
2 39
2 41
2 43
2 46
2 49
2 54
2 55
2 59
2 60
2 61
2 63
2 64
2 66
2 68
2 69
2 72
2 73
2 79
2 89
2 91
2 93
2 94
2 99
2 101
2 104
2 127
2 132
2 133
2 135
2 148
2 162
2 167
2 170
2 171
2 184
2 185
2 204
2 214
2 217
2 218
2 223
2 229
2 254
2 299
2 306
2 308
2 317
2 322
2 327
2 338
2 345
2 360
2 367
2 371
2 393
2 397
2 425
2 441
2 443
2 456
2 464
2 479
2 482
2 490
2 492
2 513
2 516
2 518
2 532
2 554
2 560
2 570
2 571
2 573
2 576
2 588
2 590
2 596
2 608
2 621
2 641
2 657
2 690
2 691
2 692
2 694
2 699
2 735
2 738
2 741
2 744
2 751
2 758
2 786
2 824
2 830
2 845
2 854
2 878
2 896
2 909
2 920
2 927
2 930
2 958
2 967
2 1008
2 1013
2 1020
2 1024
2 1040
2 1046
2 1090
2 1096
2 1107
2 1117
2 1126
2 1133
2 1141
2 1147
2 1149
2 1155
2 1164
2 1207
2 1220
2 1233
2 1234
2 1268
2 1270
2 1286
2 1298
2 1304
2 1355
2 1390
2 1409
2 1429
2 1431
2 1450
2 1454
2 1461
2 1474
2 1483
2 1484
2 1493
2 1568
2 1569
2 1583
2 1586
2 1609
2 1630
2 1652
2 1661
2 1694
2 1699
2 1721
2 1747
2 1759
2 1803
2 1808
2 1814
2 1816
2 1825
2 1848
2 1855
2 1874
2 1875
2 1890
2 1898
2 1900
2 1929
2 1950
2 1964
2 1970
2 1999
3 4
3 6
3 7
3 9
3 10
3 11
3 12
3 13
3 16
3 19
3 20
3 26
3 31
3 35
3 43
3 56
3 57
3 62
3 67
3 68
3 74
3 77
3 82
3 83
3 84
3 95
3 96
3 106
3 111
3 113
3 120
3 123
3 129
3 139
3 150
3 163
3 164
3 170
3 190
3 191
3 206
3 207
3 231
3 234
3 242
3 247
3 254
3 261
3 270
3 274
3 282
3 316
3 326
3 329
3 336
3 339
3 345
3 346
3 353
3 356
3 363
3 365
3 378
3 379
3 380
3 395
3 417
3 432
3 460
3 465
3 476
3 477
3 484
3 499
3 513
3 539
3 548
3 562
3 568
3 571
3 577
3 597
3 607
3 610
3 615
3 619
3 626
3 646
3 703
3 743
3 746
3 761
3 788
3 801
3 830
3 872
3 877
3 891
3 894
3 897
3 916
3 918
3 921
3 940
3 948
3 960
3 986
3 996
3 999
3 1024
3 1037
3 1049
3 1051
3 1057
3 1064
3 1068
3 1096
3 1097
3 1128
3 1146
3 1161
3 1208
3 1210
3 1309
3 1337
3 1339
3 1359
3 1367
3 1405
3 1438
3 1487
3 1511
3 1534
3 1545
3 1550
3 1553
3 1561
3 1580
3 1587
3 1593
3 1605
3 1608
3 1659
3 1687
3 1688
3 1693
3 1708
3 1733
3 1749
3 1781
3 1787
3 1808
3 1852
3 1856
3 1897
3 1919
3 1923
3 1935
3 1969
3 1978
4 5
4 6
4 7
4 8
4 9
4 10
4 11
4 12
4 13
4 14
4 15
4 17
4 18
4 19
4 21
4 22
4 23
4 24
4 25
4 26
4 27
4 28
4 40
4 41
4 44
4 46
4 48
4 49
4 50
4 51
4 52
4 54
4 59
4 64
4 65
4 69
4 71
4 72
4 73
4 82
4 85
4 86
4 93
4 95
4 98
4 106
4 107
4 108
4 113
4 116
4 117
4 120
4 124
4 125
4 126
4 128
4 131
4 132
4 137
4 140
4 143
4 146
4 147
4 149
4 151
4 152
4 153
4 154
4 160
4 178
4 182
4 186
4 187
4 190
4 193
4 197
4 213
4 214
4 215
4 217
4 223
4 228
4 231
4 242
4 255
4 258
4 264
4 274
4 276
4 289
4 306
4 311
4 319
4 327
4 337
4 343
4 346
4 347
4 353
4 355
4 357
4 367
4 370
4 376
4 377
4 378
4 398
4 401
4 417
4 427
4 428
4 429
4 435
4 438
4 454
4 470
4 478
4 507
4 515
4 530
4 535
4 537
4 539
4 542
4 554
4 558
4 587
4 620
4 631
4 634
4 658
4 683
4 710
4 712
4 724
4 745
4 747
4 751
4 760
4 769
4 777
4 797
4 810
4 817
4 819
4 829
4 840
4 845
4 848
4 855
4 860
4 865
4 873
4 899
4 911
4 924
4 935
4 939
4 940
4 963
4 976
4 1054
4 1066
4 1067
4 1072
4 1081
4 1086
4 1093
4 1099
4 1105
4 1113
4 1141
4 1148
4 1160
4 1167
4 1172
4 1200
4 1204
4 1206
4 1213
4 1219
4 1223
4 1229
4 1233
4 1249
4 1252
4 1263
4 1285
4 1289
4 1290
4 1295
4 1299
4 1303
4 1322
4 1329
4 1340
4 1352
4 1360
4 1396
4 1404
4 1414
4 1424
4 1427
4 1430
4 1434
4 1435
4 1451
4 1462
4 1468
4 1484
4 1496
4 1503
4 1512
4 1516
4 1526
4 1532
4 1538
4 1540
4 1558
4 1573
4 1585
4 1587
4 1613
4 1650
4 1656
4 1687
4 1709
4 1728
4 1735
4 1749
4 1781
4 1790
4 1792
4 1794
4 1805
4 1809
4 1810
4 1820
4 1831
4 1894
4 1900
4 1907
4 1923
4 1937
4 1938
4 1989
5 6
5 7
5 8
5 9
5 12
5 15
5 18
5 20
5 21
5 23
5 25
5 28
5 29
5 30
5 33
5 34
5 40
5 42
5 45
5 47
5 48
5 50
5 51
5 54
5 55
5 61
5 63
5 66
5 67
5 74
5 75
5 77
5 78
5 81
5 90
5 91
5 97
5 98
5 99
5 100
5 102
5 111
5 119
5 121
5 122
5 129
5 137
5 142
5 154
5 157
5 158
5 164
5 166
5 167
5 168
5 181
5 188
5 205
5 208
5 213
5 216
5 224
5 239
5 255
5 296
5 303
5 305
5 348
5 364
5 366
5 368
5 379
5 402
5 420
5 428
5 436
5 461
5 462
5 476
5 477
5 485
5 488
5 490
5 501
5 503
5 527
5 552
5 561
5 564
5 571
5 572
5 582
5 584
5 594
5 600
5 606
5 616
5 617
5 628
5 654
5 665
5 667
5 668
5 682
5 696
5 697
5 699
5 718
5 720
5 722
5 737
5 752
5 768
5 770
5 782
5 785
5 806
5 845
5 851
5 864
5 866
5 882
5 922
5 988
5 999
5 1000
5 1007
5 1010
5 1017
5 1018
5 1027
5 1060
5 1061
5 1081
5 1111
5 1117
5 1160
5 1170
5 1219
5 1245
5 1255
5 1267
5 1270
5 1284
5 1296
5 1297
5 1299
5 1317
5 1333
5 1353
5 1408
5 1412
5 1413
5 1416
5 1428
5 1430
5 1442
5 1444
5 1447
5 1451
5 1459
5 1484
5 1504
5 1555
5 1558
5 1570
5 1571
5 1607
5 1647
5 1658
5 1670
5 1671
5 1683
5 1704
5 1739
5 1749
5 1767
5 1776
5 1817
5 1825
5 1836
5 1842
5 1861
5 1893
5 1914
5 1967
5 1978
5 1979
5 1985
6 7
7 8
7 11
7 12
7 18
7 22
7 31
7 32
7 41
7 42
7 44
7 46
7 47
7 66
7 70
7 81
7 108
7 110
7 112
7 115
7 119
7 138
7 140
7 159
7 168
7 175
7 181
7 189
7 199
7 201
7 210
7 218
7 222
7 230
7 240
7 241
7 261
7 262
7 294
7 298
7 309
7 325
7 384
7 406
7 407
7 421
7 423
7 444
7 446
7 455
7 458
7 461
7 472
7 474
7 505
7 507
7 514
7 529
7 546
7 582
7 610
7 624
7 639
7 672
7 709
7 716
7 721
7 736
7 745
7 775
7 777
7 818
7 833
7 840
7 865
7 871
7 950
7 962
7 1003
7 1023
7 1061
7 1070
7 1096
7 1131
7 1185
7 1189
7 1192
7 1213
7 1217
7 1235
7 1318
7 1335
7 1361
7 1462
7 1467
7 1470
7 1489
7 1534
7 1573
7 1605
7 1620
7 1627
7 1637
7 1668
7 1673
7 1756
7 1785
7 1811
7 1822
7 1854
7 1907
7 1993
6 8
8 14
8 18
8 20
8 28
8 29
8 30
8 33
8 37
8 49
8 58
8 70
8 71
8 78
8 81
8 94
8 114
8 118
8 123
8 127
8 146
8 149
8 169
8 173
8 194
8 201
8 216
8 223
8 228
8 233
8 244
8 249
8 263
8 280
8 293
8 314
8 364
8 365
8 381
8 403
8 412
8 415
8 420
8 425
8 461
8 462
8 509
8 512
8 513
8 519
8 528
8 551
8 561
8 565
8 566
8 586
8 592
8 599
8 601
8 623
8 637
8 644
8 647
8 648
8 664
8 682
8 700
8 705
8 717
8 721
8 730
8 731
8 774
8 796
8 815
8 821
8 848
8 896
8 907
8 992
8 1139
8 1169
8 1171
8 1191
8 1194
8 1220
8 1230
8 1232
8 1291
8 1350
8 1427
8 1486
8 1493
8 1501
8 1516
8 1528
8 1581
8 1707
8 1714
8 1716
8 1788
8 1793
8 1809
8 1848
8 1850
8 1858
8 1892
8 1952
12 20
16 20
20 29
20 67
20 74
20 75
20 84
20 115
20 134
20 162
20 186
20 235
20 242
20 266
20 331
20 394
20 414
20 500
20 539
20 541
20 664
20 700
20 712
20 713
20 734
20 754
20 771
20 796
20 800
20 842
20 868
20 891
20 964
20 984
20 991
20 1021
20 1091
20 1208
20 1248
20 1387
20 1493
20 1504
20 1706
20 1731
20 1833
20 1840
20 1841
20 1915
11 21
16 21
17 21
21 23
21 85
21 100
21 137
21 165
21 178
21 187
21 332
21 336
21 338
21 501
21 580
21 661
21 675
21 723
21 757
21 776
21 859
21 886
21 1145
21 1182
21 1331
21 1358
21 1383
21 1389
21 1420
21 1422
21 1445
21 1465
21 1472
21 1502
21 1587
21 1610
21 1656
21 1733
21 1899
21 1912
32 41
39 41
41 47
41 55
41 78
41 104
41 108
41 115
41 184
41 234
41 253
41 291
41 298
41 309
41 450
41 502
41 515
41 525
41 537
41 673
41 858
41 862
41 873
41 876
41 929
41 961
41 980
41 985
41 1034
41 1190
41 1287
41 1301
41 1334
41 1341
41 1398
41 1502
41 1574
41 1621
41 1645
41 1721
41 1934
12 75
29 75
75 115
75 160
75 713
75 882
75 939
75 1092
75 1257
75 1326
75 1428
75 1682
75 1906
43 95
77 95
95 113
95 123
95 356
95 363
95 417
95 430
95 483
95 524
95 707
95 749
95 940
95 1037
95 1170
95 1375
95 1747
95 1963
47 100
55 100
80 100
100 130
100 134
100 143
100 150
100 176
100 178
100 197
100 198
100 232
100 240
100 305
100 323
100 375
100 433
100 437
100 440
100 450
100 501
100 556
100 575
100 591
100 605
100 654
100 681
100 719
100 752
100 756
100 799
100 837
100 1118
100 1252
100 1270
100 1322
100 1411
100 1607
100 1619
100 1634
100 1692
100 1729
100 1776
100 1881
100 1939
37 123
71 123
123 194
123 216
123 334
123 335
123 388
123 389
123 493
123 623
123 744
123 942
123 1038
123 1113
123 1121
123 1265
123 1963
23 178
71 178
178 656
178 859
125 187
154 187
159 187
187 238
187 260
187 661
187 706
187 757
187 808
187 1331
187 1366
187 1523
187 1587
187 1610
187 1882
14 201
18 201
40 201
201 495
201 885
201 1080
201 1131
201 1202
201 1262
6 305
65 305
174 305
305 323
305 501
305 645
305 654
305 718
305 728
305 756
305 1274
305 1399
305 1563
305 1681
305 1704
305 1776
16 323
38 323
155 323
323 376
323 426
323 684
323 756
323 837
323 994
323 1274
323 1322
323 1685
323 1686
323 1700
175 537
405 537
446 537
537 1148
537 1802
90 661
192 661
502 661
661 723
661 886
661 1469
661 1472
276 664
345 664
625 664
664 1194
664 1246
664 1493
23 718
177 718
703 718
28 723
30 723
357 723
723 1469
449 837
686 837
773 837
837 869
837 994
837 1292
837 1444
32 859
156 859
209 859
859 955
859 1680
859 1839
23 882
85 882
257 882
882 1007
882 1092
882 1122
882 1417
882 1428
882 1906
62 940
477 940
940 1405
940 1564
18 994
67 994
493 994
994 1001
270 1092
476 1092
884 1092
129 1148
484 1148
888 1148
243 1194
312 1194
657 1194
1194 1662
226 1274
295 1274
762 1274
1274 1282
173 1292
332 1292
434 1292
9 1469
247 1469
281 1469
90 1749
366 1749
106 1825
1174 1825
1428 1825
93 1963
554 1963
1544 1963
6 10
6 11
6 12
6 13
6 15
6 23
6 26
6 32
6 36
6 39
6 42
6 45
6 52
6 62
6 63
6 65
6 66
6 69
6 76
6 80
6 83
6 86
6 87
6 89
6 92
6 94
6 99
6 101
6 103
6 112
6 113
6 117
6 118
6 124
6 135
6 137
6 141
6 146
6 161
6 167
6 173
6 174
6 180
6 182
6 183
6 185
6 194
6 205
6 237
6 249
6 252
6 274
6 277
6 284
6 289
6 318
6 321
6 349
6 358
6 363
6 387
6 401
6 436
6 440
6 455
6 469
6 471
6 497
6 501
6 504
6 508
6 510
6 524
6 526
6 530
6 540
6 562
6 595
6 596
6 607
6 608
6 609
6 645
6 693
6 695
6 774
6 792
6 793
6 813
6 834
6 936
6 965
6 969
6 1078
6 1117
6 1155
6 1158
6 1164
6 1166
6 1168
6 1181
6 1183
6 1184
6 1269
6 1287
6 1302
6 1306
6 1361
6 1362
6 1368
6 1396
6 1397
6 1399
6 1509
6 1554
6 1573
6 1581
6 1664
6 1669
6 1681
6 1723
6 1746
6 1759
6 1794
6 1846
6 1847
6 1941
9 10
9 11
9 13
9 16
9 17
9 19
9 25
9 27
9 34
9 35
9 39
9 52
9 53
9 57
9 58
9 60
9 62
9 69
9 82
9 85
9 88
9 93
9 102
9 110
9 117
9 133
9 141
9 144
9 157
9 163
9 183
9 196
9 247
9 250
9 272
9 278
9 301
9 311
9 313
9 316
9 317
9 339
9 402
9 409
9 414
9 451
9 453
9 525
9 540
9 550
9 623
9 626
9 680
9 687
9 756
9 759
9 770
9 791
9 820
9 858
9 881
9 909
9 922
9 924
9 926
9 965
9 1046
9 1102
9 1147
9 1208
9 1257
9 1270
9 1276
9 1280
9 1348
9 1349
9 1356
9 1365
9 1401
9 1412
9 1480
9 1482
9 1524
9 1540
9 1547
9 1565
9 1593
9 1599
9 1605
9 1609
9 1612
9 1617
9 1642
9 1665
9 1690
9 1728
9 1761
9 1789
9 1835
9 1844
9 1857
9 1876
9 1883
9 1891
9 1901
9 1904
9 1962
9 1973
9 1986
9 1996
10 12
10 15
10 16
10 19
10 22
10 24
10 27
10 31
10 32
10 35
10 43
10 56
10 61
10 80
10 86
10 91
10 144
10 150
10 169
10 172
10 182
10 185
10 191
10 204
10 206
10 214
10 222
10 229
10 231
10 233
10 238
10 245
10 253
10 257
10 266
10 271
10 288
10 300
10 322
10 334
10 352
10 359
10 362
10 373
10 381
10 403
10 410
10 443
10 456
10 465
10 466
10 525
10 541
10 550
10 560
10 562
10 565
10 603
10 611
10 640
10 671
10 698
10 716
10 760
10 780
10 783
10 786
10 844
10 857
10 876
10 905
10 990
10 1025
10 1055
10 1063
10 1074
10 1083
10 1096
10 1165
10 1182
10 1193
10 1214
10 1223
10 1271
10 1275
10 1303
10 1305
10 1307
10 1332
10 1335
10 1362
10 1367
10 1400
10 1407
10 1417
10 1424
10 1474
10 1480
10 1508
10 1540
10 1563
10 1570
10 1624
10 1644
10 1661
10 1883
10 1930
10 1960
10 1983
11 13
11 14
11 16
11 17
11 24
11 25
11 31
11 43
11 53
11 57
11 73
11 77
11 79
11 83
11 84
11 85
11 96
11 103
11 109
11 110
11 112
11 116
11 117
11 126
11 129
11 135
11 146
11 156
11 160
11 170
11 184
11 191
11 193
11 195
11 196
11 200
11 205
11 212
11 219
11 226
11 240
11 256
11 258
11 259
11 260
11 263
11 268
11 271
11 276
11 284
11 292
11 295
11 316
11 324
11 328
11 344
11 396
11 448
11 468
11 472
11 488
11 516
11 555
11 557
11 578
11 581
11 598
11 621
11 711
11 754
11 762
11 776
11 796
11 827
11 828
11 843
11 880
11 918
11 923
11 957
11 962
11 1028
11 1034
11 1059
11 1088
11 1130
11 1134
11 1145
11 1251
11 1272
11 1273
11 1389
11 1395
11 1418
11 1426
11 1477
11 1494
11 1502
11 1576
11 1665
11 1691
11 1745
11 1770
11 1804
11 1819
11 1912
11 1969
11 1984
11 1985
11 1990
13 14
14 18
14 27
14 28
14 33
14 37
14 38
14 40
14 58
14 59
14 64
14 70
14 84
14 86
14 89
14 90
14 97
14 105
14 106
14 125
14 126
14 132
14 136
14 154
14 159
14 171
14 193
14 199
14 212
14 227
14 233
14 259
14 265
14 267
14 268
14 281
14 286
14 292
14 298
14 299
14 328
14 372
14 382
14 411
14 420
14 447
14 458
14 461
14 495
14 570
14 573
14 630
14 649
14 659
14 660
14 680
14 735
14 779
14 781
14 805
14 806
14 820
14 829
14 841
14 846
14 853
14 885
14 895
14 914
14 993
14 1021
14 1031
14 1054
14 1066
14 1074
14 1077
14 1080
14 1088
14 1105
14 1126
14 1174
14 1202
14 1223
14 1242
14 1244
14 1249
14 1352
14 1362
14 1382
14 1428
14 1464
14 1473
14 1479
14 1491
14 1501
14 1514
14 1615
14 1625
14 1626
14 1705
14 1714
14 1871
14 1905
14 1933
14 1981
12 16
16 17
16 29
16 35
16 38
16 39
16 53
16 60
16 68
16 74
16 94
16 150
16 155
16 189
16 190
16 235
16 238
16 246
16 259
16 261
16 266
16 270
16 272
16 275
16 287
16 310
16 317
16 330
16 359
16 360
16 371
16 376
16 379
16 386
16 392
16 414
16 426
16 442
16 456
16 460
16 506
16 514
16 555
16 626
16 631
16 683
16 684
16 737
16 741
16 759
16 763
16 791
16 848
16 863
16 867
16 917
16 930
16 967
16 1080
16 1094
16 1145
16 1205
16 1216
16 1253
16 1263
16 1338
16 1370
16 1378
16 1411
16 1420
16 1433
16 1482
16 1498
16 1543
16 1551
16 1552
16 1598
16 1695
16 1766
16 1841
16 1845
16 1887
16 1912
16 1941
16 1946
16 1989
17 25
17 38
17 49
17 52
17 60
17 141
17 155
17 226
17 255
17 263
17 270
17 275
17 392
17 489
17 533
17 535
17 655
17 845
17 868
17 881
17 946
17 981
17 1008
17 1042
17 1076
17 1090
17 1203
17 1420
17 1422
17 1458
17 1502
17 1733
17 1863
17 1929
22 24
24 73
24 223
24 258
24 397
24 819
24 830
24 1026
24 1223
24 1271
24 1285
24 1332
24 1916
25 102
25 184
25 195
25 226
25 295
25 308
25 491
25 863
25 931
25 988
25 1041
25 1273
25 1299
25 1537
25 1568
25 1622
25 1827
18 27
27 32
27 34
27 37
27 38
27 44
27 53
27 54
27 58
27 59
27 62
27 63
27 97
27 104
27 142
27 144
27 156
27 157
27 169
27 172
27 239
27 248
27 253
27 297
27 298
27 334
27 352
27 361
27 362
27 399
27 400
27 505
27 522
27 530
27 543
27 547
27 563
27 570
27 573
27 600
27 643
27 690
27 739
27 740
27 780
27 798
27 806
27 810
27 866
27 874
27 891
27 935
27 947
27 956
27 1011
27 1018
27 1023
27 1031
27 1055
27 1071
27 1111
27 1125
27 1211
27 1212
27 1240
27 1242
27 1293
27 1354
27 1356
27 1374
27 1410
27 1495
27 1501
27 1508
27 1515
27 1586
27 1609
27 1625
27 1638
27 1657
27 1732
27 1764
27 1820
27 1901
27 1921
27 1942
27 1987
12 28
28 30
28 33
28 46
28 48
28 50
28 51
28 81
28 89
28 106
28 107
28 109
28 122
28 127
28 136
28 145
28 163
28 169
28 174
28 207
28 216
28 218
28 235
28 267
28 278
28 296
28 307
28 352
28 357
28 373
28 406
28 411
28 441
28 465
28 516
28 551
28 597
28 639
28 642
28 675
28 676
28 689
28 713
28 808
28 841
28 933
28 948
28 983
28 1033
28 1049
28 1055
28 1106
28 1116
28 1133
28 1142
28 1154
28 1174
28 1188
28 1200
28 1207
28 1216
28 1217
28 1231
28 1307
28 1323
28 1340
28 1369
28 1384
28 1432
28 1490
28 1493
28 1655
28 1670
28 1694
28 1738
28 1771
28 1811
28 1859
28 1951
28 1976
30 48
30 97
30 118
30 127
30 145
30 218
30 224
30 230
30 235
30 273
30 304
30 357
30 532
30 577
30 647
30 689
30 772
30 791
30 964
30 1033
30 1414
30 1567
30 1782
30 1865
30 1873
30 1886
31 43
31 68
31 91
31 110
31 159
31 170
31 182
31 191
31 206
31 220
31 254
31 270
31 283
31 328
31 336
31 371
31 383
31 419
31 536
31 550
31 638
31 687
31 690
31 694
31 708
31 771
31 796
31 798
31 896
31 897
31 916
31 968
31 1016
31 1074
31 1236
31 1297
31 1330
31 1359
31 1371
31 1417
31 1513
31 1573
31 1879
31 1911
31 1964
32 39
32 42
32 43
32 46
32 47
32 54
32 119
32 148
32 156
32 199
32 209
32 221
32 254
32 291
32 325
32 352
32 425
32 440
32 452
32 574
32 607
32 716
32 740
32 857
32 879
32 907
32 955
32 1064
32 1089
32 1137
32 1520
32 1609
32 1680
32 1705
32 1721
32 1803
32 1839
34 37
34 58
34 69
34 88
34 91
34 93
34 101
34 110
34 162
34 165
34 215
34 297
34 394
34 402
34 404
34 451
34 488
34 641
34 922
34 1015
34 1043
34 1062
34 1120
34 1167
34 1210
34 1240
34 1648
34 1652
18 37
37 58
37 71
37 101
37 165
37 194
37 268
37 292
37 297
37 334
37 365
37 369
37 372
37 388
37 421
37 468
37 479
37 512
37 570
37 572
37 588
37 599
37 652
37 680
37 684
37 702
37 744
37 878
37 920
37 1015
37 1042
37 1043
37 1153
37 1191
37 1367
37 1459
37 1516
37 1921
18 38
38 40
38 45
38 49
38 56
38 59
38 63
38 88
38 105
38 142
38 144
38 155
38 166
38 172
38 179
38 198
38 208
38 311
38 338
38 371
38 376
38 386
38 409
38 434
38 443
38 453
38 458
38 479
38 557
38 576
38 622
38 624
38 685
38 686
38 726
38 735
38 779
38 818
38 847
38 848
38 866
38 894
38 947
38 966
38 1029
38 1047
38 1080
38 1103
38 1205
38 1216
38 1246
38 1437
38 1448
38 1464
38 1470
38 1491
38 1495
38 1620
38 1699
38 1711
38 1780
38 1795
38 1843
38 1957
38 1970
38 1986
39 47
39 55
39 60
39 68
39 78
39 94
39 104
39 125
39 133
39 167
39 180
39 184
39 189
39 247
39 250
39 265
39 277
39 317
39 366
39 384
39 385
39 405
39 440
39 450
39 481
39 482
39 502
39 511
39 525
39 527
39 568
39 584
39 627
39 657
39 673
39 674
39 691
39 903
39 920
39 927
39 959
39 1040
39 1060
39 1089
39 1140
39 1187
39 1208
39 1277
39 1289
39 1409
39 1433
39 1456
39 1522
39 1571
39 1572
39 1619
39 1642
39 1651
39 1722
39 1725
39 1746
39 1763
39 1846
39 1898
39 1943
39 1955
43 61
43 68
43 77
43 148
43 220
43 285
43 329
43 383
43 469
43 524
43 591
43 668
43 704
43 749
43 767
43 796
43 801
43 913
43 915
43 938
43 999
43 1037
43 1067
43 1070
43 1330
43 1645
43 1733
43 1822
43 1969
12 46
46 51
46 66
46 119
46 127
46 168
46 171
46 189
46 192
46 229
46 230
46 269
46 309
46 406
46 651
46 676
46 714
46 1152
46 1209
46 1335
46 1372
46 1609
46 1705
46 1778
46 1891
18 49
49 50
49 56
49 79
49 87
49 108
49 131
49 145
49 175
49 217
49 223
49 243
49 301
49 308
49 312
49 320
49 333
49 343
49 416
49 422
49 557
49 641
49 657
49 789
49 848
49 1013
49 1112
49 1256
49 1327
49 1364
49 1491
49 1509
49 1524
49 1525
49 1535
49 1630
49 1660
49 1787
49 1924
49 1987
49 1993
51 54
54 73
54 93
54 104
54 132
54 156
54 209
54 221
54 246
54 254
54 269
54 276
54 325
54 345
54 413
54 442
54 522
54 574
54 607
54 616
54 618
54 678
54 688
54 731
54 761
54 765
54 766
54 774
54 793
54 819
54 874
54 898
54 1037
54 1050
54 1057
54 1201
54 1285
54 1313
54 1393
54 1647
54 1674
54 1720
54 1727
54 1944
42 55
47 55
55 80
55 99
55 130
55 133
55 139
55 176
55 184
55 279
55 437
55 440
55 450
55 490
55 719
55 1238
55 1305
55 1357
55 1380
55 1500
55 1518
55 1615
55 1683
55 1759
55 1767
56 59
59 298
59 299
59 338
59 894
59 1011
59 1149
59 1211
59 1244
59 1254
59 1293
59 1441
59 1566
59 1701
59 1711
59 1762
59 1820
59 1843
59 1901
60 189
60 272
60 386
60 498
60 770
60 1094
60 1642
60 1690
60 1857
60 1929
60 1953
23 61
61 122
61 137
61 154
61 165
61 204
61 229
61 236
61 271
61 332
61 348
61 439
61 485
61 590
61 975
61 1277
61 1316
61 1612
61 1723
61 1860
18 63
63 88
63 172
63 179
63 386
63 400
63 409
63 608
63 624
63 787
63 822
63 1437
63 1595
63 1604
63 1742
63 1927
15 64
40 64
64 132
64 228
64 306
64 573
64 587
64 688
64 823
64 976
64 988
64 1025
64 1249
64 1809
45 66
66 124
66 147
66 168
66 171
66 269
66 309
66 476
66 553
66 601
66 651
66 676
66 743
66 768
66 1447
66 1486
66 1571
66 1758
66 1778
66 1842
66 1891
68 72
68 94
68 220
68 254
68 283
68 285
68 329
68 390
68 405
68 469
68 627
68 631
68 655
68 668
68 681
68 706
68 708
68 711
68 741
68 759
68 874
68 930
68 1016
68 1044
68 1067
68 1206
68 1253
68 1377
68 1378
68 1699
68 1830
68 1966
65 69
69 87
69 137
69 186
69 349
69 387
69 418
69 883
69 884
69 1045
69 1159
69 1449
69 1695
69 1797
18 72
44 72
72 76
72 107
72 197
72 226
72 344
72 720
72 930
72 953
72 1000
72 1086
72 1218
72 1515
72 1530
72 1750
72 1842
72 1898
72 1995
51 73
73 79
73 93
73 143
73 149
73 153
73 217
73 552
73 556
73 611
73 828
73 910
73 1072
73 1178
73 1286
73 1395
73 1691
73 1738
18 79
50 79
79 87
79 92
79 108
79 140
79 203
79 227
79 301
79 342
79 347
79 487
79 553
79 582
79 589
79 641
79 643
79 671
79 755
79 804
79 828
79 833
79 970
79 1036
79 1119
79 1256
79 1286
79 1355
79 1370
79 1598
79 1653
79 1758
79 1852
79 1924
79 1993
89 163
89 401
89 438
89 622
89 735
89 824
89 1126
89 1133
89 1164
89 1217
89 1402
91 182
91 185
91 214
91 257
91 288
91 571
91 690
91 896
91 968
91 978
91 1179
91 1539
91 1632
91 1636
91 1682
91 1714
91 1977
93 110
93 143
93 162
93 183
93 193
93 215
93 276
93 290
93 345
93 370
93 404
93 554
93 556
93 567
93 625
93 634
93 678
93 847
93 903
93 909
93 955
93 982
93 1135
93 1247
93 1298
93 1355
93 1452
93 1544
93 1648
93 1996
94 99
94 118
94 148
94 161
94 183
94 211
94 225
94 341
94 405
94 412
94 415
94 566
94 631
94 692
94 708
94 854
94 907
94 977
94 1044
94 1056
94 1095
94 1169
94 1406
94 1431
94 1433
94 1700
94 1814
94 1832
94 1941
94 1989
42 99
99 135
99 139
99 148
99 161
99 188
99 294
99 494
99 531
99 621
99 737
99 803
99 887
99 933
99 1267
99 1413
99 1577
99 1683
99 1747
86 101
101 113
101 165
101 284
101 289
101 421
101 435
101 479
101 540
101 542
101 544
101 641
101 738
101 782
101 813
101 823
101 855
101 965
101 969
101 1062
101 1153
101 1200
101 1352
101 1361
101 1391
101 1461
101 1492
101 1541
101 1606
101 1616
101 1921
101 1931
78 104
104 125
104 132
104 253
104 413
104 450
104 616
104 688
104 731
104 862
104 985
104 1040
104 1240
104 1319
104 1398
104 1400
104 1456
104 1475
104 1476
104 1586
104 1722
104 1934
104 1957
51 127
127 406
127 647
127 713
127 1020
132 228
132 413
132 573
132 616
132 688
132 750
132 797
132 879
132 1066
132 1315
132 1790
132 1957
13 133
133 313
133 400
133 929
133 1099
133 1314
133 1348
133 1415
133 1599
133 1759
85 135
96 135
135 185
135 306
135 396
135 415
135 441
135 455
135 497
135 613
135 695
135 741
135 742
135 843
135 900
135 1234
135 1425
135 1618
135 1890
148 161
148 211
148 425
148 456
148 548
148 590
148 592
148 617
148 621
148 673
148 692
148 867
148 887
148 938
148 949
148 1009
148 1020
148 1039
148 1056
148 1199
148 1204
148 1282
148 1485
148 1559
148 1577
148 1700
12 162
115 162
162 215
162 331
162 394
162 554
162 575
162 842
162 1387
162 1431
162 1652
162 1685
29 167
90 167
167 180
167 208
167 250
167 265
167 369
167 389
167 436
167 477
167 482
167 527
167 568
167 596
167 606
167 697
167 751
167 834
167 1007
167 1048
167 1100
167 1188
167 1221
167 1360
167 1474
167 1566
167 1709
167 1762
167 1799
167 1990
83 170
156 170
170 200
170 336
170 345
170 428
170 460
170 618
170 659
170 662
170 728
170 875
170 893
170 957
170 997
170 1050
170 1236
170 1471
170 1504
170 1796
170 1867
86 171
125 171
171 227
171 229
171 269
171 286
171 382
171 399
171 484
171 490
171 649
171 714
171 1003
171 1073
171 1329
171 1362
171 1460
184 195
184 308
184 360
184 491
184 516
184 525
184 727
184 931
184 1134
184 1144
184 1308
184 1537
184 1622
184 1667
184 1848
182 185
185 257
185 266
185 306
185 455
185 464
185 609
185 793
185 844
185 1179
185 1682
185 1714
44 204
53 204
151 204
204 229
204 671
204 1214
204 1390
204 1694
204 1763
65 214
147 214
214 215
214 224
214 275
214 494
214 640
214 670
214 816
214 826
214 864
214 928
214 968
214 1219
214 1224
214 1229
214 1320
214 1336
214 1340
214 1531
214 1555
214 1603
214 1643
214 1839
214 1880
56 217
153 217
217 492
217 552
217 1013
217 1371
217 1457
217 1505
217 1866
42 218
44 218
218 251
218 262
218 329
218 475
218 529
218 532
218 534
218 577
218 689
218 791
218 925
218 1231
218 1296
218 1386
218 1393
218 1493
218 1527
218 1567
218 1913
218 1948
18 223
223 327
223 367
223 381
223 393
223 397
223 835
223 972
223 1040
223 1066
223 1107
223 1239
223 1364
229 271
229 490
229 518
229 640
229 671
229 714
229 901
229 1329
229 1723
229 1814
254 270
254 283
254 325
254 419
254 442
254 452
254 476
254 588
254 1027
254 1057
254 1123
254 1392
40 299
56 299
212 299
299 820
299 883
299 1149
299 1629
299 1843
15 306
306 378
306 441
306 464
306 587
306 988
306 1025
306 1053
306 1233
306 1907
18 308
175 308
308 320
308 360
308 491
308 492
308 727
308 789
308 927
308 1109
308 1144
308 1308
308 1568
308 1660
308 1857
29 317
259 317
317 657
317 729
317 930
317 1046
317 1208
317 1276
48 322
51 322
65 322
322 349
322 1096
322 1214
322 1275
322 1390
322 1517
322 1763
85 327
213 327
327 353
327 367
327 376
327 724
327 850
327 958
327 1141
327 1349
327 1434
327 1483
327 1601
327 1805
327 1823
122 338
336 338
338 443
338 894
338 1246
338 1254
338 1566
338 1885
276 345
345 460
345 562
345 625
345 678
345 1024
345 1553
345 1679
29 360
266 360
360 442
360 555
360 605
360 927
360 1065
360 1450
360 1848
44 367
107 367
367 393
367 620
367 958
367 972
367 1066
367 1259
367 1360
367 1548
367 1928
270 371
371 576
371 776
371 967
371 1216
371 1263
371 1268
371 1304
371 1551
371 1598
371 1875
19 393
22 393
128 393
393 538
393 814
393 972
393 1107
393 1239
393 1667
393 1928
393 1967
29 397
246 397
259 397
397 830
397 1040
397 1449
397 1808
33 425
314 425
425 456
425 462
425 498
425 548
12 441
122 441
441 1200
441 1233
441 1234
441 1907
56 443
403 443
443 1353
443 1540
12 456
456 548
456 590
456 592
456 673
456 692
456 867
456 938
456 949
456 1199
456 1751
15 464
26 464
105 464
105 479
458 479
479 920
479 1153
479 1429
479 1461
479 1950
48 482
97 482
290 482
482 544
482 751
482 786
482 987
482 1022
482 1446
482 1514
482 1624
482 1741
47 490
490 518
490 901
490 919
490 1238
490 1893
18 492
56 492
175 492
492 560
492 842
492 1371
492 1489
492 1557
492 1783
231 513
390 513
412 513
513 571
513 896
513 910
513 1363
513 1850
33 516
174 516
516 576
516 933
516 1069
516 1134
516 1283
516 1351
516 1760
516 1807
516 1812
19 518
131 518
333 518
518 901
518 919
518 1581
29 532
208 532
369 532
532 577
532 850
532 1311
532 1710
193 554
554 634
554 955
554 963
554 1355
554 1431
554 1544
554 1748
554 1889
19 560
22 560
56 560
560 691
560 744
560 842
560 1489
560 1886
105 570
458 570
570 573
570 846
570 1242
570 1248
570 1964
231 571
571 699
571 910
571 1107
571 1363
571 1661
571 1946
573 1242
573 1248
573 1249
573 1932
33 576
174 576
576 1012
576 1069
576 1152
576 1351
576 1875
576 1877
576 1970
270 588
476 588
588 884
588 1027
588 1279
588 1964
137 590
485 590
590 867
67 596
103 596
493 596
596 825
84 608
181 608
520 608
608 1093
608 1480
126 621
578 621
621 887
621 971
621 1009
621 1020
621 1028
621 1053
621 1639
621 1747
621 1959
621 1985
301 641
641 643
641 738
641 755
641 758
641 813
641 1062
641 1120
641 1256
641 1525
641 1758
641 1761
641 1781
243 657
312 657
657 1409
657 1662
657 1689
657 1724
239 690
543 690
690 694
690 896
690 1636
56 691
502 691
673 691
691 744
691 959
691 1215
412 692
673 692
692 854
692 949
692 1204
692 1226
692 1751
126 694
138 694
475 694
139 699
294 699
494 699
699 812
699 915
699 1107
699 1117
699 1170
699 1189
699 1294
699 1569
699 1816
458 735
735 779
735 824
735 878
735 1155
735 1164
12 738
15 738
36 738
738 758
738 813
738 1826
455 741
497 741
334 744
153 751
747 751
751 786
751 1426
751 1474
751 1529
751 1792
74 758
351 758
736 758
758 1019
758 1179
758 1180
758 1328
758 1523
758 1574
603 786
611 786
786 857
786 1717
155 824
296 824
598 824
824 878
129 830
206 830
830 996
830 1808
29 845
594 845
845 1008
845 1164
845 1442
845 1582
845 1927
81 854
142 854
767 854
854 1226
854 1814
854 1820
292 878
702 878
878 1367
878 1882
896 1220
896 1636
50 909
427 909
546 909
909 1124
909 1298
909 1542
909 1855
909 1996
247 920
584 920
920 1429
920 1454
920 1583
673 927
674 927
927 1450
259 930
930 1699
653 958
790 958
958 1883
70 967
90 967
385 967
967 1268
967 1284
967 1302
13 1008
344 1008
923 1008
1008 1090
1008 1164
112 1013
363 1013
508 1013
406 1020
713 1020
42 1024
581 1024
666 1024
450 1040
1040 1400
1040 1456
1040 1475
1040 1571
389 1046
493 1046
614 1046
1046 1147
78 1090
220 1090
291 1090
1096 1275
972 1107
1107 1239
1107 1661
1107 1816
137 1117
530 1117
1117 1170
1117 1189
1117 1444
1117 1461
1117 1484
1117 1569
1117 1908
115 1126
380 1126
705 1126
112 1133
468 1133
559 1133
1133 1207
1133 1382
65 1141
350 1141
603 1141
1141 1483
1141 1874
1141 1900
109 1147
174 1147
491 1147
1147 1270
1147 1630
1147 1834
1147 1876
311 1149
434 1149
622 1149
23 1155
236 1155
366 1207
408 1207
732 1207
1207 1784
535 1220
614 1220
947 1220
128 1233
939 1233
1233 1907
18 1234
726 1234
1218 1234
1234 1890
414 1268
500 1268
732 1268
1268 1304
1268 1777
654 1270
1270 1607
1270 1630
1270 1876
110 1286
240 1286
406 1286
1286 1348
1286 1727
44 1298
248 1298
1054 1298
1298 1855
131 1304
287 1304
1278 1304
553 1355
589 1355
1355 1598
81 1390
209 1390
307 1390
1390 1694
1390 1763
349 1409
350 1409
603 1409
382 1429
727 1429
1129 1429
1429 1454
1429 1696
1429 1944
1429 1950
225 1431
341 1431
1431 1512
1431 1771
1431 1832
200 1450
662 1450
875 1450
1450 1972
382 1454
727 1454
1454 1583
1454 1696
1454 1944
1170 1461
1444 1461
1461 1481
1461 1908
780 1474
1165 1474
139 1483
396 1483
522 1483
1483 1513
1483 1874
370 1484
840 1484
1484 1506
1484 1704
1484 1712
19 1568
538 1568
814 1568
13 1569
86 1569
128 1569
1569 1862
48 1583
303 1583
1413 1583
19 1586
26 1586
313 1586
1356 1609
1609 1705
1609 1803
1609 1987
1609 1999
18 1630
1327 1630
673 1652
674 1652
1190 1652
603 1661
1307 1661
1661 1851
1216 1694
1307 1694
198 1699
1620 1699
366 1721
1219 1721
1353 1721
363 1747
1747 1933
526 1759
1078 1759
193 1803
328 1803
638 1803
1803 1999
996 1808
271 1814
640 1814
270 1816
287 1816
701 1816
705 1848
730 1848
150 1855
190 1855
1438 1855
140 1874
227 1874
1773 1874
154 1875
251 1875
742 1875
352 1890
1625 1890
1828 1890
147 1898
1204 1898
1462 1898
706 1900
889 1900
1526 1900
78 1929
821 1929
1546 1929
129 1950
1235 1950
1380 1950
798 1964
1359 1964
278 1970
279 1970
701 1970
112 1999
284 1999
354 1999
12 13
12 15
12 18
12 22
12 29
12 33
12 35
12 36
12 51
12 67
12 70
12 107
12 115
12 122
12 140
12 160
12 164
12 239
12 331
12 340
12 395
12 604
12 660
12 697
12 792
12 866
12 912
12 1152
12 1160
12 1189
12 1257
12 1260
12 1266
12 1315
12 1326
12 1336
12 1451
12 1495
12 1631
12 1676
12 1718
12 1737
12 1826
12 1906
12 1910
13 19
13 62
13 84
13 85
13 86
13 96
13 109
13 112
13 128
13 131
13 136
13 164
13 210
13 242
13 313
13 316
13 344
13 400
13 424
13 499
13 540
13 549
13 660
13 663
13 670
13 724
13 755
13 781
13 805
13 914
13 923
13 926
13 929
13 939
13 956
13 1031
13 1077
13 1150
13 1272
13 1344
13 1372
13 1456
13 1623
13 1696
13 1718
13 1784
13 1862
13 1958
19 22
19 26
19 56
19 57
19 124
19 128
19 130
19 131
19 139
19 176
19 210
19 245
19 313
19 333
19 391
19 403
19 459
19 483
19 538
19 610
19 633
19 805
19 814
19 826
19 852
19 926
19 929
19 982
19 1010
19 1022
19 1049
19 1099
19 1103
19 1151
19 1178
19 1228
19 1305
19 1314
19 1343
19 1420
19 1435
19 1473
19 1485
19 1542
19 1623
19 1649
19 1651
19 1667
19 1718
15 26
23 26
26 36
26 52
26 92
26 105
26 139
26 176
26 196
26 219
26 277
26 313
26 396
26 445
26 472
26 637
26 703
26 765
26 779
26 795
26 1014
26 1244
26 1310
26 1324
26 1689
26 1920
26 1923
29 35
35 163
35 246
35 432
35 467
35 525
35 623
35 697
35 756
35 783
35 822
35 858
35 912
35 932
35 1089
35 1335
35 1367
35 1468
35 1547
35 1570
35 1614
35 1617
35 1775
35 1910
35 1945
35 1996
56 57
56 395
56 403
56 413
56 557
56 760
56 842
56 926
56 1353
56 1371
56 1485
56 1557
56 1561
56 1674
56 1711
56 1783
56 1843
56 1866
56 1886
53 57
57 196
57 268
57 285
57 395
57 409
57 413
57 610
57 689
57 926
57 1010
57 1022
57 1395
57 1674
57 1799
58 62
62 157
62 274
62 301
62 453
62 477
62 517
62 563
62 564
62 810
62 820
62 1183
62 1565
62 1669
18 67
42 67
67 74
67 102
67 103
67 158
67 358
67 493
67 583
67 693
67 825
67 1001
67 1011
67 1032
67 1060
67 1137
67 1259
67 1271
67 1293
67 1376
67 1438
67 1666
67 1779
67 1818
67 1834
67 1846
18 74
74 84
74 103
74 111
74 134
74 181
74 205
74 207
74 213
74 235
74 261
74 310
74 335
74 351
74 358
74 514
74 520
74 569
74 597
74 704
74 736
74 737
74 746
74 771
74 800
74 821
74 894
74 1010
74 1060
74 1072
74 1209
74 1425
74 1487
74 1499
74 1523
74 1543
74 1556
74 1579
74 1632
74 1633
74 1760
74 1841
74 1935
15 77
45 77
77 121
77 129
77 417
77 484
77 524
77 548
77 772
77 913
77 1070
77 1144
77 1228
77 1379
77 1766
77 1978
18 82
50 82
82 106
82 117
82 152
82 247
82 281
82 343
82 346
82 356
82 370
82 495
82 585
82 653
82 746
82 777
82 790
82 828
82 924
82 937
82 1081
82 1093
82 1099
82 1210
82 1266
82 1368
82 1373
82 1427
82 1447
82 1451
82 1490
82 1512
82 1545
82 1666
82 1713
82 1732
82 1795
82 1821
82 1830
82 1889
23 83
65 83
71 83
83 96
83 103
83 116
83 156
83 177
83 200
83 252
83 428
83 445
83 447
83 607
83 703
83 788
83 804
83 941
83 957
83 997
83 1006
83 1085
83 1199
83 1346
83 1471
83 1494
83 1504
83 1510
83 1633
83 1663
83 1675
83 1912
84 109
84 111
84 134
84 181
84 186
84 193
84 200
84 242
84 276
84 282
84 346
84 414
84 496
84 500
84 504
84 517
84 569
84 754
84 849
84 875
84 895
84 1005
84 1031
84 1058
84 1069
84 1093
84 1114
84 1125
84 1261
84 1337
84 1344
84 1575
84 1579
84 1602
84 1611
84 1703
84 1706
84 1786
84 1871
84 1926
84 1997
85 96
96 112
96 156
96 212
96 219
96 260
96 339
96 396
96 415
96 613
96 753
96 754
96 860
96 900
96 1012
96 1251
96 1915
33 106
106 120
106 136
106 188
106 337
106 346
106 347
106 368
106 461
106 746
106 1174
106 1229
106 1295
106 1384
106 1428
106 1550
106 1587
106 1693
106 1742
106 1821
106 1847
106 1920
18 111
111 181
111 205
111 207
111 234
111 346
111 378
111 496
111 504
111 696
111 936
111 1097
111 1317
111 1369
111 1446
111 1448
111 1734
111 1786
111 1872
113 289
113 356
113 483
113 544
113 568
113 707
113 782
113 1310
113 1391
18 120
44 120
76 120
120 155
120 232
120 296
120 337
120 353
120 365
120 645
120 766
120 892
120 932
120 992
120 1064
120 1322
120 1377
120 1381
120 1818
120 1838
120 1932
120 1949
90 129
98 129
129 166
129 191
129 206
129 249
129 478
129 484
129 617
129 772
129 856
129 888
129 974
129 1138
129 1235
129 1380
129 1971
42 139
139 176
139 196
139 294
139 396
139 459
139 483
139 494
139 522
139 593
139 602
139 612
139 619
139 637
139 703
139 765
139 812
139 915
139 982
139 1049
139 1124
139 1146
139 1264
139 1473
139 1477
139 1550
139 1641
139 1708
139 1753
139 1951
80 150
134 150
150 190
150 197
150 232
150 238
150 300
150 359
150 375
150 439
150 556
150 681
150 683
150 861
150 913
150 1114
150 1438
150 1619
150 1624
150 1669
150 1899
150 1960
150 1982
163 267
163 339
163 432
163 465
163 467
163 577
163 623
163 733
163 805
163 822
163 1174
163 1217
163 1402
163 1608
163 1614
163 1670
18 164
33 164
164 499
164 549
164 660
164 743
164 914
164 956
164 1172
164 1266
164 1956
86 190
128 190
190 319
190 355
190 377
190 683
190 827
190 1067
190 1438
190 1510
190 1585
190 1869
191 206
191 231
191 316
191 390
191 478
191 550
191 771
191 780
191 788
191 916
191 1165
191 1693
191 1777
182 206
206 222
206 310
206 478
206 702
206 996
206 1138
206 1235
206 1380
206 1417
206 1513
48 207
50 207
207 211
207 234
207 278
207 307
207 374
207 411
207 597
207 855
207 944
207 1026
207 1340
207 1556
143 231
149 231
231 390
231 603
231 631
231 667
231 910
231 981
231 1263
231 1295
231 1594
231 1946
108 234
115 234
234 283
234 515
234 674
131 242
242 282
242 315
242 326
242 414
242 724
242 769
242 891
242 1005
242 1021
242 1258
242 1471
242 1664
242 1765
78 247
125 247
247 277
247 281
247 366
247 527
247 584
247 937
247 1062
247 1184
247 1210
247 1266
247 1309
247 1373
247 1576
247 1605
247 1986
81 261
175 261
261 342
261 379
261 380
261 507
261 580
261 729
261 736
261 737
261 761
261 775
261 867
261 872
261 894
261 1222
261 1416
261 1499
261 1544
261 1695
261 1754
261 1829
261 1926
261 1936
261 1992
155 270
270 275
270 287
270 330
270 476
270 480
270 489
270 506
270 633
270 655
270 701
270 763
270 776
270 868
270 884
270 997
270 1027
270 1052
270 1110
270 1138
270 1203
270 1279
270 1300
270 1466
270 1592
270 1613
270 1823
270 1884
270 1919
270 1949
15 274
23 274
274 331
274 477
274 1187
274 1384
274 1638
274 1669
23 282
71 282
177 282
282 326
282 444
282 612
282 635
282 646
282 962
282 1215
282 1580
282 1593
282 1765
282 1909
282 1918
313 316
316 918
316 1687
316 1804
80 326
198 326
203 326
326 361
326 419
326 646
326 1735
326 1765
326 1909
42 329
262 329
329 469
329 475
329 534
329 801
329 1051
329 1527
329 1608
23 336
122 336
336 580
336 675
336 897
336 921
336 948
336 1082
336 1153
336 1236
336 1301
336 1844
336 1879
219 339
260 339
339 577
339 615
339 629
339 961
339 1251
346 370
346 378
346 495
346 504
346 712
346 849
346 1109
346 1143
346 1151
346 1295
346 1435
346 1650
346 1821
346 1830
346 1926
213 353
353 365
353 539
353 619
353 647
353 921
353 924
353 1322
18 356
152 356
356 363
356 430
356 483
356 568
356 642
356 653
356 790
356 828
356 1157
356 1159
356 1170
356 1359
356 1375
356 1440
356 1490
356 1597
356 1698
42 363
112 363
363 430
363 508
363 581
363 595
363 606
363 679
363 693
363 1269
363 1597
363 1933
18 365
365 369
365 572
365 599
365 619
365 647
365 877
365 1042
365 1064
365 1068
365 1350
15 378
378 1097
378 1369
119 379
181 379
379 380
379 552
379 626
379 867
379 1111
379 1546
379 1719
379 1887
108 380
115 380
283 380
380 463
380 658
380 705
380 761
380 919
380 1128
380 1176
380 1334
380 1416
22 395
340 395
395 413
395 604
395 1181
395 1260
395 1561
395 1688
395 1799
395 1840
151 417
153 417
417 486
417 487
417 549
417 747
417 802
417 836
417 1113
417 1169
417 1391
417 1562
417 1831
417 1838
417 1978
108 432
287 432
330 432
432 467
432 506
432 769
432 869
432 952
432 974
432 1317
432 1608
432 1864
432 1961
432 1988
246 460
259 460
460 562
267 465
465 603
465 611
465 716
465 733
465 1303
465 1594
45 476
476 553
476 884
476 1447
476 1486
476 1919
208 477
477 527
477 806
477 1360
477 1405
477 1564
477 1897
286 484
399 484
484 548
484 589
484 772
484 888
484 1144
484 1261
484 1279
484 1575
484 1659
484 1905
131 499
245 499
333 499
499 549
499 743
499 960
414 539
500 539
539 541
539 921
539 964
539 984
539 1339
539 1596
539 1614
539 1675
539 1781
539 1840
539 1870
539 1938
548 592
548 1039
548 1659
80 562
562 1181
562 1362
562 1553
562 1679
562 1692
562 1983
265 568
568 1359
568 1566
577 615
577 629
577 791
577 1296
577 1628
577 1782
48 597
145 597
597 639
597 675
597 746
597 1556
325 607
47 610
241 610
610 1010
145 615
195 615
521 615
615 629
615 873
196 619
612 619
619 647
619 877
619 1477
117 626
311 626
626 687
626 863
626 1546
626 1593
626 1719
626 1946
23 646
71 646
444 646
646 648
646 734
646 757
646 809
646 1909
23 703
177 703
703 941
703 1091
703 1146
45 743
147 743
743 960
746 1487
746 1550
746 1742
522 761
618 761
761 765
761 872
761 898
761 1108
761 1128
761 1161
761 1162
761 1386
761 1416
761 1421
761 1961
445 788
447 788
788 986
788 1404
81 801
119 801
142 801
801 999
801 1051
801 1057
264 872
535 872
614 872
872 1161
872 1421
872 1942
114 877
202 877
209 877
877 1068
156 891
740 891
891 1021
891 1208
891 1515
894 1246
894 1254
894 1701
894 1856
18 897
658 897
810 897
897 948
655 916
773 916
889 916
916 1693
578 918
880 918
918 1687
918 1804
23 921
580 921
921 1082
921 1153
921 1339
921 1675
33 948
136 948
948 1154
948 1655
18 960
202 960
293 960
85 986
257 986
390 986
489 986
42 996
293 996
312 996
996 1097
996 1736
996 1919
166 999
366 999
999 1061
999 1219
999 1333
999 1584
999 1960
999 1969
209 1037
269 1037
1037 1313
1037 1517
1037 1649
1037 1674
1037 1720
1037 1733
235 1049
267 1049
1049 1473
1049 1588
1049 1708
1049 1812
179 1051
302 1051
314 1051
1051 1057
1051 1264
1051 1345
1051 1608
1051 1628
1051 1897
442 1057
1057 1392
1057 1897
119 1064
857 1064
1064 1862
121 1068
431 1068
764 1068
1068 1939
42 1097
312 1097
1097 1369
1097 1448
1097 1919
216 1128
572 1128
975 1128
1128 1730
1128 1740
81 1146
407 1146
677 1146
1146 1564
182 1161
222 1161
372 1161
1161 1421
1208 1276
402 1210
488 1210
1210 1266
1210 1309
1210 1545
1210 1576
1210 1787
1210 1852
81 1309
202 1309
324 1309
1309 1576
145 1337
267 1337
642 1337
1337 1476
1337 1580
1337 1918
193 1339
290 1339
799 1339
1339 1675
1339 1870
159 1359
798 1359
1359 1911
292 1367
1367 1570
1367 1882
222 1405
310 1405
764 1405
1405 1564
102 1438
1293 1438
1438 1666
1438 1818
403 1487
528 1487
989 1487
1487 1935
202 1511
390 1511
418 1511
836 1511
42 1534
624 1534
776 1534
154 1545
448 1545
567 1545
1545 1787
176 1550
459 1550
1550 1560
1550 1587
1550 1742
1550 1920
23 1553
158 1553
221 1553
1553 1679
188 1561
593 1561
933 1561
1561 1688
251 1580
262 1580
1324 1580
1580 1593
1580 1918
311 1593
1593 1761
472 1605
962 1605
1605 1986
29 1659
180 1659
1163 1659
1659 1716
311 1687
1289 1687
556 1688
591 1688
605 1688
188 1693
368 1693
134 1708
889 1708
1281 1708
1502 1733
1256 1781
1525 1781
312 1787
333 1787
1787 1852
92 1852
203 1852
887 1856
1247 1856
1316 1856
208 1897
806 1897
42 1919
188 1923
737 1923
1018 1923
45 1935
449 1935
773 1935
193 1969
511 1969
366 1978
1353 1978
15 23
15 36
15 40
15 45
15 52
15 76
15 80
15 105
15 141
15 179
15 194
15 219
15 236
15 245
15 318
15 319
15 331
15 509
15 524
15 533
15 652
15 695
15 779
15 790
15 823
15 838
15 886
15 943
15 985
15 1000
15 1025
15 1084
15 1132
15 1154
15 1157
15 1158
15 1168
15 1187
15 1231
15 1436
15 1488
15 1496
15 1497
15 1638
15 1672
15 1719
15 1769
15 1782
15 1805
15 1826
15 1979
18 22
18 33
18 40
18 42
18 44
18 45
18 50
18 53
18 76
18 87
18 88
18 92
18 102
18 103
18 126
18 138
18 144
18 145
18 151
18 152
18 155
18 175
18 177
18 195
18 197
18 202
18 203
18 208
18 226
18 232
18 292
18 293
18 315
18 369
18 381
18 382
18 398
18 405
18 430
18 433
18 438
18 463
18 466
18 473
18 493
18 503
18 505
18 530
18 534
18 578
18 586
18 642
18 645
18 653
18 658
18 726
18 747
18 789
18 810
18 835
18 847
18 865
18 870
18 885
18 932
18 953
18 971
18 1001
18 1002
18 1032
18 1140
18 1177
18 1186
18 1218
18 1236
18 1238
18 1260
18 1262
18 1317
18 1318
18 1327
18 1364
18 1377
18 1407
18 1419
18 1453
18 1532
18 1537
18 1547
18 1549
18 1554
18 1578
18 1596
18 1631
18 1666
18 1668
18 1731
18 1755
18 1800
18 1837
18 1849
18 1870
18 1982
18 1986
22 70
22 124
22 128
22 138
22 340
22 446
22 455
22 473
22 538
22 604
22 633
22 709
22 784
22 794
22 819
22 1002
22 1023
22 1026
22 1086
22 1181
22 1192
22 1243
22 1271
22 1303
22 1336
22 1748
22 1840
22 1902
22 1916
22 1967
22 1993
23 36
23 48
23 65
23 71
23 85
23 98
23 105
23 122
23 154
23 157
23 158
23 177
23 221
23 236
23 251
23 257
23 258
23 272
23 331
23 377
23 444
23 445
23 545
23 580
23 594
23 627
23 656
23 742
23 757
23 784
23 785
23 790
23 807
23 809
23 886
23 1122
23 1153
23 1160
23 1173
23 1190
23 1384
23 1460
23 1551
23 1860
40 45
40 105
40 212
40 428
40 453
40 495
40 630
40 803
40 818
40 823
40 1000
40 1131
40 1157
40 1262
40 1436
40 1519
40 1536
40 1647
40 1809
40 1850
40 1917
42 44
44 53
44 76
44 107
44 151
44 202
44 232
44 248
44 251
44 280
44 344
44 466
44 629
44 720
44 739
44 951
44 979
44 1000
44 1054
44 1140
44 1166
44 1259
44 1434
44 1440
44 1453
44 1463
44 1778
48 50
48 51
48 65
48 97
48 118
48 145
48 157
48 158
48 211
48 286
48 290
48 303
48 304
48 307
48 320
48 349
48 350
48 374
48 377
48 454
48 507
48 545
48 564
48 627
48 656
48 665
48 667
48 675
48 700
48 763
48 772
48 811
48 851
48 906
48 944
48 949
48 964
48 998
48 1022
48 1059
48 1063
48 1118
48 1165
48 1226
48 1290
48 1342
48 1345
48 1388
48 1396
48 1413
48 1446
48 1514
48 1517
48 1640
48 1752
48 1831
48 1859
48 1904
48 1931
48 1984
50 108
50 131
50 140
50 211
50 278
50 287
50 330
50 343
50 416
50 427
50 480
50 515
50 546
50 775
50 855
50 1099
50 1124
50 1509
50 1535
50 1542
50 1558
50 1585
50 1589
50 1640
50 1666
50 1677
50 1741
50 1940
50 1974
50 1989
51 65
51 107
51 147
51 303
51 752
51 1072
51 1152
51 1204
51 1209
51 1383
51 1490
51 1507
51 1517
51 1631
51 1735
52 76
52 141
52 219
52 236
52 255
52 278
52 279
52 289
52 302
52 314
52 457
52 523
52 695
52 701
52 881
52 985
52 1098
52 1132
52 1201
52 1358
52 1415
52 1458
52 1496
52 1588
52 1805
52 1954
65 71
65 87
65 116
65 147
65 161
65 174
65 215
65 224
65 275
65 349
65 350
65 383
65 418
65 454
65 494
65 603
65 645
65 654
65 707
65 725
65 728
65 778
65 804
65 843
65 851
65 856
65 883
65 931
65 972
65 1030
65 1048
65 1063
65 1165
65 1213
65 1320
65 1325
65 1403
65 1492
65 1507
65 1633
65 1780
65 1801
65 1839
65 1878
65 1954
58 71
71 116
71 177
71 216
71 280
71 334
71 335
71 383
71 444
71 612
71 635
71 648
71 656
71 717
71 734
71 757
71 760
71 804
71 959
71 962
71 1121
71 1262
71 1265
71 1294
71 1375
71 1432
71 1455
71 1591
71 1861
71 1965
71 1980
85 98
85 213
85 257
85 295
85 376
85 415
85 429
85 489
85 540
85 724
85 742
85 850
85 954
85 1007
85 1122
85 1173
85 1417
85 1590
85 1623
85 1656
85 1824
85 1899
85 1965
86 125
86 128
86 136
86 199
86 284
86 286
86 319
86 399
86 542
86 899
86 911
86 1088
86 1206
86 1424
86 1541
86 1862
86 1938
86 1966
78 98
90 98
98 192
98 213
98 220
98 249
98 252
98 257
98 295
98 351
98 429
98 500
98 520
98 545
98 617
98 856
98 1082
98 1160
98 1186
98 1430
98 1538
98 1548
98 1590
98 1724
98 1726
98 1872
98 1896
98 1971
107 620
107 1086
107 1259
107 1490
107 1495
107 1548
107 1894
108 115
108 131
108 140
108 227
108 256
108 283
108 287
108 301
108 330
108 347
108 427
108 449
108 463
108 480
108 487
108 496
108 505
108 582
108 650
108 658
108 777
108 778
108 783
108 831
108 833
108 865
108 873
108 944
108 961
108 1052
108 1105
108 1131
108 1196
108 1235
108 1287
108 1317
108 1328
108 1351
108 1364
108 1436
108 1585
108 1620
108 1988
108 1998
103 116
116 383
116 760
116 959
116 1085
116 1213
116 1237
116 1290
116 1492
116 1494
116 1726
103 117
117 205
117 237
117 311
117 343
117 558
117 687
117 924
117 1183
117 1249
117 1272
117 1401
117 1648
45 124
124 128
124 130
124 147
124 521
124 601
124 1435
78 125
125 154
125 159
125 227
125 238
125 265
125 382
125 398
125 474
125 584
125 899
125 957
125 1062
125 1073
125 1240
125 1289
125 1366
125 1460
125 1464
125 1591
125 1617
125 1722
87 126
92 126
126 138
126 146
126 151
126 177
126 259
126 315
126 324
126 375
126 437
126 475
126 578
126 683
126 829
126 971
126 1028
126 1120
126 1439
126 1488
126 1526
126 1998
128 130
128 939
128 1067
128 1510
128 1667
131 210
131 245
131 287
131 315
131 333
131 449
131 497
131 650
131 663
131 769
131 783
131 789
131 815
131 1150
131 1211
131 1225
131 1258
131 1278
131 1471
131 1535
131 1581
131 1765
131 1786
131 1974
137 165
137 186
137 349
137 485
137 530
137 884
137 975
137 1383
137 1449
137 1521
137 1612
137 1797
140 227
140 256
140 342
140 480
140 553
140 589
140 1028
140 1189
140 1442
140 1737
140 1773
140 1907
140 1940
47 143
134 143
143 149
143 193
143 240
143 264
143 288
143 290
143 388
143 433
143 457
143 467
143 556
143 631
143 667
143 722
143 905
143 910
143 981
143 987
143 1045
143 1178
143 1222
143 1267
143 1273
143 1295
143 1728
143 1774
143 1925
143 1971
143 1973
143 2000
146 151
146 153
146 160
146 182
146 225
146 256
146 481
146 644
146 774
146 890
146 993
146 1331
146 1387
146 1421
146 1937
45 147
147 224
147 521
147 601
147 864
147 1204
147 1219
147 1462
147 1507
78 149
114 149
149 153
149 228
149 321
149 454
149 523
149 528
149 611
149 632
149 667
149 860
149 893
149 899
149 905
149 942
149 1178
149 1197
149 1263
149 1300
149 1327
149 1864
149 1871
149 1903
53 151
151 153
151 225
151 433
151 486
151 487
151 549
151 683
151 797
151 890
151 1113
151 1453
151 1956
42 152
47 152
80 152
152 569
152 642
152 658
152 777
152 1157
152 1252
152 1490
152 1631
152 1731
153 225
153 486
153 552
153 611
153 747
153 860
153 1300
153 1387
153 1395
153 1426
153 1445
153 1457
153 1738
153 1792
153 1871
154 159
154 236
154 238
154 251
154 260
154 348
154 398
154 439
154 447
154 448
154 486
154 558
154 567
154 706
154 742
154 785
154 808
154 935
154 957
154 1081
154 1277
154 1379
154 1460
154 1551
154 1642
29 160
160 256
160 481
160 488
160 644
160 1257
160 1291
160 1937
182 222
182 233
182 266
182 310
182 372
182 968
182 1063
182 1179
182 1513
182 1539
182 1632
182 1644
182 1706
182 1768
182 1977
134 186
186 754
186 1344
186 1449
193 264
193 288
193 290
193 304
193 328
193 370
193 392
193 424
193 467
193 511
193 574
193 579
193 638
193 799
193 895
193 914
193 945
193 977
193 1045
193 1125
193 1333
193 1478
193 1544
193 1973
134 197
197 232
197 913
197 1411
205 213
213 295
213 335
213 924
213 954
213 1010
213 1072
213 1297
213 1538
213 1824
215 275
215 640
215 856
215 928
215 1399
215 1597
215 1648
215 1968
78 228
228 321
228 688
228 797
228 821
228 879
228 893
228 976
228 1098
228 1167
228 1241
228 1546
228 1864
81 255
142 255
255 407
255 535
255 745
255 839
255 990
255 1014
255 1401
255 1496
255 1613
255 1767
157 258
221 258
258 423
258 583
258 594
258 829
258 904
258 1245
258 1622
258 1888
80 264
176 264
203 264
264 288
264 304
264 350
264 457
264 512
264 531
264 535
264 614
264 710
264 722
264 890
264 1195
264 1224
264 1267
264 1347
264 1479
264 1536
264 1728
264 1745
264 1835
264 1942
200 276
276 625
276 711
276 1135
276 1246
276 1522
276 1611
276 1746
76 289
289 435
289 469
289 544
289 1288
289 1492
289 1606
88 311
208 311
311 434
311 528
311 622
311 989
311 1249
311 1289
311 1464
311 1540
311 1761
311 1794
80 319
245 319
319 355
319 377
319 427
319 478
319 533
319 579
319 710
319 827
319 908
319 1171
319 1516
319 1637
319 1680
110 337
240 337
271 337
337 347
337 677
337 1035
337 1229
343 416
343 515
343 558
343 1081
343 1329
343 1640
343 1764
301 347
347 582
347 671
347 778
347 804
347 831
347 970
347 1052
347 1229
45 355
144 355
198 355
355 377
355 427
355 429
355 470
355 579
355 1171
355 1807
355 1833
42 357
294 357
325 357
357 1110
357 1374
357 1414
357 1673
290 370
370 392
370 452
370 495
370 585
370 712
370 817
370 840
370 1019
370 1109
370 1247
370 1427
370 1452
370 1478
370 1532
370 1704
370 1732
376 724
376 848
376 966
376 1047
376 1349
376 1434
376 1448
376 1601
376 1823
377 827
377 1396
88 398
208 398
398 935
398 957
398 1094
398 1379
398 1578
97 401
142 401
166 401
401 438
401 622
401 698
401 1573
427 429
427 478
427 546
427 817
427 1124
427 1585
427 1741
200 428
428 662
428 997
428 1050
257 429
429 470
429 489
429 634
429 898
429 978
429 1225
429 1452
429 1590
429 1807
429 1833
429 1965
293 435
348 435
435 855
435 1443
435 1606
92 438
203 438
438 622
78 454
321 454
454 507
454 656
454 719
454 851
454 931
454 1118
454 1430
33 470
121 470
431 470
470 613
470 634
470 1083
470 1452
470 1807
470 1810
478 710
478 817
478 1138
478 1637
81 507
507 656
507 719
507 729
507 736
507 1059
507 1345
507 1430
507 1544
507 1756
507 1829
507 1936
115 515
515 1574
515 1640
515 1989
505 530
530 1921
176 535
203 535
535 614
535 745
535 792
535 947
535 990
535 1102
535 1224
535 1401
535 1437
535 1697
535 1853
535 1942
212 542
284 542
354 542
542 1029
542 1200
542 1472
542 1541
542 1616
542 1925
348 558
486 558
558 1329
97 587
239 587
510 587
587 988
587 1053
90 620
180 620
332 620
620 1360
620 1684
620 1709
631 708
631 1095
631 1378
631 1475
631 1602
631 1989
634 955
634 963
634 1452
634 1748
634 1810
634 1889
463 658
658 810
658 1252
658 1468
683 1526
304 710
531 710
710 890
710 1479
710 1516
710 1637
710 1676
710 1745
414 712
541 712
712 734
712 840
712 1281
712 1611
712 1650
724 850
724 1349
298 745
423 745
745 990
745 1102
745 1418
745 1539
745 1613
76 747
534 747
747 1426
747 1529
760 1290
760 1540
760 1563
287 769
506 769
769 869
769 974
769 1258
769 1664
505 777
777 1235
777 1364
777 1451
777 1811
777 1995
486 797
487 797
797 879
797 1115
797 1167
797 1315
157 810
810 1468
392 817
452 817
442 819
793 819
819 1026
819 1285
819 1303
423 829
583 829
829 904
829 1054
829 1172
829 1245
829 1458
829 1498
829 1853
240 840
406 840
840 1003
840 1506
840 1665
840 1704
840 1712
848 966
848 1080
211 855
396 860
754 860
860 899
860 1915
292 865
503 865
865 1131
865 1854
865 1881
145 873
521 873
873 961
873 1034
873 1105
873 1351
873 1645
899 911
899 1966
103 911
445 911
447 911
911 1206
911 1966
142 935
866 935
935 1379
935 1732
29 939
713 939
939 1682
176 963
350 963
512 963
119 976
503 976
665 976
248 1054
739 1054
1054 1172
1054 1458
1054 1498
972 1066
1066 1352
1066 1514
1066 1790
668 1067
1067 1510
1067 1585
1067 1869
1010 1072
1072 1735
1072 1841
785 1081
1081 1093
1081 1404
1081 1642
1081 1889
1081 1952
446 1086
794 1086
1086 1243
1086 1894
520 1093
1093 1404
1093 1480
1093 1575
1093 1656
1093 1889
1093 1952
1099 1314
1099 1558
1099 1651
846 1105
993 1105
1105 1491
216 1113
623 1113
1113 1325
1113 1831
1113 1838
33 1160
1160 1315
1160 1451
1160 1676
110 1167
404 1167
660 1172
956 1172
1172 1458
1172 1956
122 1200
1200 1859
949 1204
1204 1462
1204 1485
1204 1494
706 1206
711 1206
1206 1938
189 1213
474 1213
366 1219
1219 1229
1219 1353
1219 1643
1031 1223
1077 1223
1223 1981
1229 1340
1229 1503
1229 1643
1229 1880
1249 1289
591 1252
605 1252
1216 1263
1263 1551
156 1285
246 1285
1285 1393
1285 1988
584 1289
700 1290
949 1290
1290 1984
981 1295
76 1299
834 1299
1184 1299
1299 1560
1299 1806
716 1303
756 1322
714 1329
307 1340
1340 1503
1340 1738
165 1352
421 1352
1352 1514
1352 1531
527 1360
1360 1709
76 1396
504 1396
445 1404
447 1404
1404 1656
1404 1952
216 1414
1121 1414
1127 1414
121 1424
449 1424
908 1424
509 1427
561 1427
1427 1512
1427 1532
1427 1732
617 1430
280 1434
979 1434
1434 1601
1434 1805
1109 1435
1143 1435
1451 1676
175 1462
822 1468
932 1468
1468 1775
236 1496
695 1496
47 1503
80 1503
536 1503
225 1512
341 1512
1512 1771
512 1516
706 1526
773 1526
889 1526
53 1532
505 1532
415 1538
753 1538
1012 1538
1538 1924
1540 1563
1540 1794
97 1558
667 1558
159 1573
1573 1637
287 1613
633 1613
97 1650
510 1650
812 1650
1650 1783
1650 1789
1650 1792
1656 1899
29 1709
389 1709
1709 1762
1348 1728
1599 1728
1728 1962
80 1735
361 1735
286 1790
1279 1790
1575 1790
812 1792
1783 1792
42 1794
693 1794
695 1805
194 1809
1528 1809
349 1810
707 1810
1158 1810
142 1820
767 1820
545 1831
627 1831
1831 1838
1831 1859
1831 1904
58 1894
88 1894
250 1894
557 1937
1034 1937
1600 1937
1596 1938
1614 1938
29 78
29 90
29 114
29 173
29 180
29 208
29 243
29 246
29 259
29 369
29 389
29 594
29 697
29 700
29 713
29 715
29 729
29 991
29 992
29 1048
29 1073
29 1163
29 1363
29 1449
29 1501
29 1504
29 1582
29 1682
29 1710
29 1716
29 1731
29 1861
29 1927
29 1945
29 1996
33 81
33 109
33 114
33 121
33 136
33 174
33 233
33 281
33 314
33 431
33 461
33 491
33 669
33 696
33 933
33 1012
33 1017
33 1083
33 1152
33 1176
33 1188
33 1241
33 1283
33 1315
33 1691
33 1760
33 1812
42 47
42 80
42 102
42 112
42 158
42 188
42 199
42 202
42 241
42 248
42 251
42 262
42 279
42 280
42 293
42 294
42 303
42 312
42 325
42 362
42 368
42 421
42 475
42 531
42 561
42 569
42 581
42 606
42 624
42 639
42 666
42 693
42 748
42 832
42 862
42 887
42 923
42 1011
42 1027
42 1110
42 1124
42 1166
42 1193
42 1346
42 1374
42 1398
42 1413
42 1489
42 1521
42 1596
42 1627
42 1736
42 1832
42 1910
45 121
45 144
45 198
45 449
45 521
45 524
45 553
45 686
45 773
45 953
45 1002
45 1029
45 1330
45 1603
45 1643
45 1758
45 1791
47 78
47 80
47 81
47 130
47 134
47 168
47 175
47 241
47 244
47 291
47 303
47 341
47 364
47 384
47 388
47 458
47 536
47 625
47 870
47 876
47 888
47 889
47 970
47 1016
47 1089
47 1137
47 1140
47 1238
47 1276
47 1278
47 1305
47 1312
47 1326
47 1357
47 1380
47 1520
47 1621
47 1657
47 1813
47 1991
78 90
78 114
78 173
78 220
78 253
78 277
78 291
78 321
78 500
78 602
78 715
78 821
78 942
78 980
78 1098
78 1140
78 1240
78 1319
78 1476
78 1546
78 1617
78 1641
78 1955
81 109
81 114
81 119
81 121
81 142
81 168
81 169
81 175
81 202
81 209
81 307
81 324
81 340
81 342
81 407
81 408
81 431
81 471
81 565
81 584
81 625
81 668
81 677
81 729
81 767
81 839
81 888
81 902
81 950
81 1014
81 1055
81 1076
81 1142
81 1198
81 1216
81 1237
81 1250
81 1256
81 1265
81 1388
81 1525
81 1621
81 1657
81 1739
81 1750
81 1754
81 1821
81 1877
81 1983
58 90
70 90
90 166
90 173
90 180
90 192
90 220
90 243
90 252
90 291
90 332
90 351
90 366
90 385
90 408
90 411
90 422
90 502
90 543
90 602
90 902
90 934
90 1007
90 1048
90 1188
90 1221
90 1457
90 1615
90 1684
90 1837
90 1896
97 118
97 142
97 166
97 224
97 230
97 239
97 290
97 361
97 462
97 510
97 544
97 667
97 698
97 806
97 812
97 987
97 1031
97 1071
97 1410
97 1446
97 1624
97 1773
97 1783
97 1789
97 1876
97 1962
102 693
102 922
102 988
102 1032
102 1259
102 1293
102 1666
119 142
119 181
119 189
119 192
119 241
119 391
119 503
119 514
119 546
119 552
119 636
119 665
119 716
119 857
119 969
119 1070
119 1214
119 1627
119 1752
119 1785
119 1824
119 1862
119 1992
114 121
121 202
121 340
121 431
121 436
121 449
121 613
121 686
121 764
121 807
121 908
121 950
121 953
121 984
121 1076
121 1175
121 1196
121 1254
121 1441
121 1559
121 1579
121 1603
121 1643
121 1774
121 1939
121 1977
122 216
122 239
122 572
122 599
122 1255
122 1737
122 1859
122 1860
142 166
142 239
142 404
142 407
142 471
142 503
142 510
142 636
142 698
142 767
142 812
142 866
142 937
142 969
142 1356
142 1732
142 1895
142 1957
142 1962
157 158
157 221
157 286
157 301
157 423
157 564
157 583
157 594
157 700
157 770
157 906
157 1132
157 1356
157 1443
157 1533
157 1562
157 1646
157 1734
157 1779
157 1979
158 221
158 286
158 545
158 561
158 720
158 784
158 998
158 1011
158 1271
158 1388
158 1627
158 1849
158 1955
166 366
166 404
166 408
166 586
166 686
166 937
166 973
166 1061
166 1356
166 1499
166 1584
166 1785
166 1796
166 1895
168 364
168 584
168 625
168 676
168 768
168 870
168 917
168 1016
168 1239
168 1326
168 1335
168 1406
168 1549
168 1660
181 496
181 514
181 520
181 582
181 632
181 663
181 722
181 936
181 1017
181 1111
181 1217
181 1221
181 1312
181 1446
181 1633
181 1914
136 188
188 368
188 531
188 593
188 600
188 737
188 785
188 803
188 841
188 933
188 1006
188 1017
188 1018
188 1193
188 1212
188 1459
205 335
205 696
205 864
205 1272
205 1734
88 208
208 369
208 594
208 806
208 850
208 1094
208 1100
208 1284
208 1311
208 1464
208 1986
216 296
216 420
216 572
216 599
216 623
216 648
216 714
216 975
216 1035
216 1121
216 1127
216 1175
216 1294
216 1325
224 230
224 273
224 459
224 462
224 494
224 816
224 864
224 1048
224 1416
224 1658
224 1868
239 361
239 510
239 543
239 635
239 825
239 866
239 1737
76 296
155 296
296 420
296 598
296 714
296 1202
296 1555
296 1817
241 303
303 752
303 1413
202 348
293 348
312 348
348 416
348 439
348 448
348 451
348 486
348 662
348 832
348 1079
348 1316
348 1443
173 364
249 364
364 559
364 815
364 838
364 870
364 917
364 943
364 1278
364 1312
364 1465
364 1697
364 1754
277 366
366 408
366 527
366 586
366 628
366 732
366 973
366 1087
366 1184
366 1353
366 1584
366 1651
366 1784
366 1868
366 1960
136 368
368 600
368 841
368 1027
368 1193
196 402
268 402
318 402
402 451
402 488
402 550
402 628
233 420
420 714
420 1202
420 1555
420 1702
436 449
436 834
436 1774
314 462
462 498
462 1416
169 485
172 485
359 485
485 814
485 1528
485 1604
256 488
488 598
488 628
488 730
488 1745
174 501
292 503
430 503
503 636
503 665
503 1849
503 1881
527 606
527 1184
527 1658
527 1663
552 1457
552 1505
70 561
509 561
561 592
561 720
561 1776
301 564
517 564
564 665
564 700
564 763
564 770
564 1412
564 1519
564 1533
564 1570
564 1836
369 572
572 599
572 684
572 753
572 975
572 1042
572 1255
572 1730
572 1740
572 1817
582 722
582 778
582 833
582 970
582 1119
582 1217
584 668
584 682
584 768
584 782
584 954
584 1038
584 1062
584 1265
584 1893
584 1983
594 1284
594 1442
594 1582
248 600
547 600
600 780
600 841
600 1006
600 1459
581 606
606 697
606 1658
606 1663
413 616
616 750
616 1647
616 1957
161 617
211 617
617 1971
408 628
586 628
628 732
87 654
418 654
654 1325
654 1704
654 1878
654 1985
665 1570
667 851
667 905
667 981
667 1903
667 1925
469 668
668 682
668 915
668 1044
668 1253
668 1265
668 1408
668 1966
381 682
586 682
682 768
682 954
682 1127
682 1408
491 696
669 696
696 715
696 864
696 1176
696 1734
697 912
697 1718
697 1996
344 720
720 1000
720 1750
720 1776
720 1842
457 722
722 987
722 1017
722 1267
722 1536
722 1679
722 1774
722 1813
722 1835
722 1994
722 2000
737 803
737 1018
737 1267
737 1499
240 752
433 752
752 1729
752 1881
752 1939
676 768
768 782
768 954
768 1038
768 1127
768 1139
768 1239
768 1245
768 1306
768 1439
768 1860
768 1895
272 770
770 881
770 1412
770 1533
770 1734
770 1789
770 1979
544 782
782 1245
782 1296
782 1310
782 1391
782 1439
782 1541
782 1893
531 785
593 785
785 1212
785 1642
785 1918
806 1031
851 931
851 972
851 1063
866 1495
866 1957
165 922
922 1043
988 1053
1000 1157
1000 1782
257 1007
1007 1188
1007 1417
1010 1022
1010 1297
1010 1420
1010 1841
136 1017
172 1018
400 1018
1018 1023
1027 1279
180 1060
250 1060
1060 1572
222 1061
444 1061
1061 1333
1061 1467
298 1111
1011 1111
1111 1914
430 1170
1170 1189
1170 1375
1170 1444
1170 1481
1170 1671
583 1245
1245 1296
1245 1439
1245 1541
1245 1622
1245 1853
291 1255
1137 1255
1255 1276
1267 1774
1267 1835
70 1284
385 1284
1284 1302
791 1296
1296 1393
1296 1628
328 1297
798 1297
1297 1482
1297 1636
1297 1828
287 1317
1317 1864
1317 1988
304 1333
574 1333
1333 1769
403 1353
547 1408
811 1408
839 1408
1102 1412
1349 1412
1412 1891
531 1413
1174 1428
1428 1906
1428 1981
227 1442
256 1442
1442 1737
686 1444
773 1444
1444 1481
1444 1671
1444 1739
1444 1908
790 1447
1368 1447
1447 1486
1447 1670
369 1459
684 1459
997 1504
1504 1663
1504 1731
1504 1861
816 1555
826 1555
1555 1817
1570 1836
1456 1571
1571 1670
1571 1763
1571 1842
1571 1967
172 1607
373 1607
410 1607
1157 1647
1536 1647
1647 1917
494 1658
1048 1658
1217 1670
1670 1967
138 1671
473 1671
726 1671
1671 1739
279 1683
995 1683
1565 1683
1683 1756
1683 1767
1704 1985
839 1739
1621 1739
1739 1877
990 1767
1401 1767
756 1776
684 1817
753 1817
110 1836
1662 1836
1804 1836
1750 1842
1121 1861
1375 1861
901 1893
919 1893
156 1914
1006 1914
1346 1914
538 1967
179 1979
943 1979
578 1985
1985 1990
36 92
36 318
36 472
36 792
36 936
36 1166
36 1310
36 1664
36 1722
36 1847
36 1906
36 1943
76 141
76 155
76 179
76 226
76 302
76 344
76 469
76 504
76 508
76 534
76 598
76 834
76 870
76 1184
76 1231
76 1288
76 1302
76 1342
76 1381
76 1530
76 1653
76 1806
76 1908
80 134
80 176
80 198
80 203
80 244
80 245
80 279
80 341
80 350
80 361
80 375
80 419
80 431
80 439
80 533
80 536
80 569
80 861
80 908
80 1181
80 1398
80 1680
80 1692
80 1974
87 92
87 138
87 145
87 161
87 195
87 243
87 273
87 312
87 333
87 375
87 387
87 418
87 563
87 725
87 1001
87 1009
87 1104
87 1159
87 1407
87 1837
87 1878
92 203
92 277
92 472
92 936
92 1244
103 237
103 252
103 358
103 445
103 447
103 493
103 583
103 704
103 825
103 1085
103 1199
103 1237
103 1726
112 212
112 262
112 284
112 344
112 354
112 412
112 424
112 468
112 508
112 559
112 581
112 666
112 923
112 1173
112 1382
112 1392
112 1423
112 1827
118 173
118 183
118 290
118 304
118 320
118 321
118 358
118 374
118 415
118 471
118 811
118 977
118 1095
118 1287
118 1410
118 1773
118 1873
118 1903
118 1930
141 194
141 237
141 278
141 279
141 297
141 302
141 504
141 509
141 510
141 652
141 679
141 685
141 849
141 881
141 1154
141 1231
141 1368
161 174
161 211
161 225
161 341
161 387
161 526
161 725
161 778
161 1009
161 1056
161 1078
161 1320
161 1385
161 1543
161 1801
173 180
173 249
173 332
173 434
173 559
173 602
173 943
173 1108
173 1163
173 1280
173 1283
109 174
174 352
174 373
174 491
174 526
174 669
174 725
174 778
174 1012
174 1069
174 1142
174 1168
174 1275
174 1422
174 1543
174 1554
174 1635
174 1691
174 1757
174 1807
174 1811
174 1834
174 1869
180 243
180 250
180 332
180 434
180 834
180 1163
180 1572
180 1684
180 1716
180 1837
110 183
183 321
183 680
183 847
183 903
183 982
183 1662
183 1804
183 1844
183 1880
194 237
194 388
194 389
194 468
194 493
194 512
194 526
194 614
194 731
194 1163
194 1528
194 1599
237 1183
237 1648
237 1723
237 1815
192 249
249 559
249 815
249 838
249 856
249 974
249 1108
249 1186
249 1581
249 1716
249 1726
249 1772
192 252
252 351
252 422
252 445
252 502
252 520
252 538
252 543
252 816
252 906
252 1319
252 1463
252 1533
252 1675
252 1701
252 1858
277 1651
277 1868
212 284
284 354
284 540
284 823
284 900
284 1029
284 1931
284 1941
196 318
268 318
285 318
318 912
321 358
321 374
321 893
321 895
321 925
321 983
321 1098
321 1241
321 1930
349 350
349 603
349 707
349 843
349 884
349 934
349 1045
349 1158
349 1455
349 1695
349 1829
358 374
358 471
358 583
358 704
358 895
358 925
358 979
358 1376
358 1760
358 1936
211 387
225 387
130 440
440 450
440 1118
440 1518
440 1615
440 1746
446 455
455 497
455 609
455 1192
455 1902
469 508
469 915
469 1044
469 1288
469 1908
469 1968
407 471
471 677
471 678
471 767
471 892
471 1142
471 1256
471 1287
210 497
245 497
497 695
497 813
497 815
497 928
497 998
497 1211
497 1225
497 1232
497 1341
497 1911
504 510
504 849
504 1122
504 1151
504 1397
504 1602
504 1786
508 595
508 679
508 834
508 1306
508 1381
508 1653
508 1681
508 1908
508 1968
510 812
510 849
510 1122
510 1227
510 1368
510 1397
524 749
524 913
524 1158
524 1269
524 1379
524 1530
388 526
389 526
526 1078
526 1554
526 1599
540 823
540 900
540 926
540 965
540 1372
540 1623
540 1941
172 595
359 595
595 679
595 814
595 1306
595 1528
595 1535
595 1572
595 1604
595 1681
595 1800
359 609
373 609
551 609
609 793
232 645
645 728
645 766
645 781
645 932
645 1399
645 1563
645 1668
645 1768
645 1780
645 1818
693 1259
693 1269
693 1779
236 695
695 813
246 774
269 774
774 835
774 945
774 1030
774 1201
176 792
614 792
792 947
792 1166
792 1853
792 1865
792 1906
442 793
766 793
834 1184
834 1381
834 1560
834 1806
496 936
936 1446
936 1847
936 1872
272 965
759 965
965 969
965 1280
636 969
969 1361
110 1078
328 1078
709 1078
1078 1775
1078 1854
707 1158
934 1158
1158 1168
1158 1269
1158 1455
1158 1509
1158 1530
251 1166
1166 1664
373 1168
725 1168
1168 1258
1168 1275
1168 1422
1168 1509
1168 1635
340 1181
1181 1692
453 1183
517 1183
1183 1648
1183 1723
1183 1815
1184 1302
1184 1560
1269 1530
961 1287
385 1302
954 1306
1139 1306
1306 1860
1306 1895
709 1361
1185 1361
286 1362
1362 1983
790 1368
828 1368
244 1397
705 1397
1171 1397
1397 1713
640 1399
928 1399
1399 1597
1399 1681
416 1509
381 1554
971 1554
333 1581
1581 1716
1258 1664
439 1669
861 1669
679 1681
271 1723
200 1746
1522 1746
1746 1846
1001 1846
1834 1846
1174 1847
1384 1847
1847 1879
1433 1941
58 70
70 244
70 263
70 340
70 385
70 411
70 446
70 509
70 592
70 649
70 794
70 844
70 902
70 1041
70 1318
70 1466
70 1714
70 1884
110 159
110 210
110 240
110 271
110 328
110 404
110 406
110 536
110 567
110 677
110 680
110 708
110 709
110 827
110 903
110 1043
110 1662
110 1775
110 1804
110 1851
110 1854
110 1880
110 1922
110 2000
115 283
115 298
115 394
115 423
115 463
115 496
115 505
115 575
115 650
115 651
115 672
115 674
115 705
115 800
115 919
115 1176
115 1328
115 1574
115 1791
138 177
138 375
138 437
138 463
138 473
138 475
138 709
138 726
138 784
138 1001
138 1104
138 1186
138 1218
138 1236
138 1439
138 1712
159 210
159 222
159 260
159 265
159 328
159 447
159 709
159 762
159 798
159 802
159 1043
159 1156
159 1366
159 1523
159 1557
159 1637
159 1717
159 1851
159 1911
159 1928
145 175
175 320
175 342
175 384
175 405
175 446
175 580
175 721
175 1109
175 1112
175 1584
175 1802
189 192
189 230
189 241
189 385
189 386
189 391
189 407
189 474
189 498
189 1015
189 1552
189 1686
189 1744
189 1766
189 1885
136 199
199 294
199 362
199 529
199 659
199 1088
210 222
210 245
210 444
210 663
210 755
210 789
210 805
210 815
210 852
210 928
210 1272
210 1341
210 1344
210 1717
210 1772
210 1851
210 1958
222 233
222 310
222 372
222 444
222 702
222 717
222 733
222 764
222 1467
222 1706
222 1717
222 1928
230 273
230 407
230 459
230 630
230 1686
230 1902
134 240
240 271
240 406
240 433
240 472
240 1348
240 1665
241 624
241 1627
251 262
262 421
262 529
262 1324
294 325
294 362
294 494
294 529
294 812
294 1110
294 1294
294 1673
298 309
298 423
298 818
298 1011
298 1244
298 1501
269 309
309 651
309 818
309 1372
325 442
325 452
325 766
325 1065
325 1123
325 1727
325 1753
250 384
265 384
384 458
384 481
384 721
384 1187
384 1470
384 1619
384 1673
384 1707
384 1725
384 1943
406 713
406 1003
406 1348
406 1665
406 1727
407 474
407 677
407 678
407 839
407 846
407 892
407 1015
407 1564
407 1686
407 1743
407 1885
407 1902
407 1947
407 1972
165 421
421 639
421 832
421 1531
421 1921
221 423
423 583
423 904
423 1443
423 1646
444 612
444 648
444 807
444 1215
145 446
405 446
446 794
446 1318
105 458
458 1470
472 962
472 1244
472 1310
472 1722
227 474
382 474
474 1015
53 505
505 672
505 1328
505 1811
505 1921
505 1995
310 514
514 546
514 833
514 917
514 1209
514 1411
514 1543
251 529
529 1324
330 546
546 775
546 833
546 871
546 1070
546 1077
546 1542
546 1589
546 1752
386 624
624 748
624 787
624 1205
624 1437
624 1959
145 639
639 832
639 1369
639 1489
639 1771
639 1951
279 672
302 672
585 672
672 853
672 861
672 1123
328 709
709 762
709 784
709 802
709 1002
709 1023
709 1043
709 1185
709 1518
709 1557
709 1626
709 1748
611 716
716 857
169 721
566 721
721 1673
721 1707
721 1952
310 736
351 736
736 775
736 950
736 1019
736 1075
736 1523
736 1702
736 1756
736 1797
736 1829
736 1896
330 775
775 950
775 1075
775 1077
775 1677
775 1703
453 818
818 1103
818 1203
818 1227
818 1378
818 1873
833 871
491 871
669 871
715 871
871 1644
340 950
950 1075
950 1175
950 1821
177 962
962 1432
962 1980
227 1003
649 1003
400 1023
1023 1071
1023 1185
1023 1668
1023 1993
913 1070
1070 1752
1070 1766
1070 1824
495 1131
1131 1519
1131 1620
1131 1740
1131 1822
1131 1854
169 1185
1106 1185
1116 1185
1185 1668
1185 1863
58 1192
1075 1192
1150 1192
1192 1902
1217 1402
1217 1751
1138 1235
1235 1364
1235 1380
145 1318
405 1318
783 1335
1335 1407
312 1467
862 1467
980 1467
179 1470
409 1470
842 1489
144 1620
198 1620
1620 1822
1011 1627
1627 1785
1627 1832
1627 1849
232 1668
1110 1673
995 1756
1565 1756
973 1785
1499 1785
1785 1796
1142 1811
1811 1869
1811 1995
285 1822
938 1822
1775 1854
1924 1993
58 88
58 244
58 250
58 268
58 280
58 293
58 385
58 394
58 563
58 601
58 636
58 644
58 649
58 740
58 820
58 1005
58 1075
58 1150
58 1240
114 202
114 209
114 314
114 403
114 408
114 519
114 523
114 565
114 715
114 787
114 807
114 942
114 1036
114 1139
114 1197
114 1232
114 1501
114 1948
114 1977
144 169
169 172
169 359
169 551
169 566
169 956
169 1055
169 1106
169 1115
169 1116
169 1863
169 1930
169 1952
233 281
233 1626
233 1706
134 244
244 263
244 293
244 341
244 649
244 705
244 970
244 1171
244 1466
244 1884
244 1892
226 263
263 292
263 509
263 581
263 795
263 844
263 1884
248 280
280 644
280 717
280 979
280 1591
280 1980
202 293
293 312
293 416
293 601
293 636
293 705
293 730
293 951
293 1075
293 1084
293 1130
293 1191
293 1198
293 1230
293 1288
293 1443
293 1596
293 1729
293 1736
293 1755
293 1910
179 314
302 314
314 498
314 519
314 1264
314 1345
314 1486
314 1628
314 1948
257 381
288 381
381 466
381 586
381 835
381 971
403 523
403 528
403 632
403 637
403 787
403 989
403 1305
403 1485
212 412
354 412
412 666
412 907
412 1406
412 1707
412 1850
415 613
415 742
415 753
415 977
415 1012
415 1169
415 1425
509 652
509 679
509 685
509 844
509 1041
509 1084
176 512
350 512
512 731
512 1291
156 519
209 519
246 519
519 1136
519 1486
519 1556
519 1678
519 1948
88 528
434 528
528 632
528 637
528 989
528 1121
528 1327
172 551
359 551
373 551
551 566
551 669
551 995
551 1106
551 1115
551 1788
373 565
410 565
565 876
565 905
565 1139
565 1321
405 566
408 586
586 971
586 973
586 1087
586 1177
586 1499
586 1793
586 1845
592 673
592 1039
599 975
599 1035
599 1350
599 1945
601 636
601 740
601 951
601 1288
623 756
623 1089
623 1325
623 1614
396 637
637 765
637 1324
637 1641
637 1951
481 644
644 993
644 1291
644 1331
644 1421
647 1788
648 734
700 763
700 796
700 906
700 949
700 992
700 1132
463 705
705 730
705 1171
705 1334
705 1713
310 717
372 717
717 733
717 749
717 1106
717 1980
256 730
598 730
730 1191
688 731
731 1291
731 1528
731 1793
815 838
815 1465
520 821
569 821
821 1546
740 907
879 907
907 1343
907 1406
907 1707
232 992
892 992
992 1039
992 1381
992 1838
954 1139
1038 1139
1139 1232
1139 1860
487 1169
802 1169
579 1171
1171 1713
1171 1892
297 1191
1015 1191
1191 1230
1191 1729
1191 1858
493 1230
1001 1230
1137 1230
1230 1606
1230 1729
1230 1858
245 1232
1211 1232
481 1291
1291 1793
202 1350
416 1350
653 1350
1350 1354
1501 1625
1501 1942
814 1528
1528 1604
1682 1714
995 1788
973 1793
1499 1793
1793 1845
1436 1850
1536 1850
1319 1858
1463 1858
266 1892
1063 1892
1083 1892
53 248
53 399
53 409
53 414
53 433
53 473
53 629
53 750
53 1125
53 1212
53 1238
53 1395
53 1477
53 1610
53 1612
53 1835
53 1947
53 1994
88 179
88 250
88 394
88 434
88 726
88 822
88 989
88 1005
88 1094
88 1101
88 1314
88 1578
88 1604
144 198
144 847
144 956
144 1002
176 196
196 268
196 285
196 396
196 448
196 522
196 612
196 795
196 852
196 912
196 1059
196 1338
196 1665
250 265
250 1619
236 272
251 272
272 748
272 759
272 881
272 1102
272 1134
272 1257
272 1280
272 1365
278 279
278 297
278 411
278 426
278 701
278 1415
301 453
301 517
301 643
301 671
301 1052
301 1058
301 1196
301 1197
301 1370
301 1519
301 1761
301 1901
176 313
313 400
313 1348
313 1415
179 409
409 1835
414 500
414 517
414 541
414 732
414 734
414 868
414 1005
414 1114
414 1281
414 1482
414 1524
414 1596
414 1611
414 1612
414 1720
414 1973
202 451
416 451
451 550
451 653
451 662
451 952
105 453
453 517
453 803
453 1103
453 1203
453 1227
453 1565
453 1780
453 1901
525 783
525 858
525 1480
550 771
550 780
550 1074
550 1777
372 680
680 1662
680 1922
383 687
591 687
687 1371
687 1401
756 1089
756 1547
390 759
706 759
759 791
759 874
759 1079
791 1393
791 1567
791 1628
791 1782
791 1886
212 820
820 883
450 858
502 858
881 1102
881 1349
881 1458
881 1588
926 1372
926 1674
990 1102
1102 1257
1102 1349
1102 1697
1102 1975
1257 1326
291 1276
559 1280
943 1280
1280 1365
1348 1599
1348 1727
1348 1962
1349 1823
1349 1891
937 1356
1356 1895
1356 1987
109 1365
1216 1365
1250 1365
990 1401
520 1480
1480 1883
328 1482
798 1482
1482 1524
1482 1636
1482 1828
145 1524
422 1524
1238 1547
1537 1547
1547 1617
279 1565
853 1565
995 1565
388 1599
975 1612
1612 1973
1240 1617
1642 1690
706 1690
711 1690
773 1690
1690 1857
1690 1904
1058 1761
1783 1789
580 1844
675 1844
847 1844
320 1857
1660 1857
1857 1904
1031 1876
1410 1876
1876 1917
653 1883
790 1883
676 1891
1293 1901
545 1904
698 1962
1045 1973
172 253
172 359
172 373
172 386
172 400
172 410
172 541
172 669
172 814
172 947
172 990
172 995
172 1195
172 1535
172 1572
172 1940
238 300
238 359
238 410
238 706
238 1845
245 333
245 391
245 826
245 928
245 998
245 1025
245 1033
245 1193
245 1211
245 1323
245 1826
253 334
253 541
253 862
253 980
253 1182
253 1341
257 288
257 489
257 898
257 978
257 1225
257 1682
266 442
266 605
266 844
266 991
266 1063
266 1083
266 1711
266 1841
271 640
271 827
271 1035
271 1576
288 304
288 457
288 466
288 531
288 574
288 945
288 978
288 1045
288 1347
288 1400
176 300
198 300
203 300
300 410
300 1156
300 1624
300 1654
300 1655
334 335
334 1038
334 1182
334 1798
109 352
352 362
352 373
352 725
352 798
352 808
352 1385
352 1507
352 1625
352 1828
359 373
359 669
359 698
359 1535
359 1845
359 1930
359 1940
362 798
362 1055
362 1507
362 1625
362 1828
373 410
373 698
373 725
373 808
373 995
373 1142
373 1195
373 1258
373 1275
373 1385
373 1888
410 876
232 466
466 1400
466 1463
541 964
541 990
541 1091
541 1596
541 1611
541 1614
541 1833
350 603
603 611
603 707
603 857
603 934
603 1030
603 1307
603 1308
603 1594
603 1717
603 1851
603 1922
611 1300
611 1395
611 1445
275 640
640 670
640 928
640 1224
640 1320
640 1508
640 1968
671 804
547 780
780 1165
780 1777
650 783
783 944
783 1407
783 1998
844 1041
857 1307
857 1717
857 1862
857 1992
291 876
876 905
876 929
876 1321
876 1621
905 1321
905 1903
905 1925
990 1418
990 1539
990 1678
990 1697
990 1975
1025 1193
1055 1508
1063 1083
1063 1644
495 1074
630 1074
431 1083
350 1165
580 1182
1145 1182
192 1214
391 1214
1214 1433
1011 1271
1271 1332
1275 1422
130 1305
1305 1380
109 1307
1216 1307
1307 1497
1307 1851
342 1332
580 1332
1222 1332
450 1400
195 1407
670 1508
1224 1508
728 1563
987 1624
1624 1960
669 1644
715 1644
374 1930
1584 1960
1265 1983
109 200
109 491
109 555
109 875
109 1058
109 1085
109 1180
109 1216
109 1261
109 1497
109 1639
156 200
156 209
156 219
156 246
156 522
156 618
156 643
156 659
156 740
156 879
156 955
156 1004
156 1006
156 1135
156 1136
156 1346
156 1393
156 1988
145 195
195 273
195 521
195 1273
195 1549
195 1622
195 1667
195 1827
200 555
200 618
200 662
200 711
200 728
200 875
200 893
200 1004
200 1006
200 1069
200 1180
200 1321
200 1522
200 1611
200 1634
200 1639
200 1677
200 1703
200 1972
105 212
212 354
212 666
212 883
212 1472
212 1629
219 260
219 557
219 779
219 961
219 985
226 292
226 295
226 534
226 762
226 795
226 863
226 953
226 1041
226 1260
226 1389
226 1515
226 1530
226 1618
227 256
256 481
256 598
256 1130
256 1737
246 259
259 324
259 729
259 1073
259 1449
259 1819
259 1998
260 557
260 808
260 961
260 1034
260 1088
260 1251
260 1523
260 1770
260 1882
268 285
268 448
268 689
292 372
292 382
292 430
292 581
292 702
292 727
292 795
292 880
292 1129
292 1418
292 1881
292 1882
295 762
295 863
295 954
295 1251
295 1282
202 324
307 324
324 354
324 418
324 578
324 836
324 880
324 1032
324 1819
324 1984
324 1998
328 511
328 536
328 638
328 762
328 798
328 1156
328 1775
344 424
344 468
344 559
344 670
344 923
344 1173
344 1750
396 522
396 754
396 795
396 843
396 852
396 900
396 1357
396 1513
396 1641
396 1753
439 448
448 486
448 567
448 1059
388 468
468 559
468 652
468 1163
468 1382
442 555
555 1180
557 1034
557 1426
557 1491
557 1600
177 578
315 578
578 880
578 971
578 1959
578 1990
581 666
581 1392
581 1418
155 598
598 1130
598 1745
655 711
706 711
711 773
711 1522
754 1344
754 1706
754 1915
754 1997
762 802
762 1156
762 1251
762 1282
762 1518
776 1145
776 1389
776 1912
827 1576
790 828
828 1159
828 1691
828 1698
707 843
843 1829
372 880
702 880
880 1100
880 1311
880 1423
666 923
923 1827
957 1471
957 1867
553 1028
589 1028
961 1034
1034 1088
1034 1301
1034 1426
1034 1600
1034 1645
1034 1736
656 1059
1059 1345
1088 1770
951 1130
1084 1130
1130 1198
1130 1755
236 1134
748 1134
1134 1913
580 1145
675 1145
805 1272
1272 1958
457 1273
987 1273
1273 1827
534 1389
1260 1389
1389 1445
1389 1465
1389 1618
1395 1477
1395 1610
1395 1738
1395 1994
1418 1539
1418 1678
1426 1529
1426 1600
1426 1736
612 1477
1477 1610
949 1494
1485 1494
1494 1912
502 1502
1334 1502
669 1691
1691 1757
1479 1745
888 1770
1657 1770
1750 1770
1662 1804
1804 1880
459 1819
1582 1819
1806 1819
1819 1984
949 1984
265 1990
1566 1990
331 1187
331 1384
331 1387
331 1685
331 1915
202 340
340 1175
340 1254
340 1260
340 1821
243 604
422 604
604 973
604 1336
604 1840
136 660
659 660
660 853
660 904
660 956
660 991
660 1021
660 1266
660 1705
660 1784
660 1956
285 912
912 1718
912 1910
1012 1152
1152 1209
1152 1383
1152 1631
534 1260
879 1315
1016 1326
1326 1406
1224 1336
642 1631
1631 1731
304 1676
531 1676
805 1718
826 1826
1323 1826
1736 1910
136 659
136 781
136 1154
136 1323
136 1479
136 1715
400 1071
400 1415
400 1595
400 1927
290 424
392 424
424 579
424 670
424 941
424 1173
424 1423
424 1730
487 549
549 802
549 914
549 1956
520 663
632 663
663 755
663 789
663 1150
663 1221
663 1312
663 1696
663 1765
663 1786
275 670
670 968
670 1224
643 755
755 1344
755 1456
755 1758
232 781
766 781
781 1479
781 1768
267 805
805 852
805 1178
805 1542
895 914
291 929
929 1651
956 1784
1031 1077
1031 1410
1031 1917
1031 1981
330 1077
1077 1703
636 1150
1075 1150
1150 1696
1150 1786
1344 1456
269 1372
1456 1475
1456 1763
459 1623
483 1623
1623 1649
382 1696
408 1784
1862 1992
502 1958
511 1958
1522 1958
105 445
105 790
105 803
105 838
105 846
105 993
105 1190
105 1382
105 1689
227 342
227 382
227 487
227 649
227 1036
227 1773
265 481
265 903
265 1464
265 1566
145 267
235 267
267 642
267 676
267 733
267 841
267 983
267 1177
267 1242
267 1476
267 1567
267 1588
267 1601
267 1812
281 937
281 1626
281 1713
286 399
286 589
286 1279
286 1905
310 372
372 702
372 733
372 749
372 1100
372 1106
372 1129
372 1250
372 1768
382 430
382 727
382 1073
382 1129
382 1529
382 1800
411 902
411 1615
445 447
495 585
495 630
495 1019
495 1109
495 1143
495 1519
495 1740
495 1830
273 630
459 630
649 1466
618 659
659 853
659 904
659 991
659 1796
841 1006
841 1242
841 1905
841 1933
677 846
678 846
846 993
279 853
585 853
853 904
853 995
853 1021
853 1123
853 1473
275 885
392 885
547 885
885 1080
885 1725
374 895
895 925
895 979
895 983
895 1087
895 1125
895 1243
895 1500
895 1871
481 993
993 1331
993 1382
993 1491
1021 1473
1021 1705
1080 1202
467 1174
822 1174
1174 1384
1174 1478
1174 1879
1174 1981
714 1202
1202 1702
1242 1248
1242 1905
1242 1932
531 1479
1022 1514
130 1615
1507 1625
1625 1828
1625 1942
784 1626
1002 1626
1300 1871
1575 1905
1905 1933
430 1933
179 236
179 302
179 457
179 726
179 739
179 822
179 943
179 1101
179 1314
179 1628
179 1742
236 251
236 457
236 739
236 748
236 943
236 1277
236 1358
236 1913
275 533
392 533
533 547
533 908
533 946
533 981
388 652
652 679
652 1084
652 1154
653 790
790 838
790 886
790 1159
790 1190
790 1488
790 1672
823 900
823 1931
838 1465
838 1672
757 886
886 1472
886 1488
886 1497
886 1719
559 943
943 1754
862 985
985 1132
636 1084
951 1084
1084 1198
1084 1366
906 1132
1132 1779
1154 1323
1154 1432
1154 1655
1154 1715
642 1157
1157 1436
1157 1440
1157 1536
1157 1782
1157 1917
481 1187
1187 1638
1187 1725
689 1231
1231 1386
449 1436
650 1436
1436 1536
375 1488
1439 1488
1488 1497
1216 1497
1497 1769
361 1638
543 1638
1638 1657
388 1672
389 1672
942 1672
1672 1684
1672 1866
1546 1719
1719 1769
304 1769
574 1769
155 287
155 426
155 480
155 489
155 870
155 1076
155 1110
155 1338
155 1342
155 1370
155 1377
155 1592
155 1685
155 1686
155 1698
155 1700
155 1870
155 1934
145 235
235 310
235 351
235 1588
235 1601
209 246
246 269
246 835
246 945
246 1030
246 1112
246 1136
246 1556
246 1945
275 392
275 655
275 856
275 968
275 981
275 1042
275 1531
275 1725
275 1839
275 1968
287 330
287 449
287 480
287 506
287 633
287 701
287 974
287 1278
287 1338
287 1864
310 351
310 702
310 749
310 764
310 917
310 1209
310 1702
310 1768
330 506
330 701
330 952
330 1205
330 1677
330 1703
330 1961
386 498
386 787
386 1094
386 1205
386 1552
386 1744
386 1953
386 1959
290 392
392 452
392 547
392 941
392 946
392 1376
392 1478
392 1730
279 426
297 426
426 684
426 794
426 1253
426 1600
426 1685
442 605
442 766
442 1065
442 1392
442 1711
506 763
506 869
506 952
506 997
506 1205
506 1300
506 1402
506 1757
369 684
684 753
684 946
684 1253
684 1403
684 1506
684 1600
763 997
763 1052
763 1138
763 1402
763 1419
763 1577
863 1041
863 1546
863 1946
867 938
867 1695
867 1887
870 917
917 1411
917 1498
917 1660
917 1697
1094 1953
1216 1250
1044 1253
1253 1600
1253 1966
522 1338
852 1338
1338 1370
1338 1527
1338 1801
643 1370
1103 1378
1203 1378
232 1411
1411 1498
1411 1634
1022 1420
1420 1422
1420 1863
192 1433
391 1433
1458 1498
778 1543
1460 1551
1551 1598
433 1552
1238 1552
1537 1552
1552 1592
1552 1766
553 1598
1045 1695
913 1766
973 1845
202 1887
887 1887
1316 1887
910 1946
489 898
489 978
489 1076
220 655
390 655
655 706
655 773
655 868
655 889
734 868
868 1203
868 1949
369 946
753 946
946 1143
946 1403
946 1506
981 1042
431 1076
1103 1203
1203 1873
1203 1949
1422 1863
1458 1588
1106 1863
145 243
145 273
145 405
145 422
145 521
145 563
145 642
145 964
145 1112
145 1369
145 1549
145 1584
145 1601
177 315
177 437
177 463
177 941
177 1091
177 1120
177 1432
202 209
202 248
202 307
202 312
202 354
202 416
202 418
202 653
202 807
202 832
202 836
202 862
202 887
202 951
202 980
202 1079
202 1140
202 1247
202 1254
202 1316
202 1346
202 1354
202 1440
202 1521
202 1778
202 1798
176 203
198 203
203 419
203 1224
203 1437
203 1654
232 766
232 892
232 1039
232 1381
232 1463
232 1634
232 1768
232 1932
315 1471
369 389
369 753
369 850
369 1100
369 1143
369 1403
369 1710
405 627
405 1044
405 1277
405 1377
405 1802
405 1997
430 727
430 1597
430 1800
430 1849
433 1238
433 1537
433 1592
433 1729
463 496
463 650
463 651
463 831
463 901
463 1101
463 1116
463 1186
463 1334
463 1419
463 1590
463 1802
248 473
399 473
473 726
473 750
389 493
493 614
493 1001
493 1137
475 534
534 925
534 1527
534 1618
534 1913
642 676
642 1177
642 1440
642 1476
642 1567
642 1595
642 1646
642 1715
416 653
726 1218
789 1327
789 1765
269 835
835 945
835 1112
870 1016
870 1278
870 1342
870 1549
870 1660
870 1870
870 1982
870 1991
467 932
822 932
932 1775
686 953
953 984
953 1196
953 1218
953 1515
953 1579
953 1603
953 1916
971 1177
971 1959
1001 1104
1001 1137
1001 1606
1001 1834
1001 1837
784 1002
1002 1748
418 1032
836 1032
1032 1293
1140 1955
676 1177
1177 1567
1177 1646
856 1186
1186 1236
1186 1419
1186 1548
1236 1879
1238 1357
1238 1537
612 1262
635 1262
1262 1867
1262 1965
632 1327
1044 1377
1377 1997
997 1419
1052 1419
1419 1577
875 1453
1058 1453
1085 1453
1453 1520
931 1537
1537 1592
1016 1549
486 1578
487 1578
1115 1578
1578 1815
1596 1614
1596 1755
951 1755
814 1800
1572 1800
1684 1837
1011 1849
1849 1955
1675 1870
1870 1982
134 1982
913 1982
176 198
176 350
176 431
176 437
176 459
176 575
176 612
176 614
176 1014
176 1156
176 1437
176 1560
312 333
333 391
333 1033
333 1103
333 1104
192 391
391 826
391 1033
391 1103
391 1104
391 1151
391 1228
391 1323
273 459
459 483
459 593
459 809
459 1264
459 1560
459 1582
459 1806
459 1868
483 593
483 602
483 707
483 809
483 982
483 1343
483 1582
483 1649
351 538
520 538
538 633
538 814
538 1319
538 1347
538 1589
480 633
814 1572
494 826
816 826
826 1323
522 852
852 1178
852 1357
903 982
982 1343
290 1022
1022 1931
1103 1151
1103 1780
849 1151
1151 1228
1178 1542
772 1228
1144 1228
1101 1314
740 1343
879 1343
949 1485
1542 1589
1313 1649
1517 1649
1651 1868
1622 1667
134 388
134 439
134 771
134 889
134 913
134 970
134 1281
134 1579
394 575
394 842
394 1005
394 1248
394 1791
220 500
500 517
500 545
500 732
500 984
500 1082
500 1724
500 1777
734 1281
734 1720
771 800
771 1425
496 800
650 800
800 1425
800 1632
842 1248
842 1886
964 1091
686 984
984 1196
984 1840
984 1916
904 991
991 1363
941 1091
1091 1833
1248 1932
225 1387
1387 1685
1387 1915
1706 1997
1807 1833
165 332
165 975
165 1358
165 1383
165 1521
165 1531
332 434
332 1358
342 580
580 675
580 1082
580 1222
580 1301
757 1331
1331 1421
1331 1610
457 1358
1209 1383
1383 1521
1300 1445
1445 1465
354 1472
1610 1994
556 1899
1114 1899
545 784
279 794
297 794
794 1243
374 1026
944 1026
1026 1916
925 1243
1087 1243
955 1748
1748 1889
1686 1902
686 1916
209 221
221 574
221 1443
221 1562
251 742
251 748
251 1324
445 1675
445 1689
445 1701
220 545
545 627
545 998
545 1082
627 1277
627 1859
656 719
656 1118
742 1460
807 809
807 1977
593 809
809 1582
809 1806
849 1122
1122 1173
1122 1227
1173 1423
673 1190
674 1190
1384 1879
1073 1460
1460 1591
1860 1895
491 669
491 715
491 727
491 931
491 1834
931 972
583 1622
1622 1888
666 1827
618 765
765 898
765 1050
765 1324
765 1386
765 1920
839 1014
1014 1621
544 1310
1310 1722
1310 1943
1324 1920
312 1689
1662 1689
1689 1724
1742 1920
248 399
248 547
248 629
248 739
248 811
248 951
248 966
248 979
248 1346
248 1354
248 1798
248 1947
279 297
297 1015
198 361
361 543
361 635
361 825
361 1657
399 547
399 589
399 750
399 811
399 839
399 966
399 1047
399 1125
399 1654
399 1991
522 618
522 643
522 874
522 1108
522 1135
522 1357
522 1374
522 1513
522 1527
522 1801
502 543
543 635
543 816
543 1533
547 839
547 1047
547 1725
243 563
643 1058
457 739
739 1354
636 740
740 879
740 1515
740 1764
798 1507
798 1636
706 874
874 1374
614 947
947 1853
947 1865
1011 1211
1011 1832
1011 1955
544 1071
987 1071
1125 1212
1211 1225
1211 1293
1211 1441
593 1212
1240 1319
1293 1441
1293 1762
1293 1818
416 1354
1110 1374
320 1410
811 1410
1410 1917
1515 1764
1515 1995
888 1657
1657 1750
1657 1813
416 1764
1256 1987
1924 1987
209 307
307 354
307 1738
676 983
676 1239
676 1646
285 689
689 1033
689 1386
689 1865
808 1385
808 1882
593 933
933 1188
933 1241
933 1760
374 983
1033 1104
1033 1865
733 1106
1106 1115
1106 1116
1106 1129
1106 1976
651 1116
1101 1116
1116 1119
1116 1802
1116 1976
677 1142
1142 1237
1142 1869
1188 1241
1188 1744
1323 1432
1323 1715
1369 1448
1369 1771
198 1655
1156 1655
225 1771
1771 1951
1641 1951
486 1976
836 1976
1391 1976
243 312
243 422
243 973
243 1373
243 1594
243 1953
388 389
389 614
389 942
389 1762
389 1799
669 715
729 1073
729 1544
729 1754
494 1048
1048 1221
1073 1591
388 1163
1163 1283
910 1363
1582 1806
1582 1927
486 1710
567 1710
1595 1927
975 1945
1035 1945
273 521
273 1868
304 320
304 531
304 574
304 772
304 890
304 1195
304 1226
304 1873
304 1878
304 1903
772 888
772 1144
772 1261
772 1743
1567 1595
1567 1715
1567 1886
614 1865
1227 1873
1873 1903
220 285
220 291
220 383
220 390
220 704
220 934
283 419
283 674
283 919
283 1016
383 591
383 959
383 1455
383 1492
383 1645
341 536
536 638
536 708
511 638
638 977
708 1095
708 1475
968 1531
968 1977
1016 1406
1016 1991
591 1330
686 1330
773 1330
591 1371
1371 1557
1371 1866
928 1911
998 1911
209 269
209 408
209 1674
209 1839
291 934
291 1137
290 452
452 1123
452 1376
574 945
955 1680
1137 1520
1137 1606
1137 1834
875 1520
1085 1520
908 1680
350 431
431 613
431 764
669 1176
669 1757
753 1012
1012 1924
919 1176
893 1241
1241 1744
704 1760
1760 1812
1588 1812
404 567
404 686
404 937
404 1795
1015 1885
1062 1120
437 1120
1648 1815
290 467
467 799
467 822
467 1478
467 1971
822 1101
822 1478
822 1604
822 1742
1722 1943
1619 1943
388 889
388 942
388 1281
388 1684
388 1866
702 764
702 1100
702 1311
702 1423
198 1029
198 1156
198 1654
434 622
434 685
434 1843
622 685
679 685
685 1843
449 686
686 773
686 869
686 908
686 1559
686 1795
811 966
966 1448
354 1029
1029 1925
839 1047
625 1246
605 1711
728 1780
1780 1954
937 1795
1373 1795
450 502
450 511
450 1118
450 1162
450 1398
450 1518
450 1692
481 903
192 502
502 511
502 673
502 816
502 906
502 1162
502 1334
502 1481
502 1522
511 977
511 1162
511 1522
673 674
673 959
673 1215
673 1334
959 1215
681 1619
517 1519
1519 1740
457 1536
1536 1679
312 862
862 887
862 980
862 1247
862 1341
961 1301
961 1351
312 980
1082 1301
928 1341
1341 1772
279 1398
1398 1934
1398 1974
351 1574
1180 1574
839 1621
591 1645
480 1934
1698 1934
279 302
279 523
279 585
279 701
279 861
279 995
279 1123
279 1136
279 1201
279 1974
312 832
312 1662
312 1724
437 475
475 925
475 1712
531 593
531 1347
531 1918
520 569
354 666
666 1392
748 1913
832 1079
887 1009
887 1053
887 1247
887 1313
887 1316
887 1577
480 1110
1110 1592
1110 1698
1110 1975
1124 1741
1006 1346
1346 1521
1600 1736
341 1832
285 390
285 681
285 704
285 767
285 938
375 591
556 591
591 605
591 799
704 767
767 938
767 1256
913 1379
812 915
938 1199
629 1947
636 951
951 1288
951 1366
951 1440
951 1798
925 979
979 1087
979 1500
1259 1548
1259 1779
1440 1778
351 1463
1319 1463
651 1778
449 650
449 773
449 869
449 908
449 1278
449 1774
342 553
553 589
553 1758
553 1791
706 773
773 889
1224 1603
1320 1603
1603 1643
1643 1880
1758 1791
575 1791
192 906
192 974
192 1481
192 1505
192 1616
192 1629
192 1726
192 1872
269 1112
269 1201
269 1313
269 1517
650 651
651 1101
651 1119
714 1702
225 341
625 888
625 902
625 1135
888 902
888 1198
888 1261
888 1525
888 1743
888 1750
888 1813
706 889
889 1281
970 1119
1278 1312
1221 1312
457 1813
1679 1813
839 1991
1654 1991
211 225
211 374
211 1056
211 1282
290 544
290 799
290 941
290 1247
290 1376
290 1741
290 1773
290 1931
290 1971
320 811
320 1109
320 1226
320 1342
320 1660
374 944
811 839
811 1342
811 1640
811 1654
906 949
906 1481
906 1505
906 1779
650 944
944 1998
949 1751
928 998
998 1388
998 1752
1118 1692
1342 1640
1264 1345
902 1388
1198 1388
1388 1752
1446 1872
1313 1517
1752 1824
416 662
416 952
351 422
422 973
422 1373
422 1457
1256 1525
1256 1924
1198 1525
1535 1940
1535 1974
753 1924
480 1698
480 1940
480 1975
351 1589
520 1589
1180 1677
1639 1677
544 1741
302 523
302 585
302 861
302 1264
457 987
457 1679
457 1994
523 585
523 787
523 1036
523 1098
701 1201
701 1415
701 1954
1201 1954
728 1954
413 750
892 1947
1743 1947
987 1994
413 688
413 1799
413 1944
618 728
618 1004
618 1108
618 1135
618 1162
618 1321
618 1796
677 678
678 892
678 1743
688 1944
766 892
766 1065
766 1727
766 1753
766 1818
766 1949
898 978
898 1050
898 1225
898 1386
898 1961
662 1050
1009 1313
1053 1313
1313 1720
1393 1988
1281 1720
1727 1753
727 1944
437 575
437 719
437 1500
437 1712
719 1500
1087 1500
802 1518
802 1557
1557 1783
812 1783
1684 1866
1762 1799
636 1075
636 1366
1254 1566
1254 1701
1254 1885
1196 1441
1441 1762
1566 1885
1675 1701
498 1744
973 1953
1594 1953
439 861
439 1316
975 1035
975 1175
975 1730
1247 1316
517 732
517 1114
787 1036
787 1959
1595 1715
354 418
418 836
418 883
418 1159
418 1325
418 1403
494 816
494 1294
707 934
707 1030
707 1308
707 1829
707 1922
725 1009
725 1056
725 1258
725 1385
725 1394
725 1635
725 1801
728 1321
728 1634
778 831
778 1320
804 1633
856 1548
883 1629
972 1928
945 1030
1224 1320
1325 1403
544 1492
520 1633
1527 1801
890 1878
1195 1878
583 1376
583 1646
583 1853
583 1888
635 825
1818 1949
390 681
390 706
390 1079
390 1830
556 681
681 1830
706 1079
1044 1997
884 1045
884 1797
1159 1698
351 1797
1019 1797
1797 1896
902 1198
1052 1466
1138 1466
1466 1884
1138 1884
335 1038
335 1798
612 635
612 1215
612 1867
635 1867
635 1965
632 1121
989 1121
1121 1127
1121 1265
1121 1294
1121 1375
1121 1394
1265 1375
1265 1394
1375 1394
934 1455
1591 1980
1590 1965
375 556
556 605
556 910
556 1114
556 1222
910 1222
351 520
351 1019
351 1179
351 1180
351 1319
351 1347
351 1457
351 1702
351 1896
520 632
520 1575
613 1425
1425 1618
1425 1632
1425 1909
973 1499
1136 1556
1556 1678
1196 1579
1539 1632
1381 1653
1381 1838
1381 1932
342 1653
1036 1653
1908 1968
727 1144
1144 1308
593 602
602 1641
942 1197
1319 1347
1319 1476
1641 1753
342 1036
342 1222
342 1773
342 1926
342 1992
486 487
487 802
487 836
487 1115
487 1562
487 1956
589 1279
1101 1119
375 799
375 1114
375 1439
908 1559
408 732
677 1035
677 1564
677 1972
839 1654
1085 1237
1237 1726
733 1250
1129 1250
1250 1635
559 1754
1069 1877
1351 1877
585 995
585 1019
585 1136
937 1713
973 1373
1373 1594
997 1052
997 1300
997 1402
997 1577
997 1663
997 1757
997 1823
875 1085
1058 1085
1085 1199
1085 1510
1199 1510
1471 1867
1510 1869
496 650
496 831
496 901
496 1004
849 1227
849 1602
849 1926
662 875
875 893
875 1058
875 1069
1058 1261
1069 1351
1069 1703
1069 1807
1261 1743
1279 1575
1095 1602
1475 1602
1222 1926
1926 1992
850 1311
954 1038
954 1127
954 1824
650 1590
831 1590
1439 1541
1541 1616
1009 1053
1009 1056
1009 1639
632 989
650 1101
1101 1802
1402 1751
934 1308
1457 1505
1019 1896
1019 1179
1179 1180
1179 1328
1179 1539
1539 1678
1636 1828
486 567
1247 1452
1544 1936
225 890
977 1095
1056 1282
1056 1385
1056 1394
1056 1559
1056 1700
1095 1475
1686 1700
613 753
613 764
613 1618
613 1909
753 1143
753 1506
544 987
987 2000
1082 1724
1726 1872
605 1065
1321 1634
1729 1881
1881 1939
764 1939
486 1391
836 1391
1481 1616
1505 1616
1616 1629
650 831
650 1004
831 901
831 1004
1052 1138
1052 1196
1052 1197
1196 1197
1180 1328
1180 1639
1053 1639
1662 1922
1662 2000
1308 1922
1922 2000
1533 1734
354 1925
559 1108
559 1772
1311 1423
925 1948
1913 1948
901 919
892 1039
892 1743
1035 1175
1282 1559
1038 1798
1618 1909
1506 1712
593 1264
593 1918
890 1195
893 1864
1300 1823
486 836
486 1115
486 1815
1685 1686
1698 1975
995 1136
1136 1678
1443 1562
816 1533
836 1562
1717 1928
1385 1394
733 1129
733 1635
973 1087
973 1594
973 1796
1100 1311
1115 1815
662 952
662 1972
995 1195
995 1888
1195 1888
1108 1162
1108 1772
1109 1143
727 1129
732 1777
1481 1505
1481 1629
579 1730
1564 1972
928 1597
928 1772
925 1087
925 1913
925 1936
1386 1961
1129 1529
952 1961
1697 1975
1730 1740
