1 2
1 3
2 4
2 5
2 6
2 7
2 8
3 4
3 5
3 6
3 11
3 12
3 18
3 19
3 20
3 22
3 24
3 25
3 32
3 33
3 34
3 35
3 40
3 45
3 46
3 47
3 50
3 53
3 54
3 56
3 57
3 58
3 67
3 68
3 96
3 97
3 98
3 174
3 175
3 253
4 9
4 10
4 11
4 12
4 13
5 9
5 14
5 15
5 16
5 17
5 18
5 19
5 20
6 14
6 21
6 22
7 23
7 24
7 25
7 26
7 27
8 10
8 15
8 23
8 28
8 29
8 30
8 31
8 32
8 33
8 34
8 35
8 36
11 14
11 36
11 43
11 47
12 13
12 15
12 49
12 50
16 18
18 65
18 68
18 69
18 73
18 82
18 83
18 84
18 85
18 86
18 87
18 88
18 89
18 90
18 91
18 92
18 93
18 94
19 26
19 31
19 55
19 95
19 96
19 97
19 98
20 44
20 66
20 70
20 74
20 75
20 82
20 83
20 86
20 87
20 99
20 100
20 101
20 102
20 103
20 104
20 105
20 106
22 33
22 41
22 68
22 70
22 78
22 109
22 121
22 122
22 123
22 124
22 125
22 126
22 127
22 128
22 129
22 130
22 131
22 132
22 133
22 134
22 135
22 136
21 24
24 43
24 77
24 90
24 100
24 119
24 152
24 154
24 156
24 157
25 27
25 40
25 72
25 80
25 85
25 93
25 104
25 106
25 116
25 118
25 153
25 157
25 170
25 171
25 172
32 63
32 64
32 168
32 169
32 218
32 219
32 220
32 221
32 222
32 223
32 224
32 225
33 206
33 207
33 209
33 210
33 226
33 227
33 228
33 229
33 230
33 231
33 232
33 233
34 132
34 169
34 234
34 235
34 236
34 237
34 238
34 239
34 240
34 241
34 242
34 243
34 244
35 48
35 173
35 253
10 40
14 40
40 355
40 356
40 357
40 358
40 359
10 45
30 45
45 250
45 309
45 325
45 337
45 338
45 339
45 340
45 341
45 342
45 343
45 344
45 345
45 346
45 347
45 348
45 349
10 46
28 46
46 151
46 248
46 350
46 351
46 352
46 353
46 354
47 207
47 384
47 392
47 393
47 394
47 395
47 396
47 397
47 398
47 399
47 400
47 401
47 402
47 403
47 404
47 405
47 406
50 103
50 383
50 417
50 421
50 423
50 424
50 512
50 530
50 531
50 532
50 533
13 53
53 152
53 154
53 278
53 420
53 422
53 512
53 513
53 514
53 515
13 54
54 168
54 223
54 516
54 517
54 518
54 519
54 520
54 521
54 522
54 523
54 524
54 525
54 526
54 527
54 528
54 529
16 56
56 216
56 316
56 405
56 628
56 629
56 630
56 631
56 632
56 633
56 634
56 635
56 636
56 637
56 638
56 639
56 640
56 641
56 642
16 57
57 66
57 182
57 302
57 376
57 505
57 512
57 647
57 648
57 649
57 650
57 651
57 652
57 653
57 654
57 655
57 656
57 657
57 658
57 659
57 660
57 661
57 662
16 58
58 229
58 458
58 505
58 535
58 643
58 663
58 667
58 699
58 700
58 701
58 702
58 703
58 704
58 705
58 706
58 707
58 708
58 709
58 710
58 711
58 712
17 67
28 67
29 67
64 67
67 120
67 238
67 246
67 314
67 315
67 316
67 317
67 318
67 319
67 320
67 321
67 322
67 323
67 324
67 325
67 326
67 327
67 328
67 329
67 330
67 331
67 332
67 333
67 334
67 335
67 336
17 68
62 68
68 81
68 371
68 372
68 373
68 374
68 375
68 376
68 377
68 378
68 379
68 380
68 381
68 382
41 96
96 604
96 638
96 718
96 786
96 929
96 1015
96 1246
96 1247
96 1248
96 1249
96 1250
96 1251
96 1252
96 1253
97 577
97 605
97 1025
97 1084
97 1091
97 1276
97 1277
97 1278
97 1279
97 1280
97 1281
97 1282
97 1283
97 1284
97 1285
97 1286
97 1287
97 1288
97 1289
97 1290
97 1291
97 1292
97 1293
97 1294
97 1295
97 1296
97 1297
97 1298
98 322
98 526
98 1042
98 1228
98 1385
98 1386
98 1387
98 1388
98 1389
98 1390
98 1391
98 1392
98 1393
98 1394
26 174
174 175
174 180
174 320
174 1256
174 1257
174 1761
174 1763
174 1866
174 1867
174 1868
26 175
175 1237
175 1849
175 1882
175 1897
175 1898
253 1902
9 13
9 15
9 37
9 38
10 14
10 16
10 28
10 43
10 44
13 21
13 29
13 51
13 52
14 37
14 39
14 41
14 42
15 38
15 39
15 41
15 42
15 48
16 17
16 30
16 44
16 49
16 51
16 55
17 28
17 65
17 66
17 69
17 70
17 71
17 72
17 73
17 74
17 75
17 76
17 77
17 78
17 79
17 80
17 81
21 82
21 107
21 108
21 109
21 110
21 111
21 112
21 113
21 114
23 59
23 60
23 61
23 62
23 63
23 64
26 52
26 95
26 173
26 176
27 60
27 107
27 111
27 114
27 181
27 223
27 458
27 1904
27 1905
27 1906
27 2264
28 76
28 89
28 91
28 99
28 102
28 115
28 116
28 117
28 118
28 119
28 120
29 60
29 125
29 142
29 158
29 159
29 160
29 161
29 162
29 163
29 164
29 165
29 166
29 167
29 168
29 169
30 78
30 79
30 84
30 92
30 101
30 105
30 115
30 120
30 150
30 155
30 156
30 170
30 171
30 172
31 181
31 206
31 207
31 208
31 209
31 210
31 211
31 212
31 213
31 214
31 215
31 216
31 217
36 65
36 94
36 121
36 140
36 159
36 184
36 1904
36 1908
36 1909
36 1910
36 1911
36 1912
37 69
37 108
37 123
37 137
37 138
37 139
37 140
37 141
37 142
37 143
37 144
37 145
37 146
37 147
37 148
37 149
37 150
37 151
38 224
38 270
38 383
38 384
38 385
38 386
38 387
38 388
38 389
38 390
38 391
43 71
43 88
43 103
43 117
43 152
43 153
43 154
43 155
44 77
44 133
44 146
44 166
44 179
44 182
44 183
44 184
44 185
44 186
44 187
44 188
44 189
49 136
49 151
49 176
49 183
49 237
49 246
49 278
49 279
49 280
49 281
49 282
49 283
49 284
49 285
51 165
51 220
51 228
51 254
51 255
51 256
51 257
51 258
51 259
51 260
51 261
51 262
51 263
51 264
51 265
51 266
51 267
51 268
51 269
51 270
51 271
51 272
51 273
51 274
51 275
51 276
51 277
52 112
52 116
52 222
52 259
52 453
52 468
52 469
52 470
52 471
52 472
52 473
52 474
52 475
52 476
52 477
52 478
52 479
52 480
52 481
52 482
52 483
52 484
52 485
52 486
52 487
52 488
52 489
52 490
39 48
39 112
39 179
39 180
39 181
41 113
41 200
41 360
41 361
41 362
41 363
41 364
41 365
41 366
42 169
42 208
42 212
42 213
42 215
42 226
42 228
42 230
42 231
42 367
42 368
42 369
42 370
48 71
48 73
48 80
48 129
48 131
48 134
48 141
48 147
48 149
48 165
48 167
48 187
48 189
48 1905
48 1911
48 1916
48 1918
48 1919
48 1921
48 1923
48 1924
48 1926
55 221
55 249
55 286
55 352
55 407
55 408
55 409
55 410
55 411
55 412
55 413
55 414
65 168
65 177
65 178
66 104
66 126
66 150
66 190
66 191
66 192
66 193
66 194
66 195
66 196
66 197
66 198
66 199
66 200
66 201
66 202
66 203
66 204
66 205
69 211
69 214
69 216
69 217
69 227
69 229
69 232
69 233
69 367
69 368
69 369
69 370
70 181
70 221
70 356
70 357
70 358
70 415
70 416
61 71
71 429
71 430
71 431
71 432
71 433
71 434
71 435
71 436
71 437
72 169
72 197
72 278
72 451
72 458
72 459
72 460
72 461
72 462
72 463
72 464
72 465
72 466
72 467
73 226
73 265
73 311
73 346
73 491
73 492
73 493
73 494
73 495
73 496
73 497
73 498
73 499
73 500
73 501
74 168
74 228
74 275
74 388
74 471
74 497
74 540
74 544
74 545
74 546
74 547
74 548
74 549
74 550
74 551
74 552
74 553
74 554
75 150
75 211
75 387
75 397
75 587
75 588
75 589
75 590
75 591
75 592
75 593
75 594
75 595
75 596
75 597
75 598
75 599
75 600
75 601
75 602
75 603
75 604
75 605
75 606
75 607
75 608
75 609
75 610
76 168
76 203
76 647
76 700
76 729
76 730
76 731
76 732
76 733
76 734
76 735
76 736
76 737
76 738
76 739
76 740
76 741
76 742
76 743
76 744
76 745
76 746
76 747
77 333
77 389
77 403
77 486
77 584
77 597
77 607
77 636
77 776
77 781
77 867
77 868
77 869
77 870
77 871
77 872
77 873
77 874
77 875
77 876
77 877
77 878
77 879
77 880
77 881
77 882
77 883
78 401
78 595
78 780
78 809
78 924
78 925
78 926
78 927
78 928
78 929
78 930
78 931
78 932
78 933
79 169
79 310
79 684
79 851
79 858
79 989
79 990
79 991
79 992
79 993
79 994
79 995
79 996
79 997
79 998
79 999
79 1000
79 1001
79 1002
79 1003
79 1004
79 1005
79 1006
79 1007
79 1008
80 283
80 848
80 856
80 992
80 1002
80 1038
80 1039
80 1040
80 1041
80 1042
80 1043
80 1044
80 1045
80 1046
80 1047
80 1048
80 1049
80 1050
80 1051
81 82
81 192
81 293
81 300
81 350
81 450
81 464
81 562
81 1910
81 1927
81 1951
81 1962
81 1970
81 1976
81 1985
81 1992
81 2270
81 2413
81 2415
82 355
82 359
82 415
82 416
83 202
83 206
83 235
83 454
83 466
83 557
83 558
83 559
83 560
83 561
83 562
83 563
84 272
84 321
84 452
84 564
84 565
84 566
84 567
84 568
84 569
84 570
84 571
84 572
84 573
84 574
84 575
84 576
84 577
84 578
84 579
84 580
84 581
84 582
84 583
84 584
84 585
84 586
85 94
85 618
85 619
85 620
85 621
85 622
85 623
85 624
85 625
85 626
85 627
86 316
86 804
86 805
86 806
86 807
86 808
86 809
86 810
86 811
86 812
86 813
86 814
86 815
86 816
86 817
86 818
87 137
87 208
87 493
87 592
87 773
87 902
87 903
87 904
87 905
87 906
87 907
87 908
87 909
87 910
87 911
87 912
87 913
87 914
87 915
87 916
87 917
87 918
87 919
87 920
87 921
87 922
87 923
61 88
88 934
88 935
88 936
88 937
88 938
88 939
88 940
88 941
88 942
88 943
88 944
88 945
89 491
89 774
89 782
89 903
89 909
89 968
89 969
89 970
89 971
89 972
89 973
89 974
89 975
89 976
89 977
89 978
89 979
89 980
89 981
89 982
89 983
89 984
89 985
89 986
89 987
89 988
90 212
90 496
90 772
90 777
90 833
90 902
90 908
90 975
90 978
90 1021
90 1022
90 1023
90 1024
90 1025
90 1026
90 1027
90 1028
90 1029
90 1030
90 1031
90 1032
90 1033
90 1034
90 1035
90 1036
90 1037
91 178
91 350
91 884
91 887
91 888
91 889
91 890
91 1073
91 1074
91 1075
91 1076
91 1077
92 168
92 885
92 886
92 891
92 892
92 893
92 1073
92 1074
92 1075
92 1076
92 1077
93 283
93 753
93 1228
93 1229
93 1230
93 1231
93 1232
93 1233
93 1234
93 1235
93 1236
93 1237
93 1238
94 129
94 156
94 178
94 181
94 186
94 218
94 221
94 227
94 241
94 255
94 262
94 292
94 296
94 316
94 326
94 328
94 383
94 398
94 399
94 469
94 470
94 507
94 520
94 567
94 574
94 590
94 619
94 630
94 714
94 748
94 764
94 804
94 805
94 832
94 968
94 1205
94 1387
94 1419
94 1706
94 1753
94 1770
94 1825
94 1864
94 1909
94 1929
94 1931
94 1956
94 1971
94 2003
94 2025
94 2117
94 2160
94 2258
94 2279
94 2311
94 2344
94 2351
94 2374
94 2376
94 2378
94 2380
94 2421
94 2423
94 2440
94 2467
94 2486
94 2564
94 2565
94 2669
94 2670
94 2671
94 2672
94 2673
94 2674
94 2675
94 2676
94 2677
94 2678
94 2679
94 2680
94 2681
94 2682
94 2683
94 2684
94 2685
94 2686
94 2687
94 2688
94 2689
94 2690
94 2691
94 2692
94 2693
94 2694
94 2695
94 2696
94 2697
95 119
95 213
95 494
95 592
95 606
95 633
95 772
95 773
95 774
95 775
95 776
95 777
95 778
95 779
95 780
95 781
95 782
95 783
95 784
95 785
95 786
95 787
95 788
95 789
95 790
95 791
95 792
99 153
99 186
99 418
99 425
99 514
99 531
99 532
99 555
99 556
100 269
100 296
100 410
100 462
100 506
100 665
100 668
100 699
100 703
100 765
100 793
100 794
100 795
100 796
100 797
100 798
100 799
100 800
100 801
100 802
100 803
101 177
101 229
101 884
101 885
101 886
101 887
101 888
101 889
101 890
101 891
101 892
101 893
102 121
102 369
102 492
102 788
102 791
102 906
102 922
102 972
102 987
102 1025
102 1033
102 1069
102 1072
102 1118
102 1124
102 1137
102 1143
102 1147
102 1204
102 1240
102 1244
102 1271
102 1272
102 1320
102 1321
102 1323
102 1324
103 286
103 659
103 740
103 1395
103 1396
103 1397
103 1398
103 1399
103 1400
103 1401
103 1402
103 1403
103 1404
104 508
104 986
104 1353
104 1413
104 1487
104 1511
104 1608
104 1609
104 1610
104 1611
104 1612
104 1613
104 1614
104 1615
104 1616
104 1617
104 1618
104 1619
105 316
105 856
105 1046
105 1234
105 1285
105 1370
105 1376
105 1385
105 1494
105 1587
105 1620
105 1621
105 1622
105 1623
105 1624
105 1625
105 1626
105 1627
105 1628
105 1629
105 1630
106 229
106 680
106 815
106 892
106 1070
106 1562
106 1596
106 1673
106 1686
106 1687
106 1688
106 1689
106 1690
106 1691
106 1692
106 1693
106 1694
106 1695
106 1696
106 1697
106 1698
106 1699
106 1700
106 1701
106 1702
106 1703
106 1704
107 278
107 323
107 353
107 502
107 503
107 504
107 505
107 506
107 507
107 508
107 509
107 510
107 511
64 108
108 252
108 353
108 410
108 413
108 461
108 614
108 615
108 617
108 643
108 644
108 645
108 646
64 109
109 197
109 485
109 504
109 537
109 568
109 645
109 663
109 664
109 665
109 666
109 667
109 668
109 669
109 670
109 671
109 672
109 673
109 674
109 675
109 676
110 176
110 294
110 424
110 652
110 704
110 937
110 1090
110 1091
110 1092
110 1093
110 1094
110 1095
110 1096
110 1097
110 1098
110 1099
110 1100
110 1101
110 1102
110 1103
110 1104
110 1105
110 1106
111 231
111 265
111 779
111 785
111 911
111 914
111 971
111 974
111 1026
111 1028
111 1061
111 1063
111 1113
111 1114
111 1115
111 1116
111 1117
111 1118
111 1119
111 1120
111 1121
111 1122
111 1123
111 1124
111 1125
111 1126
112 1254
112 1255
112 1256
112 1257
112 1258
113 176
113 500
113 787
113 789
113 918
113 920
113 985
113 986
113 1022
113 1035
113 1067
113 1071
113 1117
113 1123
113 1127
113 1136
113 1200
113 1242
113 1270
113 1274
113 1319
113 1320
113 1321
113 1322
114 993
114 1272
114 1583
114 1584
114 1585
114 1586
114 1587
114 1588
114 1589
114 1590
114 1591
114 1592
114 1593
114 1594
114 1595
114 1596
114 1597
114 1598
114 1599
114 1600
114 1601
114 1602
114 1603
114 1604
114 1605
114 1606
114 1607
121 199
121 295
121 303
121 306
121 438
121 439
121 440
121 441
121 442
121 443
121 444
121 445
121 446
121 447
121 448
121 449
121 450
121 451
121 452
121 453
121 454
121 455
121 456
121 457
117 122
122 150
122 155
122 316
122 419
122 426
122 427
122 428
122 513
122 515
122 530
122 533
122 555
122 556
123 341
123 441
123 521
123 578
123 677
123 678
123 679
123 680
123 681
123 682
123 683
123 684
123 685
123 686
123 687
123 688
123 689
123 690
123 691
123 692
123 693
123 694
123 695
123 696
123 697
123 698
124 168
124 248
124 323
124 463
124 538
124 539
124 568
124 614
124 666
124 701
124 706
124 766
124 796
124 797
124 819
124 820
124 821
124 822
124 823
124 824
124 825
124 826
124 827
124 828
124 829
124 830
125 227
125 228
125 495
125 778
125 780
125 904
125 910
125 951
125 969
125 973
125 1029
125 1030
125 1058
125 1059
125 1060
125 1061
125 1062
125 1063
125 1064
125 1065
125 1066
125 1067
125 1068
125 1069
125 1070
125 1071
125 1072
126 150
126 559
126 702
126 1158
126 1159
126 1160
126 1161
126 1162
126 1163
126 1164
126 1165
126 1166
126 1167
127 181
127 322
127 466
127 503
127 541
127 646
127 672
127 676
127 702
127 708
127 769
127 795
127 801
127 820
127 829
127 1131
127 1132
127 1168
127 1171
127 1196
127 1197
127 1198
128 169
128 215
128 499
128 633
128 833
128 912
128 982
128 1066
128 1120
128 1141
128 1146
128 1200
128 1201
128 1202
128 1203
128 1204
129 367
129 497
129 776
129 786
129 905
129 917
129 981
129 983
129 1031
129 1032
129 1059
129 1068
129 1115
129 1122
129 1135
129 1140
129 1145
129 1201
129 1239
129 1240
129 1241
129 1242
129 1243
129 1244
129 1245
130 168
130 278
130 331
130 487
130 977
130 983
130 1313
130 1345
130 1346
130 1347
130 1348
130 1349
130 1350
130 1351
130 1352
130 1353
130 1354
130 1355
130 1356
130 1357
130 1358
130 1359
130 1360
130 1361
130 1362
130 1363
130 1364
130 1365
131 528
131 625
131 1307
131 1334
131 1473
131 1474
131 1475
131 1476
131 1477
131 1478
131 1479
131 1480
131 1481
131 1482
131 1483
132 168
132 673
132 789
132 879
132 1086
132 1484
132 1485
132 1486
132 1487
132 1488
132 1489
132 1490
132 1491
133 848
133 1232
133 1372
133 1387
133 1420
133 1492
133 1493
133 1494
133 1495
133 1496
133 1497
133 1498
133 1499
134 753
134 1044
134 1050
134 1375
134 1379
134 1386
134 1423
134 1498
134 1621
134 1627
134 1731
134 1733
134 1745
134 1748
134 1756
134 1757
134 1758
134 1759
134 1760
135 169
135 1237
135 1380
135 1391
135 1426
135 1499
135 1620
135 1728
135 1749
135 1806
135 1807
135 1808
136 153
136 177
136 228
136 284
136 296
136 331
136 358
136 401
136 415
136 425
136 429
136 431
136 432
136 434
136 476
136 487
136 491
136 495
136 508
136 523
136 595
136 618
136 619
136 627
136 660
136 680
136 720
136 742
136 774
136 793
136 804
136 805
136 807
136 810
136 843
136 845
136 885
136 888
136 889
136 909
136 910
136 924
136 926
136 932
136 934
136 935
136 937
136 945
136 946
136 949
136 950
136 952
136 959
136 967
136 970
136 987
136 988
136 1012
136 1038
136 1058
136 1059
136 1061
136 1072
136 1103
136 1117
136 1149
136 1150
136 1151
136 1157
136 1169
136 1173
136 1174
136 1177
136 1179
136 1183
136 1195
136 1236
136 1287
136 1346
136 1348
136 1349
136 1351
136 1364
136 1365
136 1367
136 1390
136 1405
136 1406
136 1417
136 1418
136 1435
136 1437
136 1469
136 1499
136 1500
136 1507
136 1509
136 1510
136 1511
136 1596
136 1608
136 1609
136 1611
136 1618
136 1619
136 1620
136 1631
136 1637
136 1642
136 1655
136 1665
136 1666
136 1667
136 1682
136 1685
136 1686
136 1688
136 1689
136 1690
136 1691
136 1694
136 1717
136 1743
136 1744
136 1745
136 1748
136 1752
136 1847
136 1861
136 1882
136 1884
136 1890
136 1892
136 1938
136 1990
136 2009
136 2055
136 2087
136 2093
136 2124
136 2147
136 2150
136 2151
136 2154
136 2160
136 2161
136 2162
136 2165
136 2167
136 2170
136 2187
136 2188
136 2192
136 2273
136 2274
136 2275
136 2278
136 2287
136 2296
136 2298
136 2303
136 2310
136 2311
136 2312
136 2317
136 2319
136 2320
136 2321
136 2322
136 2333
136 2334
136 2335
136 2336
136 2340
136 2343
136 2407
136 2416
136 2452
136 2470
136 2476
136 2478
136 2486
136 2487
136 2488
136 2489
136 2490
136 2491
136 2495
136 2498
136 2501
136 2516
136 2517
136 2518
136 2525
136 2526
136 2528
136 2529
136 2534
136 2535
136 2536
136 2662
136 2663
136 2696
136 2715
136 2718
136 2720
136 2721
136 2722
136 2723
136 2724
136 2725
136 2730
136 2731
136 2733
136 2734
136 2735
136 2736
136 2750
136 2751
136 2752
136 2753
136 2754
136 2755
59 245
59 246
59 247
59 248
59 249
59 250
59 251
59 252
60 150
60 164
60 186
60 240
60 273
60 281
60 305
60 306
60 307
60 308
60 309
60 310
60 311
60 312
60 313
61 227
61 350
61 417
61 418
61 419
61 420
61 421
61 422
61 423
61 424
61 425
61 426
61 427
61 428
62 458
62 523
62 808
62 886
62 938
62 946
62 947
62 948
62 949
62 950
62 951
62 952
62 953
62 954
62 955
62 956
62 957
62 958
62 959
62 960
62 961
62 962
62 963
62 964
62 965
62 966
62 967
63 289
63 311
63 368
63 783
63 907
63 980
63 1005
63 1021
63 1060
63 1114
63 1139
63 1145
63 1146
63 1147
63 1148
64 179
64 246
64 1903
64 1904
64 1905
64 1906
64 1907
119 350
119 1254
119 1255
119 1761
119 1762
119 1763
119 1764
152 250
152 251
152 354
152 412
152 414
152 439
152 611
152 612
152 613
152 614
152 615
152 616
152 617
154 1011
154 1016
154 1464
154 1465
154 1519
154 1521
154 1523
154 1525
154 1578
154 1579
154 1580
154 1581
154 1582
156 498
156 692
156 775
156 790
156 916
156 919
156 951
156 970
156 984
156 1005
156 1023
156 1034
156 1070
156 1116
156 1121
156 1142
156 1203
156 1241
156 1243
156 1270
156 1271
156 1272
156 1273
156 1274
156 1275
157 1703
157 1717
157 1742
157 1861
157 1890
157 1891
157 1892
157 1893
157 1894
157 1895
157 1896
116 660
116 742
116 940
116 1103
116 1338
116 1402
116 1405
116 1406
116 1407
116 1408
116 1409
116 1410
116 1411
116 1412
116 1413
116 1414
116 1415
116 1416
116 1417
116 1418
118 239
118 966
118 1038
118 1048
118 1236
118 1367
118 1390
118 1425
118 1493
118 1623
118 1624
118 1695
118 1732
118 1745
118 1746
118 1747
118 1748
118 1749
118 1750
118 1751
118 1752
153 526
153 966
153 992
153 1040
153 1230
153 1366
153 1367
153 1368
153 1369
153 1370
153 1371
153 1372
153 1373
153 1374
153 1375
153 1376
153 1377
153 1378
153 1379
153 1380
153 1381
153 1382
153 1383
153 1384
170 831
170 832
170 833
170 834
170 835
170 836
170 837
170 838
170 839
170 840
170 841
170 842
170 843
170 844
170 845
170 846
171 1002
171 1047
171 1233
171 1366
171 1371
171 1373
171 1377
171 1389
171 1421
171 1422
171 1492
171 1587
171 1622
171 1695
171 1728
171 1729
171 1730
171 1731
171 1732
171 1733
171 1734
171 1735
171 1736
171 1737
172 1393
172 1480
172 1874
172 1875
172 1876
172 1877
172 1878
172 1879
172 1880
166 173
173 1193
173 1251
173 1295
173 1358
173 1455
173 1526
173 1680
173 1724
173 1777
173 1789
173 1790
173 1791
173 1792
173 1793
173 1794
173 1795
173 1796
173 1797
173 1798
173 1799
173 1800
173 1801
173 1802
173 1803
173 1804
173 1805
176 180
176 222
176 1903
176 1907
176 2264
145 181
161 181
181 185
181 1907
181 1912
181 1914
181 1922
181 1925
181 1926
223 241
223 246
223 273
223 279
223 285
223 313
223 339
223 368
223 415
223 637
223 859
223 860
223 993
223 1003
223 1004
223 1008
223 1040
223 1051
223 1145
223 1146
223 1149
223 1156
223 1257
223 1917
223 1921
223 1937
223 1939
223 2003
223 2007
223 2067
223 2070
223 2081
223 2086
223 2088
223 2146
223 2149
223 2236
223 2238
223 2269
223 2557
223 2562
223 2621
223 2623
223 2625
223 2626
223 2627
223 2629
162 458
166 458
167 458
221 458
225 458
226 458
249 458
257 458
258 458
266 458
267 458
271 458
276 458
277 458
281 458
286 458
312 458
313 458
339 458
345 458
348 458
387 458
390 458
458 495
458 499
458 501
458 536
458 539
458 542
458 545
458 549
458 553
458 762
458 1809
458 2258
458 2260
458 2263
458 2265
458 2266
458 2267
169 1906
322 2264
115 350
115 476
115 555
115 621
115 720
115 1173
115 1174
115 1175
115 1176
115 1177
115 1178
115 1179
115 1180
115 1181
115 1182
115 1183
115 1184
115 1185
115 1186
115 1187
115 1188
115 1189
115 1190
115 1191
115 1192
115 1193
115 1194
115 1195
117 793
117 942
117 1071
117 1117
117 1169
117 1486
117 1510
117 1612
117 1617
117 1642
117 1643
117 1674
117 1722
117 1738
117 1739
117 1740
117 1741
117 1742
117 1743
117 1744
120 827
120 879
120 920
120 1130
120 1200
120 1224
120 1242
120 1314
120 1319
120 1353
120 1515
120 1614
120 1641
120 1645
120 1720
120 1724
120 1725
120 1738
120 1740
120 1765
120 1766
120 1767
120 1768
120 1769
142 227
142 379
142 602
142 878
142 1016
142 1107
142 1108
142 1109
142 1110
142 1111
142 1112
158 168
158 246
158 596
158 632
158 729
158 877
158 1009
158 1010
158 1011
158 1012
158 1013
158 1014
158 1015
158 1016
158 1017
158 1018
158 1019
158 1020
159 227
159 451
159 485
159 509
159 536
159 540
159 615
159 671
159 707
159 710
159 768
159 794
159 800
159 819
159 821
159 825
159 826
159 1127
159 1128
159 1129
159 1130
159 1131
159 1132
159 1133
159 1134
160 169
160 227
160 230
160 346
160 692
160 781
160 784
160 913
160 915
160 976
160 977
160 1024
160 1027
160 1058
160 1064
160 1113
160 1119
160 1127
160 1135
160 1136
160 1137
160 1138
160 1139
160 1140
160 1141
160 1142
160 1143
160 1144
161 246
161 284
161 308
161 897
161 1048
161 1060
161 1149
161 1150
161 1151
161 1152
161 1153
161 1154
161 1155
161 1156
161 1157
162 169
162 941
162 1094
162 1212
162 1283
162 1303
162 1325
162 1326
162 1327
162 1328
162 1329
162 1330
162 1331
162 1332
162 1333
162 1334
162 1335
162 1336
162 1337
162 1338
162 1339
162 1340
162 1341
162 1342
162 1343
162 1344
150 163
163 246
163 338
163 381
163 585
163 1398
163 1521
163 1540
163 1545
163 1546
163 1547
163 1548
163 1549
163 1550
163 1551
163 1552
163 1553
163 1554
164 168
164 527
164 1333
164 1649
164 1650
164 1651
164 1652
164 1653
164 1654
164 1655
164 1656
164 1657
164 1658
164 1659
164 1660
164 1661
165 787
165 824
165 1035
165 1067
165 1086
165 1136
165 1170
165 1224
165 1286
165 1296
165 1340
165 1514
165 1608
165 1615
165 1640
165 1674
165 1720
165 1721
165 1722
165 1723
165 1724
165 1725
165 1726
165 1727
166 1865
166 1866
167 1318
167 1544
167 1803
167 1829
167 1833
167 1869
167 1870
167 1871
167 1886
167 1887
167 1888
167 1889
137 168
143 168
144 168
168 183
168 188
168 1908
168 1913
168 1917
168 1918
168 1919
168 1920
168 1921
168 1922
138 169
148 169
169 186
169 1909
169 1915
169 1917
169 1920
169 1923
169 1924
169 1925
139 150
150 151
150 182
150 383
150 1903
150 1910
150 1913
150 1914
150 1915
150 1916
155 350
155 1853
155 1854
155 1855
139 206
191 206
195 206
206 287
206 298
206 306
206 407
206 447
206 449
206 462
206 516
206 557
206 732
206 934
206 1474
206 1942
206 1943
206 1949
206 1956
206 1957
206 1958
206 1960
206 1968
206 1969
206 1970
206 1971
206 1972
206 1973
206 1974
206 1975
206 1976
206 1977
206 1978
145 207
207 362
207 749
207 1263
207 1386
207 1876
207 1972
207 2034
207 2035
207 2036
207 2037
207 2038
207 2039
207 2040
207 2041
207 2042
207 2043
207 2044
207 2045
207 2046
207 2047
207 2048
207 2049
208 318
208 329
208 423
208 648
208 649
208 653
208 663
208 705
208 730
208 735
208 739
208 936
208 1092
208 1096
208 1283
208 1306
208 1326
208 1397
208 1407
208 1409
208 1473
208 1484
208 1511
208 1531
208 1534
208 1572
208 1829
208 1965
208 1988
208 2026
208 2050
208 2051
208 2052
208 2053
208 2054
208 2055
208 2056
208 2057
209 318
209 853
209 996
209 1043
209 1256
209 1583
209 1935
209 2062
209 2071
209 2072
209 2073
209 2074
209 2075
209 2076
209 2077
209 2078
209 2079
209 2080
209 2081
209 2082
209 2083
209 2084
209 2085
209 2086
209 2087
209 2088
209 2089
210 318
210 651
210 702
210 745
210 944
210 1095
210 1167
210 1305
210 1332
210 1399
210 1410
210 1480
210 1512
210 1536
210 1832
210 1993
210 2057
210 2096
210 2139
210 2171
210 2175
210 2211
211 356
211 418
211 836
211 884
211 904
211 936
211 948
211 972
211 1093
211 1176
211 1278
211 1493
211 1610
211 1687
211 2014
211 2099
211 2142
211 2271
211 2293
211 2294
211 2295
211 2296
211 2297
211 2298
211 2299
211 2300
211 2301
211 2302
211 2303
211 2304
211 2305
211 2306
211 2307
211 2308
211 2309
211 2310
211 2311
211 2312
211 2313
211 2314
211 2315
211 2316
211 2317
211 2318
211 2319
211 2320
211 2321
211 2322
211 2323
212 261
214 318
215 318
217 1941
218 227
218 626
218 1424
218 1770
218 1771
218 1772
218 1773
218 1774
218 1775
218 1776
218 1777
218 1778
218 1779
218 1780
218 1781
218 1782
218 1783
218 1784
219 227
219 375
219 474
219 579
219 952
219 1073
219 1098
219 1109
219 1271
219 1432
219 1550
219 1558
219 1579
219 1688
219 1690
219 1713
219 1983
219 2097
219 2098
219 2099
219 2100
219 2101
219 2102
219 2103
219 2104
219 2105
219 2106
219 2107
219 2108
219 2109
219 2110
219 2111
219 2112
219 2113
219 2114
219 2115
219 2116
219 2117
219 2118
219 2119
219 2120
219 2121
219 2122
219 2123
219 2124
219 2125
219 2126
219 2127
219 2128
219 2129
219 2130
219 2131
220 416
220 437
220 898
220 980
220 1152
220 1359
220 1938
220 1996
220 2001
220 2009
220 2087
220 2140
220 2141
220 2142
220 2143
220 2144
220 2145
220 2146
220 2147
220 2148
220 2149
220 2150
220 2151
220 2152
193 221
200 221
221 290
221 299
221 444
221 446
221 460
221 559
221 1903
221 1914
221 1947
221 1954
221 1959
221 1966
221 1972
221 1978
221 1981
221 1987
221 1989
221 1993
221 2268
221 2413
221 2414
137 222
144 222
222 234
222 307
222 361
222 437
222 847
222 849
222 895
222 907
222 994
222 998
222 1042
222 1045
222 1151
222 1262
222 1638
222 1664
222 1875
222 1908
222 1930
222 1932
222 1969
222 1994
222 1995
222 2000
222 2005
222 2034
222 2039
222 2043
222 2066
222 2071
222 2072
222 2074
222 2078
222 2082
222 2140
222 2144
222 2147
222 2233
222 2374
222 2554
222 2559
222 2617
222 2618
222 2619
222 2620
222 2621
222 2622
222 2623
222 2624
224 318
226 355
226 478
226 896
226 1114
226 1150
226 1918
226 1994
226 1995
226 1996
226 1997
226 1998
226 1999
226 2000
226 2001
226 2002
226 2003
226 2004
226 2005
226 2006
226 2007
226 2008
226 2009
226 2010
226 2011
227 240
227 247
227 248
227 255
227 256
227 260
227 261
227 262
227 263
227 307
227 308
227 325
227 340
227 342
227 343
227 384
227 386
227 459
227 471
227 491
227 493
227 494
227 502
227 537
227 538
227 544
227 546
227 548
227 761
227 1809
227 2257
227 2258
227 2259
227 2260
227 2261
227 2262
227 2263
190 228
228 235
228 239
228 278
228 306
228 1913
228 1933
228 1946
228 1969
228 1980
228 1988
228 2268
228 2269
228 2270
198 229
205 229
229 292
229 297
229 304
229 442
229 452
229 453
229 457
229 459
229 467
229 561
229 1915
229 1928
229 1948
229 1950
229 1953
229 1961
229 1964
229 1967
229 1971
229 1977
229 1982
229 1983
229 1986
229 1990
229 1991
229 2269
229 2414
229 2415
230 350
234 877
234 1009
234 1014
234 1015
234 1185
234 1461
234 1463
234 1466
234 1467
234 1519
234 1520
234 1521
234 1522
234 1523
234 1524
234 1525
234 1526
234 1527
234 1528
234 1529
235 264
235 1553
235 1718
235 1896
235 1899
235 1900
236 278
236 361
236 444
236 758
236 854
236 995
236 1044
236 1255
236 1922
236 2011
236 2034
236 2039
236 2058
236 2059
236 2060
236 2061
236 2062
236 2063
236 2064
236 2065
236 2066
236 2067
236 2068
236 2069
236 2070
237 551
237 961
237 1110
237 1189
237 1241
237 1456
237 1525
237 1567
237 1801
237 2030
237 2094
237 2113
237 2121
237 2186
237 2194
237 2195
237 2196
237 2197
237 2198
237 2199
237 2200
237 2201
237 2202
237 2203
237 2204
237 2205
237 2206
237 2207
237 2208
237 2209
237 2210
238 729
238 944
238 1381
238 2224
238 2239
238 2240
238 2241
238 2242
238 2243
238 2244
238 2245
238 2246
238 2247
238 2248
137 239
239 264
239 280
239 314
239 320
239 322
239 334
239 345
239 457
239 483
239 489
239 571
239 586
239 688
239 731
239 822
239 881
239 1116
239 1138
239 1233
239 1276
239 1282
239 1306
239 1349
239 1557
239 1585
239 1590
239 1686
239 1689
239 1815
239 1857
239 1863
239 1944
239 2017
239 2019
239 2100
239 2105
239 2156
239 2181
239 2266
239 2386
239 2391
239 2421
239 2422
239 2423
239 2424
239 2425
239 2426
239 2427
239 2428
239 2429
239 2430
239 2431
239 2432
239 2433
239 2434
239 2435
239 2436
239 2437
239 2438
239 2439
239 2440
239 2441
239 2442
239 2443
239 2444
239 2445
239 2446
239 2447
239 2448
239 2449
239 2450
239 2451
239 2452
239 2453
239 2454
239 2455
240 274
240 427
240 475
240 549
240 600
240 802
240 840
240 873
240 1004
240 1119
240 1128
240 1183
240 1201
240 1214
240 1239
240 1350
240 1370
240 1374
240 1448
240 1457
240 1467
240 1535
240 1537
240 1548
240 1588
240 1598
240 1652
240 1666
240 1707
240 1734
240 1765
240 1771
240 1798
240 1887
240 2004
240 2027
240 2092
240 2120
240 2163
240 2206
240 2227
240 2244
240 2305
240 2318
240 2348
240 2377
240 2382
240 2385
240 2390
240 2394
240 2396
240 2403
240 2424
240 2431
240 2460
240 2461
240 2511
240 2513
240 2518
240 2538
240 2566
240 2569
240 2571
240 2573
240 2575
240 2578
240 2580
240 2597
240 2602
240 2603
240 2626
240 2630
240 2631
240 2632
240 2633
240 2634
240 2635
240 2636
240 2637
240 2638
240 2639
240 2640
240 2641
240 2642
240 2643
240 2644
240 2645
240 2646
240 2647
240 2648
240 2649
240 2650
240 2651
240 2652
240 2653
240 2654
240 2655
240 2656
240 2657
240 2658
140 242
243 248
244 318
244 894
140 570
140 847
140 848
140 849
140 850
140 851
140 852
140 853
140 854
140 855
140 856
140 857
140 858
140 859
140 860
140 861
140 862
140 863
140 864
184 705
184 1105
184 1320
184 1489
184 1619
184 1639
184 1723
184 1743
184 1768
184 1785
184 1786
184 1787
322 1912
137 286
137 287
137 288
137 289
137 290
137 291
137 292
137 293
137 294
137 295
138 252
138 269
138 349
138 459
138 500
138 502
138 534
138 535
138 536
138 537
138 538
138 539
138 540
138 541
138 542
138 543
139 548
139 713
139 714
139 715
139 716
139 717
139 718
139 719
139 720
139 721
139 722
139 723
139 724
139 725
139 726
139 727
139 728
141 180
141 651
141 756
141 1052
141 1053
141 1054
141 1055
141 1056
141 1057
143 278
143 329
143 456
143 696
143 701
143 736
143 1299
143 1300
143 1301
143 1302
143 1303
143 1304
143 1305
143 1306
143 1307
143 1308
143 1309
143 1310
143 1311
143 1312
143 1313
143 1314
143 1315
143 1316
143 1317
143 1318
144 402
144 481
144 1026
144 1429
144 1430
144 1431
144 1432
144 1433
144 1434
144 1435
144 1436
144 1437
144 1438
144 1439
144 1440
144 1441
144 1442
145 596
145 632
145 1010
145 1461
145 1462
145 1463
145 1464
145 1465
145 1466
145 1467
145 1468
145 1469
145 1470
145 1471
145 1472
146 843
146 1500
146 1501
146 1502
146 1503
146 1504
146 1505
146 1506
146 1507
146 1508
146 1509
147 693
147 846
147 960
147 1034
147 1215
147 1225
147 1290
147 1337
147 1422
147 1555
147 1556
147 1557
147 1558
147 1559
147 1560
147 1561
147 1562
147 1563
147 1564
147 1565
147 1566
147 1567
147 1568
147 1569
147 1570
147 1571
148 1171
148 1274
148 1490
148 1516
148 1609
148 1644
148 1715
148 1721
148 1742
148 1767
148 1785
148 1788
149 1041
149 1049
149 1231
149 1332
149 1381
149 1382
149 1393
149 1497
149 1626
149 1628
149 1729
149 1735
149 1747
149 1751
149 1756
149 1758
149 1806
149 1810
149 1811
149 1812
151 245
151 286
151 296
151 407
151 439
151 461
151 558
151 611
151 643
151 1259
151 1927
151 1928
270 318
247 383
351 383
383 408
383 409
383 612
383 613
383 644
383 645
383 866
383 1259
383 1927
383 1928
384 386
384 394
384 591
384 628
384 716
384 806
384 831
384 868
384 968
384 1010
384 1107
384 1555
384 1631
384 1814
384 2212
384 2291
384 2327
384 2344
384 2346
384 2349
384 2360
384 2361
384 2362
384 2363
384 2364
384 2365
384 2366
246 385
317 385
317 388
246 389
318 390
391 760
391 1941
179 581
179 801
179 1161
179 1196
179 1574
179 1705
179 1706
179 1707
179 1708
179 1709
179 1710
179 1711
179 1712
179 1713
179 1714
179 1715
179 1716
179 1717
179 1718
179 1719
180 280
180 1258
180 1762
180 1764
180 1865
180 1867
180 1868
357 491
359 392
200 841
200 1028
200 1036
200 1089
200 1214
200 1227
200 1297
200 1298
200 1341
200 1342
200 1427
200 1431
200 1442
200 1506
200 1566
200 1571
200 1635
200 1654
200 1659
200 1684
200 1685
200 1726
200 1727
200 1755
200 1776
200 1783
200 1804
200 1805
200 1821
200 1824
200 1850
200 1872
200 2356
200 2420
200 2502
200 2530
200 2535
200 2538
200 2540
200 2544
200 2546
200 2548
200 2549
200 2550
256 360
320 360
360 1162
360 1265
360 1512
360 1606
360 1628
360 1844
360 1867
360 2077
360 2168
360 2236
360 2246
360 2250
360 2602
360 2609
360 2610
360 2611
360 2612
360 2613
360 2614
360 2615
360 2616
363 1091
322 364
280 365
365 1259
322 366
350 367
182 370
182 286
182 501
182 606
182 792
182 921
182 923
182 979
182 988
182 1036
182 1037
182 1062
182 1065
182 1125
182 1126
182 1138
182 1144
182 1148
182 1202
182 1239
182 1245
182 1273
182 1275
182 1319
182 1322
182 1323
182 1324
183 563
183 708
183 741
183 1167
183 1315
183 1516
183 1572
183 1573
183 1574
183 1575
183 1576
183 1577
185 748
185 1391
185 1658
185 1806
185 1807
185 1850
185 1851
185 1881
185 1884
185 1885
185 1897
185 1901
186 245
186 291
186 301
186 373
186 441
186 448
186 516
186 679
186 1327
186 1902
186 1941
186 1945
186 1955
186 1963
186 1968
186 1973
186 1979
186 1980
186 1981
186 1982
186 1983
186 1984
186 1985
186 1986
186 1987
187 421
187 655
187 658
187 699
187 711
187 734
187 747
187 939
187 1099
187 1101
187 1308
187 1316
187 1333
187 1341
187 1404
187 1412
187 1417
187 1482
187 1510
187 1517
187 1535
187 1543
187 1574
187 1834
187 1974
187 1989
187 2050
187 2054
187 2092
187 2134
187 2137
187 2170
187 2172
187 2173
187 2174
187 2175
188 248
188 728
188 814
188 1253
188 2205
188 2212
188 2213
188 2214
188 2215
188 2216
188 2217
309 729
246 337
337 1344
337 1661
337 1781
337 1803
337 1828
337 1830
337 1831
337 1869
337 1870
337 1871
337 1872
337 1873
194 338
246 338
338 438
338 440
338 445
338 463
338 560
338 564
338 611
338 679
338 1299
338 1325
338 1902
338 1941
338 1942
338 1943
338 1944
338 1945
338 1946
338 1947
338 1948
338 1949
338 1950
338 1951
338 1952
338 1953
338 1954
339 350
339 374
339 472
339 513
339 767
339 869
339 1137
339 1280
339 1348
339 1953
339 2012
339 2013
339 2014
339 2015
339 2016
339 2017
339 2018
339 2019
339 2020
339 2021
339 2022
339 2023
339 2024
339 2025
339 2026
339 2027
339 2028
339 2029
339 2030
339 2031
339 2032
339 2033
340 968
246 341
342 350
343 350
246 344
246 347
348 350
178 349
248 282
248 312
248 758
248 850
248 857
248 864
248 900
248 999
248 1007
248 1038
248 1046
248 1148
248 1153
248 1919
248 1929
248 1931
248 1936
248 1988
248 1997
248 2002
248 2006
248 2010
248 2058
248 2069
248 2076
248 2079
248 2084
248 2143
248 2145
248 2151
248 2231
248 2232
248 2237
248 2446
248 2552
248 2555
248 2560
248 2618
248 2620
248 2624
248 2628
248 2629
199 350
260 350
275 350
295 350
303 350
315 350
316 350
321 350
324 350
326 350
328 350
335 350
336 350
350 354
350 372
350 377
350 378
350 381
350 403
350 412
350 414
350 428
350 442
350 447
350 449
350 467
350 468
350 469
350 470
350 477
350 479
350 490
350 511
350 515
350 517
350 520
350 521
350 529
350 536
350 538
350 539
350 545
350 546
350 554
350 565
350 566
350 567
350 574
350 575
350 576
350 578
350 582
350 585
350 597
350 602
350 604
350 607
350 613
350 621
350 636
350 638
350 659
350 662
350 671
350 680
350 685
350 686
350 688
350 690
350 691
350 713
350 714
350 721
350 722
350 724
350 725
350 736
350 766
350 775
350 784
350 790
350 797
350 800
350 808
350 815
350 838
350 846
350 851
350 858
350 867
350 883
350 885
350 915
350 917
350 919
350 920
350 946
350 948
350 957
350 963
350 967
350 970
350 996
350 998
350 1007
350 1008
350 1009
350 1011
350 1040
350 1058
350 1059
350 1076
350 1106
350 1107
350 1122
350 1141
350 1144
350 1145
350 1173
350 1176
350 1182
350 1188
350 1195
350 1199
350 1200
350 1203
350 1206
350 1208
350 1209
350 1226
350 1227
350 1249
350 1275
350 1290
350 1295
350 1300
350 1301
350 1302
350 1307
350 1317
350 1319
350 1345
350 1355
350 1357
350 1360
350 1362
350 1372
350 1376
350 1383
350 1384
350 1395
350 1404
350 1444
350 1445
350 1446
350 1448
350 1450
350 1454
350 1457
350 1460
350 1465
350 1466
350 1477
350 1529
350 1530
350 1532
350 1543
350 1545
350 1548
350 1549
350 1550
350 1555
350 1556
350 1570
350 1571
350 1586
350 1589
350 1591
350 1594
350 1597
350 1601
350 1602
350 1607
350 1622
350 1645
350 1687
350 1693
350 1697
350 1698
350 1700
350 1718
350 1720
350 1736
350 1737
350 1769
350 1777
350 1789
350 1790
350 1800
350 1805
350 1829
350 1869
350 1888
350 1948
350 1949
350 1950
350 1951
350 1955
350 1963
350 1973
350 1982
350 1985
350 1991
350 2021
350 2024
350 2025
350 2029
350 2030
350 2031
350 2032
350 2053
350 2093
350 2095
350 2117
350 2118
350 2121
350 2122
350 2126
350 2127
350 2128
350 2129
350 2137
350 2138
350 2187
350 2190
350 2192
350 2205
350 2206
350 2207
350 2209
350 2215
350 2225
350 2228
350 2229
350 2230
350 2246
350 2248
350 2257
350 2261
350 2262
350 2267
350 2323
350 2355
350 2363
350 2368
350 2373
350 2393
350 2398
350 2400
350 2402
350 2405
350 2406
350 2409
350 2411
350 2412
350 2417
350 2418
350 2434
350 2440
350 2441
350 2443
350 2447
350 2448
350 2451
350 2453
350 2455
350 2467
350 2471
350 2472
350 2473
350 2493
350 2501
350 2506
350 2516
350 2520
350 2523
350 2526
350 2528
350 2529
350 2540
350 2541
350 2543
350 2568
350 2570
350 2572
350 2574
350 2584
350 2587
350 2588
350 2589
350 2591
350 2598
350 2600
350 2604
350 2606
350 2608
350 2622
350 2625
350 2627
350 2628
350 2631
350 2633
350 2634
350 2635
350 2636
350 2650
350 2651
350 2652
350 2653
350 2654
350 2655
350 2656
350 2657
350 2658
350 2660
350 2694
350 2700
350 2701
350 2702
350 2704
350 2705
350 2706
350 2709
350 2711
350 2712
350 2713
350 2714
350 2716
350 2717
350 2718
350 2719
350 2720
350 2737
350 2738
350 2739
350 2740
260 392
392 899
392 901
392 1147
392 1155
392 1157
392 1999
392 2008
392 2028
392 2142
392 2150
392 2270
392 2558
392 2559
392 2560
392 2561
392 2562
306 393
318 395
317 396
396 2374
318 398
318 399
400 438
400 1078
261 402
318 404
406 1941
316 1916
322 1926
245 246
246 251
246 254
246 259
246 264
246 268
246 272
246 274
246 278
246 305
246 306
246 310
246 492
246 496
246 498
246 534
246 535
246 541
246 543
246 547
246 550
246 551
246 552
246 763
246 2257
246 2259
246 2261
246 2262
246 2265
246 2266
246 2267
190 278
278 308
278 318
278 1638
278 1664
278 1863
278 1920
278 1929
278 1930
278 1931
278 1932
278 1933
278 1934
278 1935
278 1936
278 1937
278 1938
278 1939
278 1940
279 417
279 650
279 654
279 667
279 703
279 733
279 746
279 945
279 1100
279 1102
279 1309
279 1317
279 1342
279 1343
279 1401
279 1414
279 1418
279 1476
279 1481
279 1513
279 1518
279 1537
279 1538
279 1575
279 1835
279 1975
279 1992
279 2052
279 2056
279 2095
279 2135
279 2138
279 2169
279 2172
279 2173
279 2174
279 2211
280 559
280 729
280 756
280 1041
280 1163
280 1263
280 1729
280 1758
280 1764
280 1837
280 1839
280 1843
280 1876
280 1993
280 2068
280 2096
280 2224
280 2234
280 2247
280 2251
280 2253
280 2599
280 2604
280 2612
280 2614
280 2662
280 2665
280 2668
280 2749
195 530
194 531
319 531
196 532
254 533
254 455
254 662
254 698
254 712
254 968
254 1106
254 1194
254 1310
254 1335
254 1447
254 1477
254 1530
254 1531
254 1532
254 1533
254 1534
254 1535
254 1536
254 1537
254 1538
254 1539
254 1540
254 1541
254 1542
254 1543
254 1544
255 1168
255 1172
255 1296
255 1321
255 1322
255 1488
255 1512
255 1517
255 1610
255 1618
255 1646
255 1647
255 1715
255 1726
255 1739
255 1741
255 1765
255 1766
255 1786
255 1813
256 1762
256 1836
256 1837
256 1838
256 1839
256 1840
256 1841
256 1842
256 1843
256 1844
256 1845
256 1846
257 1483
257 1661
257 1781
257 1832
257 1834
257 1835
257 1872
257 1873
257 1886
257 1887
257 1888
257 1889
258 861
258 1006
258 1049
258 1160
258 1258
258 1262
258 1305
258 1836
258 1875
258 1940
258 2063
258 2068
258 2077
258 2080
258 2089
258 2152
258 2231
258 2232
258 2233
258 2234
258 2235
258 2236
258 2237
258 2238
259 737
259 903
259 1264
259 1345
259 1407
259 2140
259 2153
259 2176
259 2271
259 2272
259 2273
259 2274
259 2275
259 2276
259 2277
259 2278
260 430
260 629
260 715
260 773
260 867
260 895
260 968
260 1081
260 1208
260 1429
260 1485
260 1500
260 1827
260 2279
260 2280
260 2281
260 2282
260 2283
260 2284
260 2285
260 2286
260 2287
260 2288
260 2289
260 2290
260 2291
260 2292
261 605
261 641
261 772
261 787
261 831
261 931
261 1018
261 1079
261 1087
261 1206
261 1208
261 1251
261 1279
261 1328
261 1330
261 1369
261 1429
261 1500
261 1555
261 1631
261 1650
261 1669
261 1774
261 1792
261 1814
261 2328
261 2331
261 2342
261 2356
261 2357
261 2367
261 2372
261 2416
261 2417
261 2418
261 2419
261 2420
262 433
262 719
262 723
262 817
262 950
262 1074
262 1115
262 1179
262 1247
262 1248
262 1430
262 1454
262 1522
262 1796
262 1853
262 2103
262 2104
262 2180
262 2201
262 2214
262 2281
262 2370
262 2384
262 2392
262 2456
262 2457
262 2458
262 2459
262 2460
262 2461
262 2462
262 2463
262 2464
262 2465
262 2466
262 2467
262 2468
262 2469
262 2470
262 2471
262 2472
262 2473
262 2474
263 556
263 816
263 870
263 891
263 953
263 955
263 962
263 981
263 1064
263 1154
263 1181
263 1186
263 1192
263 1218
263 1347
263 1356
263 1411
263 1503
263 1524
263 1542
263 1552
263 1568
263 1614
263 1671
263 1692
263 1699
263 1701
263 1732
263 1738
263 1793
263 1891
263 2018
263 2107
263 2110
263 2159
263 2184
263 2186
263 2194
263 2302
263 2305
263 2309
263 2323
263 2330
263 2383
263 2407
263 2433
263 2452
263 2459
263 2470
263 2483
263 2484
263 2485
263 2493
263 2505
263 2507
263 2508
263 2509
263 2510
263 2511
263 2512
263 2513
263 2514
263 2515
263 2516
263 2517
263 2518
263 2519
263 2520
263 2521
263 2522
263 2523
263 2524
263 2525
263 2526
202 264
264 411
264 503
264 557
264 562
264 672
264 676
264 741
264 769
264 795
264 866
264 1158
264 1159
264 1162
264 1168
264 1490
264 1572
264 1575
264 1609
264 1644
264 1705
264 1706
264 1708
264 1709
264 1711
264 1712
264 1788
264 1856
264 1858
264 1859
264 1860
264 1892
264 1893
264 1894
264 1899
264 2454
264 2542
264 2543
268 468
332 468
468 580
468 583
468 623
468 729
468 818
468 828
468 855
468 880
468 959
468 1003
468 1075
468 1121
468 1240
468 1250
468 1293
468 1316
468 1364
468 1378
468 1458
468 1492
468 1527
468 1554
468 1566
468 1592
468 1595
468 1599
468 1656
468 1667
468 1694
468 1696
468 1716
468 1730
468 1766
468 1778
468 1804
468 1889
468 1890
468 2075
468 2101
468 2115
468 2119
468 2125
468 2135
468 2183
468 2207
468 2222
468 2243
468 2309
468 2350
468 2387
468 2395
468 2425
468 2427
468 2428
468 2430
468 2457
468 2463
468 2464
468 2466
468 2485
468 2512
468 2563
468 2564
468 2565
468 2566
468 2567
468 2568
468 2569
468 2570
468 2571
468 2572
468 2573
468 2574
468 2575
468 2576
468 2577
468 2578
468 2579
468 2580
468 2581
468 2582
468 2583
468 2584
468 2585
468 2586
468 2587
468 2588
468 2589
468 2590
468 2591
473 968
478 729
480 934
480 1205
199 481
319 482
482 491
289 484
318 486
488 968
491 514
518 2374
306 519
317 519
289 522
524 968
319 525
491 525
199 527
195 528
203 286
286 294
286 302
286 455
286 456
286 465
286 563
286 643
286 732
286 934
286 1090
286 1299
286 1325
286 1327
286 1395
286 1405
286 1474
286 1530
286 1952
286 1965
286 1974
286 1975
286 1979
286 1984
286 1988
286 1989
286 1990
286 1991
286 1992
286 1993
411 865
190 413
196 316
201 316
204 316
288 316
316 373
316 443
316 564
316 1090
316 1259
316 1395
316 1405
316 1530
316 1933
316 1944
316 1955
316 1956
316 1957
316 1958
316 1959
316 1960
316 1961
316 1962
316 1963
316 1964
316 1965
316 1966
316 1967
318 630
306 631
491 634
634 1955
318 635
637 894
318 639
318 640
192 641
642 1941
296 302
195 376
194 656
656 2374
195 657
657 968
196 661
491 661
195 535
700 764
190 704
177 705
195 706
194 707
177 709
191 709
196 710
319 710
190 711
178 712
245 582
245 725
245 826
245 871
245 1129
245 1140
245 1191
245 1219
245 1352
245 1443
245 1444
245 1445
245 1446
245 1447
245 1448
245 1449
245 1450
245 1451
245 1452
245 1453
245 1454
245 1455
245 1456
245 1457
245 1458
245 1459
245 1460
247 454
247 541
247 560
247 561
247 581
247 616
247 820
247 829
247 1131
247 1132
247 1160
247 1163
247 1164
247 1165
247 1197
247 1274
247 1315
247 1553
247 1573
247 1576
247 1577
247 1603
247 1703
247 1707
247 1710
247 1713
247 1714
247 1716
247 1721
247 1767
247 1857
247 1862
247 1890
247 1891
247 1895
247 1900
247 2454
247 2542
247 2543
305 729
305 1782
305 1808
305 1852
305 1883
305 1898
305 1901
306 588
306 599
306 620
306 779
306 926
306 1013
306 1083
306 1206
306 1249
306 1279
306 1650
306 1774
306 1827
306 2279
306 2280
306 2284
306 2326
306 2329
306 2332
306 2336
306 2344
306 2345
306 2346
306 2347
306 2348
306 2349
306 2350
306 2351
306 2352
306 2353
306 2354
306 2355
306 2356
306 2357
306 2358
306 2359
307 626
307 836
307 839
307 930
307 941
307 960
307 975
307 1029
307 1030
307 1031
307 1067
307 1085
307 1184
307 1193
307 1209
307 1218
307 1222
307 1278
307 1288
307 1291
307 1294
307 1331
307 1336
307 1338
307 1358
307 1368
307 1425
307 1434
307 1436
307 1501
307 1502
307 1520
307 1562
307 1565
307 1568
307 1615
307 1632
307 1634
307 1651
307 1657
307 1668
307 1670
307 1672
307 1677
307 1678
307 1679
307 1722
307 1775
307 1790
307 1793
307 1816
307 1817
307 1831
307 1848
307 2328
307 2331
307 2342
307 2416
307 2501
307 2505
307 2519
307 2527
307 2528
307 2529
307 2530
307 2531
307 2532
307 2533
307 2534
307 2535
307 2536
308 750
308 995
308 1163
308 1379
308 1423
308 1593
308 1649
308 1729
308 1853
308 1954
308 1981
308 2033
308 2045
308 2059
308 2096
308 2210
308 2217
308 2218
308 2219
308 2221
308 2226
308 2247
308 2254
308 2422
308 2510
308 2551
308 2553
308 2577
308 2590
308 2593
308 2594
308 2595
308 2596
308 2644
308 2659
308 2660
419 2374
426 968
195 938
317 947
947 1955
949 2374
297 954
319 956
321 957
289 958
321 958
319 961
491 963
319 964
199 965
965 1664
289 296
289 382
289 534
289 553
289 726
289 727
289 763
289 882
289 1077
289 1104
289 1111
289 1112
289 1133
289 1143
289 1190
289 1221
289 1244
289 1245
289 1252
289 1365
289 1367
289 1406
289 1458
289 1460
289 1528
289 1532
289 1554
289 1556
289 1582
289 1605
289 1768
289 1802
289 1820
289 1822
289 1854
289 1862
289 1955
289 1986
289 2016
289 2020
289 2023
289 2102
289 2112
289 2113
289 2116
289 2123
289 2130
289 2159
289 2185
289 2200
289 2201
289 2209
289 2213
289 2216
289 2239
289 2360
289 2361
289 2371
289 2378
289 2397
289 2410
289 2429
289 2435
289 2437
289 2438
289 2450
289 2458
289 2465
289 2468
289 2474
289 2483
289 2496
289 2525
289 2539
289 2561
289 2565
289 2583
289 2592
289 2601
289 2643
289 2649
289 2659
289 2707
289 2710
289 2721
289 2737
289 2738
289 2739
289 2740
783 894
199 1021
729 1021
729 1139
177 465
177 500
177 508
177 670
177 673
177 770
177 793
177 798
177 824
177 827
177 1127
177 1130
177 1168
177 1169
177 1170
177 1171
177 1172
178 467
178 511
178 543
178 617
178 675
178 767
178 802
178 823
178 830
178 1129
178 1134
178 1170
178 1197
178 1199
190 460
190 510
190 542
190 669
190 674
190 771
190 799
190 803
190 822
190 828
190 1128
190 1133
190 1169
190 1172
190 1196
190 1198
190 1199
191 465
191 744
191 942
191 985
191 1105
191 1270
191 1314
191 1340
191 1413
191 1484
191 1510
191 1511
191 1512
191 1513
191 1514
191 1515
191 1516
191 1517
191 1518
192 1037
192 1441
192 1470
192 1507
192 1800
192 1814
192 1815
192 1816
192 1817
192 1818
192 1819
192 1820
192 1821
192 1822
192 1823
192 1824
193 1091
193 1166
193 1198
193 1603
193 1719
193 1785
193 1856
193 1857
193 1858
193 1859
193 1860
193 1861
193 1862
194 738
194 943
194 968
194 1104
194 1212
194 1304
194 1311
194 1339
194 1398
194 1411
194 1447
194 1475
194 1515
194 1533
194 1541
194 1577
194 1828
194 1833
194 1952
194 2026
194 2090
194 2091
194 2092
194 2093
194 2094
194 2095
194 2096
195 696
195 698
195 731
195 743
195 1097
195 1098
195 1270
195 1300
195 1301
195 1312
195 1328
195 1329
195 1336
195 1337
195 1396
195 1400
195 1406
195 1416
195 1478
195 1514
195 1532
195 1539
195 1540
195 1573
195 1830
195 1979
195 1984
195 1991
195 2051
195 2053
195 2090
195 2091
195 2094
195 2132
195 2133
195 2134
195 2135
195 2136
195 2137
195 2138
195 2139
196 625
196 737
196 935
196 985
196 1093
196 1194
196 1302
196 1313
196 1330
196 1331
196 1403
196 1408
196 1415
196 1479
196 1542
196 1576
196 1831
196 1990
196 2055
196 2093
196 2132
196 2133
196 2136
196 2169
196 2170
196 2171
197 1000
197 1600
197 1731
197 1841
197 2038
197 2064
197 2218
197 2219
197 2220
197 2221
197 2222
197 2223
197 2224
197 2225
197 2226
197 2227
197 2228
197 2229
197 2230
198 577
198 693
198 824
198 835
198 1023
198 1027
198 1039
198 1082
198 1207
198 1211
198 1223
198 1282
198 1303
198 1325
198 1432
198 1455
198 1504
198 1559
198 1563
198 1633
198 1649
198 1656
198 1663
198 1667
198 1673
198 1721
198 1728
198 1771
198 1797
198 1820
198 1828
198 1870
198 2417
198 2449
198 2499
198 2500
198 2501
198 2502
198 2503
198 2504
198 2505
198 2506
199 496
199 694
199 837
199 840
199 872
199 978
199 1032
199 1080
199 1136
199 1170
199 1187
199 1210
199 1213
199 1216
199 1219
199 1220
199 1276
199 1280
199 1289
199 1293
199 1327
199 1329
199 1335
199 1339
199 1380
199 1421
199 1423
199 1430
199 1503
199 1514
199 1556
199 1560
199 1564
199 1567
199 1569
199 1578
199 1652
199 1665
199 1666
199 1671
199 1725
199 1773
199 1778
199 1789
199 1791
199 1794
199 1799
199 1801
199 1815
199 1822
199 1830
199 1871
199 2367
199 2372
199 2408
199 2418
199 2499
199 2500
199 2503
199 2504
199 2519
199 2527
199 2528
199 2529
199 2531
199 2537
199 2538
199 2539
199 2540
199 2541
314 1012
314 1185
314 1469
314 1524
314 1580
314 1581
314 1662
314 1663
315 1499
315 1620
315 1683
315 1749
315 1847
315 1848
315 1881
315 1882
315 1883
315 1884
315 1885
317 594
317 600
317 715
317 716
317 871
317 876
317 968
317 1014
317 1108
317 1110
317 1175
317 1246
317 1328
317 1369
317 1792
317 2212
317 2281
317 2324
317 2325
317 2330
317 2337
317 2347
317 2348
317 2350
317 2355
317 2360
317 2361
317 2363
317 2367
317 2368
317 2369
317 2370
317 2371
317 2372
317 2373
318 333
318 379
318 494
318 584
318 587
318 589
318 590
318 593
318 598
318 601
318 603
318 608
318 609
318 673
318 718
318 729
318 774
318 775
318 784
318 785
318 788
318 790
318 792
318 809
318 863
318 869
318 873
318 880
318 881
318 883
318 896
318 899
318 900
318 924
318 927
318 928
318 932
318 1009
318 1011
318 1012
318 1020
318 1080
318 1082
318 1084
318 1089
318 1109
318 1112
318 1247
318 1248
318 1252
318 1253
318 1484
318 1488
318 1490
318 1491
318 2285
318 2288
318 2289
318 2290
318 2292
318 2313
318 2333
318 2334
318 2335
318 2338
318 2339
318 2340
318 2341
318 2345
318 2351
318 2353
318 2354
318 2358
318 2362
318 2364
318 2366
318 2368
318 2369
318 2370
318 2371
318 2416
318 2417
318 2418
318 2419
318 2698
318 2699
319 380
319 433
319 623
319 717
319 814
319 817
319 818
319 874
319 893
319 929
319 943
319 944
319 968
319 976
319 978
319 1031
319 1068
319 1165
319 1180
319 1189
319 1191
319 1222
319 1336
319 1352
319 1354
319 1361
319 1368
319 1399
319 1402
319 1410
319 1504
319 1520
319 1552
319 1581
319 1663
319 1680
319 1702
319 1704
319 1740
319 1751
319 1895
319 1896
319 2014
319 2099
319 2111
319 2132
319 2136
319 2141
319 2148
319 2156
319 2163
319 2178
319 2179
319 2182
319 2189
319 2191
319 2194
319 2277
319 2304
319 2318
319 2324
319 2325
319 2337
319 2379
319 2401
319 2439
319 2469
319 2496
319 2497
319 2507
319 2508
319 2510
319 2514
319 2515
319 2521
319 2522
319 2524
319 2527
319 2531
319 2582
319 2607
319 2642
319 2646
319 2703
319 2708
319 2715
319 2718
319 2719
319 2720
319 2721
320 1053
320 1056
320 1158
320 1166
320 1231
320 1260
320 1261
320 1267
320 1268
320 1626
320 1806
320 1810
320 1842
320 1845
320 1865
320 1874
320 1878
320 1940
320 2049
320 2057
320 2089
320 2175
320 2233
320 2237
320 2244
320 2255
320 2605
320 2606
320 2609
320 2611
320 2613
320 2663
320 2664
320 2666
320 2667
320 2749
321 435
321 622
321 811
321 887
321 928
321 935
321 939
321 971
321 1063
321 1065
321 1153
321 1209
321 1294
321 1355
321 1414
321 1434
321 1479
321 1616
321 1624
321 1643
321 1651
321 1675
321 1676
321 1696
321 1697
321 1739
321 1746
321 1879
321 1881
321 1894
321 1996
321 2110
321 2144
321 2158
321 2180
321 2183
321 2239
321 2249
321 2272
321 2282
321 2293
321 2297
321 2299
321 2300
321 2316
321 2326
321 2339
321 2383
321 2433
321 2469
321 2475
321 2480
321 2482
321 2492
321 2494
321 2512
321 2520
321 2530
321 2646
321 2708
321 2726
321 2727
321 2728
321 2729
321 2732
321 2750
321 2751
321 2752
321 2753
321 2754
321 2755
290 322
322 752
322 754
322 757
322 759
322 854
322 862
322 1498
322 1600
322 1604
322 1627
322 1745
322 1748
322 1759
322 1760
322 1763
322 1844
322 1846
322 1855
322 1959
322 1989
322 2011
322 2035
322 2044
322 2046
322 2047
322 2048
322 2058
322 2062
322 2066
322 2069
322 2070
322 2085
322 2131
322 2217
322 2222
322 2227
322 2228
322 2230
322 2249
322 2255
322 2256
322 2413
322 2414
322 2552
322 2557
322 2558
322 2585
322 2590
322 2592
322 2597
322 2600
322 2601
322 2604
322 2614
322 2659
322 2660
322 2662
322 2668
322 2691
322 2741
322 2742
322 2743
322 2744
322 2745
322 2746
322 2747
322 2748
327 968
330 2374
371 968
380 491
429 845
429 1187
429 1437
429 1508
429 1631
429 1632
429 1633
429 1634
429 1635
429 1636
429 1637
430 1955
436 831
460 1091
464 764
491 624
491 839
491 890
491 933
491 974
491 982
491 1057
491 1066
491 1069
491 1155
491 1156
491 1188
491 1190
491 1288
491 1302
491 1350
491 1360
491 1409
491 1412
491 1436
491 1506
491 1635
491 1636
491 1657
491 1681
491 1684
491 1700
491 1741
491 1750
491 1775
491 1790
491 1883
491 1885
491 2001
491 2018
491 2107
491 2149
491 2157
491 2164
491 2166
491 2169
491 2177
491 2181
491 2190
491 2231
491 2276
491 2294
491 2295
491 2301
491 2308
491 2314
491 2315
491 2329
491 2332
491 2338
491 2379
491 2401
491 2459
491 2477
491 2479
491 2481
491 2509
491 2511
491 2513
491 2523
491 2532
491 2533
491 2582
491 2642
491 2661
491 2696
491 2703
491 2719
491 2722
491 2723
491 2724
491 2725
491 2726
491 2727
491 2728
491 2729
491 2730
491 2731
491 2732
491 2733
491 2734
491 2735
491 2736
492 968
544 2374
554 760
594 968
610 1941
444 729
570 729
684 729
729 855
729 875
729 989
729 990
729 991
729 1001
729 1039
729 1047
729 1154
729 1160
729 1305
729 1359
729 1583
729 1863
729 1934
729 1946
729 1947
729 1980
729 1998
729 2004
729 2028
729 2059
729 2064
729 2075
729 2083
729 2141
729 2148
729 2235
729 2374
729 2446
729 2551
729 2553
729 2556
729 2561
729 2617
729 2619
729 2622
729 2625
729 2626
729 2627
729 2628
738 968
740 968
743 968
744 1638
745 1259
868 968
870 1955
872 1078
874 1955
875 894
882 1941
925 1955
831 927
930 1078
931 1664
933 1941
968 994
288 997
997 2421
999 2374
288 1000
298 1006
1039 1419
288 1041
1043 1825
1045 1825
288 1050
1051 1864
296 300
450 968
558 865
561 968
569 968
572 968
573 968
620 1955
806 1955
812 831
813 831
816 968
438 902
905 2374
438 908
913 968
916 968
918 1638
832 934
842 934
934 1022
934 1033
934 1083
934 1088
934 1094
934 1221
934 1229
934 1281
934 1284
934 1326
934 1420
934 1433
934 1440
934 1505
934 1557
934 1558
934 1608
934 1636
934 1653
934 1675
934 1682
934 1723
934 1754
934 1770
934 1779
934 1796
934 1802
934 1819
934 1823
934 1847
934 1849
934 1869
934 2408
934 2419
934 2449
934 2533
934 2534
934 2539
934 2544
934 2545
934 2546
934 2547
782 1955
301 968
443 968
612 968
666 968
675 968
685 968
686 968
691 968
755 968
768 968
796 968
835 968
968 1055
968 1080
968 1082
968 1177
968 1217
968 1266
968 1289
968 1301
968 1308
968 1309
968 1351
968 1389
968 1397
968 1401
968 1446
968 1450
968 1463
968 1464
968 1475
968 1478
968 1534
968 1538
968 1549
968 1561
968 1584
968 1641
968 1691
968 1714
968 1773
968 1789
968 1795
968 1877
968 1886
968 1899
968 1934
968 1942
968 1943
968 1968
968 2012
968 2015
968 2022
968 2038
968 2042
968 2045
968 2051
968 2083
968 2097
968 2098
968 2106
968 2109
968 2114
968 2134
968 2176
968 2177
968 2188
968 2195
968 2232
968 2259
968 2277
968 2302
968 2347
968 2375
968 2376
968 2380
968 2381
968 2388
968 2389
968 2399
968 2404
968 2421
968 2423
968 2426
968 2432
968 2436
968 2442
968 2444
968 2445
968 2456
968 2462
968 2484
968 2497
968 2502
968 2509
968 2517
968 2537
968 2542
968 2563
968 2564
968 2567
968 2576
968 2579
968 2581
968 2605
968 2617
968 2619
968 2630
968 2632
968 2637
968 2638
968 2639
968 2640
968 2641
968 2645
968 2647
968 2648
968 2694
968 2700
968 2701
968 2702
968 2703
968 2704
968 2705
968 2706
968 2707
968 2708
968 2709
968 2710
968 2711
968 2712
968 2713
968 2714
968 2715
968 2716
968 2717
287 979
297 984
777 1078
1022 1638
1024 1205
748 753
1229 1419
1230 2374
1235 1825
1238 1864
296 297
296 298
296 299
296 301
296 303
296 304
507 764
299 748
748 749
748 750
748 751
748 752
748 754
748 755
748 756
748 757
748 758
748 759
534 764
644 764
664 764
764 765
764 766
764 767
764 768
764 769
764 770
764 771
694 1205
838 1205
1184 1205
1205 1206
1205 1207
1205 1208
1205 1209
1205 1210
1205 1211
1205 1212
1205 1213
1205 1214
1205 1215
1205 1216
1205 1217
1205 1218
1205 1219
1205 1220
1205 1221
1205 1222
1205 1223
1205 1224
1205 1225
1205 1226
1205 1227
1285 1419
1332 1419
1368 1419
1369 1419
1388 1419
1419 1420
1419 1421
1419 1422
1419 1423
1419 1424
1419 1425
1419 1426
1419 1427
1419 1428
1017 1753
1018 1753
1462 1753
1470 1753
1520 1753
1526 1753
1578 1753
1663 1753
1753 1754
1753 1755
1374 1825
1383 1825
1392 1825
1427 1825
1495 1825
1629 1825
1630 1825
1730 1825
1736 1825
1746 1825
1752 1825
1757 1825
1759 1825
1807 1825
1810 1825
1811 1825
1825 1826
1378 1864
1384 1864
1394 1864
1424 1864
1428 1864
1496 1864
1625 1864
1734 1864
1737 1864
1750 1864
1760 1864
1808 1864
1812 1864
1826 1864
1057 1956
1165 1956
1264 1956
1399 1956
1747 1956
1879 1956
1956 2152
1956 2168
1956 2171
1956 2193
1956 2231
1956 2239
1956 2249
1956 2607
1956 2661
1956 2662
1956 2663
287 2160
291 2374
509 2374
690 2374
750 2374
794 2374
837 2374
1097 2374
1113 2374
1174 2374
1273 2374
1300 2374
1346 2374
1444 2374
1445 2374
1461 2374
1531 2374
1545 2374
1665 2374
1710 2374
1998 2374
2013 2374
2108 2374
2195 2374
2200 2374
2265 2374
2304 2374
2369 2374
2374 2375
2374 2376
2374 2377
2374 2378
2374 2379
2374 2380
2374 2381
2374 2382
2374 2383
2374 2384
2374 2385
2374 2386
2374 2387
2374 2388
2374 2389
2374 2390
2374 2391
2374 2392
2374 2393
2374 2394
2374 2395
2374 2396
2374 2397
2374 2398
2374 2399
2374 2400
2374 2401
2374 2402
2374 2403
2374 2404
2374 2405
2374 2406
2374 2407
2374 2408
2374 2409
2374 2410
2374 2411
2374 2412
446 2421
755 2421
1375 2421
1604 2421
1733 2421
1854 2421
1987 2421
2042 2421
2131 2421
2210 2421
2220 2421
2241 2421
2421 2510
2421 2556
2421 2585
2421 2592
2421 2593
2421 2594
2421 2595
2421 2596
2421 2597
2421 2598
2421 2599
2421 2600
2421 2601
831 2486
1091 2691
778 1955
791 1941
1250 1941
1078 1084
751 1091
852 1091
1091 1593
1091 1621
1091 1649
1091 1757
1091 1761
1091 1840
1091 1842
1091 1845
1091 1925
1091 1966
1091 1978
1091 2033
1091 2036
1091 2037
1091 2040
1091 2041
1091 2067
1091 2073
1091 2225
1091 2229
1091 2250
1091 2252
1091 2422
1091 2554
1091 2555
1091 2577
1091 2598
1091 2612
1091 2644
1091 2665
1091 2741
1091 2742
1091 2743
1091 2744
1091 2745
1091 2746
1091 2747
1091 2748
1091 2749
438 1277
1286 1638
1287 1664
831 1291
438 1292
438 1388
798 1863
297 1403
1487 1955
1611 1638
831 1613
1613 1638
1616 1863
831 1623
1664 1673
831 1693
831 1698
646 865
670 1638
1090 1380
1090 1426
1090 1658
1090 1683
1090 1728
1090 1782
1090 1847
1090 1848
1090 1849
1090 1850
1090 1851
1090 1852
1095 2293
1123 1863
288 1254
298 1606
1175 1955
297 1178
831 1182
298 1410
297 1416
1486 1955
1638 1642
1638 1643
1664 1674
1744 1863
298 1751
1638 1641
1638 1645
438 1720
1769 1863
438 834
438 844
438 1081
438 1217
438 1226
438 1334
438 1343
438 1428
438 1438
438 1439
438 1462
438 1509
438 1561
438 1570
438 1637
438 1640
438 1660
438 1676
438 1681
438 1772
438 1780
438 1784
438 1795
438 1798
438 1818
438 1851
438 1852
438 1873
438 2357
438 2506
438 2532
438 2536
438 2537
438 2541
438 2545
438 2547
438 2548
438 2549
438 2550
831 1062
1159 1259
1161 2293
298 1164
831 1357
287 1362
297 1363
1483 1827
1078 1086
1485 1638
1489 1941
1491 1863
1497 2293
1756 1994
1435 1664
1655 1664
1664 1665
1664 1666
1664 1667
1664 1682
1664 1685
297 2124
287 2154
287 2161
287 2162
287 2165
287 2167
297 2187
297 2188
297 2192
1955 2287
1955 2333
1955 2334
1955 2335
1955 2336
1955 2340
1941 2343
1955 2343
831 2476
831 2478
831 2487
831 2488
831 2489
831 2490
831 2491
831 2495
831 2498
287 1505
287 1817
287 2143
287 2146
287 2153
287 2155
287 2156
287 2157
287 2158
287 2159
287 2163
287 2164
287 2166
287 2168
288 852
288 862
288 1836
288 1947
288 2043
288 2060
288 2061
288 2065
288 2073
288 2085
288 2234
288 2268
288 2551
288 2552
288 2553
288 2554
288 2555
288 2556
288 2557
288 2558
717 831
861 2293
863 894
1052 1259
1054 2293
298 1055
1111 1941
1318 1827
1468 1809
1471 1809
1472 1809
297 1565
1638 1644
1788 1863
298 1382
298 1735
1811 2293
1812 2293
1259 1260
1259 1261
1259 1262
1259 1263
1259 1264
1259 1265
1259 1266
1259 1267
1259 1268
1259 1269
616 865
1579 1809
297 1580
1582 1809
831 1893
1013 1809
1017 1078
1019 1809
1019 1941
1020 1809
894 897
897 1955
1330 1955
1344 1827
1638 1640
1727 1863
1865 1902
1866 1902
1544 1827
1827 1829
1827 1833
831 1662
831 1816
831 2111
831 2145
831 2155
831 2185
831 2283
831 2306
831 2307
831 2327
831 2341
831 2439
831 2475
831 2477
831 2479
831 2480
831 2481
831 2482
831 2483
831 2484
831 2485
831 2492
831 2493
831 2494
831 2496
831 2497
298 1877
1880 2293
1664 1680
1868 2293
770 1638
297 1576
1638 1639
1787 1863
901 1941
1088 1941
1941 2286
1941 2352
1941 2359
1941 2365
1941 2373
1941 2420
1941 2698
1941 2699
898 1955
1085 1955
1669 1955
1955 2282
1955 2283
1955 2313
1955 2324
1955 2325
1955 2326
1955 2327
1955 2328
1955 2329
1955 2330
1955 2331
1955 2332
1955 2337
1955 2338
1955 2339
1955 2341
1955 2342
1827 1834
1513 1638
1518 1863
1827 1828
1827 1830
297 2133
298 2139
1827 1831
298 1841
298 2223
1994 2223
1078 1082
297 1633
1078 1080
1664 1671
1078 1089
1664 1684
1755 1809
298 1266
298 1536
298 2193
298 2232
298 2235
298 2240
298 2242
298 2245
298 2254
298 2586
298 2599
298 2602
298 2603
298 2604
298 2605
298 2606
298 2607
298 2608
1994 2049
2080 2293
1827 1832
1832 2293
2211 2293
1269 2293
1840 2293
1846 2293
2238 2293
2243 2293
2248 2293
2252 2293
2256 2293
2293 2586
2293 2603
2293 2608
2293 2610
2293 2615
2293 2616
2293 2661
2293 2664
2293 2665
2293 2666
2293 2667
2293 2668
894 898
894 895
1638 1646
1638 1647
1638 1648
1664 1668
1664 1669
1664 1670
1664 1672
1664 1675
1664 1676
1664 1677
1664 1678
1664 1679
1664 1681
1664 1683
1838 1994
1994 2063
1994 2241
1994 2249
1994 2250
1994 2251
1994 2252
1994 2253
1994 2254
1994 2255
1994 2256
894 896
760 761
1522 1809
1527 1809
1528 1809
1529 1809
1662 1809
1754 1809
297 2176
297 2177
297 2178
297 2179
297 2180
297 2181
297 2182
297 2183
297 2184
297 2185
297 2186
297 2189
297 2190
297 2191
297 2193
1648 1863
1813 1863
894 899
894 900
894 901
760 763
1827 1835
1078 1081
1078 1079
1078 1087
865 866
1078 1083
1078 1085
760 762
1078 1088
