1 2
1 3
1 4
1 5
1 6
1 7
1 8
1 9
1 10
1 11
1 12
1 13
1 14
1 15
1 16
1 17
1 18
1 19
1 20
1 21
1 22
1 23
1 24
1 25
1 26
1 27
1 28
1 29
1 30
1 31
1 32
1 33
1 34
1 35
1 36
1 37
1 38
1 39
1 40
1 41
1 42
1 43
1 44
1 45
1 46
2 8
2 11
2 13
2 47
2 48
2 49
2 50
2 51
2 52
2 53
2 54
2 55
2 56
2 57
2 58
2 59
2 60
3 8
3 21
3 76
3 82
3 83
3 84
3 85
4 326
4 329
5 17
5 67
5 111
5 285
5 413
5 414
5 415
5 416
5 417
5 418
5 419
5 420
5 421
5 422
5 423
5 424
5 425
5 426
5 427
5 428
5 429
6 19
6 29
6 115
6 413
6 415
6 446
6 447
6 448
6 450
6 451
6 452
6 453
6 454
6 455
6 456
6 457
6 458
6 459
6 460
6 461
6 462
6 463
6 464
6 465
6 466
8 11
8 13
8 19
8 50
8 51
8 52
8 76
8 83
8 88
8 235
8 352
8 587
8 622
8 629
8 691
8 693
8 768
8 798
8 803
8 838
8 986
8 1442
8 1655
8 1656
8 1657
8 1658
8 1659
8 1660
8 1661
8 1662
10 17
10 138
10 446
10 768
10 797
10 798
10 905
10 993
10 1184
10 1509
10 1697
10 1698
10 1699
10 1700
10 1701
10 1702
10 1703
11 27
11 52
11 58
11 75
11 79
11 88
11 390
11 400
11 497
11 600
11 605
11 797
11 809
11 982
11 1325
11 1833
11 1834
11 1835
11 1836
12 36
12 89
12 390
12 986
12 1016
12 1370
13 26
13 986
14 433
14 529
14 649
14 791
14 1139
14 1600
14 1635
14 1644
15 28
15 84
15 519
16 48
16 837
16 1007
16 2278
17 138
17 446
17 748
17 804
17 828
17 993
17 1008
17 1182
17 1627
17 2283
17 2284
18 390
18 508
18 646
18 770
18 799
18 809
18 1826
18 2295
18 2296
18 2297
18 2298
18 2299
18 2300
18 2301
19 390
19 470
19 798
20 798
21 40
21 83
21 141
21 407
21 436
21 599
21 798
21 1665
21 1683
21 2145
22 138
22 392
22 409
22 661
22 768
22 797
22 903
22 904
22 905
22 907
22 993
22 994
22 1075
22 1657
22 2354
23 1212
24 52
24 390
24 486
24 1952
24 1990
25 390
26 1227
27 52
27 186
27 455
27 612
27 615
27 800
27 856
27 857
27 860
27 1095
27 1179
27 1483
27 1765
27 2477
28 837
28 1390
28 2228
29 53
29 79
29 123
29 453
29 459
29 603
29 766
29 770
29 777
30 390
30 915
30 960
31 279
31 420
31 502
31 670
31 797
31 1829
31 2214
31 2565
32 288
32 390
32 767
32 1213
32 2048
32 2144
32 2570
32 2571
33 34
35 459
35 854
36 147
36 175
36 533
36 694
36 798
36 904
36 1001
36 1114
36 1184
36 1187
36 1247
36 1509
36 1510
36 1511
36 2167
38 2497
40 144
40 341
40 2425
41 834
41 835
41 932
42 560
43 669
43 1313
43 2751
45 2142
46 2780
47 74
47 76
47 81
47 90
47 91
47 99
47 102
47 104
47 716
47 717
47 718
47 719
48 831
48 836
48 837
48 838
49 59
49 519
49 601
49 605
49 1178
49 1513
49 1514
49 1515
50 199
50 784
50 1462
50 1663
50 1664
51 88
51 115
51 403
51 1134
51 1257
51 1293
51 1294
51 1737
51 1738
51 1739
51 1740
52 86
52 87
52 89
52 100
52 103
52 453
52 456
52 497
52 586
52 803
52 807
52 1003
52 1025
52 1990
52 1991
52 1992
52 1993
52 1994
52 1995
52 1996
53 111
53 115
53 427
53 458
53 656
53 765
53 766
53 767
53 772
53 774
53 775
53 1958
53 2079
53 2080
53 2081
53 2082
53 2083
54 1141
54 1415
54 2307
55 88
55 1442
57 76
57 288
57 2321
57 2701
58 79
58 88
59 112
73 76
74 76
76 79
76 84
76 86
76 129
76 144
76 180
76 288
76 406
76 453
76 1309
76 2247
82 84
83 519
83 587
83 1122
83 1350
84 183
84 568
84 1058
84 1169
84 2228
84 2229
84 2230
84 2231
326 327
326 328
329 755
329 1950
329 1952
329 2503
61 67
65 67
67 448
67 492
67 495
67 898
67 900
67 1152
67 1191
67 1428
67 1498
67 1814
67 1932
67 2168
67 2365
105 111
111 154
111 196
111 300
111 301
111 315
111 316
111 335
111 398
111 420
111 470
111 475
111 486
111 545
111 550
111 597
111 628
111 638
111 656
111 709
111 843
111 891
111 931
111 976
111 1045
111 1138
111 1294
111 1295
111 1318
111 1352
111 1428
111 1433
111 1479
111 1534
111 1626
111 1638
111 1682
111 1699
111 1813
111 1835
111 1854
111 2007
111 2100
111 2101
111 2102
111 2103
111 2104
111 2105
111 2106
111 2107
111 2108
111 2109
111 2110
111 2111
111 2112
111 2113
111 2114
111 2115
111 2116
111 2117
111 2118
111 2119
111 2120
111 2121
111 2122
111 2123
111 2124
111 2125
111 2126
111 2127
111 2128
111 2129
111 2130
111 2131
131 285
135 285
136 285
141 285
143 285
146 285
157 285
248 285
285 368
285 406
285 430
285 431
285 432
285 433
285 434
285 435
285 436
285 437
285 438
285 439
285 440
285 441
285 442
285 443
285 444
285 445
115 413
221 413
268 413
413 416
413 422
413 447
413 448
413 456
413 459
413 460
413 470
413 473
413 474
413 475
413 476
413 477
413 478
413 479
413 480
413 481
413 482
413 483
413 484
413 485
413 486
413 487
413 488
413 489
413 490
413 491
413 492
413 493
413 494
413 495
413 496
413 497
413 498
413 499
413 500
414 422
414 451
414 474
414 477
414 481
414 497
414 556
414 642
414 643
414 644
268 415
415 419
415 454
415 459
415 478
415 483
415 484
415 486
415 506
415 554
415 562
415 616
415 632
415 635
415 735
415 745
415 746
415 747
415 748
415 749
415 750
415 751
415 752
415 753
415 754
415 755
415 756
415 757
415 758
415 759
415 760
415 761
415 762
415 763
416 459
416 477
416 494
416 506
416 677
416 772
416 839
416 840
416 841
416 842
416 843
416 844
65 417
417 495
417 654
417 896
417 897
417 898
417 899
417 900
417 901
418 426
418 460
418 479
418 480
418 602
418 669
418 1019
418 1105
418 1172
418 1238
418 1239
418 1240
419 429
419 454
419 503
419 645
419 984
419 1707
420 695
420 749
420 1315
420 1444
420 1742
420 1743
420 1744
420 1745
420 1746
421 1097
421 1378
421 1817
422 427
422 495
422 497
422 499
422 519
422 556
422 684
422 767
422 1184
422 1186
422 1247
422 1683
422 1740
422 1984
422 1985
256 424
424 447
424 474
424 486
424 496
424 511
424 627
424 983
424 1347
424 2051
424 2052
424 2053
87 425
425 1816
425 2030
425 2037
425 2199
425 2200
108 426
115 427
288 427
427 477
427 503
427 519
427 562
427 598
427 605
427 769
427 947
427 1216
427 2287
427 2319
427 2320
427 2321
428 1241
428 1503
428 2312
428 2487
429 497
429 503
429 562
86 115
107 115
115 390
115 395
115 453
115 463
115 497
115 705
115 766
115 769
115 777
115 784
115 1202
115 1239
115 1503
115 1765
115 1907
115 2241
115 2242
446 447
446 448
446 449
181 447
201 447
357 447
447 468
447 539
447 670
447 993
447 1079
447 1421
447 1608
447 1773
447 1878
447 1907
447 1986
447 1987
447 1988
447 1989
181 448
238 448
448 456
448 457
448 468
448 1605
448 1608
448 1987
448 2040
448 2041
448 2042
448 2043
448 2044
448 2045
450 677
451 483
451 484
451 490
451 497
451 503
451 506
451 561
451 562
451 616
451 632
451 634
451 635
451 642
451 735
451 745
451 747
451 761
451 839
451 953
451 979
451 1004
451 1164
123 452
288 452
452 598
452 670
452 1231
452 1236
452 1237
88 453
186 453
277 453
390 453
453 481
453 497
453 519
453 546
453 605
453 612
453 797
453 832
453 833
453 836
453 999
453 1002
453 1133
453 1369
453 1370
453 1371
453 1372
453 1373
453 1374
453 1375
235 454
454 477
454 483
454 486
454 503
454 506
454 507
454 511
454 559
454 804
454 892
454 1046
454 1167
454 1708
148 455
455 1405
277 456
456 463
456 476
456 480
456 602
456 686
456 834
456 953
456 1236
456 1239
456 1417
456 1897
457 493
457 963
457 1751
457 1766
457 1897
458 1141
256 459
342 459
459 474
459 477
459 495
459 562
459 571
459 636
459 840
459 1041
459 1050
459 1720
459 1721
459 1722
459 1946
140 460
181 460
238 460
460 1987
460 1989
460 2041
290 461
461 677
461 1199
461 1416
463 894
463 898
463 984
463 1169
463 1239
463 1549
463 1833
463 1927
463 1965
463 2518
464 647
465 479
290 466
466 984
466 1608
466 2715
74 88
79 88
80 88
88 129
88 144
88 180
88 256
88 261
88 287
88 288
88 308
88 330
88 409
88 748
88 797
88 1060
88 1390
88 1719
88 2309
129 235
235 1846
330 352
352 1020
579 587
519 622
622 2732
136 629
334 629
629 1132
629 1739
91 691
92 691
137 691
138 691
392 691
470 691
618 691
688 691
690 691
691 693
691 726
691 768
691 780
691 782
691 804
691 902
691 1004
691 1138
691 1306
691 1520
691 1657
691 1658
691 1699
691 2055
691 2056
691 2057
691 2058
691 2059
691 2060
691 2061
691 2062
691 2063
123 693
689 693
693 1435
693 1658
693 2159
693 2160
702 768
748 768
764 768
768 1003
768 1112
768 1632
768 1633
768 1634
109 798
259 798
797 798
798 828
798 829
109 803
497 803
597 803
615 803
797 803
390 986
477 986
986 1187
91 1442
718 1442
960 1442
1655 1810
601 1656
1657 2059
1657 2160
1435 1658
1658 2160
1659 2579
1659 2580
773 1662
1662 2256
1662 2464
91 138
92 138
129 138
138 147
138 392
138 406
138 497
138 714
138 780
138 902
138 907
138 993
138 1002
138 1112
138 1113
138 1114
138 1115
138 1116
138 1117
109 797
154 797
348 797
485 797
692 797
797 799
797 800
797 801
797 802
797 804
797 805
797 806
797 807
797 808
797 809
797 810
797 811
797 812
797 813
797 814
797 815
797 816
797 817
797 818
797 819
797 820
797 821
797 822
797 823
797 824
797 825
797 826
797 827
748 905
902 905
288 993
392 993
477 993
907 993
977 993
993 1698
147 1184
694 1184
904 1184
1113 1184
1114 1184
1115 1184
1182 1184
1184 1247
1184 1510
147 1509
694 1509
904 1509
1113 1509
1115 1509
1509 1510
1509 1511
1509 1710
828 1698
1411 1698
1511 1698
1669 1698
1698 1702
1698 2178
1698 2179
1698 2180
618 1699
1699 2589
1075 1700
1700 2657
748 1702
748 1703
73 75
74 75
75 101
75 963
75 1325
75 1326
75 1327
73 79
74 79
79 81
79 93
79 96
79 97
79 100
79 101
79 392
79 717
79 1309
79 1326
96 390
119 390
123 390
277 390
278 390
331 390
390 436
390 519
390 521
390 581
390 605
390 617
390 618
390 671
390 696
390 748
390 764
390 784
390 808
390 829
390 877
390 918
390 1000
390 1001
390 1002
390 1003
390 1004
390 1005
390 1006
390 1007
390 1008
390 1009
390 1010
390 1011
390 1012
390 1013
390 1014
390 1015
390 1016
390 1017
390 1018
390 1019
390 1020
390 1021
390 1022
390 1023
390 1024
390 1025
390 1026
390 1027
390 1028
390 1029
256 400
331 400
66 497
315 497
483 497
489 497
497 499
497 501
497 562
497 642
497 844
497 1186
497 1355
497 1710
497 2366
497 2367
519 600
600 619
519 605
605 606
605 615
605 616
605 619
605 1325
605 1714
605 2091
605 2092
341 809
393 809
530 809
630 809
809 824
809 1196
809 1371
809 1488
809 2237
809 2415
809 2416
809 2417
809 2418
809 2419
181 982
477 982
836 982
860 982
949 982
963 982
982 1004
982 1761
982 1762
982 1763
982 1764
982 1765
982 1766
982 1767
982 1768
982 1769
982 1770
982 1771
982 1772
1325 2272
717 1833
317 1834
817 1835
1835 2537
1835 2627
1835 2628
1835 2629
544 1836
74 89
89 804
89 1026
89 1864
1016 1187
1016 1345
1016 2562
804 1370
1026 1370
433 791
433 805
433 1354
433 1463
433 1857
433 1858
132 529
133 529
135 529
146 529
151 529
154 529
160 529
162 529
165 529
173 529
179 529
186 529
189 529
199 529
220 529
291 529
368 529
394 529
431 529
529 607
529 1082
529 1219
529 1464
529 1613
529 1639
529 1649
529 1693
529 1841
529 1842
529 1843
529 1844
136 649
356 649
393 649
398 649
409 649
647 649
649 848
649 932
649 1069
649 1082
649 1491
649 1492
133 791
406 791
527 791
604 791
791 1138
791 1139
791 1324
141 1139
155 1139
165 1139
291 1139
1139 1894
1139 1895
1139 1896
148 1600
151 1600
221 1600
247 1600
407 1600
1600 1635
1600 1852
1600 1982
172 1635
206 1635
210 1635
702 1635
1519 1635
1635 1637
1635 1638
1635 1819
291 1644
1305 1644
1644 1712
1644 1713
109 519
204 519
298 519
347 519
486 519
518 519
519 544
519 596
519 597
519 598
519 599
519 601
519 602
519 603
519 604
519 606
519 607
519 608
519 609
519 610
519 611
519 612
519 613
519 614
519 615
519 616
519 617
519 618
519 619
519 620
519 621
519 623
837 1236
837 2279
1007 2279
2278 2279
91 748
92 748
436 748
440 748
485 748
661 748
669 748
748 771
748 1004
748 1012
748 1133
748 1230
748 1875
748 1990
748 2022
748 2385
618 804
767 804
804 956
804 1020
804 1227
804 2132
804 2133
804 2134
828 957
828 2179
828 2398
828 2399
1008 1179
1008 1294
1008 2157
143 1182
147 1182
196 1182
245 1182
904 1182
1006 1182
1116 1182
1182 1183
1182 1185
961 1627
266 508
288 508
479 508
493 508
499 508
503 508
508 562
508 673
508 984
508 1024
508 1099
508 1722
508 1944
508 1945
508 1946
508 1947
508 1948
607 646
642 646
646 1347
646 2703
764 770
627 799
799 960
630 1826
1115 2296
467 470
470 471
470 477
470 505
470 517
470 1952
470 2185
129 141
141 144
141 146
141 155
141 159
141 168
141 175
141 198
141 204
141 210
141 257
141 272
141 288
141 290
141 292
141 305
141 372
141 403
141 557
141 571
141 604
141 614
141 627
141 720
141 723
141 727
141 846
141 865
141 909
141 913
141 916
141 1122
141 1123
141 1124
141 1135
141 1136
141 1137
141 1138
141 1140
141 1141
141 1142
141 1143
141 1144
141 1145
141 1146
141 1147
141 1148
258 407
289 407
290 407
292 407
305 407
306 407
403 407
407 530
407 657
407 724
407 1009
407 1133
407 1152
407 1257
407 1975
204 436
258 436
288 436
436 485
436 627
436 695
436 805
436 984
436 1004
436 1138
436 1151
436 1588
436 1765
436 2289
436 2311
123 599
228 599
259 1665
595 1665
1142 1665
309 1683
341 1683
915 1683
1683 1719
1683 2074
1683 2438
1683 2439
1683 2440
1683 2441
571 2145
898 2145
915 2145
1810 2145
147 392
331 392
392 902
392 1302
392 1340
392 1424
392 1425
392 1426
392 1427
175 409
287 409
290 409
305 409
403 409
409 726
409 1137
409 1141
409 1142
409 2522
655 661
661 670
661 947
661 950
902 903
903 908
147 904
694 904
902 904
904 1168
904 1247
904 1510
904 1511
904 1710
904 2158
902 907
907 1153
317 994
477 994
994 2357
287 1075
288 1212
833 1212
139 486
215 486
345 486
486 571
486 631
486 722
486 875
486 916
486 938
486 1118
486 1132
486 1392
486 2006
486 2007
486 2008
546 1952
1233 1952
1829 1952
1950 1952
1952 2395
1952 2396
1952 2397
176 1990
1990 2576
921 1227
1227 1714
1227 1785
1227 2116
1227 2291
129 186
144 186
186 291
186 557
606 612
612 1371
612 1714
612 2074
615 2486
615 2607
615 2608
109 800
527 800
800 808
800 856
800 1305
800 1481
800 1482
800 1483
853 856
856 857
856 860
856 1179
856 1484
856 1485
856 1486
808 857
853 857
857 858
857 859
857 860
857 1179
857 1305
857 1483
857 1485
857 1486
857 1717
857 1718
80 860
724 860
808 860
853 860
858 860
860 1179
860 1305
860 1481
860 1483
860 1485
860 1486
860 2049
860 2050
836 1095
1095 1178
1095 1179
1095 1180
1095 1181
144 1179
716 1179
808 1179
1179 1482
1179 1485
1179 1754
1179 1755
1179 1756
1179 1757
1179 1758
1483 1486
1507 1765
1765 2280
1765 2687
2477 2478
1389 1390
1390 2279
117 123
121 123
123 161
123 468
123 537
123 655
123 656
123 663
123 671
123 862
123 863
123 864
123 865
123 866
123 867
123 868
123 869
123 870
123 871
123 872
541 603
603 722
603 753
603 760
603 762
603 1106
603 1209
603 1669
603 1736
603 1918
764 766
766 774
766 1106
764 777
136 915
146 915
163 915
184 915
449 915
607 915
915 1578
915 2201
915 2202
915 2203
915 2204
915 2205
109 960
124 960
271 960
558 960
604 960
772 960
801 960
806 960
810 960
882 960
919 960
960 966
960 1001
960 1036
960 1202
960 1246
960 1258
960 1319
960 1429
960 1430
960 1431
960 1432
960 1433
960 1434
960 1435
960 1436
960 1437
960 1438
960 1439
960 1440
960 1441
960 1443
960 1444
960 1445
960 1446
960 1447
960 1448
960 1449
960 1450
960 1451
960 1452
960 1453
960 1454
276 279
279 1233
279 1337
177 502
290 502
473 502
494 502
502 677
502 968
502 1407
502 1410
502 1416
502 1421
502 1875
502 1876
502 1877
125 670
181 670
405 670
499 670
537 670
657 670
659 670
668 670
669 670
670 716
670 834
670 992
670 1229
670 1230
670 1231
670 1232
670 1233
670 1234
670 1235
539 1829
738 1829
1035 1829
1829 2590
178 2214
204 2214
1633 2214
131 288
132 288
136 288
137 288
140 288
146 288
152 288
154 288
157 288
163 288
179 288
183 288
191 288
199 288
201 288
205 288
223 288
227 288
230 288
257 288
260 288
281 288
288 296
288 332
288 337
288 369
288 431
288 437
288 476
288 557
288 575
288 580
288 581
288 598
288 606
288 609
288 659
288 921
288 934
288 951
288 952
288 955
288 956
288 1048
288 1067
288 1175
288 1193
288 1194
288 1195
288 1196
288 1197
288 1198
288 1199
288 1200
288 1201
288 1202
288 1203
288 1204
288 1205
288 1206
288 1207
288 1208
288 1209
288 1210
288 1211
288 1213
288 1214
288 1215
288 1216
288 1217
288 1218
288 1219
288 1220
288 1221
288 1222
288 1223
288 1224
288 1225
288 1226
764 767
767 774
767 980
767 1516
767 1519
767 1520
767 1521
258 1213
272 1213
1132 1213
94 2048
190 2048
210 2048
787 2048
1134 2048
401 2144
571 2144
2144 2448
2144 2592
852 854
854 855
854 1738
854 2141
854 2142
129 147
147 180
147 257
147 260
147 261
147 291
147 526
147 527
147 557
147 902
147 913
147 1113
147 1114
147 1115
147 1137
147 1510
129 175
148 175
160 175
175 195
175 410
175 527
175 1079
175 1416
175 1693
175 2035
175 2041
175 2183
175 2184
132 533
533 688
533 1692
689 694
1001 1106
1001 1108
1001 1629
1001 1630
1001 1631
143 1187
1141 1187
258 1247
1115 1247
1247 1511
1510 1511
1113 1511
1115 1511
1168 1511
1895 2167
2166 2167
2452 2497
129 144
136 144
144 179
144 181
144 188
144 190
144 211
144 228
144 291
144 431
144 607
144 925
144 1123
144 1303
144 1304
144 1305
144 1306
144 1307
144 1308
189 341
213 341
330 341
341 344
341 368
341 374
341 391
341 557
341 573
341 607
341 624
341 627
341 645
341 711
341 775
341 957
341 1107
341 1155
341 1394
341 1464
341 1492
341 1548
341 1682
341 1684
341 1685
341 1686
341 1687
341 1688
341 1689
1445 2425
1760 2425
1779 2425
2425 2539
2425 2540
831 834
834 835
834 870
834 1546
834 1881
834 2493
831 835
256 932
932 1676
65 560
474 560
495 560
560 991
560 1332
560 2215
560 2216
667 669
669 1651
669 1785
271 1313
302 1313
858 1313
1219 1313
1313 1715
1313 1716
2142 2756
72 74
74 77
74 78
74 81
74 86
74 87
74 90
74 91
74 92
74 93
74 94
74 95
74 96
74 97
74 98
74 99
74 100
74 101
74 102
74 103
74 104
73 81
78 81
81 1309
81 1354
90 577
90 836
90 1309
90 1907
90 1915
90 2247
86 91
91 92
91 2452
91 2453
716 1481
716 1709
86 718
281 718
718 1210
86 719
674 831
831 832
831 833
125 836
836 861
836 1096
109 601
581 601
601 614
601 682
601 802
601 877
601 1431
601 1616
601 1714
1178 1181
1178 1512
1186 1514
1514 2761
1006 1515
129 199
133 199
165 199
199 391
199 557
199 604
199 616
199 1060
199 1692
199 2456
618 784
654 784
784 785
784 786
289 1462
1663 2075
1664 1745
135 403
136 403
143 403
146 403
154 403
167 403
368 403
403 404
403 405
403 406
403 408
403 410
403 411
403 412
140 1134
232 1134
291 1134
1134 1143
1134 1293
1134 1424
1134 2391
1134 2392
1134 2393
258 1257
1257 2575
114 1293
159 1293
189 1293
193 1293
195 1293
272 1293
411 1293
1293 1649
114 1294
160 1294
193 1294
340 1294
531 1294
1268 1294
1294 1492
577 1737
1545 1737
1737 1907
1737 1914
1737 1915
1737 1916
95 1739
210 1739
571 1739
1739 1980
1739 2529
1740 2690
86 92
86 93
86 1309
86 1310
87 1380
87 1998
103 586
109 586
119 586
530 586
579 586
586 634
586 888
586 1048
586 1668
586 1669
300 807
496 807
807 1710
1003 1751
1003 1752
1003 1753
655 656
656 662
656 663
656 664
656 665
656 666
764 765
765 779
764 772
772 1324
772 2484
772 2485
764 774
774 2215
774 2561
581 775
764 775
775 2094
775 2650
1005 1958
1122 1958
1123 1958
1125 1958
1153 1958
1229 1958
324 2080
753 2080
1913 2080
1838 2081
2082 2187
146 1141
150 1141
196 1141
368 1141
394 1141
520 1141
522 1141
324 1415
501 1415
891 1415
1189 1415
1190 1415
1415 1999
1415 2000
1415 2001
324 2307
2000 2307
2701 2772
105 112
112 500
112 710
112 1796
112 1797
112 2004
112 2243
112 2244
112 2245
112 2246
61 62
61 63
61 64
61 65
61 66
61 68
61 69
61 70
61 71
63 313
63 318
63 554
63 1353
63 1812
65 634
65 2217
65 2218
66 546
66 1238
66 1503
68 316
68 546
69 2256
69 2546
71 546
71 1064
71 1956
71 2725
313 314
313 315
313 316
313 317
314 318
316 318
318 2558
318 2559
318 2560
474 554
481 554
506 554
554 632
554 642
554 747
554 979
554 1167
554 1351
554 1352
554 1353
1812 2217
394 634
495 634
561 634
580 634
632 634
634 638
634 735
634 747
634 983
634 1164
634 1352
634 1493
634 1494
634 1495
634 1496
634 1497
634 1498
2217 2218
2217 2481
2217 2482
2218 2777
266 546
315 546
320 546
742 1238
1238 1288
1238 1289
1238 1290
1238 1291
1238 1292
1289 1503
1290 1503
1292 1503
492 1814
362 495
474 495
475 495
477 495
483 495
495 499
495 562
495 571
495 741
495 832
495 991
495 1019
495 1349
495 2036
495 2237
495 2238
571 898
898 1019
898 2147
898 2148
898 2149
900 2038
437 1152
618 1152
1112 1152
1152 1344
1152 1465
1152 1788
1152 2285
1045 1191
1085 1191
1191 1546
1191 1971
1191 1972
588 1428
638 1428
899 1428
1498 2750
1781 1814
557 1932
1123 2168
1125 2168
314 316
316 319
316 320
316 2479
316 2480
2255 2256
2256 2258
2256 2259
2256 2260
2256 2261
2256 2262
2256 2263
287 1064
833 1064
1064 2464
1950 1956
1956 2503
1956 2725
1956 2767
72 73
73 77
73 78
73 80
78 258
80 1137
80 1140
80 1725
92 640
94 129
94 2071
95 478
95 1046
96 1159
96 1643
96 1648
97 2247
98 2461
98 2573
98 2574
101 131
101 2716
109 963
129 130
129 131
129 132
129 133
129 134
129 135
129 136
129 137
129 139
129 140
129 142
129 143
129 145
129 146
129 148
129 149
129 150
129 151
129 152
129 153
129 154
129 155
129 156
129 157
129 158
129 159
129 160
129 161
129 162
129 163
129 164
129 165
129 166
129 167
129 168
129 169
129 170
129 171
129 172
129 173
129 174
129 176
129 177
129 178
129 179
129 180
129 181
129 182
129 183
129 184
129 185
129 187
129 188
129 189
129 190
129 191
129 192
129 193
129 194
129 195
129 196
129 197
129 198
129 200
129 201
129 202
129 203
129 204
129 205
129 206
129 207
129 208
129 209
129 210
129 211
129 212
129 213
129 214
129 215
129 216
129 217
129 218
129 219
129 220
129 221
129 222
129 223
129 224
129 225
129 226
129 227
129 228
129 229
129 230
129 231
129 232
129 233
129 234
129 236
129 237
129 238
129 239
129 240
129 241
129 242
129 243
129 244
129 245
129 246
129 247
129 248
129 249
129 250
129 251
129 252
129 253
129 254
129 255
154 180
157 180
158 180
180 188
180 404
180 604
180 913
180 921
180 925
180 1168
180 2248
132 406
140 406
196 406
225 406
234 406
406 569
406 1081
406 1136
406 1248
406 1898
406 1899
406 1900
406 1901
406 1902
406 1903
406 1904
406 1905
406 1906
1393 2247
130 258
140 258
149 258
153 258
157 258
158 258
163 258
164 258
166 258
170 258
176 258
189 258
194 258
195 258
197 258
205 258
212 258
226 258
233 258
258 336
258 337
258 338
258 340
258 344
258 345
258 350
258 353
258 355
258 357
258 359
258 362
258 365
258 372
258 377
258 379
258 380
258 382
258 397
258 472
258 609
258 819
258 922
258 924
258 925
258 928
258 931
258 933
258 934
258 937
258 938
258 939
258 940
258 955
258 1197
258 1245
258 1246
258 1248
258 1249
258 1250
258 1251
258 1252
258 1253
258 1254
258 1255
258 1256
258 1258
258 1259
258 1260
258 1261
258 1262
258 1263
258 1264
258 1265
258 1266
258 1267
258 1268
258 1269
258 1270
258 1271
258 1272
258 1273
258 1274
258 1275
258 1276
258 1277
258 1278
258 1279
258 1280
258 1281
258 1282
161 1137
184 1137
190 1137
206 1137
223 1137
581 1137
628 1137
848 1137
1122 1137
1137 1303
1137 1676
1137 1800
148 1140
865 1140
1140 1590
1140 1591
1140 1997
1140 1998
954 1725
1236 1725
1351 1725
481 1354
577 1354
1354 1907
1354 1915
1354 2012
1354 2013
275 1122
485 1122
525 1122
581 1122
913 1122
1122 1170
1122 1935
1122 2161
1122 2162
1122 2163
228 1350
183 287
183 301
183 302
183 391
183 526
183 602
183 722
183 916
183 1489
183 1596
114 568
136 568
360 568
364 568
373 568
382 568
475 568
568 789
568 849
568 1389
568 1392
287 1058
1058 1484
526 1169
1169 1239
399 2229
1988 2231
1310 1800
501 1380
1312 1380
1376 1380
1380 1382
1380 1424
1380 2519
1380 2520
569 1998
865 1998
1998 2018
130 256
135 256
136 256
149 256
153 256
158 256
163 256
169 256
170 256
179 256
190 256
192 256
197 256
219 256
226 256
240 256
256 281
256 330
256 332
256 336
256 337
256 343
256 344
256 345
256 350
256 353
256 355
256 357
256 360
256 361
256 362
256 363
256 364
256 366
256 371
256 372
256 378
256 387
256 397
256 398
256 402
256 592
256 887
256 920
256 921
256 922
256 923
256 924
256 925
256 926
256 927
256 928
256 929
256 930
256 931
256 933
256 934
256 935
256 936
256 937
256 938
256 939
256 940
256 941
256 942
256 943
256 944
256 945
130 261
136 261
140 261
261 1210
261 1637
261 2250
131 287
136 287
140 287
191 287
197 287
210 287
219 287
287 340
287 355
287 535
287 659
287 721
287 910
287 929
287 936
287 1052
287 1053
287 1054
287 1055
287 1056
287 1057
287 1059
287 1060
287 1061
287 1062
287 1063
287 1065
287 1066
287 1067
287 1068
287 1069
287 1070
287 1071
287 1072
287 1073
287 1074
287 1076
287 1077
287 1078
287 1079
287 1080
287 1081
287 1082
287 1083
287 1084
287 1085
287 1086
287 1087
287 1088
287 1089
287 1090
287 1091
287 1092
287 1093
131 308
136 308
308 310
308 1086
146 330
157 330
170 330
173 330
192 330
330 331
330 332
330 333
330 334
330 335
330 336
330 337
330 338
330 339
330 340
330 342
330 343
330 344
330 345
330 346
330 347
330 348
330 349
330 350
330 351
330 353
330 354
330 355
330 356
330 357
330 358
330 359
330 360
330 361
330 362
330 363
330 364
330 365
330 366
330 367
330 368
330 369
330 370
330 371
330 372
330 373
330 374
330 375
330 376
330 377
330 378
330 379
330 380
330 381
330 382
330 383
330 384
330 385
330 386
330 387
330 388
259 1060
1429 1719
2309 2734
2309 2762
2309 2765
618 1026
685 1026
1026 1112
540 1864
590 1864
333 577
566 577
577 1297
577 1908
577 1909
577 1910
577 1911
577 1912
273 1907
566 1907
1297 1907
1907 1908
1907 1909
1907 1910
1907 1911
1907 1912
1907 1913
566 1915
1297 1915
1908 1915
1910 1915
1911 1915
1912 1915
206 2452
2452 2498
640 641
119 2071
2071 2599
335 478
477 478
478 494
478 501
478 511
478 633
478 840
478 1045
478 1046
478 1047
364 1046
494 1046
703 1046
763 1046
789 1046
1046 1312
1046 1407
1046 1408
1046 1409
1046 1410
1046 1417
1046 1420
1046 1506
1046 1877
1046 2199
1046 2322
1046 2386
1046 2387
581 1159
630 1159
151 1643
179 1643
607 1643
291 1648
1648 2500
2460 2461
2461 2682
471 2573
2573 2672
471 2574
131 272
131 274
131 280
131 286
131 289
131 290
131 291
131 292
131 293
131 294
131 295
131 296
131 297
131 298
131 299
131 300
131 301
131 302
131 303
131 304
131 305
131 306
131 307
131 309
105 106
105 107
105 108
105 109
105 110
105 113
107 114
108 282
108 707
108 708
108 709
108 710
108 711
108 712
108 713
108 714
108 715
109 110
109 340
109 346
109 488
109 597
109 648
109 651
109 682
109 692
109 812
109 851
109 958
109 959
109 961
109 962
109 964
109 965
109 966
109 967
109 968
109 969
109 970
109 971
109 972
109 973
109 974
109 975
110 355
110 1236
110 1632
113 2022
114 136
114 195
114 221
114 1295
114 1296
280 282
282 1711
708 1426
708 1432
710 1796
710 1945
391 711
627 711
711 2190
711 2197
711 2206
289 712
713 783
713 1009
713 1395
713 1838
713 2104
713 2241
713 2267
713 2604
713 2605
695 714
714 2683
159 340
169 340
212 340
257 340
272 340
293 340
295 340
334 340
340 356
340 379
340 391
340 405
340 468
340 482
340 527
340 590
340 596
340 626
340 627
340 682
340 811
340 863
340 912
340 946
340 971
340 1055
340 1118
340 1149
340 1157
340 1194
340 1324
340 1480
340 1522
340 1523
340 1524
340 1525
340 1526
340 1527
340 1528
340 1529
340 1530
340 1531
340 1532
340 1533
340 1534
340 1535
340 1536
340 1537
340 1538
340 1539
340 1540
340 1541
340 1542
340 1543
340 1544
340 1545
340 1546
340 1547
340 1548
340 1549
340 1550
340 1551
340 1552
340 1553
340 1554
340 1555
340 1556
340 1557
340 1558
340 1559
340 1560
340 1561
340 1562
340 1563
340 1564
340 1565
340 1566
340 1567
340 1568
340 1569
340 1570
340 1571
340 1572
340 1573
340 1574
340 1575
340 1576
340 1577
340 1578
340 1579
340 1580
346 475
346 627
346 699
488 632
488 1781
124 597
325 597
334 597
393 597
597 614
597 628
597 746
597 875
597 877
597 878
597 879
597 880
597 881
597 882
597 883
597 884
597 885
597 886
597 887
647 648
395 651
647 651
120 682
565 682
679 682
682 802
682 812
682 961
682 1036
682 1561
682 1615
682 1616
682 1617
682 1618
682 1619
682 1620
682 1621
682 1622
682 1623
682 1624
148 692
688 692
692 1761
692 2251
692 2252
692 2253
812 961
135 851
139 851
230 851
851 1406
851 1895
851 2288
958 976
958 977
958 978
959 970
959 1036
959 1038
959 1041
628 961
810 961
936 961
961 1036
961 1548
961 1620
961 1625
961 1626
961 1628
967 1000
396 968
968 1713
970 1621
975 1767
355 475
355 2023
166 1236
616 1236
1231 1236
1236 1237
1236 1493
1236 1728
1236 1965
619 1632
1215 1632
1632 1633
1632 1776
1632 2208
1632 2209
1632 2210
1632 2211
154 291
154 527
154 557
154 723
196 300
132 300
133 300
140 300
143 300
155 300
177 300
179 300
225 300
300 368
300 431
300 496
300 604
300 730
300 992
300 1168
300 1387
300 1971
300 2193
301 356
301 1157
301 1534
315 937
274 335
293 335
335 626
335 888
335 889
335 890
335 891
335 892
335 893
331 398
149 475
194 475
333 475
350 475
397 475
475 569
475 570
475 571
475 572
475 573
475 574
475 575
475 576
266 545
266 550
550 2165
550 2185
550 2686
302 628
334 628
581 628
617 628
628 917
628 922
628 1124
628 1850
628 1851
628 1852
628 1853
628 1854
632 638
843 2660
271 891
879 891
890 891
437 976
925 976
271 1045
324 1045
382 1045
480 1045
741 1045
1045 1047
1045 1189
1045 1190
1045 1192
148 1138
1138 1805
289 1295
957 1295
1295 1629
1295 1631
271 1318
324 1318
1318 1319
1318 1321
1318 2030
1433 2154
530 1479
537 1479
910 1479
876 1626
1626 2624
1626 2625
155 1638
291 1638
571 1638
636 1638
1143 1638
1637 1638
1638 1639
1638 1692
1638 1747
630 1682
1781 1813
917 1854
1752 1854
1854 2641
2007 2333
1507 2102
2102 2273
1395 2104
1838 2104
2104 2105
2104 2267
2104 2292
2104 2293
2105 2293
2105 2294
2108 2389
1335 2110
1009 2112
1787 2112
695 2121
916 2123
500 562
1795 1796
1796 1797
1654 1797
1654 2004
2004 2005
1535 2244
2245 2692
1808 2022
136 236
136 260
136 272
136 286
136 289
136 290
136 291
136 292
136 296
136 299
136 304
136 305
136 432
136 518
136 531
136 557
136 720
136 722
136 726
136 728
136 730
136 848
136 909
136 913
136 914
136 916
136 917
136 918
136 919
159 195
195 204
195 260
195 272
195 849
195 913
195 1389
195 1611
195 2190
195 2423
195 2424
221 474
221 526
221 703
221 1637
221 2635
331 395
393 395
395 737
395 740
395 1786
395 1787
395 1788
395 1789
395 1790
395 1791
395 1792
395 1793
699 705
598 769
630 769
654 769
764 769
769 906
769 951
769 952
769 955
769 957
769 1193
769 1216
769 1794
630 1202
1202 2445
177 1239
1239 1751
1239 2165
783 2241
1009 2241
1395 2241
1838 2241
2178 2241
2241 2266
2241 2267
2241 2268
2241 2269
2241 2270
116 117
116 118
116 119
116 120
116 121
116 122
117 124
117 125
117 126
117 127
117 128
118 122
119 569
119 760
119 762
119 1097
119 1668
119 2033
119 2042
119 2070
121 987
121 1302
122 556
124 331
124 537
124 607
124 1490
124 1596
124 1789
124 1841
124 1884
124 2329
124 2330
124 2331
124 2332
124 2333
124 2334
124 2335
124 2336
124 2337
124 2338
124 2339
124 2340
124 2341
124 2342
125 537
125 861
125 1552
126 127
126 537
127 537
128 375
128 469
128 557
128 2702
496 569
525 569
531 569
569 627
569 788
569 1673
569 1810
569 2016
569 2017
760 1186
760 2401
762 2401
260 1097
297 1097
479 1097
581 1097
1097 1376
1097 1377
1097 2136
1097 2137
1097 2138
2033 2034
2033 2035
468 987
477 987
671 987
862 987
869 987
166 1302
274 1302
658 1302
947 1302
992 1302
1302 2072
1302 2323
474 556
481 556
556 642
556 643
556 897
161 862
161 1882
467 468
468 1133
468 1837
266 537
496 537
537 947
537 1283
537 1480
655 657
655 658
655 659
655 660
663 862
663 1010
663 2290
663 2583
663 2584
663 2585
662 671
668 671
671 862
862 1373
862 1804
241 863
863 868
863 2249
148 864
864 1590
864 2369
148 865
580 865
664 865
865 1275
865 1385
865 1591
865 2426
868 2009
868 2036
868 2249
132 331
135 331
137 331
149 331
158 331
166 331
179 331
192 331
194 331
331 343
331 350
331 366
331 389
331 391
331 393
331 394
331 396
331 397
331 399
331 401
331 402
146 607
151 607
162 607
181 607
259 607
607 645
607 739
607 1002
607 1041
607 1135
607 1186
607 1639
607 1852
607 2239
607 2240
393 1490
290 1596
595 1841
1841 2572
738 1884
2330 2442
1520 2333
2333 2581
853 861
859 861
861 1096
861 2179
375 625
375 2185
467 469
137 557
143 557
146 557
150 557
156 557
157 557
158 557
179 557
192 557
197 557
205 557
212 557
387 557
396 557
431 557
474 557
557 614
557 630
557 876
557 921
557 925
557 1111
557 1155
557 1168
557 1268
557 1276
557 1277
557 1395
557 1492
557 1616
557 1924
557 1925
557 1926
557 1927
557 1928
557 1929
557 1930
557 1931
2702 2776
130 257
130 259
130 260
132 257
132 259
132 291
132 442
132 496
132 518
132 525
132 526
132 527
132 528
132 530
132 531
132 532
133 181
133 286
133 291
133 496
133 525
133 787
133 788
133 789
133 790
133 792
133 793
134 135
135 391
135 627
135 721
135 846
135 847
135 848
135 849
135 850
137 257
137 526
137 527
139 722
139 916
140 174
140 257
140 259
140 291
140 496
140 525
140 526
140 1132
140 1133
142 528
142 581
142 848
142 1163
143 286
143 291
143 518
143 695
143 1186
145 1363
146 272
146 518
146 526
146 527
146 581
146 722
146 913
146 916
148 290
148 297
148 389
148 729
148 733
148 885
148 922
148 1133
148 1524
148 1601
148 1602
148 1603
149 286
150 602
151 155
151 181
151 291
151 1637
151 1639
152 344
152 391
152 527
152 604
152 627
152 789
155 156
155 220
155 291
155 935
155 1198
155 1748
155 1749
155 1750
156 291
157 259
157 581
157 602
157 627
158 527
158 1810
159 204
159 210
159 215
159 925
159 1124
159 1307
159 1839
160 1840
162 272
162 1692
162 1748
162 1980
162 1981
163 1112
163 1852
165 527
165 604
165 1136
165 1157
166 2072
168 1346
169 190
169 581
169 582
169 583
169 602
169 921
169 1168
169 1175
169 2146
170 579
172 250
172 291
173 291
173 1639
176 1330
177 910
179 257
179 259
179 291
179 526
179 527
179 1639
181 291
181 585
181 1133
181 1231
181 2264
181 2265
184 391
184 2306
185 686
185 2314
187 1852
188 526
188 527
189 291
189 1377
190 259
190 526
190 527
190 531
190 581
190 788
190 913
190 2364
191 518
191 527
191 1852
191 2220
192 291
192 526
192 845
192 1548
192 1639
194 257
197 272
197 291
197 602
197 1852
198 527
198 1345
198 2035
198 2212
198 2444
201 564
203 1852
203 2475
204 215
204 344
204 477
204 676
204 1123
204 1720
204 2476
207 2500
208 2436
209 1988
210 257
210 272
210 581
210 699
210 783
210 1389
210 2163
210 2528
213 1540
217 527
218 873
218 1589
218 1820
218 2400
220 257
222 272
224 272
224 391
225 291
225 585
227 259
227 291
227 526
227 2052
230 259
230 295
230 702
230 1670
230 2694
231 2287
231 2695
231 2696
231 2697
232 1779
233 527
236 580
237 342
237 1649
237 2724
238 1133
239 525
239 702
244 527
247 2483
248 527
248 2411
251 2774
257 281
257 347
257 396
257 476
257 653
257 918
257 921
257 929
257 936
257 1048
257 1049
257 1050
257 1051
259 397
259 431
259 934
259 1410
259 1666
260 921
269 272
272 281
272 847
272 912
272 921
272 1006
272 1314
272 1647
272 1667
272 1692
272 1693
272 1694
272 1695
272 1696
270 274
274 513
274 1818
280 281
280 283
280 284
281 286
286 794
286 795
286 796
289 339
289 357
289 359
289 366
289 367
289 382
289 484
289 627
289 696
289 926
289 929
289 1027
289 1068
289 1369
289 1458
289 1459
289 1460
289 1461
289 1463
289 1464
289 1465
289 1466
289 1467
289 1468
289 1469
289 1470
289 1471
289 1472
289 1473
289 1474
289 1475
289 1476
289 1477
289 1478
281 290
290 580
290 1409
290 1585
290 1587
290 1588
290 1589
290 1590
290 1591
290 1592
290 1593
290 1594
290 1595
290 1597
290 1598
290 1599
281 291
291 349
291 368
291 396
291 404
291 410
291 431
291 1002
291 1136
291 1198
291 1345
291 1463
291 1637
291 1639
291 1645
291 1646
291 1647
291 1649
291 1650
291 1651
291 1652
291 1653
281 292
292 437
292 581
292 1764
293 394
293 985
293 1132
293 1330
293 1394
293 1893
278 294
294 493
294 496
294 841
294 1917
294 1918
294 1919
294 1920
294 1921
294 1922
295 481
295 1974
295 1975
295 1976
281 296
296 476
296 581
296 1123
296 1676
281 297
297 491
281 298
298 1132
298 1464
298 1602
298 1613
298 2087
298 2088
298 2089
298 2090
281 299
299 721
302 1676
302 2302
303 581
303 1396
281 304
304 580
304 1837
304 2227
305 794
309 2439
442 1074
442 2723
278 496
496 520
496 602
496 721
496 1971
496 2274
496 2275
434 518
437 518
439 518
518 520
518 521
518 522
518 523
518 524
369 525
525 565
525 573
525 1119
525 1120
525 1121
525 1123
525 1124
525 1125
525 1126
525 1127
525 1128
525 1129
525 1130
525 1131
431 526
526 1168
526 1170
404 527
527 609
527 787
527 884
527 1168
527 1171
527 1172
527 1173
527 1174
527 1175
527 1176
527 1177
528 1278
528 1342
528 1343
530 659
530 2046
530 2047
334 531
344 531
531 1151
531 1377
531 1967
531 1974
532 929
532 1649
532 1666
532 2095
431 788
437 788
604 788
788 1230
788 1598
788 2181
501 789
602 789
339 391
358 391
383 391
391 581
391 627
391 1084
391 1245
391 1393
391 1394
391 1395
391 1396
391 1397
391 1398
391 1399
391 1400
391 1401
391 1402
391 1403
391 1404
334 627
339 627
344 627
358 627
364 627
365 627
383 627
434 627
570 627
581 627
624 627
627 732
627 928
627 933
627 938
627 1068
627 1156
627 1245
627 1268
627 1277
627 1330
627 1393
627 1394
627 1436
627 1468
627 1845
627 1846
627 1847
627 1848
627 1849
720 721
721 845
721 1542
410 846
846 1111
847 895
847 1143
847 1597
847 1691
485 848
631 848
848 925
848 934
848 1015
848 1168
848 1393
848 1455
848 2234
848 2235
339 849
849 1203
849 1264
849 2448
585 850
349 432
432 933
432 1061
432 1253
432 1358
432 1359
432 1360
432 1361
432 1362
281 720
281 722
722 916
722 925
722 934
722 1118
281 726
726 780
726 1168
726 2212
726 2213
281 728
343 728
281 730
730 1396
909 910
909 911
909 912
520 913
581 913
584 913
913 925
913 1123
913 1168
913 1455
913 1456
913 1457
914 1675
914 1676
914 1677
383 916
916 1118
916 1132
631 917
917 1853
917 2433
917 2434
918 1611
918 1827
611 919
919 2500
780 781
780 782
780 783
902 906
1002 1670
1002 1671
1002 1672
1002 1673
1002 1674
430 1112
618 1112
685 1112
1018 1112
1112 1153
360 1132
559 1132
581 1132
1132 1136
1132 1157
1132 1349
357 1133
1133 1873
1133 2003
1133 2094
1133 2095
1133 2096
1133 2097
356 571
487 571
559 571
571 985
571 1136
571 1157
520 604
604 1120
604 2019
604 2020
604 2021
614 1416
614 2002
281 723
723 1245
723 1800
723 1801
723 1802
723 1803
281 727
368 727
585 727
727 2343
275 1123
581 1123
1123 1125
1123 1388
1123 2161
1123 2169
581 1124
702 1124
925 1124
1124 1717
1124 1798
1124 1800
1124 1845
1124 1846
1124 2248
1136 1654
1143 1286
1143 1384
1143 1385
1143 1597
1143 2375
1143 2376
1143 2377
1143 2378
1143 2379
1143 2380
1145 1445
1146 2632
1146 2664
1146 2665
389 581
491 581
521 581
581 921
581 934
581 1155
581 1156
581 1157
581 1158
581 1160
581 1161
581 1162
1163 1434
1163 1842
689 695
695 753
695 1004
695 1230
695 1622
695 1875
695 2401
695 2402
695 2403
695 2404
695 2405
695 2406
369 1186
481 1186
1186 1395
1186 1422
1186 1484
1186 1704
1186 1705
1186 1706
570 925
925 930
925 1838
342 1303
1363 1364
1363 1365
389 579
389 580
389 582
389 583
389 584
389 585
281 729
281 733
477 885
885 2277
885 2698
885 2699
350 922
397 922
922 928
922 930
1432 1524
1150 1601
602 626
602 740
602 1111
602 1733
602 1967
1006 1637
1637 1639
1637 1640
1637 1641
1637 1642
410 1639
1270 1639
1613 1639
1639 1650
817 935
935 2537
350 1810
1810 2192
1839 2476
1852 2355
1852 2356
1157 1893
645 1346
1346 1348
410 582
579 582
582 2039
582 2226
582 2350
582 2351
582 2352
582 2353
583 2220
583 2226
583 2350
583 2457
921 1228
1175 2350
2146 2248
2146 2586
579 588
579 589
579 590
579 591
579 592
579 593
579 594
579 595
410 1424
498 1416
501 1416
676 1416
1670 2035
2035 2548
2035 2549
338 1330
1330 2065
430 910
889 910
892 910
910 1085
910 1546
910 1581
910 1968
910 1969
910 1970
910 1971
910 1972
910 1973
404 732
393 1489
1057 1489
1106 1489
1108 1489
277 686
686 1520
686 2165
1376 1377
1377 1378
1377 1382
2219 2220
2220 2226
839 845
845 1367
845 2444
845 2567
845 2568
845 2569
356 1548
630 1548
631 1548
613 1389
1389 1391
1229 1611
1611 1612
1611 1613
1528 2190
2190 2191
2190 2194
1543 2424
2424 2691
1344 1345
1345 2357
2212 2302
2212 2492
616 625
616 2613
474 564
564 953
564 984
332 477
477 483
477 484
477 485
477 489
477 490
477 503
477 507
477 509
477 534
477 555
477 559
477 562
477 566
477 636
477 673
477 757
477 763
477 979
477 980
477 981
477 983
477 984
477 985
477 988
477 989
477 990
477 991
477 992
477 995
477 996
477 997
477 998
477 999
668 676
676 2412
738 1720
1720 1721
1720 1722
1464 2500
2500 2501
751 2436
2436 2511
699 700
699 701
699 702
699 703
699 704
699 706
783 1009
783 1395
783 1838
783 2267
783 2455
2163 2759
873 874
725 1589
1589 2164
1285 1820
1819 1820
1820 2164
1494 2400
2400 2675
2400 2676
266 474
474 489
474 490
474 505
474 506
474 511
474 555
474 558
474 559
474 561
474 562
474 563
474 565
474 566
474 567
501 703
703 985
2047 2052
437 702
702 890
702 1636
435 2287
2287 2696
2287 2697
2696 2697
1181 2697
2357 2697
1431 1779
1752 1779
1777 1779
580 830
580 1149
580 1150
580 1151
342 473
342 506
342 534
342 1220
342 1722
342 1741
1206 2483
1824 2411
281 724
281 725
281 731
281 732
281 734
332 357
332 360
332 534
332 535
336 1102
337 521
337 559
337 786
337 1244
343 360
343 1782
350 522
350 1439
350 2078
357 946
360 361
360 385
360 397
360 794
360 1253
364 2557
371 540
927 1555
927 1942
927 1962
927 1963
929 2014
930 1439
936 1085
319 937
321 937
942 2439
943 946
347 832
347 894
347 1878
347 1879
347 1880
476 483
476 598
476 606
476 657
476 948
476 951
476 952
476 953
476 954
476 955
476 956
476 957
647 653
598 1049
606 1049
956 1049
1049 1208
319 1050
1050 1172
1050 1229
1050 1332
1050 1382
1050 2384
1050 2420
1051 1233
1051 2595
1051 2596
338 354
338 1199
338 1289
338 1328
338 1329
338 1331
338 1332
338 1333
338 1334
338 1335
338 1336
338 1337
467 472
955 956
1196 1251
1251 2446
1253 1536
672 1261
1261 2288
1261 2646
1203 1264
1264 2447
540 1267
1084 1270
1270 2620
1271 2752
1277 2773
1279 2240
501 1410
1312 1410
262 263
263 483
263 561
263 842
263 983
263 1690
481 483
483 503
483 507
483 511
483 559
483 741
483 957
483 983
483 989
483 1167
483 1736
506 561
561 1164
561 1690
484 842
563 842
747 842
754 842
755 842
842 1047
511 983
563 983
752 983
983 1167
510 1690
1690 2286
264 265
264 266
264 267
264 268
266 536
266 538
266 539
266 540
266 541
266 542
266 543
266 544
266 547
266 548
266 549
266 551
266 552
266 553
267 2499
268 893
536 736
536 1030
536 1031
536 1032
536 1033
538 539
538 738
538 996
538 1604
539 1030
539 1035
539 1037
539 1039
539 1735
539 1828
539 1830
539 1831
539 1832
540 858
540 1185
540 1861
540 1862
540 1863
540 1865
540 1866
540 1867
540 1868
540 1869
540 1870
540 1871
540 1872
540 1873
540 1874
542 543
542 2459
543 1954
543 1955
543 2282
544 2530
547 2634
548 1032
548 2648
549 2634
271 893
269 270
269 271
269 273
270 275
271 324
271 501
271 741
271 890
271 894
271 1311
271 1312
271 1314
271 1315
271 1316
271 1317
271 1319
271 1320
271 1321
271 1322
271 1323
275 1432
275 2371
322 324
324 2551
324 2552
324 2553
473 501
501 753
501 840
501 879
501 1170
501 1407
501 1408
501 1417
501 1418
501 1419
501 1420
501 1421
735 741
739 741
741 897
741 1919
741 2536
888 894
894 1408
894 1418
339 1311
1311 1324
1312 1407
1312 1408
1312 1409
1312 1411
339 1315
1315 1736
625 1316
1316 1317
1316 2152
1316 2153
625 1317
1317 2152
1317 2153
912 1219
912 1582
630 1667
1588 1667
1695 2746
503 513
513 2036
513 2328
1364 1432
1432 1923
677 2371
276 277
276 278
277 683
277 684
277 685
277 687
278 841
278 1372
278 1918
278 1920
278 2185
278 2186
683 687
684 749
684 1983
687 2516
687 2517
1372 2185
1669 1918
1918 1919
1918 2185
725 1283
725 2164
731 2717
731 2718
1711 1807
1711 2621
430 1153
430 1154
437 559
437 1150
437 1598
437 2181
437 2474
441 1120
441 2271
535 2002
598 659
659 947
659 949
1052 1094
1053 1165
1053 1235
1053 1610
1056 2151
339 1057
630 1057
1057 1104
1065 2285
617 1078
1085 2754
598 658
598 956
606 956
952 2157
756 956
1193 1220
1193 1412
1193 1413
677 1194
953 1194
1194 1234
1194 1487
1194 1678
1194 1679
1194 1680
1195 1783
1195 1784
1196 1941
1196 1942
516 1199
1199 2064
1203 2447
1211 1411
1211 1669
1211 2194
1109 1215
1221 2427
1222 2558
339 1098
339 1405
339 1406
484 1759
484 1760
689 696
696 1004
1027 2674
1035 1459
1409 2308
1585 1586
1285 1587
1286 1587
1529 1587
1587 1608
1587 1609
1285 1588
1286 1588
1590 2370
1592 2427
1597 2376
1597 2658
1597 2688
1597 2748
1229 1598
349 2078
317 1645
1764 2626
394 1499
394 1500
394 1501
394 1502
880 1893
493 1015
493 2098
1921 1922
1922 2708
481 499
481 562
481 642
481 1355
481 1356
481 1357
1676 1798
1676 1799
491 1299
491 2039
771 1613
1613 2325
1613 2326
1613 2327
618 992
947 992
992 2028
992 2506
1384 1387
2193 2401
356 626
356 1689
356 2213
356 2468
520 2227
310 311
311 312
314 319
314 320
314 321
317 2564
319 2560
319 2619
320 2619
320 2685
2480 2560
2558 2564
2501 2558
2558 2563
322 323
322 325
327 1188
755 1830
1949 1950
1950 1953
1950 1954
1950 1955
1955 2503
333 578
334 626
354 516
373 1718
376 2684
384 2744
393 764
393 1487
393 1488
626 630
626 631
888 895
889 1723
889 1724
521 786
521 1244
506 559
507 559
559 630
559 636
559 752
559 840
786 1015
786 1244
1015 1244
1041 1289
1242 1289
1289 1504
999 1329
1329 2064
1329 2065
1329 2066
1331 2010
1331 2347
1331 2348
1331 2349
516 1332
1243 1332
1332 2064
516 1333
1333 2064
1333 2450
1242 1334
1334 1339
1334 2281
1334 2507
1334 2508
1334 2509
1334 2510
1024 1336
479 1098
1098 1292
1098 2661
596 624
596 625
657 946
946 2027
946 2028
946 2029
1149 1422
1149 1423
1324 1439
1523 1937
1526 2069
1527 2075
1183 1528
1532 2288
1536 1609
1536 2462
1542 2311
1545 1916
1559 2736
595 1560
1043 1566
1044 1566
1566 2554
1569 2389
1570 2614
573 2095
624 1229
630 645
642 645
645 1347
630 957
630 1107
1104 1107
630 1155
625 1492
1492 2578
630 1685
1686 2207
1686 2673
503 506
506 753
506 1165
506 1166
506 1167
562 1722
1722 2363
1299 1741
1300 1741
1301 1741
1741 2582
739 1879
1879 2150
522 1349
522 2431
1439 2407
1439 2408
504 516
516 677
516 1946
516 2036
516 2067
516 2068
516 2494
1808 2023
625 636
625 1824
625 2451
584 2655
618 764
618 2060
764 771
764 773
764 776
764 778
877 2182
1005 1153
1005 2011
1009 1395
1009 1400
1009 1838
1009 1939
1009 2267
1009 2469
1009 2470
1009 2471
1009 2472
1009 2473
1010 1507
1010 2280
953 1012
1012 2058
1012 2562
1013 1126
1013 2084
1014 2577
1015 2382
1017 1018
984 1019
1019 2651
1019 2652
1019 2653
1022 2678
1028 2203
1393 1912
1395 1838
1395 2267
1395 2414
736 1340
1487 1681
1488 1979
1488 2315
1488 2316
1488 2317
1488 2318
1499 2237
1502 2237
1502 2346
660 737
735 737
735 740
740 1816
740 2488
740 2489
1286 1787
1900 2463
657 947
657 948
657 949
657 950
479 1099
479 1100
479 1101
485 1811
487 1986
489 839
489 981
489 991
489 2015
494 1506
494 1943
499 2603
515 642
505 562
512 562
514 562
562 759
562 981
562 2491
632 633
632 635
632 636
632 637
632 639
735 736
735 738
735 739
735 742
735 743
735 744
745 899
746 1785
747 1881
749 989
749 1736
750 2412
751 2435
751 2437
507 752
511 752
752 995
753 1708
753 2513
753 2514
753 2515
754 2077
758 2667
763 840
677 2372
677 2373
677 2374
839 840
507 840
511 840
840 1047
840 1413
840 1947
840 2018
840 2139
840 2140
844 2705
647 654
897 1953
897 1959
899 2197
899 2198
1104 1105
1172 1241
1172 1242
1172 1243
503 504
503 505
503 507
503 509
503 510
503 511
503 512
503 514
503 515
1742 1744
1376 1378
511 2077
2051 2054
738 1816
1781 1816
1035 2030
2036 2037
947 1230
947 2254
1241 1774
1241 1775
2312 2313
1153 1957
1154 1830
1359 2737
805 1119
805 1857
805 2232
805 2233
1857 2171
1121 1151
1151 2520
2288 2289
1285 2181
2181 2721
690 1120
1120 1726
1120 1727
1120 1728
1120 1729
1120 1730
1678 2271
1761 1773
1773 1897
1986 2010
1605 1606
1605 1607
953 1924
953 1925
953 2165
1237 1966
999 1972
1371 2073
1371 2074
507 509
507 636
507 995
1708 1942
1708 2401
1417 2165
1417 2322
1897 2165
1751 1822
1766 2714
636 1610
1041 1505
1946 2394
1927 2093
647 650
647 652
467 471
555 981
555 1506
555 1507
555 1508
558 1121
558 1129
558 2084
558 2085
563 588
567 2738
668 673
673 2531
980 1297
990 1983
990 2358
1099 2347
1736 2236
1759 1824
875 876
1780 1781
1781 1815
1119 1299
1299 2547
2098 2099
858 1506
1876 1943
1349 2428
2036 2038
773 2274
2274 2276
2274 2277
1710 2055
1710 2158
1170 1297
1408 1418
1408 2135
1418 2135
514 2616
515 2630
1166 1391
1944 1960
1944 1961
1945 1947
1948 2722
2064 2067
2064 2068
2065 2068
2065 2494
608 1824
613 1391
621 2091
2431 2432
1119 1298
1119 1300
1119 1301
1121 2086
1125 2086
1125 2496
1125 2532
1842 2527
1842 2707
2046 2273
688 689
688 690
1629 2002
2002 2009
736 738
736 743
736 1338
736 1339
736 1341
738 1030
744 1030
1030 1034
1030 1035
738 1032
1283 1284
1283 1285
1283 1286
738 1735
738 1883
738 1885
738 1886
738 1887
1035 1493
1035 1885
1035 1886
1035 1887
1035 2031
1035 2032
1036 1037
1037 2618
1036 1039
1038 1039
1039 1040
1338 1735
1732 1735
1735 2636
1735 2637
1830 1953
1830 2395
1830 2532
1830 2593
853 858
858 859
858 1859
858 1860
1951 1955
1983 2282
2281 2282
2282 2648
2648 2671
1507 2303
630 882
630 1819
630 1821
630 1822
630 1823
630 1824
630 1825
630 1827
1924 1933
1924 1934
1924 1935
1924 1936
1928 2586
1929 2588
2215 2420
2016 2195
2016 2196
1158 2490
2226 2350
2350 2741
2654 2655
2655 2656
1411 1669
1669 2170
1669 2171
1669 2172
1669 2173
1669 2174
1669 2175
1669 2176
1669 2177
1431 1776
1731 1733
1104 1106
2091 2727
1610 1824
1824 2410
1481 2486
2486 2758
2607 2608
2143 2732
1229 1888
1229 1889
1229 1890
1229 1957
1847 2541
1847 2542
1850 1855
1850 1856
908 1819
1493 1966
1496 2594
1449 1497
650 1938
660 2454
666 2753
949 950
2288 2290
2290 2506
2290 2532
674 2583
2583 2681
667 668
668 672
668 674
668 675
672 2521
1716 1785
1232 2187
1234 2272
1192 1235
2412 2413
2372 2631
678 679
678 680
678 681
679 680
679 681
680 681
1036 1038
1036 1040
1040 1621
1621 2416
1621 2731
1517 1520
2516 2728
689 697
689 698
698 2729
2055 2390
2059 2160
2252 2740
1435 2159
2159 2160
2160 2368
2401 2421
2197 2280
2206 2207
1838 2267
1838 2455
1654 2267
2188 2683
1481 1482
1481 1709
859 1709
2164 2622
2164 2623
743 1731
743 1732
1339 2136
1885 2590
1885 2730
2395 2489
2489 2593
2277 2536
2536 2670
1731 1732
1731 1734
771 2280
771 2325
2435 2458
773 2255
773 2257
773 2464
773 2512
1516 1517
1516 1518
1633 2208
1633 2304
2325 2550
2255 2257
2561 2678
2650 2704
2292 2455
2293 2455
2455 2566
824 2781
2415 2535
2419 2779
1096 2027
2279 2606
1777 2139
2139 2449
2140 2449
2140 2545
2705 2706
1366 1367
895 1286
895 1957
895 2429
895 2430
1455 1964
852 853
852 855
853 859
855 2143
2141 2465
1484 2310
1485 1486
1385 1859
1859 2533
1859 2534
1286 1385
1383 1385
1385 1888
1385 1889
1385 1890
2009 2668
2009 2669
2698 2700
1286 1388
1286 2375
1286 2430
1953 2504
1043 2149
2149 2554
2198 2466
2198 2467
1581 1582
1581 1583
1970 2438
1973 2622
1973 2743
1582 1584
2433 2434
2433 2490
2433 2679
2433 2680
2434 2760
2028 2539
2029 2393
2029 2709
1411 2254
2254 2643
2254 2644
2254 2645
978 2775
1038 2712
1448 2755
1449 2766
1768 2747
1771 2747
2358 2359
2358 2360
2358 2361
2358 2362
1104 1108
1108 2599
1629 2003
1753 2713
2011 2674
1939 1940
2469 2523
2292 2471
1382 2382
2382 2384
1042 1043
1042 1044
1043 1044
1043 2554
1043 2555
1043 2556
1192 2666
2322 2388
1379 1382
1381 1382
1382 2086
1382 2381
1382 2383
1382 2384
2383 2420
1103 1104
1104 1109
1104 1110
1181 2194
1376 1379
1376 1381
1242 2136
2136 2281
2136 2507
2136 2508
2136 2509
2136 2510
2137 2138
2137 2591
1292 2065
2597 2599
1730 2782
2086 2495
2086 2496
1384 1388
2388 2532
2391 2597
2393 2710
1654 2005
1654 2617
1383 1384
2377 2658
2377 2688
2379 2380
2069 2632
2632 2633
2490 2693
1242 1775
1183 2191
1412 1414
1678 2272
1679 2272
1411 2170
1411 2177
1888 1889
1888 1890
1888 1891
1888 1892
2187 2188
2187 2189
2272 2620
1775 2502
2646 2647
1284 1287
1285 2324
1287 2505
2324 2662
2324 2663
2065 2463
2152 2670
2066 2726
1366 1368
1381 2519
1383 1386
2170 2177
2170 2643
1776 1777
1776 1778
2154 2273
2407 2409
1977 1979
2318 2719
2318 2720
2749 2750
2344 2346
1517 1914
2075 2076
1913 1916
2736 2770
2736 2771
2276 2389
2389 2609
2389 2610
2389 2611
2614 2615
2658 2659
1982 2538
1606 1607
1612 1614
2304 2305
2171 2180
2207 2673
2589 2597
1806 1807
1807 1808
1807 1809
2621 2768
2621 2769
2637 2745
2529 2778
2689 2690
2582 2763
1815 2587
1806 1808
1808 2024
1808 2025
1808 2026
2409 2593
2593 2676
2627 2711
2707 2783
2541 2542
2541 2543
2541 2544
2542 2543
2542 2544
2638 2641
2641 2642
1933 2155
2155 2156
2722 2735
1949 1951
1977 1978
2668 2669
2195 2196
2099 2739
2293 2566
2293 2649
2449 2545
2219 2221
2219 2222
2219 2223
2219 2224
2219 2225
2733 2734
2442 2443
2344 2345
2609 2612
2597 2598
2597 2600
2597 2601
2597 2602
2421 2422
2682 2742
2523 2524
2523 2525
2757 2758
2524 2525
2524 2526
2526 2764
2638 2639
2638 2640
2639 2642
2656 2677
