1 2
1 3
2 4
2 5
2 6
2 7
2 8
2 9
3 92
3 158
3 161
4 6
4 10
4 14
4 16
4 18
4 19
4 38
4 40
4 41
4 42
4 43
4 44
4 47
4 57
4 58
4 59
4 60
4 61
4 62
4 63
4 64
4 65
4 66
4 67
4 68
4 69
4 70
4 71
4 72
4 73
4 74
4 75
5 9
5 32
5 33
5 36
5 37
5 42
5 43
5 47
5 57
5 59
5 96
5 105
5 106
5 107
5 108
5 109
5 110
6 15
6 24
6 25
6 26
6 37
6 68
6 83
6 98
6 101
6 140
6 163
6 164
6 165
6 166
6 167
6 168
7 8
7 47
7 61
7 86
7 187
7 188
9 25
9 37
9 118
9 122
9 123
9 138
9 140
9 185
9 186
9 230
57 92
89 92
92 104
86 158
111 158
158 159
158 160
10 11
10 12
10 13
10 14
10 15
10 16
10 17
10 18
10 19
11 14
14 15
14 20
14 22
14 27
14 29
15 16
16 17
16 18
16 19
16 58
17 18
18 32
18 59
18 93
18 169
15 19
19 37
19 240
38 39
38 40
38 41
38 42
38 43
38 44
39 40
40 41
40 42
40 43
40 44
39 41
41 42
41 43
41 44
21 42
24 42
42 43
42 44
42 47
42 76
42 77
43 44
43 47
44 45
44 78
21 47
36 47
39 47
47 48
47 50
47 59
47 61
47 114
47 116
47 187
47 188
47 189
15 57
21 57
57 58
57 59
57 66
57 70
57 72
57 73
57 88
57 89
57 91
57 93
57 94
57 95
57 96
57 97
57 98
57 99
57 100
57 101
57 102
15 58
58 65
58 66
58 68
58 69
58 70
58 71
58 72
58 73
58 99
58 100
58 118
58 121
58 122
58 123
58 124
58 129
58 167
58 202
58 203
58 204
58 205
58 206
58 207
58 208
15 59
32 59
36 59
59 66
59 72
59 73
59 93
59 96
59 101
59 102
59 137
59 152
59 170
59 189
24 60
60 64
60 77
60 128
60 171
61 62
61 63
61 85
61 150
61 151
61 152
61 187
61 188
61 247
62 85
62 191
62 192
62 204
62 252
62 253
62 254
62 255
63 85
63 137
63 148
63 150
63 152
63 187
63 204
24 64
64 171
64 172
65 68
65 69
65 70
65 71
65 252
66 72
66 73
66 99
66 100
66 292
67 74
67 97
67 101
67 102
67 128
67 129
67 130
67 167
67 204
67 230
67 281
67 293
67 294
67 295
17 68
68 69
68 70
68 71
68 98
68 101
68 102
68 168
68 268
68 299
68 300
68 301
68 302
37 69
69 70
69 71
70 71
70 137
71 101
72 73
72 99
72 100
73 99
73 100
74 204
74 284
74 285
74 295
75 459
12 32
13 32
32 36
32 93
32 105
32 109
32 114
32 152
32 189
32 190
20 33
24 33
25 33
33 34
33 35
33 36
33 37
36 37
36 93
36 109
36 189
37 91
37 108
37 110
37 122
37 150
37 167
37 217
37 240
37 241
37 242
37 243
37 244
37 245
37 246
95 96
17 105
48 105
105 111
105 112
105 113
105 114
46 106
106 115
106 116
107 128
107 239
54 108
108 110
108 152
93 109
97 109
109 138
109 189
109 190
110 137
110 152
15 77
15 93
15 98
15 101
15 102
15 168
15 199
15 200
11 24
20 24
24 25
24 26
24 35
24 77
24 116
24 118
24 130
24 132
24 140
24 164
24 167
24 169
24 170
24 171
24 172
24 173
24 174
24 175
24 176
24 177
24 178
24 179
24 180
24 181
24 182
24 183
24 184
11 25
20 25
25 26
25 27
25 29
25 118
25 123
25 185
25 186
11 26
26 28
26 30
26 83
28 83
79 83
82 83
83 119
83 141
17 98
77 98
98 101
98 102
98 168
98 268
98 297
98 298
101 102
101 168
101 199
101 200
101 299
101 308
101 309
101 310
101 311
17 140
91 140
97 140
140 164
140 165
140 166
140 167
140 170
163 169
77 164
164 165
164 169
164 215
164 216
164 217
164 266
164 267
164 268
164 269
164 270
164 271
165 169
165 266
77 167
167 204
167 207
167 217
167 219
167 241
167 243
167 244
167 249
167 260
167 280
167 296
17 168
168 199
168 200
168 222
168 223
168 225
168 227
168 268
168 297
168 298
168 302
168 305
168 306
168 308
168 309
168 310
168 311
81 86
86 111
86 159
152 187
187 188
188 265
77 118
91 118
117 118
118 119
118 120
118 121
118 122
118 123
118 124
118 125
118 126
118 127
118 128
118 129
118 130
118 131
118 132
118 133
122 123
122 124
122 185
123 124
123 201
91 138
97 138
128 138
138 139
138 249
138 250
138 251
138 257
138 262
138 263
138 270
138 279
138 280
51 230
129 230
130 230
136 230
230 233
230 234
230 235
230 236
11 12
11 20
11 21
11 22
11 23
11 27
11 28
11 29
11 30
11 31
12 13
17 97
17 219
17 222
17 223
17 224
17 225
17 226
17 227
20 22
20 27
20 34
21 39
21 46
21 48
21 49
21 50
21 51
21 52
21 54
21 56
21 76
21 79
21 84
21 89
21 91
21 135
21 142
21 143
21 144
21 145
21 146
22 27
22 39
22 45
27 29
31 77
77 126
77 128
77 129
77 130
77 131
77 133
77 171
77 174
77 202
77 213
77 214
77 215
77 216
77 217
77 218
77 219
77 220
77 221
93 97
93 189
93 190
97 102
102 200
102 299
199 200
199 223
199 308
199 309
199 310
199 311
199 397
200 308
200 309
200 310
200 311
97 128
97 267
222 225
222 226
222 227
222 234
222 268
222 298
222 302
222 305
222 307
222 313
222 314
222 315
222 316
223 224
223 225
223 226
223 298
223 302
223 397
224 225
224 226
225 226
225 227
225 298
225 302
225 307
225 421
225 422
225 423
225 424
225 425
225 426
225 427
225 428
225 429
225 430
225 431
225 432
225 433
225 434
225 435
225 436
225 437
225 438
226 280
226 313
226 314
226 315
226 316
227 302
227 314
227 440
227 458
169 210
39 45
39 46
39 48
39 49
39 50
39 51
39 52
39 53
39 54
39 55
39 56
46 116
48 50
48 111
48 112
49 51
49 52
49 76
49 134
49 212
50 51
50 52
50 53
50 146
50 228
51 52
51 134
51 229
51 231
51 232
51 233
51 234
51 235
51 236
51 237
52 145
52 212
52 229
52 238
55 56
56 150
56 209
53 76
76 91
76 121
76 134
76 135
76 136
79 80
79 81
79 82
79 84
88 89
89 103
89 104
53 91
91 117
91 119
91 134
91 135
91 136
91 137
91 139
121 135
134 135
135 136
142 148
142 160
142 191
142 192
142 193
143 144
143 194
144 194
146 195
146 228
45 78
128 130
129 130
130 131
130 132
130 133
130 173
130 174
130 176
130 286
130 287
130 288
130 289
132 173
132 174
170 171
171 172
173 174
173 175
174 175
174 218
175 312
176 177
176 271
176 288
176 326
176 342
177 325
177 340
177 343
177 344
178 179
178 180
178 272
178 273
178 349
178 353
178 378
178 405
178 406
178 407
179 180
179 184
179 273
179 274
179 288
179 346
179 361
179 366
179 372
179 391
179 406
179 407
179 471
179 472
179 473
179 474
179 475
179 476
180 273
181 361
181 368
181 369
181 370
181 374
181 520
181 521
182 183
182 184
182 586
183 184
183 586
184 406
184 475
85 152
137 152
148 152
189 190
53 150
85 150
137 150
148 150
150 151
150 191
150 194
150 209
217 220
217 243
217 244
217 267
217 303
242 320
242 331
242 336
242 379
242 380
242 381
242 382
242 383
242 384
242 385
242 386
242 387
242 388
242 389
242 390
243 244
243 444
204 245
245 445
246 439
246 445
246 456
246 523
246 524
246 525
246 596
53 151
78 162
85 111
111 157
111 159
121 134
134 136
212 238
195 228
209 231
231 237
231 290
231 291
232 233
232 234
233 234
233 235
234 235
235 236
209 236
237 257
237 280
237 291
85 151
148 151
209 291
88 90
99 100
124 202
128 129
129 133
129 202
129 272
129 273
129 274
129 275
129 276
129 277
129 278
202 213
202 214
204 205
204 206
204 281
204 282
204 283
204 284
204 285
205 206
206 304
207 295
207 296
207 320
207 321
207 322
207 323
207 324
137 148
128 248
128 249
128 250
128 251
80 85
85 147
85 148
85 149
148 191
160 191
191 192
160 192
192 193
253 317
254 255
148 160
281 295
293 294
282 295
283 295
295 439
295 440
295 441
295 442
295 443
268 297
268 298
268 299
268 305
299 358
299 359
300 301
300 323
300 439
300 443
300 489
300 495
300 496
300 497
300 498
300 499
300 500
300 501
300 502
300 503
300 504
300 505
300 506
300 507
300 508
300 509
300 510
300 511
300 512
300 513
300 514
300 515
300 516
300 517
300 518
300 519
298 302
302 397
302 422
302 458
302 470
283 284
284 285
284 323
284 440
284 456
284 483
284 484
284 485
284 486
284 487
284 488
284 489
284 490
284 491
284 492
284 493
136 256
136 257
136 258
136 259
136 260
136 261
136 262
136 263
136 264
125 126
126 127
215 216
216 269
220 221
221 378
80 81
81 87
82 153
82 154
120 153
154 155
117 119
119 120
119 141
103 156
297 298
297 305
298 305
298 306
298 307
308 309
308 310
308 311
309 310
309 311
310 311
156 157
115 155
125 127
125 211
248 249
248 250
248 251
249 250
249 251
249 279
250 251
250 279
251 279
272 273
273 346
273 347
273 348
273 349
273 350
273 351
273 352
273 353
273 354
273 355
273 356
273 357
274 275
274 276
274 277
274 278
274 398
274 399
274 400
274 401
274 402
274 403
274 404
275 276
275 277
275 278
276 277
276 278
277 278
286 287
287 366
287 367
288 368
288 369
288 370
257 258
257 259
257 262
257 280
257 291
257 365
258 259
260 262
260 263
260 264
260 280
260 290
260 328
261 262
261 391
261 394
262 263
262 264
262 391
262 392
262 394
263 264
270 271
280 291
280 358
280 360
280 361
280 362
280 363
280 364
160 193
194 195
194 196
194 197
194 198
195 196
195 197
195 198
271 290
271 325
271 326
271 327
271 342
296 318
296 319
305 306
290 312
290 326
325 326
326 327
326 342
327 342
340 342
342 344
290 325
325 327
325 340
325 343
325 344
340 341
340 343
340 344
343 344
349 406
349 407
346 353
351 353
352 353
353 354
353 355
378 405
406 407
406 475
406 476
407 473
407 575
346 347
346 372
346 373
346 398
346 472
346 477
346 478
346 479
346 480
346 481
346 482
360 361
361 368
361 369
361 370
361 372
361 374
361 375
366 367
366 369
366 371
366 372
366 373
360 372
368 372
369 372
371 372
372 373
372 374
372 375
372 376
372 377
334 391
376 391
391 392
391 393
380 471
471 499
471 542
471 543
471 544
472 477
472 545
352 475
475 476
475 478
475 521
475 589
475 591
475 593
475 641
475 642
475 643
475 646
475 649
475 650
475 652
475 653
475 654
475 655
476 520
476 521
476 657
476 662
360 368
368 369
368 370
368 374
368 375
358 369
369 370
369 373
369 374
370 374
360 374
374 375
434 520
520 521
520 652
520 662
520 663
520 666
520 667
521 591
521 652
521 662
521 668
196 197
196 198
197 198
397 462
397 469
397 470
282 283
320 321
320 329
320 330
320 331
320 332
320 333
320 334
320 335
320 336
320 337
320 338
320 339
321 446
323 324
323 489
323 495
323 496
323 497
323 513
323 514
323 553
323 572
323 573
323 574
307 428
307 429
307 430
307 603
307 604
307 605
307 606
307 607
307 608
313 314
313 315
313 316
313 460
313 461
314 315
314 316
314 430
314 440
314 458
314 462
314 463
315 316
315 460
316 373
316 460
316 461
316 464
316 465
347 421
393 421
421 531
421 545
421 546
421 547
421 548
423 424
423 425
423 426
396 424
424 425
424 426
424 635
425 426
425 427
425 635
425 636
427 636
428 431
428 626
428 666
428 672
428 673
428 674
428 675
429 430
429 603
430 626
431 432
431 731
432 731
433 536
433 538
433 684
434 662
436 437
436 438
436 666
436 688
436 690
437 438
437 607
437 779
437 789
437 797
440 441
440 442
440 443
440 463
440 485
440 486
440 487
440 496
440 578
458 462
458 463
458 470
458 483
458 485
458 486
458 577
290 327
290 328
334 336
336 337
336 384
336 385
336 531
379 382
379 384
379 447
379 448
379 449
379 450
379 451
379 452
379 453
379 454
380 384
380 445
380 499
380 526
380 549
380 550
381 382
381 383
381 451
381 453
381 548
381 551
382 383
382 384
382 453
382 548
382 549
382 552
383 390
383 484
383 553
383 554
384 385
386 387
386 609
386 610
386 611
387 388
387 389
387 609
387 610
387 611
387 612
387 614
388 389
390 484
390 554
439 445
445 449
445 450
445 456
445 523
445 524
445 525
445 526
445 527
445 528
445 529
439 455
439 456
439 457
456 457
456 484
456 488
456 576
523 524
523 525
523 540
523 592
523 593
523 594
524 525
524 595
457 525
525 595
394 408
394 409
347 348
347 393
347 477
347 545
347 546
350 351
350 352
351 352
351 354
351 355
352 354
352 355
352 587
352 588
352 589
352 590
352 591
354 355
356 357
356 479
356 677
357 639
357 677
357 678
400 558
404 634
358 359
358 362
358 363
358 395
358 396
360 375
362 470
362 585
363 364
363 395
363 396
364 396
483 494
484 488
484 553
484 554
485 486
485 487
485 577
486 487
486 488
486 577
487 488
488 489
488 504
488 579
488 580
488 581
488 582
488 583
488 584
489 581
419 491
491 492
491 528
491 784
491 796
491 824
491 830
491 835
492 493
492 515
492 833
492 870
492 871
493 807
493 833
493 834
441 442
441 443
441 496
442 443
442 496
339 443
443 462
443 495
443 507
443 508
443 618
443 619
318 319
495 496
496 571
396 497
462 497
497 503
497 536
497 572
497 593
497 671
497 682
497 683
497 684
497 685
497 686
497 687
498 499
498 500
499 500
501 502
501 506
501 528
501 713
501 721
502 528
502 713
502 721
503 740
503 741
504 508
504 582
504 583
504 584
504 742
504 743
504 744
505 746
506 722
506 738
507 508
508 512
508 574
508 742
508 743
508 744
508 751
508 752
508 753
508 754
508 755
508 756
508 757
508 758
508 759
509 513
509 542
509 624
509 752
510 514
510 515
510 516
510 517
510 518
510 519
510 799
511 512
511 513
511 514
511 753
511 771
512 513
512 574
512 740
512 753
512 800
512 801
512 802
513 514
513 515
513 758
513 800
513 802
513 807
514 515
514 516
514 517
514 518
514 519
416 515
420 515
515 516
515 517
515 518
515 519
515 711
515 800
515 843
515 844
515 845
515 846
516 517
516 518
516 519
517 518
517 519
518 519
470 585
396 603
572 603
593 603
604 605
606 607
606 608
607 608
607 707
607 774
607 779
607 780
607 789
607 797
607 811
607 812
608 796
608 797
608 812
608 813
608 814
608 815
608 816
396 460
460 461
373 461
461 464
461 465
461 466
461 467
461 468
462 463
462 557
462 572
462 615
462 625
462 626
462 627
463 629
463 630
373 465
373 522
464 466
329 330
332 410
332 530
332 531
333 335
334 410
334 531
334 532
334 535
334 536
334 537
334 541
337 451
337 528
337 532
337 535
337 597
337 598
339 451
339 612
339 615
339 618
553 572
553 573
557 572
572 573
572 625
574 753
574 754
408 410
410 414
410 415
410 530
410 531
410 532
410 533
410 534
410 535
410 536
410 537
410 538
410 539
530 531
531 532
531 535
531 540
532 533
532 535
532 537
532 540
532 599
532 600
532 601
533 535
535 537
480 536
536 538
536 559
536 642
536 684
536 685
536 687
536 705
536 706
536 707
536 708
536 709
536 710
536 711
536 712
537 696
537 705
537 713
537 714
537 715
537 716
479 541
482 541
541 659
448 451
450 451
451 452
451 453
451 454
451 528
451 548
451 597
451 598
451 615
451 681
454 528
528 529
528 551
528 597
528 598
528 696
528 713
528 719
528 720
597 598
450 612
609 612
610 612
612 613
612 614
457 615
557 615
615 631
341 345
393 478
411 478
478 482
478 533
478 559
478 560
478 561
478 562
478 648
478 649
478 650
478 651
479 480
479 481
479 482
479 561
479 562
479 649
479 656
479 657
479 659
479 660
479 661
480 481
480 540
480 559
482 562
482 589
482 638
482 639
482 649
482 659
376 393
393 411
393 533
393 545
393 546
393 559
393 560
393 561
393 562
393 563
393 564
393 565
393 566
393 567
393 568
393 569
393 570
545 546
587 588
587 589
588 589
589 594
589 638
589 639
589 640
589 641
589 642
589 643
589 644
589 645
589 646
589 647
590 591
590 593
590 638
591 699
591 700
591 701
591 702
591 703
591 704
638 639
639 678
639 699
395 396
396 593
396 621
376 377
376 632
450 453
450 527
453 543
453 548
453 551
453 552
454 548
454 681
454 696
454 697
454 698
526 549
549 550
549 610
413 548
548 551
548 552
548 567
548 681
548 693
548 694
551 695
551 718
551 721
551 722
552 695
609 610
609 611
609 613
610 611
610 614
408 411
411 412
533 560
533 620
559 561
559 637
560 648
562 563
562 564
562 649
563 564
564 566
564 568
565 566
565 567
565 568
565 569
566 567
566 568
566 569
413 567
567 568
567 569
567 693
568 654
568 745
414 570
415 570
408 409
408 412
408 413
408 414
408 415
408 416
408 417
408 418
408 419
408 420
540 593
593 594
593 621
593 638
593 644
593 670
413 693
413 694
414 415
415 717
415 808
416 418
416 419
416 784
416 796
416 828
416 844
416 854
416 861
416 862
417 418
417 717
418 700
418 853
418 872
419 830
420 774
420 843
534 676
538 684
538 705
539 706
539 711
539 774
694 781
643 717
705 717
711 717
717 749
717 772
717 774
717 791
717 822
664 784
691 784
712 784
748 784
775 784
784 785
784 786
784 797
784 854
782 796
795 796
796 814
796 816
796 824
796 830
796 835
824 828
828 829
844 854
844 889
844 893
844 900
712 854
764 854
775 854
785 854
853 854
854 860
831 861
861 885
861 888
861 889
861 890
642 700
643 700
691 700
699 700
700 701
700 702
700 790
712 853
748 853
775 853
791 853
853 872
775 872
824 830
826 830
827 830
830 832
830 833
830 835
830 880
685 774
707 774
709 774
711 774
772 774
774 778
774 804
776 843
626 673
664 666
666 667
666 674
666 675
666 686
666 688
666 689
666 690
666 691
666 692
638 684
684 737
652 662
662 663
662 664
662 665
688 690
690 779
690 780
764 779
765 779
779 780
779 786
779 811
779 812
779 813
664 789
789 797
789 810
797 813
457 576
457 595
457 616
582 619
619 679
542 543
696 697
696 705
696 713
696 714
696 715
696 716
696 718
595 617
577 633
468 669
555 557
625 627
625 671
579 629
629 630
542 622
542 623
542 624
641 642
641 643
642 643
642 687
642 708
642 747
642 748
643 664
643 699
643 749
643 750
645 646
646 647
646 654
646 655
646 798
649 650
650 723
650 724
650 725
650 726
650 727
652 663
653 723
653 729
653 730
654 655
654 745
655 685
655 747
656 657
656 658
659 661
594 638
638 699
579 580
579 628
582 583
582 584
583 584
583 739
823 824
824 825
824 826
824 827
824 829
824 831
824 832
824 833
824 834
824 835
835 837
835 838
807 833
833 871
682 683
685 686
685 707
685 709
685 767
685 768
685 769
685 770
685 771
685 772
685 773
685 775
685 776
685 777
685 778
687 707
687 708
705 713
713 714
713 715
713 716
695 721
721 722
740 753
709 741
710 741
742 743
742 744
742 756
742 757
742 758
742 839
742 840
743 744
743 758
743 841
695 722
722 738
752 758
709 753
753 803
753 804
754 817
754 818
755 756
756 757
756 758
756 839
756 840
757 758
757 839
757 840
757 847
758 759
758 802
758 839
758 840
758 847
758 850
758 851
758 852
707 771
771 772
800 873
800 874
801 802
801 840
801 848
801 852
802 848
706 711
711 772
846 910
668 733
668 734
668 735
668 736
594 644
719 720
599 600
600 602
705 714
705 715
705 716
707 709
707 710
707 764
707 768
707 770
707 772
707 773
707 780
689 708
692 708
709 710
709 773
709 803
709 804
710 773
710 842
712 748
712 749
712 855
714 715
714 716
715 716
555 556
645 647
645 798
647 798
689 699
691 699
699 701
699 732
702 703
702 704
702 790
702 863
702 864
703 704
704 749
704 864
780 811
780 813
811 814
811 875
812 814
764 814
814 815
814 867
814 868
814 869
815 816
815 868
815 869
795 816
816 867
679 680
748 749
748 772
748 775
748 791
748 859
664 665
664 689
664 691
664 692
664 749
664 750
664 790
664 791
749 750
749 790
749 859
749 860
750 822
723 725
723 728
723 729
723 730
724 725
726 727
729 730
689 692
689 732
689 760
691 692
691 782
691 783
691 785
691 786
691 787
691 788
775 791
733 734
733 735
733 736
734 735
734 736
735 736
767 768
767 769
768 769
768 770
775 777
732 761
732 762
732 763
732 764
732 765
732 766
782 792
782 793
782 794
782 795
764 785
785 788
785 882
785 883
785 884
764 786
765 786
786 787
764 765
764 766
803 804
804 865
804 873
804 881
761 762
761 763
761 805
761 806
762 763
765 766
839 840
840 847
840 848
840 849
860 899
847 852
850 851
852 891
792 793
792 794
792 795
793 794
793 795
794 795
882 884
882 899
882 903
809 810
873 874
873 881
848 849
865 866
881 887
868 869
819 820
819 821
821 876
821 878
821 892
821 893
821 894
876 877
876 878
876 879
893 895
893 896
893 897
893 898
894 897
894 898
825 827
825 838
826 827
826 857
827 858
831 885
831 886
837 838
856 857
856 858
880 885
880 888
885 888
836 837
889 901
910 922
910 923
910 924
910 925
910 926
910 927
910 928
910 929
910 930
899 903
879 896
896 902
903 904
897 898
905 906
905 907
905 908
905 909
906 908
907 911
907 912
907 913
907 914
907 915
907 916
907 917
907 918
907 919
907 920
907 921
911 913
911 914
911 963
911 966
911 967
911 968
911 969
911 970
911 971
912 916
912 917
912 918
912 940
913 914
913 915
913 947
913 966
913 968
913 1016
913 1017
913 1018
913 1019
914 923
914 963
914 966
914 968
914 992
914 995
914 1015
914 1020
915 916
915 947
915 963
915 966
915 1016
915 1017
915 1022
915 1023
915 1024
915 1025
915 1026
915 1027
916 917
916 918
916 919
916 920
916 921
916 969
916 991
916 992
916 1023
916 1055
916 1056
916 1057
917 918
917 991
917 1055
917 1056
917 1095
917 1096
917 1097
917 1098
918 992
918 1055
918 1118
918 1119
918 1150
919 920
919 921
919 1017
919 1151
919 1152
920 921
922 923
922 924
922 925
922 927
922 928
922 931
922 932
922 933
922 934
922 935
922 936
923 924
923 925
923 927
923 995
924 925
924 927
924 930
925 927
926 956
928 981
928 995
928 996
928 997
928 998
928 999
928 1000
928 1001
928 1002
928 1003
929 930
929 947
929 993
929 1006
929 1037
929 1038
929 1043
929 1045
929 1047
929 1048
930 993
930 1047
947 963
963 965
963 966
963 994
963 1006
963 1016
963 1020
963 1022
963 1043
963 1045
963 1046
963 1049
963 1050
959 966
960 966
961 966
964 966
965 966
966 992
966 1016
966 1022
966 1043
966 1045
966 1046
966 1049
966 1050
966 1052
968 969
968 1015
969 1021
971 983
971 985
971 986
971 987
939 940
944 947
947 959
947 960
947 961
947 962
947 964
947 965
1016 1051
1017 1023
1017 1151
1017 1152
1018 1019
1018 1057
1018 1140
1018 1198
1018 1199
1018 1201
1018 1247
1018 1256
1018 1261
1019 1269
934 992
991 992
992 1097
992 1099
992 1100
992 1108
992 1109
992 1110
992 1111
992 1115
992 1116
992 1117
992 1118
992 1119
991 995
1006 1020
964 1022
965 1022
986 1022
1003 1022
1022 1025
1022 1043
1022 1049
1022 1050
1022 1102
1022 1106
1022 1141
1022 1169
1022 1172
1022 1173
1022 1174
1022 1175
1022 1176
1023 1057
1023 1193
1024 1151
1024 1204
1024 1205
1025 1027
1025 1163
1025 1169
1025 1215
1025 1225
1027 1119
1027 1163
1027 1225
934 991
991 1055
991 1095
991 1096
991 1097
991 1098
991 1099
991 1100
999 1055
1021 1055
1055 1056
1055 1095
1055 1096
1055 1097
1055 1098
1055 1101
1055 1108
1055 1109
1055 1110
1055 1111
1055 1112
1055 1113
1055 1114
1057 1140
1057 1201
1057 1202
1057 1203
1095 1096
1095 1097
1095 1098
1096 1097
1096 1098
1097 1098
1118 1119
1118 1162
981 1119
1108 1119
1109 1119
1110 1119
1111 1119
1119 1140
1119 1163
1119 1164
1150 1162
1151 1152
1151 1204
1151 1205
932 933
932 937
932 938
933 946
933 953
933 954
933 974
933 975
933 976
934 953
934 976
934 993
935 959
935 960
935 961
935 994
936 1028
936 1029
946 956
951 956
978 981
981 982
981 1000
981 1003
981 1140
981 1206
996 998
996 999
996 1116
997 998
998 999
998 1001
998 1002
998 1010
998 1033
998 1059
998 1062
998 1113
998 1120
998 1122
998 1128
998 1137
998 1138
998 1139
998 1140
999 1001
999 1059
999 1065
999 1110
999 1112
999 1122
999 1125
999 1129
999 1149
999 1165
999 1166
1000 1076
1000 1140
1000 1178
1001 1002
1001 1059
1001 1063
1001 1073
1001 1113
1001 1139
1001 1162
1001 1178
1001 1179
1001 1180
1001 1195
1002 1010
1002 1122
1003 1173
1003 1175
1003 1176
1003 1222
1003 1237
1003 1238
993 1047
951 1006
986 1006
994 1006
1006 1011
1006 1047
1006 1048
1006 1050
1006 1075
1006 1076
1006 1077
1006 1078
1006 1079
1006 1080
1006 1081
1006 1082
1006 1083
1006 1084
1006 1085
1006 1086
1006 1087
1006 1088
1006 1089
1006 1090
1006 1091
1006 1092
1006 1093
1006 1094
1035 1037
1036 1037
1037 1043
964 1038
965 1038
1036 1038
1038 1043
1038 1047
1038 1102
1038 1103
1038 1104
1038 1105
1038 1106
1038 1107
964 1043
965 1043
1043 1047
1043 1049
1043 1050
1043 1051
1045 1046
1047 1048
938 973
938 1034
944 946
945 946
946 952
946 953
946 954
946 955
946 957
946 958
953 954
953 976
974 975
974 976
975 976
959 960
959 961
960 961
986 994
994 1012
994 1053
994 1054
994 1122
994 1135
994 1136
1028 1029
1028 1030
1028 1031
1028 1032
1028 1033
1029 1030
1029 1031
1029 1032
972 973
939 941
939 942
939 943
941 942
941 943
941 1033
942 943
942 1071
943 979
943 980
943 1072
943 1073
943 1074
1021 1033
1033 1073
1033 1074
1033 1113
1033 1138
1059 1071
978 979
979 980
979 1059
979 1063
979 1073
979 1074
979 1126
979 1127
978 980
980 1126
980 1216
980 1217
1072 1073
1072 1074
1063 1073
1073 1074
1073 1126
1073 1194
1073 1195
1073 1196
1063 1074
1074 1126
1074 1127
1074 1195
944 945
944 948
944 949
944 950
944 951
945 952
948 950
949 1004
951 986
951 988
951 1005
951 1007
951 1008
951 1009
951 1010
951 1011
951 1012
951 1013
951 1014
955 1053
955 1054
957 983
957 1177
957 1191
957 1192
958 1013
958 1078
958 1130
958 1158
958 1159
964 965
964 1102
964 1106
964 1107
964 1163
964 1167
964 1168
964 1169
964 1170
964 1171
965 1049
965 1050
983 986
985 986
986 987
986 989
986 1050
986 1080
986 1102
986 1103
986 1130
986 1131
986 1132
983 988
988 1005
988 1008
1005 1008
1005 1009
1005 1058
1005 1059
1005 1060
1005 1061
1005 1062
1005 1063
1005 1064
1005 1065
1005 1066
1005 1067
1005 1068
1005 1069
1005 1070
1008 1010
1008 1133
1008 1134
1009 1010
1009 1064
1009 1070
1009 1133
1009 1134
1009 1159
1009 1181
1009 1189
1010 1064
1010 1122
1010 1133
1010 1189
1012 1014
1012 1075
1012 1144
1012 1145
1012 1177
1012 1181
1012 1200
1013 1075
1013 1078
1013 1130
1013 1145
1013 1160
1014 1181
1053 1054
983 984
983 985
983 987
983 989
1050 1177
1075 1177
1077 1177
1102 1177
1144 1177
1145 1177
1177 1191
1177 1192
1177 1200
1177 1211
1177 1221
1077 1191
1102 1191
1191 1192
1191 1221
1077 1192
1102 1192
1192 1211
1192 1221
1064 1078
1075 1078
1078 1145
1076 1130
1130 1153
1130 1154
1130 1155
1130 1156
1130 1157
1130 1158
1130 1159
1130 1160
1153 1158
1157 1158
1158 1159
1158 1181
1158 1213
1158 1214
1153 1159
1157 1159
1159 1181
1159 1213
1049 1050
1050 1080
1077 1102
1102 1169
1102 1218
1102 1219
1102 1220
1102 1221
1104 1106
1105 1106
1106 1107
1106 1171
1106 1174
1106 1233
1106 1237
1106 1239
1106 1240
1106 1241
1106 1244
1104 1107
1107 1174
1107 1233
1107 1240
1163 1164
1163 1169
1163 1215
1163 1223
1163 1234
1163 1255
1163 1256
1167 1168
1169 1170
1169 1171
1169 1218
1169 1219
1169 1220
1169 1222
1169 1223
1169 1224
1170 1223
1170 1224
1170 1253
1171 1244
1171 1255
1021 1101
1021 1114
1021 1138
1021 1162
1021 1190
985 987
977 978
978 982
1059 1063
1059 1065
1059 1067
1059 1101
1059 1120
1059 1121
1059 1122
1059 1123
1059 1124
1059 1125
1059 1126
1059 1127
1059 1128
1059 1129
1062 1063
1063 1126
1063 1127
1122 1126
1125 1126
1126 1127
1126 1129
1126 1216
1126 1217
1127 1129
1127 1147
1216 1217
1139 1140
1140 1206
1162 1206
1206 1247
984 990
989 1036
989 1039
989 1040
989 1041
1132 1173
1132 1175
1132 1226
1035 1036
1036 1039
1036 1040
1036 1041
1036 1042
1039 1040
1040 1041
1041 1104
1099 1100
1099 1110
1099 1187
1099 1188
1108 1109
1108 1111
1109 1111
1110 1111
1110 1112
1117 1122
1117 1135
1117 1141
1117 1142
1117 1143
1065 1122
1122 1125
1122 1129
1122 1135
1122 1141
1122 1142
1122 1143
1122 1147
1122 1148
1122 1149
1135 1141
1135 1142
1135 1143
1135 1146
1060 1062
1061 1062
1062 1065
1062 1066
1062 1067
1062 1128
1101 1113
1112 1113
1113 1138
1113 1139
1113 1162
1113 1178
1113 1179
1113 1180
1070 1128
1128 1129
1114 1138
1138 1197
1138 1231
1139 1162
1139 1178
1139 1179
1139 1180
1065 1066
1065 1067
1065 1070
1065 1129
1065 1149
1101 1112
1112 1165
1112 1166
1076 1125
1101 1125
1125 1129
1125 1178
1125 1215
1076 1129
1101 1129
1129 1149
1129 1215
1076 1149
1149 1215
1149 1245
1149 1246
1165 1166
1075 1076
1076 1215
1076 1245
1101 1178
1178 1179
1178 1180
1101 1162
1114 1162
1162 1179
1162 1180
1162 1190
1162 1194
1162 1207
1162 1208
1162 1209
1179 1180
1179 1207
1180 1207
1194 1195
1195 1208
1195 1261
1075 1173
1173 1175
1173 1176
1173 1226
1175 1176
1175 1226
1175 1252
1176 1252
1174 1222
1222 1244
1222 1248
1237 1238
1237 1249
1060 1061
1064 1070
1064 1075
1064 1144
1064 1181
1064 1189
1064 1212
1066 1067
1066 1212
1067 1212
1068 1069
1068 1236
1069 1181
1070 1181
1075 1082
1075 1145
1075 1148
1075 1160
1075 1182
1075 1227
1075 1228
1075 1229
1075 1230
1077 1082
1077 1211
1077 1221
1077 1233
1077 1243
1081 1087
1081 1278
1081 1295
1081 1310
1081 1311
1082 1230
1082 1243
1083 1084
1083 1085
1083 1086
1083 1091
1083 1092
1083 1230
1083 1315
1083 1341
1083 1342
1083 1343
1083 1344
1083 1345
1083 1346
1085 1091
1085 1093
1085 1315
1085 1342
1085 1382
1085 1408
1085 1409
1086 1091
1087 1092
1087 1382
1088 1089
1088 1094
1088 1323
1088 1345
1088 1375
1088 1408
1088 1410
1088 1412
1088 1416
1088 1422
1089 1412
1090 1091
1091 1092
1091 1382
1091 1396
1091 1408
1093 1280
1093 1396
1093 1409
1133 1134
1101 1181
1181 1182
1181 1184
1181 1185
1181 1186
1181 1189
1181 1212
1181 1235
1144 1189
1141 1144
1144 1145
1144 1200
1144 1210
1144 1211
1141 1145
1145 1200
1145 1210
1145 1211
1114 1198
1198 1199
1198 1202
1198 1247
1114 1199
1199 1247
1201 1202
1201 1264
1201 1265
1201 1266
1201 1267
1164 1256
1234 1256
1255 1256
1256 1262
1256 1265
1031 1101
1101 1182
1101 1183
1101 1184
1101 1185
1101 1186
1114 1190
1114 1197
1190 1209
1190 1283
1141 1142
1141 1143
1104 1174
1105 1174
1174 1233
1174 1239
1174 1240
1174 1241
1174 1242
1174 1243
1204 1205
1164 1205
1205 1234
1215 1225
1215 1245
1225 1263
1030 1044
1031 1032
1104 1105
1104 1233
1105 1233
1202 1242
1202 1268
1185 1212
1212 1235
1236 1254
1194 1196
1194 1208
1196 1270
1196 1283
1196 1284
1196 1285
1196 1286
1196 1287
1196 1288
1196 1289
1196 1290
1196 1291
1196 1292
1182 1183
1182 1184
1182 1278
1228 1242
1228 1268
1228 1279
1228 1280
1228 1281
1228 1328
1228 1331
1228 1332
1228 1333
1228 1334
1229 1300
1229 1304
1229 1305
1229 1321
1229 1322
1229 1323
1229 1324
1245 1250
1210 1211
1241 1243
1242 1243
1278 1300
1278 1312
1278 1313
1278 1314
1257 1295
1274 1295
1293 1295
1295 1310
1295 1375
1295 1376
1295 1405
1295 1406
1288 1310
1293 1310
1310 1319
1310 1376
1310 1377
1280 1315
1285 1315
1286 1315
1313 1315
1315 1316
1315 1317
1315 1318
1318 1341
1323 1341
1341 1342
1318 1342
1343 1389
1345 1396
1345 1408
1345 1409
1345 1416
1345 1422
1345 1426
1345 1427
1346 1391
1346 1426
1280 1382
1382 1408
1408 1416
1408 1422
1390 1409
1409 1427
1304 1323
1305 1323
1307 1323
1323 1324
1293 1375
1375 1376
1375 1405
1375 1418
1375 1419
1259 1410
1410 1411
1411 1412
1412 1413
1414 1416
1416 1422
1416 1425
1281 1396
1291 1396
1312 1396
1314 1396
1336 1396
1396 1397
1396 1400
1396 1423
1242 1280
1270 1280
1280 1281
1280 1282
1280 1283
1280 1293
1280 1334
1280 1376
1280 1381
1187 1188
1185 1186
1185 1235
1218 1219
1218 1220
1219 1220
1241 1242
1241 1244
1241 1255
1241 1257
1242 1244
1244 1248
1244 1255
1244 1257
1244 1258
1244 1259
1244 1260
1197 1232
1142 1143
1164 1234
1164 1255
1153 1156
1153 1157
1153 1161
1154 1155
1156 1157
1157 1213
1210 1251
1213 1214
1223 1224
1223 1234
1224 1234
1234 1255
1234 1262
1255 1257
1255 1262
1255 1263
1255 1270
1255 1271
1255 1272
1255 1273
1255 1274
1255 1275
1255 1276
1255 1277
1242 1279
1242 1281
1242 1282
1270 1283
1283 1296
1283 1297
1284 1298
1284 1299
1284 1304
1285 1286
1286 1288
1286 1301
1286 1319
1287 1288
1288 1290
1288 1291
1288 1298
1288 1300
1288 1301
1288 1312
1288 1319
1288 1335
1288 1336
1288 1337
1288 1338
1288 1339
1288 1340
1290 1302
1290 1306
1290 1312
1290 1336
1290 1340
1290 1397
1290 1398
1281 1291
1291 1297
1291 1330
1291 1335
1291 1336
1291 1337
1291 1338
1291 1371
1291 1372
1291 1397
1265 1266
1265 1267
1265 1268
1265 1272
1265 1275
1265 1316
1265 1333
1265 1349
1265 1350
1265 1351
1265 1352
1265 1353
1265 1354
1265 1355
1266 1267
1266 1268
1266 1350
1266 1351
1266 1356
1266 1357
1267 1356
1267 1357
1267 1358
1267 1359
1267 1360
1268 1279
1268 1281
1268 1316
1268 1328
1268 1329
1268 1331
1268 1332
1268 1349
1268 1350
1268 1351
1268 1361
1268 1362
1251 1383
1279 1325
1279 1326
1279 1327
1279 1328
1279 1329
1279 1330
1281 1329
1281 1331
1281 1361
1281 1362
1281 1366
1281 1397
1326 1328
1328 1329
1328 1331
1328 1332
1328 1333
1328 1361
1272 1331
1331 1361
1331 1362
1329 1332
1332 1361
1332 1372
1333 1353
1333 1354
1333 1356
1334 1365
1298 1300
1300 1347
1300 1348
1299 1304
1304 1305
1304 1306
1304 1320
1304 1321
1304 1322
1304 1324
1299 1305
1305 1306
1305 1308
1305 1320
1305 1321
1305 1324
1305 1364
1321 1389
1321 1390
1321 1391
1257 1272
1257 1293
1257 1294
1259 1260
1259 1411
1383 1385
1272 1275
1272 1276
1272 1293
1272 1294
1272 1351
1272 1362
1272 1363
1272 1365
1272 1373
1272 1374
1273 1274
1274 1293
1274 1340
1274 1377
1274 1380
1275 1276
1275 1365
1275 1367
1275 1374
1275 1376
1275 1405
1276 1293
1276 1294
1276 1373
1277 1377
1277 1380
1293 1294
1293 1365
1293 1373
1293 1376
1293 1377
1293 1378
1293 1379
1294 1351
1294 1363
1294 1373
1411 1413
1316 1349
1316 1350
1349 1350
1351 1356
1351 1363
1353 1354
1355 1358
1356 1379
1357 1358
1359 1360
1326 1329
1327 1329
1329 1330
1329 1388
1361 1362
1361 1363
1361 1365
1361 1366
1327 1362
1362 1365
1362 1381
1362 1395
1363 1365
1365 1367
1374 1376
1302 1340
1306 1340
1339 1340
1340 1398
1376 1377
1377 1378
1377 1379
1377 1380
1376 1405
1312 1314
1312 1330
1312 1335
1312 1336
1312 1381
1312 1399
1312 1400
1313 1314
1313 1318
1313 1381
1314 1381
1297 1325
1325 1370
1326 1327
1326 1370
1326 1384
1326 1386
1327 1330
1327 1370
1327 1384
1327 1386
1327 1387
1330 1336
1330 1397
1335 1381
1381 1395
1366 1423
1336 1397
1338 1397
1297 1319
1297 1370
1297 1371
1297 1372
1298 1299
1298 1301
1298 1302
1298 1303
1299 1301
1299 1306
1299 1307
1299 1308
1299 1309
1301 1307
1301 1319
1301 1337
1301 1371
1301 1407
1319 1371
1319 1384
1336 1337
1336 1338
1336 1398
1337 1338
1306 1308
1306 1364
1306 1368
1306 1369
1398 1407
1371 1424
1378 1379
1378 1429
1378 1430
1370 1384
1307 1308
1307 1318
1307 1401
1307 1403
1307 1404
1308 1309
1308 1368
1308 1404
1407 1428
1318 1401
1401 1402
1317 1392
1317 1393
1317 1394
1392 1393
1393 1394
1384 1386
1389 1390
1390 1391
1390 1414
1390 1415
1390 1417
1391 1426
1386 1387
1418 1419
1418 1420
1418 1421
1429 1430
1414 1415
