1 2
1 3
2 4
2 5
2 6
2 7
2 8
2 9
2 10
3 60
4 11
4 12
4 13
4 14
5 30
5 31
6 16
6 32
6 33
6 34
6 35
7 56
7 63
7 94
7 600
8 12
8 31
8 597
8 642
9 31
9 60
9 63
9 643
10 70
54 60
60 62
11 14
11 15
11 16
11 17
12 642
12 664
13 665
14 15
14 23
14 93
30 600
30 601
30 602
31 769
16 724
16 725
32 36
32 37
33 37
33 67
33 726
35 1014
54 56
56 603
62 63
63 65
63 66
63 67
63 68
94 95
94 96
94 97
594 597
642 662
58 643
643 933
643 934
69 70
70 72
70 73
70 74
15 18
15 19
17 771
17 1003
664 724
665 666
20 23
23 38
23 39
89 93
93 738
18 20
18 21
19 721
19 723
768 771
20 22
20 24
20 25
21 25
721 722
723 792
22 26
22 27
22 28
24 40
24 41
25 736
25 737
26 29
27 766
28 1031
36 38
39 40
41 42
736 764
736 765
737 766
29 43
29 44
42 43
44 1033
51 601
601 928
602 997
767 769
769 937
66 67
67 82
67 83
87 726
45 46
45 47
46 48
46 49
47 99
48 50
48 51
48 52
48 53
95 99
50 54
51 54
51 666
52 102
53 100
53 995
54 55
54 57
54 58
54 59
666 667
101 102
102 103
102 104
95 100
55 61
57 59
57 106
57 604
59 62
59 935
61 62
603 605
103 106
106 605
62 64
935 936
64 68
64 607
65 69
66 79
66 81
68 112
606 607
69 71
73 79
75 79
79 81
81 84
81 793
82 84
83 663
105 112
112 170
71 115
72 75
72 76
72 77
72 78
73 668
76 115
110 115
115 116
75 80
76 117
77 118
77 669
78 176
667 668
80 118
118 119
669 670
669 671
168 176
169 176
176 673
84 85
793 943
662 663
85 86
85 87
86 88
87 88
87 125
87 727
88 89
88 90
88 91
90 125
124 125
125 126
125 127
125 128
89 90
89 92
90 127
91 738
92 132
92 136
92 137
127 133
130 132
132 135
136 251
136 253
95 96
95 98
96 590
96 591
97 109
97 591
98 101
590 592
591 984
103 109
109 157
109 794
109 795
103 105
103 107
103 108
104 162
104 164
104 606
105 110
105 111
105 113
105 114
107 606
158 162
162 592
161 164
164 165
111 606
113 606
111 608
113 166
114 936
156 157
157 158
157 159
157 160
794 986
608 609
167 170
116 166
165 166
166 167
166 168
116 168
116 671
168 169
119 120
120 121
120 122
121 123
122 825
123 124
674 825
126 129
128 943
129 130
129 131
130 133
133 192
133 193
130 134
134 194
135 945
190 192
193 196
193 248
194 195
194 196
194 197
250 251
253 254
253 255
138 139
139 140
140 141
141 142
141 143
141 144
142 145
143 777
143 779
143 780
144 586
144 902
145 146
776 777
777 778
779 781
780 796
582 586
579 902
146 147
146 148
146 149
147 268
148 582
148 583
148 584
149 772
149 773
149 774
149 775
210 268
268 581
582 585
583 775
584 918
772 776
773 912
774 916
774 917
150 151
151 152
151 153
152 154
153 824
154 155
823 824
155 156
158 161
158 163
159 217
159 219
159 220
159 221
159 222
159 223
159 224
160 217
160 827
163 222
217 218
219 225
219 226
220 273
220 275
221 275
221 276
221 277
222 593
223 611
224 920
826 827
167 169
167 171
167 172
167 173
169 174
169 175
169 177
169 178
169 179
171 234
172 830
172 833
172 835
173 938
174 180
174 181
175 181
175 237
175 238
175 241
175 242
177 645
178 998
179 240
230 234
234 235
234 644
234 645
612 830
613 830
832 833
240 938
180 182
180 183
231 237
237 238
237 239
237 240
238 240
238 677
241 243
241 244
241 245
241 246
183 242
672 673
673 675
188 998
182 184
182 185
182 186
182 187
182 188
184 189
185 676
186 675
187 675
189 190
189 191
675 676
191 245
247 248
248 249
195 198
197 250
198 199
250 252
199 200
199 201
200 201
200 202
201 255
202 203
202 204
203 205
203 206
204 752
257 752
751 752
207 208
208 209
208 210
208 211
209 212
210 267
210 269
210 270
212 213
270 901
213 214
213 215
214 216
218 920
225 227
225 228
225 229
226 278
272 273
273 274
276 278
277 280
277 370
277 377
593 613
593 828
228 611
610 611
611 612
227 230
228 613
229 278
278 279
278 280
230 231
230 232
230 233
230 235
230 236
613 829
232 283
233 285
233 286
235 284
235 832
236 283
236 289
236 852
282 283
283 284
285 286
285 287
285 288
285 289
285 290
239 286
286 287
286 678
286 679
286 680
644 679
644 834
831 832
289 292
289 380
851 852
677 836
677 837
243 247
244 729
246 680
246 840
305 729
729 840
307 680
680 836
680 838
680 839
249 305
249 308
249 728
301 305
305 307
305 728
304 308
308 310
308 311
252 947
946 947
254 256
254 257
256 257
258 259
258 260
259 261
260 329
260 335
260 753
261 262
261 263
328 329
329 330
329 331
330 335
753 1034
262 264
263 342
264 265
266 342
342 343
265 266
266 344
344 1039
581 900
585 901
900 901
271 272
274 927
373 927
280 375
280 614
280 615
369 370
370 374
372 377
375 377
377 403
377 594
377 595
377 596
279 281
281 282
374 375
375 376
614 616
615 851
287 291
287 292
287 293
287 294
287 295
288 646
288 647
384 678
291 296
292 376
293 381
293 382
294 381
294 648
294 865
295 999
646 648
646 649
376 380
296 297
376 378
376 379
302 381
381 383
381 384
381 385
381 386
381 387
382 999
386 648
648 650
648 651
618 865
297 298
298 299
299 300
299 301
299 302
300 301
300 303
301 304
301 306
301 307
304 309
306 392
307 838
309 310
321 392
390 392
392 393
392 394
310 312
311 1015
312 313
312 314
313 314
313 315
314 316
314 317
314 318
315 317
316 317
316 319
317 320
317 321
318 858
318 1016
319 394
320 322
320 323
320 324
321 323
321 395
321 396
857 858
858 859
858 860
394 1016
394 1017
322 325
323 397
324 398
395 730
395 731
396 397
396 739
396 740
396 741
325 326
398 399
326 327
327 328
330 332
330 333
330 334
330 336
331 334
331 399
331 400
331 401
332 333
333 337
333 338
333 339
400 445
400 446
401 741
337 340
339 1038
340 341
1037 1038
343 957
345 346
346 347
347 348
347 349
347 350
348 351
349 478
350 788
351 352
450 478
787 788
352 353
353 354
353 355
354 356
355 841
356 357
356 358
841 842
357 359
357 360
358 580
358 903
359 361
359 362
359 363
360 846
578 580
903 907
361 364
362 844
363 366
363 845
363 846
846 847
364 365
843 844
365 366
845 847
365 367
365 368
368 919
452 919
369 371
369 372
369 373
371 862
848 862
862 864
378 616
379 595
379 617
379 618
402 403
403 405
403 406
403 407
409 594
594 598
595 617
596 622
596 624
617 619
617 620
383 388
383 389
385 681
386 853
387 854
388 390
388 391
389 682
389 730
389 866
681 682
681 683
685 853
854 855
391 855
682 684
682 685
682 686
682 687
393 730
686 866
694 866
866 867
855 856
1017 1018
429 731
430 731
731 732
731 733
739 742
740 869
740 870
444 445
446 754
446 755
402 404
404 848
405 407
405 408
405 409
405 410
406 448
406 587
406 848
406 849
406 850
407 863
407 921
848 863
408 411
409 455
409 472
410 864
447 448
448 453
451 587
587 588
587 589
474 850
850 921
850 922
411 412
453 455
449 472
412 413
413 414
414 415
414 416
414 417
415 418
416 623
417 625
418 419
421 623
622 623
623 651
460 625
625 653
625 654
419 420
419 421
419 422
420 423
421 687
422 939
422 940
422 941
423 424
423 425
687 689
462 939
654 941
424 426
424 427
424 428
424 429
424 430
425 697
425 698
426 431
427 693
427 696
428 697
428 699
428 700
428 701
430 693
430 694
698 701
698 871
698 872
431 432
431 433
691 693
693 694
693 695
699 702
437 700
440 700
692 694
432 434
432 435
433 437
434 436
434 437
434 438
435 870
436 439
436 440
436 441
439 442
440 873
442 443
873 874
443 444
754 877
754 878
755 879
447 449
447 450
447 451
447 452
449 467
449 468
449 469
449 470
449 471
449 473
449 474
449 475
453 454
467 476
458 468
470 477
470 483
470 484
471 503
473 515
475 923
454 456
454 457
454 458
454 459
454 460
456 461
456 462
456 463
457 476
457 477
458 479
458 480
459 460
459 622
459 624
461 871
462 655
462 872
462 942
463 889
479 481
480 504
621 622
653 655
655 656
655 657
942 1002
485 889
889 890
464 465
464 466
466 734
734 735
483 485
483 486
484 514
503 504
513 515
923 924
481 482
504 505
486 891
506 514
513 514
514 517
707 891
487 488
487 489
487 490
488 491
489 505
489 507
490 659
491 492
505 506
507 508
658 659
659 660
492 493
493 494
494 495
494 496
494 497
495 498
495 499
496 710
497 711
498 500
499 960
708 710
510 711
500 501
960 961
501 502
506 518
506 519
518 520
519 626
508 509
508 510
509 511
509 512
512 962
962 963
513 516
516 527
516 599
517 929
527 528
527 529
599 924
599 925
929 930
520 521
626 627
521 522
522 523
523 524
524 525
525 526
526 628
526 712
526 713
627 628
628 629
628 630
712 714
528 530
529 548
530 531
548 549
548 550
548 551
531 532
532 533
533 534
533 535
534 536
534 537
535 549
535 553
535 554
536 538
536 539
537 930
549 552
553 555
550 554
554 563
554 564
538 540
538 541
538 542
539 557
540 542
540 543
541 634
542 966
556 557
557 560
557 561
543 544
543 545
543 546
543 547
631 634
634 635
561 966
545 717
546 718
546 719
547 967
716 717
718 720
719 967
719 968
719 969
551 926
552 978
925 926
977 978
555 556
563 565
556 558
556 559
558 636
558 637
559 973
559 974
560 562
561 720
636 638
637 974
637 976
973 975
565 566
565 567
565 568
567 639
568 641
638 639
639 640
569 570
570 571
571 572
572 573
573 574
573 575
573 576
574 577
576 786
577 578
786 787
578 579
579 783
782 783
783 784
588 987
588 988
588 989
589 994
987 990
989 991
984 985
828 997
598 661
661 662
609 610
829 831
619 621
620 996
649 996
650 651
651 652
629 630
629 631
629 632
629 633
630 965
632 715
633 716
714 715
932 933
652 683
656 658
660 890
670 672
672 674
839 944
684 688
684 689
684 690
688 691
688 692
702 1012
703 704
703 705
704 706
704 707
705 735
706 708
706 709
709 1013
968 970
969 971
722 764
791 792
732 867
765 948
765 949
765 950
742 743
868 869
743 744
743 745
744 746
744 747
745 756
745 757
745 758
746 748
747 757
757 759
757 760
758 882
748 749
749 750
1034 1035
876 877
878 954
879 880
879 881
879 882
879 883
759 761
760 955
761 762
955 956
762 763
948 951
948 952
949 1022
950 1023
950 1024
767 768
768 770
911 912
915 916
917 983
778 806
804 806
781 782
796 797
784 785
787 789
790 791
797 798
798 799
799 800
800 801
802 803
803 804
804 805
805 807
808 809
809 810
810 811
810 812
812 908
908 909
813 814
814 815
815 816
816 817
817 818
818 819
819 820
820 821
821 822
822 913
913 914
842 843
856 857
859 861
860 1010
1009 1010
1010 1011
874 875
875 876
880 884
881 958
884 885
958 959
885 886
886 887
887 888
892 893
893 894
894 895
895 896
896 897
897 898
898 899
899 964
963 964
906 907
904 905
905 906
909 910
910 911
914 915
982 983
931 932
1001 1002
951 953
952 1025
1025 1026
1025 1027
971 972
977 979
980 981
981 982
991 992
992 993
1000 1001
1004 1005
1005 1006
1006 1007
1007 1008
1008 1009
1018 1019
1019 1020
1020 1021
1026 1028
1027 1032
1028 1029
1029 1030
1036 1037
