1 2
2 12
2 13
13 19
13 20
3 4
4 20
4 22
20 21
21 22
22 28
22 41
5 6
5 7
7 15
7 17
9 15
15 16
17 27
17 28
8 9
9 11
10 11
11 14
14 18
18 23
18 24
16 52
52 67
52 68
27 29
24 25
24 26
21 42
21 45
42 43
42 44
45 51
41 50
25 30
26 61
30 40
30 53
61 147
61 150
29 48
48 86
36 40
40 46
53 57
53 59
31 32
32 33
32 34
33 35
33 36
34 35
34 37
35 39
37 38
39 46
38 46
46 47
50 62
50 63
44 49
49 54
49 55
51 62
51 64
51 65
47 56
47 57
56 58
57 60
86 89
55 66
55 73
63 85
64 66
65 66
65 72
67 69
68 84
59 77
59 78
66 76
58 80
60 139
71 80
80 102
77 138
78 144
78 145
139 140
147 148
147 149
150 151
79 85
72 74
72 75
76 83
69 93
69 95
84 91
84 93
84 94
95 109
70 71
71 81
81 113
74 79
75 82
79 92
82 83
82 104
82 105
83 107
138 141
141 144
144 152
145 151
145 161
90 92
92 96
92 97
102 126
102 127
113 134
113 137
99 104
105 132
105 181
107 118
90 91
94 103
89 90
87 88
88 203
168 203
203 204
96 98
97 99
98 103
103 106
109 148
98 99
98 110
99 108
110 115
108 116
100 101
101 112
101 168
111 112
112 117
126 127
126 154
126 156
127 157
106 114
122 132
132 177
177 181
181 182
181 185
114 163
118 119
118 120
118 121
116 142
116 143
148 153
115 143
115 163
115 175
134 135
134 136
137 176
163 174
143 172
175 195
142 164
119 122
121 123
122 128
123 124
123 125
124 128
124 129
129 130
129 131
154 155
156 239
157 158
157 159
131 133
133 189
133 190
133 191
177 184
184 189
189 197
191 197
191 214
135 136
135 160
136 186
136 210
158 160
160 186
159 186
210 226
210 228
176 180
176 209
141 146
140 155
140 162
162 169
162 173
146 165
164 182
164 183
172 200
152 167
161 166
165 169
165 170
149 166
149 206
153 231
153 236
206 215
206 216
167 217
167 286
212 231
236 238
239 253
239 254
159 219
219 221
219 222
169 171
173 276
173 283
174 187
183 192
183 193
170 171
170 217
217 290
280 286
171 218
218 304
195 200
199 200
200 202
275 276
283 288
283 289
187 194
195 207
195 208
178 180
180 261
209 261
209 351
184 185
178 179
179 204
204 220
220 261
185 188
192 196
188 193
193 201
194 211
194 213
214 246
196 198
201 202
201 205
211 212
212 213
213 232
213 233
207 232
208 245
198 199
202 223
205 244
223 243
244 285
244 294
244 298
215 240
216 249
245 291
245 292
245 293
351 364
226 227
226 228
228 282
233 291
233 297
246 284
246 285
240 249
240 252
247 249
248 249
290 295
290 296
303 304
304 309
221 224
222 225
224 225
224 230
225 229
243 292
243 294
229 230
230 237
229 234
227 241
227 250
237 241
250 255
282 335
234 235
237 242
297 307
235 257
235 258
254 257
258 260
238 247
238 248
242 255
248 251
253 254
253 256
252 263
252 264
255 262
294 299
285 300
298 299
298 301
298 318
293 319
293 320
293 321
251 265
263 265
265 266
265 267
264 266
256 259
262 271
262 278
259 269
259 270
260 271
269 270
269 274
270 275
271 274
278 361
278 362
266 268
267 272
268 273
272 307
272 310
273 279
275 277
307 316
310 313
310 314
279 280
279 281
277 302
302 352
302 365
361 363
362 387
362 393
362 394
280 287
281 313
281 333
287 338
287 343
333 338
333 339
335 388
335 389
335 390
288 308
289 312
289 340
289 341
300 301
338 346
342 343
343 347
308 309
308 312
340 349
341 350
295 296
295 303
296 305
299 319
320 328
321 329
299 322
305 306
301 317
318 330
322 331
317 332
350 352
363 365
365 368
309 311
306 323
323 342
323 345
316 326
316 334
311 315
314 339
314 353
315 348
334 353
353 355
345 348
348 354
348 357
324 326
334 366
334 367
332 370
330 331
330 377
330 378
327 328
329 336
329 337
331 374
331 375
342 344
324 325
325 327
337 418
377 379
377 380
378 508
374 376
375 531
375 535
370 379
370 381
360 366
355 367
367 391
387 388
389 390
390 428
369 418
418 420
346 347
346 417
349 350
349 354
344 434
347 399
434 466
434 475
399 417
417 423
399 481
354 356
356 357
357 485
364 371
355 392
356 486
392 432
485 486
486 544
485 550
358 359
358 360
360 369
363 406
363 411
393 395
394 396
406 407
406 408
411 450
371 413
368 449
391 427
449 510
449 511
449 512
373 381
381 382
413 426
372 373
373 382
382 383
382 384
376 420
482 531
525 535
420 421
420 422
380 398
410 508
508 515
508 516
398 403
398 409
384 385
384 386
386 397
397 401
397 404
397 405
424 428
428 435
427 458
427 459
423 432
432 433
395 396
395 412
396 407
412 415
400 401
402 404
405 414
402 403
409 410
481 530
414 419
408 436
436 440
436 441
450 478
450 479
415 416
415 424
426 437
426 439
419 430
419 431
424 429
431 519
431 537
421 425
422 443
425 482
443 458
443 480
429 446
482 538
437 438
439 442
459 545
459 549
435 438
445 446
446 451
446 452
516 519
519 533
519 534
537 548
433 606
433 612
530 606
612 614
466 467
475 562
438 442
440 453
441 473
442 444
453 484
470 473
473 474
444 445
480 483
451 454
452 455
447 448
448 456
454 456
456 457
510 513
510 520
511 544
512 576
512 577
478 491
478 495
479 505
455 461
477 484
484 487
484 488
461 462
461 463
457 460
549 568
549 583
549 584
462 464
463 465
464 469
468 469
469 471
467 522
522 574
468 470
471 472
472 502
472 521
493 502
521 528
521 540
474 476
476 477
562 567
562 571
490 491
495 497
501 505
505 506
483 526
483 539
530 600
538 554
538 555
539 552
539 553
487 489
488 493
550 563
550 564
544 551
489 492
490 492
492 494
494 496
496 498
497 498
497 499
497 500
499 501
500 503
503 504
504 509
509 514
509 524
506 507
507 517
517 523
515 518
513 514
523 524
520 523
576 578
576 579
551 577
518 525
523 527
525 533
525 536
534 546
528 529
574 595
527 532
536 543
532 575
598 600
575 578
575 580
546 630
546 633
543 547
548 629
548 630
552 554
554 556
555 558
552 560
553 568
553 569
541 542
542 593
593 663
547 557
551 582
630 637
632 633
557 558
557 559
583 585
583 587
584 597
563 565
563 566
564 567
582 651
582 652
582 653
560 590
560 591
569 585
569 594
556 613
610 613
613 617
559 561
561 570
590 591
590 594
591 638
591 639
570 610
567 573
571 572
565 566
565 611
566 619
609 611
619 648
573 607
573 609
594 621
594 622
610 616
572 595
595 598
595 599
599 607
609 627
580 581
579 586
581 586
586 588
651 654
648 652
653 670
587 596
597 602
588 589
596 602
596 621
596 623
589 592
592 663
636 638
639 685
663 664
663 665
622 673
622 674
598 601
599 604
599 608
602 603
623 745
623 749
601 604
601 605
608 672
605 624
603 614
614 615
624 671
672 694
672 705
627 650
616 620
617 618
615 691
615 692
671 691
690 691
691 693
692 693
692 720
620 626
618 625
625 631
625 636
648 655
626 628
674 686
743 745
749 770
749 771
671 696
628 631
636 641
636 642
628 632
628 634
650 655
650 682
634 635
637 645
637 646
635 640
640 643
641 644
642 649
646 661
646 662
685 687
643 644
644 647
649 656
647 656
661 662
661 697
661 698
662 700
662 702
656 657
656 658
655 675
682 694
682 695
654 664
654 666
670 675
670 680
666 669
675 679
657 659
658 660
659 684
660 683
684 699
683 700
683 703
698 707
702 706
665 667
667 668
669 676
668 676
676 677
680 760
680 775
696 717
696 718
705 737
705 738
686 767
679 681
677 678
678 708
708 710
708 713
708 715
681 721
750 760
775 784
775 785
721 728
695 737
695 739
703 724
703 730
689 699
699 701
687 688
767 772
767 773
688 689
693 718
720 732
718 726
718 727
739 809
739 810
717 722
707 777
707 778
701 704
704 711
706 759
723 724
730 768
730 769
711 719
738 751
738 755
759 763
778 805
778 806
709 710
712 713
715 716
719 723
719 725
712 714
714 741
714 750
716 741
741 744
750 761
722 726
722 731
727 733
725 729
732 733
732 742
728 736
731 734
729 779
733 747
733 748
736 784
736 799
779 787
768 769
768 782
768 795
765 769
769 796
734 735
742 743
740 747
748 756
735 740
740 751
740 752
784 797
799 809
755 800
809 810
809 821
810 821
810 829
752 754
744 753
743 746
746 766
753 816
766 811
756 758
770 774
771 812
761 807
754 757
815 816
816 817
816 819
757 758
800 830
800 831
758 762
762 764
763 765
807 818
807 825
764 801
765 802
765 803
801 826
801 827
802 805
803 824
811 812
772 774
773 781
773 783
780 782
795 804
796 823
774 776
812 828
780 781
783 786
776 792
785 839
790 792
792 793
805 808
806 881
806 884
786 787
787 788
787 789
797 838
825 839
839 850
788 790
789 791
791 822
804 822
822 849
822 856
793 794
794 798
798 813
823 872
823 876
823 877
838 895
838 897
838 898
813 842
830 832
830 833
829 831
831 857
831 858
826 835
827 862
824 877
808 901
880 881
884 901
817 818
901 914
901 921
821 841
828 842
842 843
842 844
814 815
819 820
820 840
840 958
841 886
841 887
847 849
849 856
849 861
856 859
871 872
876 878
877 890
835 836
835 837
862 865
862 866
832 834
833 858
833 909
857 858
857 891
857 892
834 910
909 912
836 860
837 863
837 864
860 869
860 870
863 869
863 874
863 875
864 875
864 905
864 928
887 895
897 908
898 984
850 899
850 900
955 958
958 959
958 962
886 887
886 893
886 913
887 915
843 845
844 846
845 851
846 847
846 848
851 852
851 853
848 964
848 978
861 964
964 975
978 985
899 904
900 908
852 854
853 855
854 894
855 985
894 905
894 906
985 1003
859 871
859 873
891 893
892 938
873 986
870 882
870 885
865 867
866 868
874 889
875 929
928 937
867 927
868 882
868 883
912 927
927 931
927 932
883 896
885 888
885 889
974 986
986 1018
986 1048
889 933
929 933
878 902
878 922
878 923
890 902
890 903
902 907
920 922
923 934
879 880
888 896
893 913
913 915
913 925
915 926
933 935
933 946
903 914
938 951
938 993
906 924
908 911
908 919
984 998
984 999
984 1000
904 911
921 1063
921 1069
921 1071
907 920
911 916
911 918
924 937
920 930
918 919
919 950
916 917
925 939
926 939
917 955
950 981
930 987
1062 1063
1063 1069
1069 1084
987 1071
934 974
937 941
937 942
939 945
931 935
932 936
987 1048
987 1099
936 940
946 947
946 948
946 949
940 951
941 943
942 944
951 979
993 1015
993 1016
945 1005
943 956
943 976
943 977
944 954
954 956
976 1003
976 1011
976 1012
977 1036
953 954
954 957
1005 1056
1005 1057
947 952
948 953
949 970
952 965
969 970
981 982
979 980
961 965
965 966
965 968
957 961
959 960
962 963
960 994
960 995
995 1009
995 1010
963 1021
1020 1021
1021 1022
1021 1023
975 988
966 967
968 971
967 969
969 972
971 1045
971 1046
971 1047
972 973
1036 1045
1046 1070
1047 1096
973 983
980 983
983 989
983 990
988 1017
988 1019
988 1029
1011 1019
1012 1033
1034 1036
982 996
982 1001
982 1002
996 997
1001 1006
1002 1038
1002 1044
989 991
990 992
997 998
998 1004
999 1000
999 1030
1000 1004
1000 1031
1017 1018
1018 1049
1048 1050
1099 1116
1099 1158
1019 1029
1029 1170
991 1103
991 1104
992 1059
1070 1103
1103 1104
1104 1130
1104 1131
1054 1059
1059 1067
1059 1068
1015 1016
1015 1026
1016 1051
1009 1040
1009 1041
1010 1075
997 1008
1008 1038
1008 1039
1004 1039
1004 1042
1030 1060
1031 1066
1006 1007
1044 1159
1044 1168
1044 1176
1039 1043
1042 1065
1053 1056
1056 1082
1056 1083
1057 1061
1007 1013
1007 1014
1013 1020
1014 1028
1041 1076
1075 1085
1033 1035
1033 1037
1028 1032
1026 1027
1051 1052
1049 1216
1022 1024
1023 1025
1024 1074
1025 1073
1074 1085
1073 1081
1027 1053
1032 1058
1170 1223
1060 1061
1066 1109
1066 1125
1066 1166
1058 1092
1034 1035
1037 1230
1037 1231
1230 1243
1230 1244
1231 1251
1043 1065
1076 1118
1076 1119
1065 1109
1094 1159
1159 1179
1159 1180
1109 1168
1168 1175
1175 1176
1176 1248
1176 1253
1070 1107
1096 1270
1096 1335
1050 1241
1216 1261
1216 1262
1241 1294
1241 1296
1052 1054
1052 1055
1055 1078
1055 1079
1078 1080
1079 1090
1079 1091
1082 1090
1083 1125
1092 1093
1092 1094
1067 1072
1068 1077
1062 1064
1166 1190
1072 1080
1077 1167
1084 1115
1084 1116
1107 1131
1107 1337
1080 1087
1081 1086
1081 1088
1085 1086
1085 1089
1113 1118
1118 1120
1119 1120
1119 1171
1167 1193
1090 1101
1091 1132
1087 1098
1088 1097
1115 1128
1089 1112
1089 1114
1098 1132
1097 1100
1110 1112
1114 1121
1114 1122
1101 1140
1132 1133
1132 1134
1093 1095
1095 1102
1100 1102
1251 1270
1335 1337
1335 1338
1100 1105
1158 1177
1158 1178
1105 1106
1140 1142
1140 1155
1140 1157
1130 1193
1131 1375
1106 1108
1108 1117
1117 1123
1110 1111
1111 1113
1113 1124
1120 1124
1122 1124
1124 1182
1121 1126
1122 1181
1128 1226
1128 1229
1123 1126
1123 1127
1171 1194
1171 1195
1181 1220
1181 1225
1127 1129
1182 1194
1182 1254
1129 1139
1177 1226
1226 1237
1229 1250
1229 1252
1139 1145
1193 1199
1193 1200
1240 1375
1375 1381
1133 1134
1133 1135
1134 1137
1135 1136
1137 1138
1136 1151
1136 1160
1136 1161
1149 1151
1151 1153
1160 1199
1161 1184
1138 1144
1144 1148
1144 1149
1145 1146
1145 1147
1141 1142
1142 1162
1142 1163
1155 1156
1157 1174
1141 1143
1143 1162
1143 1164
1163 1197
1163 1206
1163 1209
1164 1173
1164 1190
1148 1150
1146 1152
1147 1165
1152 1188
1165 1211
1150 1154
1154 1174
1153 1156
1188 1201
1156 1169
1174 1185
1174 1186
1169 1183
1169 1184
1178 1239
1179 1187
1180 1198
1199 1203
1184 1207
1184 1235
1191 1197
1183 1206
1206 1215
1209 1238
1172 1173
1173 1196
1190 1192
1211 1217
1211 1218
1211 1219
1175 1247
1175 1248
1183 1191
1183 1207
1223 1232
1223 1233
1194 1195
1195 1246
1196 1238
1185 1189
1186 1191
1247 1260
1248 1285
1253 1273
1239 1296
1239 1297
1239 1298
1187 1218
1187 1221
1198 1201
1198 1202
1217 1220
1225 1277
1225 1279
1254 1263
1254 1264
1207 1234
1234 1235
1235 1258
1189 1208
1221 1245
1208 1212
1192 1249
1192 1260
1192 1281
1238 1249
1249 1267
1260 1284
1281 1328
1200 1203
1200 1205
1246 1346
1202 1204
1203 1210
1205 1213
1205 1214
1204 1274
1210 1227
1274 1287
1213 1240
1214 1242
1215 1228
1234 1255
1234 1257
1212 1222
1227 1326
1219 1224
1222 1236
1240 1242
1240 1376
1242 1374
1228 1255
1228 1256
1233 1261
1261 1262
1262 1294
1262 1295
1224 1269
1245 1275
1236 1259
1232 1233
1232 1243
1232 1272
1233 1283
1269 1275
1269 1276
1277 1278
1279 1302
1237 1297
1237 1339
1309 1326
1326 1327
1256 1259
1252 1339
1252 1437
1244 1557
1244 1563
1244 1564
1251 1271
1272 1293
1283 1314
1257 1258
1257 1310
1257 1311
1258 1307
1258 1308
1259 1267
1259 1268
1339 1433
1296 1299
1298 1520
1376 1466
1374 1406
1555 1557
1318 1563
1564 1616
1343 1346
1346 1347
1285 1356
1271 1300
1437 1440
1437 1441
1273 1287
1263 1265
1263 1266
1264 1266
1264 1343
1264 1344
1310 1324
1311 1373
1307 1309
1308 1340
1308 1370
1308 1372
1268 1280
1284 1350
1295 1306
1265 1288
1266 1304
1266 1330
1330 1344
1344 1382
1344 1385
1282 1288
1288 1289
1301 1304
1304 1305
1330 1348
1330 1383
1280 1303
1276 1286
1300 1462
1293 1314
1287 1291
1286 1331
1278 1282
1301 1302
1302 1312
1303 1315
1303 1316
1319 1328
1328 1333
1328 1334
1314 1317
1314 1318
1350 1355
1350 1357
1350 1358
1356 1361
1356 1362
1312 1331
1331 1345
1291 1292
1289 1290
1290 1301
1292 1313
1313 1322
1313 1323
1306 1320
1306 1321
1299 1470
1470 1520
1520 1559
1470 1533
1462 1555
1315 1319
1316 1332
1305 1348
1317 1320
1321 1427
1309 1327
1327 1340
1370 1371
1372 1384
1327 1341
1324 1351
1373 1388
1373 1391
1322 1325
1323 1329
1318 1541
1318 1568
1332 1351
1427 1541
1568 1618
1427 1540
1427 1542
1329 1353
1351 1369
1341 1389
1341 1390
1333 1336
1334 1342
1353 1365
1353 1366
1353 1367
1383 1396
1345 1349
1336 1352
1342 1378
1342 1428
1342 1459
1338 1464
1352 1354
1352 1359
1464 1591
1433 1441
1433 1567
1384 1389
1390 1406
1390 1418
1359 1378
1378 1456
1378 1457
1424 1428
1459 1471
1347 1382
1385 1396
1385 1401
1349 1392
1347 1386
1347 1387
1387 1393
1387 1394
1392 1397
1392 1398
1354 1355
1357 1360
1358 1363
1369 1380
1365 1368
1364 1366
1367 1377
1360 1361
1362 1364
1363 1458
1458 1469
1368 1395
1377 1425
1395 1400
1395 1410
1380 1424
1371 1379
1379 1388
1391 1424
1406 1412
1381 1465
1466 1485
1466 1486
1425 1434
1425 1435
1457 1481
1424 1429
1465 1483
1465 1484
1396 1403
1393 1401
1401 1405
1393 1402
1394 1408
1394 1409
1418 1432
1397 1399
1398 1400
1402 1420
1408 1422
1409 1449
1410 1415
1403 1404
1399 1407
1407 1411
1405 1420
1405 1445
1420 1422
1404 1411
1411 1413
1411 1414
1423 1445
1445 1502
1412 1448
1412 1453
1422 1423
1449 1503
1415 1426
1413 1416
1414 1417
1438 1448
1448 1450
1448 1452
1453 1454
1453 1455
1416 1421
1417 1419
1421 1426
1426 1430
1426 1431
1419 1532
1432 1438
1432 1439
1532 1546
1532 1547
1532 1548
1429 1446
1430 1434
1435 1436
1431 1444
1533 1540
1540 1542
1542 1593
1542 1594
1446 1474
1444 1516
1439 1450
1439 1451
1441 1565
1441 1566
1567 1569
1567 1570
1436 1442
1436 1443
1442 1447
1443 1504
1451 1474
1566 1747
1447 1489
1498 1504
1504 1514
1516 1521
1516 1522
1502 1525
1474 1479
1474 1487
1489 1494
1489 1495
1489 1496
1452 1468
1503 1509
1503 1511
1503 1512
1468 1538
1468 1562
1454 1463
1455 1517
1455 1538
1455 1539
1463 1467
1507 1517
1539 1562
1539 1586
1476 1481
1480 1481
1481 1490
1461 1469
1469 1472
1469 1473
1471 1475
1471 1477
1471 1478
1460 1461
1555 1558
1467 1486
1467 1507
1558 1591
1591 1596
1591 1611
1483 1485
1484 1506
1485 1501
1486 1497
1507 1518
1472 1480
1473 1488
1475 1476
1477 1479
1478 1482
1488 1493
1487 1492
1482 1491
1482 1571
1482 1572
1490 1491
1491 1556
1571 1574
1556 1572
1572 1628
1572 1636
1506 1595
1506 1596
1506 1597
1497 1501
1501 1595
1501 1602
1497 1518
1497 1598
1492 1574
1493 1499
1493 1500
1494 1498
1495 1499
1496 1510
1556 1638
1556 1644
1574 1579
1574 1580
1500 1505
1510 1608
1510 1609
1518 1599
1518 1600
1598 1602
1598 1655
1505 1615
1602 1659
1513 1525
1525 1543
1525 1545
1508 1509
1511 1513
1512 1515
1514 1519
1612 1615
1615 1637
1597 1656
1597 1657
1608 1612
1608 1613
1609 1623
1609 1624
1515 1584
1515 1605
1519 1534
1554 1584
1584 1625
1584 1626
1605 1626
1605 1724
1521 1523
1521 1526
1522 1531
1599 1601
1600 1635
1600 1655
1531 1534
1534 1536
1559 1560
1559 1561
1523 1524
1526 1535
1524 1527
1527 1528
1527 1529
1543 1544
1545 1554
1535 1537
1535 1550
1535 1551
1528 1530
1529 1537
1530 1547
1537 1552
1544 1546
1548 1553
1536 1549
1550 1585
1551 1587
1549 1587
1552 1634
1586 1588
1593 1631
1594 1632
1554 1578
1553 1573
1587 1590
1585 1668
1633 1634
1634 1651
1634 1652
1573 1576
1573 1577
1576 1578
1638 1639
1644 1703
1560 1569
1561 1575
1575 1604
1616 1784
1616 1843
1616 1844
1617 1747
1747 1758
1747 1760
1570 1617
1618 1631
1618 1784
1617 1743
1617 1759
1621 1628
1628 1650
1636 1705
1577 1582
1579 1581
1580 1583
1604 1742
1604 1743
1582 1589
1581 1620
1583 1614
1619 1620
1589 1633
1614 1621
1614 1622
1625 1627
1626 1722
1626 1723
1662 1668
1668 1671
1668 1673
1588 1601
1588 1606
1588 1607
1590 1592
1606 1610
1607 1619
1633 1646
1592 1603
1611 1642
1611 1643
1603 1654
1631 1746
1632 1645
1656 1664
1657 1681
1657 1806
1655 1669
1610 1635
1635 1721
1659 1667
1659 1670
1654 1660
1654 1661
1742 1744
1742 1745
1743 1766
1724 1802
1724 1827
1613 1686
1623 1648
1624 1683
1642 1676
1643 1677
1686 1697
1686 1698
1686 1699
1622 1649
1637 1640
1784 1792
1676 1843
1792 1844
1844 2011
1844 2025
1759 1935
1649 1680
1648 1660
1648 1663
1683 1691
1683 1692
1627 1629
1627 1630
1717 1722
1665 1723
1629 1646
1629 1647
1630 1674
1650 1696
1647 1678
1674 1717
1645 1746
1744 1746
1651 1658
1652 1665
1669 1721
1709 1721
1721 1730
1693 1705
1705 1710
1705 1712
1639 1640
1639 1641
1641 1653
1653 1687
1676 1809
1676 1860
1677 1679
1702 1703
1703 1711
1678 1717
1663 1706
1680 1684
1680 1685
1696 1726
1658 1662
1665 1787
1687 1700
1687 1701
1687 1704
1661 1666
1669 1670
1664 1667
1679 1681
1681 1809
1804 1806
1670 1797
1670 1798
1666 1682
1706 1716
1787 1802
1672 1682
1682 1689
1682 1690
1671 1672
1673 1675
1730 1797
1797 1798
1797 1803
1798 1804
1675 1731
1728 1731
1809 1842
1860 1944
1684 1688
1685 1693
1689 1694
1690 1714
1691 1694
1692 1697
1688 1695
1698 1700
1699 1707
1701 1702
1704 1713
1695 1708
1695 1715
1714 1756
1708 1709
1715 1719
1715 1720
1726 1735
1707 1732
1710 1711
1713 1751
1712 1718
1716 1728
1716 1729
1732 1761
1732 1763
1732 1764
1709 1725
1719 1725
1725 1734
1718 1739
1718 1740
1751 1785
1756 1763
1756 1765
1720 1727
1728 1733
1729 1801
1739 1752
1740 1752
1727 1734
1727 1741
1730 1738
1730 1813
1802 1814
1734 1738
1735 1736
1735 1737
1737 1741
1733 1800
1801 1812
1801 1845
1738 1767
1738 1793
1793 1813
1803 1813
1813 1870
1761 1762
1764 1775
1800 1811
1800 1812
1736 1748
1737 1767
1748 1753
1748 1754
1793 1866
1752 1755
1745 1749
1745 1750
1749 1766
1749 1893
1750 2019
1760 1864
1760 1875
1753 1755
1753 1757
1754 1788
1754 1790
1893 1946
2017 2019
2019 2021
1762 1785
1785 1786
1785 1796
1755 1757
1757 1768
1757 1769
1778 1788
1788 1791
1790 1795
1790 1810
1765 1772
1768 1770
1768 1771
1769 1780
1769 1781
1935 2036
1863 1864
1864 1877
1875 1932
1772 1775
1775 1782
1775 1783
1770 1773
1770 1774
1771 1776
1780 1786
1781 1816
1781 1822
1773 1777
1774 1778
1774 1779
1776 1777
1776 1815
1777 1779
1777 1808
1778 1789
1782 1794
1783 1799
1815 1816
1815 1817
1808 1824
1789 1819
1789 1821
1822 1825
1822 1831
1822 1837
1794 1829
1799 1818
1792 1992
1796 1805
1791 1795
1795 1819
1821 1826
1795 1820
1810 1820
1810 1850
1992 1993
1866 1890
1828 1829
1829 1838
1829 1839
1820 1848
1820 1849
1805 1828
1803 1807
1804 1807
1818 1839
1818 1845
1818 1852
1811 1812
1811 1840
1812 1846
1814 1823
1807 1854
1828 1835
1828 1838
1854 1867
1824 1825
1824 1830
1842 1865
1850 1890
1850 1897
1836 1840
1846 1868
1846 1869
1870 1903
1823 1836
1817 1825
1852 1886
1852 1914
1834 1848
1849 1891
1849 1896
1826 1830
1826 1834
1831 1832
1831 1833
1837 1873
1837 1874
1836 1847
1834 1851
1832 1835
1838 1841
1833 1858
1833 1859
1858 1872
1859 1882
1851 1855
1847 1856
1847 1857
1855 1873
1873 1879
1874 1882
1841 1853
1853 1883
1865 1988
1865 1990
1944 2011
2025 2063
1857 1868
1868 1871
1869 1871
1869 1902
1869 1908
1856 1861
1856 1862
1855 1891
1896 1897
1896 1898
1890 1897
1890 1906
1897 1907
1855 1892
1884 1886
1886 1913
1912 1914
1914 1924
1881 1883
1883 1884
1883 1885
1867 1988
1867 1989
1892 1894
1861 1876
1862 1878
1872 1881
1882 1888
1882 1889
1944 1990
1876 1953
1876 1961
1876 1962
1878 1904
1878 1909
1877 1933
1988 1991
1990 2015
1989 2014
1989 2026
1871 1902
1902 1940
1902 1953
1908 1912
1903 1917
1879 1880
1932 1958
1953 1956
1953 1960
1949 1961
1962 2009
1933 1975
1933 2052
1933 2053
1904 1905
1909 1915
1880 1889
1880 1894
1880 1943
1889 1918
1889 1930
1894 1898
1894 1945
1930 1943
1943 1945
1943 1972
1888 1899
1885 1887
1887 1895
1913 1938
1895 1899
1895 1900
1918 1919
1930 1969
1906 1910
1906 1911
1946 2051
1898 1907
1898 1937
1937 1945
1945 1973
1900 1901
1907 1934
1934 1937
1901 1916
1916 1919
1916 1920
1916 1921
1939 1940
1940 1956
1940 1957
1917 1923
1905 1949
1905 1963
1915 1949
1963 1964
1910 1911
1910 1929
1911 1942
1934 1966
1934 1976
1912 1926
1929 1931
1929 1952
1942 1952
1942 1966
1926 1939
1926 1941
1938 1947
1924 1936
1920 1922
1921 1925
1923 1927
1922 1947
1925 1948
1947 1970
1947 1979
1927 1928
1936 1994
1936 1996
1948 1968
1941 1950
1928 1931
1931 1951
1951 1952
1968 1969
1951 1954
1951 1955
1958 2036
1974 1975
1975 2054
2052 2071
2053 2141
2053 2145
1966 1967
1976 2004
1976 2005
1976 2006
2036 2066
1950 1994
1994 1995
1979 1996
1956 1959
1950 1957
1957 1959
1957 2008
1950 2008
1972 1999
1972 2000
1973 1999
1973 2007
2051 2058
2051 2066
2051 2067
1968 1970
1979 2000
1968 1971
2008 2033
1954 1955
1954 2003
1955 2012
1955 2013
1959 1960
1960 2016
1997 2003
2012 2014
2013 2026
1959 2010
2010 2029
2016 2028
1982 2009
2009 2028
2009 2030
1964 1965
1965 1981
1965 1982
1978 1981
1981 1983
1967 1997
1967 1998
1998 2004
1971 1980
1980 2001
1999 2002
2005 2007
2006 2084
2006 2086
2006 2087
1977 1978
1978 1983
1978 1984
1983 1985
1984 1987
2001 2035
1985 1986
1987 2065
1986 2027
2027 2090
2027 2132
2065 2068
2065 2069
1991 2060
2026 2034
2015 2059
2060 2079
2060 2080
1993 2020
1993 2022
2018 2020
2022 2023
2022 2024
1995 2046
2046 2047
2046 2055
2002 2035
2035 2037
2035 2040
2084 2085
2086 2091
2087 2128
2087 2155
2087 2156
2033 2048
2028 2029
2028 2030
2030 2031
2029 2032
2059 2061
2017 2018
2021 2056
2021 2057
2056 2058
2023 2057
2057 2082
2023 2024
2024 2081
2075 2081
2063 2075
2034 2062
2031 2090
2089 2090
2132 2133
2032 2041
2032 2045
2031 2089
2089 2118
2089 2119
2041 2042
2045 2118
2048 2049
2048 2055
2062 2091
2037 2038
2040 2050
2066 2067
2066 2070
2038 2039
2039 2043
2043 2044
2050 2094
2042 2049
2044 2047
2118 2134
2055 2064
2094 2100
2067 2073
2067 2074
2070 2071
2145 2146
2145 2147
2064 2076
2082 2120
2082 2151
2082 2154
2061 2098
2061 2099
2079 2091
2080 2101
2080 2111
2080 2135
2096 2098
2099 2101
2091 2097
2075 2092
2076 2102
2068 2069
2068 2083
2068 2088
2069 2130
2069 2131
2070 2072
2072 2073
2074 2078
2088 2115
2088 2116
2130 2133
2131 2179
2072 2077
2077 2109
2077 2110
2078 2109
2078 2151
2078 2152
2092 2095
2092 2120
2092 2121
2102 2103
2102 2113
2109 2110
2109 2149
2110 2146
2110 2150
2152 2173
2101 2135
2107 2111
2135 2138
2135 2139
2154 2177
2085 2093
2093 2100
2125 2128
2155 2172
2156 2165
2115 2180
2116 2202
2116 2204
2119 2171
2097 2107
2097 2108
2095 2096
2121 2218
2100 2103
2100 2104
2096 2105
2105 2136
2107 2112
2108 2114
2104 2106
2113 2123
2113 2124
2106 2122
2136 2143
2136 2144
2122 2123
2122 2125
2122 2126
2112 2117
2114 2153
2149 2170
2150 2157
2117 2162
2124 2127
2153 2161
2180 2253
2179 2202
2204 2221
2162 2164
2127 2134
2134 2137
2171 2271
2171 2280
2218 2219
2126 2129
2129 2140
2140 2174
2133 2142
2178 2179
2179 2203
2142 2178
2137 2167
2138 2148
2139 2184
2143 2148
2144 2220
2167 2260
2167 2271
2148 2181
2168 2184
2184 2189
2174 2222
2178 2195
2220 2248
2220 2255
2147 2163
2163 2169
2181 2197
2181 2206
2170 2298
2157 2169
2173 2249
2173 2250
2161 2185
2161 2186
2161 2187
2177 2249
2177 2272
2177 2274
2172 2176
2159 2165
2169 2296
2158 2159
2158 2160
2159 2166
2160 2191
2160 2205
2166 2175
2186 2191
2191 2199
2175 2205
2182 2185
2186 2190
2187 2192
2187 2193
2164 2168
2168 2182
2168 2183
2175 2216
2175 2217
2247 2260
2271 2278
2183 2188
2295 2296
2296 2299
2298 2300
2298 2303
2276 2280
2176 2223
2250 2303
2250 2305
2222 2224
2216 2223
2209 2217
2217 2339
2223 2243
2223 2246
2219 2272
2274 2314
2274 2375
2195 2231
2203 2251
2253 2258
2253 2269
2192 2197
2197 2201
2206 2207
2188 2189
2188 2194
2189 2201
2190 2193
2190 2199
2190 2200
2192 2194
2192 2196
2193 2198
2198 2200
2200 2208
2200 2209
2198 2208
2231 2244
2231 2245
2208 2214
2244 2251
2251 2263
2251 2264
2221 2275
2221 2291
2221 2297
2207 2210
2207 2211
2210 2212
2210 2213
2211 2214
2214 2215
2212 2248
2213 2341
2213 2362
2248 2268
2215 2341
2341 2367
2310 2362
2215 2340
2340 2353
2340 2354
2267 2339
2339 2363
2219 2255
2219 2273
2273 2306
2269 2275
2290 2291
2297 2320
2224 2225
2224 2226
2224 2227
2242 2243
2246 2267
2225 2228
2226 2229
2227 2232
2228 2230
2229 2235
2229 2237
2229 2238
2232 2233
2230 2234
2233 2235
2237 2239
2237 2240
2238 2261
2238 2262
2234 2242
2244 2259
2245 2259
2245 2276
2245 2277
2233 2236
2236 2241
2241 2252
2239 2247
2240 2254
2256 2261
2254 2262
2247 2254
2254 2265
2252 2256
2259 2281
2259 2282
2277 2292
2267 2359
2267 2360
2268 2307
2268 2309
2303 2304
2305 2377
2305 2378
2263 2283
2263 2284
2264 2287
2264 2290
2256 2266
2257 2258
2258 2285
2258 2286
2265 2372
2265 2373
2266 2270
2285 2288
2286 2289
2281 2283
2281 2284
2282 2287
2282 2292
2282 2293
2284 2287
2287 2293
2357 2372
2372 2379
2373 2376
2270 2376
2359 2374
2360 2407
2306 2307
2307 2308
2309 2310
2374 2376
2376 2380
2278 2279
2306 2308
2308 2314
2375 2377
2375 2382
2279 2356
2279 2357
2279 2358
2352 2356
2358 2402
2293 2311
2293 2312
2288 2342
2289 2316
2289 2317
2289 2318
2342 2346
2342 2349
2316 2319
2317 2336
2318 2345
2311 2313
2312 2343
2312 2344
2294 2295
2295 2302
2302 2396
2302 2397
2299 2300
2299 2301
2320 2325
2320 2327
2320 2329
2301 2404
2404 2577
2396 2399
2397 2615
2304 2400
2400 2401
2378 2413
2308 2315
2315 2409
2310 2365
2365 2414
2313 2330
2344 2352
2326 2330
2330 2333
2330 2334
2409 2511
2319 2321
2319 2323
2324 2336
2331 2336
2336 2337
2322 2345
2345 2347
2345 2348
2321 2322
2323 2324
2325 2326
2327 2328
2329 2332
2328 2331
2332 2334
2332 2355
2333 2335
2355 2371
2355 2395
2335 2366
2361 2366
2366 2368
2366 2369
2337 2338
2338 2416
2394 2416
2416 2428
2353 2363
2363 2364
2354 2410
2367 2412
2346 2347
2349 2351
2352 2361
2348 2350
2350 2418
2351 2383
2418 2431
2418 2435
2383 2385
2383 2386
2364 2410
2410 2412
2410 2438
2410 2439
2369 2371
2371 2388
2395 2398
2402 2403
2407 2455
2414 2472
2368 2370
2412 2437
2370 2422
2422 2440
2388 2421
2379 2387
2382 2390
2382 2391
2380 2381
2413 2559
2387 2405
2381 2406
2406 2459
2390 2408
2391 2411
2384 2385
2386 2389
2389 2417
2405 2448
2405 2449
2421 2442
2421 2444
2417 2420
2408 2566
2408 2568
2411 2423
2411 2424
2392 2393
2392 2394
2393 2415
2398 2415
2415 2419
2615 2618
2615 2619
2401 2563
2563 2570
2563 2571
2403 2494
2447 2494
2494 2500
2494 2505
2577 2582
2577 2583
2577 2584
2448 2451
2449 2452
2459 2464
2459 2468
2459 2469
2453 2455
2455 2462
2455 2463
2564 2566
2568 2574
2489 2511
2511 2525
2511 2526
2438 2450
2439 2534
2423 2441
2424 2575
2437 2527
2559 2579
2472 2477
2419 2430
2419 2456
2428 2429
2428 2430
2420 2425
2420 2426
2429 2431
2433 2435
2435 2436
2430 2533
2445 2456
2426 2427
2442 2443
2444 2445
2440 2443
2440 2446
2441 2561
2575 2586
2575 2587
2575 2589
2427 2433
2427 2434
2433 2436
2429 2432
2432 2626
2432 2632
2533 2631
2533 2632
2576 2626
2632 2637
2436 2576
2576 2627
2523 2527
2527 2539
2527 2541
2450 2507
2524 2534
2534 2540
2446 2447
2561 2569
2445 2457
2457 2631
2457 2633
2451 2470
2452 2471
2467 2507
2507 2517
2507 2522
2470 2474
2470 2475
2470 2476
2471 2478
2471 2479
2471 2481
2453 2454
2454 2458
2458 2460
2458 2461
2462 2465
2463 2467
2631 2634
2510 2633
2633 2638
2460 2464
2461 2466
2468 2473
2469 2486
2466 2513
2466 2557
2465 2512
2512 2549
2512 2557
2512 2562
2508 2513
2513 2543
2557 2560
2473 2529
2486 2493
2474 2478
2475 2482
2476 2491
2479 2480
2481 2490
2477 2483
2477 2487
2477 2488
2529 2536
2529 2537
2482 2506
2491 2515
2491 2520
2483 2484
2487 2489
2488 2492
2480 2495
2495 2496
2495 2497
2495 2498
2490 2519
2490 2520
2490 2521
2506 2515
2506 2516
2484 2485
2485 2501
2501 2504
2493 2508
2493 2509
2492 2545
2492 2555
2492 2556
2502 2519
2519 2521
2520 2521
2535 2545
2554 2555
2556 2628
2509 2514
2499 2500
2505 2510
2496 2499
2497 2502
2498 2503
2502 2503
2503 2558
2504 2523
2516 2528
2517 2518
2522 2532
2514 2531
2525 2530
2526 2535
2532 2549
2562 2602
2543 2544
2531 2542
2531 2544
2531 2548
2528 2538
2518 2524
2532 2546
2530 2552
2535 2553
2539 2540
2541 2550
2536 2538
2537 2542
2552 2567
2548 2551
2546 2547
2553 2564
2553 2565
2547 2550
2550 2554
2547 2596
2551 2604
2604 2605
2567 2574
2560 2611
2579 2592
2579 2593
2579 2594
2608 2611
2569 2578
2570 2572
2571 2573
2574 2580
2574 2581
2578 2590
2572 2592
2573 2583
2580 2586
2581 2598
2587 2588
2589 2601
2582 2585
2584 2599
2590 2591
2590 2595
2590 2597
2593 2595
2594 2600
2598 2601
2598 2612
2585 2621
2599 2640
2620 2621
2621 2622
2588 2591
2601 2609
2601 2610
2597 2600
2600 2603
2603 2606
2603 2607
2606 2609
2610 2635
2610 2636
2607 2625
2605 2608
2608 2613
2608 2614
2625 2629
2625 2630
2613 2616
2614 2623
2635 2639
2617 2618
2619 2620
2622 2624
