1 792
1 2092
792 955
108 2092
147 2092
228 2092
307 2092
311 2092
421 2092
427 2092
476 2092
728 2092
807 2092
855 2092
863 2092
902 2092
1050 2092
1101 2092
1143 2092
1164 2092
1505 2092
1580 2092
1605 2092
1630 2092
1684 2092
1738 2092
1749 2092
1921 2092
2036 2092
2092 2117
2092 2256
2092 2274
2 310
2 822
7 310
8 310
10 310
11 310
15 310
21 310
39 310
40 310
48 310
61 310
65 310
67 310
69 310
70 310
75 310
77 310
78 310
82 310
84 310
88 310
97 310
100 310
104 310
109 310
111 310
128 310
130 310
132 310
133 310
136 310
144 310
148 310
159 310
162 310
163 310
167 310
168 310
175 310
181 310
196 310
209 310
215 310
222 310
227 310
229 310
233 310
236 310
242 310
243 310
266 310
274 310
283 310
295 310
299 310
302 310
306 310
309 310
310 325
310 332
310 335
310 337
310 338
310 340
310 341
310 342
310 347
310 352
310 353
310 358
310 359
310 361
310 394
310 395
310 401
310 406
310 407
310 412
310 422
310 434
310 437
310 444
310 465
310 469
310 470
310 475
310 478
310 485
310 487
310 490
310 492
310 496
310 504
310 512
310 513
310 518
310 520
310 534
310 540
310 550
310 578
310 579
310 583
310 595
310 597
310 600
310 603
310 604
310 608
310 613
310 615
310 627
310 640
310 649
310 654
310 657
310 665
310 666
310 668
310 678
310 679
310 681
310 684
310 685
310 693
310 699
310 703
310 704
310 727
310 730
310 736
310 738
310 744
310 746
310 747
310 752
310 761
310 772
310 781
310 785
310 788
310 793
310 794
310 796
310 817
310 821
310 823
310 824
310 841
310 846
310 848
310 849
310 852
310 854
310 861
310 862
310 867
310 869
310 879
310 887
310 891
310 894
310 910
310 911
310 923
310 924
310 925
310 943
310 946
310 954
310 958
310 981
310 984
310 986
310 989
310 993
310 995
310 1008
310 1014
310 1016
310 1017
310 1020
310 1029
310 1035
310 1037
310 1039
310 1041
310 1045
310 1047
310 1066
310 1067
310 1071
310 1078
310 1103
310 1131
310 1139
310 1142
310 1148
310 1150
310 1154
310 1156
310 1159
310 1162
310 1171
310 1173
310 1177
310 1178
310 1179
310 1183
310 1193
310 1194
310 1197
310 1201
310 1204
310 1214
310 1216
310 1222
310 1224
310 1226
310 1237
310 1253
310 1257
310 1268
310 1269
310 1275
310 1279
310 1285
310 1296
310 1306
310 1322
310 1324
310 1326
310 1335
310 1340
310 1344
310 1346
310 1350
310 1351
310 1366
310 1378
310 1380
310 1396
310 1397
310 1401
310 1405
310 1406
310 1413
310 1419
310 1443
310 1446
310 1453
310 1455
310 1456
310 1458
310 1459
310 1464
310 1471
310 1476
310 1484
310 1486
310 1488
310 1489
310 1496
310 1498
310 1500
310 1502
310 1503
310 1512
310 1515
310 1518
310 1531
310 1533
310 1553
310 1554
310 1559
310 1590
310 1593
310 1598
310 1600
310 1601
310 1602
310 1603
310 1606
310 1622
310 1624
310 1635
310 1640
310 1655
310 1658
310 1663
310 1671
310 1675
310 1677
310 1680
310 1685
310 1689
310 1690
310 1693
310 1700
310 1701
310 1703
310 1705
310 1711
310 1714
310 1739
310 1741
310 1753
310 1760
310 1776
310 1778
310 1788
310 1791
310 1795
310 1796
310 1798
310 1800
310 1806
310 1810
310 1812
310 1818
310 1826
310 1828
310 1830
310 1835
310 1837
310 1844
310 1848
310 1850
310 1852
310 1853
310 1863
310 1874
310 1881
310 1885
310 1891
310 1900
310 1905
310 1910
310 1912
310 1916
310 1923
310 1933
310 1937
310 1949
310 1953
310 1955
310 1959
310 1966
310 1971
310 1972
310 1975
310 1980
310 1988
310 1989
310 1996
310 2011
310 2020
310 2025
310 2027
310 2031
310 2042
310 2047
310 2056
310 2059
310 2068
310 2073
310 2077
310 2100
310 2104
310 2105
310 2113
310 2114
310 2115
310 2135
310 2137
310 2142
310 2144
310 2145
310 2152
310 2155
310 2157
310 2161
310 2163
310 2171
310 2176
310 2180
310 2182
310 2189
310 2192
310 2206
310 2210
310 2223
310 2226
310 2228
310 2251
310 2255
310 2269
310 2271
310 2277
3 611
6 611
10 611
16 611
17 611
35 611
57 611
68 611
77 611
79 611
96 611
99 611
100 611
101 611
115 611
117 611
127 611
145 611
146 611
148 611
149 611
173 611
202 611
207 611
211 611
217 611
218 611
236 611
238 611
245 611
253 611
271 611
272 611
282 611
288 611
293 611
296 611
300 611
303 611
318 611
339 611
355 611
365 611
372 611
375 611
383 611
396 611
399 611
423 611
426 611
436 611
440 611
450 611
467 611
469 611
471 611
473 611
493 611
499 611
504 611
524 611
526 611
542 611
545 611
560 611
566 611
570 611
576 611
585 611
587 611
601 611
605 611
611 621
611 623
611 628
611 636
611 639
611 653
611 656
611 657
611 676
611 682
611 690
611 695
611 712
611 719
611 723
611 731
611 735
611 739
611 740
611 767
611 771
611 790
611 814
611 815
611 819
611 837
611 840
611 841
611 859
611 895
611 908
611 942
611 953
611 961
611 976
611 981
611 994
611 998
611 1008
611 1019
611 1037
611 1051
611 1055
611 1056
611 1057
611 1098
611 1099
611 1106
611 1109
611 1122
611 1133
611 1137
611 1146
611 1152
611 1156
611 1157
611 1177
611 1181
611 1186
611 1192
611 1193
611 1213
611 1219
611 1234
611 1237
611 1249
611 1266
611 1270
611 1275
611 1276
611 1279
611 1288
611 1298
611 1311
611 1314
611 1320
611 1321
611 1323
611 1325
611 1333
611 1335
611 1342
611 1347
611 1348
611 1350
611 1355
611 1362
611 1363
611 1387
611 1397
611 1399
611 1406
611 1438
611 1439
611 1451
611 1474
611 1482
611 1483
611 1490
611 1506
611 1518
611 1521
611 1523
611 1531
611 1540
611 1568
611 1574
611 1575
611 1587
611 1604
611 1611
611 1613
611 1618
611 1631
611 1645
611 1648
611 1672
611 1691
611 1695
611 1707
611 1714
611 1715
611 1745
611 1746
611 1748
611 1750
611 1753
611 1767
611 1775
611 1778
611 1781
611 1799
611 1812
611 1814
611 1820
611 1822
611 1823
611 1824
611 1826
611 1847
611 1851
611 1854
611 1858
611 1866
611 1867
611 1871
611 1897
611 1901
611 1910
611 1917
611 1918
611 1924
611 1928
611 1934
611 1935
611 1936
611 1939
611 1947
611 1952
611 1954
611 1962
611 1974
611 1977
611 1997
611 2008
611 2042
611 2044
611 2080
611 2085
611 2090
611 2094
611 2095
611 2099
611 2100
611 2102
611 2130
611 2134
611 2150
611 2170
611 2181
611 2195
611 2268
611 2273
4 1534
5 1534
9 1534
14 1534
20 1534
22 1534
28 1534
32 1534
36 1534
38 1534
49 1534
52 1534
54 1534
56 1534
62 1534
66 1534
74 1534
76 1534
80 1534
81 1534
85 1534
90 1534
94 1534
100 1534
107 1534
113 1534
114 1534
120 1534
131 1534
134 1534
137 1534
138 1534
139 1534
140 1534
150 1534
151 1534
152 1534
154 1534
155 1534
156 1534
157 1534
163 1534
166 1534
169 1534
170 1534
171 1534
172 1534
174 1534
176 1534
180 1534
181 1534
186 1534
187 1534
188 1534
192 1534
193 1534
195 1534
198 1534
199 1534
201 1534
202 1534
203 1534
204 1534
205 1534
208 1534
212 1534
216 1534
220 1534
230 1534
237 1534
239 1534
241 1534
243 1534
246 1534
247 1534
249 1534
250 1534
253 1534
259 1534
260 1534
263 1534
265 1534
267 1534
277 1534
280 1534
282 1534
284 1534
287 1534
288 1534
289 1534
291 1534
292 1534
294 1534
297 1534
303 1534
313 1534
322 1534
328 1534
334 1534
343 1534
346 1534
348 1534
349 1534
354 1534
357 1534
365 1534
366 1534
367 1534
371 1534
373 1534
374 1534
379 1534
380 1534
384 1534
385 1534
388 1534
389 1534
390 1534
392 1534
397 1534
400 1534
405 1534
408 1534
410 1534
414 1534
419 1534
420 1534
424 1534
428 1534
431 1534
432 1534
433 1534
438 1534
439 1534
441 1534
445 1534
447 1534
449 1534
450 1534
451 1534
453 1534
454 1534
456 1534
461 1534
463 1534
469 1534
473 1534
475 1534
479 1534
481 1534
482 1534
484 1534
488 1534
503 1534
504 1534
505 1534
507 1534
508 1534
510 1534
511 1534
517 1534
528 1534
530 1534
533 1534
544 1534
546 1534
548 1534
553 1534
557 1534
558 1534
560 1534
562 1534
564 1534
566 1534
568 1534
572 1534
573 1534
574 1534
577 1534
585 1534
589 1534
590 1534
592 1534
593 1534
596 1534
598 1534
600 1534
603 1534
612 1534
614 1534
616 1534
617 1534
620 1534
635 1534
638 1534
639 1534
650 1534
653 1534
655 1534
661 1534
669 1534
670 1534
673 1534
674 1534
677 1534
683 1534
689 1534
691 1534
693 1534
698 1534
700 1534
702 1534
705 1534
706 1534
707 1534
710 1534
711 1534
713 1534
715 1534
716 1534
718 1534
720 1534
724 1534
737 1534
739 1534
740 1534
745 1534
748 1534
749 1534
753 1534
754 1534
757 1534
758 1534
760 1534
763 1534
769 1534
773 1534
777 1534
778 1534
781 1534
800 1534
802 1534
805 1534
810 1534
814 1534
828 1534
829 1534
830 1534
834 1534
838 1534
841 1534
847 1534
854 1534
856 1534
859 1534
860 1534
868 1534
877 1534
880 1534
882 1534
885 1534
888 1534
889 1534
890 1534
896 1534
898 1534
904 1534
906 1534
908 1534
912 1534
917 1534
919 1534
920 1534
921 1534
922 1534
930 1534
938 1534
940 1534
944 1534
949 1534
950 1534
961 1534
966 1534
968 1534
969 1534
970 1534
975 1534
979 1534
988 1534
991 1534
992 1534
999 1534
1000 1534
1006 1534
1013 1534
1028 1534
1030 1534
1033 1534
1035 1534
1036 1534
1038 1534
1053 1534
1057 1534
1064 1534
1074 1534
1075 1534
1077 1534
1079 1534
1081 1534
1086 1534
1089 1534
1090 1534
1093 1534
1094 1534
1096 1534
1097 1534
1102 1534
1107 1534
1111 1534
1112 1534
1114 1534
1117 1534
1118 1534
1124 1534
1125 1534
1128 1534
1129 1534
1134 1534
1135 1534
1140 1534
1145 1534
1151 1534
1155 1534
1165 1534
1166 1534
1180 1534
1183 1534
1184 1534
1189 1534
1191 1534
1195 1534
1205 1534
1206 1534
1207 1534
1211 1534
1212 1534
1214 1534
1215 1534
1217 1534
1228 1534
1229 1534
1230 1534
1231 1534
1236 1534
1245 1534
1246 1534
1248 1534
1251 1534
1253 1534
1254 1534
1255 1534
1256 1534
1259 1534
1260 1534
1261 1534
1263 1534
1264 1534
1272 1534
1274 1534
1275 1534
1279 1534
1281 1534
1282 1534
1283 1534
1284 1534
1290 1534
1292 1534
1297 1534
1299 1534
1300 1534
1302 1534
1307 1534
1309 1534
1317 1534
1324 1534
1328 1534
1336 1534
1338 1534
1341 1534
1342 1534
1347 1534
1352 1534
1356 1534
1357 1534
1362 1534
1365 1534
1367 1534
1369 1534
1371 1534
1374 1534
1377 1534
1381 1534
1383 1534
1384 1534
1390 1534
1393 1534
1394 1534
1400 1534
1403 1534
1407 1534
1408 1534
1409 1534
1411 1534
1414 1534
1415 1534
1416 1534
1421 1534
1424 1534
1426 1534
1429 1534
1430 1534
1433 1534
1439 1534
1441 1534
1445 1534
1450 1534
1452 1534
1454 1534
1457 1534
1461 1534
1462 1534
1468 1534
1470 1534
1472 1534
1479 1534
1485 1534
1489 1534
1490 1534
1493 1534
1494 1534
1497 1534
1499 1534
1507 1534
1509 1534
1512 1534
1519 1534
1524 1534
1525 1534
1529 1534
1534 1535
1534 1537
1534 1538
1534 1539
1534 1541
1534 1547
1534 1550
1534 1562
1534 1566
1534 1569
1534 1570
1534 1572
1534 1577
1534 1579
1534 1584
1534 1585
1534 1586
1534 1589
1534 1599
1534 1607
1534 1608
1534 1609
1534 1610
1534 1611
1534 1612
1534 1615
1534 1616
1534 1617
1534 1631
1534 1636
1534 1638
1534 1647
1534 1660
1534 1661
1534 1666
1534 1668
1534 1669
1534 1670
1534 1673
1534 1683
1534 1687
1534 1692
1534 1693
1534 1694
1534 1698
1534 1699
1534 1701
1534 1706
1534 1712
1534 1717
1534 1721
1534 1723
1534 1730
1534 1736
1534 1737
1534 1744
1534 1752
1534 1756
1534 1757
1534 1760
1534 1764
1534 1765
1534 1766
1534 1768
1534 1769
1534 1771
1534 1772
1534 1778
1534 1780
1534 1786
1534 1789
1534 1793
1534 1797
1534 1802
1534 1809
1534 1815
1534 1818
1534 1819
1534 1829
1534 1831
1534 1838
1534 1842
1534 1849
1534 1856
1534 1857
1534 1860
1534 1861
1534 1864
1534 1871
1534 1876
1534 1878
1534 1879
1534 1882
1534 1884
1534 1886
1534 1891
1534 1893
1534 1901
1534 1908
1534 1912
1534 1913
1534 1922
1534 1927
1534 1930
1534 1940
1534 1941
1534 1943
1534 1946
1534 1948
1534 1958
1534 1966
1534 1976
1534 1981
1534 1987
1534 1991
1534 1993
1534 1999
1534 2002
1534 2014
1534 2018
1534 2019
1534 2021
1534 2024
1534 2032
1534 2035
1534 2039
1534 2045
1534 2051
1534 2052
1534 2055
1534 2057
1534 2062
1534 2065
1534 2074
1534 2075
1534 2078
1534 2081
1534 2082
1534 2084
1534 2089
1534 2094
1534 2098
1534 2099
1534 2101
1534 2109
1534 2111
1534 2112
1534 2120
1534 2121
1534 2123
1534 2125
1534 2126
1534 2129
1534 2131
1534 2136
1534 2147
1534 2153
1534 2154
1534 2156
1534 2158
1534 2160
1534 2162
1534 2165
1534 2166
1534 2167
1534 2170
1534 2172
1534 2178
1534 2183
1534 2186
1534 2188
1534 2193
1534 2194
1534 2197
1534 2202
1534 2204
1534 2209
1534 2210
1534 2211
1534 2215
1534 2217
1534 2222
1534 2225
1534 2228
1534 2230
1534 2235
1534 2236
1534 2237
1534 2243
1534 2247
1534 2249
1534 2250
1534 2251
1534 2252
1534 2254
1534 2261
1534 2265
1534 2266
1534 2267
1534 2275
1534 2278
7 123
7 226
123 1218
123 1757
12 339
12 1044
12 2143
339 1628
339 2212
19 2143
91 2143
219 2143
223 2143
315 2143
336 2143
382 2143
415 2143
442 2143
552 2143
624 2143
692 2143
734 2143
987 2143
1331 2143
1504 2143
1725 2143
1728 2143
1758 2143
1761 2143
2001 2143
2023 2143
2088 2143
2143 2208
13 764
55 764
60 764
197 764
255 764
272 764
480 764
586 764
602 764
618 764
702 764
764 795
764 883
764 901
764 931
764 1021
764 1046
764 1082
764 1141
764 1291
764 1397
764 1495
764 1527
764 1544
764 1548
764 1558
764 1827
764 1833
764 1834
764 1845
764 1873
764 1938
764 2229
17 2058
26 2058
72 2058
126 2058
142 2058
179 2058
182 2058
206 2058
231 2058
262 2058
270 2058
281 2058
324 2058
327 2058
364 2058
383 2058
394 2058
398 2058
489 2058
535 2058
549 2058
630 2058
633 2058
643 2058
644 2058
647 2058
667 2058
709 2058
731 2058
742 2058
770 2058
789 2058
797 2058
843 2058
851 2058
881 2058
886 2058
932 2058
936 2058
947 2058
971 2058
985 2058
1015 2058
1041 2058
1051 2058
1054 2058
1059 2058
1104 2058
1158 2058
1172 2058
1193 2058
1200 2058
1235 2058
1242 2058
1265 2058
1273 2058
1278 2058
1295 2058
1350 2058
1392 2058
1449 2058
1460 2058
1465 2058
1533 2058
1627 2058
1639 2058
1653 2058
1656 2058
1662 2058
1679 2058
1682 2058
1734 2058
1740 2058
1742 2058
1743 2058
1779 2058
1801 2058
1804 2058
1870 2058
1887 2058
1914 2058
1919 2058
2010 2058
2013 2058
2042 2058
2058 2107
2058 2108
2058 2118
2058 2139
2058 2146
2058 2159
2058 2167
2058 2184
2058 2190
2058 2219
18 1425
50 1425
51 1425
58 1425
103 1425
106 1425
158 1425
160 1425
161 1425
178 1425
221 1425
256 1425
316 1425
317 1425
413 1425
430 1425
466 1425
468 1425
494 1425
525 1425
547 1425
571 1425
606 1425
651 1425
652 1425
722 1425
725 1425
762 1425
780 1425
783 1425
806 1425
816 1425
853 1425
864 1425
874 1425
916 1425
1020 1425
1034 1425
1060 1425
1061 1425
1062 1425
1087 1425
1138 1425
1149 1425
1220 1425
1225 1425
1243 1425
1247 1425
1286 1425
1293 1425
1313 1425
1315 1425
1360 1425
1376 1425
1425 1432
1425 1440
1425 1447
1425 1448
1425 1516
1425 1530
1425 1576
1425 1578
1425 1588
1425 1592
1425 1596
1425 1605
1425 1697
1425 1733
1425 1755
1425 1827
1425 1909
1425 1944
1425 1960
1425 1968
1425 1978
1425 1979
1425 2009
1425 2012
1425 2030
1425 2067
1425 2069
1425 2071
1425 2110
1425 2175
1425 2201
1425 2216
1425 2221
1425 2232
23 694
23 1002
448 694
694 1808
694 2212
31 1002
122 1002
506 1002
836 1002
1002 1252
1002 1287
24 34
34 37
34 45
34 153
34 184
34 264
34 273
34 329
34 369
34 402
34 418
34 625
34 637
34 648
34 671
34 680
34 714
34 818
34 831
34 858
34 865
34 875
34 897
34 914
34 915
34 951
34 974
34 1018
34 1025
34 1043
34 1058
34 1100
34 1144
34 1312
34 1319
34 1469
34 1528
34 1560
34 1583
34 1626
34 1667
34 1821
34 1880
34 1961
34 1969
34 1970
34 1994
34 2003
34 2061
34 2066
34 2070
34 2212
34 2239
34 2279
25 1121
141 1121
521 1121
708 1121
1116 1121
1121 1232
1121 1442
1121 1551
1121 2013
27 1986
29 1986
124 1986
129 1986
253 1986
323 1986
330 1986
411 1986
477 1986
561 1986
631 1986
634 1986
692 1986
759 1986
929 1986
972 1986
1032 1986
1049 1986
1136 1986
1176 1986
1187 1986
1190 1986
1198 1986
1227 1986
1277 1986
1303 1986
1329 1986
1343 1986
1434 1986
1436 1986
1552 1986
1595 1986
1611 1986
1632 1986
1702 1986
1777 1986
1785 1986
1811 1986
1896 1986
1966 1986
1986 2016
1986 2103
1986 2251
30 1058
33 1642
850 1642
1642 2060
1642 2205
714 1839
1511 1969
258 2003
1349 2003
1628 2003
2003 2151
2003 2231
105 2212
696 2212
799 2212
842 2212
884 2212
1308 2212
1416 2212
2097 2212
2212 2259
41 1052
832 1052
839 1052
871 1052
909 1052
941 1052
1052 1508
1052 1842
1052 2122
42 1105
46 1105
53 1105
86 1105
87 1105
112 1105
177 1105
183 1105
189 1105
190 1105
194 1105
199 1105
200 1105
210 1105
218 1105
298 1105
301 1105
321 1105
332 1105
345 1105
360 1105
362 1105
370 1105
377 1105
452 1105
460 1105
483 1105
492 1105
497 1105
501 1105
502 1105
509 1105
514 1105
523 1105
529 1105
537 1105
548 1105
565 1105
586 1105
599 1105
621 1105
632 1105
645 1105
675 1105
686 1105
755 1105
766 1105
774 1105
775 1105
782 1105
786 1105
827 1105
872 1105
900 1105
913 1105
926 1105
935 1105
962 1105
965 1105
1014 1105
1023 1105
1059 1105
1073 1105
1083 1105
1091 1105
1105 1119
1105 1147
1105 1169
1105 1196
1105 1199
1105 1203
1105 1231
1105 1245
1105 1262
1105 1271
1105 1305
1105 1306
1105 1337
1105 1354
1105 1364
1105 1395
1105 1416
1105 1444
1105 1510
1105 1514
1105 1532
1105 1542
1105 1549
1105 1563
1105 1564
1105 1573
1105 1614
1105 1619
1105 1623
1105 1643
1105 1674
1105 1676
1105 1689
1105 1709
1105 1711
1105 1726
1105 1727
1105 1732
1105 1745
1105 1747
1105 1751
1105 1763
1105 1770
1105 1783
1105 1840
1105 1877
1105 1892
1105 1895
1105 1911
1105 1915
1105 1920
1105 1925
1105 1951
1105 1953
1105 1992
1105 2005
1105 2007
1105 2026
1105 2037
1105 2046
1105 2091
1105 2096
1105 2137
1105 2149
1105 2169
1105 2184
1105 2199
1105 2203
1105 2218
1105 2220
1105 2238
1105 2262
1105 2263
1105 2264
1105 2270
1105 2272
1105 2276
43 1370
43 1652
44 1370
63 1370
64 1370
71 1370
73 1370
93 1370
119 1370
165 1370
232 1370
261 1370
304 1370
333 1370
344 1370
363 1370
368 1370
393 1370
443 1370
457 1370
472 1370
486 1370
491 1370
495 1370
515 1370
522 1370
531 1370
532 1370
536 1370
541 1370
580 1370
581 1370
594 1370
619 1370
664 1370
701 1370
717 1370
721 1370
751 1370
808 1370
809 1370
825 1370
826 1370
857 1370
870 1370
876 1370
928 1370
939 1370
945 1370
964 1370
980 1370
1005 1370
1012 1370
1026 1370
1027 1370
1069 1370
1076 1370
1088 1370
1120 1370
1170 1370
1175 1370
1210 1370
1221 1370
1223 1370
1231 1370
1238 1370
1239 1370
1258 1370
1267 1370
1280 1370
1332 1370
1345 1370
1370 1373
1370 1386
1370 1402
1370 1412
1370 1427
1370 1473
1370 1501
1370 1536
1370 1555
1370 1565
1370 1567
1370 1581
1370 1594
1370 1633
1370 1649
1370 1713
1370 1719
1370 1759
1370 1774
1370 1787
1370 1816
1370 1862
1370 1898
1370 1899
1370 1964
1370 1982
1370 1983
1370 2006
1370 2022
1370 2048
1370 2086
1370 2138
1370 2164
1370 2179
1370 2234
1370 2246
1370 2248
1370 2257
59 1652
85 1652
235 1652
269 1652
278 1652
314 1652
378 1652
416 1652
435 1652
446 1652
629 1652
733 1652
776 1652
791 1652
817 1652
908 1652
1040 1652
1063 1652
1108 1652
1160 1652
1163 1652
1241 1652
1250 1652
1304 1652
1375 1652
1475 1652
1557 1652
1559 1652
1591 1652
1634 1652
1652 1773
1652 1883
1652 1931
1652 1995
1652 2079
1652 2148
1652 2185
1652 2227
1652 2245
47 1841
1007 1841
1294 1841
1641 1841
1696 1841
1738 1841
1841 1869
1841 1965
1841 2038
83 1244
83 1799
85 1657
1317 1657
1644 1657
1657 1859
1657 2033
1657 2099
1657 2253
88 351
88 559
88 1379
351 911
351 1084
351 1722
351 1846
351 2015
559 622
89 257
118 257
257 470
257 1382
257 1651
257 1973
92 404
92 582
92 948
404 1202
110 582
185 582
252 582
279 582
305 582
582 660
582 833
582 1385
582 1417
582 2043
582 2064
582 2106
582 2133
582 2213
95 285
95 350
95 519
95 1182
95 2076
285 1942
350 2168
350 2231
688 1182
240 2076
98 1843
1358 1843
102 1846
118 1846
997 1846
1646 1846
116 1731
646 1731
741 1731
977 1731
1427 1731
1731 1967
118 983
118 990
118 1086
118 1126
118 1318
118 1410
118 1722
118 2063
118 2200
903 1086
1318 1546
532 1410
555 1410
1011 1722
1022 2063
2063 2151
121 1692
125 1153
180 1153
213 1153
259 1153
271 1153
276 1153
452 1153
551 1153
567 1153
588 1153
626 1153
640 1153
765 1153
973 1153
1070 1153
1085 1153
1130 1153
1153 1163
1153 1237
1153 1279
1153 1295
1153 1316
1153 1334
1153 1435
1153 1463
1153 1477
1153 1597
1153 1718
1153 1724
1153 1824
1153 1855
1153 1865
1153 1922
1153 1926
1153 2042
1153 2054
1153 2093
1153 2132
1153 2251
135 1477
143 470
143 1068
143 1072
143 1113
143 2233
470 1543
152 1149
1149 1161
1149 1708
158 812
164 768
214 768
248 768
290 768
308 768
768 804
768 928
768 956
768 1048
768 1132
768 1233
768 1517
768 1556
768 1561
768 1625
768 1720
768 1817
176 784
181 1520
1520 2028
187 598
598 2173
191 1065
607 1065
750 1065
845 1065
911 1065
1065 1339
1065 1875
224 607
458 607
607 918
607 1188
607 1654
607 1754
607 1782
607 1933
607 2040
225 1420
1420 2049
234 1017
234 1932
236 1628
236 1735
279 1628
429 1628
575 1628
911 1628
933 1628
1423 1628
1571 1628
1628 1902
1628 1952
1628 2050
1628 2198
1628 2214
543 1735
240 1301
240 1439
240 1729
240 1813
1439 2053
1476 1813
1478 1813
1522 1813
244 1011
497 1011
756 1011
982 1011
1011 1110
1011 1704
1011 1784
251 500
251 1492
500 1422
252 907
252 1803
254 1738
455 1738
1168 1738
1738 2242
1092 1651
1651 1906
1651 2196
850 1973
258 658
258 839
839 1024
268 1024
1024 2134
275 1349
464 1349
1349 1956
1349 2224
283 1889
286 726
726 2089
726 2280
297 1716
320 1716
743 1716
319 469
475 1836
504 1398
578 787
600 1904
459 657
703 2087
793 1330
887 1907
911 1686
911 2231
927 946
1010 1029
1162 2116
1162 2141
1216 1945
1216 2244
1237 1417
609 1335
963 1458
376 1496
409 1778
539 1778
729 1788
1837 2072
732 1852
1327 1900
554 1912
1388 1912
1389 1912
1912 2049
1912 2128
755 2011
386 2100
312 1006
312 2222
592 1006
1006 1872
1006 2258
324 1629
326 527
326 556
326 1092
326 1095
1092 1868
330 1359
591 1359
641 1359
798 1359
873 1359
978 1359
1009 1359
1031 1359
1359 1368
1359 1372
1359 1480
1359 1526
1359 1664
1359 1762
1359 1794
1359 1832
1359 2017
1359 2029
1359 2041
1359 2083
1359 2124
331 878
878 2049
346 1998
448 1998
474 2231
498 2231
866 2231
1127 2231
1310 2231
1902 2231
356 1724
959 1724
1361 1724
367 387
381 739
391 952
952 1984
403 850
850 1185
850 1990
417 1956
1956 2177
425 2207
967 2207
1431 2207
448 1650
1650 1681
462 498
498 516
472 1208
474 899
474 1080
480 1417
480 2225
813 1417
859 1422
1422 1903
662 1398
1398 2119
510 779
779 967
779 1792
538 1621
1621 1710
1621 2122
543 1825
543 1890
563 1212
568 753
569 1618
575 1289
1289 2260
660 1688
1678 2213
584 1868
835 1868
1115 1868
1868 2034
599 659
609 1545
610 1790
903 1790
815 1807
859 871
642 835
663 801
801 2267
672 1356
687 1478
1042 1478
697 1330
892 1330
1123 1330
1330 1984
1637 2280
777 893
967 2196
955 1418
955 1467
799 996
803 863
863 1004
863 1127
863 1894
863 2127
811 1637
820 1637
957 1637
1209 1637
1437 1637
1637 2241
813 960
844 2240
1984 2240
1985 1990
871 1620
1004 1240
1004 1906
1004 1957
905 1421
934 1393
937 1393
959 1466
979 1167
1167 1888
1001 1809
1003 1338
1481 1906
1042 1491
1042 1522
1042 2198
1491 1985
2122 2174
1168 1950
1174 2053
1273 1487
1277 1513
1280 1391
1963 2260
1293 1805
1546 1929
1353 2187
1445 2187
1358 1985
1404 1985
1582 1985
1428 2241
1577 2191
2032 2140
1665 2125
1659 2140
1804 2004
2000 2259
