1 5
1 6
1 8
1 9
1 10
1 11
1 12
1 18
1 19
1 26
1 27
1 30
1 32
1 34
1 37
1 40
1 41
1 47
1 54
1 55
1 58
1 75
1 80
1 89
1 96
1 106
1 116
1 120
1 184
1 204
1 207
1 221
1 223
1 259
1 287
1 293
1 296
1 302
1 306
1 309
1 328
1 337
1 351
1 361
1 373
1 377
1 388
1 402
1 405
1 424
1 425
1 449
1 450
1 454
1 482
1 513
1 522
1 535
1 543
1 553
1 580
1 593
1 595
1 601
1 640
1 662
1 664
1 666
1 684
1 707
1 713
1 716
1 737
1 744
1 758
1 804
1 827
1 829
1 834
1 845
1 875
1 894
1 941
1 983
2 5
3 5
4 5
5 7
5 9
5 10
5 12
5 13
5 15
5 18
5 22
5 26
5 27
5 29
5 30
5 33
5 34
5 44
5 48
5 52
5 57
5 60
5 62
5 69
5 71
5 72
5 77
5 99
5 108
5 114
5 120
5 122
5 125
5 136
5 141
5 175
5 187
5 199
5 210
5 270
5 275
5 315
5 332
5 358
5 368
5 378
5 395
5 436
5 440
5 470
5 564
5 578
5 581
5 584
5 611
5 620
5 647
5 653
5 663
5 677
5 702
5 703
5 715
5 730
5 738
5 771
5 776
5 786
5 809
5 821
5 879
5 914
5 952
5 972
5 980
5 989
5 995
2 6
3 6
4 6
6 8
6 9
6 11
6 13
6 16
6 18
6 25
6 28
6 35
6 40
6 44
6 47
6 49
6 50
6 51
6 58
6 65
6 67
6 74
6 94
6 96
6 104
6 106
6 122
6 145
6 146
6 164
6 172
6 174
6 204
6 212
6 213
6 215
6 251
6 257
6 278
6 301
6 314
6 318
6 326
6 327
6 351
6 355
6 364
6 372
6 394
6 398
6 414
6 441
6 463
6 472
6 480
6 596
6 612
6 620
6 656
6 659
6 670
6 683
6 705
6 711
6 719
6 755
6 783
6 810
6 830
6 834
6 903
6 922
6 988
4 8
7 8
8 9
8 20
8 23
8 29
8 53
8 70
8 77
8 99
8 101
8 135
8 167
8 203
8 221
8 227
8 231
8 291
8 295
8 300
8 305
8 314
8 346
8 395
8 396
8 403
8 448
8 475
8 494
8 717
8 761
8 788
8 793
8 832
8 937
8 967
9 23
9 36
9 38
9 42
9 45
9 47
9 59
9 71
9 76
9 83
9 113
9 116
9 128
9 130
9 136
9 145
9 150
9 186
9 203
9 224
9 231
9 241
9 245
9 265
9 276
9 278
9 284
9 296
9 315
9 320
9 334
9 354
9 370
9 372
9 392
9 419
9 428
9 472
9 506
9 535
9 541
9 580
9 589
9 632
9 780
9 796
9 825
9 828
9 832
9 838
9 876
9 935
9 965
3 10
7 10
10 11
10 12
10 14
10 17
10 20
10 22
10 23
10 24
10 37
10 44
10 50
10 52
10 53
10 55
10 57
10 58
10 59
10 65
10 73
10 75
10 78
10 102
10 109
10 137
10 146
10 157
10 168
10 189
10 190
10 215
10 248
10 255
10 260
10 321
10 333
10 341
10 349
10 359
10 377
10 404
10 426
10 442
10 463
10 491
10 529
10 546
10 551
10 559
10 566
10 577
10 579
10 609
10 673
10 736
10 757
10 758
10 766
10 772
10 775
10 833
10 850
3 11
11 14
11 15
11 17
11 68
11 129
11 136
11 142
11 144
11 180
11 186
11 188
11 210
11 268
11 271
11 297
11 313
11 374
11 449
11 537
11 538
11 622
11 637
11 678
11 698
11 716
11 784
11 787
11 816
11 823
11 824
11 827
11 834
11 874
11 932
11 985
4 12
12 19
12 37
12 41
12 48
12 49
12 55
12 65
12 72
12 80
12 103
12 151
12 152
12 154
12 177
12 185
12 191
12 266
12 307
12 327
12 337
12 422
12 445
12 545
12 565
12 569
12 574
12 635
12 659
12 678
12 725
12 742
12 947
12 948
12 969
14 18
18 21
18 27
18 35
18 59
18 90
18 95
18 155
18 183
18 219
18 254
18 283
18 302
18 383
18 390
18 418
18 426
18 485
18 548
18 556
18 576
18 599
18 632
18 635
18 687
18 701
18 707
18 713
18 830
18 886
18 952
18 987
13 19
15 19
19 22
19 89
19 506
19 570
19 588
19 641
19 817
19 842
19 869
19 1000
2 26
17 26
26 42
26 50
26 54
26 64
26 85
26 133
26 157
26 502
26 554
26 604
26 643
26 650
26 714
26 722
26 881
26 886
26 896
26 987
14 27
27 35
27 45
27 48
27 53
27 82
27 147
27 184
27 211
27 224
27 236
27 254
27 414
27 415
27 419
27 481
27 482
27 537
27 550
27 764
27 789
27 837
27 841
27 890
13 30
24 30
30 46
30 52
30 84
30 121
30 170
30 175
30 243
30 317
30 490
30 544
30 608
30 913
7 32
24 32
28 32
32 38
32 63
32 83
32 94
32 135
32 140
32 214
32 237
32 307
32 324
32 465
32 500
32 502
32 515
32 581
32 737
32 771
32 792
32 835
32 860
32 869
32 904
32 926
13 34
31 34
34 36
34 42
34 61
34 62
34 89
34 103
34 106
34 119
34 142
34 162
34 194
34 198
34 232
34 281
34 438
34 458
34 667
34 748
34 766
34 812
14 37
37 43
37 62
37 100
37 166
37 182
37 220
37 289
37 308
37 454
37 568
37 605
37 705
37 774
37 882
4 40
31 40
40 46
40 88
40 99
40 133
40 142
40 200
40 223
40 286
40 301
40 325
40 445
40 492
40 578
40 654
40 707
40 987
13 41
25 41
41 50
41 64
41 79
41 143
41 164
41 274
41 340
41 415
41 591
41 777
41 850
41 908
24 47
47 57
47 74
47 98
47 115
47 122
47 160
47 187
47 243
47 248
47 302
47 391
47 469
47 521
47 655
47 693
47 842
47 925
47 974
13 54
23 54
54 79
54 111
54 145
54 197
54 250
54 283
54 343
54 520
54 809
24 55
55 154
55 163
55 211
55 214
55 267
55 324
55 474
55 849
55 937
43 58
58 59
58 60
58 70
58 84
58 85
58 91
58 128
58 161
58 358
58 524
58 532
58 539
58 556
58 742
58 773
58 856
58 858
58 866
58 954
13 75
57 75
75 118
75 129
75 273
75 423
75 435
75 467
75 681
75 832
75 887
75 907
4 80
42 80
80 101
80 127
80 132
80 148
80 153
80 261
80 265
80 267
80 276
80 282
80 332
80 345
80 455
80 457
80 528
80 605
80 875
80 969
4 89
89 93
89 160
89 253
89 516
89 565
89 654
89 768
89 792
89 958
14 96
62 96
96 269
96 486
96 517
96 623
96 966
49 106
106 150
106 210
106 294
106 397
106 448
106 600
106 911
7 116
24 116
116 153
116 233
116 299
116 382
116 391
116 450
116 647
59 120
77 120
120 162
120 186
120 193
120 197
120 235
120 244
120 264
120 363
120 376
120 552
120 594
120 663
120 704
120 713
120 738
120 784
120 814
42 184
67 184
184 200
184 311
184 459
184 598
184 924
127 204
182 204
204 623
17 207
78 207
182 207
207 308
207 454
207 474
207 612
207 840
105 221
179 221
221 242
221 433
221 456
221 569
221 715
24 223
172 223
223 252
223 281
223 326
223 918
223 962
4 259
29 259
158 259
259 310
259 384
259 904
7 287
25 287
64 287
287 322
287 342
287 380
287 628
287 822
287 838
20 293
81 293
251 293
293 296
293 918
293 982
86 296
296 583
296 646
296 966
175 302
302 327
302 614
302 646
302 820
7 306
24 306
283 306
306 376
306 725
7 309
31 309
156 309
309 852
79 328
127 328
216 328
328 372
328 622
198 337
319 337
337 350
337 493
337 757
63 351
167 351
351 745
134 361
230 361
250 361
361 540
361 668
361 853
112 373
130 373
173 373
373 874
62 377
278 377
377 397
377 549
377 669
82 388
85 388
103 388
388 434
388 584
388 690
166 402
167 402
234 402
402 877
402 931
24 405
42 405
68 405
405 575
7 424
189 424
408 424
424 657
424 702
424 821
170 425
282 425
285 425
42 449
92 449
449 576
449 666
449 747
449 866
131 450
258 450
420 454
454 506
454 590
454 636
454 722
224 482
235 482
482 494
482 854
482 945
60 513
225 513
248 513
513 518
513 753
219 522
324 522
370 522
522 730
522 883
64 535
191 535
535 961
105 543
123 543
421 543
543 880
64 553
167 553
189 553
13 580
511 580
201 593
399 593
407 593
265 595
392 595
404 595
595 882
20 601
65 601
476 601
601 917
123 640
363 640
594 640
640 642
640 690
640 976
29 662
150 662
160 662
662 866
13 664
115 664
180 664
664 725
664 944
115 666
194 666
3 684
13 684
378 684
684 685
44 707
22 713
14 716
400 716
556 737
633 737
52 744
383 744
498 744
53 758
669 758
758 929
69 804
148 804
235 804
84 827
200 827
149 829
411 829
485 829
829 906
299 834
90 845
141 845
199 845
845 881
845 931
845 964
290 875
609 875
79 894
150 894
624 894
73 941
122 941
655 941
226 983
230 983
724 983
2 7
2 48
2 61
2 68
2 91
2 110
2 153
2 201
2 209
2 222
2 260
2 330
2 376
2 478
2 479
2 529
2 548
2 577
2 606
2 629
2 660
2 673
2 754
2 765
2 773
2 790
2 807
2 815
2 838
2 929
2 939
3 7
4 7
7 13
7 14
7 16
7 21
7 22
7 25
7 38
7 39
7 84
7 111
7 114
7 123
7 143
7 158
7 160
7 162
7 183
7 189
7 218
7 237
7 246
7 263
7 280
7 345
7 348
7 382
7 399
7 419
7 430
7 451
7 455
7 532
7 552
7 573
7 591
7 656
7 663
7 740
7 756
7 769
7 785
7 806
7 861
7 889
7 895
7 964
7 966
7 970
48 78
48 206
48 439
48 773
48 872
48 886
23 61
24 61
61 87
61 137
61 147
61 173
61 198
61 280
61 378
61 464
61 780
15 68
28 68
68 93
68 127
68 420
68 484
68 566
68 746
68 901
68 990
16 91
81 91
91 105
91 148
91 229
91 240
91 247
91 257
91 298
91 385
91 465
91 878
91 972
17 110
43 110
46 110
110 178
110 347
110 352
110 369
110 439
110 561
110 581
50 153
153 222
153 715
21 201
57 201
125 201
201 887
201 921
201 977
3 209
83 209
182 209
209 250
209 305
209 453
209 545
209 548
209 558
209 654
209 661
209 995
60 222
217 222
222 281
222 300
222 403
222 815
69 260
134 260
260 557
14 330
64 330
66 330
330 352
330 477
330 500
330 551
330 619
330 620
330 653
330 776
330 982
71 376
376 517
376 639
376 944
14 478
117 478
141 478
478 880
24 479
29 479
59 479
479 592
479 882
479 963
29 529
78 529
169 548
548 859
53 577
448 577
64 606
105 606
443 606
606 683
606 913
606 921
392 629
565 629
620 629
629 645
629 648
15 660
367 660
562 660
660 680
660 727
660 782
660 810
660 992
112 673
456 673
192 754
240 754
550 754
754 885
754 899
20 765
386 765
404 765
14 773
381 790
681 790
683 790
56 807
589 807
717 807
14 815
638 815
495 838
288 929
389 929
14 939
679 939
821 939
3 16
3 20
3 24
3 42
3 86
3 169
3 213
3 218
3 342
3 394
3 404
3 423
3 573
3 594
3 596
3 677
3 694
3 748
3 752
3 861
3 864
3 955
3 972
4 16
16 21
16 25
16 85
16 86
16 98
16 118
16 173
16 219
16 252
16 544
16 566
16 618
16 672
16 708
16 816
16 840
16 932
17 20
20 31
20 70
20 85
20 100
20 108
20 117
20 156
20 191
20 244
20 253
20 284
20 364
20 409
20 417
20 468
20 675
20 788
20 857
20 899
20 933
20 956
4 24
23 24
24 66
24 77
24 93
24 98
24 109
24 141
24 151
24 156
24 167
24 169
24 179
24 181
24 206
24 229
24 230
24 233
24 235
24 245
24 318
24 326
24 333
24 364
24 387
24 427
24 433
24 499
24 589
24 597
24 634
24 650
24 672
24 698
24 755
24 778
24 794
24 813
24 905
24 930
24 959
24 967
24 974
42 49
42 74
42 76
42 78
42 163
42 289
42 336
42 380
42 382
42 460
42 476
42 486
42 540
42 541
42 554
42 602
42 719
42 741
42 791
45 86
78 86
86 125
86 170
86 294
86 440
86 492
56 169
128 169
169 182
169 369
169 443
169 470
169 480
169 775
71 213
193 213
213 674
29 218
190 218
218 353
218 381
218 695
218 857
218 957
125 342
189 342
342 390
342 772
342 832
342 843
271 394
282 394
394 766
394 824
394 900
394 906
84 404
324 404
404 949
159 423
185 423
423 458
423 487
423 509
423 518
423 619
423 819
423 917
31 573
49 573
573 843
95 594
104 594
594 823
594 991
67 596
352 596
596 704
596 885
15 677
427 677
71 694
146 694
435 694
694 729
174 748
721 748
400 752
532 752
576 752
752 818
163 861
353 861
861 984
79 864
117 864
766 864
33 955
353 955
537 955
693 972
4 13
4 14
4 15
4 21
4 28
4 33
4 36
4 43
4 49
4 51
4 62
4 65
4 67
4 78
4 81
4 92
4 107
4 126
4 132
4 144
4 145
4 147
4 154
4 161
4 185
4 194
4 215
4 226
4 242
4 265
4 266
4 274
4 288
4 308
4 319
4 329
4 341
4 417
4 421
4 430
4 443
4 461
4 493
4 512
4 519
4 585
4 588
4 590
4 592
4 605
4 641
4 646
4 678
4 698
4 718
4 722
4 871
4 901
4 991
4 992
13 15
13 28
13 31
13 35
13 56
13 114
13 119
13 121
13 123
13 128
13 130
13 233
13 261
13 267
13 276
13 323
13 327
13 334
13 338
13 343
13 363
13 371
13 398
13 415
13 418
13 427
13 436
13 493
13 550
13 568
13 587
13 617
13 636
13 642
13 689
13 706
13 783
13 813
13 900
14 17
14 29
14 31
14 33
14 38
14 43
14 51
14 53
14 56
14 63
14 64
14 74
14 88
14 90
14 95
14 136
14 139
14 156
14 157
14 178
14 183
14 185
14 192
14 199
14 202
14 208
14 210
14 228
14 230
14 231
14 236
14 253
14 314
14 317
14 339
14 341
14 367
14 389
14 400
14 448
14 471
14 517
14 524
14 525
14 530
14 560
14 571
14 637
14 704
14 736
14 739
14 750
14 781
14 794
14 810
14 858
14 901
14 909
14 990
14 997
15 17
15 23
15 25
15 28
15 39
15 45
15 51
15 56
15 63
15 67
15 71
15 73
15 126
15 135
15 138
15 166
15 170
15 177
15 233
15 240
15 255
15 268
15 318
15 335
15 359
15 389
15 397
15 462
15 501
15 536
15 586
15 599
15 604
15 630
15 638
15 667
15 671
15 717
15 767
15 883
15 915
15 922
21 39
21 90
21 103
21 111
21 138
21 165
21 219
21 242
21 273
21 298
21 333
21 440
21 499
21 563
21 571
21 646
21 746
21 839
21 869
21 928
21 940
28 33
28 100
28 107
28 142
28 152
28 216
28 238
28 243
28 285
28 467
28 669
28 691
33 46
33 73
33 76
33 88
33 99
33 117
33 140
33 161
33 174
33 236
33 280
33 305
33 332
33 476
33 508
33 526
33 542
33 555
33 559
33 570
33 626
33 669
33 755
33 821
33 872
25 36
36 176
36 321
36 996
35 43
43 66
43 124
43 128
43 154
43 187
43 219
43 262
43 384
43 392
43 408
43 485
43 487
43 504
43 544
43 567
43 613
43 620
43 628
43 659
43 718
43 821
43 877
43 900
43 928
49 72
49 87
49 102
49 176
49 177
49 203
49 237
49 349
49 487
49 512
49 583
49 650
49 693
49 913
49 927
49 932
49 980
51 56
51 81
51 249
51 416
51 828
62 69
62 102
62 115
62 131
62 141
62 151
62 174
62 193
62 198
62 239
62 251
62 279
62 286
62 386
62 387
62 437
62 455
62 461
62 464
62 483
62 518
62 539
62 570
62 617
62 631
62 634
62 652
62 667
62 714
62 764
62 767
62 797
62 870
62 892
62 910
62 943
65 146
65 158
65 249
65 303
65 340
65 360
65 483
65 496
65 519
65 616
65 839
65 927
31 67
67 82
67 124
67 269
67 320
67 358
67 417
67 439
67 533
67 564
67 648
67 753
67 801
67 876
67 884
78 129
78 164
78 217
78 238
78 241
78 370
78 401
78 433
78 567
78 635
78 679
78 867
78 891
50 81
60 81
81 108
81 206
81 214
81 227
81 340
81 363
81 438
81 477
81 533
22 92
23 92
31 92
92 134
92 383
92 408
92 505
92 618
92 695
92 709
92 892
29 107
63 107
107 273
107 364
107 609
23 126
103 126
126 183
126 385
126 432
126 491
126 623
126 726
38 132
125 132
132 139
132 208
132 312
25 144
63 144
144 273
144 275
144 312
144 491
144 770
145 323
145 391
145 636
17 147
147 164
147 264
147 314
147 339
147 857
147 962
154 325
154 457
154 579
154 993
101 161
161 202
161 272
161 353
161 470
77 185
185 191
185 301
185 501
185 769
185 945
38 194
79 194
194 286
194 312
194 354
194 481
194 795
194 925
71 215
215 234
215 256
215 331
215 400
215 447
215 497
215 960
17 226
57 226
63 226
226 282
226 621
226 728
156 242
57 265
265 339
265 393
265 855
31 266
104 266
266 303
266 347
266 407
266 701
31 274
77 274
274 624
274 726
274 736
274 852
274 928
98 288
181 288
258 288
288 566
288 689
288 849
146 308
111 319
236 319
289 319
319 489
319 492
125 329
195 329
318 329
326 341
341 526
71 417
417 464
56 421
82 421
196 421
421 507
421 608
90 430
228 430
430 706
430 873
370 443
403 443
443 474
443 679
443 793
443 910
157 461
299 461
461 645
461 766
437 493
143 512
400 512
512 616
183 519
434 519
519 674
519 776
190 585
261 585
316 585
585 760
585 786
104 588
427 588
588 746
588 962
372 590
550 590
25 592
447 592
206 605
605 918
167 641
483 641
641 736
210 678
678 749
112 698
237 718
364 718
718 801
715 722
216 871
730 871
763 871
668 901
193 991
951 991
297 992
365 992
22 94
22 97
22 121
22 139
22 174
22 192
22 205
22 236
22 335
22 409
22 488
22 499
22 668
22 726
22 868
22 877
22 909
22 953
23 29
29 39
29 46
29 76
29 79
29 95
29 112
29 137
29 172
29 197
29 316
29 322
29 583
29 779
29 844
29 924
29 965
31 44
44 64
44 69
44 82
44 105
44 150
44 220
44 247
44 280
44 295
44 313
44 344
44 700
44 887
25 52
52 166
52 232
52 254
52 346
52 483
52 862
17 57
57 70
57 143
57 196
57 271
57 799
57 848
57 907
23 60
31 60
60 93
60 97
60 105
60 171
60 270
60 299
60 379
60 393
60 448
60 687
60 712
60 797
60 976
31 69
69 77
69 181
69 366
69 471
69 837
69 860
69 961
31 71
71 79
71 112
71 122
71 138
71 159
71 165
71 196
71 247
71 285
71 368
71 441
71 515
71 603
71 644
71 688
71 710
71 751
71 764
71 775
71 796
71 799
71 907
59 72
72 84
72 188
72 878
72 919
72 998
77 88
77 109
77 121
77 125
77 162
77 230
77 275
77 291
77 336
77 339
77 386
77 437
77 520
77 539
77 665
77 671
77 699
77 723
77 739
77 740
77 817
77 870
77 908
77 947
99 216
99 241
99 429
99 447
99 474
99 525
99 547
99 589
99 625
99 658
99 695
99 759
99 778
99 963
99 994
17 108
108 141
108 182
108 291
108 352
108 370
108 411
108 613
108 693
31 114
114 167
114 173
114 318
114 396
114 415
114 582
122 123
122 124
122 133
122 149
122 150
122 179
122 235
122 243
122 272
122 297
122 315
122 477
122 503
122 706
122 739
122 745
122 931
122 942
123 125
125 165
125 445
125 469
125 471
125 847
125 975
136 152
136 556
136 628
136 657
136 719
141 211
141 268
141 437
141 644
141 759
141 866
38 175
85 175
175 534
175 808
175 836
17 187
148 199
179 199
199 220
199 560
199 734
199 867
210 299
210 442
210 644
210 978
155 270
230 270
270 347
270 362
270 366
270 621
270 659
270 731
270 914
170 275
289 315
315 507
17 332
332 409
332 728
332 904
66 358
358 516
358 768
104 368
241 368
368 457
368 488
368 532
368 614
368 688
276 378
307 378
378 422
378 426
23 395
115 395
395 505
395 575
395 839
31 436
241 436
436 822
436 917
317 440
440 613
39 470
470 762
183 564
551 564
564 599
564 791
564 801
564 850
25 578
188 578
578 979
84 581
193 584
333 584
38 611
192 611
276 611
611 687
195 647
536 647
647 961
446 653
448 653
300 663
477 702
556 702
702 998
206 703
390 703
527 703
703 772
703 986
272 715
715 842
23 730
690 730
730 958
271 738
645 738
738 931
738 954
317 771
498 771
452 776
150 786
196 786
786 808
73 809
477 809
809 869
809 870
162 879
208 879
346 879
879 925
655 914
860 914
231 952
468 952
23 980
492 980
212 989
644 989
680 989
211 995
240 995
25 87
25 95
25 100
25 101
25 149
25 159
25 180
25 193
25 268
25 269
25 371
25 451
25 510
25 627
25 784
25 868
25 934
35 229
35 247
35 484
35 498
35 559
35 567
35 831
35 910
35 960
50 131
50 178
50 234
50 244
50 357
50 380
50 583
50 671
50 756
50 800
50 836
50 849
50 974
74 83
74 87
74 140
74 310
74 437
74 830
74 854
74 954
70 94
94 152
94 389
94 687
94 692
94 777
94 897
63 104
85 104
97 104
104 146
104 159
104 178
104 228
104 256
104 279
104 282
104 297
104 301
104 355
104 431
104 495
104 520
104 622
104 862
104 996
146 692
146 925
164 168
164 188
164 924
164 968
84 172
138 172
172 202
172 216
172 310
172 381
172 444
172 729
172 844
174 217
174 359
174 562
174 569
174 645
174 934
39 212
166 212
171 212
212 350
212 408
212 598
212 665
212 885
212 977
181 251
196 251
251 256
251 422
23 257
121 257
79 278
158 278
278 412
301 446
301 502
301 538
314 401
314 930
314 984
318 322
318 619
280 326
326 365
326 528
326 656
326 665
326 676
326 808
326 937
327 362
327 877
31 355
156 355
355 485
355 699
364 732
364 762
364 824
364 905
364 979
295 372
372 412
372 420
372 949
372 956
235 398
392 398
398 444
398 692
398 739
398 996
115 414
160 414
156 441
180 441
441 475
441 817
441 831
129 463
250 463
463 604
463 614
463 623
129 472
237 472
472 544
472 607
472 609
472 751
139 480
429 480
480 686
480 731
480 777
219 612
317 612
612 649
307 656
656 761
656 959
177 670
276 670
504 670
102 683
140 683
683 857
683 865
439 705
545 705
277 711
324 711
551 711
711 762
711 963
23 719
408 755
214 783
303 783
690 810
491 830
830 853
200 903
435 903
709 903
447 922
624 922
38 988
135 988
936 988
38 45
38 155
38 159
38 198
38 228
38 369
38 520
38 685
39 138
39 562
39 582
39 921
84 105
84 117
84 180
84 195
84 200
84 283
84 292
84 434
84 531
84 733
84 806
84 839
84 974
17 111
111 231
111 256
111 911
101 123
123 124
123 272
123 334
123 579
123 649
123 700
123 714
123 779
123 926
133 143
143 290
31 158
46 158
158 168
158 523
31 160
160 245
160 862
162 192
162 272
162 292
162 357
162 392
162 420
162 431
162 555
162 833
183 456
183 675
183 747
183 826
183 856
17 189
166 189
189 195
189 313
189 407
189 532
189 571
189 591
189 797
102 237
237 258
237 699
237 802
237 858
237 908
237 930
112 246
216 246
219 246
246 607
246 846
246 973
103 263
117 263
152 263
263 277
263 379
263 496
263 541
263 572
263 697
263 763
263 828
263 935
280 418
280 547
280 915
115 345
196 345
345 504
105 348
156 348
219 348
348 446
348 731
227 382
85 399
112 399
180 399
399 710
399 887
63 419
419 498
419 587
419 811
419 895
307 451
362 451
451 537
451 610
451 859
451 899
202 455
101 552
202 552
90 591
608 740
739 740
87 756
264 756
549 769
627 769
211 785
230 785
497 785
785 899
82 806
277 806
268 889
483 889
485 889
271 895
820 895
188 964
645 964
964 969
216 966
966 997
193 970
474 970
636 970
23 82
23 98
23 112
23 149
23 151
23 190
23 232
23 262
23 321
23 366
23 370
23 406
23 435
23 469
23 489
23 502
23 621
23 643
23 685
23 724
23 823
23 874
23 960
53 63
53 119
53 180
53 322
53 350
53 363
53 521
53 888
53 917
70 182
70 225
70 300
70 841
31 101
101 137
101 240
101 261
101 401
101 497
101 545
101 546
101 651
101 825
101 831
101 888
101 968
101 976
101 981
63 135
135 649
87 167
167 179
167 255
167 385
167 390
167 428
167 540
167 734
167 957
31 203
203 228
203 250
203 631
203 936
128 227
156 227
227 431
227 793
227 1000
231 978
63 291
291 892
103 295
130 295
295 297
295 723
295 803
297 300
300 597
300 950
45 305
305 360
305 657
305 727
197 346
277 346
346 779
346 969
148 396
155 396
396 434
396 467
262 403
367 403
403 682
448 521
448 633
448 651
448 733
448 902
98 475
117 475
475 732
367 494
407 494
494 604
494 720
494 817
112 717
469 717
717 811
717 833
570 761
658 761
85 788
202 788
639 793
832 935
832 963
745 937
140 967
652 967
45 484
45 528
59 113
59 283
59 530
59 562
59 818
76 119
76 304
76 453
76 615
76 746
76 753
76 985
17 83
83 133
83 397
83 484
83 958
31 113
100 113
113 130
113 244
113 950
128 217
128 511
128 603
128 727
128 859
85 130
130 148
130 155
130 546
130 563
130 883
130 893
130 990
150 467
150 551
150 608
150 999
103 186
186 214
186 225
186 460
186 462
186 582
186 919
98 224
148 224
224 225
224 359
224 814
230 241
190 245
127 276
276 298
276 344
276 499
276 770
276 997
88 284
156 284
284 503
17 320
127 320
79 334
334 380
334 750
85 354
216 354
370 671
370 977
298 392
392 485
392 825
134 428
322 428
428 473
82 506
156 541
541 637
408 589
589 602
589 617
589 622
589 639
589 654
589 981
168 632
202 632
632 851
148 780
458 780
780 812
17 796
387 796
262 825
825 953
811 828
129 876
633 876
498 935
256 965
957 965
17 31
17 66
17 97
17 102
17 112
17 134
17 173
17 200
17 208
17 249
17 261
17 264
17 304
17 344
17 375
17 393
17 407
17 427
17 514
17 557
17 558
17 562
17 639
17 655
17 686
17 795
17 986
46 73
73 118
73 258
102 148
102 155
102 254
102 371
102 411
102 516
102 555
102 674
102 856
102 890
31 109
109 248
109 335
109 416
109 442
109 858
109 920
109 956
137 235
137 253
137 313
137 452
46 157
157 352
157 401
157 518
157 741
157 872
46 168
168 205
168 206
168 277
168 466
168 473
168 523
168 524
168 570
168 774
168 819
140 190
155 190
190 292
190 362
190 439
190 469
190 542
155 248
248 262
248 822
248 942
248 957
248 990
31 255
255 374
255 384
255 413
173 321
321 603
321 676
321 680
321 802
321 945
216 333
333 933
56 349
208 349
359 381
359 709
359 734
188 426
426 445
426 905
100 442
442 727
442 950
442 985
87 491
188 546
46 551
551 938
56 559
559 816
258 579
579 975
289 609
609 913
609 946
357 757
644 757
757 759
171 772
772 943
103 775
447 833
570 850
79 129
129 379
129 386
129 462
129 473
129 557
129 691
129 787
129 818
142 362
142 634
180 181
180 286
180 434
179 188
188 197
188 649
268 652
268 764
268 975
31 271
236 271
271 408
271 586
271 720
313 933
176 374
286 374
374 411
374 460
374 508
374 672
374 848
179 537
121 538
498 538
572 637
637 800
339 784
155 787
671 787
357 816
689 823
820 824
824 971
121 874
411 932
940 985
90 103
103 176
103 651
103 880
151 624
151 944
152 177
177 338
177 568
177 851
179 191
191 234
191 411
191 509
118 307
134 307
307 365
307 435
307 747
307 846
307 982
198 422
422 724
445 516
445 615
445 778
434 545
545 560
545 853
202 565
560 565
565 814
311 569
249 574
290 574
446 574
574 667
79 635
567 725
725 943
303 742
721 742
64 947
196 947
148 948
214 948
397 948
31 90
31 118
31 131
31 140
31 171
31 195
31 211
31 238
31 250
31 277
31 279
31 285
31 356
31 375
31 386
31 410
31 438
31 468
31 473
31 500
31 557
31 563
31 607
31 645
31 695
31 706
31 813
31 820
31 844
56 66
56 127
56 356
56 429
56 490
56 613
56 811
119 597
121 292
121 310
121 357
121 466
121 468
121 483
121 608
121 688
121 943
121 946
121 971
233 264
233 298
233 459
233 547
233 631
233 735
261 379
261 886
261 920
159 267
267 672
182 323
195 323
323 527
323 911
64 338
235 338
338 500
338 508
338 763
171 343
235 343
363 575
363 638
285 371
371 921
415 682
415 697
134 418
285 427
427 721
85 550
446 550
550 587
550 708
550 820
550 996
225 568
568 860
390 587
533 617
617 880
617 953
219 636
105 642
155 642
642 836
63 689
411 689
689 729
798 813
211 900
63 134
63 149
63 170
63 360
63 486
63 628
63 643
63 860
63 915
64 134
64 289
64 360
64 429
64 447
64 488
64 658
64 692
64 885
88 193
88 281
88 521
88 668
88 770
90 131
90 171
90 208
90 476
90 514
90 555
95 97
95 115
95 240
95 304
95 317
95 389
95 602
95 720
95 878
131 139
139 495
139 528
139 729
155 156
156 410
156 432
156 495
156 603
156 791
156 884
156 975
156 994
156 999
178 934
178 940
182 192
192 492
192 515
192 836
82 202
202 205
202 393
202 409
202 505
202 763
202 799
202 805
208 230
208 277
208 279
208 452
208 768
208 891
208 981
208 993
228 560
230 317
230 353
230 452
230 504
230 534
236 406
236 576
236 801
236 920
236 977
253 915
253 973
339 505
339 851
105 367
133 367
290 367
367 679
367 699
389 458
127 400
281 400
196 471
471 842
471 881
471 890
347 517
195 524
235 525
412 525
298 530
505 530
530 709
509 571
46 704
704 799
127 750
700 750
211 781
264 781
534 781
79 794
179 794
85 909
258 909
322 997
138 335
138 365
138 465
138 509
138 630
118 166
166 196
166 216
166 655
166 763
166 912
170 234
170 712
240 357
240 438
240 798
240 999
397 846
176 462
134 501
250 501
148 536
365 536
381 536
536 633
117 586
576 586
586 986
324 599
599 631
604 923
214 630
533 630
630 741
131 638
357 638
638 805
214 767
283 767
774 883
85 163
85 239
85 282
85 312
85 661
85 734
85 919
98 353
98 429
98 658
98 957
118 171
118 531
118 542
118 558
118 600
118 680
118 708
173 252
173 650
219 269
219 498
219 540
219 658
219 768
219 962
229 252
252 289
252 344
331 618
539 618
672 805
654 708
708 760
708 891
217 840
731 840
66 303
66 432
97 127
97 181
97 311
97 444
97 497
97 615
97 634
97 710
97 865
112 232
112 745
112 795
112 863
134 196
134 477
134 567
134 868
134 979
200 497
217 249
249 728
249 789
264 311
264 316
264 452
264 760
159 304
304 331
304 696
344 898
239 375
303 375
393 753
393 854
303 407
407 476
407 891
357 514
489 514
557 624
557 847
182 558
558 798
562 726
347 639
639 721
639 881
229 655
655 803
250 686
286 686
131 795
862 986
155 176
155 356
155 387
155 465
155 657
254 325
254 456
254 859
283 336
283 896
131 383
362 383
383 693
198 390
406 556
556 561
556 782
556 923
511 576
576 661
195 701
244 701
294 987
570 884
869 897
869 902
79 1000
881 1000
100 325
93 117
117 916
244 682
244 976
409 597
182 468
468 956
299 675
623 675
857 938
216 933
148 165
165 433
273 356
273 366
273 459
298 893
298 936
499 897
499 994
105 563
563 697
563 762
563 814
802 928
420 940
505 940
149 205
205 347
285 488
488 498
434 668
311 868
791 953
82 220
82 798
82 938
149 179
149 258
149 808
232 444
232 688
243 262
262 294
262 863
366 487
366 942
214 406
250 406
406 890
105 435
435 993
469 893
469 936
220 489
277 489
489 511
489 934
502 690
502 710
502 759
502 950
408 621
621 971
282 643
643 843
680 685
311 724
531 724
724 973
779 960
93 460
179 410
179 447
181 331
181 453
181 735
181 902
46 229
229 238
229 792
229 954
235 534
235 607
235 812
258 387
387 416
387 511
387 626
433 696
433 846
433 951
597 680
650 818
171 778
778 981
381 905
728 930
819 959
907 959
87 239
87 303
87 697
159 598
193 413
193 457
269 503
269 627
269 723
269 896
214 510
279 510
352 510
322 627
613 627
133 290
133 561
133 865
196 554
492 554
148 714
369 896
211 412
211 610
385 481
458 481
362 789
490 789
561 837
747 837
452 841
745 841
216 324
216 531
238 951
243 336
243 614
243 735
127 285
285 290
285 951
467 527
613 669
669 822
669 971
299 691
649 691
691 721
691 867
46 225
46 294
46 743
46 831
79 115
79 163
79 258
79 316
79 431
79 549
79 728
79 745
79 777
79 888
197 862
303 316
316 696
322 749
322 884
583 624
583 679
583 872
336 779
360 844
408 924
163 490
401 490
490 805
490 854
490 912
608 610
131 311
131 324
131 509
131 534
131 712
131 749
131 826
171 391
171 496
171 523
148 195
195 700
250 331
250 898
279 369
279 873
386 527
381 410
438 712
473 507
607 723
760 820
820 927
214 412
214 466
214 625
214 916
324 791
324 904
198 515
281 792
115 835
182 835
299 835
835 968
860 938
148 926
290 926
420 508
508 961
182 526
505 526
526 863
429 542
542 651
542 873
555 851
518 626
623 626
198 239
198 733
198 998
281 384
281 416
281 774
281 927
379 458
292 812
498 661
498 855
567 731
831 911
331 910
182 446
182 511
182 602
182 720
182 811
182 946
220 741
289 446
289 676
289 863
734 774
774 803
582 882
520 681
520 770
381 582
582 912
286 572
127 340
658 908
163 743
163 782
380 533
217 486
486 848
486 852
602 907
741 856
741 870
408 625
290 504
504 549
628 802
105 648
105 743
357 700
528 852
225 696
294 600
453 743
115 299
115 413
115 897
357 923
148 800
616 800
303 849
416 527
862 978
258 350
350 572
633 888
474 572
474 575
127 733
127 826
127 984
429 979
196 365
196 453
196 600
734 848
848 949
444 539
539 615
818 982
299 381
299 464
299 495
299 503
299 942
299 999
379 507
712 945
572 797
437 973
310 652
505 652
412 892
447 610
447 853
303 674
303 676
303 855
303 878
365 496
411 616
420 616
352 432
258 533
533 625
148 648
347 420
603 951
457 644
710 919
710 968
649 751
731 751
854 998
258 290
258 385
258 898
385 681
614 681
148 665
665 682
148 217
217 456
217 561
217 690
217 709
401 994
661 867
431 819
497 549
148 413
148 721
148 826
148 916
148 923
282 547
385 798
619 958
292 531
434 946
734 760
734 918
770 855
385 459
385 523
897 902
623 732
311 802
352 865
547 803
547 944
625 916
256 906
600 633
600 873
352 782
523 920
347 732
561 984
456 466
649 936
509 847
808 847
511 619
598 893
534 598
534 819
452 749
362 735
918 993
598 633
782 898
782 906
851 912
446 843
619 747
696 978
633 949
