1 2
1 3
1 4
1 5
1 6
1 7
1 8
1 9
1 10
1 11
1 12
1 13
1 14
1 15
1 16
1 17
1 18
1 19
1 20
1 21
1 22
1 23
1 24
1 25
1 26
1 27
1 28
1 29
1 30
1 31
1 32
1 33
1 34
1 35
1 36
1 37
1 38
1 39
1 40
1 41
1 42
1 43
1 44
1 45
1 46
1 47
1 48
1 49
1 50
2 51
2 52
2 53
2 54
3 55
3 56
3 57
3 58
4 192
4 193
5 375
5 382
6 78
7 78
8 324
8 389
9 389
9 445
10 270
10 588
11 214
12 57
12 78
12 208
12 214
12 389
12 392
12 592
13 600
14 190
15 56
15 78
15 446
15 447
15 485
15 649
16 78
16 214
16 650
16 651
17 51
17 485
18 51
18 485
20 78
20 387
22 56
22 77
22 391
23 78
23 282
24 194
24 469
24 831
25 78
25 193
29 194
29 271
29 273
30 291
30 601
30 605
30 810
31 57
31 78
32 854
34 208
35 51
35 78
35 547
35 619
37 51
37 289
37 861
38 289
38 463
38 539
42 78
42 780
42 896
45 469
48 194
48 389
49 78
49 650
49 651
50 324
50 619
51 70
51 72
51 91
51 93
51 97
51 101
51 105
51 115
51 134
51 142
51 143
51 150
51 157
51 158
51 166
51 170
51 243
51 257
51 266
51 293
51 329
51 409
51 450
51 477
51 501
51 507
51 555
51 556
51 557
51 558
51 559
51 560
51 561
51 562
51 563
51 564
51 565
51 566
51 567
51 568
51 569
51 570
51 571
51 572
51 573
51 574
52 112
52 135
52 317
52 521
52 590
52 591
53 666
53 667
54 134
54 157
54 199
54 220
54 319
54 417
54 470
54 513
54 518
54 523
54 796
54 797
54 798
54 799
54 800
54 801
55 59
55 60
56 217
56 242
56 243
56 244
56 245
56 246
57 96
57 102
57 146
57 150
57 184
57 472
57 489
57 503
57 614
57 632
57 633
57 634
57 635
57 636
58 116
58 159
58 431
58 526
58 613
58 699
58 700
58 701
192 349
192 487
192 603
192 604
157 193
193 293
193 297
193 359
193 529
193 629
193 630
193 631
66 375
167 375
212 375
239 375
241 375
311 375
375 376
375 377
375 378
375 379
375 380
375 381
382 410
65 78
78 79
78 80
78 81
78 82
78 83
78 84
78 85
78 86
78 87
78 88
78 89
78 90
78 91
78 92
78 93
78 94
78 95
78 96
78 97
78 98
78 99
78 100
78 101
78 102
78 103
78 104
78 105
78 106
78 107
78 108
78 109
78 110
78 111
78 112
78 113
78 114
78 115
78 116
78 117
78 118
78 119
78 120
78 121
78 122
78 123
78 124
78 125
78 126
78 127
78 128
78 129
78 130
78 131
78 132
78 133
78 134
78 135
78 136
78 137
78 138
78 139
78 140
78 141
78 142
78 143
78 144
78 145
78 146
78 147
78 148
78 149
78 150
78 151
78 152
78 153
78 154
78 155
78 156
78 157
78 158
78 159
78 160
78 161
78 162
78 163
78 164
78 165
78 166
78 167
78 168
78 169
78 170
78 171
78 172
78 173
78 174
78 175
78 176
78 177
78 178
78 179
78 180
78 181
78 182
78 183
78 184
78 185
78 186
78 187
78 188
82 324
91 324
109 324
324 325
324 326
324 327
324 328
324 329
324 330
324 331
324 332
324 333
99 389
138 389
210 389
211 389
217 389
218 389
266 389
328 389
367 389
389 419
389 420
389 421
389 422
389 423
389 424
389 425
389 426
389 427
389 428
389 429
389 430
389 431
266 445
445 712
445 941
445 981
92 270
249 270
269 270
270 274
270 275
270 276
270 277
270 278
270 279
270 280
270 281
254 588
404 588
588 741
588 982
588 983
588 984
94 214
120 214
214 215
214 216
214 217
214 218
214 219
214 220
214 221
214 222
214 223
214 224
214 225
214 226
214 227
214 228
214 229
214 230
214 231
214 232
214 233
214 234
214 235
214 236
214 237
214 238
214 239
214 240
214 241
82 208
208 209
208 210
208 211
208 212
208 213
96 392
103 392
392 393
392 394
392 395
392 396
288 592
409 592
453 592
566 592
584 592
592 628
592 852
592 866
592 889
592 939
592 940
592 941
592 942
592 943
592 944
592 945
592 946
592 947
592 948
592 949
592 950
592 951
592 952
167 600
333 600
370 600
491 600
600 802
600 803
600 804
600 805
600 806
600 807
600 808
72 190
80 190
190 201
190 248
190 249
190 250
190 251
190 252
190 253
190 254
190 255
190 256
190 257
190 258
190 259
190 260
190 261
190 262
96 446
97 446
109 446
150 446
162 446
303 446
367 446
394 446
435 446
446 471
446 503
446 509
446 760
446 782
446 864
446 865
446 866
446 867
446 868
446 869
244 447
246 447
329 447
423 447
447 448
447 449
447 450
447 451
447 452
447 453
447 454
447 455
447 456
447 457
447 458
447 459
447 460
447 461
72 485
102 485
108 485
109 485
115 485
139 485
144 485
153 485
157 485
161 485
183 485
206 485
222 485
229 485
235 485
237 485
287 485
299 485
328 485
330 485
336 485
369 485
372 485
374 485
396 485
422 485
434 485
436 485
438 485
444 485
461 485
485 486
485 487
485 488
485 489
485 490
485 491
485 492
485 493
485 494
485 495
485 496
485 497
485 498
485 499
485 500
485 501
485 502
485 503
485 504
485 505
485 506
485 507
485 508
485 509
485 510
485 511
485 512
485 513
485 514
485 515
485 516
485 517
485 518
485 519
485 520
485 521
485 522
485 523
485 524
485 525
485 526
485 527
485 528
485 529
485 530
485 531
485 532
485 533
485 534
485 535
485 536
485 537
485 538
65 649
168 649
172 649
369 649
425 649
431 649
517 649
556 649
609 649
649 699
649 748
649 901
649 902
147 650
455 650
650 826
650 827
650 828
330 651
450 651
651 679
651 712
651 911
104 387
206 387
216 387
367 387
368 387
387 433
387 434
387 435
387 436
387 437
387 438
387 439
387 440
387 441
387 442
387 443
387 444
62 77
77 84
77 88
77 92
77 290
77 292
77 293
77 294
77 295
77 296
77 297
77 298
77 299
77 300
217 391
266 391
391 829
81 282
282 283
282 284
282 285
282 286
282 287
282 288
63 194
72 194
117 194
132 194
194 195
194 196
194 197
194 198
194 199
194 200
194 201
194 202
194 203
194 204
194 205
194 206
194 207
67 469
71 469
198 469
262 469
276 469
317 469
417 469
469 470
469 471
469 472
469 473
469 474
469 475
469 476
469 477
469 478
469 479
469 480
469 481
469 482
125 831
145 831
395 831
424 831
831 832
75 271
82 271
83 271
91 271
102 271
172 271
184 271
185 271
216 271
217 271
220 271
233 271
269 271
271 290
271 365
271 366
271 367
271 368
271 369
271 370
271 371
271 372
271 373
271 374
82 273
99 273
238 273
265 273
269 273
273 374
273 416
273 560
273 975
273 976
150 291
187 291
290 291
291 368
291 413
291 440
291 460
291 475
291 553
291 556
291 560
291 796
291 856
291 857
291 858
291 859
420 601
500 601
566 601
601 626
601 627
601 628
108 605
114 605
146 605
342 605
368 605
374 605
437 605
473 605
478 605
502 605
518 605
605 606
605 607
605 608
605 609
605 610
607 810
809 810
810 811
810 812
151 547
218 547
331 547
547 548
547 549
547 550
547 551
547 552
547 553
547 554
150 619
154 619
237 619
538 619
612 619
619 635
619 904
81 289
119 289
126 289
134 289
137 289
142 289
161 289
196 289
197 289
210 289
251 289
264 289
289 325
289 334
289 335
289 336
289 337
289 338
289 339
289 340
289 341
289 342
289 343
289 344
289 345
289 346
289 347
289 348
289 349
289 350
289 351
289 352
289 353
289 354
289 355
289 356
289 357
289 358
289 359
289 360
289 361
289 362
289 363
143 861
417 861
861 909
861 910
104 463
154 463
168 463
172 463
222 463
288 463
326 463
370 463
435 463
448 463
450 463
463 498
463 503
463 557
463 586
463 609
463 647
463 750
463 751
463 752
463 753
463 754
463 755
463 756
463 757
463 758
463 759
463 760
463 761
463 762
463 763
463 764
463 765
463 766
463 767
463 768
70 539
101 539
266 539
351 539
431 539
489 539
539 540
539 541
539 542
539 543
539 544
539 545
539 546
437 780
532 780
756 780
780 964
780 965
780 966
780 967
780 968
754 896
896 897
61 70
61 72
72 364
72 933
93 189
115 467
115 468
115 702
143 263
143 467
143 895
150 467
157 399
158 467
158 862
170 895
243 870
257 655
189 266
266 870
399 409
467 507
507 676
364 556
557 813
558 815
558 816
559 838
560 895
364 563
566 621
390 567
570 602
112 191
112 263
112 467
135 263
315 317
317 483
317 484
390 591
666 668
315 319
319 589
414 417
797 908
483 799
799 916
217 390
242 247
246 676
390 503
611 614
614 863
116 189
116 364
116 714
159 676
159 870
526 698
611 613
364 701
686 701
61 62
61 63
61 64
61 65
61 66
61 67
61 68
61 69
61 71
61 73
61 74
61 75
61 76
67 414
71 719
71 895
75 411
394 414
413 414
414 415
414 416
414 418
167 719
719 720
719 721
624 895
107 364
110 364
131 364
325 364
364 427
364 538
364 678
364 978
364 980
364 986
857 933
933 960
204 411
249 411
311 411
312 411
370 411
411 415
411 784
411 790
411 957
411 958
411 959
92 384
92 464
92 465
292 733
300 465
300 702
79 189
80 191
87 263
89 412
90 432
99 467
103 191
103 467
104 637
106 468
106 652
107 247
107 462
107 676
107 677
110 467
110 702
114 483
118 670
118 793
121 830
122 189
124 464
125 263
125 833
126 191
127 837
128 676
130 653
130 849
131 855
137 191
137 819
137 862
139 191
139 816
139 886
148 263
149 905
153 670
160 483
169 467
173 769
173 935
173 936
174 652
182 677
189 218
189 225
189 264
189 265
189 267
189 268
191 342
191 353
191 642
191 876
191 877
191 878
191 879
191 880
191 881
191 882
191 883
191 884
191 885
248 263
263 281
263 397
263 398
412 835
383 384
384 385
384 386
218 464
464 575
465 912
419 467
467 512
467 709
467 710
467 711
467 712
467 713
328 637
378 637
505 637
637 791
637 792
419 468
457 468
468 493
468 552
468 554
468 581
468 755
468 794
468 795
310 652
491 652
552 652
554 652
585 652
652 678
652 746
652 747
652 748
652 749
216 247
228 247
247 284
247 436
247 582
247 708
327 462
332 462
433 462
436 462
440 462
441 462
448 462
462 493
462 506
462 511
462 576
462 577
462 578
462 579
462 580
462 581
462 582
462 583
462 584
462 585
462 586
462 587
222 676
327 676
502 676
676 678
676 679
676 680
676 681
676 682
676 683
676 684
481 677
578 677
598 677
677 758
677 787
677 788
677 789
677 790
339 702
381 702
506 702
516 702
582 702
609 702
702 720
702 737
702 738
702 739
702 740
702 741
702 742
702 743
702 744
702 745
222 483
396 483
483 715
483 917
483 918
483 919
201 714
369 714
714 715
714 716
714 717
669 670
670 671
670 672
670 673
670 674
670 675
793 921
793 922
793 923
342 833
604 833
833 834
833 835
833 836
211 837
617 837
648 837
712 837
754 837
837 843
837 844
653 654
849 903
855 900
424 819
499 819
819 941
819 973
819 974
862 934
360 886
399 400
399 401
399 402
399 403
399 404
399 405
399 406
399 407
399 408
543 870
870 871
370 769
690 769
761 769
769 783
201 323
251 638
253 323
258 315
638 642
863 882
487 602
603 875
529 698
198 302
202 770
301 302
302 303
302 304
302 305
302 306
302 307
302 308
302 309
302 310
302 311
302 312
302 313
302 314
316 323
323 428
323 657
323 820
323 821
323 822
323 823
323 824
323 825
494 770
510 770
770 771
770 772
770 773
770 774
770 775
216 388
222 698
222 814
224 621
227 685
227 853
230 602
230 685
233 839
235 643
238 602
309 388
369 388
388 731
388 788
388 978
388 979
388 980
390 452
390 473
390 530
390 722
390 723
390 724
390 725
435 698
698 763
698 781
698 782
698 783
698 784
698 785
698 786
543 621
621 622
621 623
621 624
621 625
327 685
331 685
491 685
685 757
685 808
685 851
685 852
303 602
457 602
491 602
602 616
602 689
602 690
602 691
602 692
602 693
602 694
602 695
602 696
602 697
379 839
839 840
839 841
839 842
283 643
286 643
288 643
444 643
579 643
643 644
643 645
643 646
643 647
643 648
278 638
638 639
638 640
638 641
337 655
655 656
655 657
655 658
655 659
655 660
655 661
655 662
655 663
655 664
655 665
315 316
315 318
315 320
315 321
315 322
269 272
272 873
366 907
369 686
369 887
370 686
873 920
285 593
286 938
303 593
433 593
435 593
459 593
593 594
593 595
593 596
593 597
593 598
593 599
335 466
356 906
440 726
733 734
303 875
307 466
307 686
307 726
309 726
874 875
466 985
434 686
586 686
686 932
586 726
726 727
726 728
726 729
726 730
726 731
726 732
589 776
589 777
589 778
589 779
332 736
580 736
735 736
736 737
869 887
887 888
887 889
887 890
887 891
887 892
887 893
887 894
381 961
421 620
471 687
471 688
581 872
754 915
763 972
480 718
687 898
687 899
527 688
688 953
688 954
688 955
688 956
715 718
718 811
718 914
718 977
499 817
499 818
502 872
534 971
806 963
611 616
611 612
611 615
611 617
611 618
661 863
863 924
863 925
863 926
863 927
863 928
863 929
863 930
863 931
827 860
656 703
703 704
703 705
703 706
703 707
668 845
668 846
668 847
668 848
783 937
738 850
716 962
962 987
913 914
937 969
937 970
