1 2
1 3
1 4
2 454
3 10
3 25
3 37
3 67
3 94
3 117
3 129
3 178
3 188
3 224
3 256
3 261
3 333
3 377
3 378
3 433
3 513
3 520
3 545
3 643
3 662
3 684
3 686
3 758
4 16
4 18
4 19
4 24
4 25
4 26
4 34
4 35
4 38
4 55
4 56
4 70
4 71
4 92
4 94
4 111
4 114
4 138
4 156
4 160
4 257
4 286
4 367
4 378
4 387
4 416
4 434
4 476
4 514
4 582
4 684
4 713
4 745
4 887
4 926
24 454
89 454
129 454
169 454
219 454
221 454
261 454
369 454
378 454
454 476
454 650
5 10
10 25
10 35
10 38
10 43
10 71
10 74
10 86
10 106
10 117
10 143
10 158
10 172
10 177
10 260
10 271
10 304
10 331
10 355
10 366
10 420
10 434
10 486
10 501
10 559
10 725
10 726
10 727
7 25
9 25
11 25
17 25
22 25
23 25
25 26
25 28
25 29
25 31
25 32
25 34
25 36
25 37
25 39
25 41
25 43
25 47
25 51
25 55
25 56
25 57
25 58
25 64
25 65
25 70
25 71
25 74
25 75
25 83
25 85
25 86
25 89
25 92
25 93
25 111
25 117
25 121
25 123
25 124
25 129
25 130
25 134
25 143
25 159
25 160
25 177
25 179
25 189
25 192
25 197
25 199
25 213
25 216
25 219
25 239
25 248
25 257
25 261
25 263
25 265
25 267
25 286
25 295
25 297
25 314
25 315
25 317
25 329
25 350
25 355
25 374
25 376
25 377
25 378
25 403
25 413
25 418
25 425
25 433
25 439
25 460
25 465
25 475
25 476
25 477
25 478
25 495
25 511
25 538
25 539
25 545
25 550
25 553
25 565
25 575
25 578
25 585
25 587
25 603
25 610
25 651
25 657
25 663
25 666
25 678
25 685
25 686
25 718
25 719
25 727
25 753
25 760
25 761
25 762
25 763
25 764
25 765
25 766
25 767
25 768
19 37
22 37
26 37
27 37
33 37
35 37
37 38
37 42
37 47
37 57
37 58
37 70
37 71
37 72
37 74
37 76
37 82
37 85
37 92
37 96
37 117
37 132
37 138
37 153
37 162
37 164
37 172
37 180
37 213
37 219
37 223
37 250
37 257
37 263
37 285
37 295
37 297
37 333
37 351
37 374
37 376
37 378
37 423
37 460
37 486
37 508
37 519
37 528
37 543
37 554
37 565
37 573
37 579
37 605
37 624
37 633
37 652
37 659
37 719
37 751
37 757
37 774
37 796
36 67
44 67
34 94
47 94
54 94
55 94
74 94
84 94
85 94
94 112
94 125
94 129
94 154
94 156
94 179
94 208
94 230
94 284
94 294
94 376
94 433
94 497
94 532
94 892
9 117
11 117
22 117
31 117
34 117
35 117
36 117
38 117
39 117
41 117
43 117
47 117
51 117
54 117
55 117
57 117
70 117
71 117
74 117
82 117
85 117
92 117
106 117
110 117
117 124
117 138
117 160
117 178
117 192
117 197
117 198
117 219
117 225
117 227
117 246
117 257
117 258
117 285
117 305
117 307
117 313
117 314
117 324
117 331
117 332
117 334
117 360
117 362
117 366
117 383
117 391
117 402
117 407
117 409
117 423
117 517
117 523
117 550
117 579
117 605
117 611
117 666
117 684
117 692
117 701
117 707
117 708
117 719
117 777
117 818
117 837
117 854
117 855
117 877
117 881
19 129
20 129
22 129
26 129
27 129
29 129
41 129
47 129
61 129
68 129
70 129
71 129
74 129
75 129
82 129
92 129
111 129
121 129
126 129
129 141
129 142
129 143
129 156
129 157
129 158
129 160
129 179
129 186
129 192
129 197
129 209
129 219
129 250
129 254
129 257
129 267
129 269
129 273
129 276
129 294
129 297
129 308
129 314
129 328
129 356
129 413
129 416
129 433
129 438
129 477
129 485
129 490
129 521
129 530
129 537
129 571
129 615
129 670
129 681
129 693
129 701
129 707
129 709
129 739
129 802
129 858
129 875
17 178
28 178
31 178
47 178
55 178
56 178
62 178
71 178
85 178
121 178
175 178
178 192
178 216
178 436
178 695
17 188
29 188
85 188
136 188
188 238
188 391
188 406
26 224
29 224
32 224
71 224
87 224
111 224
154 224
160 224
222 224
224 227
224 257
224 291
224 313
224 509
224 641
224 642
250 256
24 261
56 261
68 261
70 261
71 261
86 261
250 261
261 362
261 388
261 405
261 670
261 905
17 333
26 333
31 333
36 333
41 333
48 333
71 333
74 333
86 333
156 333
157 333
160 333
175 333
191 333
208 333
215 333
259 333
331 333
333 412
333 428
333 476
333 527
333 558
333 568
333 640
26 377
55 377
86 377
91 377
92 377
124 377
142 377
162 377
191 377
192 377
342 377
361 377
377 427
377 432
377 461
377 476
377 716
377 751
377 793
377 813
377 814
9 378
19 378
21 378
26 378
27 378
36 378
43 378
47 378
57 378
70 378
71 378
74 378
123 378
142 378
152 378
156 378
160 378
162 378
191 378
192 378
236 378
237 378
257 378
260 378
283 378
285 378
297 378
361 378
378 396
378 407
378 414
378 417
378 465
378 500
378 545
378 629
378 682
378 738
378 833
378 834
378 835
378 836
16 433
24 433
39 433
89 433
92 433
111 433
116 433
153 433
157 433
168 433
186 433
209 433
328 433
393 433
433 464
433 501
433 598
433 696
433 706
433 780
433 810
18 513
114 513
255 513
512 513
513 596
513 726
513 762
513 822
16 520
254 520
306 520
414 520
520 521
32 545
41 545
43 545
71 545
74 545
158 545
192 545
283 545
297 545
468 545
545 572
545 663
545 673
545 910
545 914
545 918
289 643
92 662
255 662
324 662
330 662
9 684
26 684
27 684
62 684
63 684
111 684
121 684
125 684
156 684
177 684
179 684
190 684
292 684
335 684
460 684
461 684
464 684
684 844
684 885
11 686
22 686
26 686
39 686
56 686
68 686
71 686
92 686
192 686
197 686
351 686
391 686
478 686
500 686
514 686
575 686
666 686
686 687
15 16
16 20
16 22
16 35
16 47
16 70
16 82
16 92
16 111
16 121
16 202
16 320
16 330
16 376
16 413
16 423
16 509
16 590
11 18
15 18
18 24
18 41
18 57
18 70
18 158
18 162
18 177
18 192
18 255
18 281
18 328
18 338
18 343
18 404
18 514
18 663
18 766
15 19
19 22
19 24
19 26
19 29
19 31
19 42
19 44
19 70
19 71
19 75
19 85
19 92
19 112
19 121
19 143
19 179
19 288
19 320
19 390
19 399
19 415
19 436
19 573
19 839
11 24
22 24
23 24
24 27
24 29
24 34
24 35
24 36
24 38
24 39
24 43
24 44
24 47
24 55
24 57
24 58
24 70
24 79
24 85
24 111
24 121
24 124
24 157
24 158
24 159
24 160
24 168
24 169
24 171
24 172
24 177
24 180
24 189
24 191
24 194
24 196
24 199
24 225
24 227
24 233
24 234
24 239
24 244
24 248
24 249
24 250
24 257
24 258
24 260
24 263
24 297
24 314
24 328
24 339
24 361
24 364
24 380
24 383
24 384
24 393
24 407
24 421
24 422
24 423
24 424
24 425
24 426
24 427
24 428
24 429
24 430
24 431
24 432
24 434
24 435
24 436
24 437
24 438
24 439
24 440
24 441
24 442
24 443
24 444
24 445
24 446
24 447
24 448
24 449
24 450
24 451
24 452
24 453
7 26
9 26
22 26
23 26
26 29
26 34
26 35
26 36
26 38
26 39
26 41
26 44
26 47
26 51
26 54
26 55
26 56
26 57
26 58
26 59
26 68
26 70
26 71
26 74
26 83
26 85
26 90
26 92
26 108
26 110
26 111
26 121
26 138
26 145
26 152
26 156
26 157
26 158
26 162
26 166
26 191
26 192
26 193
26 204
26 213
26 219
26 221
26 223
26 225
26 231
26 239
26 243
26 244
26 247
26 250
26 254
26 255
26 257
26 263
26 285
26 293
26 294
26 297
26 300
26 318
26 327
26 336
26 348
26 350
26 355
26 361
26 362
26 372
26 375
26 396
26 397
26 407
26 416
26 451
26 465
26 471
26 488
26 499
26 539
26 543
26 565
26 571
26 655
26 663
26 665
26 696
26 731
26 742
26 805
26 810
26 834
26 846
26 852
26 853
26 854
9 34
22 34
29 34
31 34
33 34
34 36
34 38
34 43
34 55
34 68
34 71
34 74
34 82
34 85
34 92
34 106
34 108
34 133
34 141
34 142
34 143
34 148
34 152
34 156
34 159
34 160
34 172
34 177
34 192
34 200
34 204
34 222
34 225
34 248
34 254
34 255
34 257
34 277
34 280
34 281
34 282
34 283
34 284
34 285
34 286
34 287
34 288
34 289
34 290
34 291
34 292
34 293
34 294
34 295
34 296
34 297
34 298
34 299
34 300
34 301
34 302
34 303
34 304
34 305
34 306
34 307
34 308
34 309
27 35
33 35
35 39
35 41
35 44
35 56
35 68
35 71
35 74
35 78
35 82
35 92
35 106
35 132
35 180
35 186
35 192
35 193
35 254
35 257
35 330
35 341
35 376
35 432
35 524
35 528
35 529
35 530
35 531
35 532
35 533
11 38
33 38
36 38
38 43
38 44
38 47
38 55
38 63
38 70
38 93
38 111
38 125
38 146
38 156
38 185
38 257
38 318
38 366
38 391
38 447
38 473
38 500
38 519
38 669
9 55
11 55
17 55
31 55
39 55
41 55
43 55
44 55
47 55
48 55
51 55
55 57
55 58
55 61
55 70
55 71
55 74
55 90
55 92
55 107
55 111
55 138
55 162
55 179
55 204
55 226
55 239
55 250
55 254
55 255
55 257
55 260
55 268
55 285
55 305
55 308
55 314
55 434
55 436
55 449
55 466
55 514
55 539
55 554
55 567
55 577
55 597
55 651
55 667
55 696
55 726
55 830
20 56
27 56
29 56
32 56
44 56
47 56
56 57
56 70
56 71
56 74
56 89
56 92
56 121
56 143
56 146
56 152
56 169
56 179
56 180
56 202
56 218
56 225
56 246
56 257
56 260
56 269
56 313
56 328
56 334
56 343
56 367
56 392
56 413
56 416
56 468
56 487
56 498
56 524
56 541
56 543
56 556
56 562
56 565
56 597
56 600
56 607
56 636
56 642
56 711
56 762
56 835
56 840
9 70
17 70
27 70
29 70
36 70
39 70
41 70
44 70
47 70
57 70
62 70
63 70
68 70
70 71
70 77
70 82
70 85
70 92
70 105
70 111
70 114
70 121
70 138
70 140
70 147
70 153
70 156
70 158
70 160
70 165
70 169
70 172
70 197
70 199
70 214
70 215
70 216
70 218
70 225
70 245
70 254
70 260
70 262
70 272
70 285
70 292
70 295
70 307
70 340
70 356
70 374
70 397
70 407
70 416
70 460
70 485
70 491
70 500
70 509
70 514
70 528
70 531
70 543
70 577
70 595
70 615
70 638
70 780
70 781
70 809
70 811
70 838
70 841
70 904
70 923
70 926
9 71
22 71
28 71
29 71
31 71
36 71
41 71
43 71
44 71
47 71
57 71
58 71
62 71
71 72
71 74
71 85
71 92
71 106
71 111
71 121
71 125
71 126
71 136
71 138
71 152
71 157
71 158
71 160
71 179
71 192
71 202
71 209
71 233
71 238
71 240
71 245
71 246
71 250
71 257
71 260
71 274
71 278
71 285
71 295
71 315
71 326
71 346
71 366
71 370
71 372
71 376
71 389
71 396
71 413
71 428
71 461
71 464
71 465
71 472
71 476
71 490
71 491
71 499
71 524
71 537
71 539
71 542
71 543
71 553
71 566
71 576
71 599
71 614
71 651
71 654
71 708
71 709
71 745
71 746
71 813
71 822
71 831
7 92
9 92
17 92
22 92
27 92
28 92
29 92
36 92
39 92
41 92
43 92
47 92
54 92
57 92
61 92
72 92
74 92
83 92
86 92
92 102
92 110
92 111
92 114
92 121
92 125
92 127
92 128
92 137
92 152
92 156
92 158
92 160
92 162
92 180
92 189
92 192
92 196
92 197
92 202
92 215
92 227
92 232
92 235
92 239
92 250
92 251
92 255
92 257
92 263
92 272
92 276
92 302
92 340
92 376
92 385
92 413
92 438
92 441
92 465
92 531
92 541
92 551
92 570
92 571
92 575
92 581
92 586
92 587
92 594
92 606
92 608
92 622
92 630
92 638
92 642
92 696
92 728
92 752
92 765
92 766
92 801
92 852
92 869
92 904
92 918
9 111
14 111
21 111
27 111
36 111
43 111
47 111
57 111
61 111
74 111
85 111
89 111
106 111
110 111
111 118
111 121
111 134
111 138
111 142
111 152
111 159
111 160
111 162
111 171
111 180
111 186
111 192
111 208
111 219
111 255
111 257
111 258
111 263
111 293
111 356
111 389
111 414
111 438
111 478
111 508
111 514
111 529
111 543
111 553
111 579
111 594
111 682
111 732
111 741
111 742
111 743
111 744
111 745
111 746
111 747
111 748
111 749
111 750
20 114
22 114
29 114
43 114
57 114
74 114
86 114
106 114
114 143
114 152
114 294
114 580
114 588
114 703
17 138
22 138
32 138
43 138
47 138
68 138
121 138
124 138
134 138
135 138
138 143
138 156
138 157
138 167
138 174
138 177
138 192
138 216
138 250
138 257
138 317
138 351
138 407
138 436
138 510
138 533
138 554
138 588
138 595
138 604
138 608
138 620
138 657
138 689
138 736
138 766
138 805
138 812
138 882
138 912
9 156
17 156
22 156
36 156
39 156
43 156
47 156
50 156
51 156
87 156
89 156
108 156
112 156
121 156
143 156
147 156
149 156
152 156
156 160
156 162
156 171
156 173
156 177
156 186
156 192
156 221
156 227
156 242
156 254
156 255
156 263
156 284
156 297
156 298
156 300
156 313
156 327
156 362
156 366
156 413
156 443
156 445
156 449
156 508
156 518
156 531
156 554
156 565
156 601
156 658
156 718
156 741
156 822
156 831
156 836
27 160
28 160
29 160
31 160
43 160
74 160
107 160
121 160
124 160
132 160
143 160
160 162
160 167
160 186
160 192
160 208
160 221
160 239
160 254
160 267
160 328
160 362
160 371
160 373
160 417
160 438
160 500
160 556
160 565
160 586
160 594
160 711
160 755
160 760
160 766
160 796
160 805
160 812
160 878
160 893
14 257
20 257
21 257
28 257
39 257
47 257
58 257
66 257
74 257
99 257
104 257
110 257
120 257
121 257
124 257
143 257
146 257
152 257
153 257
157 257
162 257
169 257
186 257
194 257
196 257
207 257
219 257
225 257
250 257
255 257
257 278
257 280
257 294
257 314
257 315
257 324
257 328
257 340
257 355
257 356
257 361
257 362
257 363
257 374
257 396
257 399
257 413
257 414
257 416
257 438
257 446
257 449
257 450
257 465
257 500
257 508
257 542
257 543
257 554
257 556
257 575
257 630
257 635
257 661
257 666
257 698
257 723
257 727
257 729
257 736
257 748
257 810
257 832
257 846
257 865
257 870
58 286
62 286
143 286
172 286
286 331
286 355
41 367
225 367
311 367
328 367
367 368
367 369
367 370
367 371
157 387
208 387
316 387
387 785
29 416
31 416
124 416
142 416
158 416
214 416
232 416
285 416
314 416
416 465
416 528
416 559
416 736
416 773
39 434
121 434
195 434
375 434
391 434
434 476
434 642
434 804
28 476
47 476
48 476
57 476
72 476
74 476
170 476
179 476
192 476
196 476
202 476
208 476
320 476
397 476
403 476
476 777
145 514
219 514
255 514
284 514
297 514
328 514
362 514
512 514
514 730
514 855
41 582
521 713
712 713
294 745
887 888
5 6
5 7
5 8
5 9
5 11
5 12
7 47
7 61
7 158
7 159
7 202
7 219
7 362
7 475
7 523
7 565
7 571
7 584
9 29
9 31
9 41
9 47
9 53
9 59
9 74
9 76
9 85
9 86
9 89
9 119
9 121
9 127
9 142
9 143
9 153
9 157
9 158
9 159
9 162
9 177
9 179
9 183
9 198
9 204
9 215
9 216
9 221
9 222
9 230
9 265
9 269
9 297
9 313
9 314
9 315
9 316
9 324
9 356
9 365
9 393
9 407
9 412
9 413
9 436
9 449
9 465
9 493
9 517
9 524
9 527
9 543
9 563
9 571
9 578
9 602
9 611
9 612
9 621
9 697
9 699
9 700
9 701
9 702
9 703
9 704
9 705
9 706
11 15
11 39
11 41
11 58
11 85
11 121
11 143
11 158
11 165
11 193
11 197
11 215
11 285
11 335
11 356
11 395
11 441
11 495
11 626
11 773
12 74
20 47
22 47
27 47
28 47
29 47
36 47
43 47
44 47
47 58
47 62
47 68
47 69
47 74
47 85
47 89
47 121
47 124
47 127
47 153
47 157
47 159
47 169
47 172
47 179
47 193
47 201
47 225
47 226
47 227
47 235
47 255
47 285
47 288
47 295
47 296
47 302
47 355
47 356
47 385
47 396
47 397
47 400
47 441
47 449
47 460
47 464
47 467
47 468
47 469
47 470
47 471
47 472
47 473
47 474
47 475
47 477
47 478
47 479
47 480
47 481
47 482
47 483
47 484
47 485
47 486
47 487
47 488
47 489
47 490
17 61
27 61
36 61
43 61
44 61
61 219
61 356
61 405
61 688
61 693
61 739
61 755
61 768
22 158
36 158
49 158
74 158
75 158
149 158
158 162
158 172
158 184
158 186
158 187
158 191
158 232
158 260
158 282
158 293
158 316
158 337
158 391
158 436
158 497
158 498
158 500
158 523
158 573
158 584
158 621
158 631
158 736
158 894
158 922
20 159
27 159
43 159
63 159
85 159
107 159
159 167
159 208
159 232
159 253
159 285
159 314
159 316
159 414
159 443
159 529
159 542
159 556
159 603
159 674
159 706
159 716
159 720
85 202
202 314
202 543
202 821
43 219
151 219
180 219
206 219
218 219
219 325
219 351
219 366
219 407
219 410
219 430
219 436
219 478
219 499
219 637
219 642
219 739
219 860
48 362
121 362
124 362
239 362
315 362
362 500
362 618
362 801
362 807
362 892
36 475
155 475
165 475
408 475
475 615
27 523
523 524
523 525
22 565
141 565
143 565
186 565
206 565
295 565
508 565
531 565
565 706
565 724
565 740
57 571
68 571
121 571
196 571
465 571
491 571
543 571
570 571
571 754
571 877
22 29
23 29
29 39
29 41
29 43
29 44
29 57
29 74
29 85
29 89
29 121
29 153
29 162
29 172
29 186
29 192
29 213
29 239
29 240
29 250
29 263
29 293
29 295
29 297
29 313
29 319
29 357
29 382
29 383
29 413
29 460
29 528
29 541
29 566
29 579
29 640
29 644
29 657
29 698
29 722
29 733
29 782
29 803
29 806
29 832
27 31
30 31
31 36
31 39
31 41
31 43
31 50
31 54
31 73
31 74
31 99
31 152
31 205
31 233
31 236
31 255
31 258
31 285
31 304
31 410
31 411
31 412
31 413
31 414
31 415
22 41
32 41
39 41
40 41
41 54
41 57
41 66
41 74
41 75
41 85
41 113
41 121
41 143
41 192
41 198
41 216
41 239
41 269
41 293
41 313
41 383
41 407
41 420
41 441
41 471
41 481
41 573
41 574
41 575
41 576
41 577
41 578
41 579
41 580
41 581
41 583
27 53
44 53
44 59
17 74
22 74
27 74
36 74
39 74
44 74
46 74
57 74
58 74
63 74
68 74
74 85
74 89
74 96
74 106
74 121
74 135
74 141
74 152
74 165
74 179
74 186
74 192
74 196
74 213
74 215
74 216
74 227
74 233
74 245
74 246
74 247
74 249
74 255
74 260
74 285
74 290
74 300
74 303
74 313
74 315
74 320
74 328
74 330
74 332
74 334
74 342
74 356
74 361
74 366
74 383
74 391
74 400
74 407
74 414
74 436
74 441
74 489
74 492
74 560
74 588
74 640
74 646
74 663
74 670
74 677
74 681
74 707
74 734
74 800
74 814
74 831
74 842
74 849
74 856
74 861
74 872
74 899
74 915
74 923
39 76
27 85
39 85
43 85
58 85
63 85
68 85
83 85
85 100
85 121
85 123
85 136
85 162
85 171
85 172
85 173
85 174
85 175
85 176
85 177
85 179
85 180
85 181
85 182
85 183
85 184
85 185
85 186
85 187
85 189
85 190
85 191
85 192
85 193
85 194
85 195
85 196
85 197
85 198
85 199
85 200
85 201
85 203
85 204
85 205
85 206
85 207
85 208
85 209
85 210
85 211
22 86
28 86
43 86
83 86
86 96
86 143
86 163
86 191
86 285
86 297
86 385
86 457
86 458
86 459
86 460
86 461
86 462
58 89
82 89
83 89
89 192
89 221
89 244
89 295
89 300
89 314
89 451
89 608
89 638
89 689
89 692
106 119
119 204
119 501
22 121
28 121
36 121
39 121
57 121
68 121
81 121
88 121
106 121
121 127
121 130
121 141
121 143
121 154
121 162
121 164
121 169
121 177
121 179
121 186
121 192
121 196
121 232
121 244
121 258
121 271
121 273
121 274
121 290
121 297
121 307
121 315
121 316
121 328
121 334
121 353
121 365
121 366
121 375
121 383
121 391
121 397
121 407
121 420
121 441
121 449
121 462
121 519
121 529
121 537
121 557
121 575
121 586
121 629
121 649
121 653
121 707
121 735
121 736
121 742
121 869
121 891
121 906
121 918
126 127
127 404
127 405
127 406
127 407
127 408
39 142
66 142
72 142
140 142
142 147
142 255
142 356
142 361
142 438
142 727
142 772
22 143
27 143
36 143
39 143
62 143
82 143
124 143
128 143
140 143
143 172
143 176
143 190
143 216
143 228
143 239
143 240
143 299
143 335
143 355
143 358
143 409
143 505
143 531
143 542
143 621
143 765
143 784
143 830
143 845
143 871
143 872
28 153
39 153
57 153
149 153
152 153
153 165
153 179
153 191
153 240
153 248
153 254
153 259
153 413
153 439
153 491
153 607
153 611
153 700
153 767
153 783
153 799
17 157
36 157
39 157
68 157
128 157
149 157
152 157
157 162
157 169
157 186
157 190
157 206
157 208
157 215
157 222
157 250
157 263
157 285
157 295
157 297
157 304
157 355
157 417
157 428
157 441
157 469
157 474
157 499
157 529
157 602
157 604
157 700
157 817
20 162
22 162
27 162
43 162
62 162
69 162
82 162
161 162
162 180
162 186
162 199
162 240
162 252
162 254
162 297
162 372
162 373
162 374
162 375
162 376
162 379
162 380
162 381
162 382
162 383
162 384
162 385
162 386
22 177
27 177
28 177
43 177
82 177
177 191
177 221
177 227
177 284
177 297
177 313
177 314
177 426
177 432
177 436
177 439
177 468
177 594
177 676
177 681
177 682
177 683
36 179
39 179
82 179
99 179
133 179
179 184
179 191
179 227
179 255
179 271
179 295
179 379
179 458
179 488
179 491
179 508
179 529
179 550
179 587
179 603
179 621
179 707
179 708
179 709
179 710
179 711
64 183
183 259
183 752
22 198
51 198
93 198
175 198
198 239
198 246
198 275
198 297
198 314
198 420
198 477
198 541
198 669
198 755
43 204
82 204
204 221
204 329
45 215
87 215
191 215
194 215
215 221
215 241
215 263
215 388
215 389
215 390
215 391
215 392
215 393
215 394
215 395
215 396
215 397
22 216
28 216
32 216
36 216
39 216
45 216
194 216
216 285
216 404
216 440
216 511
216 541
216 551
216 556
216 698
216 771
216 886
17 221
28 221
58 221
184 221
186 221
214 221
218 221
221 263
221 281
221 413
221 442
221 556
221 583
221 621
221 671
221 756
221 853
88 222
222 223
222 225
229 230
230 883
165 265
264 265
265 314
265 328
36 269
268 269
269 293
269 412
269 474
269 750
17 297
20 297
36 297
48 297
57 297
72 297
82 297
186 297
225 297
239 297
246 297
259 297
297 301
297 314
297 320
297 323
297 403
297 404
297 413
297 438
297 460
297 491
297 512
297 519
297 589
297 593
297 596
297 633
297 714
297 718
297 737
297 779
297 818
297 837
297 838
297 839
28 313
51 313
82 313
260 313
282 313
285 313
312 313
313 328
313 355
313 397
313 414
313 442
313 560
313 691
313 805
313 882
313 893
36 314
57 314
240 314
255 314
278 314
285 314
312 314
314 438
314 498
314 500
314 803
314 908
314 909
27 315
57 315
98 315
172 315
255 315
315 359
315 360
315 361
315 363
172 316
57 324
172 324
258 324
27 356
36 356
57 356
125 356
135 356
180 356
246 356
271 356
277 356
320 356
355 356
356 366
356 460
356 478
356 529
356 593
356 619
356 645
356 663
356 666
356 667
356 668
356 669
263 365
364 365
365 472
365 807
17 393
43 393
180 393
192 393
285 393
300 393
393 412
393 498
393 539
393 917
259 407
407 465
407 515
407 650
407 723
407 880
36 412
43 412
232 412
259 412
308 412
366 412
412 579
412 658
412 659
14 413
17 413
28 413
51 413
180 413
213 413
246 413
259 413
290 413
413 460
413 468
413 478
413 485
413 531
413 640
413 796
27 436
192 436
255 436
423 436
436 524
436 539
436 551
436 829
436 847
436 850
436 851
17 449
68 449
358 449
42 465
51 465
87 465
180 465
201 465
239 465
248 465
287 465
465 712
465 846
465 911
43 517
271 517
274 517
361 517
517 690
22 524
42 524
57 524
62 524
141 524
169 524
326 524
461 524
495 524
524 601
524 602
524 603
524 604
524 605
22 527
317 527
527 598
527 624
27 543
57 543
79 543
253 543
255 543
260 543
298 543
426 543
488 543
510 543
541 543
543 847
201 578
295 578
193 602
441 602
285 611
39 612
458 612
612 721
100 621
192 621
374 621
408 621
620 621
27 697
39 697
50 697
697 734
697 737
66 699
300 699
180 700
406 700
17 702
22 703
91 706
17 43
22 43
27 43
28 43
39 43
40 43
43 44
43 72
43 99
43 124
43 135
43 141
43 152
43 155
43 169
43 171
43 194
43 200
43 205
43 234
43 250
43 307
43 352
43 355
43 361
43 403
43 486
43 501
43 546
43 715
43 752
43 765
43 779
43 831
43 876
43 920
43 930
39 106
69 106
106 107
106 108
106 109
106 110
106 112
106 113
106 115
106 116
106 118
106 120
106 122
106 123
106 124
106 125
68 172
137 172
152 172
172 191
172 231
172 259
172 284
172 285
172 299
172 317
172 318
172 319
172 320
172 321
172 322
172 323
172 325
104 260
250 260
260 718
260 735
260 803
260 817
108 271
192 271
271 518
271 519
259 304
304 474
304 712
304 762
36 331
51 331
272 331
331 332
331 334
331 335
331 336
331 337
39 355
66 355
68 355
154 355
225 355
228 355
355 357
355 358
36 366
75 366
225 366
364 366
366 376
366 508
366 831
54 420
254 420
419 420
420 539
420 625
17 486
486 734
486 863
192 501
498 501
501 725
51 725
58 725
197 725
294 725
22 727
508 727
727 776
727 890
727 900
15 17
15 20
15 21
15 22
17 39
20 39
21 39
27 39
33 39
39 44
39 57
39 72
39 75
39 97
39 105
39 124
39 131
39 190
39 191
39 217
39 263
39 267
39 268
39 283
39 288
39 300
39 302
39 307
39 354
39 361
39 373
39 374
39 383
39 405
39 438
39 452
39 562
39 596
39 615
39 617
39 623
39 679
39 716
39 718
39 766
39 778
39 786
39 796
39 820
39 858
39 868
39 902
39 918
39 919
39 920
44 58
58 62
58 124
58 169
58 180
58 186
58 293
58 502
58 507
58 516
58 719
58 873
154 165
163 165
165 189
165 233
165 376
186 193
193 248
193 395
20 197
22 197
27 197
62 197
125 197
191 197
192 197
197 267
197 285
197 320
197 334
197 361
197 385
197 884
20 285
51 285
57 285
63 285
110 285
235 285
263 285
285 290
285 294
285 323
285 399
285 462
285 609
285 610
239 335
335 751
57 395
395 792
395 808
14 441
21 441
22 441
439 441
441 691
441 904
274 495
494 495
495 666
495 804
57 626
192 626
626 627
13 14
14 66
44 66
66 186
66 276
66 386
66 489
66 925
17 27
17 36
17 102
17 112
17 124
17 186
17 240
17 246
17 248
17 263
17 295
17 311
17 323
17 328
17 383
17 396
17 464
17 485
17 542
17 557
17 574
17 633
17 637
17 733
17 734
20 180
20 205
20 250
20 428
20 736
20 867
21 130
21 150
21 228
21 288
21 328
21 330
21 375
21 451
22 27
22 36
22 57
22 68
22 88
22 105
22 120
22 124
22 140
22 169
22 186
22 192
22 196
22 220
22 228
22 277
22 293
22 329
22 330
22 340
22 364
22 390
22 414
22 446
22 460
22 498
22 532
22 533
22 553
22 562
22 738
22 752
22 781
22 823
22 885
27 82
80 82
82 112
82 125
82 139
82 273
82 300
82 405
82 605
82 654
82 677
82 832
50 320
320 580
320 817
320 822
254 330
329 330
330 560
330 581
330 603
36 376
288 376
318 376
376 391
376 446
376 515
376 729
28 423
192 423
415 423
423 451
423 588
509 510
294 590
23 27
27 50
27 57
27 91
27 146
27 152
27 192
27 227
27 239
27 240
27 248
27 290
27 342
27 343
27 344
27 347
27 396
27 442
27 533
27 536
27 553
27 580
27 599
27 608
27 739
27 792
27 795
27 809
27 862
33 36
36 54
36 72
36 134
36 140
36 169
36 191
36 192
36 199
36 239
36 272
36 321
36 359
36 361
36 383
36 408
36 460
36 472
36 532
36 533
36 595
36 616
36 736
36 743
36 749
36 766
36 785
36 786
36 787
36 788
36 789
36 790
68 102
101 102
112 124
112 361
112 604
28 124
50 124
57 124
62 124
124 180
124 191
124 225
124 250
124 255
124 290
124 336
124 340
124 364
124 375
124 383
124 414
124 471
124 478
124 605
124 610
124 692
124 712
124 872
72 186
155 186
186 199
186 240
186 255
186 307
186 374
186 421
186 456
186 481
186 485
186 511
186 728
186 731
186 739
186 788
152 240
238 240
240 518
240 615
240 814
245 246
246 334
246 596
246 798
51 248
63 248
247 248
248 249
248 259
248 363
248 405
248 587
248 719
248 766
248 834
248 898
152 263
176 263
244 263
250 263
263 276
263 328
263 591
263 807
263 893
255 295
295 341
295 403
295 593
295 648
295 650
295 812
99 311
310 311
311 369
51 323
171 323
323 539
323 843
206 328
259 328
272 328
280 328
328 843
57 383
62 383
116 383
293 383
383 417
383 428
383 629
383 630
383 691
383 743
383 878
383 892
116 396
175 396
200 396
396 473
396 541
396 597
396 716
396 755
396 786
123 464
192 464
463 464
464 537
164 485
293 485
485 498
485 913
303 542
541 542
234 557
557 869
574 657
57 633
632 633
733 874
44 57
57 63
57 96
57 130
57 132
57 180
57 190
57 192
57 196
57 200
57 201
57 227
57 239
57 258
57 284
57 308
57 358
57 391
57 400
57 500
57 531
57 541
57 547
57 596
57 603
57 645
57 652
57 716
57 810
57 868
32 192
68 192
100 192
152 192
169 192
192 226
192 242
192 255
192 284
192 293
192 300
192 380
192 451
192 550
192 551
192 827
192 876
28 255
32 255
63 255
97 255
187 255
191 255
200 255
210 255
250 255
255 266
255 288
255 347
255 411
255 427
255 456
255 498
255 681
255 687
255 753
255 857
281 361
338 339
176 343
225 343
341 343
343 414
343 693
343 696
343 885
404 629
28 663
62 766
569 766
653 766
40 42
42 44
42 51
42 629
42 819
44 45
44 46
44 48
44 49
44 50
44 51
44 52
44 54
44 60
44 62
44 63
44 64
44 65
44 68
44 69
44 72
44 73
44 75
75 171
75 225
75 321
75 347
288 417
288 531
390 566
234 399
399 400
169 415
415 482
239 573
273 573
431 573
191 839
28 180
73 180
88 180
169 180
180 220
180 225
180 400
180 473
180 499
180 534
180 560
180 774
205 531
205 654
32 250
146 250
250 251
250 252
250 253
250 254
250 258
250 259
250 262
72 428
428 471
428 716
428 717
91 736
169 736
361 736
149 150
226 228
228 511
228 759
32 375
64 375
54 451
141 451
360 451
451 531
451 914
451 924
28 68
68 225
68 234
68 388
68 405
68 646
68 814
68 831
68 896
83 88
88 481
88 503
88 504
51 105
93 105
103 105
120 341
120 445
120 588
140 141
140 144
140 145
140 146
140 147
167 169
169 220
169 254
169 294
169 478
169 587
169 650
169 658
169 803
169 812
96 196
196 502
196 629
152 220
218 220
220 373
220 398
46 277
293 302
293 402
293 447
293 780
293 781
184 329
50 414
60 414
91 414
152 414
368 414
400 414
63 460
28 498
91 498
498 499
498 500
532 649
234 553
391 562
455 562
232 752
752 823
371 781
657 781
781 816
884 885
23 28
28 141
28 166
28 225
28 239
28 363
28 417
28 444
28 469
28 575
28 594
28 667
28 672
28 680
28 769
28 863
28 864
28 865
77 79
167 168
167 171
171 350
50 189
146 189
189 239
189 804
191 239
191 254
191 470
191 496
191 605
191 804
191 829
191 836
194 640
199 809
99 225
174 225
225 272
225 405
225 424
225 478
225 741
225 765
225 827
225 828
225 829
62 227
226 227
227 233
227 481
227 719
227 732
233 234
233 235
233 236
233 237
46 234
234 380
234 474
234 554
234 555
234 556
234 558
125 239
170 239
190 239
235 239
238 239
239 267
239 284
239 361
239 646
239 647
239 648
243 244
247 249
249 284
249 500
249 534
258 461
258 519
361 431
361 735
267 380
307 380
380 818
384 825
422 569
422 585
424 435
51 426
432 791
397 439
439 670
439 759
439 770
254 440
442 652
442 805
146 443
63 445
445 474
209 448
307 453
453 561
30 32
32 51
32 218
32 401
32 490
51 214
51 259
51 397
51 653
51 739
64 921
83 84
83 87
83 90
83 91
84 93
93 272
93 500
93 670
123 544
123 698
134 135
134 136
134 137
212 213
213 731
266 267
267 318
267 588
267 600
350 351
374 478
374 660
374 661
402 403
403 647
181 477
300 477
477 603
477 784
54 478
91 478
351 478
474 478
478 531
478 576
478 695
478 712
478 797
478 819
132 511
538 539
133 539
468 539
488 539
550 551
550 552
575 693
575 694
528 587
587 929
603 882
152 651
72 657
657 807
677 678
530 718
718 802
308 760
690 761
556 767
54 605
108 272
108 273
108 274
110 631
110 652
110 653
145 665
104 152
149 152
152 208
152 259
152 769
152 770
223 325
223 613
223 614
231 232
50 254
254 405
254 462
254 531
254 677
254 740
63 294
170 294
294 300
294 507
300 369
300 508
273 318
318 591
280 327
347 348
372 540
397 740
397 786
488 815
544 731
730 731
731 897
522 805
744 810
128 834
670 852
500 853
408 854
50 274
50 531
50 698
91 564
146 497
146 554
146 879
290 492
341 342
342 534
347 349
307 739
653 739
739 855
60 141
72 141
141 564
363 735
408 469
457 469
594 595
594 596
278 680
200 357
214 541
541 544
405 782
782 783
259 803
381 832
45 99
95 99
490 859
131 133
200 474
200 717
200 799
280 326
282 455
283 586
154 287
287 630
291 664
208 298
301 588
301 878
303 808
306 534
69 307
185 307
307 508
77 78
78 688
78 689
131 132
132 379
482 529
529 576
321 531
63 72
72 144
72 861
72 907
259 272
321 673
259 408
408 783
408 841
408 915
472 629
371 743
386 743
692 787
729 789
95 96
96 482
96 673
163 164
164 889
351 656
207 508
332 508
508 845
137 519
151 554
62 605
623 624
125 259
125 354
125 405
125 613
125 858
190 391
391 881
391 902
500 732
95 97
175 190
154 217
207 268
268 270
373 549
259 405
392 405
405 670
617 618
278 679
556 858
851 858
901 902
274 577
182 583
135 535
116 155
149 155
155 818
831 866
46 278
46 279
48 526
60 144
60 597
62 273
62 279
62 735
62 811
201 729
201 851
208 235
253 385
211 400
208 482
484 717
484 899
212 214
259 369
259 638
259 880
322 597
334 507
182 392
556 811
521 607
252 636
642 783
547 548
273 502
326 507
506 507
273 824
273 900
551 735
147 266
207 245
173 491
638 639
780 804
128 838
126 128
345 346
461 826
708 906
709 927
560 561
588 675
848 849
689 824
80 81
95 100
170 173
174 497
181 264
187 569
207 345
208 892
208 910
104 232
232 674
586 771
149 154
154 505
95 98
103 104
732 882
325 748
750 771
167 170
510 634
661 784
737 845
149 151
151 690
151 723
241 242
601 628
322 337
683 717
710 928
568 569
555 641
548 883
687 895
900 903
592 593
368 522
793 794
916 917
775 776
