1 2
1 3
2 656
3 5
3 9
3 12
3 13
3 21
3 23
3 27
3 29
3 33
3 37
3 39
3 42
3 48
3 52
3 53
3 55
3 65
3 71
3 78
3 91
3 104
3 105
3 107
3 109
3 115
3 117
3 118
3 122
3 123
3 125
3 129
3 130
3 131
3 158
3 176
3 184
3 192
3 207
3 217
3 225
3 236
3 238
3 241
3 248
3 259
3 266
3 267
3 270
3 290
3 313
3 327
3 376
3 395
3 399
3 414
3 421
3 445
3 462
3 463
3 471
3 479
3 490
3 500
3 506
3 508
3 541
3 544
3 580
3 585
3 606
3 615
3 661
3 675
3 686
3 689
3 696
3 705
3 712
3 719
3 720
3 723
3 736
3 740
3 749
3 772
3 783
3 791
3 816
3 823
3 840
3 874
3 875
3 876
58 656
4 5
5 9
5 17
5 23
5 27
5 33
5 37
5 39
5 42
5 48
5 53
5 54
5 57
5 59
5 67
5 78
5 87
5 108
5 109
5 117
5 122
5 136
5 139
5 146
5 150
5 158
5 183
5 212
5 235
5 237
5 245
5 278
5 280
5 282
5 288
5 335
5 344
5 365
5 381
5 404
5 422
5 445
5 457
5 463
5 505
5 565
5 689
5 711
5 717
5 781
5 798
5 875
5 905
5 910
5 911
8 9
9 23
9 33
9 37
9 53
9 67
9 93
9 117
9 118
9 139
9 147
9 154
9 162
9 225
9 233
9 238
9 239
9 259
9 276
9 279
9 288
9 417
9 418
9 423
9 498
9 573
9 583
9 698
9 704
9 748
9 749
9 750
11 12
12 23
12 27
12 29
12 33
12 37
12 42
12 51
12 53
12 57
12 59
12 78
12 90
12 105
12 108
12 111
12 118
12 121
12 125
12 147
12 148
12 174
12 179
12 180
12 181
12 191
12 202
12 212
12 225
12 248
12 250
12 259
12 270
12 282
12 283
12 288
12 320
12 328
12 335
12 378
12 382
12 383
12 384
12 385
12 386
12 387
12 388
12 389
12 390
12 391
12 392
12 393
12 394
12 395
12 396
12 397
12 398
12 399
12 400
12 401
12 402
11 13
13 57
13 182
13 751
13 752
20 21
21 27
21 37
21 105
21 123
21 150
21 201
21 225
21 282
21 319
21 455
21 481
21 542
21 581
21 639
21 659
7 23
20 23
23 24
23 26
23 27
23 29
23 33
23 37
23 39
23 42
23 46
23 48
23 52
23 53
23 54
23 55
23 57
23 58
23 59
23 60
23 64
23 67
23 70
23 78
23 88
23 90
23 93
23 95
23 99
23 102
23 105
23 107
23 108
23 111
23 117
23 118
23 120
23 121
23 122
23 128
23 130
23 131
23 136
23 137
23 143
23 156
23 157
23 158
23 162
23 167
23 169
23 174
23 183
23 190
23 191
23 204
23 221
23 226
23 233
23 236
23 239
23 245
23 248
23 250
23 254
23 259
23 262
23 274
23 297
23 300
23 302
23 315
23 327
23 331
23 335
23 337
23 339
23 345
23 357
23 386
23 390
23 401
23 406
23 408
23 411
23 412
23 415
23 434
23 438
23 440
23 445
23 451
23 468
23 488
23 490
23 495
23 496
23 507
23 511
23 512
23 521
23 528
23 541
23 560
23 568
23 587
23 594
23 596
23 615
23 632
23 643
23 671
23 672
23 681
23 685
23 705
23 713
23 722
23 723
23 745
23 762
23 771
23 774
23 777
23 792
23 795
23 798
23 823
23 830
10 27
20 27
26 27
27 29
27 31
27 33
27 37
27 40
27 42
27 46
27 48
27 50
27 53
27 55
27 58
27 59
27 62
27 68
27 70
27 77
27 78
27 82
27 91
27 95
27 104
27 105
27 108
27 109
27 116
27 122
27 125
27 128
27 129
27 130
27 136
27 144
27 147
27 156
27 161
27 162
27 163
27 174
27 191
27 204
27 212
27 239
27 248
27 265
27 270
27 279
27 285
27 295
27 296
27 312
27 317
27 319
27 330
27 331
27 346
27 358
27 365
27 375
27 378
27 385
27 386
27 390
27 402
27 414
27 445
27 450
27 451
27 461
27 535
27 544
27 582
27 596
27 605
27 624
27 652
27 663
27 684
27 689
27 705
27 742
27 754
27 763
27 774
27 785
27 789
27 794
27 802
27 820
27 843
27 848
27 851
27 909
7 29
15 29
28 29
29 33
29 37
29 39
29 67
29 100
29 105
29 108
29 110
29 150
29 156
29 162
29 174
29 184
29 221
29 224
29 227
29 230
29 267
29 278
29 303
29 370
29 383
29 415
29 427
29 488
29 556
29 596
29 642
29 643
29 644
29 645
29 646
29 647
29 648
29 649
26 33
32 33
33 37
33 42
33 43
33 48
33 50
33 52
33 53
33 54
33 55
33 58
33 63
33 73
33 95
33 99
33 101
33 105
33 108
33 118
33 119
33 122
33 125
33 130
33 131
33 133
33 138
33 144
33 147
33 156
33 158
33 171
33 182
33 191
33 221
33 225
33 235
33 236
33 258
33 266
33 284
33 287
33 288
33 290
33 291
33 297
33 318
33 319
33 320
33 327
33 331
33 336
33 362
33 374
33 378
33 381
33 388
33 389
33 390
33 391
33 399
33 400
33 404
33 422
33 425
33 468
33 470
33 541
33 595
33 596
33 628
33 642
33 648
33 652
33 696
33 705
33 712
33 715
33 716
33 765
33 805
33 808
33 822
33 833
33 862
33 867
33 868
7 37
24 37
35 37
37 39
37 52
37 53
37 55
37 71
37 82
37 91
37 92
37 95
37 101
37 102
37 116
37 118
37 122
37 123
37 125
37 128
37 130
37 144
37 147
37 174
37 186
37 191
37 202
37 204
37 212
37 213
37 217
37 223
37 224
37 225
37 239
37 263
37 266
37 274
37 288
37 290
37 313
37 321
37 354
37 359
37 366
37 371
37 414
37 420
37 438
37 464
37 487
37 488
37 495
37 503
37 523
37 536
37 541
37 550
37 561
37 568
37 605
37 615
37 616
37 617
37 618
37 619
37 620
37 621
37 622
37 623
37 624
37 625
37 626
37 627
37 628
37 629
37 630
37 631
31 39
35 39
39 42
39 59
39 61
39 88
39 100
39 105
39 118
39 122
39 125
39 134
39 138
39 143
39 207
39 209
39 221
39 245
39 261
39 311
39 321
39 381
39 382
39 401
39 495
39 508
39 659
39 705
39 721
39 764
39 778
39 799
39 845
39 884
39 904
7 42
18 42
19 42
26 42
40 42
42 48
42 50
42 52
42 53
42 59
42 61
42 86
42 87
42 88
42 90
42 95
42 100
42 102
42 105
42 109
42 122
42 125
42 128
42 130
42 138
42 139
42 147
42 148
42 149
42 153
42 155
42 156
42 160
42 162
42 167
42 174
42 180
42 184
42 189
42 191
42 198
42 203
42 211
42 221
42 225
42 235
42 240
42 245
42 248
42 259
42 280
42 283
42 301
42 315
42 319
42 321
42 326
42 327
42 331
42 335
42 346
42 367
42 370
42 378
42 385
42 394
42 403
42 414
42 424
42 433
42 434
42 437
42 457
42 461
42 468
42 478
42 482
42 497
42 508
42 518
42 527
42 541
42 569
42 585
42 596
42 604
42 617
42 620
42 623
42 679
42 705
42 717
42 726
42 755
42 761
42 769
42 779
42 786
42 792
42 800
42 804
42 811
42 818
42 821
42 824
42 859
42 873
42 877
42 878
7 48
45 48
48 52
48 59
48 61
48 67
48 104
48 105
48 108
48 118
48 122
48 127
48 131
48 143
48 144
48 147
48 159
48 169
48 174
48 182
48 184
48 189
48 191
48 209
48 225
48 255
48 281
48 311
48 314
48 354
48 414
48 433
48 468
48 478
48 524
48 567
48 617
48 622
48 679
48 702
48 705
48 735
48 736
48 737
48 738
48 739
48 740
48 741
48 742
48 743
14 52
52 53
52 54
52 55
52 56
52 57
52 58
52 59
52 60
52 61
52 62
52 63
52 64
52 65
52 66
52 67
52 68
52 69
52 70
52 71
52 72
17 53
26 53
31 53
53 54
53 59
53 78
53 89
53 91
53 92
53 93
53 105
53 114
53 118
53 122
53 125
53 144
53 146
53 150
53 162
53 182
53 184
53 201
53 208
53 234
53 237
53 240
53 246
53 248
53 258
53 259
53 272
53 276
53 278
53 280
53 282
53 295
53 307
53 319
53 327
53 335
53 336
53 337
53 338
53 339
53 340
53 341
53 342
53 343
53 344
53 345
53 346
53 347
53 348
53 349
53 350
53 351
53 352
53 353
53 354
53 355
53 356
53 357
53 358
7 55
55 116
55 117
55 122
55 126
55 135
55 140
55 150
55 158
55 172
55 174
55 176
55 191
55 210
55 221
55 276
55 311
55 414
55 444
55 445
55 446
55 447
55 448
55 449
55 450
55 451
55 452
55 453
55 454
65 235
71 87
71 109
71 121
71 123
71 125
71 130
71 147
71 191
71 225
71 278
71 294
71 319
71 335
71 395
71 399
71 427
71 428
71 513
71 542
71 548
71 560
71 869
59 78
61 78
73 78
78 88
78 95
78 105
78 109
78 148
78 156
78 162
78 176
78 191
78 246
78 261
78 282
78 319
78 327
78 344
78 379
78 496
78 524
78 585
78 609
78 780
54 91
73 91
91 92
91 104
91 109
91 248
91 249
91 365
91 548
7 104
79 104
104 147
104 208
104 327
104 515
104 529
104 674
104 766
104 767
7 105
58 105
67 105
79 105
105 106
105 108
105 110
105 118
105 119
105 122
105 125
105 129
105 130
105 147
105 154
105 162
105 182
105 185
105 187
105 190
105 202
105 240
105 241
105 245
105 278
105 310
105 322
105 327
105 333
105 334
105 369
105 418
105 423
105 433
105 440
105 453
105 461
105 465
105 494
105 501
105 508
105 523
105 533
105 539
105 546
105 552
105 611
105 615
105 624
105 627
105 629
105 637
105 712
105 747
105 781
105 793
105 794
105 795
105 796
105 797
105 798
105 799
105 800
7 107
100 107
107 125
107 161
107 284
107 801
107 838
7 109
14 109
50 109
67 109
101 109
109 122
109 129
109 130
109 139
109 143
109 147
109 176
109 191
109 249
109 275
109 318
109 331
109 347
109 354
109 368
109 430
109 445
109 488
109 519
109 637
109 857
7 115
115 128
115 327
115 593
115 844
115 892
7 117
59 117
95 117
102 117
117 147
117 211
117 231
117 236
117 469
117 488
117 537
117 780
117 860
7 118
16 118
26 118
50 118
59 118
79 118
95 118
108 118
113 118
116 118
118 122
118 125
118 127
118 128
118 130
118 138
118 147
118 150
118 163
118 167
118 170
118 174
118 193
118 196
118 198
118 211
118 212
118 233
118 276
118 322
118 337
118 344
118 381
118 386
118 390
118 394
118 399
118 430
118 445
118 469
118 489
118 497
118 520
118 531
118 541
118 558
118 598
118 606
118 617
118 623
118 626
118 664
118 676
118 732
118 764
118 781
118 790
118 817
118 855
118 889
118 898
15 122
54 122
57 122
59 122
60 122
67 122
79 122
89 122
90 122
95 122
98 122
102 122
103 122
108 122
121 122
122 125
122 128
122 130
122 139
122 144
122 147
122 148
122 156
122 158
122 162
122 167
122 174
122 181
122 184
122 189
122 191
122 211
122 221
122 239
122 242
122 245
122 256
122 259
122 280
122 283
122 288
122 305
122 327
122 346
122 367
122 370
122 378
122 390
122 403
122 404
122 406
122 414
122 438
122 440
122 445
122 446
122 451
122 459
122 464
122 469
122 477
122 478
122 488
122 489
122 491
122 498
122 502
122 508
122 517
122 535
122 536
122 542
122 563
122 585
122 594
122 596
122 609
122 613
122 627
122 636
122 684
122 688
122 689
122 690
122 691
122 692
122 693
122 694
122 695
122 696
122 697
122 698
122 699
122 700
70 123
108 123
123 124
123 125
123 126
123 127
123 128
123 129
123 130
123 131
59 125
61 125
79 125
125 130
125 136
125 139
125 147
125 158
125 164
125 182
125 184
125 224
125 234
125 264
125 284
125 291
125 316
125 359
125 376
125 381
125 414
125 425
125 438
125 443
125 487
125 504
125 509
125 515
125 521
125 522
125 523
125 524
125 525
125 526
125 527
125 528
125 529
120 129
129 221
129 423
129 856
61 130
108 130
116 130
128 130
130 147
130 151
130 162
130 188
130 191
130 233
130 252
130 263
130 271
130 274
130 320
130 321
130 334
130 369
130 408
130 414
130 421
130 427
130 431
130 434
130 435
130 442
130 446
130 518
130 523
130 550
130 602
130 618
130 626
130 628
130 637
130 664
130 684
130 695
130 705
130 717
130 728
130 754
130 755
130 767
130 780
130 824
130 840
130 864
102 131
131 238
131 292
131 340
131 404
131 540
131 671
131 845
59 158
79 158
81 158
87 158
143 158
156 158
157 158
158 174
158 182
158 191
158 201
158 221
158 225
158 239
158 280
158 319
158 324
158 327
158 335
158 354
158 371
158 391
158 432
158 475
158 515
158 578
158 594
158 608
158 671
158 853
158 854
59 176
69 176
84 176
101 176
150 176
175 176
176 191
176 311
176 334
176 421
176 441
176 517
176 551
93 184
113 184
167 184
183 184
184 264
184 283
184 297
184 327
184 501
184 540
184 541
184 574
184 635
184 675
184 679
184 680
184 681
182 192
190 192
192 764
192 907
101 207
108 207
201 207
207 259
207 594
207 740
207 749
217 218
24 225
79 225
93 225
108 225
162 225
167 225
177 225
191 225
225 266
225 285
225 327
225 339
225 440
225 455
225 481
225 482
225 483
225 484
225 485
225 486
162 236
236 259
68 238
100 238
102 238
147 238
162 238
211 238
221 238
238 239
238 274
238 371
238 414
238 488
238 671
238 833
238 834
162 241
241 288
241 399
241 554
241 660
54 248
75 248
95 248
162 248
174 248
211 248
228 248
248 274
248 331
248 345
248 450
248 455
248 538
248 694
248 720
248 885
248 898
57 259
93 259
100 259
108 259
138 259
233 259
246 259
259 260
259 261
259 262
259 263
259 264
259 265
259 266
259 267
259 268
67 266
266 430
266 681
267 268
267 276
94 270
202 270
270 598
17 290
50 290
54 290
102 290
108 290
136 290
282 290
288 290
290 291
290 292
311 313
313 570
313 587
313 717
59 327
67 327
88 327
95 327
100 327
155 327
156 327
235 327
250 327
326 327
327 331
327 346
327 393
327 455
327 456
327 457
327 458
327 459
327 460
327 461
327 462
327 463
327 464
327 465
327 466
88 376
223 376
240 376
346 376
376 516
376 517
54 395
57 395
144 395
291 395
395 554
395 761
101 399
399 599
399 861
150 414
182 414
211 414
283 414
321 414
330 414
401 414
412 414
414 458
414 490
414 539
414 657
414 818
144 445
191 445
211 445
212 445
237 445
365 445
366 445
404 445
434 445
445 530
445 637
445 655
445 755
445 756
254 462
463 805
471 472
14 490
206 490
345 490
489 490
153 500
191 500
500 826
57 506
191 506
330 506
101 508
144 508
235 508
271 508
280 508
291 508
508 509
508 510
508 511
508 512
508 513
508 514
15 541
59 541
133 541
146 541
147 541
182 541
307 541
390 541
488 541
541 602
541 791
541 792
182 544
101 580
67 585
102 585
134 585
147 585
167 585
174 585
229 585
288 585
365 585
523 585
585 588
585 601
585 633
585 689
585 771
585 772
80 606
57 615
212 615
615 633
651 661
164 675
103 686
142 686
209 689
59 696
156 696
680 696
59 705
61 705
150 705
353 705
505 705
561 705
681 705
705 712
705 744
705 745
59 712
88 712
586 712
719 720
389 720
204 723
352 736
438 736
536 736
736 768
339 740
116 783
418 783
748 783
782 783
60 816
87 816
174 816
239 816
345 816
637 816
816 893
262 823
108 840
790 840
70 874
406 875
451 875
11 17
17 162
17 191
17 402
17 418
17 691
17 896
10 54
24 54
54 147
54 162
54 191
54 221
54 406
54 435
54 436
54 437
54 438
54 439
54 440
54 441
54 442
54 443
57 59
57 62
57 82
57 102
57 111
57 167
57 182
57 234
57 245
57 314
57 336
57 391
57 418
57 476
57 517
57 521
57 537
57 628
57 635
57 670
57 671
57 672
7 59
59 83
59 95
59 102
59 108
59 136
59 138
59 150
59 182
59 183
59 191
59 221
59 233
59 239
59 276
59 288
59 289
59 383
59 390
59 411
59 415
59 458
59 477
59 519
59 526
59 535
59 537
59 563
59 600
59 704
59 706
59 707
59 708
59 709
59 710
59 711
59 713
59 714
59 715
59 716
7 67
67 144
67 156
67 191
67 212
67 354
67 391
67 422
67 488
67 664
67 899
73 87
87 343
7 108
30 108
50 108
58 108
61 108
76 108
89 108
94 108
102 108
108 116
108 148
108 150
108 167
108 178
108 191
108 223
108 234
108 250
108 254
108 280
108 328
108 336
108 375
108 397
108 415
108 433
108 437
108 443
108 457
108 474
108 488
108 503
108 549
108 589
108 608
108 619
108 630
108 636
108 682
108 721
108 728
108 742
108 806
108 826
108 841
108 842
135 136
136 142
136 174
136 316
136 436
136 459
136 503
136 518
136 568
136 576
139 140
139 141
139 142
139 143
139 144
145 146
146 202
149 150
150 163
150 206
150 330
150 401
150 561
150 643
150 663
150 871
183 185
183 186
15 212
58 212
210 212
212 378
212 400
212 540
212 784
212 836
142 235
162 235
174 235
235 282
235 467
235 494
235 495
235 529
235 669
235 795
148 237
162 237
237 608
237 830
162 245
165 245
245 280
245 549
245 573
245 671
245 764
245 877
245 887
79 278
83 278
148 278
261 278
276 278
278 418
278 455
191 280
276 280
280 401
280 423
280 619
280 780
68 282
263 282
281 282
282 293
282 381
282 576
282 577
282 578
94 288
102 288
128 288
142 288
167 288
182 288
223 288
284 288
288 418
288 515
288 521
288 553
288 568
288 667
288 849
288 906
288 907
88 335
90 335
169 335
174 335
191 335
204 335
304 335
335 374
335 403
335 404
335 405
335 406
335 407
335 408
335 409
61 344
344 665
344 869
344 870
363 365
182 381
380 381
381 390
381 739
381 747
381 763
381 828
143 404
396 404
404 543
404 592
404 593
422 423
56 457
457 809
191 505
315 505
505 679
24 565
100 565
194 565
349 711
26 717
164 717
239 798
354 798
6 7
7 97
7 98
7 99
7 100
7 101
7 102
7 103
7 106
7 110
7 111
7 112
7 113
7 114
7 116
7 119
7 120
97 134
98 221
99 138
99 195
99 418
83 100
88 100
90 100
100 138
100 154
100 182
100 189
100 191
100 239
100 252
100 255
100 518
100 561
100 562
100 563
100 564
88 101
101 164
101 224
101 233
101 491
101 579
101 581
102 140
102 147
102 162
102 223
102 243
102 293
102 300
102 584
102 586
102 587
102 588
102 589
95 103
103 189
103 384
103 394
103 569
103 570
103 687
106 814
110 174
110 204
111 340
111 354
14 113
113 231
113 512
114 807
114 868
81 116
116 142
116 144
116 156
116 165
116 345
116 549
116 647
116 758
119 204
50 120
90 120
120 137
120 439
120 825
8 10
10 147
15 93
41 93
92 93
93 211
93 515
93 595
93 666
93 667
50 147
79 147
145 147
147 167
147 174
147 191
147 205
147 209
147 211
147 242
147 273
147 279
147 295
147 314
147 369
147 427
147 430
147 476
147 555
147 562
147 591
147 630
147 655
147 668
147 714
147 721
147 745
147 761
147 802
147 808
147 871
147 897
154 155
154 156
26 162
68 162
138 162
161 162
162 167
162 171
162 180
162 209
162 211
162 222
162 223
162 224
162 226
162 227
162 228
162 229
162 230
162 231
162 232
162 233
162 234
162 239
162 240
162 242
162 243
162 244
162 246
162 247
162 249
162 250
162 251
162 252
162 253
162 254
162 255
51 233
174 233
191 233
206 233
233 433
233 486
77 239
156 239
239 346
239 839
276 277
276 279
50 279
156 279
279 356
279 477
279 515
279 559
279 668
390 417
418 512
418 515
418 831
167 498
191 498
307 498
498 637
573 574
573 575
491 583
468 704
704 725
148 748
11 14
11 15
11 16
11 18
11 19
14 751
15 45
15 316
15 469
15 570
15 834
16 281
18 318
19 304
19 382
45 51
50 51
51 76
51 155
51 206
51 360
51 369
73 90
90 126
90 345
90 411
90 908
145 148
148 478
148 666
148 737
148 894
46 174
58 174
83 174
128 174
156 174
173 174
174 205
174 274
174 337
174 390
174 456
174 458
174 488
174 501
174 536
174 563
174 572
174 597
174 681
174 716
174 752
174 872
174 901
144 179
179 180
180 753
180 756
181 182
88 191
95 191
133 191
144 191
155 191
156 191
190 191
191 211
191 223
191 319
191 326
191 330
191 358
191 378
191 397
191 419
191 426
191 440
191 454
191 460
191 464
191 493
191 494
191 495
191 496
191 497
191 499
191 501
191 502
191 503
191 504
201 202
202 269
202 271
250 370
250 373
250 386
250 458
250 605
250 852
281 283
283 759
61 320
79 320
211 320
319 320
320 518
320 650
320 651
320 652
328 329
328 330
30 378
182 378
211 378
223 378
378 455
378 678
378 792
182 382
221 382
134 383
95 388
388 587
388 669
388 847
88 390
163 390
169 390
240 390
296 390
390 561
390 724
390 814
390 855
156 391
391 556
392 764
83 396
355 396
396 561
349 400
400 755
401 912
402 489
402 511
402 728
76 182
144 182
156 182
182 209
182 211
182 307
182 420
182 477
182 496
182 503
182 509
182 515
182 533
182 540
182 542
182 543
182 545
182 546
182 547
182 548
182 549
182 550
45 46
45 47
45 49
45 50
79 316
311 316
316 767
316 846
342 469
269 570
435 570
517 570
569 570
570 608
317 318
318 324
303 304
20 22
20 24
20 25
20 26
22 193
24 155
24 528
26 309
26 324
26 596
26 617
201 203
201 204
201 205
201 206
319 321
319 322
61 455
127 455
455 518
295 481
374 481
458 542
542 685
542 858
639 640
143 659
659 660
193 194
58 355
58 465
58 604
58 684
60 243
64 246
64 307
64 533
64 603
70 599
70 777
73 88
88 307
88 549
88 553
88 634
88 637
88 694
88 804
88 843
88 867
92 95
95 144
95 155
95 169
95 265
95 528
95 662
95 701
95 824
95 879
63 128
128 134
137 138
143 495
143 701
50 156
156 163
156 211
156 221
156 329
156 354
156 368
156 430
156 476
156 501
156 587
156 678
156 721
156 775
156 807
157 159
157 160
161 167
167 200
167 593
167 778
168 169
169 575
50 204
155 204
204 215
204 223
204 325
204 721
204 722
204 724
172 221
221 367
221 485
221 554
221 579
221 672
226 379
254 451
254 460
254 804
240 274
273 274
274 332
274 467
274 625
274 702
274 732
298 300
300 438
311 315
315 410
315 839
331 332
339 658
134 345
345 786
357 886
83 408
249 408
246 411
410 411
411 595
411 651
144 412
412 413
412 415
412 416
415 454
415 602
415 665
433 434
83 440
451 504
451 563
451 858
467 468
468 485
468 866
56 488
211 488
488 575
488 687
144 495
159 495
495 664
496 676
358 521
528 895
559 560
560 608
560 899
36 568
138 568
439 568
568 680
568 746
594 595
211 596
336 596
596 763
329 643
263 672
672 851
299 685
722 867
745 761
637 771
670 777
777 778
243 795
536 795
664 795
138 155
155 214
155 285
155 555
323 324
28 31
31 550
40 41
40 43
50 124
50 206
50 634
50 708
50 793
62 410
62 519
73 77
77 413
73 82
82 692
144 247
144 307
144 371
144 441
144 516
144 638
144 682
144 829
144 871
144 903
161 163
161 164
161 165
161 166
163 693
163 733
163 782
284 285
211 295
294 295
294 296
165 312
311 312
41 330
211 330
330 519
330 677
330 759
224 358
461 494
461 852
211 535
534 535
79 652
134 652
138 652
231 663
663 802
663 803
763 836
79 785
741 785
785 869
551 789
789 815
83 794
28 30
30 372
30 555
30 726
224 419
224 420
138 230
211 230
230 543
230 657
243 303
303 305
368 370
83 427
138 427
366 427
427 428
427 429
75 556
292 556
645 650
562 648
211 726
138 550
321 550
32 34
43 127
63 349
73 74
73 75
73 76
73 79
73 80
73 81
73 83
73 84
73 85
73 86
73 89
132 133
133 494
138 482
138 569
138 631
138 668
138 753
170 171
171 491
257 258
264 284
284 286
284 287
83 291
83 336
94 336
263 336
336 361
336 519
349 362
373 374
454 470
322 628
94 765
804 805
807 808
307 822
680 822
833 860
35 36
35 38
92 94
92 96
211 213
213 214
213 215
213 216
223 377
223 379
247 263
263 787
263 788
321 424
321 513
321 898
354 664
363 366
420 459
420 503
420 787
56 487
487 549
487 597
503 588
503 819
523 703
534 536
618 718
619 731
211 620
558 621
623 638
61 195
61 301
61 827
134 168
134 813
208 209
209 348
209 702
311 314
94 764
517 845
883 884
41 44
41 760
151 153
153 776
153 880
160 308
187 189
189 518
195 198
83 211
210 211
211 216
211 485
211 539
211 688
211 706
211 727
211 728
211 729
211 730
89 240
240 666
298 301
214 367
367 677
216 403
307 424
56 478
80 478
142 478
497 773
286 518
518 599
251 604
355 604
755 761
769 770
810 811
608 824
651 824
286 873
871 877
126 127
159 540
159 637
255 348
255 557
222 314
349 524
566 567
701 702
340 738
353 739
124 480
76 306
368 369
369 602
66 175
69 883
72 543
89 515
246 525
246 881
306 307
307 492
307 665
307 680
307 871
307 891
348 757
170 172
229 448
453 865
454 603
232 517
249 517
502 517
517 611
517 790
485 537
534 537
635 636
635 637
83 205
83 753
83 850
83 864
458 473
152 477
165 477
519 520
413 563
563 591
563 866
228 600
600 692
264 710
243 329
243 829
195 196
195 197
827 888
79 410
504 533
532 533
533 552
601 603
175 177
664 856
548 900
79 784
379 522
609 610
520 780
520 850
549 680
549 902
552 553
637 901
637 907
96 467
96 732
667 890
701 703
562 835
584 669
673 674
187 188
322 566
333 334
405 494
746 747
654 797
474 475
607 608
825 826
273 275
177 520
493 558
551 790
329 855
459 592
232 502
612 613
151 152
601 602
253 576
247 530
590 591
591 651
653 655
419 733
733 734
199 200
575 788
571 572
572 641
551 757
419 532
460 819
197 377
197 863
323 325
485 832
836 837
218 683
577 683
219 220
220 812
641 812
881 882
298 299
363 364
612 614
653 654
