1 2
1 3
1 4
1 5
1 6
2 7
3 8
3 9
3 10
3 11
4 5
4 6
4 12
4 13
4 14
5 14
5 15
5 16
6 8
6 12
6 17
7 15
7 352
7 356
8 9
8 10
8 17
9 10
9 11
9 175
9 176
9 177
10 11
10 173
10 174
10 176
10 178
10 179
11 177
12 13
12 17
12 181
12 500
12 506
13 14
13 506
13 598
14 340
14 357
14 497
14 598
15 16
15 352
15 353
16 353
16 354
16 358
17 180
17 181
17 182
352 354
352 355
247 356
356 507
356 508
175 176
175 512
175 513
175 570
175 588
176 179
176 513
176 588
171 173
173 178
171 174
174 179
172 178
178 182
178 183
178 344
179 592
179 595
180 181
181 184
181 189
498 500
499 500
500 502
500 506
432 506
506 598
432 598
598 599
331 340
340 341
340 497
340 599
318 357
353 357
357 497
318 497
89 353
318 353
353 354
353 358
88 354
89 354
354 358
88 358
318 358
180 183
180 184
182 183
18 19
18 20
18 21
18 22
18 23
18 24
19 20
19 25
19 26
19 27
19 28
20 22
20 26
20 27
20 29
21 22
21 23
21 199
21 201
21 208
21 214
22 23
22 29
22 208
22 530
23 214
24 536
24 603
24 642
25 27
25 28
25 30
26 29
26 31
26 32
27 28
27 32
27 33
27 34
28 35
29 31
29 112
29 208
29 600
198 199
199 200
199 201
199 206
198 201
200 201
201 205
201 207
201 208
205 208
207 208
208 600
212 214
214 281
214 521
214 546
207 530
526 530
527 530
528 530
529 530
530 533
530 534
530 536
529 536
533 536
534 536
535 536
536 603
535 603
602 603
603 642
30 582
30 619
30 620
30 621
30 622
31 107
31 109
31 110
32 98
33 34
33 161
34 608
35 584
35 586
35 632
108 112
112 113
112 600
205 600
207 600
600 601
578 582
582 583
582 621
619 620
619 621
619 622
159 620
160 620
620 621
620 622
621 622
159 622
160 622
161 622
107 108
107 109
107 110
107 111
108 109
109 110
109 115
109 116
110 111
94 98
98 111
98 259
158 161
159 161
160 161
543 608
607 608
608 609
579 584
584 586
584 632
380 586
579 586
585 632
36 37
36 38
36 39
36 40
36 41
36 42
36 43
36 44
36 45
37 38
37 46
37 47
37 48
38 42
38 43
39 46
39 50
39 88
39 92
39 558
39 559
40 41
40 42
40 43
40 44
40 45
40 59
41 43
41 44
41 45
41 59
41 191
41 623
42 43
42 53
42 58
42 59
43 58
43 59
43 191
44 45
44 559
44 606
44 623
44 631
45 191
45 192
45 623
45 631
46 47
46 48
46 49
46 50
47 48
47 50
47 51
48 49
48 52
50 185
50 186
50 320
50 558
82 88
83 88
88 89
88 92
83 92
92 558
92 559
185 558
186 558
559 574
559 606
55 59
58 59
59 61
59 191
61 191
191 192
191 193
191 194
606 623
623 631
53 54
53 55
53 56
53 57
53 58
55 58
56 58
57 58
58 60
574 606
606 631
61 192
192 193
192 194
192 195
192 196
49 318
49 319
51 52
51 185
51 320
52 197
52 320
52 321
52 322
319 640
183 185
184 185
185 187
185 188
185 320
183 186
186 344
186 573
186 574
187 320
188 320
60 197
193 197
197 321
197 322
60 321
321 322
60 322
54 55
54 56
54 57
55 57
56 57
56 60
57 60
57 61
61 193
193 194
62 63
62 64
62 65
62 66
62 67
63 64
63 68
63 69
63 70
64 65
64 66
64 68
64 71
64 72
64 73
64 74
65 66
65 68
66 73
67 75
67 76
67 77
67 78
67 79
68 72
68 244
69 108
69 113
69 114
70 114
70 116
70 272
70 276
70 277
71 72
71 242
71 244
71 245
72 73
72 244
73 451
74 245
74 448
74 451
75 77
75 78
75 79
76 77
76 79
76 95
76 97
76 99
76 100
77 78
77 79
77 99
77 118
78 284
244 445
244 446
244 447
108 113
108 114
113 114
113 445
114 116
114 276
115 116
116 274
116 276
116 280
269 272
272 274
272 275
272 276
272 277
274 276
276 277
277 283
277 624
242 243
245 448
245 449
245 450
245 451
449 451
450 451
451 618
162 448
448 449
448 450
94 95
95 96
95 97
95 99
95 100
94 97
97 99
97 100
97 103
99 100
100 104
100 105
100 106
118 119
118 120
118 121
118 122
118 123
118 124
127 284
284 285
80 81
80 82
80 83
80 84
81 85
81 86
81 87
82 83
82 84
82 89
82 90
82 91
83 84
84 93
85 86
85 87
85 348
85 472
86 87
86 348
86 472
87 137
87 348
87 472
89 355
90 91
90 542
90 607
91 561
93 307
93 308
93 309
93 310
93 311
93 312
137 348
346 348
348 349
348 350
348 472
137 472
349 472
132 137
133 137
137 349
137 350
355 627
539 542
542 543
542 607
543 607
607 609
315 561
453 561
454 561
561 609
307 308
307 309
307 310
308 309
308 311
308 312
308 313
308 314
310 347
310 351
311 312
311 313
311 314
312 313
312 314
312 315
94 96
96 101
96 102
101 328
101 332
101 333
101 335
101 452
102 262
102 268
102 335
102 405
103 121
103 123
103 124
103 128
111 117
259 260
259 261
259 262
104 105
104 106
104 487
104 492
104 494
104 495
105 106
105 428
105 487
105 493
105 494
106 492
328 329
328 330
328 331
328 332
328 333
328 334
328 335
265 332
332 333
332 335
332 452
331 333
333 334
333 452
331 335
334 335
335 342
452 453
452 454
260 262
261 262
262 263
262 266
262 267
262 268
267 268
268 330
117 405
266 405
120 121
121 122
121 123
121 124
122 123
123 124
123 128
124 128
128 406
486 487
487 492
487 493
487 494
492 495
428 494
493 494
494 496
449 495
450 495
495 618
338 428
426 428
428 429
428 430
428 493
428 496
429 493
493 496
115 280
115 407
117 266
117 407
445 447
445 601
273 280
274 280
279 280
269 274
273 274
274 275
266 267
266 406
119 120
119 122
119 125
119 126
119 127
120 122
120 126
120 127
122 127
125 126
125 275
125 283
125 562
125 563
126 127
126 563
269 275
275 282
275 283
282 283
283 562
283 563
282 562
562 563
129 130
129 131
129 132
129 133
130 132
130 134
131 132
131 133
131 135
131 136
132 133
132 134
133 134
133 136
135 138
135 139
135 140
136 142
136 634
138 139
138 140
138 141
138 142
139 141
139 142
139 143
139 144
139 145
140 141
140 142
141 142
248 634
346 349
349 350
346 350
143 144
143 145
143 156
143 157
143 158
144 145
144 156
144 157
145 156
145 157
145 162
156 157
156 158
156 159
157 158
157 159
157 160
158 159
158 160
162 449
162 450
162 538
162 540
162 541
146 147
146 148
146 149
146 150
146 151
146 152
146 153
146 154
147 148
147 149
147 150
148 150
148 154
149 154
149 155
150 154
151 155
151 264
151 377
152 153
152 316
152 317
152 560
153 154
153 316
153 317
153 560
155 375
155 376
155 377
260 264
263 264
375 377
376 377
377 378
377 380
313 316
314 316
315 316
316 317
316 560
313 317
317 560
315 560
375 376
375 378
375 379
375 380
376 378
376 379
159 160
449 450
449 540
450 540
450 541
450 544
537 538
538 539
538 540
538 541
537 540
540 541
537 541
539 541
541 544
163 164
163 165
163 166
163 167
163 168
163 169
164 165
164 166
164 167
164 170
164 171
165 166
165 167
165 170
165 171
166 168
166 170
167 169
168 170
168 425
169 171
169 172
171 172
305 425
423 425
424 425
172 290
172 344
286 290
290 291
290 292
344 573
393 512
394 512
395 512
510 512
511 512
512 513
513 587
513 588
513 595
569 570
587 588
588 590
588 591
588 592
588 593
588 594
588 595
588 596
590 592
591 592
592 593
592 594
403 595
595 596
184 187
184 188
184 189
184 190
189 190
187 188
187 190
188 455
188 460
293 455
455 460
345 460
456 460
458 460
194 195
194 196
195 196
195 287
195 288
195 289
196 288
286 287
287 288
287 289
286 288
288 289
288 291
288 292
288 293
286 289
289 291
289 293
198 200
198 202
198 203
198 204
198 205
200 206
202 203
202 204
202 249
202 253
203 204
203 249
204 249
205 207
205 601
206 209
206 210
206 211
206 212
206 213
207 527
207 528
249 250
249 251
249 252
250 253
253 254
253 255
253 256
253 257
253 258
209 210
209 211
209 269
209 270
209 271
210 213
210 271
211 212
211 273
212 273
212 281
213 443
213 475
213 481
213 482
250 527
254 527
255 527
526 527
527 528
527 529
527 533
526 528
269 270
269 273
270 271
273 278
273 279
273 281
281 516
281 546
438 443
441 443
442 443
443 475
443 480
443 481
473 475
475 478
475 479
475 480
475 481
475 482
441 481
442 481
480 481
481 482
480 482
484 521
516 521
520 521
521 546
215 216
215 217
215 218
215 219
215 220
216 217
216 218
216 219
216 221
216 222
217 218
217 221
217 222
217 223
218 219
218 220
218 222
218 223
218 224
219 220
220 224
220 525
221 222
221 223
222 223
223 324
224 228
224 323
224 324
327 525
228 324
323 324
225 228
228 229
228 323
229 323
225 226
225 227
225 229
226 227
226 230
226 231
226 232
226 233
226 234
226 235
227 231
227 232
229 230
229 236
230 231
230 236
230 237
231 233
232 233
233 234
233 235
233 238
233 239
234 235
234 238
234 239
234 240
234 241
235 238
235 240
236 237
236 325
236 326
236 327
237 327
237 381
238 240
239 240
239 241
239 564
239 566
240 241
241 564
241 565
241 566
325 326
325 381
325 382
325 383
325 384
325 385
326 381
326 382
326 383
326 385
381 383
387 564
564 565
564 566
387 566
565 566
566 567
387 565
565 567
565 571
243 246
243 247
243 248
246 247
246 248
246 508
247 248
247 508
247 618
247 626
247 627
248 626
446 447
507 508
544 626
626 627
544 627
250 251
250 252
250 254
250 526
250 531
250 532
251 254
251 256
251 531
251 532
251 572
252 532
252 572
254 255
254 256
254 526
254 531
526 529
531 532
531 572
532 572
255 256
256 258
255 257
255 258
255 483
255 534
257 258
257 476
257 483
258 476
258 483
258 534
476 483
479 483
529 534
533 534
534 535
473 476
474 476
476 479
260 261
260 263
261 265
263 267
265 453
265 454
453 609
329 330
278 279
278 514
278 515
278 516
278 517
279 422
279 515
285 624
514 515
514 516
514 517
514 518
422 515
515 516
515 517
515 519
516 520
517 524
414 422
419 422
422 524
286 291
286 292
291 292
292 345
293 345
293 456
345 457
345 458
345 459
456 458
294 295
294 296
294 297
295 296
295 298
295 299
295 300
295 301
296 299
296 300
296 301
296 302
297 298
297 302
297 303
297 304
297 305
297 306
298 299
298 302
299 302
300 301
300 367
301 360
301 367
301 368
302 303
302 304
303 304
303 305
303 306
304 305
304 306
304 423
305 306
305 372
305 423
305 424
306 423
306 424
360 367
367 368
367 469
359 360
360 364
360 368
364 368
368 469
423 424
369 372
370 372
371 372
372 575
372 576
313 314
313 315
314 315
346 347
347 351
639 640
382 383
382 384
382 385
382 386
384 385
384 386
384 387
384 388
384 389
385 386
385 387
329 331
329 336
329 337
331 334
331 336
331 338
331 339
331 341
331 342
334 342
336 337
336 341
336 342
337 341
337 343
338 339
338 342
338 599
338 625
339 341
339 342
339 599
339 625
341 599
342 625
343 639
457 458
457 459
457 554
458 459
458 554
459 554
459 556
488 507
359 361
359 362
359 363
359 364
359 365
359 366
361 362
361 363
361 364
361 365
361 366
361 369
362 365
362 366
363 366
363 369
363 370
363 371
364 365
364 373
365 374
366 371
369 370
369 371
370 371
370 575
370 576
371 575
373 468
373 469
373 470
374 465
374 630
374 641
468 469
469 470
575 576
575 594
576 594
464 468
468 470
470 630
463 465
465 466
465 467
465 630
465 641
466 630
630 641
466 641
467 641
378 379
378 380
380 580
380 581
380 585
577 580
579 580
580 581
580 585
577 581
579 581
581 585
579 585
386 388
386 389
386 519
386 524
387 567
387 568
388 389
388 522
388 629
389 471
389 522
389 629
419 519
420 519
519 522
519 523
519 524
419 524
567 568
567 571
568 571
568 615
419 522
420 522
522 523
522 549
522 550
522 551
522 552
522 553
522 629
523 629
552 629
553 629
419 471
421 471
390 391
390 392
390 393
390 394
390 395
390 396
391 392
391 397
391 398
391 399
391 400
392 396
392 398
392 399
393 394
393 509
394 395
394 396
394 511
395 396
396 398
396 501
397 401
397 402
397 403
398 399
398 400
399 400
399 404
400 404
509 510
509 511
498 501
499 501
501 502
501 505
401 402
401 554
401 555
401 556
401 557
402 403
402 555
402 557
403 557
403 587
403 589
403 596
554 555
554 556
555 556
555 557
587 589
589 597
593 596
596 597
408 409
408 410
408 411
408 412
408 413
408 414
408 415
409 410
409 411
409 412
409 416
409 417
410 412
410 416
410 418
411 412
411 413
411 414
411 419
411 420
412 413
413 415
413 421
414 415
414 421
416 417
416 418
416 604
417 418
417 605
418 440
418 604
418 605
419 420
419 421
420 444
420 549
420 550
604 605
604 633
605 633
605 638
433 440
436 440
439 440
440 444
444 547
444 549
444 550
444 551
547 549
548 549
523 550
550 551
426 427
426 429
426 430
427 431
429 430
429 496
430 496
431 432
496 635
433 434
433 435
433 436
433 437
433 438
433 439
434 435
434 437
434 438
434 441
435 437
435 438
435 441
435 442
436 437
436 439
437 438
437 439
438 441
438 442
441 442
442 480
547 548
548 551
551 552
551 553
461 462
461 463
462 463
462 464
463 466
463 467
466 467
473 474
473 477
473 478
473 479
474 479
477 478
477 484
477 485
478 479
478 484
478 485
479 485
484 485
484 520
518 520
520 545
486 488
486 489
486 490
486 491
489 490
489 491
489 635
490 491
490 635
490 636
491 635
491 636
491 637
628 635
635 636
635 637
503 636
628 636
636 637
503 637
504 637
628 637
498 499
498 502
498 503
498 504
498 505
502 503
502 504
502 505
502 628
503 504
503 628
504 505
510 569
518 545
518 613
518 614
545 610
545 611
610 613
611 613
612 613
613 617
523 614
548 552
552 553
548 553
529 533
529 535
533 535
535 602
537 539
539 543
610 611
610 612
611 612
611 615
611 616
611 617
615 616
615 617
591 594
577 578
577 579
578 583
590 591
590 593
590 597
633 638
612 617
616 617
