1 2
1 3
1 292
2 3
2 4
2 307
2 311
3 292
3 699
288 292
291 292
292 364
292 698
292 699
4 165
4 311
4 576
4 580
305 307
306 307
307 309
307 311
307 487
306 311
309 311
310 311
311 422
311 560
311 587
311 588
311 630
291 699
555 699
607 699
698 699
161 165
164 165
165 233
165 310
165 500
165 580
165 630
164 576
331 576
549 576
576 580
576 581
576 612
310 580
580 581
580 637
5 6
5 344
6 7
6 8
6 9
344 345
7 8
7 9
7 389
7 691
8 9
8 245
8 259
8 389
8 390
8 691
8 692
8 693
9 389
9 390
9 691
9 692
245 389
256 389
257 389
259 389
262 389
389 390
389 395
389 656
259 691
691 692
691 693
691 694
243 245
245 256
245 257
245 258
245 259
245 262
245 390
256 259
257 259
259 262
259 390
256 390
262 390
390 550
390 656
654 692
692 693
692 694
692 718
692 720
319 693
654 693
693 694
693 718
693 720
10 11
10 12
10 13
10 14
10 428
10 629
10 638
11 12
11 13
11 317
11 629
11 638
11 707
12 428
12 434
12 435
12 436
12 638
12 681
12 707
13 14
13 310
13 415
13 629
13 638
13 682
14 271
14 629
14 681
14 682
56 428
58 428
88 428
422 428
427 428
428 560
428 583
428 621
428 707
310 629
629 655
629 681
629 682
309 638
434 638
436 638
638 707
45 317
48 317
144 317
308 317
317 318
317 319
317 436
317 669
434 707
435 707
436 707
430 434
432 434
434 435
434 436
430 435
431 435
432 435
433 435
435 436
318 436
430 436
436 487
436 488
680 681
681 682
681 683
681 684
306 310
308 310
310 560
310 630
310 653
168 415
189 415
191 415
369 415
415 416
415 417
415 418
415 558
271 682
56 271
58 271
59 271
15 16
15 17
15 18
15 97
15 99
15 198
15 272
15 273
15 275
15 700
16 17
16 18
16 19
16 20
16 21
16 22
17 19
17 97
17 98
17 99
17 198
17 272
17 275
17 327
18 19
18 687
18 700
18 701
18 721
97 115
97 264
97 325
97 326
97 327
97 674
98 99
99 272
99 326
25 198
26 198
197 198
198 199
198 239
198 273
198 275
198 395
198 624
198 625
272 273
272 274
272 275
272 616
272 674
272 700
264 273
273 275
273 343
273 426
273 624
273 625
263 275
264 275
275 343
275 424
275 426
275 616
275 624
616 700
687 700
19 721
20 21
20 502
20 503
20 504
20 505
20 506
21 22
21 505
21 506
22 505
22 506
98 117
98 326
98 380
98 667
114 327
115 327
263 327
325 327
326 327
327 674
210 687
212 687
616 687
687 701
685 701
701 721
497 721
499 721
685 721
237 502
240 502
502 503
502 504
502 505
502 506
237 503
238 503
240 503
495 503
496 503
503 504
240 504
504 505
504 506
505 506
23 24
23 25
23 26
23 239
23 263
23 264
23 674
24 25
24 26
24 263
24 264
25 26
25 197
25 264
25 624
26 237
26 239
26 624
236 239
237 239
238 239
239 264
239 624
263 264
263 674
264 674
326 674
197 199
197 395
197 396
197 624
199 624
395 624
624 625
236 237
237 238
237 240
27 28
27 29
27 30
27 31
27 230
27 233
27 524
27 611
28 29
28 30
28 123
28 127
28 229
28 316
28 370
28 509
28 673
28 686
29 123
29 161
29 162
29 163
29 316
29 500
29 524
29 611
30 31
30 123
30 230
30 233
30 509
30 531
31 509
31 530
31 531
31 532
31 673
37 230
230 231
230 232
230 233
230 509
230 673
232 233
233 500
233 524
36 524
37 524
38 524
232 524
500 524
524 525
162 611
174 611
175 611
542 611
549 611
610 611
123 124
123 125
123 126
123 229
123 509
123 619
123 673
124 127
127 345
127 463
127 686
201 229
203 229
229 597
229 598
229 619
229 620
173 316
176 316
316 333
316 509
316 531
316 549
370 371
370 372
370 627
370 697
370 704
370 705
125 509
126 509
176 509
231 509
333 509
465 509
509 531
509 549
509 673
35 673
125 673
176 673
231 673
232 673
531 673
549 673
551 673
673 686
35 686
531 686
549 686
161 162
161 163
161 164
161 333
162 163
162 329
162 331
162 542
162 610
162 695
163 329
163 446
163 610
163 695
33 500
36 500
38 500
232 500
500 630
64 531
530 531
531 532
531 549
531 702
531 703
530 532
530 702
530 703
532 697
532 702
532 703
532 705
32 33
32 34
32 61
32 64
32 65
32 128
32 129
32 525
33 34
33 35
33 36
33 37
33 38
33 232
33 288
33 525
34 36
34 64
34 65
34 124
34 128
34 129
34 658
61 62
61 63
61 64
61 65
62 64
64 65
64 129
64 702
62 65
63 65
124 128
125 128
126 128
128 129
124 129
125 129
126 129
36 525
37 525
38 525
193 525
194 525
195 525
35 36
35 38
35 95
35 186
35 231
35 232
35 585
36 37
36 38
36 232
36 501
37 38
37 193
37 194
37 231
38 194
38 232
38 477
95 232
231 232
232 477
232 549
232 585
47 288
288 289
288 290
288 291
288 586
124 125
124 126
102 658
303 658
304 658
510 658
658 659
658 660
658 661
658 690
90 95
93 95
95 231
95 365
95 366
95 585
95 600
95 601
184 186
185 186
186 187
186 365
186 366
186 388
186 501
186 585
186 603
231 549
231 710
365 585
366 585
388 585
585 600
585 601
585 602
142 501
386 501
387 501
431 501
433 501
444 501
501 603
54 193
55 193
82 193
193 194
193 195
193 196
193 279
47 194
194 195
194 196
93 477
133 477
335 477
476 477
477 478
477 602
477 636
39 40
39 41
39 42
39 44
39 313
39 314
39 538
40 41
40 42
40 43
40 44
40 76
40 266
40 314
41 42
41 43
41 44
41 73
41 74
41 314
41 538
42 43
42 76
42 266
42 314
42 491
42 669
44 312
44 313
44 314
44 379
44 491
44 568
44 668
312 313
313 314
313 315
313 454
313 456
313 458
313 538
313 668
312 314
314 315
314 454
314 668
72 538
73 538
74 538
255 538
534 538
535 538
536 538
537 538
43 76
43 266
43 651
73 76
76 77
76 225
76 253
76 265
76 266
265 266
266 650
266 651
72 73
73 74
73 75
73 77
73 254
73 255
72 74
74 75
74 254
74 255
74 637
174 491
336 491
338 491
486 491
489 491
490 491
491 539
491 540
491 541
491 542
491 568
319 669
490 669
541 669
568 669
651 669
668 669
669 670
669 718
150 651
265 651
568 651
650 651
312 315
312 398
312 668
312 670
108 379
373 379
376 379
377 379
378 379
379 617
318 568
319 568
488 568
490 568
541 568
568 668
568 718
315 668
319 668
355 668
668 670
668 718
45 46
45 48
45 140
45 143
45 144
45 308
45 318
45 319
45 653
46 47
46 48
46 49
46 152
46 155
47 48
48 49
48 195
48 196
48 279
48 645
48 646
48 647
140 141
140 142
140 143
140 144
140 676
141 143
142 143
143 144
143 184
143 187
143 645
141 144
144 430
144 433
144 655
144 676
305 308
306 308
308 318
308 319
308 653
308 654
308 655
308 720
305 318
306 318
318 487
318 488
318 490
318 541
319 541
319 670
319 718
305 653
306 653
630 653
653 654
653 655
47 152
47 155
47 290
49 279
49 281
49 448
49 484
49 645
49 646
49 647
107 152
152 153
152 154
152 155
107 155
153 155
154 155
155 195
289 290
290 291
290 362
290 586
290 715
195 196
195 279
195 282
196 279
196 281
196 282
279 280
279 281
279 282
279 448
279 481
141 645
448 645
480 645
481 645
484 645
645 646
645 647
448 646
484 646
646 647
448 647
481 647
484 647
280 281
281 282
281 368
281 369
281 581
282 448
448 480
448 481
448 483
448 484
448 485
480 484
481 484
484 485
484 557
50 51
50 52
50 53
50 55
50 82
50 145
50 146
51 52
51 53
51 54
51 55
51 82
52 53
52 54
52 55
52 82
52 146
53 79
53 145
53 146
54 55
55 82
55 84
54 82
82 83
82 84
82 85
78 145
79 145
81 145
145 146
79 146
81 146
54 84
54 85
78 79
79 80
79 81
83 84
84 85
84 375
83 85
85 374
85 375
85 376
56 57
56 58
56 59
56 88
56 427
57 58
57 59
57 60
57 423
57 587
57 588
58 59
58 88
58 427
58 583
59 214
59 215
87 88
88 583
419 427
422 427
427 482
427 559
427 560
427 630
60 423
60 587
60 588
419 423
420 423
421 423
422 423
423 587
423 588
345 587
419 587
421 587
422 587
587 588
419 588
421 588
422 588
583 622
213 214
214 350
214 352
213 215
215 340
215 631
215 640
62 63
63 100
63 102
63 103
100 101
100 102
100 103
100 104
100 446
100 449
102 103
102 104
101 103
103 104
103 446
103 449
550 702
551 702
697 702
702 703
702 704
702 705
66 67
66 68
66 70
66 181
66 346
66 348
66 688
66 689
67 68
67 69
67 70
67 71
68 70
68 688
68 689
69 70
70 71
70 688
179 181
180 181
181 183
181 688
181 689
148 346
220 346
346 347
346 348
346 349
346 672
148 348
347 348
348 349
348 593
348 672
180 688
688 689
180 689
183 689
69 71
69 301
69 445
69 513
71 300
71 301
71 445
71 449
71 511
71 513
101 301
299 301
300 301
301 302
301 445
301 449
101 445
445 449
445 511
445 512
445 513
445 514
445 695
511 513
512 513
513 608
101 300
299 300
300 302
300 449
300 512
300 514
300 609
101 449
446 449
449 635
449 649
449 695
511 512
511 695
72 75
72 255
72 535
72 536
72 537
72 600
75 77
75 159
75 160
75 253
75 254
75 255
255 537
255 591
366 535
533 535
534 535
535 536
535 537
535 600
535 713
533 536
534 536
536 537
534 537
89 600
93 600
365 600
366 600
600 601
77 221
77 222
77 223
77 225
77 253
77 254
221 254
253 254
254 637
254 709
591 637
637 709
156 159
158 159
159 160
159 725
156 160
158 160
160 221
160 253
160 725
221 253
222 253
223 253
224 253
222 225
223 225
224 225
225 226
225 227
225 228
150 265
151 265
265 650
221 222
221 223
221 224
222 223
222 224
222 226
222 227
222 228
223 224
78 80
78 81
80 81
80 192
81 91
81 192
81 474
81 579
192 589
192 590
192 591
89 91
90 91
91 92
91 358
91 359
91 360
91 367
91 447
472 474
473 474
474 475
474 577
474 578
474 579
472 579
473 579
577 579
578 579
579 633
83 154
83 373
83 375
83 376
83 617
83 618
107 154
108 154
154 617
154 618
108 373
373 374
373 375
373 376
373 377
373 378
375 376
375 377
375 617
375 618
363 376
376 377
376 378
376 617
108 617
378 617
617 618
105 374
106 374
374 462
374 577
374 578
374 633
86 87
86 190
86 644
189 190
190 644
89 90
89 93
89 447
89 479
89 529
89 601
90 92
90 93
90 94
90 96
90 360
92 93
93 476
93 479
93 529
93 601
93 614
286 447
287 447
385 447
406 447
407 447
447 479
447 529
286 479
287 479
406 479
407 479
476 479
479 529
406 529
529 601
365 601
92 94
92 96
92 358
92 359
92 360
92 362
92 367
94 96
94 358
94 360
94 361
94 362
94 475
96 360
96 475
96 552
96 671
358 360
360 363
360 671
358 359
358 361
358 362
358 363
358 367
359 367
289 362
361 362
362 586
362 613
284 476
285 476
476 478
309 614
486 614
487 614
488 614
612 614
613 614
289 361
361 363
361 364
361 586
361 698
472 475
473 475
475 671
185 365
365 366
185 366
187 366
366 534
366 714
552 553
552 554
552 555
552 556
552 586
552 607
552 639
109 115
112 115
114 115
115 120
115 325
115 326
115 409
112 325
114 325
325 326
112 326
114 326
120 326
116 117
117 118
117 119
117 120
117 121
117 122
380 381
380 382
380 383
380 516
380 526
380 527
380 528
380 667
380 696
380 706
119 667
122 667
381 667
383 667
643 667
101 302
104 446
164 446
329 446
446 695
299 302
302 514
105 106
105 107
105 108
105 153
105 462
106 107
106 462
106 578
107 153
107 639
108 377
108 378
153 639
153 715
462 578
462 633
577 578
578 633
291 639
553 639
554 639
607 639
639 713
639 714
639 715
377 378
109 110
109 111
109 112
109 113
109 114
109 137
109 267
109 457
110 111
110 113
110 135
110 137
110 138
110 267
110 557
110 558
111 112
111 113
111 120
111 121
111 135
111 137
111 267
111 469
112 114
112 118
112 120
112 121
113 135
113 267
113 457
113 458
114 120
114 121
135 137
137 138
137 139
137 267
137 558
135 267
267 456
267 457
267 458
267 469
267 471
119 457
453 457
456 457
457 458
457 469
135 136
135 138
135 139
138 139
138 557
139 557
417 557
557 558
557 664
139 558
417 558
418 558
558 664
118 120
120 121
120 122
118 121
121 122
121 469
216 469
217 469
274 469
469 470
469 471
469 634
469 643
118 119
118 122
118 404
453 458
454 458
455 458
456 458
408 409
409 411
409 413
409 515
409 517
409 518
116 119
116 122
116 381
116 384
116 397
116 398
116 399
119 122
119 381
119 383
119 397
122 384
122 397
381 382
381 383
381 384
381 397
381 402
381 528
339 384
382 384
384 397
384 398
384 399
384 527
382 397
396 397
397 398
397 399
395 398
396 398
398 399
199 399
395 399
396 399
383 404
402 404
404 405
404 634
404 643
383 402
383 527
125 126
125 467
126 465
126 508
405 619
468 619
595 619
597 619
598 619
619 662
464 467
465 467
466 467
467 468
467 508
467 510
467 659
467 660
467 665
464 465
465 466
465 468
465 507
465 508
466 508
508 510
508 659
508 660
345 463
463 621
130 131
130 132
130 133
130 220
130 347
130 401
130 672
131 132
131 133
131 134
131 151
131 220
131 401
132 133
132 134
132 337
132 401
132 608
133 134
133 337
133 608
217 220
220 347
220 401
220 672
148 347
347 349
347 401
347 593
347 672
287 401
401 672
148 672
134 514
134 608
134 649
147 151
149 151
150 151
151 593
151 650
334 337
335 337
336 337
337 489
337 608
337 635
337 636
334 608
514 608
608 635
608 649
512 514
514 542
514 609
514 635
514 649
540 649
609 649
635 649
648 649
136 276
136 277
136 278
136 451
139 188
139 663
139 664
276 277
276 278
276 392
277 278
277 391
277 410
277 411
277 412
278 391
278 392
278 393
450 451
451 452
188 189
188 416
188 418
188 663
172 663
417 663
418 663
663 664
172 664
418 664
141 142
141 184
141 187
141 488
142 184
142 185
142 187
142 430
142 603
437 676
655 676
676 680
676 683
676 684
184 185
184 187
184 554
184 714
184 715
185 187
305 488
432 488
486 488
487 488
488 490
488 541
488 613
185 603
430 431
430 432
430 433
386 603
387 603
431 603
432 603
433 603
444 603
431 433
432 433
433 444
433 655
306 655
559 655
560 655
147 148
147 149
147 150
147 593
147 650
148 149
148 349
148 593
149 150
149 349
149 593
150 243
150 593
150 650
349 593
226 243
227 243
228 243
243 244
243 246
243 268
243 269
243 270
533 715
553 715
554 715
607 715
713 715
714 715
156 157
156 158
157 711
157 712
708 711
711 712
717 725
164 333
164 549
175 333
329 333
331 333
333 549
333 592
328 329
329 330
329 331
329 332
329 543
329 581
330 331
331 332
331 549
331 581
174 542
512 542
539 542
540 542
542 609
542 610
338 610
512 610
610 635
610 695
512 695
635 695
175 549
559 630
560 630
166 167
166 168
166 169
166 250
166 251
166 252
167 168
167 169
167 170
167 171
167 172
168 169
168 170
168 171
168 251
169 170
169 250
169 251
169 252
169 507
219 250
250 251
250 252
250 623
250 652
251 252
251 652
219 252
252 643
252 652
170 171
170 172
170 249
170 466
170 468
170 569
170 665
171 172
171 249
171 466
171 569
171 665
172 249
172 569
172 665
176 507
177 507
464 507
468 507
507 551
200 249
204 249
247 249
248 249
249 569
249 665
174 466
464 466
466 468
466 510
177 468
464 468
204 569
248 569
440 569
569 604
569 620
569 665
247 665
248 665
416 665
604 665
606 665
620 665
173 174
173 175
173 176
173 177
173 540
174 175
174 490
174 540
174 609
174 648
175 540
176 177
176 540
176 550
176 551
177 464
177 550
177 551
540 635
540 648
486 490
489 490
490 539
490 541
609 635
260 648
261 648
541 648
635 648
550 551
550 656
551 704
178 179
178 180
178 182
178 183
178 666
179 180
179 182
179 183
180 183
182 183
182 666
183 400
261 666
400 666
519 666
228 400
258 400
261 400
324 400
400 519
400 521
400 657
553 554
554 555
554 556
554 607
554 714
533 714
534 714
607 714
713 714
368 388
385 388
386 388
387 388
388 444
388 581
388 612
189 191
189 416
189 680
191 416
416 417
416 418
417 418
418 450
191 626
680 683
680 684
328 626
330 626
372 626
626 627
626 628
589 590
589 591
590 591
280 282
282 369
282 581
199 395
199 396
199 719
395 396
395 412
543 719
592 719
640 719
200 201
200 202
200 203
200 204
200 205
200 206
200 207
200 247
200 248
201 203
201 205
201 402
201 403
201 405
201 623
201 662
202 320
202 321
202 322
202 323
202 405
202 594
202 595
202 596
203 204
203 205
203 247
203 403
203 405
203 522
203 620
203 662
204 205
204 206
204 207
204 570
205 206
205 247
205 403
205 405
205 522
205 706
206 207
206 570
206 573
207 570
207 572
207 573
247 248
247 620
382 402
402 403
402 405
382 403
403 706
322 405
405 623
405 641
405 662
234 623
235 623
598 623
623 634
623 641
623 642
623 662
217 662
235 662
597 662
598 662
634 662
641 662
642 662
643 662
320 321
320 322
320 323
320 324
320 429
320 594
321 322
321 323
321 324
321 429
322 323
322 594
322 595
322 596
323 429
323 521
323 642
408 594
594 595
594 596
594 597
594 598
595 596
595 597
595 598
596 597
596 598
596 704
520 522
522 523
522 696
522 706
570 620
570 571
570 572
570 573
382 706
527 706
528 706
696 706
571 573
572 573
573 606
571 572
572 574
572 606
208 209
208 210
208 211
208 212
209 341
209 615
209 632
210 211
210 212
210 615
210 616
211 212
212 295
212 297
212 298
212 615
339 341
340 341
341 343
341 615
341 631
341 632
343 615
615 616
631 632
343 616
294 295
295 296
295 298
295 548
294 297
296 297
297 298
297 582
297 723
297 724
294 298
296 298
298 582
298 724
213 340
339 340
340 342
340 631
340 640
350 351
350 352
350 723
351 352
352 582
352 723
352 724
452 631
342 640
592 640
216 217
216 218
216 219
216 234
216 235
216 634
216 641
216 642
217 218
217 219
217 234
217 235
217 634
217 643
217 652
218 219
218 234
218 235
218 652
219 652
234 235
234 642
235 641
235 642
274 634
470 634
634 643
634 652
598 641
641 642
598 642
274 643
643 652
224 227
224 228
226 227
226 228
226 246
226 268
227 228
227 244
227 246
227 268
227 270
228 258
246 268
246 269
246 270
244 268
268 269
268 270
244 269
244 270
244 353
244 461
244 599
269 270
270 355
270 461
270 599
256 258
257 258
258 260
258 261
258 262
597 598
597 704
597 705
708 710
709 710
236 238
236 240
236 241
236 242
238 240
238 495
241 242
241 293
241 495
241 547
241 548
241 722
242 293
242 546
242 547
242 548
242 722
492 495
494 495
495 496
495 548
495 722
293 294
293 546
293 547
293 548
544 547
546 547
547 575
496 548
548 722
492 722
496 722
544 546
545 546
546 575
269 461
353 354
353 355
353 356
353 461
353 599
355 461
356 461
461 599
355 599
356 599
256 257
256 260
256 261
256 262
257 260
257 261
257 262
262 356
262 656
262 657
708 709
260 261
260 635
334 635
338 635
539 635
354 356
355 356
356 357
356 454
656 657
521 657
657 697
357 456
453 456
454 456
455 456
274 471
424 471
425 471
470 471
471 679
354 355
355 357
355 454
355 670
274 424
274 470
339 343
414 426
424 426
425 426
426 470
426 679
414 424
424 425
424 470
424 679
391 392
392 393
392 394
391 393
391 394
391 459
408 410
410 411
410 412
410 413
410 414
410 425
393 411
408 411
411 412
411 413
411 515
411 517
408 412
412 413
412 414
412 425
393 394
393 459
393 460
280 368
280 369
280 386
280 387
480 481
481 485
330 368
332 368
368 369
368 386
368 581
332 369
369 386
369 581
385 386
386 387
386 444
386 612
309 387
385 387
387 444
387 612
581 612
283 284
283 285
283 286
283 287
283 478
284 285
284 287
284 478
285 286
285 287
285 478
286 287
286 385
286 406
286 407
287 406
287 407
335 385
385 444
385 602
385 613
385 636
406 407
289 556
289 586
289 607
291 364
291 555
291 698
556 586
586 607
553 556
555 556
556 607
553 607
555 607
607 713
363 364
364 698
363 555
553 555
555 698
363 698
294 296
296 582
582 723
582 724
723 724
299 303
299 304
299 675
303 304
303 661
303 675
304 659
304 660
304 661
304 675
304 690
661 675
675 690
661 690
510 659
659 660
659 690
510 660
660 690
305 306
305 309
305 486
305 487
306 309
309 422
309 444
309 487
309 612
486 487
486 489
486 613
372 654
437 654
439 654
441 654
654 694
654 720
437 720
441 720
694 720
419 422
420 422
421 422
422 561
335 444
431 444
432 444
612 613
482 560
559 560
315 670
315 718
454 670
670 718
354 454
357 454
453 454
454 455
539 541
324 429
324 519
324 520
324 521
429 519
429 521
519 521
520 521
521 523
519 520
519 523
520 523
328 330
328 332
328 628
330 332
330 627
330 628
332 543
332 544
371 628
372 628
627 628
543 544
543 545
543 575
543 592
371 627
372 627
544 545
544 575
575 592
334 335
334 336
334 338
334 489
334 636
335 336
335 602
335 613
335 636
336 338
336 489
336 539
336 613
338 489
338 539
489 539
489 613
602 636
613 636
339 342
354 357
354 455
357 453
357 455
453 455
363 553
533 534
534 713
371 372
372 705
697 703
697 704
697 705
703 704
704 705
703 705
577 633
382 527
382 528
515 516
516 517
516 518
516 526
516 528
517 526
518 526
526 527
526 528
527 528
515 528
517 528
518 528
528 696
394 459
394 460
394 584
459 460
459 562
459 584
460 562
460 564
460 584
562 584
564 584
565 584
408 413
408 414
413 515
414 425
515 517
515 518
517 518
425 679
450 452
419 420
419 421
419 482
419 561
420 421
420 482
420 483
420 485
420 561
480 482
482 483
482 485
482 559
482 561
483 561
485 561
480 483
483 485
480 485
559 683
621 622
431 432
437 438
437 439
437 441
437 694
438 439
438 440
438 441
438 442
438 443
439 441
439 442
439 443
441 442
440 442
440 443
440 574
440 604
440 605
442 443
442 604
443 604
443 605
571 574
574 604
574 605
574 606
604 605
604 606
571 605
605 606
562 563
562 564
562 565
563 564
564 565
564 566
564 567
472 473
492 493
492 494
492 496
492 497
492 498
492 499
493 494
493 496
493 497
493 498
494 496
494 498
496 497
497 498
497 499
497 685
499 685
533 713
545 575
683 684
563 565
563 566
563 567
565 566
565 567
565 678
566 567
566 677
567 677
567 678
677 678
571 606
716 717
