1 48
1 77
1 167
1 179
1 231
1 317
1 455
1 618
1 712
1 733
1 858
48 380
48 461
48 488
48 505
48 520
48 539
48 640
48 696
48 710
48 991
2 77
53 77
77 139
77 247
77 322
77 421
77 508
77 561
77 622
77 913
77 952
77 958
167 406
167 497
167 712
167 830
167 871
167 894
167 926
167 951
167 956
167 970
86 179
124 179
179 190
179 227
179 347
179 411
179 622
179 659
179 676
179 874
72 231
84 231
160 231
231 285
231 461
231 481
231 567
231 833
231 981
95 317
102 317
151 317
152 317
227 317
317 388
317 402
317 452
317 484
317 617
317 699
317 755
317 844
317 965
26 455
63 455
73 455
165 455
198 455
219 455
224 455
276 455
388 455
392 455
455 505
455 512
455 546
455 558
455 600
455 631
455 636
455 689
455 820
455 825
455 892
455 916
455 974
332 618
618 720
618 738
618 864
249 712
290 712
514 712
712 805
712 815
712 831
712 844
29 733
86 733
341 733
351 733
411 733
464 733
540 733
733 768
733 776
733 795
733 882
112 858
124 858
204 858
227 858
233 858
268 858
405 858
610 858
704 858
798 858
799 858
815 858
858 875
2 102
2 115
2 193
2 411
2 502
2 503
2 551
2 561
2 569
2 606
2 642
2 696
2 820
2 983
8 102
102 204
102 240
102 340
102 400
102 470
102 574
102 595
102 639
102 663
102 684
102 696
102 810
102 952
102 980
47 115
61 115
115 556
115 647
35 193
38 193
65 193
193 284
193 311
193 340
193 354
193 362
193 399
193 425
193 437
193 439
193 442
193 554
193 559
193 646
193 784
193 923
193 966
173 411
256 411
326 411
390 411
411 460
411 486
411 533
411 553
411 597
411 714
411 717
411 820
411 880
173 502
203 502
221 502
228 502
394 502
502 558
502 579
502 614
502 665
502 772
502 980
11 503
122 503
244 503
321 503
293 551
326 551
551 648
551 905
551 954
6 561
100 561
142 561
153 561
195 561
318 561
388 561
496 561
527 561
561 657
561 717
18 569
49 569
223 569
393 569
403 569
512 569
569 584
569 659
569 725
569 979
43 606
64 606
84 606
111 606
138 606
385 606
507 606
560 606
606 728
606 740
606 758
606 769
606 816
606 818
606 938
606 976
150 642
208 642
341 642
483 642
642 731
642 990
40 696
54 696
168 696
263 696
338 696
361 696
425 696
522 696
696 720
696 767
696 802
696 866
696 871
696 918
30 820
159 820
288 820
438 820
488 820
532 820
611 820
671 820
692 820
739 820
758 820
778 820
820 829
820 886
820 918
820 989
35 983
66 983
107 983
132 983
206 983
404 983
512 983
513 983
657 983
678 983
711 983
726 983
768 983
940 983
3 121
3 128
3 131
3 249
3 272
3 386
3 398
3 430
3 486
3 794
3 885
3 991
68 121
88 121
121 131
121 163
121 164
121 168
121 527
121 567
121 608
121 743
121 871
96 128
128 243
128 327
128 373
128 398
128 462
128 473
128 481
128 556
128 566
128 679
128 751
128 995
128 996
39 131
131 163
131 284
131 357
131 428
131 570
131 757
131 767
131 829
131 864
131 894
131 950
14 249
37 249
249 288
249 370
249 510
249 668
249 928
249 940
15 272
90 272
229 272
272 299
272 340
272 604
272 662
272 679
272 834
272 945
272 978
90 386
93 386
174 386
254 386
386 400
386 407
386 453
386 527
386 529
386 643
386 676
386 711
16 398
110 398
125 398
195 398
282 398
398 525
398 620
398 761
398 841
398 936
398 987
19 430
141 430
192 430
429 430
430 518
430 522
430 684
430 721
430 824
430 844
9 486
61 486
95 486
101 486
122 486
127 486
186 486
333 486
486 775
486 828
486 869
261 794
268 794
288 794
408 794
619 794
719 794
794 811
794 958
11 885
284 885
457 885
546 885
563 885
621 885
819 885
130 991
162 991
180 991
186 991
373 991
387 991
440 991
483 991
686 991
778 991
860 991
872 991
4 22
4 113
4 189
4 257
4 315
4 348
4 358
4 367
4 370
4 596
4 984
22 210
22 295
22 358
22 488
22 663
22 672
22 924
22 985
90 113
113 225
113 295
113 329
113 410
113 518
113 559
113 627
113 651
113 660
113 718
113 788
113 900
10 189
75 189
118 189
148 189
189 287
189 553
189 592
189 631
189 675
189 749
189 772
189 921
257 331
257 555
257 674
257 843
257 901
257 915
136 315
153 315
270 315
315 331
315 332
315 474
315 494
315 500
315 542
315 667
315 690
315 709
315 796
315 869
198 348
254 348
273 348
348 419
348 431
348 559
348 617
348 726
348 748
348 803
348 813
348 818
348 840
348 905
348 998
215 358
349 358
358 423
358 443
358 468
358 705
358 791
358 819
358 888
358 900
358 927
358 949
23 367
66 367
291 367
353 367
367 518
367 580
367 583
367 609
367 797
67 370
149 370
154 370
172 370
250 370
252 370
370 612
370 805
60 596
64 596
98 596
162 596
401 596
470 596
485 596
596 831
596 850
596 915
596 940
596 950
596 972
84 984
210 984
388 984
501 984
588 984
589 984
964 984
5 84
5 94
5 303
5 542
5 604
5 710
5 867
5 905
5 934
5 950
5 993
13 84
46 84
60 84
84 106
84 112
84 220
84 255
84 435
84 496
84 526
84 578
84 689
84 695
84 722
84 738
84 793
80 94
94 116
94 130
94 146
94 527
94 597
94 653
32 303
303 325
303 438
303 512
303 654
303 687
51 542
217 542
224 542
417 542
542 711
542 809
542 859
104 604
307 604
419 604
497 604
517 604
594 604
604 628
604 636
604 807
604 841
604 870
604 997
61 710
125 710
148 710
207 710
318 710
374 710
493 710
630 710
710 863
710 898
710 949
710 982
164 867
213 867
222 867
243 867
331 867
363 867
427 867
595 867
614 867
622 867
680 867
867 940
867 994
44 905
98 905
183 905
195 905
265 905
308 905
359 905
475 905
549 905
571 905
715 905
730 905
751 905
761 905
811 905
905 969
17 934
110 934
168 934
172 934
248 934
327 934
330 934
346 934
359 934
532 934
534 934
554 934
741 934
902 934
86 950
90 950
150 950
225 950
255 950
350 950
405 950
463 950
847 950
950 953
125 993
162 993
165 993
215 993
469 993
479 993
501 993
583 993
651 993
746 993
993 996
993 997
6 30
6 177
6 265
6 269
6 364
6 393
6 402
6 415
6 438
6 501
6 575
6 646
6 740
6 797
6 970
30 59
30 79
30 154
30 279
30 442
30 451
30 633
30 644
30 675
30 721
30 732
30 801
30 887
177 373
177 378
177 451
177 671
177 727
177 926
177 935
37 265
265 304
265 311
265 506
265 512
265 577
265 714
265 786
265 907
265 908
15 269
28 269
269 347
269 364
269 372
269 405
269 461
269 559
269 563
269 624
269 814
269 832
269 886
95 364
206 364
241 364
335 364
364 410
364 420
364 586
364 610
364 682
364 704
271 393
393 397
393 427
393 530
393 649
393 721
393 725
393 754
393 755
393 861
393 866
393 896
393 959
393 961
21 402
51 402
89 402
98 402
402 676
402 709
402 776
402 801
402 874
8 415
21 415
112 415
169 415
220 415
314 415
415 445
415 566
415 627
415 888
415 891
415 995
8 438
35 438
130 438
292 438
361 438
438 485
438 692
438 796
438 948
438 954
438 997
57 501
236 501
268 501
447 501
454 501
490 501
501 589
501 652
501 859
140 575
534 575
575 819
575 832
575 834
575 998
103 646
122 646
263 646
327 646
374 646
434 646
490 646
493 646
593 646
612 646
614 646
646 671
646 953
45 740
416 740
465 740
558 740
588 740
740 830
740 831
740 893
740 990
138 797
375 797
458 797
599 797
623 797
797 921
299 970
311 970
528 970
586 970
725 970
769 970
828 970
868 970
873 970
7 29
7 32
7 46
7 212
7 254
7 295
7 301
7 314
7 352
7 450
7 453
7 465
7 519
7 570
7 628
7 781
7 985
29 516
29 788
29 792
29 818
29 852
29 887
29 906
29 946
29 976
29 982
32 59
32 506
32 622
32 655
32 697
32 857
32 871
32 965
46 62
46 114
46 168
46 270
46 278
46 298
46 305
46 410
46 448
46 489
46 505
46 536
46 711
46 786
46 951
212 510
212 600
212 652
212 662
212 663
212 664
212 751
212 803
212 852
212 862
212 921
212 949
212 958
44 254
143 254
146 254
254 573
254 610
254 639
254 659
254 762
254 842
254 951
254 981
83 295
88 295
184 295
260 295
295 304
295 471
295 615
295 771
295 848
240 301
301 350
301 463
301 493
301 614
301 636
301 659
301 779
301 790
301 803
301 906
301 951
111 314
150 314
234 314
298 314
314 403
314 652
314 726
314 856
58 352
106 352
144 352
187 352
352 490
352 492
352 660
352 770
352 971
352 972
144 450
450 615
15 453
234 453
365 453
369 453
396 453
444 453
453 543
453 548
453 552
453 564
453 577
453 632
453 783
453 806
453 898
453 988
25 465
80 465
465 616
465 790
465 912
391 519
481 519
519 535
519 722
519 942
519 945
519 985
155 570
215 570
389 570
541 570
545 570
548 570
570 615
570 661
570 707
570 749
570 825
570 978
122 628
123 628
134 628
237 628
359 628
613 628
628 648
628 665
628 759
628 796
628 838
628 865
628 886
107 781
150 781
196 781
239 781
243 781
264 781
356 781
373 781
568 781
672 781
781 933
82 985
166 985
288 985
297 985
305 985
381 985
512 985
738 985
747 985
771 985
835 985
896 985
940 985
8 36
8 72
8 97
8 142
8 328
8 383
8 454
8 612
8 632
8 690
8 692
8 803
8 902
36 210
36 248
36 434
36 529
36 634
36 661
36 720
36 798
36 828
36 831
36 871
36 920
36 975
36 978
44 72
72 122
72 132
72 229
72 338
72 399
72 464
72 517
72 538
72 614
72 731
72 742
72 953
92 97
97 129
97 248
97 368
97 496
97 555
97 577
97 597
97 605
97 623
97 662
97 722
97 788
97 832
97 948
97 988
142 153
142 156
142 187
142 273
142 330
142 429
142 521
142 540
142 637
142 910
142 998
111 328
157 328
328 340
328 341
328 420
328 454
328 485
328 611
328 658
328 728
328 786
328 850
328 864
328 872
328 900
176 383
216 383
331 383
383 384
383 439
383 552
383 637
383 757
383 840
383 929
383 967
98 454
187 454
379 454
400 454
425 454
454 564
454 768
454 847
454 908
454 935
100 612
267 612
331 612
391 612
400 612
412 612
591 612
612 889
35 632
106 632
220 632
381 632
469 632
507 632
564 632
581 632
632 633
632 677
632 837
632 844
20 690
88 690
98 690
174 690
222 690
252 690
284 690
337 690
541 690
643 690
675 690
690 754
690 766
162 692
213 692
220 692
227 692
253 692
378 692
545 692
623 692
679 692
692 860
33 803
44 803
52 803
161 803
406 803
409 803
444 803
803 829
803 862
803 982
34 902
116 902
133 902
238 902
572 902
883 902
901 902
902 966
902 971
9 124
9 146
9 243
9 258
9 354
9 395
9 467
9 508
9 678
9 806
9 854
9 884
9 990
124 354
124 580
124 581
124 685
124 818
124 826
124 831
143 146
146 359
146 610
146 755
146 757
146 762
146 800
146 804
146 860
146 996
64 243
71 243
95 243
243 355
243 693
243 765
243 827
216 258
258 309
258 460
258 705
258 877
258 898
258 926
258 936
258 982
148 354
354 357
354 496
354 574
354 835
354 840
354 930
354 946
354 975
136 395
156 395
159 395
337 395
381 395
395 477
395 601
395 680
395 812
395 831
395 937
395 958
395 990
237 467
238 467
298 467
467 514
467 587
467 593
467 688
467 826
467 829
467 846
467 847
467 878
467 907
467 986
65 508
89 508
219 508
234 508
271 508
279 508
327 508
508 588
508 619
508 723
508 912
508 979
80 678
311 678
392 678
472 678
577 678
598 678
664 678
676 678
678 753
678 977
93 806
198 806
221 806
226 806
277 806
285 806
344 806
351 806
413 806
621 806
682 806
708 806
736 806
737 806
788 806
806 819
78 854
106 854
132 854
133 854
302 854
390 854
708 854
738 854
746 854
854 893
854 901
41 884
337 884
471 884
512 884
679 884
761 884
791 884
834 884
880 884
884 889
884 925
148 990
308 990
531 990
589 990
637 990
656 990
661 990
691 990
711 990
760 990
816 990
863 990
939 990
10 55
10 76
10 194
10 263
10 274
10 385
10 425
10 543
10 565
10 589
10 715
10 724
10 753
10 765
10 812
10 875
10 882
10 928
10 999
55 83
55 164
55 198
55 250
55 357
55 422
55 675
55 778
55 972
76 90
76 151
76 182
76 214
76 241
76 284
76 356
76 405
76 463
76 614
76 630
76 665
76 673
76 786
76 788
76 831
112 194
120 194
194 202
194 229
194 261
194 304
194 349
194 434
194 443
194 603
194 624
194 685
194 914
194 938
33 263
126 263
227 263
263 357
263 522
263 538
263 720
263 825
263 828
263 874
263 928
16 274
40 274
127 274
161 274
274 293
274 400
274 420
274 488
274 497
274 713
274 735
274 754
274 779
274 785
274 831
274 866
274 989
40 385
210 385
382 385
385 389
385 392
385 471
385 538
385 567
385 818
385 822
385 860
385 987
217 425
425 504
425 729
425 881
425 954
425 961
178 543
237 543
325 543
439 543
543 622
543 647
543 793
543 821
543 835
543 933
543 940
11 565
108 565
233 565
256 565
309 565
485 565
565 589
565 651
565 789
565 799
565 967
99 589
361 589
509 589
517 589
589 701
589 770
589 931
589 942
589 979
589 980
15 715
31 715
43 715
66 715
195 715
268 715
273 715
280 715
530 715
602 715
671 715
715 819
715 830
715 839
100 724
118 724
133 724
153 724
172 724
175 724
373 724
417 724
435 724
695 724
707 724
724 793
724 864
40 753
44 753
89 753
139 753
140 753
200 753
245 753
323 753
371 753
513 753
753 840
610 765
631 765
658 765
765 807
765 847
765 862
765 997
63 812
271 812
290 812
353 812
401 812
416 812
523 812
553 812
621 812
812 821
812 898
812 972
154 875
215 875
248 875
406 875
452 875
571 875
664 875
735 875
762 875
811 875
838 875
875 964
875 967
108 882
213 882
253 882
357 882
409 882
456 882
571 882
610 882
654 882
108 928
116 928
821 928
926 928
81 999
203 999
233 999
268 999
327 999
336 999
337 999
414 999
439 999
495 999
587 999
706 999
737 999
11 81
11 106
11 137
11 160
11 479
11 577
11 605
11 665
11 695
11 698
11 723
11 725
12 81
81 250
81 267
81 441
81 445
81 456
81 560
81 702
81 917
81 981
106 126
106 205
106 280
106 308
106 351
106 437
106 440
106 448
106 492
106 527
106 546
106 657
106 899
137 336
137 446
137 540
137 571
137 608
137 658
137 718
137 865
137 921
137 922
47 160
85 160
160 207
160 271
160 582
160 664
160 707
160 810
160 942
49 479
133 479
168 479
190 479
479 493
479 743
479 785
479 827
479 886
479 892
479 911
479 941
17 577
57 577
234 577
242 577
290 577
321 577
442 577
557 577
577 704
577 728
577 755
577 834
577 866
577 888
110 605
270 605
489 605
520 605
605 623
605 634
605 746
605 766
605 769
605 871
605 974
101 665
187 665
376 665
638 665
657 665
665 790
665 833
127 695
235 695
250 695
302 695
349 695
436 695
490 695
689 695
695 835
695 855
695 903
23 698
60 698
89 698
119 698
201 698
280 698
282 698
291 698
498 698
559 698
633 698
698 795
698 810
698 856
62 723
79 723
108 723
266 723
371 723
723 762
723 809
723 844
723 873
723 969
83 725
152 725
159 725
377 725
423 725
666 725
725 727
725 920
12 132
12 168
12 170
12 384
12 711
12 856
12 879
12 889
12 890
12 918
12 994
23 132
93 132
132 152
132 288
132 307
132 382
132 403
132 426
132 595
132 773
132 788
132 834
132 906
132 921
132 923
132 964
132 982
132 998
118 168
119 168
168 216
168 287
168 401
168 422
168 571
168 626
168 703
168 739
168 784
168 817
168 987
107 170
170 300
170 422
170 439
170 476
170 534
170 769
170 857
170 942
170 965
25 384
187 384
336 384
384 389
384 814
384 937
384 980
17 711
109 711
129 711
162 711
291 711
391 711
659 711
694 711
318 856
335 856
419 856
456 856
553 856
681 856
704 856
856 948
856 994
44 879
109 879
614 879
772 879
879 962
54 889
57 889
58 889
123 889
129 889
143 889
280 889
343 889
435 889
608 889
682 889
838 889
15 890
126 890
151 890
187 890
238 890
239 890
291 890
557 890
654 890
658 890
662 890
737 890
855 890
890 976
70 918
120 918
234 918
751 918
911 918
918 968
918 980
24 994
125 994
236 994
378 994
489 994
520 994
634 994
750 994
871 994
944 994
953 994
13 104
13 117
13 198
13 279
13 369
13 677
13 977
104 108
104 166
104 188
104 235
104 440
104 608
104 649
104 772
104 948
34 117
117 436
117 664
117 703
42 198
198 473
198 540
198 654
198 688
198 808
59 279
181 279
279 346
279 439
279 442
279 739
279 802
279 987
279 995
200 369
326 369
369 485
369 552
369 727
369 931
369 975
246 677
431 677
601 677
624 677
677 761
677 798
677 814
677 830
677 897
677 923
16 977
433 977
510 977
580 977
595 977
615 977
751 977
14 57
14 259
14 513
14 689
14 809
14 825
14 827
47 57
57 110
57 171
57 394
57 485
57 505
57 552
57 603
57 730
57 758
57 764
57 773
57 822
57 834
57 838
57 845
57 861
127 259
250 259
259 372
259 441
259 485
259 615
259 783
112 513
310 513
353 513
382 513
513 520
513 530
513 714
513 804
513 965
147 689
166 689
204 689
330 689
345 689
586 689
685 689
689 912
689 942
689 948
34 809
63 809
125 809
250 809
302 809
344 809
661 809
663 809
768 809
809 923
351 825
496 825
550 825
775 825
817 825
825 914
825 915
825 966
85 827
156 827
235 827
517 827
518 827
592 827
619 827
656 827
657 827
706 827
732 827
827 876
827 988
15 17
15 67
15 133
15 211
15 316
15 341
15 368
15 401
15 647
15 743
15 764
15 783
17 239
17 290
17 300
17 422
17 474
17 525
17 554
17 603
17 682
17 746
17 872
17 907
17 981
67 71
67 144
67 181
67 313
67 344
67 353
67 389
67 409
67 555
67 681
67 839
67 919
31 133
66 133
133 302
133 381
133 484
133 485
133 555
133 722
133 760
133 906
140 211
211 248
211 601
211 648
211 864
211 869
211 948
211 953
211 995
25 316
228 316
316 822
316 839
316 919
316 965
316 978
96 341
155 341
341 505
341 548
341 613
341 649
341 727
341 779
341 785
341 862
341 966
140 368
154 368
163 368
196 368
270 368
291 368
368 462
368 532
368 726
368 736
368 800
368 863
368 912
368 914
45 401
49 401
118 401
156 401
182 401
330 401
375 401
401 650
401 703
401 755
401 758
401 776
401 777
401 789
401 810
401 817
401 866
435 647
441 647
461 647
624 647
647 886
647 953
80 743
100 743
200 743
345 743
500 743
545 743
586 743
616 743
671 743
679 743
743 870
19 764
344 764
371 764
459 764
488 764
500 764
639 764
699 764
152 783
188 783
305 783
444 783
648 783
675 783
691 783
758 783
783 830
783 872
16 145
16 238
16 435
16 500
16 747
16 836
16 873
64 145
99 145
145 173
145 183
145 247
145 252
145 261
145 331
145 538
145 602
145 674
145 699
145 767
145 788
145 799
145 843
145 924
51 238
162 238
238 297
238 307
238 359
238 521
238 574
238 750
238 961
238 987
42 435
135 435
215 435
305 435
435 583
435 847
42 500
95 500
292 500
353 500
432 500
433 500
500 533
500 559
500 567
500 843
174 747
271 747
305 747
353 747
576 747
688 747
747 749
747 770
747 822
747 886
747 944
206 836
283 836
330 836
373 836
600 836
610 836
704 836
791 836
815 836
836 841
836 904
108 873
151 873
239 873
337 873
633 873
788 873
100 239
225 239
239 345
239 558
239 763
239 868
199 290
222 290
290 404
290 413
290 416
290 474
290 600
290 705
290 957
290 976
114 300
300 308
300 325
300 360
300 378
300 459
300 563
300 706
300 719
300 801
300 849
300 861
89 422
330 422
366 422
422 440
422 635
422 655
422 726
422 731
422 880
51 474
214 474
359 474
375 474
427 474
474 616
474 660
474 700
474 815
474 899
474 980
112 525
162 525
181 525
378 525
515 525
525 573
525 626
525 703
525 779
525 910
525 974
105 554
154 554
232 554
507 554
552 554
554 675
554 720
554 792
554 818
554 892
554 949
554 974
143 603
149 603
159 603
204 603
213 603
345 603
603 706
603 707
603 953
603 959
603 967
107 682
355 682
504 682
682 900
682 924
26 746
197 746
206 746
242 746
311 746
366 746
407 746
601 746
607 746
118 872
210 872
392 872
476 872
526 872
657 872
748 872
830 872
872 960
872 1000
180 907
307 907
334 907
550 907
619 907
728 907
907 1000
23 981
49 981
174 981
477 981
526 981
548 981
567 981
658 981
699 981
18 28
18 91
18 210
18 266
18 321
18 337
18 428
20 28
28 166
28 286
28 528
28 826
91 192
91 200
91 230
91 233
91 298
91 568
91 640
91 736
91 904
91 908
91 982
47 210
78 210
80 210
210 244
210 309
210 355
210 359
210 408
210 556
210 640
210 645
210 951
210 995
26 266
43 266
222 266
240 266
266 327
266 346
266 898
266 953
266 997
99 321
222 321
321 429
321 437
321 480
321 550
321 945
321 997
165 337
260 337
326 337
337 407
337 498
337 549
337 644
337 713
337 796
337 976
143 428
201 428
217 428
222 428
360 428
428 445
428 490
428 506
428 524
428 595
428 759
428 819
428 915
19 59
19 64
19 135
19 147
19 735
19 751
19 754
19 761
19 771
19 924
19 930
19 948
59 75
59 156
59 280
59 281
59 296
59 366
59 418
59 473
59 653
59 709
59 727
59 769
59 816
59 840
59 956
64 108
64 433
64 480
64 755
64 758
64 769
64 892
64 992
88 135
135 151
135 215
135 283
135 347
135 407
135 517
135 564
135 680
135 705
135 831
135 957
39 147
147 377
147 541
147 572
147 617
147 650
147 663
147 752
147 762
147 846
147 894
33 735
129 735
406 735
443 735
686 735
735 744
735 826
735 878
735 904
735 929
735 978
735 998
190 751
261 751
582 751
585 751
751 823
122 754
165 754
182 754
232 754
387 754
617 754
727 754
754 798
754 878
754 919
25 761
62 761
88 761
120 761
327 761
533 761
761 769
761 801
761 937
228 771
319 771
356 771
375 771
488 771
526 771
549 771
633 771
771 891
771 903
216 924
285 924
319 924
336 924
410 924
485 924
520 924
896 924
924 941
924 951
39 930
71 930
153 930
172 930
175 930
400 930
731 930
749 930
814 930
919 930
930 980
27 948
162 948
253 948
283 948
323 948
339 948
521 948
598 948
645 948
706 948
849 948
20 105
20 209
20 292
20 353
20 572
20 630
20 744
82 105
105 141
105 173
105 275
105 335
105 363
105 705
105 953
209 236
209 237
209 252
209 305
209 445
209 462
209 487
209 680
209 772
209 811
209 865
103 292
204 292
292 326
292 356
292 387
292 524
292 617
292 683
292 830
292 848
292 921
292 939
229 353
353 361
353 498
353 540
353 661
353 705
353 815
353 883
353 894
353 913
353 979
86 572
434 572
572 686
119 630
228 630
230 630
260 630
275 630
540 630
630 758
630 853
630 974
62 744
74 744
92 744
248 744
261 744
284 744
325 744
537 744
631 744
744 835
744 911
744 919
744 980
21 157
21 267
21 387
41 157
157 260
157 471
157 895
49 267
73 267
197 267
267 302
267 528
267 717
267 828
267 887
267 916
99 387
219 387
260 387
327 387
351 387
387 423
387 436
387 493
387 821
387 960
387 975
54 488
154 488
214 488
304 488
488 515
488 674
488 745
488 870
488 912
488 913
112 663
529 663
535 663
663 869
663 935
203 672
273 672
349 672
464 672
516 672
23 143
23 355
23 439
23 476
23 552
23 640
23 657
23 932
23 940
89 143
143 350
143 512
143 514
143 832
143 960
174 355
228 355
310 355
355 414
355 475
355 549
355 640
355 927
70 439
282 439
391 439
439 491
439 512
439 581
439 687
439 714
439 813
439 943
51 476
85 476
107 476
192 476
260 476
311 476
476 498
476 607
476 770
476 796
476 929
476 955
204 552
366 552
483 552
492 552
552 583
552 644
552 675
552 702
552 705
552 933
206 640
357 640
601 640
609 640
640 769
640 824
640 979
70 657
109 657
351 657
397 657
466 657
574 657
607 657
624 657
639 657
657 798
68 932
75 932
174 932
268 932
404 932
459 932
469 932
480 932
484 932
659 932
821 932
846 932
909 932
922 932
191 940
313 940
413 940
608 940
639 940
693 940
701 940
728 940
755 940
772 940
816 940
24 161
24 234
24 298
24 322
24 585
24 703
24 832
24 839
24 842
52 161
161 166
161 378
161 406
172 234
184 234
234 298
234 406
234 472
234 490
234 772
234 786
234 833
234 922
234 959
234 966
47 298
71 298
149 298
225 298
298 350
298 489
298 641
298 861
298 951
298 980
322 531
322 576
322 662
322 829
118 585
154 585
196 585
226 585
325 585
357 585
361 585
407 585
585 609
585 613
585 674
585 807
585 880
585 998
134 703
188 703
253 703
50 832
159 832
583 832
826 832
831 832
832 995
214 839
319 839
403 839
609 839
625 839
839 952
839 965
68 842
156 842
222 842
623 842
760 842
25 431
25 484
25 533
25 699
25 911
25 964
25 980
51 431
242 431
379 431
397 431
431 909
166 484
293 484
484 637
484 838
119 533
294 533
363 533
408 533
533 594
533 597
533 684
533 720
533 762
533 878
533 974
175 699
275 699
528 699
654 699
699 717
699 822
699 831
699 841
699 870
214 911
227 911
253 911
559 911
583 911
584 911
844 911
864 911
911 973
44 964
69 964
95 964
153 964
458 964
635 964
838 964
925 964
120 980
178 980
216 980
405 980
544 980
614 980
917 980
26 659
26 998
62 659
125 659
138 659
530 659
614 659
659 795
659 824
659 834
659 897
68 998
101 998
141 998
291 998
305 998
420 998
434 998
541 998
582 998
655 998
870 998
920 998
956 998
27 114
27 397
27 406
27 466
27 802
27 898
27 908
27 920
114 122
114 125
114 407
114 526
114 625
114 666
114 763
114 835
114 841
114 942
203 397
351 397
397 432
397 456
397 464
397 521
397 660
397 951
397 997
95 406
184 406
253 406
305 406
404 406
406 912
406 955
406 971
406 987
371 466
390 466
466 537
466 863
466 876
466 945
320 802
446 802
458 802
548 802
582 802
717 802
802 823
802 850
802 880
47 898
129 898
356 898
528 898
757 898
829 898
54 908
197 908
221 908
225 908
261 908
607 908
830 908
73 920
108 920
116 920
172 920
446 920
553 920
752 920
801 920
49 166
69 166
92 166
166 216
166 276
166 291
166 293
166 414
166 483
166 555
166 557
166 810
166 903
66 286
130 286
172 286
286 329
286 345
286 363
286 441
286 645
286 848
286 916
73 528
242 528
329 528
343 528
359 528
399 528
421 528
504 528
528 717
528 784
101 826
120 826
149 826
217 826
256 826
293 826
418 826
423 826
441 826
807 826
826 919
256 516
516 544
516 563
516 576
516 629
331 788
342 788
614 788
649 788
741 788
762 788
788 891
788 919
82 792
220 792
228 792
244 792
264 792
334 792
388 792
451 792
720 792
772 792
792 947
162 818
329 818
818 834
818 909
818 957
41 852
127 852
365 852
440 852
522 852
556 852
707 852
89 887
229 887
412 887
456 887
523 887
555 887
594 887
650 887
68 906
283 906
329 906
371 906
420 906
433 906
527 906
62 946
82 946
134 946
144 946
347 946
472 946
532 946
555 946
559 946
590 946
619 946
650 946
654 946
680 946
860 946
929 946
156 976
291 976
312 976
362 976
511 976
610 976
718 976
777 976
868 976
943 976
958 976
199 982
334 982
338 982
679 982
881 982
912 982
965 982
79 190
79 745
79 978
154 223
154 434
154 526
154 539
154 540
154 716
154 729
154 853
154 857
154 973
182 442
442 527
442 621
442 661
442 718
442 726
442 823
442 904
442 914
442 923
88 451
99 451
280 451
319 451
344 451
446 451
451 505
451 644
451 863
451 973
116 633
148 633
201 633
220 633
250 633
329 633
373 633
471 633
560 633
601 633
633 708
633 760
633 956
38 644
413 644
483 644
489 644
535 644
588 644
644 896
62 675
109 675
407 675
409 675
505 675
639 675
675 718
675 865
675 886
35 721
206 721
349 721
721 800
119 732
197 732
202 732
273 732
284 732
294 732
324 732
338 732
366 732
437 732
545 732
732 759
732 795
732 804
732 844
732 878
130 801
176 801
178 801
250 801
276 801
356 801
545 801
576 801
584 801
729 801
738 801
801 835
801 903
31 101
31 296
31 693
31 780
31 834
31 843
31 876
101 129
101 186
101 223
101 360
101 421
101 636
101 686
101 787
101 807
101 851
101 957
151 296
196 296
216 296
296 372
296 718
296 865
296 899
39 693
171 693
283 693
560 693
693 777
693 823
35 780
141 780
445 780
524 780
637 780
686 780
697 780
780 843
156 834
506 834
620 834
702 834
834 851
331 843
375 843
573 843
843 863
843 927
37 876
158 876
241 876
517 876
571 876
669 876
773 876
876 939
876 975
180 506
506 531
506 619
506 652
506 749
506 759
506 863
506 909
54 622
225 622
312 622
564 622
567 622
611 622
622 662
622 683
622 694
622 706
622 840
622 913
215 655
221 655
304 655
655 774
51 697
75 697
201 697
262 697
275 697
441 697
443 697
581 697
654 697
697 866
697 893
221 857
236 857
276 857
619 857
728 857
748 857
857 863
857 938
44 871
87 871
139 871
197 871
230 871
283 871
399 871
169 965
217 965
237 965
338 965
487 965
557 965
614 965
620 965
719 965
726 965
741 965
813 965
959 965
965 988
33 62
33 93
33 287
33 291
33 701
33 714
33 931
33 997
62 122
62 216
62 373
62 382
62 581
62 718
62 860
62 922
62 974
62 986
62 992
62 996
90 93
93 495
93 555
93 611
93 614
93 817
93 943
93 955
127 287
197 287
287 380
287 427
287 475
287 540
287 560
287 639
287 653
287 848
287 904
287 960
204 291
291 319
291 446
291 472
291 480
291 499
291 588
291 688
291 790
291 851
291 909
291 969
361 701
382 701
614 701
701 731
701 750
701 772
96 714
256 714
332 714
494 714
608 714
714 866
714 986
37 931
108 931
195 931
248 931
264 931
268 931
309 931
320 931
440 931
443 931
708 931
851 931
866 931
931 963
49 997
51 997
109 997
241 997
333 997
509 997
611 997
720 997
776 997
34 52
34 181
34 247
34 326
34 463
34 493
34 668
34 718
34 785
34 837
34 921
52 174
52 444
52 447
45 181
181 313
181 617
181 749
181 757
247 445
247 524
247 658
247 676
247 915
247 962
99 326
306 326
326 381
326 880
326 888
58 463
63 463
186 463
235 463
463 553
463 600
463 615
463 661
463 702
463 811
463 954
50 493
208 493
493 517
493 653
493 755
493 814
493 958
92 668
180 668
216 668
268 668
338 668
498 668
599 668
643 668
668 785
149 718
351 718
472 718
504 718
541 718
592 718
680 718
702 718
718 829
718 865
718 978
151 785
344 785
458 785
785 960
427 837
482 837
643 837
691 837
837 904
837 951
837 957
421 921
445 921
462 921
578 921
669 921
680 921
861 921
865 921
35 123
35 220
35 449
35 549
35 731
35 956
123 381
123 419
123 434
123 537
123 728
123 840
123 962
123 995
92 220
220 282
220 324
220 441
220 446
220 458
220 470
220 472
220 504
220 505
220 510
220 705
220 769
220 853
43 449
155 449
277 449
449 535
449 776
449 869
304 549
336 549
549 573
549 727
549 807
78 731
223 731
280 731
427 731
531 731
624 731
684 731
706 731
731 849
307 956
343 956
400 956
443 956
471 956
544 956
574 956
581 956
631 956
883 956
945 956
42 248
227 248
248 339
248 517
248 685
248 686
248 893
248 955
47 434
86 434
434 478
434 535
434 539
434 738
434 763
434 866
434 957
203 529
329 529
408 529
529 555
529 615
529 617
529 619
529 686
156 634
195 634
496 634
530 634
584 634
634 648
634 864
634 891
634 909
199 661
318 661
579 661
611 661
661 762
54 720
232 720
371 720
720 729
720 816
720 845
720 894
58 798
158 798
487 798
598 798
798 961
798 989
47 828
82 828
306 828
409 828
515 828
582 828
670 828
828 840
47 831
313 831
323 831
412 831
103 975
175 975
206 975
241 975
491 975
626 975
650 975
676 975
683 975
800 975
149 978
251 978
359 978
424 978
532 978
535 978
590 978
656 978
763 978
848 978
897 978
37 153
37 201
37 325
37 627
37 716
37 774
37 782
37 912
37 925
53 153
86 153
153 228
153 361
153 638
153 737
153 779
153 972
153 986
201 221
201 534
201 541
201 627
201 653
201 686
201 815
201 936
201 986
325 334
325 584
325 620
325 923
459 627
489 627
563 627
593 627
627 645
627 823
85 716
187 716
344 716
349 716
648 716
716 736
716 961
716 989
87 774
334 774
388 774
774 943
50 782
63 782
103 782
116 782
559 782
619 782
623 782
738 782
782 915
782 955
782 963
215 912
283 912
418 912
511 912
766 912
819 912
861 912
71 925
327 925
578 925
620 925
777 925
787 925
38 119
38 808
119 366
119 608
119 939
47 808
108 808
110 808
149 808
582 808
664 808
39 47
39 61
39 134
39 221
39 222
39 520
39 544
39 567
39 777
39 811
47 191
47 273
47 365
47 436
47 590
47 777
47 795
47 829
61 89
61 100
61 264
61 477
61 587
61 624
61 787
61 813
58 134
98 134
134 138
134 164
134 188
134 197
134 521
134 952
136 221
221 229
221 958
54 222
195 222
222 518
222 540
222 579
222 819
130 520
169 520
190 520
429 520
520 536
520 546
520 914
520 943
138 544
544 637
544 639
544 986
129 567
173 567
346 567
441 567
536 567
567 582
567 790
567 874
567 903
49 777
540 777
591 777
592 777
777 815
777 945
281 811
518 811
573 811
576 811
643 811
752 811
811 814
811 886
40 164
40 410
40 487
40 530
40 830
40 939
43 164
164 242
164 574
164 653
164 667
164 860
54 410
63 410
215 410
224 410
242 410
283 410
410 440
410 498
410 922
202 487
342 487
487 557
487 793
487 845
130 530
245 530
530 578
530 598
530 800
74 830
225 830
271 830
576 830
719 830
728 830
816 830
491 939
539 939
650 939
881 939
41 241
41 477
41 556
41 645
41 694
41 787
41 957
141 241
241 468
241 897
241 913
185 477
191 477
366 477
477 555
477 645
340 556
351 556
556 571
556 614
556 652
556 726
556 896
556 958
645 790
645 972
294 694
318 694
694 705
694 748
694 823
694 833
694 860
694 863
694 926
694 952
694 987
158 787
371 787
492 787
546 787
654 787
787 840
787 945
42 957
256 957
441 957
555 957
877 957
42 770
42 935
73 770
270 770
429 770
550 770
667 770
770 829
770 877
172 935
457 935
557 935
576 935
614 935
623 935
760 935
897 935
935 967
43 125
43 299
43 416
43 452
43 481
43 592
43 619
43 847
125 199
125 245
125 340
125 505
125 631
125 793
299 357
299 380
299 535
299 550
299 749
299 790
299 869
299 927
379 416
416 686
416 789
416 966
188 452
268 452
413 452
452 509
452 521
452 564
452 600
452 666
452 722
452 766
45 481
130 481
152 481
271 481
429 481
432 481
481 584
481 960
481 971
63 592
214 592
592 607
592 833
592 926
592 958
592 996
49 619
197 619
388 619
537 619
619 745
148 847
202 847
237 847
324 847
392 847
653 847
686 847
737 847
840 847
847 853
44 318
44 320
44 414
44 539
44 548
44 729
44 874
44 915
44 968
111 318
173 318
318 436
318 459
318 485
318 558
320 799
414 464
414 480
414 601
414 635
414 681
414 786
182 539
539 541
539 639
539 674
539 719
539 926
68 548
73 548
88 548
190 548
214 548
276 548
304 548
403 548
548 559
548 563
548 574
548 886
548 913
256 729
329 729
382 729
459 729
590 729
729 878
729 942
54 874
335 874
594 874
607 874
749 874
215 915
514 915
347 968
361 968
391 968
683 968
943 968
958 968
45 228
45 242
45 264
45 437
45 800
228 571
228 987
224 242
242 409
242 584
242 660
242 759
54 264
75 264
264 568
264 610
264 728
264 779
86 437
202 437
232 437
271 437
312 437
437 497
437 593
437 681
437 823
437 838
437 949
437 955
183 800
200 800
423 800
498 800
595 800
667 800
728 800
800 910
800 952
205 270
262 270
270 278
270 601
270 660
270 841
270 910
116 278
278 482
278 676
278 680
56 305
86 305
130 305
208 305
281 305
294 305
305 408
305 583
305 588
305 648
305 651
305 741
305 752
305 960
83 448
213 448
310 448
338 448
448 704
448 736
448 778
448 859
448 863
107 489
120 489
150 489
190 489
374 489
473 489
489 541
489 581
489 676
489 680
489 713
489 799
489 817
489 844
172 505
205 505
327 505
374 505
492 505
505 507
505 841
138 536
363 536
400 536
447 536
498 536
536 593
536 624
536 880
261 786
583 786
676 786
776 786
786 844
136 951
232 951
302 951
409 951
504 951
521 951
813 951
83 191
191 311
191 313
191 390
192 273
224 273
245 273
273 757
273 814
285 365
187 436
277 436
382 436
436 680
436 763
178 590
399 590
590 700
590 862
590 880
89 795
302 795
345 795
440 795
705 795
736 795
778 795
795 870
795 881
85 829
92 829
162 829
288 829
730 829
768 829
120 380
122 380
309 380
380 586
380 631
380 848
380 988
108 461
184 461
208 461
236 461
461 670
461 722
461 730
49 207
49 379
49 588
49 624
49 775
49 845
207 375
207 480
207 517
207 545
207 553
207 635
207 748
207 943
129 379
130 379
225 379
379 804
379 969
126 588
162 588
433 588
580 588
588 815
178 624
327 624
584 624
607 624
120 775
255 775
403 775
440 775
458 775
560 775
775 793
775 823
140 845
706 845
709 845
726 845
766 845
845 848
845 903
845 926
50 518
50 759
50 849
50 927
281 518
400 518
518 688
518 933
80 759
144 759
374 759
381 759
611 759
98 849
162 849
173 849
390 849
423 849
523 849
534 849
849 895
849 996
849 1000
80 927
118 927
250 927
336 927
340 927
350 927
458 927
586 927
666 927
671 927
793 927
51 197
51 706
51 748
51 796
185 197
197 223
197 377
197 483
197 704
197 892
197 941
83 706
541 706
705 706
706 767
706 821
706 860
136 748
323 748
381 748
440 748
482 748
557 748
614 748
748 962
219 796
426 796
796 866
54 174
174 282
174 491
174 945
188 444
282 444
444 524
444 535
444 914
444 917
444 941
444 971
447 581
447 614
447 790
447 899
447 992
53 138
53 275
53 662
53 713
53 717
53 853
80 138
138 555
138 608
138 739
138 755
178 275
275 313
275 403
275 515
275 669
275 722
275 734
275 943
71 662
226 662
277 662
458 662
537 662
631 662
662 899
182 713
277 713
332 713
399 713
457 713
535 713
609 713
178 717
260 717
289 717
311 717
617 717
717 838
717 974
165 853
261 853
372 853
374 853
396 853
429 853
524 853
526 853
541 853
587 853
595 853
600 853
614 853
742 853
54 126
54 141
54 338
54 835
54 954
54 979
126 141
126 400
126 457
126 485
126 584
126 866
141 163
141 227
141 566
141 581
141 620
141 738
141 866
141 943
141 971
219 338
338 373
338 381
338 392
338 559
338 566
338 708
338 736
338 793
338 996
56 835
68 835
163 835
195 835
670 835
835 838
835 880
99 954
200 954
382 954
599 954
745 954
412 979
418 979
473 979
766 979
772 979
58 83
83 173
83 227
83 262
83 308
83 359
83 392
83 509
83 626
83 938
83 953
88 250
152 250
250 285
250 709
250 899
250 958
183 357
288 357
357 421
357 433
357 483
357 534
357 557
294 778
778 881
512 972
660 972
684 972
864 972
952 972
960 972
56 237
56 331
56 557
56 586
56 600
56 756
56 870
56 942
89 237
237 492
237 511
237 637
237 841
237 917
140 331
175 331
331 373
331 392
331 686
331 766
331 900
331 945
331 949
331 966
85 557
171 557
531 557
557 571
557 616
557 793
557 958
351 586
470 586
586 736
586 877
372 600
375 600
553 600
600 995
89 756
180 756
339 756
631 756
756 822
756 929
307 870
363 870
494 870
760 870
870 973
345 942
408 942
615 942
816 942
910 942
110 629
110 840
110 909
110 949
171 459
171 524
171 553
171 758
171 901
171 967
235 394
356 394
359 394
394 504
100 485
190 485
485 511
485 737
103 730
183 730
208 730
224 730
230 730
349 730
709 730
136 758
349 758
419 758
446 758
532 758
69 773
378 773
700 773
773 833
60 822
75 822
233 822
281 822
289 822
399 822
574 822
601 822
652 822
230 838
562 838
817 838
271 861
306 861
336 861
496 861
550 861
625 861
58 281
58 297
58 620
58 945
158 281
281 996
66 297
297 413
297 583
297 637
297 863
297 996
329 620
421 620
547 620
620 841
620 909
80 945
681 945
768 945
851 945
929 945
75 388
75 553
75 574
75 637
75 888
109 156
156 276
156 483
156 564
156 595
156 667
156 814
156 963
230 280
251 280
280 306
280 361
280 674
280 824
280 881
280 955
60 366
85 366
268 366
329 366
366 726
366 833
98 418
418 535
418 623
418 749
418 936
417 473
473 641
473 736
86 653
144 653
534 653
591 653
653 926
653 963
66 709
308 709
631 709
709 762
709 869
74 727
521 727
582 727
676 727
727 886
727 923
727 958
727 986
73 769
130 769
169 769
432 769
149 816
216 816
323 816
346 816
648 816
667 816
816 923
103 840
200 840
405 840
471 840
60 69
60 140
60 223
60 933
69 178
69 277
69 329
69 674
69 691
69 866
140 225
140 361
140 420
140 421
140 768
140 899
223 302
223 763
144 933
582 933
762 933
933 955
933 962
89 184
89 294
89 333
89 478
89 499
89 664
89 688
100 136
100 150
100 413
100 532
100 819
100 937
74 587
99 587
392 587
587 670
587 707
587 799
587 860
185 813
309 813
446 813
568 813
122 225
122 562
122 576
216 482
216 658
216 670
216 700
216 807
216 850
216 886
216 971
319 373
373 973
277 382
382 674
74 581
108 581
581 705
581 844
159 860
226 860
456 860
527 860
537 860
755 860
860 888
860 966
860 971
219 922
306 922
420 922
656 922
824 922
922 929
90 974
129 974
213 974
225 974
339 974
534 974
637 974
66 986
214 986
363 986
427 986
532 986
784 986
824 986
580 992
638 992
671 992
734 992
784 992
260 996
307 996
494 996
578 996
760 996
63 103
63 188
63 213
63 351
63 391
63 496
63 591
103 116
103 617
103 848
103 917
103 929
188 351
188 371
188 458
188 495
188 739
213 527
213 658
213 681
148 351
344 351
351 521
88 391
391 419
391 480
391 574
391 610
391 752
252 496
424 496
496 558
496 877
196 591
334 591
584 591
591 669
591 749
591 841
591 893
591 952
591 966
65 108
108 180
108 284
108 626
108 652
108 660
108 728
108 763
332 433
361 433
413 433
433 739
433 766
433 804
433 910
178 480
480 547
480 910
68 755
129 755
152 755
339 755
475 755
180 892
491 892
545 892
65 86
65 285
65 649
65 673
65 804
65 833
65 914
65 929
86 824
86 962
118 285
196 285
268 285
283 285
285 495
285 616
285 850
308 649
582 649
649 656
649 679
649 683
649 958
302 673
356 673
495 673
580 673
584 673
610 673
673 904
151 804
349 804
610 804
666 804
784 804
789 804
381 833
404 833
483 833
514 833
614 833
638 833
833 881
833 903
127 914
819 914
284 929
421 929
638 929
844 929
66 251
66 399
66 726
66 760
66 878
68 251
88 251
205 251
217 251
251 648
186 399
271 399
399 654
399 660
399 880
112 726
136 726
227 726
408 726
512 726
599 726
726 966
282 760
417 760
515 760
560 760
637 760
255 878
460 878
71 283
71 335
71 378
71 417
71 522
71 919
144 440
144 626
144 679
144 704
144 807
144 848
144 865
313 683
313 988
313 995
78 344
344 412
344 610
344 651
344 851
389 531
389 608
389 955
68 409
302 409
409 750
409 963
347 555
497 555
555 684
555 708
163 681
324 681
372 681
681 762
681 779
80 919
151 919
230 919
342 919
421 919
625 919
919 963
919 995
68 99
68 214
68 420
68 617
68 671
68 841
99 136
99 666
99 704
159 214
214 532
214 719
327 420
420 498
420 568
420 574
420 598
420 973
330 617
610 617
617 814
617 943
107 671
507 671
531 671
541 671
629 671
200 841
340 841
472 841
584 841
601 841
722 841
178 312
178 799
178 966
196 277
277 324
277 864
277 904
127 329
199 329
219 329
289 329
87 674
130 674
339 674
363 674
601 674
654 674
152 691
227 691
327 691
407 691
546 691
593 691
691 862
691 895
70 345
70 419
70 482
70 576
70 611
70 705
345 578
345 656
345 763
363 419
371 419
419 522
419 541
419 877
229 482
215 576
245 576
475 576
562 576
576 742
576 883
460 611
546 611
152 705
173 705
685 705
705 741
236 283
283 728
335 458
335 595
310 378
293 417
417 791
334 522
396 522
219 229
227 229
229 768
190 464
464 583
464 793
158 517
218 517
517 615
517 776
517 967
538 582
538 679
538 684
235 614
524 614
526 614
614 631
614 664
614 789
405 742
512 742
742 784
82 953
165 953
230 953
584 953
953 966
953 969
73 74
73 327
73 457
73 478
73 579
73 651
73 757
73 815
74 324
74 360
74 495
74 896
107 327
246 327
282 327
327 541
271 457
446 457
457 790
457 817
187 478
478 851
478 923
478 958
504 579
579 629
579 799
579 883
98 651
183 651
245 651
381 651
584 651
594 651
607 651
651 916
456 757
560 757
615 757
728 757
757 776
130 815
219 815
302 815
815 903
130 324
180 324
196 324
324 635
324 864
360 363
360 599
360 850
176 495
244 495
307 495
491 495
495 571
495 814
495 865
495 988
472 896
534 896
540 896
601 896
779 896
893 896
896 923
262 388
293 388
388 967
96 553
149 553
218 553
230 553
497 553
553 584
553 621
553 883
553 949
356 574
361 574
574 959
637 684
120 888
152 888
491 888
531 888
844 888
886 888
888 958
90 163
90 182
90 268
90 941
151 244
151 541
151 582
151 602
151 615
151 641
151 670
151 952
95 182
182 349
182 961
284 309
284 346
284 658
284 864
284 899
284 936
284 987
356 666
356 869
405 568
405 593
405 817
405 868
405 883
405 903
96 139
139 202
139 205
139 635
139 784
139 989
176 421
293 421
336 421
421 848
421 899
226 913
541 913
584 913
613 913
683 913
707 913
130 952
424 952
895 952
288 958
330 958
545 958
660 958
685 958
855 958
955 958
78 859
78 937
200 859
232 859
790 859
111 937
200 937
227 937
462 937
621 937
877 937
895 937
897 937
937 941
190 230
192 745
494 745
602 745
708 745
745 814
745 821
80 252
80 426
80 573
80 910
240 252
271 426
426 512
426 664
426 962
180 573
514 573
550 573
573 601
573 623
573 752
363 910
490 910
510 910
621 910
814 910
901 910
155 441
346 441
390 441
396 441
441 629
441 686
445 602
445 680
445 904
445 936
155 456
456 571
456 623
205 560
206 560
342 560
253 702
512 702
601 702
702 736
702 971
163 917
309 917
82 173
82 362
82 562
82 563
82 684
173 767
173 862
173 883
173 966
362 432
362 540
362 599
92 562
109 562
244 562
294 562
371 562
562 602
225 563
563 652
563 862
563 881
563 944
203 684
271 684
471 684
680 684
684 736
684 886
149 227
227 289
227 547
227 960
262 564
262 616
92 308
308 403
308 540
308 635
308 899
308 943
186 359
359 427
359 708
359 962
392 664
392 960
282 509
427 509
498 509
509 527
509 535
509 941
233 626
332 626
490 626
545 626
566 626
626 810
626 955
261 938
848 938
938 955
88 112
112 199
112 686
112 868
255 470
255 483
255 497
255 893
526 658
526 963
187 578
261 578
377 578
412 578
578 799
340 722
722 750
722 779
722 848
722 987
372 738
540 738
738 752
738 848
738 971
789 793
793 900
793 988
85 240
85 497
85 660
218 240
240 244
240 268
240 271
240 347
240 550
240 949
208 497
497 510
497 608
497 749
497 941
184 660
580 660
594 660
660 784
660 904
660 959
162 824
339 824
381 824
504 824
568 824
707 824
824 844
824 936
215 962
762 962
87 219
87 412
87 558
118 219
192 219
219 309
412 595
412 708
412 790
180 558
446 558
460 558
521 558
558 636
558 719
558 973
88 361
361 547
361 734
361 819
361 851
361 883
184 609
184 750
294 669
294 749
294 880
232 333
333 381
333 638
333 821
333 846
165 499
175 499
490 499
470 664
511 664
584 664
664 864
340 688
163 791
268 342
268 483
268 597
268 883
186 941
550 941
580 941
737 941
941 960
176 192
192 404
192 511
192 687
200 404
200 532
200 652
230 750
230 763
96 233
217 233
233 343
233 610
233 880
136 568
183 568
236 568
545 568
568 613
568 916
568 947
203 736
346 736
459 736
625 736
734 736
204 904
289 904
390 904
823 904
92 534
92 772
534 772
534 807
636 772
772 791
772 819
772 821
116 817
224 817
363 817
469 817
635 817
639 817
666 817
817 926
96 943
253 943
304 943
566 943
196 955
559 955
916 955
116 244
116 246
116 524
116 621
130 172
130 459
130 521
130 654
130 963
512 527
527 613
527 901
98 597
566 597
95 973
120 973
789 973
851 973
96 203
203 343
203 707
129 307
129 375
129 851
149 623
623 750
623 855
111 988
312 988
350 988
566 988
650 988
670 988
728 988
98 643
98 936
98 966
289 643
183 936
598 936
172 966
789 966
136 159
136 334
136 683
136 899
372 666
666 752
666 766
396 704
650 704
704 734
150 162
150 987
404 413
413 880
545 819
648 819
652 819
186 768
226 636
472 636
120 686
235 686
261 686
311 686
523 686
531 686
462 807
708 807
381 851
443 851
204 289
204 652
204 728
340 490
340 893
400 609
400 895
400 944
225 470
470 685
470 869
107 595
127 595
342 595
475 595
515 595
595 768
253 639
483 639
540 639
639 916
304 810
372 810
376 810
582 810
608 810
810 949
790 848
235 483
235 949
306 440
440 944
148 608
202 608
608 971
363 469
205 339
492 580
492 719
492 880
492 960
546 863
158 899
390 899
107 159
107 180
107 342
159 226
159 582
159 749
118 342
342 427
342 599
342 865
162 652
652 685
669 728
728 862
109 343
109 521
343 491
343 648
343 719
306 521
148 629
172 629
185 629
498 629
594 629
629 855
307 909
408 909
423 909
580 909
580 949
947 949
111 374
111 443
111 583
111 638
374 396
374 638
374 687
374 868
443 752
583 846
583 971
547 638
638 864
638 947
638 969
199 232
199 656
868 960
225 407
225 523
559 779
559 850
559 967
334 900
408 900
881 900
310 407
407 408
196 625
302 625
625 926
172 244
244 334
246 767
246 768
152 524
468 524
472 524
531 621
621 676
621 680
621 683
118 271
118 350
118 512
118 823
350 656
512 658
512 791
512 947
462 823
510 823
120 215
120 218
120 381
215 490
215 658
215 762
215 805
218 288
218 767
224 381
381 737
381 846
224 995
336 995
616 995
323 580
187 685
245 687
349 631
404 631
631 737
631 741
256 584
584 594
584 863
127 276
127 535
127 850
276 462
276 707
319 535
535 610
260 850
789 850
183 462
462 635
336 566
468 566
491 566
566 790
566 855
349 679
679 916
187 307
202 375
375 507
375 877
459 762
459 768
459 1000
654 967
377 963
667 963
750 963
963 1000
155 767
550 767
593 767
302 864
599 864
737 864
152 894
886 894
152 347
152 458
288 471
288 799
403 683
403 750
472 923
601 923
302 799
680 1000
304 334
334 446
334 582
334 961
293 683
510 683
582 683
610 683
683 855
176 336
293 336
372 540
471 571
571 799
571 814
289 658
498 658
658 784
658 814
541 865
158 739
601 739
148 202
149 202
550 784
784 916
195 989
404 989
749 989
960 989
599 768
971 1000
187 468
187 550
306 330
330 469
330 475
330 511
330 545
256 429
545 960
669 960
960 969
183 424
183 511
261 490
261 669
510 602
708 799
762 799
253 610
762 886
339 377
752 789
232 846
491 846
719 846
805 846
149 609
601 609
162 236
162 967
309 987
511 987
494 582
545 582
155 615
309 615
372 615
670 676
458 880
289 737
423 779
656 779
155 468
169 468
404 468
468 961
323 667
656 667
169 814
471 901
175 749
224 749
707 855
707 881
323 967
750 967
791 881
165 507
165 969
507 893
507 903
469 969
616 903
371 926
169 312
169 346
169 805
312 323
312 339
195 346
346 805
396 805
319 901
469 862
776 883
282 339
282 719
282 863
491 613
491 1000
175 734
176 332
332 844
196 676
490 676
304 349
339 349
349 601
349 750
547 961
390 523
404 855
687 881
304 719
208 232
232 460
372 656
289 490
289 523
289 719
323 339
206 490
206 613
523 613
208 545
309 531
306 601
601 855
510 616
510 947
669 886
217 855
594 855
475 504
504 741
504 776
224 498
224 523
523 607
396 547
547 844
460 789
253 669
253 944
708 877
469 916
494 515
881 947
776 1000
598 891
