1 2
1 3
1 4
1 5
1 6
1 7
1 8
1 9
1 10
1 11
1 12
1 13
1 14
1 15
1 20
1 21
1 23
1 24
1 27
1 31
1 34
1 35
1 38
1 40
1 77
1 89
1 93
1 97
1 101
1 109
1 112
1 122
1 127
1 145
1 154
1 155
1 156
1 159
1 168
1 171
1 178
1 190
1 197
1 200
1 202
1 207
1 217
1 227
1 234
1 235
1 236
1 250
1 256
1 259
1 279
1 288
1 304
1 308
1 324
1 331
1 349
1 353
1 363
1 368
1 377
1 382
1 385
1 392
1 400
1 401
1 402
1 410
1 424
1 444
1 468
1 471
1 476
1 533
1 538
1 559
1 579
1 580
1 605
1 647
1 670
1 685
1 711
1 728
1 731
1 739
1 754
1 766
2 3
2 4
2 8
2 9
2 11
2 23
2 32
2 51
2 61
2 92
2 161
2 187
2 247
2 310
2 377
2 444
2 483
2 563
2 638
2 710
2 711
2 763
2 766
3 4
3 5
3 7
3 8
3 10
3 11
3 13
3 14
3 15
3 17
3 18
3 19
3 20
3 26
3 27
3 29
3 30
3 32
3 40
3 45
3 54
3 55
3 62
3 64
3 68
3 69
3 76
3 91
3 100
3 101
3 126
3 139
3 147
3 170
3 174
3 183
3 184
3 185
3 186
3 189
3 202
3 217
3 221
3 234
3 247
3 248
3 271
3 301
3 304
3 308
3 313
3 314
3 328
3 333
3 355
3 361
3 373
3 375
3 393
3 398
3 400
3 407
3 419
3 425
3 427
3 435
3 445
3 447
3 451
3 464
3 470
3 482
3 486
3 494
3 518
3 521
3 526
3 545
3 559
3 567
3 601
3 609
3 631
3 635
3 643
3 645
3 670
3 680
3 717
3 722
3 733
3 737
3 742
3 768
4 5
4 6
4 7
4 8
4 9
4 11
4 17
4 18
4 21
4 22
4 23
4 24
4 26
4 27
4 29
4 30
4 32
4 35
4 36
4 44
4 45
4 47
4 48
4 49
4 51
4 52
4 56
4 57
4 62
4 69
4 70
4 72
4 79
4 81
4 85
4 93
4 109
4 115
4 118
4 119
4 122
4 134
4 135
4 143
4 154
4 155
4 163
4 168
4 170
4 174
4 177
4 182
4 186
4 187
4 188
4 193
4 199
4 200
4 214
4 218
4 231
4 233
4 235
4 246
4 259
4 278
4 280
4 308
4 310
4 319
4 340
4 349
4 350
4 354
4 365
4 379
4 385
4 389
4 393
4 401
4 406
4 411
4 418
4 427
4 432
4 439
4 442
4 456
4 460
4 466
4 483
4 490
4 491
4 492
4 493
4 505
4 509
4 510
4 518
4 529
4 536
4 537
4 543
4 556
4 574
4 578
4 588
4 610
4 612
4 661
4 663
4 680
4 685
4 686
4 697
4 709
4 717
4 720
4 722
4 734
4 745
4 751
4 753
4 763
4 773
4 775
4 780
4 788
4 791
5 6
5 7
5 8
5 10
5 12
5 13
5 14
5 16
5 19
5 21
5 23
5 24
5 25
5 26
5 29
5 37
5 38
5 42
5 46
5 47
5 50
5 55
5 57
5 58
5 59
5 60
5 66
5 68
5 76
5 86
5 88
5 91
5 95
5 105
5 107
5 109
5 111
5 119
5 121
5 130
5 132
5 136
5 139
5 146
5 151
5 155
5 166
5 167
5 204
5 209
5 229
5 239
5 258
5 262
5 264
5 267
5 275
5 279
5 286
5 289
5 294
5 301
5 313
5 344
5 360
5 361
5 367
5 394
5 397
5 413
5 429
5 434
5 485
5 492
5 495
5 496
5 518
5 537
5 560
5 574
5 584
5 587
5 591
5 607
5 610
5 612
5 622
5 634
5 637
5 667
5 680
5 701
5 716
5 750
5 754
5 792
5 797
6 9
6 10
6 13
6 14
6 18
6 20
6 25
6 28
6 29
6 30
6 33
6 35
6 45
6 47
6 48
6 49
6 56
6 57
6 60
6 63
6 65
6 77
6 78
6 87
6 89
6 103
6 125
6 129
6 152
6 164
6 168
6 172
6 186
6 206
6 237
6 250
6 253
6 265
6 299
6 307
6 321
6 443
6 449
6 460
6 462
6 464
6 489
6 509
6 510
6 517
6 550
6 555
6 564
6 616
6 652
6 688
6 733
6 747
6 757
6 761
6 771
7 10
7 12
7 14
7 15
7 16
7 17
7 19
7 22
7 24
7 30
7 33
7 34
7 36
7 37
7 38
7 39
7 43
7 44
7 46
7 48
7 49
7 51
7 52
7 53
7 57
7 66
7 70
7 71
7 72
7 73
7 75
7 78
7 79
7 80
7 83
7 84
7 85
7 88
7 99
7 102
7 106
7 114
7 115
7 117
7 118
7 124
7 128
7 129
7 154
7 157
7 159
7 177
7 181
7 184
7 186
7 192
7 194
7 202
7 207
7 211
7 224
7 233
7 251
7 267
7 276
7 309
7 315
7 318
7 322
7 326
7 332
7 337
7 357
7 394
7 420
7 423
7 426
7 431
7 438
7 440
7 453
7 463
7 482
7 484
7 528
7 537
7 542
7 557
7 565
7 572
7 573
7 574
7 575
7 581
7 599
7 605
7 606
7 620
7 645
7 679
7 693
7 708
7 722
7 731
7 752
7 756
7 800
8 11
8 26
8 44
8 51
8 62
8 70
8 75
8 99
8 101
8 115
8 127
8 138
8 161
8 175
8 187
8 205
8 210
8 223
8 227
8 243
8 259
8 260
8 263
8 311
8 344
8 359
8 368
8 375
8 396
8 417
8 418
8 421
8 445
8 447
8 490
8 496
8 516
8 539
8 573
8 578
8 631
8 658
8 670
8 692
8 754
8 796
9 10
9 11
9 15
9 18
9 21
9 22
9 33
9 36
9 40
9 61
9 63
9 72
9 77
9 80
9 92
9 97
9 98
9 114
9 135
9 173
9 178
9 189
9 190
9 195
9 208
9 214
9 219
9 230
9 252
9 254
9 302
9 310
9 324
9 330
9 343
9 347
9 350
9 385
9 412
9 419
9 431
9 490
9 497
9 511
9 514
9 519
9 530
9 543
9 547
9 556
9 562
9 590
9 593
9 622
9 659
9 672
9 674
9 682
9 707
9 729
9 733
9 753
9 759
9 760
9 769
9 771
9 773
9 789
9 800
10 12
10 13
10 14
10 15
10 21
10 27
10 33
10 35
10 63
10 99
10 123
10 144
10 153
10 157
10 165
10 189
10 208
10 233
10 240
10 300
10 317
10 344
10 392
10 394
10 406
10 413
10 442
10 454
10 455
10 464
10 601
10 606
10 617
10 618
10 715
10 755
10 787
10 798
11 17
11 26
11 29
11 61
11 76
11 81
11 101
11 106
11 113
11 138
11 169
11 190
11 223
11 243
11 260
11 306
11 366
11 369
11 409
11 417
11 425
11 441
11 656
11 672
11 674
11 683
11 698
11 711
11 776
12 16
12 21
12 23
12 25
12 31
12 33
12 34
12 37
12 38
12 42
12 43
12 46
12 57
12 85
12 109
12 128
12 129
12 130
12 139
12 142
12 144
12 146
12 151
12 197
12 200
12 205
12 207
12 209
12 251
12 294
12 320
12 361
12 363
12 384
12 416
12 422
12 424
12 450
12 453
12 456
12 463
12 486
12 530
12 534
12 560
12 580
12 599
12 609
12 622
12 645
12 703
12 718
12 729
12 798
13 16
13 18
13 45
13 59
13 89
13 100
13 145
13 156
13 239
13 241
13 306
13 344
13 366
13 384
13 419
13 427
13 445
13 457
13 489
13 511
13 531
13 571
13 599
13 601
13 627
13 671
13 727
14 15
14 20
14 24
14 25
14 27
14 31
14 32
14 38
14 39
14 41
14 43
14 53
14 54
14 56
14 60
14 66
14 71
14 86
14 87
14 94
14 99
14 102
14 112
14 117
14 119
14 123
14 126
14 129
14 131
14 132
14 143
14 144
14 150
14 153
14 183
14 194
14 202
14 211
14 222
14 257
14 264
14 267
14 268
14 281
14 287
14 323
14 329
14 331
14 356
14 358
14 376
14 385
14 405
14 420
14 430
14 437
14 467
14 476
14 477
14 501
14 528
14 534
14 565
14 568
14 601
14 608
14 645
14 649
14 664
14 669
14 709
14 736
14 764
14 779
15 17
15 35
15 39
15 40
15 53
15 71
15 75
15 90
15 104
15 183
15 248
15 276
15 282
15 283
15 308
15 315
15 363
15 394
15 412
15 451
15 454
15 455
15 484
15 513
15 522
15 581
16 20
18 20
20 25
20 28
20 32
20 38
20 40
20 50
20 53
20 54
20 63
20 95
20 100
20 108
20 130
20 131
20 150
20 158
20 169
20 176
20 180
20 298
20 304
20 325
20 373
20 381
20 400
20 473
20 479
20 494
20 497
20 529
20 554
20 620
20 669
20 704
20 713
20 757
20 768
21 22
21 23
21 36
21 50
21 76
21 97
21 107
21 142
21 173
21 214
21 230
21 231
21 258
21 294
21 311
21 349
21 378
21 380
21 386
21 416
21 432
21 538
21 581
21 622
21 675
21 798
23 25
23 27
23 31
23 37
23 46
23 50
23 64
23 65
23 79
23 142
23 167
23 171
23 197
23 209
23 234
23 256
23 262
23 288
23 299
23 311
23 351
23 377
23 382
23 422
23 453
23 478
23 483
23 530
23 541
23 568
23 602
23 714
24 31
24 49
24 66
24 86
24 155
24 159
24 166
24 456
24 542
24 572
24 579
24 612
24 681
24 732
24 779
27 79
27 122
27 123
27 171
27 182
27 192
27 240
27 283
27 300
27 322
27 520
27 606
27 734
27 780
25 31
31 37
31 42
31 64
31 98
31 112
31 205
31 219
31 237
31 275
31 305
31 382
31 422
31 453
31 478
31 541
31 579
31 726
31 729
31 779
31 783
19 34
30 34
34 72
34 124
34 128
34 136
34 146
34 181
34 337
34 363
34 450
34 507
34 508
34 598
34 605
34 647
34 685
34 718
35 93
35 177
35 186
35 207
35 250
35 299
35 392
35 394
35 406
35 439
35 484
35 500
35 627
35 691
35 739
38 53
38 54
38 57
38 102
38 126
38 202
38 213
38 222
38 304
38 353
38 482
38 500
38 622
38 768
18 40
40 54
40 77
40 80
40 114
40 117
40 185
40 189
40 302
40 412
40 424
40 428
40 455
40 461
40 585
40 678
29 77
47 77
77 80
77 117
77 162
77 165
77 178
77 208
77 419
77 443
77 461
77 555
77 729
16 89
67 89
74 89
89 91
89 120
89 137
89 145
89 235
89 255
89 263
89 376
89 383
89 671
89 696
25 93
41 93
90 93
93 177
93 207
93 218
93 242
93 259
93 401
93 500
93 507
36 97
51 97
94 97
97 188
97 214
97 226
97 290
97 293
97 312
97 347
97 364
97 458
97 461
97 538
97 581
97 702
97 765
97 789
101 127
101 138
101 168
101 217
101 227
101 234
101 263
101 271
101 366
101 425
101 468
101 486
101 521
101 670
101 728
101 742
101 769
101 795
29 109
109 119
109 130
109 134
109 197
109 235
109 251
109 426
109 456
109 486
109 525
109 654
109 684
109 701
48 112
70 112
85 112
112 199
112 331
112 649
112 674
36 122
73 122
80 122
122 150
122 154
122 199
122 212
122 245
122 372
122 391
122 465
122 734
25 127
104 127
123 127
127 168
127 402
127 571
127 612
127 799
60 145
108 145
128 145
145 156
145 235
145 535
145 671
145 677
145 682
145 766
84 154
106 154
154 199
154 308
154 326
154 372
154 391
154 431
154 440
154 614
154 791
49 155
155 159
155 166
155 279
155 400
155 418
155 456
155 471
155 478
155 732
155 788
84 156
106 156
121 156
156 220
156 569
156 705
156 715
22 159
51 159
159 341
159 400
159 438
159 478
159 710
159 743
45 168
168 227
168 236
168 368
168 402
168 510
59 171
67 171
68 171
171 234
171 279
171 382
171 533
171 613
171 623
43 178
44 178
55 178
178 324
178 343
178 410
178 462
178 468
178 519
178 586
178 628
178 670
178 729
39 190
41 190
119 190
190 672
37 197
65 197
197 200
197 209
197 269
197 384
197 456
197 459
197 525
197 718
36 200
170 200
200 209
200 214
200 246
200 269
200 324
200 348
200 503
200 580
200 609
17 202
202 222
202 224
202 353
202 476
202 482
202 500
202 620
202 764
85 207
207 453
207 500
22 217
72 217
118 217
217 234
217 248
217 266
217 390
217 468
217 559
217 567
217 570
217 608
217 740
75 227
187 227
227 236
227 282
227 292
227 316
227 355
227 396
227 443
227 485
227 692
227 796
234 256
234 271
234 382
234 401
134 235
235 340
235 766
78 236
141 236
228 236
236 326
236 365
236 368
236 592
114 250
183 250
201 250
250 739
19 256
22 256
152 256
256 288
256 299
256 724
44 259
75 259
259 401
259 658
259 680
67 279
68 279
279 471
279 613
279 692
25 288
237 288
275 288
288 299
288 327
288 351
288 724
69 304
247 304
304 545
17 308
308 355
308 361
308 363
308 451
308 631
308 791
170 324
214 324
324 343
324 410
324 468
324 586
324 683
324 706
59 331
128 331
133 331
331 399
331 476
331 649
331 674
331 676
331 777
331 794
60 349
270 349
273 349
349 351
349 738
115 353
216 353
298 353
353 367
353 500
353 544
353 594
17 363
363 424
363 450
363 463
363 632
363 647
70 368
359 368
368 421
368 447
368 452
368 631
48 377
170 377
193 377
377 433
377 444
377 501
377 638
25 382
382 401
382 422
382 533
39 385
358 385
385 490
385 568
385 686
385 709
16 392
41 392
231 392
392 406
392 532
392 611
392 618
392 627
392 665
392 691
54 400
400 478
400 743
401 680
42 402
58 402
373 402
37 410
42 410
182 410
410 468
410 628
410 655
410 670
18 424
302 424
424 455
269 444
281 444
295 444
444 638
444 671
468 628
468 728
468 769
107 471
294 471
339 471
59 476
133 476
476 676
476 764
16 533
255 533
263 533
158 538
269 538
505 538
538 581
538 695
538 721
538 764
70 559
359 559
452 559
559 567
559 608
123 579
208 579
268 579
68 580
261 580
272 580
580 626
580 720
580 734
18 605
60 605
441 605
605 637
605 731
36 647
170 647
246 647
647 660
647 685
670 742
310 685
350 685
685 753
59 711
272 711
436 711
711 746
74 728
297 728
577 728
728 769
82 731
415 731
425 731
55 739
166 739
657 739
73 754
247 754
315 754
32 766
563 766
25 32
32 39
32 69
32 71
32 95
32 96
32 104
32 123
32 126
32 140
32 150
32 161
32 187
32 278
32 298
32 312
32 313
32 338
32 354
32 502
32 552
32 563
32 601
32 602
32 603
32 615
32 628
32 717
22 51
36 51
51 58
51 70
51 87
51 88
51 94
51 96
51 99
51 161
51 172
51 175
51 188
51 191
51 195
51 198
51 277
51 291
51 312
51 336
51 341
51 359
51 364
51 381
51 430
51 438
51 540
51 551
51 633
51 668
51 710
51 730
51 749
51 752
51 781
51 785
51 799
19 61
37 61
42 61
61 92
61 318
61 607
61 659
61 674
61 775
28 92
50 92
52 92
92 133
92 137
92 293
92 659
92 775
69 161
126 161
161 710
26 187
75 187
187 278
187 282
187 292
187 311
187 316
187 338
187 355
187 396
187 418
187 485
187 487
187 545
187 628
187 648
187 653
187 763
37 247
69 247
73 247
204 247
247 315
191 310
238 310
303 310
310 342
310 350
310 413
310 738
310 753
48 483
193 483
433 483
69 563
303 563
491 563
556 563
158 638
497 638
554 638
638 762
438 710
277 763
317 763
515 763
17 29
17 53
17 64
17 224
17 355
17 393
16 18
18 30
18 33
18 41
18 45
18 49
18 59
18 60
18 63
18 69
18 83
18 98
18 130
18 158
18 176
18 185
18 239
18 254
18 265
18 269
18 271
18 302
18 346
18 384
18 395
18 404
18 409
18 441
18 447
18 475
18 493
18 497
18 511
18 526
18 553
18 566
18 644
18 664
18 694
18 708
18 719
18 723
18 746
18 762
18 765
19 22
19 30
19 37
19 42
19 55
19 58
19 62
19 78
19 82
19 152
19 174
19 177
19 186
19 221
19 309
19 337
19 354
19 373
19 398
19 415
19 420
19 425
19 426
19 437
19 438
19 469
19 507
19 552
19 595
19 598
19 686
19 693
19 700
19 709
19 795
16 26
26 44
26 47
26 74
26 75
26 81
26 82
26 107
26 120
26 146
26 176
26 203
26 220
26 255
26 274
26 280
26 296
26 311
26 314
26 340
26 341
26 362
26 370
26 404
26 439
26 495
26 506
26 554
26 558
26 565
26 573
26 604
26 611
26 653
26 768
29 47
29 56
29 64
29 76
29 95
29 106
29 134
29 162
29 169
29 253
29 265
29 274
29 301
29 321
29 323
29 332
29 390
29 406
29 426
29 435
29 555
29 561
29 600
29 641
29 654
29 790
30 45
30 48
30 49
30 62
30 65
30 67
30 69
30 72
30 78
30 82
30 83
30 141
30 184
30 188
30 221
30 239
30 271
30 295
30 352
30 389
30 457
30 464
30 472
30 481
30 489
30 507
30 526
30 589
30 596
30 634
30 643
30 699
30 735
30 761
45 48
45 100
45 389
45 432
45 609
45 632
45 660
45 661
45 663
45 732
45 767
53 54
54 102
54 482
33 55
44 55
55 68
55 140
55 166
55 167
55 334
55 657
55 689
44 62
62 82
62 115
62 205
62 210
62 314
62 344
62 411
62 415
62 584
37 64
64 98
64 219
64 301
64 453
64 736
16 68
59 68
67 68
68 74
68 81
68 86
68 91
68 105
68 111
68 164
68 166
68 221
68 261
68 272
68 320
68 343
68 370
68 393
68 396
68 446
68 460
68 582
68 613
68 623
68 626
68 689
68 692
68 720
68 725
68 759
69 83
69 126
69 188
69 295
69 427
69 457
69 470
69 493
69 515
69 545
69 589
50 76
76 106
76 107
76 113
76 173
76 397
76 488
76 567
76 655
76 656
16 91
67 91
91 105
91 120
91 137
91 139
91 147
91 160
91 170
91 201
91 241
91 335
91 360
91 460
91 642
91 712
25 100
50 100
100 419
100 531
100 609
100 632
102 126
126 144
126 213
126 258
126 313
126 333
126 387
126 405
126 470
126 515
126 549
126 562
126 614
126 615
126 640
126 659
37 139
42 139
139 147
139 182
139 213
139 260
139 516
139 523
139 560
39 147
75 147
90 147
147 170
147 241
147 523
147 635
36 170
48 170
170 193
170 214
170 241
170 246
170 523
170 536
170 635
170 650
170 660
170 683
170 697
41 174
43 174
90 174
174 398
174 407
174 465
174 527
174 686
174 722
80 183
114 183
173 183
183 201
183 215
183 248
183 273
183 328
183 645
183 791
183 794
25 184
95 184
151 184
184 464
46 185
88 185
121 185
185 189
185 212
185 300
185 302
185 346
185 447
185 585
185 708
186 299
186 460
186 652
63 189
189 431
189 442
189 448
189 585
189 715
189 755
82 221
221 634
72 248
118 248
248 266
248 328
248 390
248 727
248 791
49 271
271 475
271 481
271 486
271 526
271 569
271 640
271 694
271 733
16 301
204 301
301 435
301 641
59 313
136 313
313 333
313 615
16 314
115 314
205 314
314 643
314 768
43 328
56 328
148 328
328 364
328 504
328 644
328 791
25 333
28 333
52 333
316 355
355 361
294 361
361 631
16 373
42 373
58 373
94 375
149 375
285 375
375 496
16 393
343 393
393 429
157 398
158 398
357 398
398 407
398 684
398 737
53 407
143 407
181 407
407 408
208 419
419 427
419 489
419 531
82 425
415 425
425 469
425 521
425 795
188 427
427 445
427 457
427 489
427 494
427 514
94 435
290 435
293 435
435 641
435 691
115 445
205 445
445 457
445 494
445 514
445 587
445 591
445 785
70 447
447 631
447 708
22 451
231 451
249 451
63 464
464 526
464 771
44 470
74 470
297 470
470 515
470 562
53 482
251 486
486 733
131 494
180 494
494 514
494 555
494 587
22 518
58 518
103 518
518 574
518 587
518 680
73 521
80 521
125 521
521 795
475 526
526 640
526 694
282 545
292 545
106 567
488 567
567 608
150 601
209 609
609 632
58 635
198 635
252 635
16 643
67 643
352 643
643 770
599 645
645 708
78 717
206 717
642 717
37 722
177 722
63 733
56 737
356 737
416 737
384 742
459 742
662 742
53 768
22 36
22 58
22 72
22 78
22 87
22 103
22 118
22 152
22 172
22 231
22 246
22 249
22 341
22 354
22 378
22 380
22 543
22 562
22 570
22 610
22 673
22 675
22 730
36 48
36 58
36 73
36 80
36 94
36 103
36 110
36 212
36 222
36 225
36 226
36 229
36 230
36 245
36 246
36 249
36 297
36 332
36 364
36 380
36 461
36 503
36 539
36 562
36 564
36 624
36 660
36 673
36 752
33 44
43 44
44 47
44 74
44 75
44 79
44 83
44 84
44 106
44 120
44 121
44 131
44 140
44 203
44 211
44 215
44 220
44 242
44 255
44 297
44 334
44 339
44 340
44 341
44 370
44 462
44 532
44 557
44 658
44 776
44 777
44 793
47 74
47 82
47 95
47 162
47 176
47 240
47 265
47 286
47 339
47 439
47 443
47 485
47 513
47 688
48 70
48 73
48 78
48 85
48 102
48 125
48 141
48 143
48 193
48 199
48 203
48 228
48 229
48 237
48 257
48 318
48 360
48 365
48 433
48 517
48 564
48 576
49 52
49 65
49 67
49 118
49 166
49 194
49 223
49 265
49 418
49 463
49 472
49 475
49 481
49 504
49 550
49 561
49 569
49 616
49 617
49 621
49 636
49 747
49 762
49 772
25 52
28 52
50 52
52 84
52 118
52 133
52 137
52 142
52 163
52 223
52 224
52 278
52 293
52 309
52 337
52 350
52 504
52 588
52 778
25 56
43 56
56 66
56 148
56 194
56 253
56 274
56 281
56 356
56 364
56 416
56 469
56 608
56 613
56 664
56 700
57 129
57 251
57 329
57 527
57 619
70 85
70 99
70 198
70 199
70 318
70 359
70 452
70 509
70 752
70 785
72 118
72 124
72 135
72 136
72 233
72 252
72 266
72 759
33 79
79 83
79 182
79 192
79 242
79 283
79 529
16 81
74 81
81 86
81 105
81 111
81 138
81 164
81 287
81 320
81 395
81 604
81 626
16 85
85 143
85 509
85 745
73 115
114 115
115 135
115 149
115 205
115 216
115 298
115 367
115 391
115 411
115 449
115 484
115 573
115 578
115 583
115 594
115 618
115 650
115 775
118 194
118 223
118 390
118 561
118 570
118 740
118 782
39 119
41 119
119 163
119 287
119 358
119 397
119 684
119 701
119 792
25 134
43 134
90 134
134 340
134 406
134 426
134 442
134 491
134 656
73 135
114 135
135 149
135 216
135 233
135 252
135 298
135 319
135 387
135 391
53 143
131 143
143 181
143 365
143 379
143 420
143 596
143 751
143 774
133 163
137 163
163 588
163 684
37 177
177 218
177 426
177 438
177 439
177 466
37 182
42 182
182 192
182 213
182 529
182 606
182 655
182 758
182 780
182 790
94 188
188 277
188 290
188 312
188 358
188 359
188 411
188 457
188 474
188 570
188 690
188 748
96 193
104 193
110 193
193 327
193 338
193 433
193 501
193 536
193 537
193 588
199 372
214 254
214 302
214 347
214 683
214 697
214 789
46 218
59 218
136 218
218 226
218 284
218 335
218 403
218 615
218 654
218 786
16 231
41 231
116 231
231 246
231 249
231 378
231 383
231 386
231 492
231 536
231 543
231 551
231 598
231 639
157 233
233 319
233 357
233 505
233 517
246 249
246 383
246 492
246 503
246 536
246 610
246 720
133 278
142 278
278 338
278 350
278 487
278 499
73 280
114 280
125 280
280 604
280 626
28 319
63 319
169 319
319 421
319 505
319 589
203 340
340 370
340 404
340 442
340 532
340 773
142 350
350 543
350 590
140 354
354 709
354 795
78 365
326 365
365 379
365 596
365 741
157 379
262 379
357 379
379 596
379 741
379 751
59 389
108 389
388 389
389 432
389 660
389 732
406 618
406 627
94 411
277 411
411 706
411 748
411 775
396 418
418 788
258 432
294 432
432 660
432 661
439 466
63 442
442 448
442 491
442 656
442 715
456 525
105 460
460 652
460 712
66 466
194 466
329 466
359 490
421 490
82 491
238 491
303 491
491 498
491 556
491 656
491 751
209 492
434 492
492 536
94 493
195 493
473 493
493 502
158 505
269 505
436 505
505 695
152 509
307 509
509 745
321 510
323 510
499 510
158 529
176 529
529 576
536 537
16 537
537 588
378 543
543 556
543 590
543 760
543 771
82 556
303 556
556 760
556 773
211 574
557 574
574 587
252 578
292 578
137 588
289 610
495 610
610 720
104 612
571 612
58 661
284 661
348 661
661 767
16 663
120 663
255 663
663 767
39 686
358 686
209 697
269 697
348 697
568 709
709 795
626 720
720 734
626 734
25 745
103 745
449 745
303 751
498 751
514 753
547 753
203 773
532 773
773 792
659 775
222 780
348 780
352 780
42 788
58 788
111 788
16 28
16 41
16 59
16 60
16 67
16 74
16 105
16 111
16 116
16 120
16 141
16 146
16 160
16 175
16 180
16 204
16 239
16 241
16 255
16 263
16 275
16 303
16 306
16 325
16 343
16 356
16 370
16 376
16 409
16 422
16 429
16 450
16 467
16 477
16 488
16 511
16 519
16 532
16 548
16 553
16 582
16 586
16 611
16 619
16 648
16 696
16 704
16 741
16 758
16 779
16 793
25 28
25 39
25 41
25 43
25 50
25 84
25 90
25 95
25 96
25 103
25 104
25 108
25 110
25 116
25 123
25 129
25 151
25 152
25 157
25 160
25 162
25 164
25 205
25 216
25 237
25 242
25 268
25 275
25 281
25 305
25 325
25 345
25 374
25 440
25 449
25 469
25 502
25 524
25 534
25 546
25 571
25 607
25 636
25 652
25 700
25 778
25 786
25 799
37 42
37 46
37 59
37 65
37 73
37 98
37 196
37 204
37 272
37 276
37 289
37 305
37 318
37 436
37 438
37 446
37 560
37 655
37 736
42 58
42 111
42 213
42 260
42 318
42 446
42 516
42 607
42 758
42 784
46 59
46 65
46 73
46 88
46 121
46 136
46 204
46 212
46 225
46 229
46 232
46 244
46 253
46 261
46 284
46 286
46 289
46 300
46 434
46 508
46 528
46 530
46 540
46 575
46 637
46 701
46 714
46 716
46 748
28 50
50 84
50 167
50 264
50 293
50 311
50 380
50 381
50 397
50 479
50 568
50 597
58 87
58 88
58 94
58 96
58 103
58 110
58 111
58 113
58 179
58 191
58 195
58 210
58 222
58 238
58 252
58 284
58 291
58 342
58 348
58 408
58 430
58 575
58 597
58 687
58 698
58 774
59 60
59 67
59 73
59 108
59 128
59 133
59 136
59 196
59 226
59 241
59 243
59 261
59 266
59 270
59 272
59 273
59 330
59 335
59 343
59 366
59 384
59 388
59 396
59 436
59 441
59 450
59 571
59 712
59 727
59 750
60 67
60 87
60 108
60 128
60 132
60 133
60 270
60 273
60 330
60 336
60 409
60 437
60 441
60 535
60 560
60 591
60 595
60 637
60 677
60 738
60 750
60 797
43 66
66 94
66 148
66 149
66 153
66 194
66 245
66 264
66 270
66 277
66 290
66 329
66 371
66 394
66 477
66 503
66 531
66 542
66 544
66 681
66 725
74 86
86 138
86 267
86 287
86 320
86 395
87 88
88 96
88 113
88 121
88 179
88 196
88 198
88 210
88 232
88 244
88 300
88 412
88 551
88 634
88 669
88 701
88 703
95 108
95 116
95 124
95 151
95 286
95 502
95 541
95 542
74 105
105 303
105 360
105 712
74 107
82 107
107 173
107 191
107 258
107 274
107 294
107 339
107 520
107 553
107 611
107 629
107 702
111 164
111 261
111 370
111 446
111 477
111 488
111 759
84 121
106 121
121 212
121 232
121 244
121 346
121 512
121 634
121 666
121 672
121 676
121 777
63 130
130 158
130 251
130 254
130 497
130 746
28 132
41 132
116 132
132 228
132 437
132 448
132 498
132 525
132 560
132 593
132 595
132 675
124 136
136 226
136 229
136 284
136 367
136 403
136 654
136 786
128 146
146 204
146 289
146 320
146 356
146 386
146 519
146 689
116 151
151 305
151 534
151 541
151 607
166 167
166 429
166 584
166 657
166 689
166 732
167 209
167 264
167 380
167 429
167 568
167 657
73 204
204 225
204 253
204 289
204 315
204 356
204 386
204 495
204 528
204 630
204 689
204 793
209 262
209 269
209 348
209 384
209 434
209 459
209 662
209 703
73 229
229 257
229 286
229 367
229 564
229 604
83 239
239 306
102 258
144 258
258 294
258 339
258 614
152 262
157 262
158 262
262 434
262 496
94 264
264 371
264 380
264 749
39 267
192 267
267 550
237 275
275 294
275 327
275 422
275 619
275 667
286 434
286 485
286 667
286 679
286 748
225 289
289 386
289 495
294 339
210 344
344 413
102 360
203 360
298 367
367 544
367 583
367 744
394 454
394 484
394 513
39 397
358 397
397 423
397 624
397 760
238 413
303 413
429 584
434 637
434 667
434 679
434 748
396 485
485 648
255 495
362 495
152 496
158 496
496 646
560 591
560 595
82 584
415 584
514 587
587 591
587 785
514 591
591 750
591 785
318 607
230 622
622 707
82 634
441 637
637 716
327 667
667 679
300 701
701 792
295 716
436 716
454 716
241 750
366 750
750 797
203 792
532 792
371 797
600 797
641 797
28 41
28 63
28 103
28 116
28 133
28 141
28 142
28 169
28 224
28 228
28 309
28 321
28 381
28 421
28 473
28 480
28 564
28 589
28 757
28 783
33 43
33 98
33 140
33 144
33 219
33 395
33 582
33 606
33 787
63 169
63 254
63 404
63 421
63 431
63 448
63 566
63 664
63 682
63 690
63 771
65 67
65 352
65 489
65 617
65 747
78 125
78 141
78 152
78 206
78 228
78 309
78 326
78 423
78 433
78 437
78 479
78 524
78 552
78 572
78 592
78 625
78 642
78 735
78 787
87 113
87 172
87 196
87 551
87 633
87 703
87 730
87 749
87 774
87 799
103 110
103 172
103 249
103 297
103 449
103 658
103 687
103 783
73 125
80 125
114 125
125 206
125 237
125 572
125 576
129 152
129 157
129 158
129 251
129 268
129 307
129 322
129 329
129 506
129 527
129 546
129 549
129 603
129 619
129 633
129 678
129 687
152 157
152 158
152 164
152 216
152 307
152 437
152 524
152 646
152 687
164 216
164 261
164 272
164 369
164 725
172 462
172 730
172 783
73 206
80 206
150 206
206 362
206 572
206 642
205 237
237 327
237 517
237 576
237 786
73 253
253 274
253 321
253 323
253 499
253 528
253 630
253 790
162 265
265 513
265 550
265 762
265 765
299 351
299 724
222 307
225 307
296 307
307 616
307 687
133 321
142 321
321 323
321 390
321 499
321 639
292 443
316 443
443 688
149 449
216 449
449 481
43 462
462 564
489 761
157 517
357 517
39 550
192 550
131 555
180 555
223 616
561 616
96 652
160 652
74 688
191 688
557 688
195 747
381 747
452 747
747 767
198 757
374 757
558 757
123 761
153 761
165 761
760 771
39 41
39 71
39 75
39 90
39 96
39 160
39 162
39 192
39 291
39 312
39 358
39 376
39 423
39 458
39 472
39 524
39 535
39 602
39 623
39 713
39 735
39 760
39 784
39 800
41 43
43 84
43 90
43 94
43 131
43 148
43 149
43 153
43 211
43 257
43 270
43 285
43 465
43 467
43 469
43 527
43 544
43 590
43 705
53 71
53 104
53 131
53 148
53 180
53 181
53 283
53 285
53 408
53 480
71 104
71 148
71 276
71 282
71 312
71 376
73 80
73 102
73 114
73 150
73 196
73 203
73 245
73 257
73 261
73 315
73 362
73 391
73 484
73 650
73 724
75 90
75 192
75 203
75 282
75 472
75 653
80 114
80 117
80 150
80 165
80 173
80 195
80 208
80 212
80 215
80 330
80 332
80 362
80 414
80 428
80 465
80 514
80 539
80 594
80 794
83 242
83 295
84 106
84 131
84 220
84 431
84 569
84 778
99 117
99 157
99 175
99 198
99 336
99 359
99 657
99 679
99 752
102 144
102 203
102 213
102 323
102 387
102 549
102 614
102 668
106 113
106 169
106 211
106 215
106 220
106 326
106 332
106 409
106 488
106 683
106 698
106 715
106 776
106 777
114 149
114 173
114 201
114 215
114 273
114 387
114 428
114 618
114 678
117 165
117 414
117 461
108 124
116 124
124 181
124 508
124 542
108 128
128 133
128 320
128 388
128 399
157 158
157 357
157 633
157 657
157 684
131 181
181 408
181 480
181 508
181 718
181 774
192 283
192 322
192 472
192 606
192 713
192 735
192 790
194 329
194 416
194 463
194 474
194 636
194 651
194 772
94 211
211 215
211 557
211 776
142 224
224 309
224 337
224 620
251 322
251 329
251 506
251 549
251 603
251 678
251 740
196 276
272 276
276 315
309 420
309 423
309 479
309 595
315 581
318 446
283 322
322 549
322 740
141 326
326 433
169 332
332 539
332 561
332 600
142 337
158 357
357 684
131 420
420 430
420 595
420 693
420 700
420 756
358 423
423 479
423 624
423 760
426 654
431 440
431 614
431 682
110 440
374 440
440 614
453 599
450 463
463 632
463 636
484 573
528 565
528 630
528 800
116 542
542 572
542 681
74 557
191 557
520 557
557 583
557 776
296 565
506 565
572 642
572 787
311 573
179 575
408 575
366 599
571 599
599 708
606 787
606 790
381 620
479 620
620 704
620 756
657 679
98 693
219 693
582 693
693 700
693 726
693 756
198 752
381 756
479 756
98 800
593 800
74 138
138 223
138 263
138 287
138 306
138 334
138 366
67 175
160 175
175 180
175 316
175 325
205 210
205 516
205 729
205 786
179 210
210 232
210 516
210 539
223 243
223 306
223 334
223 504
223 561
223 621
67 243
108 243
243 260
243 266
243 369
213 260
260 369
260 417
260 441
260 516
260 523
260 630
260 696
255 263
263 376
312 359
359 421
359 452
359 690
343 396
396 648
396 692
208 417
317 417
345 417
417 512
417 782
421 589
516 539
249 658
297 658
67 692
692 796
208 796
345 796
512 796
98 219
98 305
98 395
98 497
98 582
98 593
98 726
98 736
173 195
173 201
94 195
195 238
195 291
195 342
195 381
195 452
195 473
195 475
195 502
195 629
195 698
123 208
165 208
208 230
208 268
208 317
208 330
208 345
208 459
208 512
219 582
123 230
165 230
230 268
230 459
230 707
230 769
96 252
198 252
252 292
252 522
252 759
252 770
254 302
254 404
254 530
254 719
254 723
254 746
302 455
302 530
302 789
273 330
330 336
330 514
330 547
330 594
330 621
330 677
330 743
343 450
343 519
343 586
343 706
343 712
94 347
222 347
296 347
347 371
347 403
198 412
244 412
412 651
158 497
497 511
497 554
497 593
497 762
306 511
511 627
511 707
514 547
514 621
356 519
530 714
222 547
296 547
371 547
547 600
547 641
515 562
562 640
41 590
465 590
228 593
448 593
144 659
405 659
659 714
512 672
666 672
649 674
674 777
535 682
677 682
682 690
306 707
627 707
707 769
446 759
458 789
104 123
123 140
123 153
123 165
123 179
123 240
123 268
144 323
144 405
144 668
144 681
144 714
149 153
153 245
153 270
153 277
153 290
153 317
153 503
153 665
153 725
165 317
165 345
165 414
165 459
165 617
82 240
176 240
240 300
240 520
300 520
270 317
277 317
317 345
317 515
317 617
317 665
269 454
295 454
436 454
454 455
454 513
454 522
67 617
149 618
220 715
715 755
116 755
228 755
480 755
642 787
67 798
472 798
596 798
113 179
113 196
113 408
113 488
113 597
113 655
113 656
113 669
113 698
113 774
169 409
306 334
306 627
241 366
366 571
261 369
272 369
369 441
369 696
409 683
441 696
238 698
698 776
133 142
142 416
142 499
384 459
384 662
384 703
384 718
384 727
356 416
416 474
422 478
422 602
422 619
422 666
422 726
422 741
422 758
450 632
450 712
257 534
467 534
551 703
508 718
241 523
241 650
94 531
371 531
104 571
571 799
627 691
269 671
281 671
390 727
727 782
41 90
41 116
41 257
41 287
41 465
41 501
41 507
41 524
41 532
41 553
41 636
41 665
94 149
94 222
94 225
94 238
94 277
94 284
94 285
94 290
94 293
94 296
94 358
94 371
94 372
94 381
94 403
94 405
94 428
94 452
94 473
94 475
94 592
94 668
94 691
94 706
94 749
94 781
131 180
131 430
131 480
131 774
150 298
150 669
150 713
222 225
222 284
222 296
222 348
222 352
222 371
222 403
222 405
222 592
257 467
257 604
257 705
257 724
268 546
158 281
176 281
269 281
281 295
281 608
281 625
281 673
281 694
287 395
287 501
323 390
323 499
323 639
323 646
323 668
323 681
323 695
329 477
329 506
329 527
356 474
356 651
356 689
356 793
290 358
358 474
358 568
358 570
358 577
358 624
376 696
403 405
405 428
405 592
405 714
191 430
430 540
430 778
437 524
116 467
141 467
467 586
467 705
370 477
477 488
477 648
433 501
608 664
608 736
608 744
290 649
293 649
458 649
649 777
566 664
664 736
664 744
179 669
736 744
695 764
721 764
67 779
90 242
90 507
96 104
104 110
104 140
104 148
104 179
104 282
104 283
104 285
104 327
104 338
104 374
104 487
104 548
104 552
282 292
162 513
513 522
96 522
292 522
522 770
67 74
67 108
67 160
67 180
67 266
67 316
67 335
67 352
67 378
67 383
67 414
67 472
67 596
67 770
74 82
74 120
74 191
74 238
74 274
74 297
74 303
74 339
74 383
74 399
74 520
74 548
74 577
74 583
74 629
74 772
108 116
116 141
116 228
116 305
116 448
116 480
116 498
116 541
116 586
116 675
120 137
120 201
120 220
120 255
120 297
120 558
120 577
120 642
120 699
141 228
141 433
141 625
141 735
96 160
160 162
160 291
160 316
160 325
160 335
160 378
160 414
160 535
220 255
255 296
255 341
255 362
255 388
255 723
255 793
82 303
191 303
238 303
303 342
303 498
303 548
303 738
108 325
370 582
488 648
488 655
203 532
532 611
532 665
532 704
110 548
327 548
82 553
191 553
553 702
553 721
553 781
582 726
586 706
274 611
611 704
527 619
619 741
479 704
596 741
741 758
213 758
758 784
341 793
158 176
158 269
158 295
158 554
158 576
158 633
158 646
158 673
158 695
158 721
158 762
82 176
176 269
176 346
176 576
176 625
176 644
176 694
269 295
269 346
269 348
269 436
269 625
212 346
346 512
346 644
203 404
404 566
404 719
238 475
475 629
475 640
110 566
345 566
415 566
566 719
364 644
504 644
625 694
345 719
415 719
719 723
296 723
388 723
272 746
436 746
762 765
364 765
461 765
82 191
82 238
82 399
82 415
96 415
110 415
345 415
415 469
469 700
507 598
140 552
249 598
551 598
598 639
108 388
108 535
216 298
298 544
298 583
298 713
298 744
381 452
381 473
381 479
381 597
381 767
452 473
473 502
479 597
362 554
506 554
472 713
713 735
316 378
378 386
378 414
378 675
380 673
380 730
498 675
110 249
249 297
249 383
249 551
249 624
249 639
474 570
570 577
295 673
673 730
730 749
270 351
273 351
478 541
478 602
478 666
478 726
478 743
478 783
312 602
602 666
602 784
668 681
681 695
660 732
96 110
96 191
96 198
96 244
96 292
96 345
96 374
96 558
96 653
110 327
110 345
110 374
110 687
162 291
162 458
162 623
149 216
216 481
216 546
216 594
345 512
345 782
198 374
292 374
374 558
374 653
502 603
524 636
149 546
481 546
636 772
540 778
654 786
633 799
220 296
220 388
220 558
220 569
220 705
274 629
274 790
225 296
296 362
296 371
296 372
296 388
296 506
296 600
296 662
362 506
198 558
604 626
604 724
292 653
191 520
520 583
133 137
133 270
133 399
133 499
133 676
133 794
228 448
228 592
295 589
589 699
726 783
390 639
390 646
390 740
390 782
561 600
371 600
600 641
371 641
403 654
295 436
295 699
284 352
348 352
352 770
472 596
149 481
481 569
137 699
201 699
140 179
140 334
312 690
312 784
327 338
338 487
338 628
549 603
603 678
226 615
403 615
212 508
232 508
508 540
508 585
290 691
212 232
212 465
212 512
212 666
212 676
225 372
225 662
226 335
226 403
149 245
245 290
297 577
297 624
148 364
364 461
364 504
364 613
290 503
503 725
196 272
261 272
272 436
272 626
272 725
213 387
213 523
213 630
213 784
291 342
291 458
291 535
290 458
293 458
458 623
458 702
535 677
613 623
403 428
232 585
540 585
465 527
277 665
148 285
148 504
149 285
149 387
270 273
270 277
270 515
270 544
270 738
544 744
569 705
215 273
215 794
452 767
179 232
232 244
232 540
198 244
244 651
284 348
191 540
277 748
433 625
504 621
594 621
621 677
238 772
399 772
290 293
408 597
191 238
191 342
191 702
191 721
191 781
198 292
198 336
198 651
198 785
277 515
277 668
277 706
273 336
336 743
383 551
551 633
668 695
668 781
371 749
721 781
137 201
179 408
238 399
238 498
238 629
342 738
273 743
448 498
448 525
290 474
290 702
292 316
292 770
515 640
391 650
523 650
399 794
474 577
201 642
372 662
702 721
387 549
549 740
327 487
498 525
512 782
512 666
666 676
523 630
639 646
695 721
459 662
474 651
