1 2
1 3
1 4
1 5
1 6
1 7
1 8
1 9
1 11
1 12
1 14
1 15
1 18
1 22
1 25
1 26
1 28
1 29
1 34
1 36
1 37
1 45
1 46
1 54
1 68
1 70
1 74
1 81
1 89
1 92
1 101
1 102
1 104
1 107
1 114
1 115
1 119
1 131
1 136
1 137
1 138
1 141
1 145
1 146
1 156
1 162
1 186
1 193
1 201
1 204
1 215
1 216
1 219
1 220
1 225
1 231
1 232
1 244
1 247
1 254
1 269
1 270
1 284
1 296
1 302
1 317
1 320
1 321
1 337
1 342
1 350
1 357
1 384
1 393
1 395
1 429
1 432
1 434
1 454
1 482
1 496
1 499
1 509
1 512
1 546
1 559
1 563
1 570
1 582
1 588
1 589
1 607
1 646
1 648
1 686
1 723
1 725
1 736
1 742
1 755
1 757
1 762
1 778
2 3
2 4
2 5
2 6
2 7
2 9
2 10
2 11
2 12
2 13
2 17
2 18
2 24
2 25
2 29
2 37
2 38
2 54
2 65
2 72
2 76
2 82
2 96
2 98
2 99
2 103
2 117
2 121
2 130
2 134
2 144
2 147
2 169
2 177
2 180
2 184
2 190
2 192
2 193
2 206
2 218
2 232
2 239
2 240
2 254
2 259
2 262
2 303
2 308
2 313
2 319
2 328
2 331
2 342
2 348
2 350
2 355
2 362
2 368
2 410
2 413
2 424
2 455
2 503
2 508
2 538
2 567
2 575
2 580
2 598
2 605
2 668
2 677
2 703
2 717
2 720
2 741
2 742
2 759
2 765
3 4
3 6
3 8
3 9
3 10
3 11
3 12
3 13
3 14
3 17
3 19
3 20
3 22
3 25
3 33
3 35
3 43
3 45
3 48
3 54
3 64
3 65
3 68
3 79
3 91
3 94
3 97
3 99
3 100
3 105
3 117
3 123
3 127
3 129
3 135
3 137
3 140
3 143
3 144
3 150
3 152
3 160
3 169
3 173
3 183
3 198
3 201
3 203
3 207
3 229
3 237
3 242
3 256
3 257
3 274
3 299
3 315
3 320
3 363
3 391
3 408
3 423
3 435
3 449
3 456
3 474
3 501
3 528
3 534
3 555
3 574
3 600
3 609
3 624
3 650
3 671
3 680
3 699
3 703
3 733
3 780
4 5
4 6
4 7
4 8
4 9
4 10
4 11
4 12
4 13
4 14
4 16
4 17
4 19
4 20
4 21
4 23
4 24
4 26
4 27
4 28
4 30
4 31
4 32
4 34
4 35
4 36
4 38
4 43
4 44
4 46
4 49
4 56
4 61
4 62
4 63
4 65
4 67
4 69
4 72
4 73
4 75
4 78
4 79
4 82
4 83
4 89
4 90
4 98
4 106
4 108
4 110
4 119
4 120
4 127
4 132
4 142
4 144
4 149
4 155
4 161
4 169
4 171
4 172
4 177
4 178
4 179
4 181
4 189
4 191
4 204
4 207
4 212
4 218
4 220
4 227
4 237
4 243
4 245
4 247
4 251
4 252
4 259
4 264
4 265
4 266
4 273
4 277
4 293
4 294
4 319
4 323
4 324
4 338
4 339
4 341
4 361
4 366
4 369
4 381
4 414
4 421
4 430
4 438
4 453
4 461
4 465
4 470
4 481
4 510
4 511
4 524
4 532
4 535
4 540
4 560
4 577
4 578
4 583
4 592
4 594
4 595
4 600
4 602
4 620
4 627
4 632
4 635
4 638
4 684
4 698
4 701
4 703
4 707
4 716
4 722
4 725
4 726
4 730
4 754
4 797
5 6
5 9
5 26
5 32
5 36
5 46
5 70
5 72
5 74
5 78
5 95
5 98
5 107
5 113
5 131
5 149
5 167
5 185
5 186
5 191
5 209
5 214
5 219
5 225
5 232
5 238
5 250
5 262
5 284
5 287
5 289
5 292
5 353
5 356
5 361
5 364
5 369
5 370
5 430
5 452
5 463
5 495
5 496
5 520
5 521
5 535
5 546
5 549
5 555
5 562
5 583
5 588
5 607
5 636
5 638
5 670
5 730
5 742
5 755
5 759
5 760
6 7
6 8
6 13
6 14
6 15
6 32
6 47
6 48
6 51
6 53
6 55
6 57
6 58
6 60
6 63
6 79
6 85
6 95
6 108
6 111
6 113
6 116
6 119
6 122
6 130
6 155
6 165
6 174
6 187
6 211
6 222
6 225
6 231
6 233
6 249
6 253
6 268
6 269
6 270
6 302
6 335
6 360
6 375
6 394
6 417
6 449
6 453
6 472
6 476
6 488
6 505
6 532
6 540
6 556
6 583
6 585
6 620
6 652
6 673
6 674
6 696
6 724
6 729
6 730
6 735
6 738
6 752
6 761
6 788
7 8
7 10
7 27
7 41
7 51
7 57
7 60
7 85
7 89
7 101
7 103
7 128
7 149
7 155
7 159
7 164
7 174
7 179
7 191
7 195
7 227
7 231
7 233
7 239
7 326
7 339
7 364
7 381
7 398
7 407
7 415
7 428
7 457
7 472
7 494
7 512
7 522
7 537
7 544
7 593
7 677
7 716
7 717
7 727
7 767
8 13
8 15
8 18
8 27
8 28
8 31
8 32
8 34
8 39
8 40
8 41
8 47
8 50
8 51
8 53
8 54
8 59
8 62
8 63
8 69
8 73
8 84
8 86
8 89
8 91
8 93
8 94
8 95
8 96
8 101
8 106
8 110
8 112
8 113
8 119
8 120
8 121
8 123
8 128
8 129
8 143
8 149
8 170
8 186
8 205
8 211
8 223
8 227
8 235
8 246
8 253
8 258
8 268
8 270
8 283
8 285
8 300
8 331
8 334
8 340
8 346
8 347
8 374
8 380
8 382
8 387
8 396
8 399
8 401
8 406
8 407
8 418
8 421
8 433
8 437
8 456
8 461
8 470
8 488
8 494
8 500
8 507
8 515
8 518
8 523
8 554
8 566
8 568
8 569
8 570
8 574
8 575
8 601
8 604
8 608
8 610
8 614
8 622
8 626
8 630
8 634
8 641
8 643
8 661
8 669
8 674
8 705
8 732
8 760
8 768
8 772
8 781
8 800
9 11
9 25
9 26
9 37
9 65
9 77
9 91
9 92
9 96
9 100
9 102
9 113
9 117
9 128
9 134
9 145
9 150
9 165
9 217
9 224
9 237
9 259
9 262
9 275
9 276
9 286
9 290
9 303
9 309
9 327
9 328
9 340
9 348
9 361
9 364
9 376
9 389
9 403
9 410
9 429
9 430
9 459
9 463
9 471
9 489
9 525
9 572
9 581
9 589
9 593
9 597
9 659
9 712
9 734
9 736
9 737
9 787
9 791
9 800
11 20
11 25
11 140
11 150
11 203
11 232
11 262
11 290
11 361
11 440
11 464
11 471
11 560
11 581
11 595
11 598
11 627
11 654
10 12
12 14
12 15
12 16
12 19
12 24
12 26
12 36
12 44
12 45
12 68
12 71
12 74
12 81
12 104
12 115
12 201
12 206
12 230
12 242
12 247
12 265
12 273
12 281
12 306
12 319
12 413
12 429
12 485
12 570
12 642
12 654
12 700
12 774
12 775
12 783
13 14
14 15
14 22
14 26
14 36
14 45
14 46
14 48
14 49
14 52
14 57
14 61
14 83
14 84
14 151
14 156
14 175
14 180
14 182
14 199
14 202
14 212
14 213
14 221
14 224
14 243
14 253
14 260
14 266
14 267
14 279
14 291
14 306
14 325
14 352
14 358
14 389
14 391
14 446
14 460
14 475
14 555
14 564
14 569
14 578
14 648
14 701
14 707
14 708
14 717
14 745
14 766
14 782
15 18
15 22
15 28
15 29
15 32
15 38
15 40
15 53
15 55
15 58
15 68
15 90
15 96
15 104
15 111
15 116
15 134
15 190
15 194
15 215
15 217
15 222
15 238
15 248
15 266
15 281
15 321
15 342
15 357
15 378
15 436
15 512
15 559
15 568
15 569
15 576
15 582
15 603
15 629
15 642
15 656
15 667
15 674
15 695
15 702
15 718
15 729
15 769
13 18
17 18
18 28
18 29
18 32
18 34
18 37
18 51
18 54
18 59
18 62
18 71
18 73
18 76
18 81
18 82
18 87
18 90
18 101
18 109
18 114
18 118
18 124
18 125
18 126
18 148
18 158
18 177
18 184
18 205
18 210
18 217
18 236
18 243
18 277
18 297
18 300
18 308
18 322
18 332
18 345
18 349
18 359
18 367
18 380
18 395
18 401
18 412
18 455
18 469
18 474
18 479
18 493
18 497
18 522
18 530
18 539
18 558
18 587
18 628
18 649
18 699
18 702
18 709
18 728
18 745
18 778
13 22
22 45
22 46
22 61
22 68
22 70
22 97
22 115
22 117
22 139
22 142
22 154
22 173
22 202
22 266
22 314
22 321
22 358
22 384
22 436
22 440
22 648
22 713
22 718
22 782
25 37
25 54
25 65
25 76
25 77
25 91
25 105
25 128
25 193
25 200
25 203
25 207
25 217
25 233
25 275
25 276
25 285
25 310
25 311
25 328
25 333
25 423
25 424
25 427
25 430
25 514
25 519
25 549
25 611
25 750
25 754
26 36
26 49
26 52
26 83
26 90
26 92
26 113
26 131
26 146
26 158
26 175
26 182
26 186
26 199
26 204
26 208
26 214
26 245
26 265
26 284
26 403
26 499
26 528
26 562
26 564
26 688
26 739
26 783
27 28
28 29
28 31
28 34
28 38
28 39
28 67
28 69
28 84
28 87
28 102
28 104
28 136
28 138
28 141
28 142
28 217
28 241
28 252
28 256
28 292
28 293
28 336
28 390
28 398
28 451
28 455
28 507
28 552
28 646
28 786
17 29
29 37
29 38
29 39
29 71
29 109
29 130
29 138
29 139
29 148
29 157
29 162
29 192
29 269
29 316
29 337
29 342
29 416
29 455
29 493
29 507
29 509
29 558
29 615
29 771
29 780
29 793
31 34
34 39
34 40
34 42
34 50
34 58
34 62
34 73
34 78
34 87
34 112
34 114
34 136
34 141
34 153
34 163
34 171
34 235
34 258
34 263
34 270
34 298
34 315
34 320
34 322
34 367
34 372
34 385
34 397
34 400
34 412
34 447
34 517
34 568
34 599
34 610
34 641
34 643
34 679
34 686
34 691
34 694
34 763
34 786
36 74
36 83
36 89
36 107
36 119
36 185
36 208
36 237
36 296
36 306
36 466
36 560
36 688
36 783
37 71
37 77
37 102
37 105
37 106
37 125
37 130
37 139
37 165
37 176
37 184
37 192
37 193
37 264
37 280
37 286
37 297
37 337
37 383
37 455
37 618
37 771
37 798
45 104
45 107
45 137
45 141
45 201
45 230
45 435
45 485
45 531
45 603
13 46
46 49
46 61
46 70
46 84
46 115
46 136
46 205
46 219
46 273
46 279
46 283
46 287
46 369
46 393
46 440
46 480
46 492
46 504
46 576
46 676
46 715
54 59
54 63
54 76
54 81
54 99
54 135
54 168
54 190
54 196
54 207
54 233
54 255
54 257
54 286
54 311
54 313
54 319
54 327
54 333
54 341
54 378
54 409
54 425
54 465
54 468
54 500
54 514
54 527
54 562
54 570
54 588
54 610
54 628
54 678
54 680
54 683
54 697
54 712
54 725
54 738
54 770
54 778
13 68
68 74
68 81
68 97
68 139
68 163
68 215
68 228
68 261
68 272
68 281
68 314
68 352
68 353
68 429
68 436
68 478
68 484
68 512
68 573
68 582
68 587
68 695
68 729
68 795
13 70
70 115
70 131
70 136
70 142
70 205
70 219
70 244
70 254
70 262
70 287
70 292
70 317
70 345
70 353
70 492
70 504
70 511
70 546
70 563
70 584
70 614
70 621
70 715
70 757
70 760
74 81
74 215
74 228
74 261
74 587
74 588
81 101
81 261
81 429
81 570
81 700
81 725
41 89
89 101
89 119
89 123
89 127
89 155
89 202
89 206
89 218
89 220
89 237
89 245
89 399
89 418
89 446
89 466
89 495
89 523
89 593
89 767
31 92
75 92
92 145
92 146
92 154
92 158
92 162
92 307
92 382
92 444
92 542
92 593
92 635
92 641
92 650
92 690
92 704
101 123
101 127
101 202
101 206
101 216
101 278
101 340
101 539
101 593
101 707
27 102
67 102
102 165
102 192
102 236
102 336
102 392
102 429
102 451
102 666
38 104
104 107
104 115
104 145
104 238
104 241
104 287
104 387
104 485
104 531
104 568
104 603
104 683
78 107
107 141
107 145
107 185
107 214
107 370
107 531
10 114
23 114
33 114
114 122
114 152
114 223
114 270
114 778
115 142
115 219
115 247
115 345
115 434
115 440
115 511
115 736
119 120
119 253
119 296
119 302
119 366
119 375
119 449
119 466
119 554
119 559
119 572
119 620
113 131
131 244
131 262
131 284
131 356
131 431
131 562
131 664
131 739
136 141
136 205
136 254
136 292
136 320
136 390
136 393
136 398
136 504
136 546
136 561
136 576
136 646
136 661
117 137
129 137
137 152
137 256
137 272
137 278
137 329
137 333
137 373
137 393
137 444
137 496
137 508
137 554
137 744
19 138
24 138
53 138
138 269
138 601
141 292
141 552
141 661
145 162
145 201
145 224
145 289
145 307
145 309
145 337
145 427
145 454
145 459
145 593
145 650
145 695
53 146
55 146
87 146
146 158
146 188
146 204
146 249
146 280
146 282
146 325
146 344
146 377
146 382
146 388
146 405
146 422
146 542
146 544
146 625
146 662
146 686
146 704
146 785
111 156
116 156
122 156
156 243
156 297
156 498
156 689
156 756
130 162
139 162
162 307
162 316
31 186
39 186
186 296
186 499
186 546
186 583
65 193
96 193
193 368
193 370
193 525
201 224
201 230
201 242
201 274
201 289
201 327
201 427
201 435
201 528
201 561
201 589
201 723
201 779
13 204
16 204
204 221
204 284
204 307
204 324
204 354
204 448
204 524
204 577
204 663
204 686
204 692
204 735
58 215
194 215
215 228
215 272
215 308
215 478
215 482
215 573
24 216
53 216
55 216
216 539
216 673
216 707
216 758
219 225
219 250
219 342
219 362
219 432
219 459
219 483
219 511
219 715
219 747
57 220
60 220
191 220
220 245
220 565
220 687
220 777
58 225
187 225
225 250
225 394
225 417
225 496
225 660
225 670
225 747
225 752
47 231
116 231
124 231
231 512
32 232
98 232
232 238
232 289
49 244
151 244
161 244
244 317
244 318
244 351
244 395
21 247
181 247
247 434
247 481
98 254
147 254
254 504
254 561
254 563
254 621
254 742
254 749
254 751
32 269
63 269
269 343
269 509
268 270
270 380
270 387
270 433
270 441
270 488
270 586
270 611
270 626
270 674
270 696
262 284
284 431
31 296
296 302
60 302
85 302
302 559
302 572
77 317
105 317
196 317
317 395
317 757
20 320
140 320
42 321
50 321
67 321
321 357
321 384
321 482
321 629
321 646
321 658
321 713
321 718
321 744
139 337
289 337
337 454
38 342
342 350
342 362
342 432
342 459
342 483
35 350
160 350
226 350
350 451
350 648
10 357
42 357
80 357
357 450
357 479
357 482
357 518
357 582
357 629
357 713
357 773
117 384
129 384
272 384
384 415
384 458
384 486
384 646
384 658
129 393
333 393
393 444
393 508
393 576
76 395
300 395
395 698
429 570
111 432
130 432
234 432
432 459
432 690
19 434
21 434
27 434
434 595
434 687
434 736
10 454
16 454
420 454
194 482
308 482
482 663
117 496
272 496
496 502
496 670
496 742
10 499
13 499
21 499
48 509
173 509
187 509
281 512
512 559
512 740
504 546
546 583
546 584
546 607
559 572
559 740
478 563
506 563
514 563
563 621
563 749
563 751
563 762
42 582
80 582
582 695
527 588
588 628
588 755
588 778
73 589
235 589
539 589
35 607
234 607
365 607
398 646
646 658
35 648
160 648
648 710
73 686
171 686
44 723
48 723
279 723
289 723
723 779
67 725
293 725
113 736
403 736
736 800
98 742
21 755
111 755
143 755
57 757
260 757
306 757
246 762
331 762
334 762
749 762
628 778
10 13
10 16
10 17
10 19
10 20
10 21
10 23
10 30
10 31
10 33
10 41
10 42
10 44
10 48
10 50
10 67
10 69
10 72
10 77
10 79
10 80
10 88
10 93
10 103
10 110
10 122
10 133
10 164
10 166
10 173
10 181
10 187
10 194
10 197
10 229
10 240
10 288
10 299
10 301
10 303
10 305
10 314
10 323
10 326
10 386
10 403
10 408
10 412
10 413
10 420
10 445
10 448
10 450
10 479
10 484
10 510
10 513
10 515
10 516
10 517
10 518
10 521
10 534
10 537
10 538
10 553
10 586
10 651
10 671
10 704
10 733
10 787
10 795
10 797
10 799
13 17
13 21
13 47
13 49
13 52
13 57
13 82
13 91
13 93
13 121
13 139
13 143
13 147
13 158
13 163
13 172
13 180
13 183
13 221
13 235
13 246
13 258
13 263
13 273
13 283
13 295
13 303
13 307
13 311
13 324
13 329
13 332
13 339
13 376
13 391
13 404
13 443
13 460
13 469
13 487
13 504
13 506
13 533
13 537
13 550
13 558
13 621
13 623
13 643
13 653
13 655
13 663
13 673
13 714
13 729
13 796
17 19
17 20
17 31
17 33
17 35
17 38
17 42
17 43
17 50
17 56
17 65
17 94
17 99
17 108
17 123
17 148
17 166
17 172
17 188
17 189
17 240
17 250
17 259
17 265
17 294
17 330
17 332
17 335
17 368
17 402
17 428
17 431
17 462
17 490
17 511
17 517
17 596
17 629
17 657
17 665
17 706
17 776
19 24
24 43
24 53
24 55
24 61
24 64
24 206
24 319
24 438
24 580
24 601
24 633
24 654
24 673
24 758
38 39
38 169
38 238
38 241
38 438
38 592
65 96
65 127
65 217
65 299
65 368
65 370
65 423
65 424
65 427
65 442
65 465
65 525
65 597
65 754
30 72
48 72
72 79
72 98
72 132
72 147
72 149
72 167
72 172
72 173
72 178
72 181
72 182
72 197
72 210
72 239
72 299
72 304
72 385
72 466
72 485
72 503
72 535
72 590
72 619
72 634
72 666
72 759
51 76
73 76
76 109
76 210
76 300
76 311
76 313
76 328
76 331
76 698
76 784
19 82
56 82
82 120
82 121
82 147
82 227
82 281
82 295
82 308
82 345
82 425
82 491
82 506
82 516
82 529
82 565
82 567
82 652
82 653
82 709
82 716
82 741
53 96
96 117
96 597
96 674
32 98
95 98
98 132
98 144
98 147
98 182
98 209
98 218
98 271
98 313
98 373
98 402
98 458
98 485
98 498
98 530
98 594
98 612
98 631
98 754
98 794
35 99
43 99
99 135
99 144
99 168
99 190
99 196
99 240
99 286
99 298
99 355
99 368
99 431
99 456
99 473
99 490
99 508
99 629
99 798
80 103
85 103
103 159
103 537
103 717
97 117
117 129
117 134
117 152
117 154
117 173
117 272
117 329
117 415
117 458
117 488
117 502
117 573
117 613
117 655
117 726
117 746
59 121
63 121
121 147
121 171
121 179
121 180
121 246
121 497
121 569
121 601
121 720
121 760
121 786
111 130
122 130
130 139
130 174
130 184
130 192
130 234
130 338
130 360
130 416
130 445
130 575
130 626
130 690
32 134
40 134
134 248
134 410
134 576
134 656
134 677
134 721
132 144
144 240
144 252
144 594
144 605
144 668
147 239
147 506
147 652
147 655
97 169
129 169
169 177
169 419
169 592
109 177
126 177
177 291
177 420
177 469
177 645
177 794
57 180
180 199
180 221
180 246
180 376
180 443
180 577
180 692
180 720
180 737
180 786
32 184
90 184
184 243
184 557
58 190
111 190
190 196
190 319
190 425
190 473
190 651
190 765
165 192
192 280
192 416
192 575
192 670
192 793
202 206
206 218
206 278
206 446
206 580
206 654
202 218
218 313
218 446
218 754
128 239
149 239
239 457
239 503
239 619
19 240
240 517
240 605
240 657
240 750
240 795
33 259
108 259
259 335
259 377
259 439
259 442
259 464
259 777
259 783
259 791
262 292
262 348
262 431
262 525
262 555
262 598
262 614
262 664
77 303
203 303
303 328
303 340
303 366
303 409
303 538
303 664
58 308
194 308
308 332
308 478
308 506
308 567
308 663
308 709
311 313
313 327
319 425
319 765
203 328
328 331
328 340
328 376
328 409
328 538
328 664
328 720
223 331
246 331
331 334
331 614
331 622
33 348
44 348
197 348
348 525
348 712
348 731
203 355
285 355
310 355
355 508
31 362
42 362
230 362
35 368
368 370
368 431
368 442
19 410
23 410
83 410
410 677
49 413
214 413
360 413
91 424
93 424
339 424
424 427
39 455
455 507
142 503
252 503
338 503
503 619
129 508
508 554
203 538
409 538
64 567
160 567
226 567
567 741
93 575
500 575
63 580
343 580
501 580
361 598
581 598
598 654
56 605
281 605
425 605
605 668
605 703
187 668
255 668
274 668
668 703
381 677
544 677
408 703
52 717
389 717
717 763
340 720
664 720
300 741
587 741
49 759
52 759
667 759
759 789
64 765
493 765
732 765
19 21
19 23
19 27
19 43
19 53
19 56
19 59
19 60
19 83
19 120
19 132
19 140
19 164
19 188
19 207
19 251
19 281
19 294
19 371
19 379
19 399
19 400
19 441
19 480
19 516
19 527
19 529
19 601
19 657
19 750
19 775
20 31
20 33
20 41
20 66
20 108
20 140
20 166
20 198
20 293
20 301
20 312
20 323
20 324
20 392
20 428
20 437
20 440
20 464
20 534
20 551
20 595
20 620
20 684
20 733
23 33
30 33
33 35
33 44
33 64
33 108
33 135
33 170
33 197
33 198
33 250
33 330
33 335
33 356
33 377
33 397
33 426
33 437
33 439
33 442
33 445
33 477
33 484
33 493
33 615
33 671
33 731
33 783
23 35
30 35
35 43
35 64
35 135
35 160
35 226
35 234
35 250
35 265
35 294
35 298
35 365
35 381
35 426
35 451
35 461
35 519
35 531
35 602
35 615
35 637
35 710
43 53
43 55
43 56
43 59
43 61
43 64
43 87
43 94
43 222
43 226
43 229
43 251
43 298
43 467
43 490
43 618
43 629
43 630
43 632
43 633
43 638
43 685
43 776
43 798
30 48
44 48
48 118
48 173
48 187
48 253
48 279
48 301
48 391
48 521
48 680
48 704
48 753
48 787
61 64
64 135
64 160
64 226
64 493
64 630
64 732
30 79
79 210
79 379
79 408
79 449
79 453
79 474
79 797
47 91
91 93
91 100
91 105
91 170
91 263
91 276
91 295
91 339
91 404
91 430
91 456
91 489
91 494
91 572
91 616
91 659
91 772
39 94
50 94
94 123
94 129
94 229
94 300
94 346
94 402
94 443
94 542
94 574
94 596
94 669
31 97
40 97
66 97
97 129
97 154
97 314
97 383
97 396
97 419
97 484
97 547
97 573
97 660
97 713
97 726
97 746
97 756
31 100
80 100
85 100
100 153
100 159
100 208
100 237
100 276
100 389
100 491
100 659
100 792
77 105
105 106
105 196
105 200
105 383
105 639
123 127
123 340
123 399
123 402
123 518
123 574
127 202
127 299
127 465
39 129
129 272
129 278
129 300
129 333
129 347
129 382
129 415
129 419
129 486
129 554
129 573
129 694
135 168
135 255
135 257
135 456
135 493
135 500
135 527
135 556
135 678
135 732
27 140
60 140
140 203
140 399
140 440
140 560
140 600
140 606
140 699
21 143
93 143
111 143
143 183
143 257
143 258
143 268
143 609
143 632
143 643
143 799
44 150
71 150
133 150
150 168
150 290
150 316
150 483
150 682
23 152
122 152
152 223
152 256
152 288
152 310
152 315
152 329
152 744
66 160
80 160
126 160
160 226
160 358
160 705
160 710
160 761
173 181
173 187
173 229
173 248
173 314
173 516
173 596
16 183
77 183
151 183
183 257
183 258
183 268
183 311
183 423
183 533
183 624
183 728
183 771
60 198
85 198
195 198
198 367
198 397
198 534
198 552
198 671
77 203
203 275
203 285
203 310
203 366
203 376
203 409
203 549
203 599
203 600
203 611
203 650
203 659
203 737
83 207
207 233
207 251
207 409
181 229
229 248
229 513
229 553
229 606
229 651
229 764
237 389
237 792
21 242
23 242
27 242
242 274
242 452
242 700
142 256
252 256
256 315
257 268
257 363
257 423
257 465
257 500
257 556
257 609
257 632
257 680
257 697
257 712
257 770
257 771
257 799
55 274
187 274
255 274
274 369
274 524
181 299
299 386
299 466
62 315
235 315
315 385
172 363
178 363
266 363
363 447
363 465
158 391
329 391
391 555
391 680
391 780
77 408
166 408
408 487
217 423
423 624
423 754
423 771
155 435
233 435
418 435
435 528
435 647
253 449
375 449
449 474
449 501
47 456
456 494
125 474
297 474
474 479
474 501
474 522
32 501
63 501
343 501
113 528
403 528
187 534
314 534
292 555
555 780
268 574
574 732
132 600
172 600
600 650
600 699
42 609
47 609
86 609
609 632
149 624
428 624
463 624
307 650
93 671
510 671
500 680
680 712
73 699
401 699
41 733
155 733
495 733
148 780
615 780
16 21
16 23
16 44
16 69
16 71
16 75
16 77
16 93
16 111
16 133
16 151
16 209
16 221
16 288
16 290
16 305
16 354
16 403
16 420
16 448
16 460
16 471
16 533
16 540
16 541
16 577
16 581
16 585
16 728
16 770
16 796
21 23
21 27
21 30
21 93
21 111
21 133
21 164
21 178
21 181
21 194
21 354
21 452
21 460
21 553
21 586
21 595
21 714
23 27
23 30
23 60
23 77
23 83
23 122
23 151
23 166
23 200
23 234
23 288
23 310
23 334
23 351
23 450
23 452
23 461
23 477
23 515
23 520
23 545
23 550
23 566
23 616
23 623
23 637
23 700
23 714
23 721
27 41
27 60
27 67
27 84
27 110
27 159
27 179
27 236
27 336
27 595
27 606
27 666
27 687
27 689
27 700
27 714
27 740
30 44
30 118
30 170
30 181
30 210
30 234
30 264
30 294
30 330
30 354
30 365
30 379
30 450
30 532
30 551
30 613
30 623
31 39
31 40
31 41
31 42
31 58
31 66
31 69
31 75
31 80
31 85
31 88
31 142
31 153
31 166
31 175
31 189
31 208
31 230
31 241
31 283
31 293
31 312
31 383
31 444
31 517
31 591
31 636
31 656
31 660
31 753
31 756
31 788
32 40
32 51
32 62
32 63
32 86
32 90
32 95
32 118
32 157
32 176
32 238
32 271
32 322
32 343
32 378
32 396
32 402
32 411
32 414
32 433
32 439
32 452
32 526
32 535
32 545
32 656
32 667
32 710
32 721
32 730
32 752
32 776
44 71
44 75
44 118
44 133
44 168
44 170
44 197
44 279
44 290
44 356
44 483
44 541
44 731
44 770
44 787
49 52
49 84
49 90
49 151
49 161
49 212
49 214
49 224
49 245
49 267
49 273
49 275
49 318
49 323
49 351
49 360
49 371
49 394
49 470
49 536
49 558
49 594
49 667
49 676
49 701
49 711
49 779
49 789
53 56
56 59
56 132
56 188
56 222
56 227
56 281
56 371
56 425
56 527
56 775
61 202
61 279
61 325
61 438
61 476
61 480
61 618
61 630
61 764
51 62
62 73
62 106
62 118
62 148
62 161
62 235
62 236
62 258
62 261
62 271
62 277
62 385
62 406
62 489
62 539
62 545
62 644
62 657
62 709
62 731
59 63
63 108
63 165
63 171
63 179
63 189
63 282
63 343
63 601
63 610
63 722
63 769
42 67
50 67
67 236
67 293
67 392
67 448
67 689
67 719
69 110
69 283
69 288
69 312
69 529
69 540
51 73
73 109
73 124
73 161
73 171
73 235
73 277
73 346
73 397
73 401
73 539
73 564
73 602
73 649
73 657
73 706
73 743
73 784
58 75
66 75
75 80
75 126
75 154
75 290
75 419
75 426
75 444
75 543
75 571
75 581
75 591
75 635
75 656
75 690
75 788
40 78
58 78
78 163
78 167
78 213
78 417
78 560
78 579
78 599
78 610
78 625
78 638
78 715
83 208
90 214
90 243
90 275
90 323
90 371
90 378
90 557
90 702
77 106
106 196
106 383
106 421
106 618
108 165
108 189
108 335
108 377
108 428
108 437
108 583
108 665
108 698
108 726
108 769
41 110
110 437
110 486
120 366
120 516
120 565
120 716
59 132
132 172
132 182
132 252
132 341
132 385
132 480
132 746
142 241
142 252
142 338
142 345
142 414
128 149
149 167
149 191
149 197
149 227
149 228
149 267
149 285
149 344
149 374
149 428
149 457
149 463
149 467
149 481
149 584
149 661
149 716
149 789
41 155
155 233
155 249
155 381
155 418
155 495
155 510
155 522
155 544
155 578
155 647
155 652
155 675
155 758
84 161
151 161
161 277
161 318
161 416
161 536
161 697
161 743
161 767
59 171
171 179
171 282
171 497
171 602
171 706
171 722
172 178
172 266
172 385
172 511
172 634
172 666
93 178
133 178
178 266
178 447
178 535
178 635
179 339
179 494
179 497
181 248
181 264
181 386
181 466
181 481
181 513
181 553
181 596
181 606
181 701
181 764
166 189
189 330
189 698
57 191
60 191
191 361
191 407
191 520
191 565
191 727
52 212
57 212
212 347
212 389
212 578
212 594
212 631
212 701
227 285
227 406
227 428
227 463
243 557
243 707
243 722
214 245
245 394
245 548
245 711
55 251
87 251
251 462
252 338
252 341
125 264
176 264
264 309
264 318
264 404
264 541
264 701
264 798
250 265
265 273
265 519
265 531
265 706
266 436
266 447
266 569
266 708
266 782
273 283
273 487
273 676
51 277
277 349
277 406
277 628
277 658
277 678
277 743
66 293
293 312
293 551
188 294
294 381
294 400
294 513
294 532
294 571
301 323
323 470
323 684
41 324
66 324
324 524
324 684
111 338
122 338
338 414
338 445
338 626
93 339
339 494
339 623
168 341
255 341
341 378
341 562
341 675
341 748
361 430
361 520
361 581
77 366
55 369
187 369
381 510
381 544
381 578
51 414
271 414
87 421
374 421
421 579
421 749
430 489
430 734
430 791
238 438
241 438
58 453
66 453
411 453
453 644
453 672
453 797
51 461
407 461
461 470
465 697
51 470
470 630
470 684
128 481
374 481
93 510
412 510
55 524
255 524
58 532
505 532
532 761
452 535
535 635
253 540
268 540
440 560
57 577
443 577
577 627
577 692
544 578
578 675
578 758
583 726
234 592
405 592
473 592
595 627
595 687
226 602
451 602
602 706
312 620
392 620
57 627
443 627
618 632
632 638
632 685
632 799
154 635
638 685
66 684
300 698
539 707
707 722
428 716
282 722
154 726
726 746
249 730
585 730
730 748
730 788
133 797
194 797
86 95
95 112
95 157
95 209
95 246
95 271
95 322
95 373
95 411
95 439
95 526
95 597
95 752
95 794
51 113
113 356
113 364
113 403
113 739
113 800
40 167
58 167
167 197
167 213
167 228
167 267
167 304
167 344
167 388
167 417
167 467
167 543
167 579
167 711
167 719
40 185
47 185
86 185
185 495
185 617
185 636
71 209
133 209
214 275
214 360
214 370
214 394
214 495
214 548
238 241
238 287
238 289
238 387
238 452
238 549
238 568
238 683
238 776
250 426
250 519
250 706
250 747
241 287
287 387
289 549
289 779
292 353
292 390
292 552
292 614
292 661
139 353
352 353
353 436
353 760
170 356
356 739
85 364
195 364
364 398
364 463
364 521
364 590
364 787
370 442
370 525
452 776
428 463
463 521
463 787
41 495
495 523
495 619
495 636
310 520
334 520
520 608
187 521
521 704
521 799
310 549
549 611
255 562
562 738
283 636
312 636
165 670
280 670
601 760
39 47
40 47
42 47
47 86
47 88
47 116
47 124
47 263
47 505
47 550
47 617
47 640
47 673
47 735
47 772
51 57
51 86
51 128
51 174
51 176
51 271
51 326
51 336
51 406
51 407
51 476
51 489
51 628
51 630
51 658
51 784
53 55
53 87
53 188
53 249
53 280
53 304
53 388
53 467
53 490
53 738
55 58
55 87
55 187
55 194
55 255
55 280
55 282
55 304
55 325
55 372
55 422
55 457
55 462
55 475
55 612
55 633
55 673
55 724
52 57
57 60
57 199
57 213
57 260
57 306
57 326
57 347
57 407
57 415
57 443
57 476
57 537
57 621
57 631
57 687
57 692
57 724
40 58
58 66
58 80
58 111
58 187
58 194
58 213
58 255
58 332
58 394
58 411
58 457
58 478
58 505
58 517
58 591
58 599
58 617
58 644
58 651
58 672
58 715
58 752
58 761
58 796
60 85
60 195
60 367
60 390
60 399
60 552
60 565
60 606
60 687
60 714
60 740
60 777
42 85
80 85
85 125
85 153
85 159
85 175
85 195
85 359
85 365
85 367
85 390
85 398
85 491
85 590
85 718
85 766
93 111
111 116
111 122
111 234
111 297
111 405
111 473
111 533
111 556
111 626
111 651
111 689
111 690
111 751
111 785
111 796
39 116
88 116
116 122
116 124
116 222
116 297
116 349
116 498
116 505
116 603
122 223
122 288
122 360
122 515
122 616
122 689
122 756
122 785
165 280
165 286
165 335
165 769
164 174
174 234
174 405
174 556
174 751
187 255
187 314
187 417
187 660
187 724
187 752
187 799
71 211
125 211
176 211
211 536
211 738
211 790
59 222
222 226
222 603
233 249
233 333
233 375
233 409
233 418
233 468
233 472
233 519
233 522
233 557
233 604
188 249
249 375
249 405
249 418
249 585
249 637
249 652
249 734
249 748
249 785
249 788
253 268
253 375
253 554
268 380
268 433
268 732
335 439
335 464
275 360
375 585
375 637
394 505
394 548
394 711
394 779
40 417
417 579
417 660
39 472
50 472
443 472
472 676
472 681
472 702
202 476
325 476
476 781
415 488
458 488
488 674
88 505
500 556
556 751
305 585
403 585
585 637
585 734
585 748
506 652
673 729
673 735
673 758
674 696
396 696
433 696
515 696
407 724
415 724
695 729
307 735
663 735
255 738
126 761
705 761
656 788
41 66
41 159
41 301
41 326
41 437
41 486
41 523
41 619
41 772
128 164
128 276
128 374
128 471
164 586
42 195
125 195
195 359
195 552
195 590
195 766
301 326
390 398
86 407
407 415
407 727
415 458
415 486
415 694
428 665
255 457
457 617
297 522
443 537
87 544
344 544
544 675
593 767
42 727
365 727
468 727
727 793
84 767
416 767
39 40
39 42
39 50
39 88
39 124
39 263
39 298
39 347
39 349
39 443
39 645
39 702
39 781
40 42
40 66
40 86
40 112
40 153
40 163
40 248
40 383
40 396
40 547
40 665
42 50
50 263
50 443
50 462
50 542
50 641
50 643
50 669
50 676
50 702
59 205
59 226
59 282
59 480
59 566
59 569
59 604
59 608
59 746
84 151
84 416
84 460
84 536
84 697
42 86
86 112
86 157
86 176
86 336
86 343
86 477
86 597
86 617
86 708
93 133
93 170
93 235
93 295
93 305
93 412
93 500
93 533
93 623
42 112
112 153
112 400
112 526
112 763
170 295
170 305
170 616
170 662
170 681
170 792
205 492
205 566
223 246
223 526
235 397
235 447
235 500
235 539
235 649
246 334
246 376
246 705
246 737
246 786
258 311
258 568
283 312
283 487
283 504
283 529
275 285
285 310
285 406
285 599
285 661
285 768
210 300
300 346
300 587
288 334
310 334
334 608
334 614
334 705
334 721
340 518
340 664
109 346
346 564
52 347
347 382
347 631
347 634
347 781
87 374
322 374
372 374
374 579
374 749
124 380
126 380
380 387
380 441
380 586
380 611
380 647
380 649
158 382
382 542
382 625
382 634
382 641
382 672
382 688
382 773
382 774
382 800
387 586
387 626
387 647
387 683
66 396
396 433
396 515
396 547
396 665
399 418
399 507
71 401
109 401
401 682
406 658
406 678
406 691
406 768
418 507
418 647
433 441
433 515
433 523
437 486
437 772
500 527
515 523
515 616
450 518
523 619
151 566
550 566
566 604
569 608
569 708
468 604
557 604
310 608
163 610
610 625
610 679
614 622
158 622
295 622
329 622
385 634
634 666
634 800
542 641
263 643
344 669
584 669
642 669
669 685
80 705
126 705
493 732
439 768
442 768
263 772
202 781
325 781
77 151
77 166
77 196
77 200
77 351
77 420
77 471
77 487
77 545
77 639
52 224
224 267
224 309
224 327
224 352
224 427
224 561
224 667
275 371
275 599
275 659
276 572
276 659
168 286
286 683
290 581
125 309
176 309
309 318
309 404
309 459
309 541
309 695
309 790
311 327
327 561
376 737
52 389
389 763
305 403
459 483
459 695
459 790
420 471
271 489
489 734
525 712
581 654
157 597
637 734
734 791
442 791
783 791
42 80
42 88
42 125
42 175
42 230
42 359
42 365
42 448
42 450
42 462
42 468
42 645
42 719
42 793
66 80
80 88
80 125
80 126
80 358
80 411
80 419
80 426
80 479
80 543
88 349
88 645
71 133
133 168
133 194
133 316
133 541
166 200
166 330
166 487
194 332
194 663
197 228
197 304
197 388
197 422
197 445
197 590
288 310
288 721
118 301
279 301
301 753
295 305
305 412
305 662
305 681
314 484
314 516
188 386
371 386
379 386
367 412
109 420
291 420
420 653
445 484
354 448
448 719
330 450
125 479
479 497
400 513
513 553
513 606
516 565
517 795
354 553
553 651
586 647
651 796
542 704
478 795
573 795
440 464
439 464
464 777
71 109
71 125
71 157
71 176
71 316
71 359
71 483
71 536
71 682
71 693
71 771
71 790
175 230
281 425
281 529
281 642
281 740
281 774
281 775
213 306
260 306
306 492
182 485
485 530
485 547
485 612
344 642
467 642
584 642
642 685
642 743
642 774
642 775
688 774
773 774
774 775
442 783
52 175
52 199
52 291
52 352
52 502
52 558
52 621
52 667
52 763
139 163
139 316
139 352
139 436
139 591
158 295
158 329
158 345
158 491
158 530
163 352
163 591
163 625
163 679
163 694
199 221
221 307
221 354
221 692
221 784
221 796
263 298
263 404
263 550
263 640
295 329
295 616
295 662
295 792
307 663
307 692
307 784
311 514
311 533
311 750
329 744
332 469
332 478
332 506
332 514
318 404
404 541
443 542
443 676
443 681
151 460
460 714
126 469
291 469
469 645
504 561
504 584
478 506
506 514
506 653
506 655
151 550
351 550
550 640
148 558
558 615
558 745
621 751
234 623
109 653
291 653
272 655
613 655
714 740
151 351
151 416
151 639
151 728
175 182
175 199
175 260
175 291
175 502
182 260
182 530
182 547
182 564
182 766
199 213
199 260
202 278
202 325
202 358
202 446
202 475
213 260
213 492
213 633
213 719
260 492
260 633
228 267
267 344
267 543
267 679
267 789
118 279
279 480
279 764
109 291
126 291
291 502
291 548
87 325
325 377
325 446
325 745
352 591
66 358
446 475
446 745
87 475
462 475
124 564
564 766
176 708
343 708
148 745
359 766
236 782
261 782
644 782
248 576
248 596
248 764
168 378
378 667
378 748
378 769
531 603
629 713
629 744
629 773
629 776
591 656
656 721
667 769
667 789
695 790
153 718
491 718
541 770
109 728
210 728
697 770
118 148
148 236
148 261
148 615
87 188
188 344
188 371
188 379
188 400
188 405
188 441
188 571
188 747
330 477
271 402
402 596
402 631
402 710
431 490
431 664
87 462
467 490
539 657
657 750
66 665
87 322
87 344
87 372
87 377
87 467
87 579
87 786
109 124
109 126
109 157
109 210
109 493
109 548
109 682
118 545
118 731
118 753
124 126
125 297
125 318
125 359
125 497
66 126
126 419
126 548
126 645
126 649
126 794
210 379
210 587
236 261
236 392
236 644
236 689
236 709
297 498
271 322
322 367
322 372
322 439
322 526
345 491
345 530
359 365
359 468
367 390
530 547
530 612
228 587
527 628
397 649
371 379
371 527
379 441
379 747
153 400
400 571
400 763
441 611
441 747
480 764
527 678
312 529
514 750
66 154
66 312
66 392
66 411
66 644
66 756
312 392
312 551
234 551
551 613
551 640
154 713
713 744
713 773
200 545
200 639
234 365
234 405
234 473
234 637
318 351
351 639
336 477
343 477
545 731
616 792
492 633
675 758
278 333
333 444
333 519
478 514
519 531
153 208
208 688
208 739
208 753
625 688
672 688
688 739
688 773
176 336
336 451
336 666
689 756
689 785
226 451
157 411
416 793
426 615
468 793
365 468
365 613
365 640
272 613
502 613
613 640
153 491
153 753
383 618
383 660
444 690
176 343
176 536
176 798
271 373
271 458
271 498
271 631
271 710
439 442
439 526
439 777
397 447
397 691
397 693
419 426
426 543
426 571
298 798
280 372
304 372
372 749
447 691
447 693
599 715
228 679
543 679
658 691
678 691
691 693
486 694
280 282
280 304
280 388
280 612
280 662
645 794
409 468
468 557
344 467
467 584
467 711
467 743
344 685
168 255
168 675
168 683
168 748
483 682
483 693
676 681
255 617
536 697
536 790
344 711
711 779
344 789
542 625
542 672
658 678
692 784
272 502
304 590
228 388
388 422
196 473
255 675
409 557
282 422
282 612
282 662
228 422
272 478
478 573
261 644
644 672
625 672
672 773
565 777
228 272
228 543
272 278
272 373
344 584
584 743
682 693
543 571
278 373
373 458
373 794
458 498
405 473
405 785
662 681
