1 2
1 3
1 4
1 5
1 7
1 13
1 15
1 19
1 22
1 25
1 26
1 32
1 33
1 34
1 45
1 47
1 49
1 51
1 53
1 57
1 65
1 72
1 73
1 78
1 91
1 97
1 105
1 106
1 115
1 119
1 133
1 147
1 166
1 168
1 179
1 184
1 188
1 194
1 205
1 219
1 234
1 237
1 289
1 295
1 314
1 318
1 322
1 334
1 344
1 345
1 353
1 370
1 374
1 400
1 413
1 440
1 463
1 477
1 487
1 488
1 508
1 518
1 543
1 548
1 554
1 558
1 576
1 642
1 673
1 688
1 708
1 715
1 723
1 735
1 742
1 770
1 783
1 799
2 3
2 4
2 5
2 6
2 7
2 8
2 11
2 14
2 16
2 23
2 24
2 26
2 28
2 32
2 35
2 36
2 38
2 40
2 47
2 48
2 58
2 63
2 64
2 67
2 74
2 76
2 83
2 86
2 94
2 101
2 114
2 125
2 128
2 148
2 152
2 165
2 174
2 196
2 203
2 219
2 220
2 223
2 239
2 244
2 290
2 298
2 305
2 306
2 314
2 326
2 350
2 356
2 368
2 369
2 384
2 403
2 417
2 427
2 433
2 454
2 481
2 493
2 525
2 548
2 550
2 555
2 576
2 584
2 588
2 591
2 600
2 611
2 636
2 690
2 709
2 721
2 726
2 729
2 733
2 736
2 757
2 768
2 783
2 793
2 796
3 4
3 5
3 6
3 9
3 10
3 14
3 17
3 19
3 20
3 23
3 24
3 26
3 32
3 33
3 38
3 41
3 43
3 45
3 49
3 50
3 55
3 60
3 62
3 63
3 65
3 80
3 86
3 92
3 95
3 101
3 109
3 111
3 126
3 141
3 147
3 149
3 158
3 165
3 167
3 168
3 171
3 172
3 185
3 194
3 198
3 206
3 210
3 226
3 227
3 259
3 261
3 266
3 277
3 298
3 301
3 325
3 349
3 371
3 391
3 395
3 406
3 413
3 432
3 433
3 440
3 462
3 479
3 517
3 527
3 529
3 555
3 561
3 608
3 610
3 633
3 641
3 656
3 668
3 669
3 674
3 686
3 687
3 700
3 703
3 721
3 732
3 742
4 5
4 6
4 7
4 8
4 9
4 10
4 12
4 15
4 17
4 18
4 21
4 22
4 23
4 24
4 27
4 28
4 29
4 32
4 33
4 38
4 47
4 48
4 51
4 54
4 85
4 86
4 92
4 99
4 100
4 106
4 119
4 123
4 125
4 127
4 139
4 140
4 146
4 147
4 149
4 152
4 156
4 163
4 170
4 174
4 175
4 176
4 177
4 179
4 189
4 191
4 196
4 199
4 212
4 214
4 237
4 241
4 247
4 260
4 261
4 268
4 275
4 281
4 284
4 288
4 314
4 326
4 356
4 360
4 362
4 373
4 375
4 377
4 378
4 389
4 399
4 402
4 403
4 407
4 408
4 409
4 412
4 434
4 442
4 446
4 449
4 455
4 463
4 477
4 497
4 505
4 507
4 511
4 512
4 525
4 541
4 552
4 557
4 564
4 577
4 582
4 595
4 608
4 616
4 621
4 637
4 643
4 669
4 674
4 676
4 680
4 681
4 700
4 728
4 729
4 734
4 764
4 774
4 797
5 6
5 7
5 8
5 9
5 11
5 13
5 14
5 15
5 16
5 17
5 19
5 20
5 21
5 22
5 25
5 27
5 31
5 35
5 37
5 40
5 42
5 43
5 44
5 45
5 47
5 48
5 50
5 52
5 55
5 58
5 61
5 69
5 72
5 73
5 76
5 77
5 83
5 85
5 91
5 92
5 98
5 104
5 107
5 112
5 115
5 127
5 152
5 155
5 160
5 162
5 170
5 172
5 184
5 187
5 200
5 210
5 213
5 215
5 228
5 243
5 251
5 264
5 267
5 270
5 278
5 291
5 293
5 309
5 342
5 349
5 353
5 355
5 356
5 366
5 367
5 370
5 383
5 404
5 422
5 430
5 435
5 440
5 452
5 453
5 462
5 463
5 465
5 478
5 482
5 484
5 494
5 496
5 514
5 526
5 531
5 533
5 583
5 592
5 622
5 626
5 627
5 640
5 648
5 649
5 659
5 674
5 680
5 696
5 702
5 706
5 712
5 739
5 746
5 762
5 765
5 775
6 7
7 8
7 11
7 12
7 13
7 18
7 20
7 21
7 25
7 30
7 37
7 44
7 50
7 64
7 98
7 99
7 121
7 130
7 133
7 148
7 154
7 219
7 220
7 230
7 234
7 333
7 338
7 355
7 430
7 442
7 504
7 527
7 530
7 575
7 631
7 670
7 695
7 733
7 765
12 13
13 19
13 20
13 53
13 77
13 133
13 156
13 205
13 285
13 420
13 442
13 488
13 531
13 622
13 642
9 15
15 21
15 22
15 25
15 31
15 34
15 43
15 49
15 66
15 79
15 81
15 91
15 114
15 123
15 160
15 170
15 172
15 175
15 183
15 200
15 232
15 241
15 253
15 261
15 262
15 288
15 309
15 318
15 322
15 329
15 357
15 375
15 385
15 390
15 400
15 408
15 415
15 424
15 447
15 451
15 463
15 468
15 496
15 497
15 515
15 521
15 539
15 569
15 574
15 580
15 583
15 593
15 619
15 653
15 746
15 795
19 26
19 32
19 45
19 53
19 65
19 68
19 72
19 77
19 78
19 85
19 92
19 104
19 105
19 106
19 132
19 136
19 143
19 156
19 158
19 161
19 187
19 188
19 240
19 251
19 263
19 278
19 285
19 310
19 327
19 335
19 354
19 382
19 400
19 405
19 414
19 420
19 440
19 445
19 472
19 475
19 491
19 512
19 554
19 560
19 569
19 594
19 631
19 652
19 670
19 688
19 703
19 711
19 744
19 748
19 773
19 784
22 25
22 27
22 31
22 33
22 57
22 73
22 85
22 114
22 116
22 119
22 128
22 151
22 155
22 172
22 175
22 178
22 193
22 200
22 209
22 232
22 241
22 249
22 256
22 290
22 304
22 309
22 313
22 323
22 361
22 363
22 389
22 400
22 407
22 409
22 420
22 422
22 425
22 453
22 473
22 493
22 506
22 539
22 582
22 630
22 679
22 685
22 689
22 709
22 749
8 25
25 31
25 33
25 34
25 37
25 44
25 71
25 72
25 95
25 114
25 116
25 128
25 142
25 206
25 210
25 237
25 249
25 252
25 282
25 288
25 334
25 385
25 410
25 420
25 460
25 548
25 573
25 585
25 665
25 681
25 745
25 776
25 799
14 26
16 26
26 32
26 34
26 48
26 65
26 68
26 103
26 117
26 126
26 132
26 136
26 143
26 186
26 221
26 225
26 235
26 273
26 290
26 292
26 303
26 324
26 405
26 413
26 414
26 543
26 664
26 741
32 33
32 49
32 67
32 68
32 106
32 117
32 161
32 163
32 168
32 232
32 236
32 247
32 248
32 273
32 282
32 298
32 300
32 383
32 402
32 479
32 492
32 518
32 694
32 768
33 49
33 57
33 67
33 82
33 90
33 143
33 149
33 155
33 192
33 202
33 209
33 247
33 294
33 334
33 359
33 475
33 492
33 530
33 535
33 556
33 628
33 641
33 656
33 674
33 681
33 700
33 738
14 34
16 34
34 49
34 81
34 100
34 103
34 288
34 543
34 548
34 558
34 574
34 648
34 792
17 45
41 45
45 78
45 104
45 109
45 123
45 130
45 171
45 184
45 225
45 230
45 251
45 344
45 399
45 406
45 444
45 589
45 592
45 594
45 635
45 671
35 47
40 47
47 51
47 53
47 91
47 109
47 156
47 164
47 168
47 174
47 189
47 202
47 204
47 208
47 258
47 314
47 337
47 359
47 443
47 452
47 677
47 753
47 778
47 779
47 783
49 67
49 81
49 82
49 90
49 149
49 155
49 168
49 170
49 185
49 202
49 227
49 245
49 262
49 282
49 286
49 302
49 312
49 318
49 338
49 479
49 489
49 558
49 617
49 620
49 628
49 633
49 707
49 715
6 51
18 51
30 51
51 53
51 56
51 59
51 74
51 110
51 115
51 156
51 162
51 166
51 201
51 237
51 250
51 359
51 402
51 466
51 485
51 498
51 572
51 613
51 779
53 65
53 73
53 91
53 97
53 166
53 202
53 205
53 285
53 319
53 386
53 456
53 508
53 531
53 554
53 677
53 779
6 57
10 57
46 57
57 62
57 87
57 105
57 126
57 173
57 190
57 209
57 233
57 249
57 332
57 422
57 535
57 652
57 657
57 703
65 73
65 126
65 136
65 158
65 325
65 374
65 386
65 395
65 491
65 534
65 640
65 664
8 72
71 72
72 85
72 105
72 159
72 184
72 206
72 240
72 276
72 310
72 365
72 370
72 379
72 393
72 475
72 478
72 489
72 495
72 524
72 536
72 585
72 602
72 773
72 775
73 115
73 119
73 151
73 280
73 316
73 366
73 374
73 386
73 422
73 491
73 533
73 581
73 582
73 708
73 709
9 78
35 78
64 78
78 104
78 118
78 130
78 137
78 144
78 157
78 184
78 207
78 213
78 245
78 289
78 295
78 309
78 339
78 400
78 436
78 440
78 445
78 454
78 524
78 537
78 547
78 631
78 692
78 722
78 748
78 755
43 91
91 97
91 168
91 202
91 204
91 337
91 443
91 457
91 531
91 599
91 746
8 97
36 97
55 97
97 205
97 246
97 319
97 384
97 398
97 456
97 503
97 520
97 542
97 559
97 639
97 751
46 105
87 105
105 150
105 166
105 240
105 276
105 316
105 332
105 467
105 777
6 106
18 106
106 119
106 127
106 169
106 188
106 204
106 268
106 346
106 364
106 397
106 399
106 434
106 499
106 518
106 625
106 713
59 115
74 115
115 274
115 366
115 572
115 674
115 708
18 119
119 127
119 139
119 151
119 163
119 169
119 241
119 259
119 280
119 364
119 460
119 506
119 601
119 679
119 689
119 699
119 708
119 749
119 767
119 791
119 800
35 133
59 133
66 133
133 302
133 401
133 488
133 503
133 566
133 616
133 624
133 644
133 702
133 718
14 147
46 147
131 147
147 169
147 179
147 194
147 198
147 234
147 246
147 331
147 608
147 688
147 723
147 800
87 166
150 166
166 316
166 508
166 697
166 799
168 204
168 208
168 227
168 314
168 419
168 479
168 694
54 179
124 179
139 179
179 688
85 184
184 289
184 344
184 345
184 659
6 188
23 188
88 188
188 277
188 330
188 597
188 732
18 194
29 194
194 217
194 234
194 251
194 263
194 265
194 417
194 619
205 319
205 384
205 559
205 767
46 219
79 219
89 219
219 501
219 576
219 638
219 788
219 789
21 234
98 234
234 260
234 298
234 527
234 723
234 770
234 791
31 237
81 237
237 331
237 477
237 512
237 517
237 618
6 289
99 289
130 289
289 295
289 353
289 421
289 438
289 439
289 524
289 547
289 551
100 295
152 295
203 295
295 353
295 428
295 434
295 439
295 524
295 525
295 735
28 314
314 326
314 734
48 318
124 318
265 318
318 322
318 471
318 543
318 566
318 715
124 322
158 322
231 322
322 502
322 535
322 543
322 590
322 646
6 334
30 334
110 334
334 681
334 776
79 344
82 344
89 344
344 345
344 348
96 345
271 345
323 345
345 534
58 353
127 353
353 439
353 680
353 731
353 735
74 370
274 370
296 370
370 478
370 484
39 374
120 374
374 491
374 534
374 753
200 400
400 440
400 487
400 554
400 593
400 673
400 748
16 413
324 413
328 413
413 742
440 487
440 703
81 463
390 463
21 477
215 477
339 477
477 512
99 487
247 487
253 487
487 549
487 713
487 746
178 488
231 488
308 488
488 578
488 642
122 508
151 508
197 508
508 799
127 518
204 518
346 518
103 543
305 548
454 548
548 726
202 554
531 554
554 673
35 558
40 558
165 558
558 760
58 576
93 576
134 576
122 642
207 642
580 642
18 673
425 673
620 673
673 751
85 688
310 688
169 708
506 708
708 767
8 715
37 715
226 715
616 723
644 723
647 723
723 770
39 735
70 735
639 735
149 742
185 742
404 742
16 770
377 770
389 770
11 783
61 783
755 783
206 799
252 799
6 8
6 9
6 10
6 11
6 14
6 16
6 17
6 18
6 20
6 23
6 24
6 27
6 28
6 29
6 30
6 35
6 36
6 39
6 42
6 44
6 46
6 50
6 54
6 58
6 59
6 62
6 63
6 64
6 69
6 70
6 71
6 84
6 88
6 89
6 90
6 92
6 93
6 99
6 103
6 107
6 108
6 110
6 111
6 113
6 121
6 122
6 127
6 128
6 129
6 130
6 131
6 138
6 140
6 150
6 153
6 178
6 187
6 190
6 193
6 195
6 207
6 214
6 216
6 220
6 222
6 223
6 224
6 229
6 231
6 240
6 243
6 244
6 247
6 249
6 252
6 257
6 267
6 268
6 273
6 275
6 277
6 281
6 287
6 301
6 326
6 340
6 341
6 343
6 351
6 352
6 357
6 360
6 369
6 373
6 382
6 392
6 396
6 408
6 415
6 422
6 427
6 429
6 432
6 437
6 472
6 492
6 499
6 516
6 522
6 546
6 550
6 552
6 559
6 567
6 581
6 584
6 587
6 591
6 597
6 606
6 608
6 613
6 615
6 629
6 637
6 644
6 645
6 652
6 654
6 662
6 672
6 693
6 695
6 703
6 713
6 717
6 728
6 733
6 739
6 759
6 769
6 794
8 11
8 12
8 14
8 16
8 18
8 28
8 31
8 36
8 37
8 38
8 41
8 55
8 68
8 70
8 71
8 80
8 108
8 117
8 131
8 135
8 138
8 142
8 145
8 153
8 159
8 174
8 177
8 200
8 206
8 218
8 222
8 226
8 244
8 246
8 252
8 264
8 269
8 280
8 284
8 300
8 304
8 310
8 372
8 387
8 392
8 403
8 405
8 423
8 448
8 486
8 490
8 494
8 496
8 503
8 504
8 507
8 575
8 600
8 603
8 634
8 635
8 637
8 659
8 665
8 709
8 716
8 737
8 740
8 751
8 752
8 754
8 779
8 786
8 796
11 12
11 36
11 37
11 38
11 61
11 64
11 70
11 93
11 99
11 121
11 135
11 171
11 203
11 220
11 230
11 242
11 247
11 253
11 291
11 299
11 306
11 333
11 338
11 347
11 348
11 356
11 421
11 441
11 509
11 537
11 544
11 553
11 614
11 631
11 666
11 755
11 765
11 782
10 14
14 16
14 20
14 23
14 27
14 39
14 40
14 46
14 48
14 58
14 70
14 100
14 101
14 103
14 107
14 110
14 112
14 120
14 131
14 145
14 157
14 165
14 169
14 197
14 200
14 213
14 221
14 224
14 246
14 268
14 286
14 293
14 304
14 305
14 313
14 340
14 343
14 352
14 355
14 364
14 378
14 384
14 398
14 436
14 442
14 450
14 452
14 453
14 467
14 480
14 522
14 532
14 549
14 611
14 634
14 667
14 675
14 701
14 725
14 727
14 747
14 753
14 766
14 778
14 792
9 16
16 35
16 44
16 58
16 59
16 66
16 69
16 87
16 93
16 94
16 96
16 100
16 102
16 131
16 150
16 154
16 160
16 176
16 195
16 215
16 271
16 290
16 294
16 297
16 303
16 310
16 323
16 324
16 328
16 377
16 389
16 392
16 428
16 456
16 465
16 550
16 562
16 607
16 614
16 636
16 650
16 660
16 661
16 709
16 725
16 730
20 23
23 24
23 29
23 39
23 63
23 88
23 110
23 111
23 114
23 116
23 128
23 165
23 177
23 191
23 195
23 196
23 227
23 238
23 277
23 330
23 346
23 360
23 369
23 376
23 390
23 398
23 446
23 476
23 559
23 598
23 629
23 651
23 668
23 686
23 706
23 718
23 781
23 782
20 24
24 28
24 50
24 54
24 62
24 88
24 107
24 114
24 116
24 125
24 144
24 177
24 180
24 199
24 209
24 210
24 214
24 233
24 250
24 260
24 276
24 474
24 476
24 479
24 505
24 601
24 610
24 682
24 684
24 705
18 28
28 29
28 36
28 42
28 54
28 75
28 103
28 122
28 125
28 144
28 177
28 209
28 218
28 223
28 464
28 502
28 546
28 734
28 737
9 35
35 40
35 42
35 44
35 59
35 64
35 66
35 109
35 121
35 137
35 153
35 154
35 157
35 164
35 165
35 191
35 201
35 244
35 269
35 278
35 332
35 367
35 503
35 513
35 526
35 566
35 579
35 623
35 665
35 718
35 743
35 787
36 38
36 41
36 55
36 61
36 108
36 113
36 122
36 207
36 220
36 246
36 255
36 348
36 360
36 398
36 421
36 430
36 520
36 532
36 542
36 580
36 603
36 613
36 621
36 639
36 650
36 686
36 737
38 41
38 61
38 63
38 67
38 70
38 74
38 77
38 80
38 100
38 117
38 118
38 138
38 149
38 239
38 275
38 277
38 350
38 368
38 439
38 449
38 470
38 481
38 509
38 545
38 612
38 666
38 699
38 717
38 758
38 780
27 40
39 40
40 56
40 76
40 109
40 146
40 165
40 181
40 189
40 217
40 236
40 268
40 355
40 452
40 458
40 504
40 564
40 702
40 760
21 48
48 58
48 83
48 94
48 124
48 125
48 158
48 182
48 224
48 238
48 254
48 265
48 356
48 457
48 471
48 507
48 510
48 522
48 555
48 595
48 604
48 643
48 693
48 696
48 750
58 83
58 93
58 96
58 101
58 124
58 127
58 134
58 138
58 157
58 158
58 185
58 192
58 224
58 231
58 254
58 315
58 340
58 408
58 457
58 522
58 567
58 579
58 584
58 600
58 614
58 727
58 750
39 63
63 67
63 80
63 86
63 88
63 89
63 349
63 350
63 373
63 500
63 611
63 691
9 64
64 118
64 121
64 144
64 148
64 183
64 191
64 203
64 230
64 239
64 326
64 336
64 342
64 354
64 429
64 436
64 544
64 565
64 592
64 623
64 698
64 722
64 736
64 743
64 754
64 762
64 787
67 74
67 82
67 143
67 170
67 282
67 449
67 489
67 492
67 545
67 556
67 611
67 612
67 677
67 707
67 758
18 74
59 74
74 77
74 239
74 250
74 274
74 296
74 368
74 485
74 613
74 780
74 789
9 76
52 76
76 258
76 397
76 702
76 747
76 775
9 83
69 83
83 94
83 124
83 182
83 208
83 238
83 264
83 366
83 427
83 461
83 513
83 516
83 584
83 627
83 727
10 86
17 86
86 136
86 146
86 222
86 412
86 497
86 557
86 571
86 649
86 651
86 721
44 94
59 94
94 135
94 176
94 182
94 208
94 211
94 215
94 242
94 335
94 361
94 375
94 381
94 409
94 427
94 447
94 513
94 544
94 555
94 562
94 587
94 617
94 661
94 678
94 719
94 730
94 734
92 101
101 157
101 259
101 305
101 432
101 442
101 567
101 600
101 641
114 116
114 200
114 369
114 473
114 630
21 125
125 223
125 595
125 643
116 128
128 195
128 249
128 273
128 282
128 304
128 469
128 506
128 550
128 573
128 615
29 148
42 148
140 148
148 307
148 683
148 736
148 750
50 152
100 152
112 152
152 175
152 196
152 203
152 270
152 428
152 451
152 493
152 525
152 640
165 398
165 651
165 760
80 174
117 174
174 403
174 494
191 196
196 360
196 493
196 706
196 718
196 781
196 795
100 203
175 203
203 239
203 428
203 434
203 451
203 521
203 547
203 623
203 733
130 220
220 306
220 348
220 350
220 530
220 695
10 223
193 223
223 243
223 330
223 340
223 426
223 519
223 658
223 745
223 790
77 239
239 623
239 733
239 780
222 244
244 267
244 392
31 290
241 290
290 303
290 392
290 636
290 784
21 298
260 298
298 433
298 757
298 768
298 791
93 305
96 305
142 305
305 384
305 417
305 442
305 454
305 596
305 598
305 624
305 667
305 683
305 747
10 306
54 306
79 306
306 350
306 356
306 498
306 537
306 690
9 326
326 336
326 369
326 429
326 525
326 591
326 676
326 726
326 774
80 350
350 373
350 691
356 507
356 537
356 690
356 696
44 368
50 368
154 368
9 369
369 782
319 384
384 417
384 559
384 588
384 598
384 667
384 767
31 403
71 403
403 483
403 729
18 417
265 417
417 454
417 588
417 596
417 598
417 624
417 683
247 427
341 427
427 485
427 513
427 615
427 629
18 433
84 433
173 433
433 570
433 710
433 714
433 757
118 454
245 454
454 596
454 726
100 481
186 481
235 481
279 481
481 666
481 793
481 796
175 493
256 493
428 525
525 591
525 676
93 550
226 555
266 555
71 584
193 584
584 716
9 588
10 588
95 588
588 748
182 591
567 591
108 600
284 600
224 611
340 611
611 675
93 636
96 636
271 636
118 690
144 690
416 690
582 709
56 721
283 721
610 721
721 763
721 771
9 726
336 726
182 729
211 729
335 729
30 733
254 736
270 736
565 736
315 757
523 757
605 757
136 768
143 768
388 768
100 793
211 793
266 793
462 793
793 796
716 796
786 796
9 10
9 17
9 21
9 41
9 52
9 66
9 69
9 71
9 87
9 95
9 99
9 102
9 118
9 123
9 137
9 154
9 161
9 199
9 213
9 215
9 221
9 257
9 258
9 264
9 287
9 293
9 294
9 309
9 336
9 354
9 397
9 435
9 482
9 513
9 526
9 568
9 571
9 586
9 621
9 627
9 700
9 748
10 17
10 46
10 52
10 54
10 71
10 79
10 82
10 87
10 95
10 99
10 126
10 134
10 136
10 161
10 176
10 181
10 190
10 193
10 212
10 228
10 254
10 257
10 270
10 292
10 333
10 337
10 340
10 351
10 411
10 497
10 540
10 574
10 578
10 595
10 696
10 714
10 719
10 722
10 737
10 745
10 790
17 18
17 30
17 41
17 43
17 46
17 52
17 69
17 75
17 84
17 104
17 108
17 109
17 123
17 134
17 136
17 140
17 141
17 146
17 162
17 206
17 216
17 221
17 222
17 229
17 288
17 301
17 319
17 320
17 327
17 328
17 352
17 401
17 404
17 431
17 435
17 448
17 540
17 556
17 571
17 578
17 594
17 667
17 737
17 739
17 771
17 786
17 790
17 798
20 27
20 88
20 110
20 111
20 112
20 227
20 296
20 346
20 355
20 598
20 610
20 675
41 55
41 80
41 113
41 171
41 255
41 269
41 300
41 387
41 435
41 444
41 507
41 528
41 594
41 700
41 710
21 43
43 55
43 60
43 61
43 79
43 104
43 141
43 274
43 328
43 362
43 448
43 521
43 556
43 596
43 604
43 657
43 743
43 752
43 772
44 50
50 62
50 112
50 154
50 270
50 430
50 517
50 546
50 562
50 669
55 60
55 61
55 113
55 167
55 172
55 228
55 269
55 274
55 362
55 419
55 503
55 626
55 639
18 60
30 60
56 60
60 96
60 98
60 102
60 120
60 129
60 137
60 167
60 226
60 266
60 271
60 299
60 311
60 351
60 388
60 391
60 396
60 500
60 589
60 612
60 647
60 687
60 730
46 62
62 173
62 180
62 233
62 249
62 250
62 281
62 287
62 450
62 517
80 117
80 118
80 277
80 300
80 349
80 373
80 439
80 494
80 500
80 529
80 658
80 710
77 92
92 187
92 243
92 259
92 263
92 281
92 354
92 382
92 435
92 445
92 472
92 473
92 512
92 668
71 95
81 95
95 122
95 180
95 197
95 291
95 380
95 385
95 406
95 438
95 464
95 599
95 748
109 123
109 164
109 189
109 217
109 225
109 230
109 301
109 363
109 406
109 431
109 515
109 585
109 589
18 111
59 111
111 227
111 238
111 296
111 307
111 618
111 668
111 732
87 126
126 228
126 358
126 395
126 640
126 722
69 141
108 141
141 186
141 206
141 216
141 235
141 272
141 320
141 324
141 352
141 387
141 414
141 459
141 501
141 556
141 596
141 657
141 660
149 185
149 198
149 202
149 245
149 286
149 338
149 404
149 527
149 530
149 656
149 738
149 766
124 158
158 231
158 254
158 265
158 315
158 325
158 395
158 491
158 502
158 510
158 670
158 728
56 167
96 167
102 167
167 226
167 261
167 283
167 299
167 381
68 171
135 171
171 242
171 299
171 444
171 514
171 551
171 671
85 172
172 175
172 178
172 193
172 228
172 253
172 329
172 363
172 447
172 451
172 462
172 514
172 575
172 609
172 632
172 691
172 705
96 185
134 185
185 192
185 198
185 245
185 404
185 633
131 198
169 198
198 527
206 216
206 252
206 272
206 387
31 210
180 210
210 383
210 474
210 479
210 561
37 226
142 226
226 261
226 266
226 299
226 716
226 779
227 238
227 296
227 346
227 371
227 419
227 618
227 675
139 259
241 259
259 394
259 431
259 641
85 261
261 375
261 797
182 266
208 266
211 266
266 391
266 462
266 474
266 653
277 439
277 559
277 597
277 629
195 301
273 301
301 431
301 515
301 662
301 695
12 325
68 325
93 325
325 365
44 349
112 349
349 500
349 529
349 638
349 648
84 371
113 371
187 371
371 419
371 486
88 391
376 391
390 391
391 553
391 687
391 772
231 395
315 395
395 640
180 406
385 406
406 438
406 671
406 698
69 432
240 432
341 432
432 458
432 741
182 462
211 462
462 474
462 626
462 794
479 561
479 694
31 517
331 517
517 669
21 527
87 529
332 529
467 529
140 561
288 561
319 561
382 608
56 610
283 610
610 763
610 771
610 780
516 633
90 641
359 641
221 656
312 656
510 656
435 668
473 668
668 686
668 732
497 669
557 669
366 674
674 700
674 762
520 686
542 686
127 687
139 687
679 687
687 788
422 703
88 732
330 732
12 68
12 93
12 121
12 153
12 280
12 504
12 575
12 614
12 666
18 29
18 30
18 56
18 59
18 75
18 84
18 96
18 113
18 120
18 129
18 140
18 145
18 162
18 163
18 173
18 177
18 190
18 250
18 265
18 307
18 315
18 317
18 364
18 388
18 416
18 425
18 446
18 459
18 460
18 466
18 499
18 500
18 502
18 542
18 577
18 606
18 620
18 663
18 710
18 717
18 751
18 764
18 789
18 791
18 800
21 79
21 98
21 183
21 215
21 248
21 260
21 339
21 357
21 470
21 509
21 627
21 743
21 791
27 39
27 56
27 146
27 182
27 268
27 286
27 389
27 461
27 560
27 567
27 643
27 689
29 39
29 42
29 75
29 84
29 140
29 217
29 251
29 307
29 373
29 464
29 468
29 683
46 54
54 79
54 90
54 124
54 139
54 144
54 260
54 498
54 682
85 178
85 310
85 329
85 361
85 365
85 409
85 425
85 455
85 575
85 580
85 583
85 609
85 659
85 685
85 765
85 787
99 130
99 161
99 176
99 181
99 199
99 247
99 253
99 338
99 341
99 421
99 438
99 444
99 541
99 549
99 646
99 713
99 764
100 160
100 175
100 189
100 275
100 343
100 434
100 470
100 505
100 521
100 547
100 655
100 666
100 785
123 225
123 408
123 585
123 635
127 138
127 139
127 169
127 204
127 284
127 346
127 397
127 399
127 506
127 519
127 679
127 680
127 731
127 788
90 139
124 139
139 241
139 279
139 284
139 362
139 377
139 379
139 394
139 407
139 424
139 431
139 437
139 519
139 679
139 756
42 140
140 288
140 307
140 319
140 468
140 577
140 655
140 750
140 794
56 146
146 222
146 229
146 412
146 461
146 582
146 649
146 651
146 773
77 156
156 359
156 402
68 163
117 163
163 232
163 236
163 383
163 800
82 170
170 302
170 449
170 583
170 617
175 189
175 193
175 232
175 253
175 256
175 451
175 468
175 521
59 176
176 181
176 212
176 215
176 375
176 409
176 418
176 444
176 447
176 476
176 520
176 541
176 564
176 617
176 678
177 191
177 214
177 218
177 476
177 502
177 505
177 511
189 217
189 236
189 258
189 443
189 505
189 753
121 191
191 269
191 342
191 358
191 592
191 698
191 706
191 743
191 744
191 754
191 795
88 199
107 199
199 621
199 705
199 764
39 212
70 212
159 212
212 329
212 540
212 628
212 639
39 214
182 214
214 437
214 505
214 511
214 541
214 552
214 693
31 241
241 377
241 378
241 394
241 424
241 497
241 756
247 253
247 341
247 402
247 485
247 549
247 629
247 646
247 746
98 260
260 509
260 682
268 275
268 286
268 355
268 434
268 480
268 483
268 504
268 616
268 680
268 759
275 449
275 470
275 552
275 645
275 680
275 759
275 769
275 785
275 792
46 281
173 281
281 450
108 284
222 284
284 362
284 519
288 319
288 385
288 569
288 574
288 648
288 653
288 720
207 360
360 430
360 446
360 532
360 613
360 781
274 362
362 419
373 691
59 375
375 409
375 418
375 520
375 797
102 377
294 377
377 378
377 389
377 424
377 437
377 681
169 378
364 378
378 681
102 389
389 407
389 643
389 689
225 399
230 399
359 402
124 407
279 407
138 408
409 425
409 447
409 455
409 520
88 412
308 412
393 412
412 582
412 773
434 547
434 616
442 747
113 446
315 446
446 542
82 449
79 455
254 455
270 455
455 565
424 497
497 557
497 795
300 507
507 635
507 754
88 511
317 511
393 511
511 760
445 512
39 541
182 541
541 564
182 552
552 645
44 557
59 557
164 557
56 564
181 564
46 577
79 577
501 577
577 597
151 582
582 676
582 679
582 773
337 595
574 595
595 607
595 643
59 616
503 616
616 644
616 645
616 647
616 774
207 621
430 621
183 637
248 637
470 637
637 728
151 676
676 679
676 774
680 731
681 776
124 728
265 728
242 734
381 734
425 764
751 764
59 774
645 774
84 797
265 797
425 797
31 71
31 81
31 132
31 155
31 160
31 256
31 331
31 383
31 424
31 483
37 142
37 291
37 333
37 347
37 410
37 553
37 694
42 75
42 103
42 278
42 683
42 739
42 750
42 794
44 59
44 112
44 135
44 150
44 153
44 154
44 164
44 242
44 297
44 381
44 516
44 546
44 562
44 587
44 638
44 648
44 650
44 670
44 731
44 759
44 763
46 52
52 134
52 162
52 221
52 258
52 287
52 312
52 327
52 337
52 380
52 568
52 696
52 747
52 786
61 274
61 421
61 509
61 699
61 755
30 69
69 84
69 87
69 108
69 186
69 235
69 240
69 264
69 272
69 279
69 341
69 352
69 414
69 458
69 465
69 469
69 501
69 526
69 573
69 790
77 382
77 435
77 473
77 531
77 545
77 568
77 712
30 98
56 98
98 509
98 589
104 130
104 207
104 328
104 404
104 482
104 631
104 712
88 107
107 178
107 213
107 257
107 267
107 342
107 654
107 672
107 761
110 112
112 546
112 562
112 638
112 731
90 155
155 192
155 256
155 294
155 313
155 429
155 475
155 593
160 343
160 496
160 655
56 162
162 786
84 187
113 187
187 243
187 263
187 327
187 357
187 472
187 594
200 264
200 423
200 473
200 593
200 603
200 634
200 740
118 213
213 267
213 293
213 309
213 367
213 445
213 571
215 339
215 617
87 228
228 358
228 426
228 514
228 626
228 649
228 654
228 722
193 243
243 252
243 330
243 492
243 658
243 704
217 251
251 263
251 386
251 410
251 592
251 634
264 423
264 603
264 758
222 267
267 342
267 367
79 270
254 270
270 411
270 565
270 640
136 278
143 278
278 335
278 388
278 526
278 652
71 291
180 291
291 336
291 553
291 694
291 782
221 293
287 293
309 445
309 537
309 571
309 586
121 342
342 592
355 480
355 483
355 504
182 366
238 366
366 461
366 762
164 367
201 367
68 383
245 404
404 482
404 494
404 724
404 739
249 422
422 453
422 533
422 581
422 706
207 430
430 532
435 473
435 568
435 712
131 452
224 452
452 606
304 453
436 453
46 465
87 465
292 465
380 478
411 478
418 478
478 484
478 563
478 661
478 664
161 482
257 482
482 494
482 712
482 724
103 484
221 484
313 484
494 724
304 496
372 496
68 514
242 514
87 526
202 531
531 622
87 533
358 533
426 533
533 581
533 706
580 583
592 698
592 744
84 622
113 622
486 622
182 626
211 626
626 649
626 794
339 627
574 648
222 649
649 651
159 659
405 659
659 672
659 765
134 696
696 719
302 702
401 702
702 775
706 718
706 795
568 712
549 746
544 762
565 762
230 765
475 775
524 775
30 56
30 75
30 84
30 110
30 120
30 137
30 201
30 401
30 498
30 589
39 56
39 70
39 120
39 159
39 181
39 182
39 211
39 255
39 343
39 437
39 458
39 499
39 538
39 540
39 560
39 639
46 79
46 82
46 87
46 89
46 90
46 124
46 131
46 150
46 173
46 229
46 246
46 287
46 292
46 331
46 333
46 337
46 382
46 415
46 450
46 467
46 501
46 574
46 638
46 662
46 701
46 725
46 769
46 788
46 800
59 66
59 135
59 164
59 201
59 274
59 296
59 302
59 307
59 321
59 332
59 361
59 401
59 418
59 441
59 476
59 503
59 544
59 572
59 609
59 624
59 644
59 645
59 684
59 738
59 740
59 789
70 120
70 159
70 197
70 329
70 343
70 352
70 639
70 663
71 81
71 122
71 132
71 151
71 159
71 180
71 193
71 297
71 308
71 336
71 379
71 405
71 483
71 486
71 538
71 570
71 585
71 716
71 745
71 761
71 776
84 113
84 145
84 173
84 217
84 265
84 283
84 401
84 425
84 472
84 486
84 570
84 620
84 685
84 710
84 714
88 89
88 178
88 231
88 308
88 317
88 330
88 376
88 390
88 393
88 590
88 705
88 707
88 760
88 772
79 89
82 89
89 348
89 662
89 789
82 90
90 124
90 192
90 229
90 279
90 359
90 379
90 523
90 620
68 93
93 96
93 134
93 142
93 271
93 365
93 660
103 221
103 225
103 313
103 792
108 186
108 216
108 240
108 459
108 573
108 581
108 603
110 201
113 129
113 145
113 190
113 255
113 283
113 315
113 357
113 486
113 685
121 269
121 358
121 614
81 122
122 151
122 197
122 207
122 297
122 546
122 580
120 129
129 190
129 317
129 351
129 647
130 207
130 421
130 530
131 145
131 169
131 224
131 310
131 364
131 415
131 450
131 606
131 800
117 138
138 490
87 150
150 297
150 303
150 697
150 759
68 153
153 280
153 516
153 752
178 231
178 257
178 308
178 317
178 361
178 396
178 609
178 632
190 652
193 252
193 330
193 363
193 426
193 716
193 745
87 195
102 195
195 273
195 695
207 580
216 272
216 320
216 324
216 376
216 798
222 229
222 571
224 606
224 675
224 750
229 382
124 231
231 308
231 315
231 578
231 590
240 276
240 341
240 581
240 605
249 282
249 304
249 420
249 460
249 469
249 539
252 492
252 665
252 704
161 257
257 396
257 654
117 273
273 292
273 615
273 662
221 287
287 312
287 423
287 510
287 711
287 781
340 351
340 790
341 458
341 485
341 605
341 615
341 741
343 655
120 351
351 647
352 501
352 522
352 790
66 357
357 515
382 445
303 392
392 784
56 396
102 396
396 730
79 415
183 415
192 429
294 429
429 593
429 720
424 437
437 693
354 472
492 704
181 499
458 499
499 538
499 606
499 644
499 713
182 516
208 516
516 587
516 630
457 522
522 579
546 562
559 629
559 767
157 567
182 567
208 587
211 587
79 597
501 597
606 644
606 717
485 613
485 615
644 645
644 647
644 684
645 647
645 684
645 769
143 652
87 654
426 654
654 672
654 761
82 662
159 672
405 672
672 761
254 693
457 693
549 713
545 717
612 717
297 759
246 769
467 769
182 794
154 513
154 670
225 230
230 363
230 544
230 565
230 589
230 724
292 333
333 347
202 338
338 631
202 530
530 738
530 766
329 575
491 670
68 117
68 132
68 135
68 161
68 242
68 365
68 441
68 448
68 752
68 784
117 118
117 232
117 248
117 292
117 490
117 545
117 741
135 242
135 361
135 448
135 551
135 609
135 625
135 719
96 142
134 142
142 410
142 716
142 786
145 173
145 283
145 304
145 315
145 372
145 436
145 459
145 523
145 528
145 549
145 697
120 159
159 255
159 329
159 379
159 393
159 405
159 538
159 540
159 570
159 628
159 663
81 218
132 218
246 331
246 398
246 467
246 751
269 358
269 387
269 528
151 280
280 316
280 699
236 300
285 300
300 635
300 710
304 372
304 436
304 506
304 539
310 365
310 475
310 489
310 536
310 632
144 372
245 372
311 372
272 387
387 528
132 405
405 414
405 486
405 538
405 761
221 423
423 603
423 740
423 758
423 781
328 448
448 604
448 752
232 490
248 490
503 566
503 579
603 758
217 634
410 634
225 635
635 754
157 665
623 665
716 779
716 786
136 737
401 740
624 740
425 751
752 772
698 754
66 302
66 321
66 515
87 102
87 292
87 316
87 358
87 426
87 467
87 657
87 697
87 777
56 102
96 102
102 294
118 144
118 183
118 245
118 311
118 354
118 416
118 545
118 658
120 137
137 157
137 271
137 311
137 320
137 347
137 623
221 225
221 312
221 313
221 327
221 380
221 510
221 532
221 667
221 781
236 258
258 397
258 443
258 568
258 747
258 778
192 294
294 475
180 336
263 354
346 397
473 568
571 586
120 586
271 586
320 586
586 785
79 82
79 183
79 248
79 254
79 262
79 411
79 498
79 501
79 521
79 539
79 743
79 789
82 143
82 254
82 302
82 348
82 359
82 523
82 620
82 677
96 134
134 540
134 714
134 719
136 143
136 186
136 335
136 388
136 664
56 181
181 211
181 444
181 458
181 538
254 457
254 565
292 741
202 337
337 574
337 607
180 411
380 411
385 411
411 418
411 536
411 664
411 692
540 578
540 714
574 607
308 578
710 714
361 719
436 722
585 745
242 381
242 441
242 763
253 447
253 619
299 551
271 347
311 347
421 438
421 551
201 441
332 441
441 563
509 699
509 755
445 537
537 692
361 544
544 565
544 724
376 553
390 553
553 694
553 704
553 782
96 614
614 666
445 755
692 755
232 285
236 285
285 420
285 744
420 460
420 744
120 197
120 255
120 271
120 317
120 320
120 727
120 753
120 778
120 785
157 623
169 204
169 364
169 506
151 197
197 727
245 286
286 312
286 321
286 480
286 495
256 313
313 532
364 450
364 460
364 601
364 602
398 520
398 650
144 436
436 549
332 467
467 701
467 777
312 480
321 480
480 483
549 646
327 667
667 771
296 675
151 701
180 701
380 701
701 725
701 766
303 725
428 725
124 727
727 778
443 753
738 766
236 778
470 792
785 792
81 132
81 262
81 297
81 331
81 390
81 618
144 183
183 248
183 262
183 416
183 466
183 470
232 236
232 248
232 256
232 323
232 468
248 262
262 390
329 580
329 628
329 663
180 385
380 385
385 418
385 536
385 569
385 671
385 678
376 390
424 795
447 451
447 619
447 678
447 705
451 705
307 468
468 655
431 515
521 539
560 569
569 653
569 720
192 593
593 720
217 619
263 619
182 653
208 653
653 720
56 96
96 192
96 271
96 283
96 323
96 388
96 416
96 607
96 663
96 780
271 311
271 320
271 323
271 534
271 660
297 303
297 650
303 324
303 328
303 428
303 749
303 784
256 323
323 534
323 607
320 324
324 328
324 376
324 394
324 749
328 428
328 456
328 749
428 456
319 456
562 661
520 650
186 660
235 660
380 661
563 661
661 730
56 730
75 464
320 376
320 394
320 785
320 798
263 327
327 380
327 560
327 594
327 711
327 771
302 401
401 572
401 624
394 431
143 556
556 596
594 711
763 771
144 798
209 798
276 798
56 211
56 283
56 381
56 461
56 498
56 663
56 763
56 780
173 233
173 570
233 250
250 466
250 485
124 265
265 425
265 471
265 510
265 566
265 604
307 655
315 459
315 523
315 528
315 542
315 605
315 697
308 317
317 393
143 388
388 416
388 500
144 416
425 620
425 685
425 787
186 459
459 523
459 605
460 601
460 602
460 791
144 466
124 502
502 535
502 646
132 784
143 186
143 235
143 677
217 263
263 386
263 471
263 560
182 335
211 335
272 414
445 692
475 489
475 495
475 524
475 756
475 773
475 777
491 534
182 560
560 682
312 711
510 711
698 744
274 296
296 618
204 346
346 598
346 625
248 470
144 339
245 339
470 785
743 787
116 573
116 630
151 180
151 308
151 316
151 380
151 464
151 689
151 699
151 776
144 209
209 276
209 535
209 684
361 609
361 625
225 363
182 630
208 630
679 788
283 685
685 787
689 749
182 238
330 376
330 426
330 519
330 658
376 394
376 704
376 772
418 476
566 718
144 245
144 276
144 311
180 233
180 308
180 380
180 438
180 474
180 601
180 671
180 698
276 684
182 474
474 601
601 602
182 682
282 469
282 489
217 410
386 410
186 573
225 585
308 776
186 235
186 279
186 469
235 272
235 279
418 664
605 741
182 208
182 211
182 461
380 464
464 599
217 386
217 471
624 683
164 201
201 332
201 563
201 738
589 612
331 618
192 720
202 628
202 677
359 523
124 535
535 646
164 738
332 563
332 657
471 566
566 579
457 579
545 612
612 758
208 211
538 570
538 761
393 760
444 671
523 528
528 697
274 419
596 624
596 657
471 604
604 772
283 381
381 763
501 638
638 731
638 788
124 279
124 590
204 208
204 443
204 457
204 599
204 625
443 457
386 471
312 510
245 311
245 312
245 321
245 495
302 321
302 572
302 617
312 321
489 495
489 536
489 602
489 632
489 707
489 756
489 777
308 707
590 707
380 418
380 563
380 599
321 495
418 536
418 563
418 678
418 692
609 625
609 632
609 691
632 691
565 724
279 379
279 469
308 393
308 590
379 393
495 524
495 602
495 756
524 547
536 632
536 678
536 692
523 605
358 426
426 519
756 777
438 551
394 756
