1 2
1 3
1 4
1 5
1 6
1 7
1 8
1 9
1 11
1 12
1 13
1 15
1 16
1 17
1 18
1 19
1 24
1 26
1 27
1 30
1 32
1 34
1 44
1 45
1 53
1 57
1 62
1 75
1 89
1 91
1 94
1 118
1 119
1 132
1 133
1 134
1 140
1 142
1 147
1 155
1 162
1 164
1 177
1 199
1 204
1 216
1 221
1 224
1 234
1 241
1 245
1 256
1 259
1 264
1 265
1 271
1 286
1 288
1 303
1 304
1 306
1 311
1 316
1 319
1 329
1 332
1 342
1 367
1 377
1 385
1 394
1 395
1 433
1 446
1 451
1 459
1 499
1 501
1 506
1 512
1 515
1 525
1 526
1 527
1 561
1 562
1 563
1 587
1 588
1 602
1 604
1 605
1 613
1 614
1 615
1 628
1 635
1 681
1 687
1 723
1 739
1 743
1 754
1 756
1 767
1 778
1 786
2 3
2 4
2 5
2 6
2 7
2 8
2 9
2 10
2 11
2 14
2 18
2 19
2 20
2 21
2 23
2 25
2 28
2 36
2 52
2 57
2 61
2 63
2 69
2 73
2 76
2 83
2 89
2 94
2 99
2 100
2 101
2 115
2 116
2 126
2 130
2 132
2 147
2 151
2 152
2 159
2 194
2 215
2 218
2 235
2 239
2 243
2 253
2 258
2 274
2 284
2 286
2 287
2 298
2 308
2 317
2 324
2 326
2 332
2 334
2 350
2 382
2 396
2 402
2 408
2 416
2 424
2 436
2 447
2 462
2 475
2 491
2 495
2 496
2 518
2 540
2 543
2 553
2 676
2 714
2 715
2 733
2 762
2 780
3 4
3 7
3 10
3 11
3 12
3 16
3 23
3 38
3 47
3 53
3 54
3 56
3 57
3 59
3 68
3 69
3 72
3 80
3 81
3 83
3 84
3 91
3 93
3 106
3 114
3 117
3 136
3 142
3 156
3 166
3 184
3 186
3 193
3 206
3 217
3 230
3 250
3 259
3 261
3 264
3 279
3 281
3 296
3 321
3 322
3 331
3 338
3 346
3 376
3 382
3 409
3 418
3 435
3 437
3 444
3 477
3 480
3 500
3 529
3 531
3 594
3 619
3 623
3 635
3 638
3 653
3 673
3 689
3 757
3 761
3 769
4 5
4 7
4 8
4 9
4 10
4 12
4 13
4 14
4 15
4 16
4 18
4 19
4 20
4 22
4 24
4 25
4 26
4 29
4 31
4 32
4 33
4 35
4 37
4 39
4 49
4 52
4 56
4 63
4 64
4 66
4 67
4 69
4 72
4 73
4 74
4 78
4 85
4 88
4 90
4 95
4 99
4 103
4 107
4 115
4 122
4 123
4 131
4 139
4 140
4 142
4 149
4 155
4 156
4 162
4 169
4 186
4 189
4 194
4 197
4 198
4 201
4 208
4 212
4 220
4 225
4 226
4 231
4 243
4 267
4 269
4 271
4 277
4 281
4 284
4 300
4 307
4 308
4 310
4 330
4 357
4 358
4 364
4 367
4 371
4 376
4 379
4 383
4 391
4 392
4 407
4 409
4 432
4 435
4 436
4 461
4 475
4 477
4 488
4 511
4 512
4 523
4 537
4 562
4 572
4 574
4 579
4 592
4 596
4 598
4 625
4 626
4 665
4 687
4 705
4 775
5 6
5 7
5 8
5 9
5 11
5 13
5 14
5 18
5 20
5 22
5 23
5 24
5 28
5 33
5 34
5 35
5 36
5 38
5 39
5 40
5 41
5 43
5 46
5 49
5 50
5 51
5 52
5 55
5 56
5 60
5 71
5 72
5 74
5 76
5 85
5 86
5 88
5 92
5 95
5 96
5 101
5 107
5 108
5 116
5 120
5 130
5 140
5 145
5 146
5 149
5 156
5 157
5 158
5 161
5 165
5 174
5 188
5 212
5 213
5 220
5 221
5 232
5 234
5 235
5 238
5 241
5 305
5 307
5 341
5 344
5 345
5 370
5 374
5 387
5 398
5 401
5 408
5 423
5 429
5 447
5 454
5 456
5 472
5 473
5 475
5 476
5 480
5 485
5 490
5 492
5 506
5 517
5 523
5 538
5 541
5 546
5 549
5 552
5 559
5 564
5 565
5 599
5 634
5 656
5 657
5 666
5 671
5 679
5 684
5 689
5 691
5 696
5 705
5 709
5 716
5 724
5 736
5 769
5 775
5 787
6 8
6 9
6 12
6 13
6 19
6 25
6 30
6 33
6 34
6 36
6 40
6 41
6 43
6 44
6 47
6 50
6 55
6 57
6 65
6 66
6 67
6 87
6 88
6 94
6 100
6 101
6 108
6 115
6 120
6 121
6 124
6 125
6 138
6 144
6 146
6 148
6 159
6 162
6 168
6 170
6 175
6 176
6 178
6 185
6 188
6 192
6 212
6 223
6 232
6 245
6 283
6 319
6 334
6 345
6 358
6 400
6 402
6 420
6 442
6 443
6 446
6 447
6 453
6 471
6 481
6 485
6 517
6 541
6 570
6 577
6 579
6 585
6 610
6 634
6 649
6 664
6 678
6 681
6 714
6 749
6 782
6 790
7 9
7 10
7 11
7 14
7 21
7 29
7 32
7 38
7 44
7 47
7 48
7 52
7 56
7 64
7 67
7 77
7 156
7 165
7 169
7 183
7 197
7 222
7 252
7 257
7 269
7 314
7 333
7 336
7 337
7 355
7 368
7 386
7 396
7 412
7 418
7 457
7 471
7 487
7 495
7 538
7 545
7 562
7 578
7 594
7 602
7 624
7 625
7 628
7 656
7 668
7 687
7 688
7 722
7 793
8 13
8 15
8 17
8 18
8 20
8 22
8 24
8 26
8 27
8 33
8 41
8 43
8 46
8 60
8 62
8 66
8 69
8 71
8 72
8 78
8 85
8 98
8 119
8 127
8 136
8 172
8 190
8 213
8 215
8 220
8 221
8 243
8 249
8 252
8 265
8 266
8 290
8 292
8 297
8 313
8 340
8 375
8 385
8 399
8 411
8 415
8 422
8 423
8 483
8 488
8 490
8 510
8 542
8 547
8 560
8 565
8 641
8 649
8 652
8 662
8 663
8 666
8 667
8 691
8 709
8 715
8 717
8 750
8 771
8 784
8 800
9 10
9 12
9 13
9 14
9 15
9 16
9 17
9 21
9 25
9 27
9 28
9 37
9 40
9 42
9 51
9 52
9 55
9 58
9 61
9 77
9 79
9 80
9 87
9 97
9 101
9 102
9 107
9 126
9 127
9 130
9 133
9 146
9 152
9 189
9 192
9 205
9 208
9 211
9 216
9 232
9 237
9 240
9 244
9 262
9 288
9 290
9 316
9 320
9 322
9 330
9 360
9 366
9 370
9 392
9 405
9 449
9 462
9 513
9 554
9 633
9 644
9 685
9 799
10 11
11 23
11 152
11 317
11 331
11 338
11 346
11 508
11 562
11 635
11 647
11 672
11 745
11 747
12 26
12 118
12 133
12 142
12 177
12 194
12 237
12 318
12 319
12 329
12 409
12 420
12 449
12 515
12 516
12 563
12 604
12 653
12 655
12 688
13 15
13 30
13 33
13 39
13 43
13 44
13 46
13 52
13 65
13 99
13 120
13 126
13 162
13 172
13 182
13 183
13 251
13 254
13 320
13 344
13 374
13 396
13 400
13 426
13 441
13 469
13 493
13 533
13 547
13 549
13 558
13 583
13 789
13 791
15 17
15 78
15 89
15 94
15 98
15 189
15 295
15 320
15 399
15 442
15 493
15 641
15 662
15 663
15 717
15 799
10 16
16 18
16 25
16 34
16 35
16 53
16 54
16 68
16 72
16 84
16 106
16 107
16 142
16 173
16 179
16 187
16 242
16 288
16 300
16 304
16 321
16 360
16 405
16 531
16 561
16 580
16 775
10 17
14 17
17 21
17 26
17 30
17 32
17 48
17 65
17 69
17 73
17 78
17 89
17 92
17 93
17 96
17 97
17 98
17 101
17 102
17 110
17 123
17 124
17 135
17 140
17 150
17 152
17 158
17 167
17 227
17 234
17 235
17 291
17 292
17 295
17 303
17 306
17 316
17 327
17 347
17 353
17 403
17 413
17 417
17 438
17 439
17 442
17 460
17 464
17 472
17 483
17 492
17 503
17 506
17 510
17 515
17 519
17 524
17 526
17 542
17 544
17 581
17 613
17 678
17 680
17 776
18 22
18 23
18 31
18 34
18 35
18 63
18 75
18 82
18 100
18 103
18 109
18 116
18 119
18 125
18 128
18 134
18 138
18 155
18 159
18 161
18 174
18 181
18 185
18 215
18 255
18 259
18 266
18 290
18 311
18 314
18 320
18 326
18 349
18 380
18 391
18 416
18 433
18 446
18 466
18 473
18 498
18 597
18 598
18 656
18 677
18 712
18 730
18 731
18 755
18 762
14 19
19 20
19 22
19 29
19 74
19 83
19 94
19 208
19 268
19 453
19 456
19 461
19 496
19 651
19 659
19 724
20 24
24 49
24 71
24 86
24 92
24 111
24 112
24 131
24 149
24 157
24 188
24 221
24 222
24 227
24 234
24 257
24 302
24 332
24 362
24 369
24 394
24 398
24 488
24 508
24 524
24 552
24 590
24 696
24 700
24 767
26 27
26 32
26 45
26 46
26 69
26 77
26 93
26 118
26 123
26 127
26 132
26 136
26 162
26 169
26 189
26 194
26 195
26 197
26 199
26 224
26 255
26 286
26 293
26 299
26 302
26 306
26 309
26 312
26 318
26 331
26 390
26 449
26 452
26 455
26 458
26 468
26 483
26 496
26 527
26 557
26 560
26 573
26 622
26 648
26 684
26 695
26 703
26 743
26 772
26 780
26 786
14 27
21 27
27 37
27 46
27 62
27 77
27 80
27 110
27 128
27 143
27 145
27 154
27 223
27 224
27 233
27 237
27 240
27 243
27 247
27 288
27 354
27 362
27 520
27 576
27 652
27 713
27 733
27 756
10 30
14 30
30 65
30 73
30 92
30 110
30 143
30 162
30 164
30 203
30 214
30 227
30 245
30 254
30 283
30 339
30 352
30 359
30 411
30 428
30 434
30 468
30 473
30 616
30 706
30 773
30 776
32 44
32 45
32 93
32 102
32 118
32 147
32 169
32 267
32 303
32 333
32 347
32 395
32 417
32 512
32 557
32 573
32 591
32 613
32 681
32 686
32 722
32 776
34 43
34 47
34 58
34 75
34 82
34 100
34 108
34 116
34 122
34 214
34 244
34 304
34 320
34 342
34 350
34 357
34 372
34 453
34 529
34 576
34 592
33 44
44 65
44 148
44 333
44 426
44 469
44 602
44 613
44 624
33 45
35 45
38 45
45 70
45 71
45 79
45 84
45 86
45 118
45 147
45 176
45 199
45 204
45 245
45 246
45 267
45 274
45 302
45 308
45 309
45 365
45 395
45 419
45 427
45 526
45 539
45 540
45 554
45 570
45 572
45 591
45 596
45 617
45 645
45 692
45 746
22 53
23 53
31 53
53 54
53 57
53 62
53 119
53 134
53 141
53 173
53 177
53 242
53 256
53 276
53 295
53 311
53 328
53 417
53 426
53 444
53 551
53 557
53 642
53 661
53 683
53 727
53 756
36 57
57 91
57 100
57 119
57 124
57 147
57 164
57 332
57 442
57 444
57 462
57 571
57 661
57 780
22 62
23 62
62 173
62 243
62 265
62 288
62 313
62 354
62 479
62 502
62 547
62 741
62 771
33 75
38 75
54 75
75 82
75 109
75 129
75 134
75 138
75 161
75 180
75 251
75 256
75 259
75 336
75 352
75 474
75 498
75 543
75 597
75 630
75 738
36 89
76 89
89 94
89 218
89 234
89 253
89 575
89 777
35 91
56 91
64 91
91 164
91 497
91 791
94 159
94 223
94 287
94 489
118 132
118 169
118 267
118 302
118 318
118 331
118 419
118 451
118 496
118 622
118 692
118 755
22 119
119 125
119 170
119 209
119 216
119 252
119 256
119 290
119 310
119 335
119 349
119 354
119 365
119 404
119 444
119 551
119 588
119 661
119 727
119 731
119 745
119 761
36 132
126 132
132 286
132 306
132 331
132 408
132 424
132 451
132 687
132 723
21 133
98 133
117 133
133 151
133 177
133 195
133 216
133 237
133 254
133 265
133 282
133 289
133 304
133 439
133 462
133 516
133 558
133 566
133 782
22 134
31 134
134 141
134 161
134 177
134 181
134 242
134 276
134 389
134 426
134 463
134 557
134 612
134 642
134 670
134 785
65 140
73 140
140 241
140 285
140 342
140 370
140 499
140 507
140 544
140 546
140 556
140 568
140 605
140 606
140 644
107 142
142 259
142 281
142 436
142 485
142 563
142 573
142 739
142 757
142 778
36 147
147 204
147 316
147 365
22 155
42 155
59 155
155 271
155 433
155 459
155 587
155 624
155 758
155 793
162 197
162 201
162 254
162 286
162 400
162 458
162 473
162 593
162 669
162 708
65 164
73 164
164 203
164 214
164 434
164 468
164 568
22 177
177 242
177 328
177 329
177 417
177 516
177 558
52 199
107 199
158 199
199 377
199 420
199 527
199 560
199 728
199 752
21 204
104 204
114 204
204 207
204 316
204 365
204 368
204 407
204 467
204 540
204 570
204 572
204 746
170 216
209 216
216 310
216 365
216 462
60 221
213 221
221 332
221 385
221 614
221 652
41 224
61 224
137 224
224 548
49 234
234 257
234 384
234 506
234 519
234 594
234 696
56 241
78 241
225 241
241 305
241 370
241 399
241 499
241 501
70 245
176 245
245 274
245 294
245 343
245 395
245 478
245 695
245 718
33 256
54 256
256 311
256 474
256 551
138 259
259 264
259 266
259 281
259 410
259 466
259 485
259 597
259 636
42 264
58 264
215 264
264 754
98 265
117 265
38 271
182 271
184 271
271 367
271 459
271 465
271 511
271 520
271 615
271 624
36 286
286 408
286 786
25 288
288 405
288 756
41 303
61 303
168 303
303 395
303 417
303 433
303 503
98 304
195 304
304 342
304 377
304 461
304 469
304 561
304 566
304 588
304 623
304 732
93 306
124 306
306 439
306 687
306 703
31 311
63 311
311 380
101 316
316 322
316 492
316 607
41 319
174 319
261 319
319 420
319 515
319 605
319 655
319 668
319 669
319 711
319 797
145 329
179 329
190 329
329 356
100 332
332 394
332 462
332 571
73 342
285 342
342 377
342 507
342 525
342 633
342 647
150 367
210 367
239 367
367 511
367 541
367 606
367 615
52 377
107 377
377 525
377 560
377 602
128 385
315 385
373 385
385 614
385 652
56 394
78 394
305 394
343 395
61 433
168 433
433 446
433 587
433 793
47 446
334 446
446 471
446 481
102 451
353 451
393 451
451 723
21 459
98 459
195 459
459 624
22 499
41 499
217 499
499 501
499 667
235 501
291 501
327 501
35 506
480 506
506 519
506 526
506 599
506 614
506 650
506 666
73 512
103 512
291 515
472 515
515 605
515 655
515 669
59 525
340 525
498 525
525 602
70 526
274 526
35 527
56 527
386 527
527 609
527 646
527 699
527 760
70 561
71 561
561 588
31 562
90 562
562 628
562 635
562 747
562 754
38 563
137 563
291 563
563 604
563 739
563 767
103 587
315 587
373 587
587 658
587 793
125 588
444 588
333 602
602 624
602 793
36 604
146 604
381 604
604 731
604 743
604 767
285 605
507 605
605 644
605 669
347 613
613 681
35 614
599 614
14 615
96 615
277 615
615 697
615 800
121 628
188 628
200 628
628 787
68 635
480 635
635 747
635 754
50 681
175 681
625 687
196 723
278 723
435 723
37 739
263 739
564 739
739 778
36 743
381 743
703 743
743 772
42 754
31 756
141 756
157 767
227 767
184 778
689 778
52 786
76 786
151 786
10 14
10 21
10 29
10 38
10 92
10 97
10 102
10 143
10 153
10 165
10 183
10 222
10 231
10 268
10 337
10 339
10 346
10 352
10 391
10 412
10 418
10 428
10 452
10 483
10 495
10 535
10 542
10 567
10 585
10 600
10 637
10 653
10 659
10 665
10 673
10 706
10 720
14 21
14 29
14 37
14 39
14 48
14 65
14 70
14 77
14 82
14 96
14 143
14 148
14 153
14 154
14 171
14 183
14 207
14 237
14 260
14 268
14 273
14 277
14 283
14 292
14 297
14 361
14 410
14 413
14 475
14 492
14 496
14 523
14 535
14 539
14 544
14 567
14 596
14 618
14 621
14 652
14 659
14 676
14 697
14 704
14 726
14 733
14 773
14 788
14 800
20 22
20 31
20 49
20 63
20 72
20 90
20 112
20 131
20 198
20 222
20 238
20 240
20 281
20 302
20 351
20 362
20 397
20 404
20 419
20 430
20 453
20 494
20 508
20 509
20 530
20 598
20 618
20 679
21 48
21 80
21 82
21 98
21 104
21 114
21 117
21 151
21 152
21 195
21 207
21 222
21 237
21 254
21 273
21 292
21 298
21 396
21 421
21 467
21 495
21 611
21 630
21 653
21 719
22 23
23 28
23 31
23 42
23 59
23 113
23 152
23 219
23 233
23 236
23 278
23 313
23 325
23 331
23 415
23 429
23 454
23 502
23 647
23 656
25 28
25 36
25 40
25 42
25 50
25 51
25 58
25 66
25 87
25 104
25 126
25 180
25 191
25 194
25 239
25 270
25 296
25 335
25 347
25 348
25 366
25 378
25 511
25 513
25 535
25 678
25 683
25 690
25 715
25 725
25 760
25 782
22 28
28 41
28 42
28 61
28 68
28 74
28 109
28 113
28 145
28 160
28 179
28 187
28 229
28 239
28 263
28 278
28 369
28 397
28 422
28 425
28 429
28 454
28 464
28 528
28 620
28 715
28 783
36 55
36 76
36 115
36 120
36 124
36 126
36 146
36 176
36 270
36 298
36 381
36 382
36 424
36 479
36 530
36 565
36 570
36 678
36 777
52 67
52 73
52 76
52 95
52 107
52 126
52 151
52 158
52 186
52 193
52 211
52 344
52 371
52 379
52 396
52 420
52 445
52 549
52 656
52 728
22 61
41 61
51 61
61 106
61 111
61 137
61 168
61 192
61 309
61 338
61 455
61 477
61 548
22 63
31 63
63 103
63 128
63 198
63 206
63 253
63 284
63 315
63 351
63 517
63 753
69 83
69 93
69 123
69 135
69 158
69 163
69 186
69 243
69 255
69 275
69 300
69 317
69 376
69 388
69 406
69 416
69 421
69 431
69 432
69 553
65 73
73 76
73 95
73 99
73 103
73 171
73 193
73 203
73 285
73 324
73 325
73 350
73 389
73 568
73 640
76 120
76 130
76 151
76 193
76 218
76 258
76 324
76 389
76 543
76 676
76 777
22 83
74 83
83 93
83 136
83 250
83 268
83 275
83 279
83 301
83 317
83 345
83 500
39 99
46 99
99 103
99 122
99 171
99 270
99 308
99 387
99 441
99 580
99 583
99 640
82 100
100 116
100 214
100 428
100 463
100 571
100 589
100 707
100 777
97 101
101 235
101 322
101 485
101 492
101 549
101 607
64 115
90 115
115 125
115 220
115 298
115 383
115 491
115 714
115 792
116 161
116 185
116 314
116 320
116 326
116 423
116 436
116 447
116 518
116 603
126 194
126 211
126 270
126 274
126 360
126 396
126 424
126 479
126 683
126 725
126 757
40 130
87 130
130 154
130 244
130 258
130 284
130 475
130 494
130 534
117 151
151 439
151 611
152 317
109 159
138 159
159 174
159 210
159 223
159 276
159 287
159 372
159 384
159 489
159 509
159 540
159 555
194 274
194 334
194 449
194 725
42 215
58 215
191 215
215 416
215 712
215 715
38 218
47 218
48 218
218 238
218 253
218 383
218 398
218 434
218 500
218 575
218 676
110 235
227 235
235 291
235 327
235 381
235 403
235 545
235 549
235 698
150 239
172 239
210 239
239 606
239 715
239 725
243 300
243 354
243 547
243 784
253 284
253 575
172 258
182 258
251 258
258 284
258 339
258 343
258 424
258 732
258 740
70 274
274 334
284 424
22 287
74 287
144 287
287 301
287 432
287 540
287 567
287 699
104 298
207 298
298 364
298 382
298 491
84 308
308 321
317 553
317 647
317 672
317 799
74 324
230 324
280 324
324 350
324 543
324 655
324 727
127 326
136 326
190 326
326 356
326 359
326 373
326 436
326 603
326 677
326 770
326 788
47 334
108 334
334 353
334 471
334 664
47 350
244 350
350 355
350 487
350 529
350 551
93 382
193 382
37 402
97 402
225 402
43 408
387 408
408 523
408 578
408 684
123 416
135 416
416 712
416 730
416 762
107 436
436 603
40 447
121 447
447 518
462 780
39 475
475 523
41 491
165 491
230 491
491 719
412 495
331 496
496 659
496 733
173 518
202 518
349 518
365 540
540 570
540 645
33 543
474 543
543 663
40 553
104 553
366 553
29 676
207 676
676 722
43 714
372 714
591 714
237 733
46 762
312 762
684 762
169 780
557 780
33 38
35 38
38 40
38 47
38 54
38 64
38 70
38 71
38 79
38 81
38 84
38 137
38 156
38 165
38 166
38 180
38 182
38 184
38 196
38 201
38 203
38 205
38 228
38 251
38 262
38 272
38 279
38 291
38 307
38 336
38 386
38 431
38 434
38 440
38 445
38 465
38 520
38 528
38 537
38 671
38 713
38 716
38 724
38 737
38 770
43 47
47 48
47 56
47 59
47 67
47 80
47 81
47 108
47 122
47 138
47 219
47 238
47 244
47 250
47 252
47 257
47 260
47 336
47 353
47 355
47 358
47 372
47 383
47 398
47 412
47 481
47 500
47 529
47 538
47 551
47 576
47 591
47 595
47 690
47 710
47 749
47 769
47 794
33 54
40 54
54 68
54 173
54 182
54 196
54 202
54 272
54 349
54 480
54 632
54 643
54 682
54 702
54 708
35 56
56 59
56 64
56 78
56 81
56 219
56 225
56 252
56 305
56 307
56 314
56 341
56 375
56 386
56 437
56 482
56 497
56 519
56 521
56 594
56 597
56 601
56 609
56 619
56 657
56 661
56 791
22 59
42 59
59 80
59 114
59 117
59 219
59 233
59 236
59 260
59 325
59 340
59 412
59 415
59 482
59 498
59 611
59 629
59 742
59 753
59 790
22 68
41 68
68 84
68 109
68 160
68 173
68 179
68 202
68 211
68 229
68 261
68 299
68 346
68 374
68 397
68 480
68 484
68 584
68 708
68 792
72 107
72 238
72 321
72 322
72 419
72 477
72 564
72 580
72 673
72 674
72 709
72 761
80 114
80 184
80 236
80 250
80 260
80 474
80 529
80 556
80 680
80 702
80 753
64 81
78 81
81 166
81 217
81 228
81 307
81 323
81 375
81 427
81 437
81 466
81 589
81 597
81 759
35 84
84 106
84 206
84 261
84 321
84 374
84 400
84 440
84 737
93 102
93 124
93 136
93 186
93 193
93 250
93 275
93 312
93 345
93 388
93 439
93 582
93 707
93 764
22 106
51 106
106 111
106 206
106 230
106 309
106 338
106 457
106 531
106 738
106 775
106 779
48 114
104 114
114 117
114 150
114 172
114 184
114 236
114 296
114 371
114 407
114 450
114 474
114 516
114 623
114 651
114 689
114 702
114 729
48 117
98 117
117 296
117 439
117 450
117 611
117 638
127 136
136 190
136 193
136 195
136 250
136 279
136 301
136 312
136 356
136 359
136 375
136 411
136 414
136 458
136 483
136 493
136 707
136 741
136 751
40 156
156 197
156 310
156 361
156 688
156 724
156 763
156 774
64 166
85 166
135 166
166 217
166 228
166 378
166 418
166 612
40 184
182 184
184 465
184 474
184 529
184 537
184 556
184 622
184 689
184 781
67 186
186 371
186 445
193 312
193 325
193 389
193 582
22 206
103 206
206 230
41 217
137 217
217 418
217 612
217 774
41 230
74 230
165 230
230 280
230 719
250 301
250 345
250 707
250 751
250 769
41 261
165 261
174 261
261 374
201 279
203 279
279 500
90 281
281 404
281 485
281 537
281 573
281 598
281 757
66 296
87 296
296 347
296 450
296 623
296 638
35 321
321 322
321 400
322 761
331 338
331 508
309 338
338 457
338 508
22 346
41 346
22 376
31 376
178 376
376 432
376 435
376 616
86 409
112 409
401 409
409 653
409 688
337 418
418 612
418 637
418 720
77 435
196 435
278 435
435 751
64 437
437 482
437 521
437 601
437 611
437 619
437 736
437 746
437 759
125 444
404 444
111 477
455 477
477 673
35 480
480 650
480 666
398 500
529 556
529 576
529 680
529 781
97 531
127 531
208 531
531 775
257 594
384 594
96 619
406 619
503 619
195 623
461 623
48 638
277 638
636 638
638 672
222 653
653 688
653 719
231 673
46 689
374 689
270 757
479 757
349 761
404 761
188 769
398 769
22 31
22 41
22 42
22 49
22 51
22 74
22 103
22 109
22 125
22 137
22 139
22 144
22 170
22 173
22 178
22 209
22 252
22 255
22 263
22 266
22 299
22 309
22 313
22 335
22 354
22 415
22 417
22 432
22 453
22 479
22 490
22 584
22 609
22 667
22 729
22 738
22 741
22 753
22 758
22 771
22 779
29 37
29 70
29 88
29 97
29 105
29 207
29 208
29 209
29 263
29 337
29 358
29 364
29 438
29 486
29 564
29 651
29 665
29 722
29 730
31 49
31 90
31 141
31 178
31 240
31 380
31 581
31 598
31 616
31 691
31 753
33 35
33 39
33 40
33 43
33 60
33 70
33 148
33 176
33 180
33 181
33 191
33 198
33 213
33 246
33 328
33 426
33 443
33 445
33 474
33 476
33 488
33 547
33 554
33 586
33 601
33 620
33 631
33 632
33 641
33 663
33 682
33 713
33 716
33 748
33 789
33 791
35 64
35 181
35 191
35 341
35 391
35 400
35 407
35 440
35 441
35 481
35 488
35 566
35 584
35 599
35 626
35 646
35 650
35 671
35 694
35 717
35 791
37 70
37 88
37 97
37 154
37 209
37 225
37 240
37 263
37 357
37 363
37 370
37 532
37 564
37 599
37 603
37 660
37 773
39 46
39 270
39 492
39 539
39 547
39 552
39 583
39 586
39 618
39 643
39 716
39 736
39 763
49 112
49 178
49 257
49 384
49 581
49 609
49 631
49 679
49 712
49 729
48 64
64 78
64 85
64 90
64 135
64 137
64 160
64 201
64 203
64 226
64 323
64 378
64 379
64 383
64 386
64 427
64 430
64 457
64 471
64 497
64 521
64 582
64 661
64 759
64 792
41 66
66 87
66 185
66 249
66 347
66 423
66 511
43 67
67 138
67 144
67 578
67 595
67 625
41 74
74 139
74 144
74 145
74 165
74 179
74 187
74 190
74 268
74 280
74 301
74 369
74 432
74 456
74 460
74 461
74 534
74 567
74 655
74 727
74 787
78 85
78 98
78 123
78 135
78 225
78 292
78 295
78 305
78 313
78 323
78 375
78 379
78 399
78 403
78 415
78 460
78 466
78 504
78 579
78 589
78 662
78 766
71 85
85 90
85 123
85 135
85 226
85 269
85 378
85 626
85 649
85 691
85 705
50 88
88 95
88 212
88 263
88 357
88 363
88 443
88 610
88 649
88 773
90 220
90 226
90 240
90 404
90 430
90 537
90 792
50 95
95 379
103 122
103 128
103 171
103 212
103 282
103 315
103 341
103 373
103 387
103 505
103 522
103 583
103 658
103 660
103 665
103 720
103 759
107 146
107 158
107 560
107 580
108 122
122 212
122 226
122 244
122 282
122 387
122 497
122 621
123 135
123 255
123 269
123 431
123 452
123 455
123 468
123 572
123 579
70 131
97 131
105 131
131 222
131 524
131 618
131 700
86 139
105 139
121 139
139 144
139 167
139 175
139 640
139 740
40 149
104 149
113 149
149 188
149 231
149 366
149 465
149 484
149 758
149 775
149 785
149 794
169 267
169 622
169 686
169 722
46 189
77 189
189 299
189 312
189 330
189 799
197 201
197 269
197 277
197 310
197 361
197 429
197 458
197 688
197 763
197 774
40 198
60 198
198 351
198 397
198 470
137 201
201 203
97 208
127 208
208 358
208 486
208 514
208 651
212 226
212 282
212 341
212 497
212 610
212 665
212 759
41 220
220 771
70 225
97 225
225 399
225 532
225 577
225 642
225 748
226 430
104 231
113 231
231 391
231 392
231 440
231 484
231 664
231 670
267 591
267 686
269 277
269 429
269 572
269 626
48 277
96 277
277 406
277 429
277 636
187 300
242 300
300 360
300 550
228 307
307 528
170 310
310 361
310 365
124 330
150 330
153 330
330 489
43 357
58 357
357 592
357 773
138 358
358 364
358 486
358 514
358 577
358 730
104 364
207 364
364 393
364 482
48 371
150 371
371 445
371 516
323 379
238 383
383 398
391 392
391 407
391 441
391 481
391 574
391 600
391 694
391 700
79 392
205 392
392 574
392 685
392 701
392 779
104 407
407 441
407 584
407 600
407 651
407 696
98 461
195 461
461 469
71 488
511 592
43 523
523 578
523 596
523 684
465 537
570 572
572 746
102 574
150 574
505 574
176 579
283 579
58 592
343 596
539 596
380 598
598 691
79 625
86 625
121 625
441 626
566 626
626 705
337 665
665 759
691 705
40 50
40 51
40 55
40 60
40 87
40 104
40 113
40 121
40 154
40 170
40 182
40 244
40 280
40 289
40 366
40 465
40 476
40 494
40 533
40 535
40 622
40 632
40 633
40 643
40 650
40 703
40 728
40 758
40 795
41 51
41 108
41 137
41 165
41 168
41 174
41 232
41 249
41 280
41 293
41 397
41 472
41 510
41 536
41 585
41 667
41 668
41 711
41 719
41 735
41 771
41 774
43 50
43 58
43 60
43 144
43 172
43 178
43 182
43 183
43 328
43 340
43 363
43 372
43 387
43 422
43 550
43 578
43 591
43 601
43 620
46 77
46 110
46 127
46 141
46 143
46 223
46 270
46 312
46 337
46 344
46 374
46 390
46 441
46 533
46 548
46 552
46 580
46 627
46 684
46 736
46 764
50 113
50 170
50 175
50 180
50 275
50 443
50 782
51 55
51 79
51 111
51 168
51 192
51 232
51 262
51 293
51 449
51 510
51 533
51 535
51 538
51 645
51 650
51 685
51 728
51 738
51 768
55 79
55 205
55 290
55 323
55 467
55 533
55 554
55 570
55 634
60 213
60 328
60 340
60 443
60 476
70 71
71 79
71 86
71 105
71 111
71 157
71 163
71 228
71 305
71 333
71 369
71 431
71 590
71 649
71 654
71 709
79 86
86 92
86 96
86 105
86 111
86 112
86 121
86 305
86 333
86 401
86 454
86 607
86 640
86 682
86 709
86 740
92 96
92 110
92 112
92 157
92 227
92 483
92 678
92 680
48 96
96 112
96 401
96 406
96 413
96 438
96 454
96 503
96 507
96 607
96 654
96 682
96 697
96 704
96 737
108 168
108 345
108 353
108 453
108 472
108 536
108 559
108 632
108 664
108 766
65 120
120 530
120 565
110 145
143 145
145 179
145 190
145 356
145 460
145 520
125 146
146 176
146 283
146 318
146 381
146 731
146 742
79 157
105 157
157 163
157 202
157 227
157 228
157 249
157 504
157 552
157 654
135 158
158 163
158 167
158 420
158 521
158 586
158 752
161 181
161 185
161 423
161 473
161 498
161 630
165 174
165 448
165 787
138 174
174 210
174 372
174 448
174 509
174 668
174 797
87 188
121 188
188 200
188 398
188 787
192 232
232 293
232 538
232 645
232 735
48 238
238 419
238 494
238 564
238 674
282 341
341 386
341 519
341 657
143 344
337 344
344 549
344 558
344 627
345 517
345 559
240 370
370 546
370 568
370 606
58 387
387 401
387 532
387 536
387 621
387 720
58 401
112 401
401 507
401 532
401 607
249 423
423 565
423 674
278 454
58 456
268 456
456 724
227 472
291 472
472 581
254 473
328 476
443 476
476 631
485 573
336 490
368 490
487 490
492 539
492 544
492 607
492 643
128 517
315 517
517 541
336 538
538 645
150 541
210 541
113 546
278 546
422 546
546 568
549 558
270 552
58 559
532 559
536 559
263 564
249 565
565 667
565 674
70 599
532 599
599 660
179 634
187 634
242 634
578 656
102 657
393 657
505 657
662 666
663 666
666 800
441 671
481 671
608 671
124 679
153 679
658 679
679 772
312 684
380 691
441 696
600 696
333 709
228 716
528 716
268 724
482 736
611 736
121 787
65 283
65 285
65 434
65 469
65 544
65 556
65 568
87 121
87 154
87 192
87 200
87 248
87 280
87 285
87 289
87 315
87 366
87 405
87 425
87 534
87 629
87 718
87 747
79 121
105 121
121 167
121 175
121 200
121 248
121 280
121 285
121 315
121 405
121 425
121 640
121 648
121 697
121 718
121 726
121 744
102 124
124 150
124 153
124 442
124 658
124 772
125 170
125 255
125 349
125 381
125 404
125 675
109 138
138 210
138 266
138 276
138 410
138 555
138 569
138 577
138 595
138 610
138 797
144 178
144 301
144 363
144 699
48 148
82 148
148 297
148 621
148 726
168 510
168 536
168 585
168 632
170 175
170 209
170 275
170 790
167 175
175 275
175 744
175 790
70 176
176 283
176 294
176 318
176 343
176 413
176 478
176 539
176 554
176 590
176 695
176 706
176 734
176 748
176 768
178 363
178 550
178 581
178 616
178 712
178 729
185 314
185 677
185 692
111 192
192 455
192 685
143 223
223 337
223 362
223 489
223 548
223 764
223 765
283 318
283 413
283 706
283 742
283 752
420 728
420 752
295 442
328 443
443 631
457 471
441 481
481 566
481 608
481 694
481 700
481 749
70 577
97 577
577 642
577 748
577 749
143 585
339 585
384 610
555 610
610 649
104 664
484 664
483 678
97 749
642 749
98 782
566 782
233 790
629 790
48 82
48 98
48 104
48 137
48 150
48 160
48 257
48 291
48 297
48 406
48 410
48 434
48 503
48 516
48 636
48 672
48 693
77 110
77 128
77 196
77 233
77 272
77 273
77 278
77 299
77 327
77 704
77 751
182 183
183 268
183 412
183 452
183 627
222 508
222 524
222 618
222 719
252 266
252 314
257 336
257 355
257 384
257 545
257 631
314 677
314 692
111 333
333 793
251 336
336 355
336 368
336 487
143 337
337 548
337 627
337 637
337 765
244 355
355 368
355 487
355 545
355 551
355 690
355 710
355 794
355 798
104 368
207 368
368 487
368 668
386 457
386 519
386 582
386 609
386 646
386 699
386 760
219 412
309 457
457 582
244 487
487 668
227 545
403 545
545 698
668 711
668 797
207 722
98 195
98 313
98 399
98 469
98 566
98 732
97 127
102 127
127 129
127 190
127 195
127 248
127 293
127 294
127 297
127 356
127 373
127 390
127 414
127 486
127 502
127 513
127 608
127 648
127 741
127 750
127 770
127 788
104 172
150 172
172 182
172 210
172 251
172 343
172 422
172 725
172 732
179 190
190 297
190 356
190 375
190 460
190 542
190 698
190 770
105 249
228 249
249 351
249 667
249 674
266 410
266 466
266 636
205 290
290 554
290 731
290 745
290 755
273 292
292 361
292 403
292 415
292 504
292 510
292 783
297 410
297 621
313 479
313 502
42 340
219 340
340 498
375 411
375 466
375 542
375 597
375 698
375 766
399 641
399 750
339 411
352 411
113 422
278 422
422 620
422 783
483 542
483 560
542 698
547 583
547 586
547 763
547 784
547 789
181 641
246 641
641 662
641 750
154 652
323 662
589 662
662 663
474 663
663 717
663 800
181 717
191 717
97 750
486 750
479 771
632 784
682 784
702 784
697 800
42 58
42 113
42 191
42 219
42 229
42 236
42 498
42 758
58 191
58 335
58 348
58 378
58 513
58 532
58 536
58 675
58 789
79 105
79 163
79 202
79 205
79 262
79 323
79 390
79 431
79 504
79 644
79 685
79 701
79 768
70 97
97 102
97 105
97 129
97 200
97 209
97 248
97 486
97 603
97 642
97 765
102 129
102 150
102 153
102 200
102 347
102 353
102 393
102 505
102 513
102 524
182 205
196 205
205 262
205 323
205 414
205 467
205 514
205 701
205 779
173 211
179 211
211 246
211 360
211 388
211 593
244 690
196 262
262 449
262 514
262 644
262 768
262 770
320 493
242 360
360 550
104 366
366 794
315 405
405 726
378 513
513 675
513 760
554 748
285 633
507 633
633 647
507 644
111 685
647 799
672 799
110 143
143 153
143 171
143 260
143 339
143 362
143 773
150 153
153 171
153 489
153 522
153 535
153 658
268 452
268 567
268 627
182 339
251 339
339 352
339 740
109 352
129 352
352 428
352 600
352 616
352 738
82 428
214 428
428 463
428 600
428 616
428 639
428 706
428 776
255 452
452 455
452 627
452 695
535 650
535 703
301 567
567 659
441 600
150 637
393 637
575 637
637 720
637 721
413 706
706 734
706 752
706 776
621 720
507 647
647 672
647 745
636 672
672 745
731 745
200 747
248 747
318 413
318 742
516 558
280 655
655 727
182 196
182 251
182 343
182 414
182 622
182 740
180 251
251 732
195 254
254 282
254 421
141 426
426 557
426 670
426 683
426 791
441 533
441 566
441 584
441 608
195 493
458 493
533 728
171 583
348 789
378 789
70 105
70 207
70 294
70 438
70 445
70 532
70 660
70 718
70 734
70 748
82 104
82 109
82 129
82 214
82 273
82 463
82 571
82 630
82 639
154 289
154 494
154 534
154 795
171 260
171 640
104 207
207 393
207 438
207 467
260 753
141 273
196 273
273 327
273 361
273 704
273 710
273 788
361 763
361 788
413 438
413 734
413 752
343 539
539 544
539 590
539 618
539 643
285 697
425 697
697 704
196 704
315 726
770 788
242 295
276 295
295 348
173 179
173 202
173 229
173 246
173 349
173 380
173 593
173 741
179 187
179 242
179 246
179 380
179 388
179 448
179 792
187 242
187 369
187 534
187 792
242 276
242 328
242 348
242 389
242 463
242 550
242 569
242 785
270 580
110 128
110 141
110 196
110 227
110 247
110 272
110 520
110 576
110 680
135 163
135 167
135 421
135 478
135 521
135 586
135 796
104 150
150 210
150 247
150 353
150 393
150 489
150 505
150 522
150 575
150 606
150 711
150 721
150 725
150 744
105 167
167 521
167 648
167 744
227 291
227 381
227 403
227 450
227 470
227 555
227 581
227 617
227 694
227 698
137 291
291 327
291 381
291 555
291 694
141 327
347 524
353 393
353 711
381 403
403 450
403 460
403 464
403 504
403 617
403 783
417 503
417 776
460 464
109 464
425 464
406 503
581 712
556 680
109 129
109 160
109 263
109 276
109 299
109 425
109 569
109 797
128 233
128 247
128 315
128 373
128 505
181 191
181 246
255 431
255 695
202 349
349 404
349 675
246 380
466 636
466 766
498 630
356 677
373 677
677 692
712 730
486 730
381 731
731 755
419 755
692 755
104 651
651 781
651 795
112 302
112 507
112 654
302 309
302 362
302 419
302 427
302 617
105 351
228 351
351 397
351 470
351 530
397 470
397 484
397 528
397 530
404 430
404 675
419 427
419 494
419 509
419 674
419 692
494 509
494 795
372 509
104 113
104 180
104 210
104 247
104 393
104 440
104 482
104 484
104 630
104 646
104 670
104 690
104 729
104 781
104 794
195 282
195 289
195 293
195 294
195 414
195 421
195 458
195 502
195 693
406 421
323 467
137 160
137 548
137 693
137 735
137 774
209 335
209 603
263 363
299 584
309 617
191 335
335 348
270 479
609 699
729 781
729 795
129 738
738 779
414 741
465 758
701 779
113 229
113 236
113 278
113 440
113 465
113 646
113 783
113 785
219 233
219 629
219 721
233 325
233 629
233 721
233 742
196 278
272 278
278 595
278 620
278 751
325 742
414 502
111 369
111 455
369 534
369 590
343 590
694 700
180 690
180 713
270 683
276 348
348 378
378 675
378 760
141 683
646 760
293 294
293 648
293 735
312 582
312 764
163 390
202 390
390 701
455 468
458 593
458 669
434 468
557 573
557 642
557 670
105 648
294 695
650 703
703 772
658 772
210 247
465 520
520 576
520 713
576 713
160 425
160 693
160 735
202 229
285 425
425 629
425 718
228 528
484 528
601 620
504 783
105 228
105 504
248 486
486 514
203 214
203 359
214 359
356 359
141 196
141 710
372 591
163 686
406 686
478 686
246 388
246 448
246 593
328 601
474 702
521 586
586 763
586 796
521 601
601 746
384 631
536 632
632 643
632 682
632 702
632 766
607 682
682 702
682 737
210 372
440 646
440 670
440 737
566 608
566 732
555 694
381 450
381 470
381 555
381 639
589 777
707 777
363 550
532 536
505 660
522 660
196 272
196 414
196 514
196 710
196 770
196 798
272 595
272 798
465 785
607 737
763 774
280 315
282 289
289 693
536 766
393 711
693 735
365 645
323 427
450 617
521 746
548 764
548 765
582 764
551 710
595 798
710 794
710 798
794 798
163 406
406 478
406 636
282 693
276 384
384 555
275 388
343 768
478 768
276 389
276 569
521 661
163 202
202 701
202 708
202 796
593 708
669 708
323 589
393 482
282 497
521 796
463 571
571 589
285 629
629 721
315 373
315 658
248 285
285 507
285 556
556 781
568 606
163 478
163 654
163 701
163 796
388 448
294 718
294 734
507 654
389 463
389 569
389 612
640 740
301 699
301 751
129 200
129 248
129 608
129 765
463 589
589 707
701 796
463 569
463 612
463 639
463 707
463 785
450 639
470 639
200 248
248 608
248 765
393 575
505 575
575 721
575 744
489 522
393 505
373 505
505 522
505 744
356 373
373 522
569 797
450 470
343 478
593 669
