1 41
1 57
1 65
1 74
1 87
1 103
1 184
1 269
1 288
1 291
1 315
1 323
1 343
1 507
1 518
1 519
1 524
1 583
1 637
1 680
1 724
1 741
1 787
1 802
1 828
1 861
1 863
1 877
1 987
41 92
41 152
41 159
41 179
41 198
41 235
41 311
41 353
41 375
41 414
41 422
41 428
41 455
41 572
41 577
41 581
41 594
41 641
41 681
41 685
41 710
41 714
41 727
41 754
41 857
41 884
41 921
5 57
18 57
57 59
57 118
57 149
57 202
57 260
57 284
57 313
57 336
57 347
57 360
57 486
57 574
57 696
57 878
57 978
8 65
10 65
18 65
27 65
65 67
65 108
65 207
65 208
65 284
65 307
65 319
65 346
65 378
65 446
65 626
65 717
65 747
65 813
65 845
9 74
34 74
55 74
74 114
74 117
74 131
74 194
74 251
74 351
74 420
74 509
74 514
74 562
74 625
74 654
74 695
74 775
74 816
74 851
74 946
74 977
50 87
78 87
87 102
87 120
87 314
87 456
87 567
87 625
87 654
87 697
87 703
87 733
87 738
87 759
87 917
87 922
87 940
4 103
59 103
69 103
103 125
103 196
103 298
103 317
103 349
103 361
103 449
103 529
103 542
103 575
103 576
103 591
103 600
103 677
103 688
103 708
103 777
103 781
103 813
103 944
103 956
103 962
103 972
103 975
35 184
40 184
51 184
99 184
132 184
142 184
145 184
162 184
163 184
184 191
184 193
184 198
184 337
184 394
184 428
184 458
184 489
184 498
184 556
184 576
184 654
184 686
184 794
184 804
184 944
51 269
59 269
195 269
229 269
269 401
269 405
269 407
269 459
269 564
269 569
269 594
269 665
269 944
50 288
247 288
274 288
288 451
288 515
288 517
288 564
288 590
288 609
288 687
288 688
288 775
288 807
288 856
288 932
288 958
46 291
170 291
209 291
215 291
234 291
245 291
264 291
265 291
286 291
291 349
291 524
291 551
291 576
291 627
291 738
291 863
291 876
291 890
291 902
291 957
291 970
63 315
114 315
175 315
315 335
315 336
315 349
315 354
315 391
315 456
315 537
315 584
315 738
315 751
315 769
315 783
315 796
315 813
315 846
315 918
315 921
315 922
315 982
315 988
83 323
116 323
193 323
204 323
209 323
290 323
310 323
323 371
323 419
323 448
323 449
323 523
323 600
323 617
323 742
323 814
323 817
323 919
323 945
72 343
85 343
125 343
310 343
343 425
343 428
343 480
343 499
343 575
343 681
343 738
343 760
343 834
343 848
3 507
29 507
75 507
142 507
160 507
222 507
235 507
238 507
250 507
259 507
395 507
404 507
480 507
507 513
507 645
507 691
507 748
507 898
507 993
4 518
30 518
60 518
238 518
279 518
309 518
321 518
325 518
339 518
380 518
427 518
518 535
518 567
518 583
518 611
518 725
518 760
518 926
213 519
232 519
246 519
251 519
277 519
303 519
358 519
437 519
482 519
519 574
519 607
519 669
519 749
519 784
519 881
519 902
519 947
519 982
519 984
29 524
100 524
159 524
212 524
351 524
382 524
407 524
505 524
524 561
524 645
524 796
524 820
524 862
524 879
524 929
524 934
524 940
524 985
524 992
8 583
60 583
155 583
275 583
285 583
368 583
402 583
458 583
530 583
578 583
583 623
583 647
583 648
583 690
583 763
583 767
583 786
583 926
583 928
583 949
583 958
30 637
79 637
98 637
143 637
250 637
294 637
313 637
318 637
348 637
404 637
424 637
452 637
477 637
492 637
532 637
533 637
602 637
609 637
637 663
637 776
637 815
637 835
637 895
637 981
13 680
61 680
97 680
109 680
137 680
190 680
211 680
227 680
258 680
356 680
468 680
470 680
473 680
475 680
520 680
582 680
610 680
630 680
666 680
680 695
680 723
680 729
680 769
680 780
680 801
680 900
680 909
680 911
680 919
61 724
69 724
96 724
148 724
198 724
249 724
261 724
263 724
364 724
384 724
451 724
480 724
500 724
521 724
561 724
663 724
724 855
724 866
724 926
2 741
13 741
132 741
137 741
175 741
226 741
273 741
295 741
310 741
368 741
392 741
432 741
474 741
623 741
631 741
702 741
741 752
741 765
741 822
741 824
741 847
741 853
741 936
85 787
189 787
227 787
238 787
259 787
349 787
363 787
369 787
373 787
427 787
453 787
645 787
787 801
787 839
787 924
787 938
787 972
787 1000
11 802
25 802
64 802
80 802
122 802
136 802
168 802
187 802
220 802
230 802
355 802
494 802
527 802
558 802
590 802
632 802
683 802
802 844
802 862
802 987
10 828
19 828
81 828
93 828
244 828
273 828
309 828
356 828
450 828
455 828
596 828
756 828
771 828
826 828
828 921
828 949
828 975
828 978
828 995
6 861
55 861
90 861
120 861
132 861
187 861
195 861
459 861
473 861
555 861
556 861
635 861
709 861
780 861
799 861
806 861
861 887
861 913
86 863
90 863
153 863
229 863
287 863
289 863
650 863
668 863
713 863
733 863
803 863
807 863
811 863
848 863
863 928
863 947
863 980
42 877
99 877
110 877
187 877
320 877
342 877
467 877
543 877
548 877
593 877
595 877
624 877
756 877
773 877
793 877
877 978
877 985
877 998
3 987
101 987
118 987
301 987
328 987
374 987
516 987
591 987
648 987
685 987
702 987
734 987
797 987
801 987
813 987
836 987
936 987
985 987
986 987
987 989
2 75
2 124
2 301
2 308
2 367
2 415
2 470
2 478
2 542
2 628
2 655
2 672
2 691
2 746
2 764
2 920
2 958
2 983
35 75
75 96
75 163
75 237
75 376
75 384
75 394
75 424
75 526
75 543
75 617
75 694
75 700
75 733
75 762
75 811
75 891
75 921
75 925
75 955
75 963
75 978
105 124
124 125
124 182
124 206
124 250
124 272
124 320
124 387
124 402
124 445
124 449
124 465
124 486
124 502
124 513
124 619
124 711
124 773
124 847
124 929
124 939
124 940
124 997
39 301
115 301
139 301
178 301
186 301
301 358
301 363
301 366
301 393
301 403
301 409
301 412
301 441
301 447
301 462
301 559
301 602
301 638
301 641
301 735
301 738
301 743
301 756
301 815
301 824
301 841
301 903
55 308
117 308
128 308
308 358
308 363
308 395
308 521
308 544
308 642
308 685
308 712
308 722
308 795
308 799
308 898
308 919
308 927
308 949
308 953
308 963
308 964
94 367
126 367
134 367
138 367
152 367
219 367
254 367
275 367
312 367
363 367
367 375
367 384
367 432
367 566
367 592
367 622
367 636
367 643
367 676
367 677
367 768
367 796
367 850
367 854
367 876
367 881
120 415
162 415
197 415
215 415
415 445
415 461
415 576
415 766
415 843
415 919
415 922
415 935
415 975
415 982
21 470
34 470
36 470
130 470
211 470
271 470
318 470
322 470
402 470
414 470
453 470
470 484
470 529
470 632
470 634
470 688
470 827
470 885
470 893
470 931
470 943
470 950
470 967
117 478
118 478
229 478
250 478
277 478
299 478
478 573
478 581
478 799
478 822
478 868
478 951
45 542
86 542
515 542
542 608
542 804
542 851
542 889
542 891
542 991
5 628
30 628
61 628
68 628
76 628
122 628
143 628
151 628
251 628
285 628
319 628
353 628
378 628
501 628
502 628
512 628
579 628
628 688
628 690
628 849
628 894
628 936
628 997
79 655
95 655
154 655
164 655
246 655
254 655
292 655
334 655
339 655
371 655
411 655
556 655
655 706
655 712
655 719
655 754
655 873
655 931
655 935
655 955
42 672
178 672
312 672
463 672
531 672
645 672
650 672
672 685
672 689
672 702
672 834
672 860
672 956
672 970
12 691
30 691
109 691
270 691
272 691
498 691
564 691
591 691
633 691
653 691
681 691
691 743
691 771
691 777
691 901
691 924
691 1000
38 746
160 746
226 746
322 746
324 746
350 746
492 746
531 746
582 746
590 746
661 746
728 746
743 746
746 771
746 798
746 846
746 855
746 997
16 764
133 764
140 764
358 764
500 764
539 764
608 764
639 764
641 764
658 764
764 785
764 800
764 824
764 876
764 881
764 891
764 922
764 950
764 957
35 920
56 920
96 920
131 920
174 920
290 920
329 920
378 920
419 920
454 920
515 920
588 920
708 920
759 920
786 920
813 920
853 920
46 958
193 958
219 958
275 958
329 958
406 958
423 958
534 958
571 958
584 958
625 958
635 958
677 958
684 958
708 958
714 958
844 958
955 958
26 983
197 983
247 983
263 983
329 983
335 983
383 983
384 983
404 983
461 983
551 983
571 983
624 983
748 983
760 983
796 983
823 983
839 983
854 983
900 983
930 983
978 983
3 131
3 197
3 212
3 257
3 302
3 346
3 356
3 402
3 571
3 590
3 708
3 721
3 726
3 782
3 897
3 982
84 131
104 131
131 168
131 226
131 300
131 344
131 381
131 429
131 451
131 533
131 601
131 656
131 876
131 945
98 197
138 197
183 197
197 262
197 305
197 346
197 382
197 462
197 602
197 618
197 658
197 661
197 666
197 700
197 778
197 806
197 899
35 212
49 212
62 212
85 212
170 212
212 309
212 320
212 366
212 420
212 446
212 582
212 621
212 632
212 751
212 780
212 889
212 966
212 997
58 257
117 257
126 257
130 257
141 257
159 257
164 257
257 305
257 346
257 355
257 378
257 432
257 520
257 563
257 595
257 614
257 677
257 750
257 758
257 804
257 813
257 844
257 948
38 302
42 302
58 302
115 302
166 302
302 353
302 434
302 515
302 540
302 562
302 640
302 645
302 690
302 726
302 757
302 762
302 779
302 795
302 881
302 921
302 929
55 346
346 353
346 359
346 496
346 553
346 565
346 593
346 596
346 616
346 747
346 782
346 961
59 356
201 356
249 356
339 356
356 564
356 575
356 600
356 633
356 762
356 773
356 825
356 859
356 880
356 897
356 954
356 971
105 402
304 402
364 402
375 402
378 402
402 446
402 482
402 492
402 520
402 580
402 581
402 619
402 657
402 715
402 748
402 772
402 804
402 819
402 859
402 962
110 571
178 571
311 571
327 571
409 571
460 571
521 571
571 649
571 982
571 989
5 590
42 590
70 590
93 590
160 590
181 590
208 590
213 590
253 590
305 590
307 590
380 590
381 590
435 590
455 590
476 590
480 590
494 590
503 590
533 590
559 590
590 595
590 600
590 635
590 642
590 644
590 738
590 783
590 825
590 878
590 897
590 910
590 953
126 708
294 708
513 708
523 708
570 708
572 708
644 708
666 708
694 708
699 708
708 745
708 878
708 930
708 982
708 995
83 721
205 721
235 721
266 721
341 721
491 721
639 721
721 762
721 772
721 821
721 831
721 862
721 866
721 896
721 966
721 986
8 726
16 726
105 726
211 726
246 726
264 726
389 726
396 726
459 726
551 726
622 726
648 726
685 726
726 739
726 842
16 782
63 782
129 782
225 782
273 782
334 782
372 782
386 782
460 782
487 782
673 782
72 897
141 897
168 897
231 897
264 897
294 897
319 897
431 897
435 897
501 897
557 897
566 897
613 897
618 897
707 897
734 897
739 897
765 897
834 897
854 897
897 900
897 915
897 929
897 981
38 982
119 982
275 982
283 982
295 982
304 982
312 982
409 982
437 982
441 982
460 982
522 982
552 982
617 982
646 982
682 982
761 982
770 982
841 982
900 982
982 984
4 22
4 24
4 127
4 198
4 276
4 392
4 425
4 458
4 467
4 475
4 548
4 552
4 603
4 727
4 742
4 879
4 928
4 941
22 29
22 34
22 142
22 143
22 168
22 187
22 259
22 267
22 440
22 503
22 635
22 740
22 840
22 843
22 913
22 953
22 980
24 25
24 66
24 86
24 94
24 165
24 187
24 273
24 446
24 449
24 589
24 606
24 608
24 660
24 687
24 705
24 725
24 835
24 881
102 127
127 155
127 201
127 254
127 312
127 340
127 416
127 433
127 595
127 596
127 612
127 616
127 632
127 662
127 669
127 681
127 706
127 709
127 735
127 743
127 815
127 852
127 853
127 867
127 870
127 921
127 924
10 198
29 198
58 198
78 198
118 198
170 198
198 254
198 272
198 290
198 492
198 698
198 775
198 777
198 845
198 895
198 998
71 276
97 276
104 276
176 276
201 276
224 276
276 294
276 335
276 406
276 434
276 485
276 514
276 556
276 668
276 772
276 911
276 921
276 938
39 392
92 392
94 392
99 392
129 392
189 392
199 392
252 392
265 392
377 392
392 497
392 505
392 510
392 586
392 626
392 780
392 804
392 824
392 922
392 951
392 952
58 425
59 425
168 425
174 425
311 425
318 425
326 425
370 425
418 425
425 432
425 504
425 510
425 514
425 626
425 641
425 676
425 739
425 747
425 763
425 771
425 777
425 823
425 885
30 458
59 458
63 458
165 458
183 458
247 458
284 458
355 458
376 458
385 458
458 498
458 562
458 581
458 622
458 660
458 661
458 687
458 781
458 867
458 913
458 962
458 966
458 999
62 467
94 467
113 467
159 467
214 467
223 467
286 467
309 467
319 467
434 467
467 485
467 496
467 634
467 647
467 809
467 831
467 835
467 864
467 894
467 908
467 932
467 952
26 475
117 475
177 475
190 475
200 475
215 475
237 475
260 475
292 475
319 475
344 475
471 475
475 522
475 639
475 723
475 793
475 809
475 924
14 548
21 548
71 548
82 548
116 548
221 548
238 548
249 548
266 548
282 548
506 548
548 572
548 598
548 610
548 693
548 754
548 759
548 769
548 855
548 893
548 938
548 941
548 984
37 552
83 552
141 552
146 552
282 552
368 552
391 552
482 552
552 598
552 707
552 833
552 940
552 943
552 981
46 603
64 603
86 603
153 603
164 603
234 603
242 603
327 603
457 603
472 603
485 603
577 603
585 603
603 611
603 695
603 750
603 765
603 822
603 843
603 903
603 908
603 962
603 985
67 727
79 727
108 727
164 727
183 727
240 727
294 727
309 727
313 727
388 727
408 727
444 727
554 727
727 808
727 847
727 892
727 931
727 986
59 742
107 742
160 742
216 742
249 742
277 742
312 742
368 742
386 742
454 742
480 742
572 742
685 742
700 742
719 742
742 774
742 776
742 887
742 895
48 879
83 879
165 879
268 879
270 879
342 879
352 879
390 879
427 879
439 879
504 879
506 879
576 879
658 879
663 879
692 879
876 879
879 890
879 904
879 940
77 928
143 928
149 928
285 928
409 928
437 928
582 928
584 928
693 928
781 928
845 928
928 953
928 990
170 941
202 941
206 941
263 941
397 941
426 941
509 941
553 941
622 941
634 941
703 941
731 941
837 941
854 941
874 941
884 941
889 941
916 941
937 941
5 18
5 37
5 223
5 243
5 287
5 316
5 374
5 439
5 485
5 532
5 538
5 553
5 576
5 606
5 627
5 756
18 58
18 130
18 135
18 178
18 211
18 217
18 256
18 353
18 420
18 568
18 613
18 687
18 776
18 784
18 799
18 852
18 856
18 916
18 935
37 60
37 86
37 91
37 106
37 143
37 171
37 180
37 335
37 383
37 423
37 434
37 504
37 597
37 625
37 638
37 704
37 770
37 778
37 816
37 823
37 871
46 223
164 223
170 223
223 361
223 395
223 407
223 776
223 835
223 852
223 955
223 965
223 969
20 243
30 243
106 243
122 243
241 243
243 245
243 305
243 379
243 380
243 461
243 585
243 606
243 751
243 838
243 930
243 1000
80 287
81 287
287 298
287 441
287 476
287 490
287 523
287 768
287 839
287 967
52 316
59 316
76 316
93 316
217 316
227 316
299 316
316 374
316 375
316 441
316 471
316 512
316 624
316 644
316 651
316 652
316 689
316 701
316 793
316 833
316 842
316 881
316 888
316 910
83 374
111 374
114 374
233 374
273 374
351 374
374 390
374 400
374 432
374 606
374 653
374 688
374 785
374 880
17 439
26 439
51 439
122 439
156 439
171 439
176 439
192 439
237 439
283 439
412 439
424 439
439 540
439 562
439 613
439 616
439 629
439 675
439 681
439 734
439 750
439 887
439 903
439 936
439 955
439 994
11 485
79 485
126 485
136 485
348 485
426 485
485 561
485 610
485 636
485 759
485 844
485 851
485 867
485 868
485 884
485 930
83 532
89 532
123 532
149 532
150 532
185 532
186 532
191 532
193 532
209 532
248 532
368 532
393 532
532 648
532 666
532 667
532 739
532 743
532 805
532 871
532 962
51 538
79 538
136 538
172 538
207 538
208 538
227 538
261 538
372 538
431 538
509 538
526 538
538 635
538 816
538 888
538 902
538 995
20 553
33 553
157 553
372 553
398 553
408 553
420 553
459 553
462 553
553 587
553 706
553 716
553 999
17 576
56 576
77 576
95 576
146 576
244 576
246 576
249 576
359 576
368 576
377 576
522 576
576 595
576 618
576 745
30 606
33 606
39 606
47 606
60 606
106 606
249 606
364 606
373 606
550 606
570 606
592 606
606 619
606 692
606 904
20 627
111 627
138 627
141 627
178 627
239 627
240 627
319 627
555 627
593 627
627 700
627 720
627 952
627 972
627 979
6 756
31 756
33 756
52 756
93 756
102 756
140 756
165 756
185 756
225 756
248 756
261 756
329 756
354 756
459 756
509 756
610 756
642 756
756 818
756 838
756 847
756 854
756 868
756 915
756 929
756 939
6 52
6 99
6 218
6 255
6 258
6 388
6 399
6 428
6 620
6 648
6 690
6 694
6 704
6 715
6 761
6 819
6 821
6 952
6 972
45 52
52 148
52 186
52 203
52 214
52 268
52 272
52 429
52 450
52 719
52 790
52 972
46 99
99 102
99 143
99 214
99 215
99 225
99 251
99 310
99 365
99 378
99 400
99 492
99 493
99 700
99 755
99 768
99 794
99 939
84 218
133 218
142 218
218 225
218 350
218 407
218 450
218 472
218 528
218 539
218 598
218 602
218 703
218 716
218 753
218 760
218 937
44 255
145 255
186 255
221 255
230 255
255 264
255 298
255 333
255 349
255 540
255 584
255 620
255 642
255 698
255 795
255 889
255 905
44 258
70 258
167 258
180 258
229 258
254 258
258 321
258 351
258 385
258 423
258 648
258 755
258 762
258 810
258 827
258 842
258 899
258 901
258 971
258 996
69 388
98 388
232 388
256 388
311 388
320 388
329 388
335 388
388 430
388 448
388 473
388 509
388 586
388 889
388 923
388 942
388 986
14 399
77 399
106 399
139 399
175 399
176 399
190 399
210 399
245 399
277 399
321 399
399 525
399 535
399 554
399 648
399 736
399 818
399 823
399 913
399 918
399 937
15 428
43 428
232 428
283 428
292 428
366 428
423 428
428 492
428 501
428 560
428 589
428 610
428 617
428 636
428 661
428 662
428 669
428 673
428 773
428 838
428 890
428 929
86 620
138 620
155 620
219 620
225 620
277 620
334 620
393 620
397 620
588 620
608 620
620 624
620 630
620 645
620 773
620 818
620 885
620 973
620 997
32 648
33 648
45 648
68 648
110 648
194 648
222 648
261 648
350 648
491 648
494 648
497 648
648 758
648 778
648 820
648 884
648 903
45 690
55 690
140 690
141 690
147 690
154 690
225 690
263 690
361 690
421 690
516 690
591 690
657 690
690 810
690 830
690 833
690 947
33 694
132 694
150 694
264 694
317 694
337 694
360 694
456 694
473 694
535 694
561 694
582 694
600 694
639 694
694 838
694 886
694 995
56 704
73 704
106 704
188 704
205 704
271 704
417 704
479 704
526 704
566 704
570 704
645 704
657 704
704 738
704 758
704 848
704 854
704 867
123 715
208 715
369 715
384 715
454 715
506 715
531 715
589 715
618 715
682 715
715 735
715 791
715 794
715 835
715 913
715 933
715 996
40 761
58 761
173 761
378 761
522 761
544 761
611 761
649 761
653 761
667 761
761 765
761 847
761 855
761 883
761 889
761 914
42 819
58 819
95 819
105 819
210 819
264 819
306 819
349 819
365 819
462 819
469 819
488 819
500 819
585 819
674 819
699 819
784 819
796 819
818 819
819 825
819 951
819 955
819 979
31 821
61 821
141 821
151 821
173 821
200 821
344 821
380 821
384 821
431 821
529 821
546 821
570 821
632 821
650 821
679 821
717 821
734 821
738 821
739 821
779 821
789 821
821 825
821 833
821 986
60 952
107 952
136 952
230 952
290 952
441 952
454 952
508 952
586 952
605 952
810 952
902 952
951 952
33 972
70 972
110 972
182 972
199 972
261 972
476 972
622 972
657 972
682 972
734 972
775 972
807 972
862 972
881 972
894 972
919 972
948 972
7 91
7 182
7 286
7 390
7 454
7 483
7 486
7 670
7 696
7 699
7 703
7 771
7 792
7 834
7 887
7 896
7 976
91 113
91 133
91 201
91 202
91 244
91 282
91 305
91 307
91 400
91 460
91 492
91 636
91 646
91 669
91 673
91 674
91 744
91 749
91 751
91 794
91 813
91 829
91 831
91 908
15 182
92 182
112 182
119 182
148 182
182 208
182 282
182 293
182 423
182 514
182 523
182 547
182 625
182 736
182 778
182 843
182 940
182 943
182 944
182 959
8 286
47 286
62 286
90 286
121 286
208 286
236 286
286 294
286 398
286 447
286 492
286 506
286 594
286 598
286 609
286 622
286 636
286 645
286 671
286 703
286 765
286 822
286 825
286 836
286 840
286 844
286 906
286 953
286 957
169 390
236 390
290 390
307 390
311 390
318 390
382 390
390 397
390 449
390 471
390 514
390 534
390 674
390 731
390 906
15 454
38 454
118 454
144 454
149 454
185 454
209 454
238 454
299 454
310 454
369 454
378 454
448 454
454 461
454 551
454 651
454 754
454 767
454 798
454 854
44 483
90 483
162 483
167 483
222 483
340 483
345 483
483 612
483 621
483 647
483 842
483 845
483 923
483 933
483 940
483 985
31 486
44 486
73 486
154 486
171 486
207 486
366 486
369 486
377 486
397 486
403 486
486 674
486 731
486 751
486 837
486 891
28 670
48 670
139 670
145 670
155 670
215 670
313 670
380 670
396 670
400 670
461 670
477 670
512 670
667 670
670 673
670 801
670 805
670 832
670 846
670 911
670 945
670 980
32 696
36 696
144 696
159 696
335 696
380 696
396 696
405 696
426 696
427 696
531 696
577 696
641 696
687 696
696 701
696 805
696 845
696 857
696 925
696 946
696 951
17 699
116 699
170 699
187 699
325 699
330 699
649 699
650 699
657 699
699 825
699 993
36 703
55 703
104 703
119 703
134 703
232 703
240 703
411 703
476 703
499 703
500 703
504 703
537 703
671 703
688 703
703 785
703 793
703 799
703 832
703 846
703 869
703 873
703 892
703 922
703 946
703 978
703 984
12 771
16 771
155 771
172 771
226 771
245 771
433 771
461 771
513 771
533 771
636 771
771 884
771 903
89 792
142 792
200 792
222 792
334 792
335 792
557 792
608 792
615 792
692 792
709 792
778 792
792 810
792 822
792 903
792 936
20 834
78 834
107 834
130 834
188 834
352 834
395 834
463 834
499 834
619 834
677 834
713 834
714 834
719 834
773 834
807 834
834 851
834 865
834 908
54 887
284 887
329 887
406 887
407 887
474 887
506 887
611 887
621 887
677 887
685 887
701 887
728 887
763 887
887 938
207 896
270 896
303 896
389 896
412 896
510 896
545 896
574 896
591 896
600 896
661 896
766 896
838 896
896 905
896 955
896 969
86 976
130 976
133 976
165 976
419 976
423 976
429 976
504 976
506 976
551 976
789 976
811 976
823 976
8 45
8 67
8 116
8 227
8 371
8 427
8 441
8 465
8 491
8 711
8 799
8 865
8 964
8 988
29 45
45 72
45 83
45 144
45 151
45 226
45 463
45 489
45 510
45 525
45 528
45 533
45 601
45 755
45 763
45 783
45 858
45 867
45 957
45 964
45 974
45 989
45 1000
21 67
63 67
64 67
67 79
67 189
67 247
67 584
67 593
67 666
67 695
67 795
67 882
67 911
67 964
12 116
35 116
51 116
55 116
79 116
95 116
116 154
116 256
116 268
116 324
116 547
116 559
116 581
116 596
116 642
116 675
116 687
116 728
116 937
116 996
120 227
195 227
227 242
227 295
227 326
227 360
227 395
227 401
227 418
227 457
227 480
227 579
227 776
227 830
227 954
39 371
46 371
102 371
135 371
157 371
180 371
185 371
204 371
214 371
271 371
289 371
371 476
371 541
371 569
371 646
371 763
371 766
371 857
371 910
371 948
371 970
371 981
27 427
55 427
58 427
141 427
175 427
222 427
268 427
317 427
327 427
405 427
427 445
427 456
427 517
427 547
427 618
427 674
427 801
427 856
427 876
427 882
427 890
427 934
19 441
39 441
349 441
363 441
441 464
441 575
441 718
441 743
441 820
441 927
441 943
441 944
19 465
108 465
191 465
264 465
282 465
283 465
344 465
347 465
465 502
465 592
465 611
465 615
465 624
465 643
465 709
465 797
465 799
465 844
465 946
465 991
194 491
202 491
213 491
245 491
290 491
298 491
334 491
341 491
417 491
491 496
491 504
491 638
491 644
491 669
491 744
491 778
491 851
491 853
491 902
491 905
491 974
27 711
107 711
168 711
228 711
355 711
444 711
472 711
645 711
711 755
711 791
711 878
60 799
101 799
171 799
300 799
307 799
313 799
318 799
433 799
453 799
464 799
551 799
559 799
581 799
582 799
635 799
676 799
758 799
799 826
799 853
799 933
799 974
50 865
130 865
152 865
162 865
193 865
208 865
235 865
250 865
339 865
546 865
765 865
791 865
849 865
27 964
42 964
46 964
123 964
164 964
209 964
231 964
298 964
305 964
324 964
338 964
368 964
373 964
466 964
624 964
631 964
839 964
851 964
919 964
927 964
930 964
950 964
141 988
144 988
193 988
199 988
366 988
500 988
570 988
612 988
632 988
692 988
795 988
822 988
841 988
855 988
880 988
903 988
937 988
9 44
9 69
9 115
9 117
9 171
9 190
9 313
9 391
9 422
9 447
9 450
9 520
9 541
9 592
9 596
9 636
9 646
9 649
9 664
9 667
9 671
9 733
9 753
9 755
9 780
9 842
9 950
44 51
44 106
44 187
44 196
44 236
44 295
44 305
44 314
44 328
44 336
44 413
44 452
44 607
44 717
44 736
44 796
44 813
44 815
44 853
44 888
44 939
44 951
46 69
69 246
69 318
69 383
69 528
69 531
69 541
69 561
69 585
69 594
69 688
69 719
69 720
69 728
69 783
69 826
69 839
69 935
32 115
115 270
115 279
115 282
115 311
115 350
115 445
115 462
115 561
115 566
115 677
115 681
115 730
115 752
115 966
115 986
117 215
117 299
117 353
117 449
117 477
117 490
117 501
117 522
117 540
117 550
117 662
117 709
117 725
117 846
117 902
117 935
39 171
83 171
92 171
100 171
171 216
171 503
171 561
171 588
171 592
171 668
171 730
171 820
171 984
11 190
16 190
21 190
28 190
190 229
190 279
190 353
190 436
190 588
190 594
190 595
190 619
190 662
190 671
190 684
190 783
190 798
190 840
190 858
190 870
190 904
35 313
110 313
121 313
191 313
245 313
313 331
313 337
313 352
313 373
313 386
313 396
313 412
313 414
313 492
313 498
313 572
313 639
313 750
313 811
313 912
48 391
228 391
391 408
391 754
149 422
202 422
259 422
271 422
282 422
422 502
422 566
422 654
422 660
422 671
422 687
422 745
422 775
422 793
422 805
422 826
422 836
422 899
422 932
422 975
422 980
155 447
231 447
398 447
403 447
419 447
447 469
447 539
447 545
447 639
447 663
447 807
447 856
447 871
447 963
447 970
14 450
23 450
92 450
135 450
202 450
278 450
285 450
331 450
341 450
411 450
419 450
432 450
450 504
450 765
450 803
450 814
450 893
450 961
40 520
68 520
122 520
141 520
180 520
444 520
474 520
520 540
520 541
520 758
520 793
520 878
520 895
520 967
520 1000
105 541
122 541
202 541
237 541
536 541
541 638
541 757
541 810
541 823
541 840
541 893
541 925
541 961
541 986
149 592
193 592
217 592
375 592
423 592
469 592
477 592
592 639
592 737
592 754
592 822
592 825
66 596
85 596
88 596
142 596
252 596
281 596
349 596
351 596
488 596
530 596
568 596
596 749
596 768
596 773
596 858
596 905
596 908
596 921
596 963
170 636
186 636
270 636
280 636
354 636
412 636
453 636
566 636
581 636
636 766
636 770
636 798
636 805
636 809
636 910
55 646
68 646
70 646
265 646
289 646
326 646
331 646
403 646
555 646
600 646
619 646
646 693
646 729
646 744
646 773
646 801
646 846
646 936
646 970
646 979
46 649
47 649
98 649
177 649
379 649
412 649
492 649
649 700
649 718
649 806
649 853
649 872
649 874
649 900
649 919
649 961
224 664
290 664
403 664
438 664
546 664
581 664
664 760
664 880
664 960
40 667
53 667
153 667
161 667
354 667
456 667
472 667
488 667
582 667
601 667
611 667
667 754
667 791
667 830
667 856
667 947
667 955
104 671
150 671
209 671
263 671
290 671
292 671
351 671
394 671
540 671
565 671
660 671
671 674
671 719
671 796
671 815
671 818
671 850
671 880
251 733
463 733
496 733
509 733
622 733
645 733
651 733
674 733
733 753
733 754
733 769
733 817
733 851
733 884
733 885
733 961
733 970
73 753
98 753
107 753
163 753
207 753
466 753
471 753
579 753
618 753
654 753
665 753
674 753
739 753
752 753
753 904
753 999
38 755
55 755
137 755
207 755
294 755
305 755
365 755
466 755
669 755
755 836
755 855
755 945
755 989
33 780
71 780
141 780
157 780
159 780
217 780
252 780
327 780
330 780
344 780
398 780
432 780
684 780
778 780
780 806
780 913
27 842
474 842
489 842
502 842
689 842
712 842
842 926
94 950
137 950
191 950
241 950
320 950
463 950
496 950
574 950
762 950
840 950
10 204
10 293
10 370
10 697
10 702
10 816
10 995
16 204
59 204
61 204
70 204
90 204
130 204
139 204
169 204
186 204
204 242
204 256
204 274
204 327
204 334
204 348
204 410
204 466
204 557
204 561
204 582
204 706
204 743
204 876
204 882
204 981
85 293
107 293
272 293
293 321
293 364
293 442
293 602
293 605
293 747
293 818
293 852
293 977
293 979
23 370
126 370
154 370
256 370
275 370
370 407
370 426
370 433
370 461
370 463
370 516
370 550
370 607
370 608
370 639
370 679
231 697
473 697
479 697
523 697
557 697
579 697
697 716
697 973
23 702
77 702
86 702
128 702
138 702
262 702
305 702
312 702
435 702
436 702
492 702
514 702
535 702
702 706
23 816
26 816
92 816
118 816
121 816
139 816
248 816
314 816
325 816
340 816
361 816
384 816
461 816
479 816
740 816
816 825
816 886
816 907
816 951
816 957
816 970
19 995
109 995
251 995
336 995
339 995
436 995
473 995
488 995
517 995
623 995
645 995
758 995
817 995
963 995
973 995
11 148
11 324
11 328
11 359
11 484
11 515
11 595
11 712
11 722
11 881
11 891
11 911
11 921
83 148
144 148
148 230
148 266
148 463
148 559
148 595
148 604
148 641
148 654
148 717
148 796
148 814
148 942
148 947
148 978
33 324
64 324
231 324
270 324
290 324
318 324
324 451
324 496
324 540
324 624
324 641
324 665
324 772
324 900
324 925
196 328
328 416
328 487
328 616
328 650
328 878
328 940
79 359
109 359
113 359
211 359
250 359
359 373
359 443
359 516
359 551
359 582
359 618
359 638
359 719
359 822
359 930
207 484
256 484
265 484
290 484
352 484
484 488
484 497
484 604
484 624
484 638
484 677
484 808
484 852
484 894
484 926
25 515
137 515
154 515
178 515
240 515
267 515
270 515
272 515
292 515
305 515
336 515
344 515
358 515
413 515
495 515
509 515
515 529
515 539
515 595
515 665
515 692
515 767
515 882
515 901
515 909
515 951
94 595
144 595
146 595
177 595
285 595
321 595
477 595
502 595
535 595
549 595
595 644
595 645
595 654
595 730
595 880
595 904
595 945
595 953
32 712
46 712
125 712
221 712
254 712
338 712
358 712
413 712
496 712
537 712
607 712
659 712
712 785
712 794
712 869
712 872
712 999
106 722
180 722
185 722
203 722
262 722
309 722
347 722
407 722
416 722
501 722
506 722
574 722
593 722
609 722
611 722
621 722
693 722
707 722
722 864
722 946
722 974
71 881
471 881
523 881
640 881
805 881
881 944
48 891
50 891
58 891
66 891
128 891
160 891
267 891
336 891
339 891
383 891
555 891
565 891
650 891
754 891
62 911
100 911
144 911
155 911
192 911
217 911
283 911
362 911
364 911
406 911
521 911
543 911
554 911
608 911
745 911
911 968
28 921
217 921
251 921
266 921
321 921
395 921
430 921
533 921
566 921
629 921
634 921
693 921
731 921
763 921
767 921
826 921
851 921
906 921
921 957
12 66
12 149
12 164
12 221
12 271
12 429
12 471
12 526
12 574
12 581
12 600
12 650
12 757
12 795
12 870
48 66
56 66
60 66
66 141
66 174
66 283
66 284
66 565
66 610
66 611
66 617
66 815
66 884
66 899
66 981
20 149
149 247
149 352
149 453
149 505
149 551
149 677
149 705
149 767
149 878
21 164
42 164
109 164
164 175
164 206
164 247
164 279
164 311
164 352
164 382
164 389
164 398
164 579
164 601
164 618
164 685
164 898
164 909
164 951
164 956
164 957
36 221
146 221
159 221
221 407
221 434
221 443
221 763
221 810
221 846
221 868
221 871
221 929
221 970
134 271
205 271
268 271
271 298
271 312
271 334
271 354
271 578
271 611
271 644
271 747
271 762
271 851
296 429
298 429
329 429
331 429
338 429
342 429
345 429
429 440
429 534
429 554
429 566
429 567
429 633
429 785
429 827
429 851
429 857
429 885
429 914
33 471
112 471
125 471
162 471
177 471
209 471
217 471
228 471
261 471
292 471
322 471
377 471
406 471
471 516
471 528
471 663
471 798
471 813
471 873
471 980
471 984
471 999
14 526
143 526
274 526
342 526
362 526
455 526
459 526
522 526
526 814
42 574
114 574
273 574
369 574
385 574
424 574
494 574
574 591
574 686
574 714
129 581
226 581
239 581
436 581
452 581
477 581
581 604
581 659
581 736
581 788
20 600
46 600
77 600
253 600
297 600
340 600
365 600
373 600
464 600
500 600
501 600
509 600
567 600
600 645
600 652
600 660
600 788
600 796
600 808
600 876
600 905
600 910
166 650
351 650
381 650
562 650
605 650
641 650
650 844
650 938
650 939
650 946
650 948
27 757
70 757
170 757
176 757
191 757
234 757
238 757
317 757
373 757
435 757
438 757
523 757
604 757
611 757
635 757
644 757
695 757
752 757
757 849
757 967
757 969
757 989
30 795
40 795
43 795
106 795
159 795
188 795
250 795
260 795
265 795
319 795
321 795
338 795
488 795
622 795
635 795
644 795
709 795
713 795
110 870
113 870
118 870
173 870
177 870
329 870
413 870
418 870
537 870
597 870
612 870
643 870
870 895
870 989
13 130
13 203
13 254
13 339
13 480
13 556
13 612
13 737
13 784
13 832
13 847
13 853
13 886
13 929
13 994
13 1000
38 130
64 130
88 130
130 179
130 188
130 217
130 272
130 297
130 339
130 368
130 419
130 543
130 586
130 639
130 707
130 709
130 717
130 731
130 783
130 785
130 786
130 856
130 936
130 938
130 984
51 203
135 203
161 203
167 203
203 235
203 267
203 290
203 332
203 406
203 497
203 563
203 629
203 794
203 820
203 889
61 254
153 254
208 254
254 386
254 455
254 457
254 528
254 647
254 687
254 844
254 847
254 876
254 971
17 339
143 339
250 339
329 339
339 460
339 516
339 540
339 632
339 740
339 811
339 843
339 850
339 871
51 480
172 480
404 480
476 480
480 522
480 534
480 663
480 688
480 777
480 847
480 866
480 871
480 927
25 556
36 556
73 556
174 556
241 556
297 556
320 556
407 556
492 556
533 556
554 556
556 621
556 652
556 789
556 800
556 824
556 912
556 969
118 612
126 612
194 612
233 612
420 612
521 612
612 682
612 689
612 692
612 725
612 762
612 814
612 857
612 943
193 737
569 737
623 737
737 826
737 860
737 919
30 784
126 784
133 784
174 784
188 784
209 784
310 784
386 784
404 784
416 784
531 784
543 784
588 784
605 784
700 784
748 784
784 959
784 974
784 979
33 832
157 832
240 832
264 832
270 832
300 832
424 832
444 832
453 832
459 832
540 832
759 832
832 926
832 978
101 847
162 847
169 847
341 847
418 847
456 847
639 847
652 847
736 847
772 847
847 904
847 929
96 853
128 853
185 853
225 853
273 853
289 853
318 853
481 853
701 853
853 885
853 922
853 1000
83 886
85 886
262 886
398 886
477 886
575 886
591 886
654 886
705 886
798 886
849 886
19 929
185 929
187 929
219 929
238 929
250 929
289 929
338 929
382 929
435 929
472 929
607 929
685 929
716 929
744 929
849 929
929 955
929 979
25 994
53 994
64 994
143 994
183 994
235 994
292 994
381 994
382 994
384 994
420 994
477 994
587 994
632 994
663 994
677 994
682 994
857 994
111 1000
128 1000
186 1000
240 1000
289 1000
330 1000
368 1000
488 1000
494 1000
558 1000
573 1000
729 1000
993 1000
14 47
14 106
14 122
14 170
14 210
14 215
14 226
14 384
14 419
14 442
14 588
14 617
14 714
14 855
14 912
14 956
14 962
47 120
47 123
47 176
47 220
47 263
47 473
47 591
47 607
47 619
47 685
25 106
106 137
106 216
106 250
106 331
106 434
106 537
106 573
106 585
106 657
106 785
106 841
106 843
106 930
106 991
78 122
122 245
122 285
122 295
122 325
122 349
122 445
122 622
122 751
122 862
122 864
122 926
122 977
122 998
55 170
112 170
160 170
170 214
170 300
170 327
170 503
123 210
144 210
161 210
210 213
210 237
210 260
210 261
210 285
210 333
210 363
210 366
210 398
210 409
210 460
210 564
210 710
210 745
210 841
210 889
210 892
210 894
210 912
26 215
33 215
118 215
129 215
215 239
215 473
215 545
215 607
215 820
215 850
215 938
215 986
43 226
80 226
167 226
206 226
224 226
226 283
226 406
226 412
226 500
226 535
226 557
226 564
226 677
226 698
226 814
226 838
226 866
17 384
70 384
100 384
159 384
333 384
384 487
384 535
384 632
384 635
384 731
384 770
384 874
384 954
384 996
384 998
17 419
23 419
61 419
209 419
247 419
274 419
314 419
419 452
419 490
419 504
419 525
419 579
419 593
419 608
419 640
419 735
419 783
419 814
419 904
419 914
419 919
25 442
213 442
256 442
261 442
311 442
394 442
424 442
442 462
442 549
442 641
442 658
442 693
442 807
442 818
442 827
442 854
442 916
442 934
442 948
19 588
21 588
62 588
162 588
199 588
268 588
272 588
436 588
496 588
568 588
588 618
588 625
588 644
588 719
588 766
588 811
588 850
588 914
51 617
119 617
141 617
372 617
455 617
506 617
508 617
593 617
617 643
617 645
617 807
617 810
617 839
617 878
617 923
617 925
617 996
79 714
108 714
132 714
260 714
325 714
363 714
368 714
528 714
622 714
714 738
714 825
714 873
714 883
714 899
714 917
714 959
714 999
32 855
83 855
110 855
150 855
165 855
200 855
205 855
320 855
347 855
360 855
474 855
855 940
855 969
109 912
139 912
187 912
200 912
211 912
261 912
280 912
310 912
504 912
522 912
613 912
867 912
912 963
912 973
46 956
121 956
267 956
285 956
353 956
487 956
657 956
751 956
759 956
831 956
925 956
956 997
19 962
90 962
157 962
165 962
193 962
216 962
234 962
380 962
385 962
561 962
608 962
640 962
668 962
725 962
814 962
854 962
894 962
902 962
15 54
15 163
15 194
15 200
15 379
15 401
15 523
15 614
15 736
15 754
15 808
15 859
15 907
15 991
30 54
54 112
54 118
54 121
54 126
54 318
54 376
54 474
54 498
54 536
54 551
54 778
54 781
54 809
54 835
54 838
54 960
54 977
54 996
71 163
111 163
152 163
157 163
160 163
163 192
163 231
163 409
163 433
163 663
163 728
163 892
163 981
51 194
89 194
160 194
194 224
194 274
194 306
194 453
194 461
194 495
194 521
194 559
194 597
194 598
194 677
194 736
194 933
194 966
194 986
169 200
180 200
200 236
200 424
200 455
200 529
200 607
200 613
200 706
200 789
200 790
200 814
200 899
68 379
252 379
280 379
310 379
379 386
379 488
379 679
379 750
379 754
379 869
379 895
379 978
31 401
126 401
246 401
360 401
386 401
401 611
401 687
401 713
401 719
401 751
401 878
77 523
141 523
205 523
252 523
354 523
372 523
523 555
523 632
523 762
523 915
523 954
523 978
268 614
310 614
353 614
474 614
563 614
614 689
614 758
614 765
614 766
614 878
614 931
76 736
240 736
296 736
306 736
307 736
340 736
383 736
540 736
736 750
736 772
736 820
736 845
736 966
32 754
36 754
277 754
332 754
358 754
412 754
562 754
594 754
608 754
641 754
728 754
732 754
754 769
754 883
754 903
754 916
17 808
39 808
62 808
133 808
135 808
166 808
209 808
238 808
299 808
426 808
631 808
660 808
743 808
759 808
798 808
238 859
272 859
387 859
417 859
488 859
490 859
611 859
631 859
644 859
683 859
720 859
723 859
729 859
859 940
154 907
317 907
406 907
564 907
566 907
638 907
673 907
730 907
750 907
752 907
803 907
907 913
907 977
33 991
128 991
150 991
153 991
156 991
185 991
195 991
259 991
266 991
340 991
372 991
412 991
413 991
462 991
481 991
512 991
521 991
693 991
777 991
812 991
935 991
16 51
16 82
16 100
16 145
16 222
16 338
16 477
16 500
16 604
16 657
16 695
16 732
16 908
16 968
23 51
51 222
51 240
51 261
51 268
51 279
51 294
51 299
51 325
51 372
51 398
51 474
51 543
51 621
51 769
51 811
51 833
51 860
51 981
51 985
51 992
19 82
82 118
82 238
82 517
82 611
82 762
82 811
82 823
82 835
82 852
82 936
100 105
100 160
100 173
100 224
100 372
100 400
100 444
100 563
100 565
100 729
100 781
100 830
100 852
100 854
100 878
100 880
100 922
100 979
36 145
145 181
145 398
145 472
145 549
145 554
145 599
145 658
145 740
145 745
145 750
145 751
145 830
145 869
145 955
17 222
26 222
36 222
222 292
222 299
222 387
222 394
222 410
222 421
222 434
222 497
222 510
222 685
222 731
222 875
239 338
303 338
327 338
338 403
338 443
338 494
338 527
338 597
338 659
338 822
338 852
338 878
33 477
181 477
186 477
219 477
350 477
477 510
477 516
477 605
477 621
477 692
477 820
477 874
477 943
477 944
477 945
477 954
477 999
156 500
185 500
230 500
238 500
268 500
335 500
364 500
368 500
383 500
494 500
500 517
500 645
500 829
500 871
500 930
500 978
20 604
113 604
365 604
416 604
417 604
497 604
509 604
604 621
604 638
604 658
604 794
604 818
604 845
604 857
604 934
604 945
604 955
604 960
48 657
77 657
105 657
128 657
139 657
314 657
615 657
657 758
657 806
657 884
657 913
23 695
214 695
234 695
263 695
294 695
341 695
368 695
468 695
479 695
496 695
568 695
570 695
644 695
695 747
695 800
695 805
695 851
695 903
695 980
36 732
101 732
172 732
206 732
351 732
383 732
440 732
459 732
533 732
570 732
659 732
666 732
683 732
732 845
732 858
732 922
732 923
732 965
88 908
231 908
256 908
312 908
333 908
342 908
408 908
448 908
473 908
496 908
599 908
641 908
688 908
706 908
710 908
735 908
745 908
751 908
760 908
837 908
849 908
874 908
908 934
90 968
133 968
157 968
350 968
413 968
418 968
453 968
589 968
591 968
608 968
630 968
752 968
843 968
906 968
17 31
17 60
17 95
17 113
17 160
17 232
17 322
17 333
17 334
17 337
17 354
17 438
17 585
17 602
17 624
17 656
17 669
17 734
17 790
17 812
17 910
31 35
31 107
31 114
31 128
31 207
31 219
31 241
31 321
31 361
31 410
31 629
31 653
31 660
31 707
31 796
31 999
43 60
60 189
60 225
60 321
60 685
60 985
46 95
92 95
95 125
95 146
95 150
95 180
95 372
95 385
95 394
95 537
95 609
95 717
95 966
21 113
97 113
113 231
113 284
113 307
113 354
113 395
113 417
113 462
113 647
113 658
113 762
113 829
113 851
113 919
113 948
113 973
25 160
43 160
71 160
137 160
160 195
160 238
160 281
160 373
160 405
160 449
160 528
160 586
160 661
160 675
160 718
160 723
160 729
160 869
160 910
86 232
101 232
142 232
232 239
232 248
232 321
232 322
232 378
232 396
232 406
232 438
232 495
232 549
232 570
232 770
232 820
232 833
232 846
108 322
140 322
153 322
300 322
322 380
322 457
322 597
322 653
322 659
322 668
322 803
322 850
322 856
322 970
50 333
151 333
173 333
289 333
333 413
333 618
333 810
333 889
333 923
25 334
27 334
63 334
71 334
76 334
135 334
268 334
297 334
334 378
334 452
334 490
334 629
334 645
334 734
334 845
334 872
64 337
260 337
292 337
326 337
337 385
337 487
337 572
337 705
337 738
337 812
337 817
337 824
337 884
337 934
337 996
33 354
77 354
179 354
185 354
188 354
191 354
251 354
332 354
354 360
354 393
354 522
354 565
354 582
354 624
354 718
354 723
354 748
72 438
183 438
195 438
437 438
438 440
438 443
438 561
438 661
438 770
438 993
86 585
90 585
177 585
331 585
382 585
394 585
563 585
585 589
585 653
585 807
119 602
139 602
275 602
297 602
492 602
564 602
602 735
602 745
602 789
602 866
602 904
188 624
206 624
208 624
280 624
347 624
358 624
440 624
624 835
624 895
624 967
86 656
132 656
167 656
180 656
351 656
361 656
363 656
451 656
456 656
479 656
564 656
656 674
656 981
656 997
38 669
93 669
110 669
123 669
234 669
236 669
281 669
284 669
348 669
361 669
387 669
437 669
474 669
517 669
521 669
630 669
665 669
669 866
669 917
669 980
72 734
88 734
140 734
151 734
168 734
307 734
344 734
531 734
599 734
652 734
698 734
734 752
734 803
734 846
734 892
25 790
43 790
64 790
76 790
114 790
137 790
393 790
416 790
459 790
514 790
706 790
790 851
790 930
790 953
790 955
790 961
790 985
93 812
178 812
209 812
262 812
284 812
351 812
394 812
437 812
534 812
641 812
739 812
798 812
812 904
139 910
489 910
496 910
506 910
910 923
910 967
910 996
48 58
58 62
58 157
58 267
58 305
58 377
58 533
58 582
58 626
58 857
58 873
58 874
42 135
81 135
135 193
135 228
135 362
135 435
135 463
135 495
135 642
135 717
135 774
135 943
135 965
135 974
135 979
118 178
178 186
178 352
178 433
178 448
178 468
178 481
178 626
178 647
32 211
166 211
211 245
211 248
211 259
211 351
211 369
211 445
211 473
211 510
211 633
211 709
211 710
211 836
211 856
211 966
143 217
217 249
217 344
217 405
217 407
217 461
217 630
217 660
217 827
217 831
217 868
217 992
181 256
240 256
256 283
256 404
256 463
256 686
256 730
256 788
48 353
146 353
199 353
340 353
342 353
353 396
353 412
353 417
353 418
353 448
353 488
353 496
353 501
353 578
353 645
353 743
353 760
353 778
353 798
353 916
189 420
196 420
234 420
332 420
336 420
420 550
420 631
420 681
420 682
420 890
141 568
181 568
406 568
424 568
551 568
568 626
568 632
568 642
568 878
568 882
568 922
568 927
568 935
568 949
68 613
110 613
297 613
385 613
411 613
433 613
577 613
613 632
613 651
613 677
613 796
613 831
613 875
613 884
613 885
613 899
70 687
185 687
284 687
300 687
329 687
404 687
472 687
601 687
640 687
674 687
687 830
687 876
687 959
687 970
687 977
687 997
90 776
144 776
175 776
249 776
314 776
340 776
411 776
482 776
642 776
644 776
673 776
698 776
744 776
776 788
776 858
776 925
776 985
90 852
94 852
139 852
195 852
199 852
368 852
404 852
499 852
522 852
645 852
751 852
765 852
768 852
852 858
852 862
852 878
852 905
101 856
128 856
246 856
268 856
280 856
304 856
306 856
355 856
380 856
521 856
567 856
573 856
586 856
743 856
856 979
98 916
101 916
151 916
158 916
173 916
209 916
266 916
403 916
461 916
540 916
555 916
635 916
744 916
851 916
860 916
875 916
916 954
19 935
88 935
90 935
157 935
319 935
630 935
683 935
772 935
804 935
848 935
893 935
19 25
19 80
19 143
19 229
19 249
19 424
19 502
19 569
19 760
19 785
19 885
19 918
19 990
25 40
25 206
25 311
25 400
25 525
25 666
25 679
25 717
25 880
25 883
25 931
80 105
80 158
80 173
80 239
80 247
80 310
80 312
80 366
80 426
80 535
80 537
80 544
80 565
80 676
80 759
80 796
80 814
80 894
80 989
64 143
93 143
108 143
110 143
143 180
143 250
143 345
143 351
143 406
143 410
143 433
143 476
143 479
143 509
143 517
143 693
143 794
143 854
143 914
143 945
143 975
35 229
53 229
189 229
229 251
229 404
229 489
229 490
229 641
229 674
229 684
229 945
84 249
150 249
214 249
249 298
249 309
249 406
249 409
249 453
249 456
249 533
249 668
249 719
249 747
249 770
249 840
33 424
35 424
238 424
270 424
372 424
421 424
424 481
424 509
424 517
424 740
424 804
424 835
424 981
56 502
73 502
105 502
311 502
335 502
364 502
400 502
433 502
466 502
502 555
502 625
502 701
502 731
502 789
502 823
502 938
502 978
502 993
29 569
39 569
199 569
244 569
260 569
459 569
546 569
569 608
569 619
569 720
569 794
569 889
569 942
569 954
166 760
172 760
180 760
193 760
396 760
410 760
413 760
540 760
616 760
625 760
630 760
673 760
760 769
760 794
760 806
760 898
760 992
70 785
111 785
376 785
517 785
582 785
785 833
785 848
785 948
46 885
104 885
146 885
260 885
265 885
296 885
311 885
584 885
621 885
858 885
864 885
885 890
885 927
885 939
49 918
155 918
236 918
248 918
277 918
363 918
409 918
549 918
762 918
774 918
61 990
377 990
474 990
497 990
597 990
730 990
797 990
899 990
919 990
965 990
20 32
20 185
20 209
20 349
20 451
20 468
20 601
20 621
20 797
20 818
20 998
32 81
32 98
32 244
32 252
32 349
32 385
32 490
32 707
32 769
32 791
32 843
32 957
151 185
185 206
185 235
185 281
185 319
185 365
185 382
185 512
185 560
185 673
185 783
185 822
185 845
185 989
141 209
156 209
209 263
209 510
209 558
209 584
209 591
209 811
209 899
209 959
43 349
231 349
251 349
349 409
349 508
349 510
349 534
349 609
349 779
349 839
349 854
349 901
349 974
56 451
88 451
219 451
345 451
435 451
451 464
451 490
451 536
451 643
451 781
451 803
129 468
208 468
230 468
253 468
305 468
368 468
386 468
449 468
452 468
468 535
468 558
468 599
468 728
468 992
119 601
136 601
161 601
165 601
166 601
231 601
275 601
362 601
557 601
601 858
601 874
26 621
176 621
183 621
231 621
268 621
270 621
274 621
404 621
464 621
567 621
582 621
621 634
621 654
621 660
621 686
621 720
621 803
621 806
621 822
621 944
126 797
231 797
260 797
285 797
496 797
773 797
797 860
797 904
797 967
245 818
317 818
396 818
414 818
608 818
611 818
809 818
818 903
30 998
63 998
76 998
242 998
290 998
361 998
368 998
444 998
472 998
750 998
841 998
851 998
900 998
906 998
965 998
997 998
21 33
21 162
21 165
21 208
21 320
21 360
21 527
21 570
21 706
21 710
33 199
33 250
33 408
33 411
33 516
33 566
33 745
33 880
27 162
73 162
84 162
86 162
162 275
162 300
162 387
162 456
162 462
162 464
162 607
162 623
162 719
165 174
165 345
165 386
165 413
165 456
165 634
165 718
165 798
165 878
165 899
165 942
56 208
125 208
208 369
208 745
208 768
208 788
167 320
300 320
320 492
320 499
320 558
320 578
320 641
320 709
320 837
71 360
151 360
266 360
270 360
360 368
360 501
360 561
360 609
360 676
360 805
360 851
360 878
96 527
306 527
340 527
527 555
527 564
527 653
527 773
527 810
527 814
527 874
527 953
527 981
527 985
192 570
377 570
431 570
570 706
570 813
90 706
120 706
179 706
205 706
380 706
387 706
464 706
505 706
506 706
513 706
564 706
594 706
653 706
706 827
706 848
71 710
93 710
132 710
231 710
239 710
327 710
350 710
403 710
460 710
633 710
634 710
644 710
710 762
710 772
710 960
710 997
29 90
29 92
29 96
29 142
29 265
29 361
29 368
29 387
29 413
29 457
29 504
29 587
29 841
29 975
34 169
34 279
34 325
34 393
34 473
34 565
34 573
34 622
34 679
34 735
34 835
23 142
63 142
142 213
142 219
142 261
142 357
142 448
142 453
142 490
142 509
142 540
142 619
142 663
142 668
142 689
142 692
142 933
43 168
59 168
62 168
68 168
168 238
168 246
168 283
168 296
168 373
168 403
168 409
168 416
168 455
168 496
168 647
168 740
168 750
168 906
168 925
46 187
62 187
96 187
186 187
187 206
187 251
187 263
187 372
187 414
187 448
187 462
187 549
187 663
187 848
187 869
187 888
187 954
187 975
78 259
121 259
180 259
259 281
259 358
259 361
259 389
259 430
259 440
259 482
259 534
259 806
259 849
259 876
259 906
250 267
267 365
267 488
267 489
267 547
267 587
267 616
267 633
267 693
267 825
267 868
267 936
267 944
267 949
267 960
140 440
280 440
350 440
440 498
440 615
440 652
440 913
440 939
440 981
48 503
89 503
155 503
303 503
409 503
432 503
462 503
503 558
503 564
503 605
503 728
503 978
56 635
78 635
188 635
191 635
369 635
410 635
531 635
567 635
635 642
635 675
635 844
635 850
635 969
635 975
635 989
635 999
72 740
78 740
132 740
183 740
273 740
336 740
386 740
409 740
723 740
740 763
740 874
740 933
76 840
81 840
161 840
189 840
192 840
248 840
290 840
298 840
413 840
625 840
767 840
840 890
840 892
840 903
840 975
840 997
27 843
159 843
167 843
228 843
319 843
490 843
522 843
587 843
631 843
638 843
652 843
752 843
830 843
843 867
843 923
843 974
76 913
84 913
177 913
189 913
244 913
309 913
377 913
421 913
489 913
492 913
674 913
836 913
913 980
27 953
61 953
119 953
216 953
225 953
298 953
305 953
351 953
363 953
490 953
586 953
618 953
633 953
750 953
765 953
953 966
49 980
92 980
96 980
133 980
327 980
357 980
365 980
461 980
528 980
536 980
597 980
739 980
794 980
827 980
849 980
873 980
23 42
23 169
23 175
23 206
23 525
23 529
23 629
23 644
23 663
23 674
23 685
23 747
23 767
23 794
23 901
23 934
42 70
42 179
42 295
42 326
42 393
42 560
42 634
42 713
42 767
42 815
42 838
76 169
169 225
169 280
169 289
169 381
169 423
169 539
169 641
169 676
169 800
169 801
169 943
76 175
175 180
175 228
175 239
175 298
175 426
175 561
175 652
175 779
175 851
92 206
206 389
206 725
206 735
206 803
206 813
206 979
83 525
108 525
183 525
262 525
305 525
350 525
385 525
394 525
525 575
525 610
525 659
525 772
525 791
525 822
525 839
525 898
525 940
278 529
362 529
504 529
529 530
529 658
529 889
529 892
529 924
167 629
176 629
341 629
373 629
508 629
597 629
629 639
629 943
159 644
268 644
312 644
644 682
644 730
644 872
644 978
310 663
317 663
375 663
522 663
619 663
633 663
663 674
136 674
153 674
272 674
330 674
347 674
481 674
489 674
605 674
674 682
674 769
674 858
83 685
330 685
376 685
396 685
543 685
634 685
685 778
685 786
685 876
685 882
86 747
133 747
285 747
329 747
352 747
443 747
495 747
546 747
561 747
562 747
747 959
39 767
71 767
83 767
155 767
202 767
263 767
321 767
397 767
407 767
462 767
591 767
630 767
638 767
643 767
666 767
729 767
767 868
767 905
246 794
285 794
446 794
453 794
476 794
559 794
794 933
794 965
156 901
241 901
348 901
416 901
616 901
638 901
647 901
744 901
783 901
899 901
901 954
26 934
186 934
351 934
406 934
630 934
831 934
858 934
867 934
899 934
86 150
86 277
86 292
86 331
86 413
86 743
86 803
86 960
94 158
94 172
94 445
94 455
94 589
94 630
94 749
94 786
94 915
94 948
71 273
98 273
177 273
273 352
273 631
273 796
273 868
273 898
273 974
273 999
129 446
253 446
319 446
344 446
394 446
446 549
446 564
446 572
446 743
446 796
126 449
129 449
181 449
352 449
449 584
449 605
449 618
449 705
449 779
449 869
449 924
449 960
449 971
35 589
53 589
68 589
93 589
125 589
172 589
248 589
351 589
398 589
406 589
530 589
589 634
589 719
589 735
589 869
79 608
174 608
260 608
278 608
283 608
373 608
423 608
461 608
559 608
593 608
608 731
608 738
608 781
608 846
608 862
608 902
608 943
121 660
228 660
361 660
459 660
634 660
647 660
660 810
660 906
660 975
62 705
132 705
139 705
250 705
383 705
409 705
481 705
506 705
539 705
554 705
639 705
679 705
681 705
705 725
705 730
705 806
705 823
705 838
705 892
705 898
705 977
118 725
216 725
312 725
327 725
358 725
575 725
607 725
725 762
50 835
104 835
132 835
233 835
234 835
263 835
272 835
299 835
460 835
514 835
522 835
535 835
634 835
822 835
825 835
835 844
835 889
40 102
40 151
40 156
40 231
40 350
40 375
40 546
40 668
40 898
40 924
84 311
231 311
247 311
265 311
278 311
311 357
311 423
311 436
311 473
311 654
311 805
311 868
311 970
183 400
270 400
281 400
297 400
400 607
400 781
48 666
121 666
128 666
382 666
398 666
409 666
463 666
508 666
666 810
666 844
666 848
666 936
666 984
36 679
289 679
417 679
445 679
549 679
638 679
679 686
679 850
679 860
679 904
89 717
155 717
228 717
284 717
297 717
381 717
421 717
504 717
634 717
717 762
717 895
112 880
230 880
283 880
436 880
463 880
482 880
625 880
749 880
803 880
876 880
68 883
110 883
119 883
341 883
535 883
665 883
745 883
778 883
786 883
796 883
811 883
883 899
883 969
277 931
279 931
321 931
684 931
801 931
805 931
833 931
875 931
931 946
26 76
26 179
26 231
26 233
26 319
26 511
26 513
26 652
26 673
26 723
26 849
76 140
76 192
76 251
76 284
76 310
76 368
76 405
76 506
76 675
76 735
76 777
76 922
76 932
76 939
88 179
101 179
152 179
158 179
179 181
179 319
179 327
179 341
179 530
179 550
179 587
179 625
179 830
179 848
179 923
179 984
79 231
104 231
151 231
231 462
231 505
231 750
231 786
231 836
231 977
62 233
156 233
166 233
233 329
233 365
233 796
233 822
233 892
225 319
275 319
319 372
319 430
319 432
319 770
319 773
319 862
319 922
319 954
61 511
105 511
141 511
192 511
250 511
270 511
299 511
317 511
460 511
464 511
505 511
511 619
268 513
274 513
482 513
513 517
513 572
513 700
513 800
513 915
111 652
121 652
134 652
156 652
213 652
225 652
263 652
264 652
431 652
540 652
652 668
652 698
652 836
652 922
652 965
83 673
289 673
366 673
551 673
609 673
673 692
673 698
673 700
673 779
673 839
673 932
673 947
53 723
123 723
300 723
418 723
474 723
631 723
723 731
723 750
723 774
723 868
723 922
723 974
110 849
140 849
250 849
263 849
307 849
310 849
344 849
575 849
579 849
793 849
820 849
849 969
27 138
27 172
27 240
27 263
27 369
27 460
27 514
27 653
27 772
27 965
84 138
119 138
138 318
138 643
138 693
138 716
138 720
138 735
68 172
93 172
172 260
172 280
172 281
172 282
172 314
172 336
172 497
172 508
172 528
172 651
172 658
172 718
172 957
172 978
172 985
172 986
63 240
108 240
240 504
240 582
240 676
240 682
240 683
240 738
240 772
240 777
240 858
240 942
118 263
247 263
253 263
263 352
263 473
263 572
263 633
263 752
263 759
263 836
263 938
263 963
263 984
263 989
90 369
111 369
235 369
283 369
309 369
369 516
369 533
369 561
369 584
369 607
369 738
369 752
369 814
369 890
369 914
369 977
369 997
63 460
236 460
327 460
434 460
460 587
460 738
460 919
460 981
78 514
101 514
156 514
332 514
509 514
514 682
514 770
514 810
514 936
514 979
71 653
93 653
156 653
266 653
342 653
347 653
395 653
533 653
642 653
653 654
653 729
653 838
653 846
205 772
237 772
306 772
317 772
330 772
345 772
459 772
578 772
579 772
616 772
716 772
731 772
762 772
769 772
772 773
126 965
235 965
292 965
361 965
373 965
455 965
521 965
549 965
622 965
638 965
927 965
28 128
28 139
28 272
28 452
28 522
28 735
28 820
28 858
28 967
39 128
55 128
96 128
128 492
128 539
128 682
128 686
128 750
128 848
128 858
128 938
128 966
128 984
139 236
139 325
139 404
139 615
139 634
139 730
139 820
139 926
139 978
123 272
205 272
272 275
272 434
272 492
272 668
272 791
272 807
272 923
126 452
136 452
137 452
195 452
283 452
433 452
452 493
452 750
452 798
452 836
452 949
77 522
189 522
219 522
304 522
386 522
466 522
522 638
522 682
30 735
109 735
275 735
455 735
492 735
494 735
521 735
546 735
563 735
735 831
83 820
97 820
262 820
395 820
630 820
638 820
676 820
707 820
801 820
820 946
820 973
72 858
167 858
305 858
398 858
489 858
497 858
516 858
558 858
814 858
827 858
858 868
858 906
858 937
858 969
120 967
152 967
282 967
340 967
375 967
435 967
445 967
474 967
567 967
651 967
783 967
851 967
854 967
90 97
90 105
90 156
90 224
90 266
90 280
90 622
90 720
90 801
90 809
62 92
92 134
92 380
92 598
92 850
92 917
36 96
72 96
93 96
96 174
96 309
96 504
96 506
96 557
96 681
96 692
96 809
96 860
96 940
96 974
68 265
265 378
265 413
265 559
265 562
265 587
265 682
265 851
265 878
265 924
265 969
53 361
123 361
133 361
266 361
361 412
361 461
361 488
361 665
361 689
361 815
361 899
361 992
50 368
104 368
297 368
368 577
368 957
368 996
125 387
161 387
266 387
344 387
387 445
387 462
387 496
387 550
387 572
387 850
387 868
387 977
83 413
89 413
188 413
245 413
295 413
298 413
327 413
408 413
413 645
413 698
413 743
413 850
413 922
413 940
68 457
261 457
295 457
304 457
363 457
403 457
457 686
457 788
457 804
457 939
154 504
283 504
445 504
504 575
504 616
504 631
504 745
504 751
504 833
504 857
504 864
504 978
48 587
55 587
279 587
284 587
366 587
412 587
492 587
587 647
587 806
587 954
157 841
191 841
238 841
252 841
264 841
314 841
385 841
586 841
591 841
645 841
700 841
839 841
841 851
841 884
841 984
35 975
48 975
180 975
342 975
373 975
406 975
463 975
615 975
728 975
738 975
888 975
946 975
30 35
30 195
30 290
30 497
30 662
30 751
30 777
30 922
30 939
35 195
35 225
35 309
35 476
35 495
35 517
35 716
35 744
35 745
35 805
35 900
48 195
159 195
177 195
195 238
195 304
195 309
195 773
195 864
195 947
195 951
59 290
118 290
125 290
158 290
167 290
193 290
290 423
290 578
290 619
290 683
290 804
290 822
290 831
118 497
283 497
350 497
412 497
433 497
497 554
497 558
497 598
497 675
497 749
497 779
176 662
266 662
348 662
528 662
561 662
662 709
662 752
662 833
662 977
662 993
38 751
245 751
395 751
412 751
469 751
539 751
562 751
578 751
633 751
728 751
751 759
751 930
279 777
459 777
777 838
777 866
777 930
777 943
64 922
88 922
109 922
155 922
159 922
266 922
407 922
482 922
510 922
575 922
668 922
854 922
904 922
922 974
922 989
38 939
68 939
84 939
97 939
150 939
166 939
250 939
408 939
654 939
686 939
729 939
850 939
890 939
925 939
939 951
78 107
81 107
107 268
107 278
107 382
107 474
107 509
107 591
107 593
107 661
107 682
107 739
107 803
107 895
107 927
107 959
107 985
114 151
114 281
114 317
114 350
114 501
114 562
114 739
114 759
114 768
114 857
114 927
108 207
207 469
207 499
207 505
207 537
207 560
207 561
207 615
207 882
207 919
68 219
70 219
140 219
219 239
219 444
219 630
219 668
219 677
219 692
219 778
219 955
219 966
72 241
241 362
241 366
241 443
241 763
241 805
241 854
241 893
241 905
241 919
241 951
153 321
247 321
280 321
321 325
321 378
321 426
321 482
321 528
321 563
321 579
321 633
321 651
321 743
321 781
321 997
152 410
410 508
410 537
410 550
410 579
410 597
410 610
410 730
49 707
125 707
253 707
362 707
412 707
700 707
707 791
707 804
707 827
707 948
707 992
144 796
246 796
299 796
444 796
509 796
599 796
622 796
634 796
769 796
796 851
56 999
63 999
81 999
108 999
186 999
280 999
296 999
312 999
380 999
394 999
433 999
444 999
455 999
605 999
713 999
774 999
791 999
878 999
906 999
937 999
985 999
55 81
81 89
81 141
81 167
81 247
81 277
81 363
81 382
81 560
81 791
81 848
48 98
98 102
98 181
98 201
98 342
98 531
98 560
98 647
98 692
98 781
98 899
98 903
98 984
110 244
151 244
158 244
244 397
244 445
244 495
244 533
244 551
244 564
244 668
244 798
244 823
244 830
244 848
73 252
174 252
202 252
252 264
252 294
252 580
252 631
252 682
252 729
252 775
252 804
252 940
38 385
89 385
193 385
246 385
247 385
385 393
385 397
385 443
385 534
385 554
385 684
385 709
385 888
385 932
134 490
214 490
230 490
237 490
408 490
464 490
490 509
490 531
490 862
158 769
305 769
366 769
383 769
584 769
605 769
738 769
769 800
769 978
161 791
228 791
281 791
285 791
434 791
561 791
564 791
752 791
783 791
791 882
791 899
791 925
791 966
134 957
154 957
250 957
386 957
499 957
530 957
559 957
866 957
46 199
199 201
199 383
199 505
199 530
199 623
199 932
199 943
214 250
250 417
250 645
250 766
250 829
250 846
250 943
262 408
284 408
393 408
408 633
408 701
408 809
102 411
133 411
216 411
237 411
270 411
309 411
310 411
411 414
411 499
411 677
411 678
411 686
411 786
411 959
411 993
36 516
111 516
121 516
166 516
188 516
202 516
238 516
264 516
297 516
516 534
516 536
516 573
516 872
516 996
61 566
202 566
238 566
264 566
380 566
543 566
551 566
558 566
566 572
566 594
566 626
566 659
566 773
566 786
566 974
38 745
153 745
281 745
335 745
355 745
358 745
530 745
534 745
546 745
599 745
745 788
745 850
46 279
177 279
248 279
279 340
279 341
279 615
279 709
279 979
325 488
325 489
325 584
325 598
325 623
325 839
325 909
63 393
88 393
393 528
393 933
393 951
78 473
136 473
246 473
299 473
397 473
414 473
473 509
473 561
473 618
473 773
473 823
112 565
119 565
176 565
236 565
264 565
314 565
329 565
344 565
383 565
423 565
456 565
495 565
565 688
565 801
565 851
565 955
314 573
573 625
573 876
159 622
261 622
326 622
622 719
622 786
622 793
622 926
46 225
48 225
125 225
225 238
225 307
225 350
225 373
225 564
225 580
225 743
136 309
151 309
180 309
309 326
309 358
309 426
309 476
309 482
309 501
309 509
309 528
309 830
309 997
78 476
201 476
476 479
476 505
476 540
476 575
476 599
476 618
476 817
476 830
476 914
112 495
119 495
306 495
398 495
495 547
495 645
495 765
495 838
495 860
495 927
495 936
495 945
495 989
345 517
517 521
517 903
134 716
159 716
201 716
560 716
665 716
709 716
716 825
716 892
716 906
716 919
716 938
120 744
270 744
358 744
363 744
406 744
421 744
459 744
642 744
739 744
744 815
150 805
352 805
533 805
577 805
739 805
743 805
773 805
803 805
805 909
805 974
63 900
270 900
348 900
380 900
479 900
643 900
766 900
823 900
824 900
892 900
900 932
900 954
900 970
36 146
36 155
36 300
36 342
36 546
36 559
36 651
36 665
36 688
36 867
146 205
146 270
146 330
146 774
146 811
146 823
146 857
146 882
146 947
46 155
68 155
155 159
155 238
155 289
155 416
155 433
155 550
155 728
155 811
155 839
155 889
155 944
155 963
55 300
89 300
150 300
300 506
300 738
300 978
43 342
191 342
193 342
268 342
310 342
342 404
342 412
342 505
342 599
342 661
134 546
173 546
245 546
377 546
546 731
546 814
546 890
546 898
546 930
344 559
364 559
531 559
555 559
559 609
559 949
285 651
299 651
463 651
609 651
639 651
651 658
651 719
651 768
651 827
651 914
329 665
341 665
448 665
575 665
665 860
373 688
406 688
423 688
681 688
688 713
688 827
688 851
688 909
688 996
97 867
119 867
235 867
373 867
609 867
616 867
749 867
827 867
38 180
180 260
180 376
180 455
180 487
180 584
180 803
180 873
180 936
180 971
101 335
109 335
264 335
335 634
335 807
335 822
335 915
335 985
214 383
236 383
285 383
383 775
46 423
144 423
284 423
366 423
376 423
423 586
423 693
423 789
423 876
423 949
423 979
144 434
397 434
434 501
434 539
434 654
434 689
434 719
434 827
434 955
97 597
341 597
376 597
453 597
521 597
597 605
597 626
597 807
597 810
597 903
597 945
597 961
597 977
59 625
119 625
261 625
372 625
481 625
615 625
625 827
625 993
466 638
638 804
638 888
638 977
153 770
245 770
280 770
445 770
770 969
39 778
191 778
245 778
317 778
643 778
778 831
778 871
61 823
121 823
177 823
191 823
220 823
823 869
823 871
823 966
62 871
173 871
330 871
435 871
448 871
489 871
731 871
38 362
38 506
38 884
38 932
63 362
77 362
85 362
133 362
238 362
281 362
362 426
362 508
362 531
362 634
362 904
362 971
362 979
55 506
230 506
238 506
292 506
331 506
357 506
431 506
462 506
499 506
506 543
506 558
506 616
506 626
506 692
247 884
296 884
332 884
347 884
350 884
417 884
676 884
815 884
884 984
330 932
421 932
492 932
599 932
781 932
829 932
838 932
39 119
39 205
39 493
39 512
39 607
39 919
39 947
119 151
119 543
119 806
119 860
119 893
119 954
136 205
181 205
205 281
205 344
205 459
205 472
205 540
205 586
205 591
205 605
205 618
205 749
205 779
205 813
205 919
186 493
282 493
326 493
412 493
493 563
493 659
493 676
72 512
73 512
112 512
174 512
264 512
512 555
512 807
46 607
64 607
102 607
317 607
403 607
539 607
578 607
607 618
607 779
607 923
49 919
307 919
355 919
509 919
609 919
640 919
110 947
129 947
358 947
407 947
728 947
729 947
895 947
917 947
55 102
102 201
102 224
102 314
102 432
102 445
102 866
83 151
137 151
151 158
151 416
151 531
151 728
151 837
151 984
97 156
120 156
134 156
156 173
156 201
156 282
156 298
156 305
156 397
156 558
156 640
156 743
156 833
156 860
156 888
156 966
72 350
350 421
350 459
350 560
350 783
350 813
109 375
150 375
154 375
275 375
375 508
375 528
375 684
375 773
375 997
43 668
78 668
134 668
157 668
266 668
275 668
299 668
329 668
416 668
594 668
668 866
668 936
668 946
49 898
68 898
189 898
296 898
406 898
539 898
56 924
140 924
281 924
295 924
296 924
432 924
437 924
443 924
487 924
839 924
862 924
924 946
924 954
924 985
73 152
101 152
152 174
152 181
152 274
152 364
152 373
152 397
152 405
152 492
152 535
152 555
152 577
152 684
152 765
152 807
152 831
152 948
152 985
159 416
159 564
159 677
159 749
159 774
159 803
159 981
177 235
235 352
235 386
235 397
235 443
235 827
235 984
189 414
414 489
414 809
53 455
111 455
355 455
366 455
418 455
455 709
455 831
455 878
455 914
455 943
282 572
327 572
365 572
430 572
459 572
509 572
572 599
572 839
572 864
572 890
572 960
101 577
110 577
133 577
317 577
530 577
577 586
577 634
577 775
577 788
577 874
544 594
594 605
594 631
594 677
166 641
312 641
443 641
474 641
591 641
631 641
641 904
641 970
125 681
147 681
161 681
306 681
605 681
681 825
681 860
186 857
245 857
459 857
536 857
549 857
661 857
844 857
857 862
63 70
70 111
70 140
70 380
70 417
70 775
70 807
70 927
245 295
295 437
295 640
295 678
295 748
295 749
295 813
295 839
50 326
84 326
137 326
248 326
296 326
326 396
326 499
326 501
326 713
326 793
326 926
326 930
111 560
158 560
173 560
238 560
395 560
488 560
560 979
147 634
248 634
266 634
634 800
634 829
299 713
336 713
448 713
709 713
713 825
68 815
158 815
409 815
580 815
759 815
781 815
815 864
815 946
815 993
105 838
327 838
409 838
544 838
598 838
838 875
838 878
43 275
43 720
43 948
43 963
43 989
216 275
266 275
275 294
275 448
275 750
275 882
73 720
285 720
289 720
317 720
378 720
459 720
469 720
623 720
642 720
720 943
158 948
189 948
246 948
395 948
763 948
120 963
177 963
181 963
224 963
238 963
443 963
788 963
137 989
234 989
262 989
494 989
640 989
966 989
88 196
196 213
196 358
196 377
196 693
196 773
196 864
236 266
236 307
236 358
236 386
236 430
236 562
236 599
236 618
236 645
236 719
236 773
236 826
71 305
112 305
136 305
282 305
305 312
305 448
305 472
305 482
305 499
305 874
305 890
305 917
49 314
281 314
314 409
314 459
314 543
314 803
314 833
111 336
307 336
336 381
336 409
336 492
336 508
336 555
336 586
336 676
336 729
336 738
336 807
336 813
336 937
56 813
213 813
237 813
283 813
317 813
539 813
554 813
605 813
623 813
749 813
813 831
813 945
105 888
136 888
245 888
348 888
363 888
407 888
549 888
640 888
783 888
806 888
46 951
48 951
109 951
530 951
615 951
692 951
925 951
72 234
72 307
72 469
72 492
72 562
72 693
72 909
72 997
83 239
83 347
83 550
83 683
83 831
83 927
61 144
110 144
144 283
144 285
144 409
144 498
144 678
77 463
109 463
181 463
247 463
380 463
406 463
437 463
463 488
463 545
463 567
463 615
463 868
463 933
481 489
489 773
489 854
489 892
298 510
317 510
376 510
461 510
510 640
510 869
123 528
268 528
432 528
474 528
528 643
528 698
528 801
528 960
64 533
153 533
220 533
377 533
469 533
496 533
533 762
533 804
533 831
533 917
239 763
247 763
289 763
453 763
632 763
675 763
763 781
763 824
161 783
239 783
294 783
537 783
783 793
783 825
783 854
783 889
783 961
105 974
262 974
405 974
481 974
509 974
793 974
969 974
46 409
46 505
46 582
46 593
46 686
46 748
46 750
46 814
46 826
134 409
161 409
247 409
351 409
409 509
409 537
409 547
409 803
409 942
105 505
120 505
193 505
246 505
341 505
364 505
376 505
389 505
505 676
505 739
505 749
505 970
505 984
505 986
582 631
582 633
582 822
582 942
582 946
582 996
105 593
246 593
327 593
593 917
110 686
536 686
540 686
578 686
77 748
270 748
676 748
748 926
78 750
136 750
174 750
351 750
521 750
611 750
750 923
750 959
71 814
84 814
264 814
332 814
347 814
412 814
417 814
456 814
580 814
623 814
803 814
814 966
93 826
167 826
363 826
380 826
397 826
464 826
562 826
567 826
675 826
826 894
61 120
120 253
120 318
120 404
120 472
120 535
120 543
120 830
120 846
120 876
89 123
123 141
123 303
123 389
123 580
123 676
123 678
123 851
154 176
176 437
176 701
176 743
176 876
176 904
176 959
176 961
220 234
220 245
220 268
220 304
220 537
220 557
220 575
220 773
220 811
220 824
220 940
303 591
549 591
580 591
591 894
395 619
530 619
619 730
619 930
619 933
619 954
619 961
48 105
48 564
48 949
105 284
105 348
105 394
105 531
105 557
105 689
105 719
105 800
105 846
63 564
268 564
380 564
432 564
543 564
564 801
564 850
189 949
213 949
283 949
487 949
561 949
774 949
899 949
925 949
49 238
49 294
49 436
49 534
49 544
49 563
49 768
49 905
49 960
49 970
238 437
238 459
238 689
238 700
238 860
238 874
238 926
186 294
294 378
294 616
294 824
294 862
294 923
294 954
294 977
56 436
158 436
167 436
253 436
268 436
377 436
407 436
436 701
436 739
436 788
125 534
140 534
192 534
284 534
534 535
534 626
534 845
534 909
181 544
299 544
357 544
498 544
544 615
544 678
544 773
544 873
544 985
93 563
202 563
230 563
563 779
277 768
298 768
329 768
437 768
768 810
768 833
768 890
768 944
474 905
501 905
642 905
89 960
264 960
331 960
352 960
448 960
521 960
632 960
661 960
743 960
960 986
62 970
158 970
166 970
253 970
331 970
521 970
869 970
970 992
50 292
50 389
50 461
50 807
50 851
50 959
101 292
161 292
181 292
253 292
283 292
292 398
292 466
292 508
292 833
292 895
140 389
373 389
389 839
389 899
129 461
132 461
246 461
461 547
461 555
461 618
461 645
461 779
461 899
278 807
307 807
448 807
557 807
658 807
788 807
807 892
93 851
141 851
248 851
277 851
700 851
186 959
242 959
283 959
358 959
496 959
729 959
779 959
93 261
118 261
261 340
261 396
261 437
261 472
261 549
261 830
261 837
261 892
73 268
268 299
268 366
268 382
268 798
153 299
202 299
260 299
299 395
299 496
299 684
299 786
166 372
173 372
372 405
372 557
372 640
372 701
372 873
372 882
108 398
112 398
398 479
398 550
398 774
398 775
398 786
111 474
181 474
327 474
345 474
443 474
474 575
474 789
474 866
78 543
89 543
126 543
303 543
355 543
366 543
488 543
543 869
543 909
112 811
251 811
260 811
443 811
640 811
645 811
743 811
811 992
173 833
283 833
443 833
773 833
793 833
108 860
166 860
397 860
412 860
579 860
860 874
860 979
173 981
234 981
396 981
433 981
466 981
774 981
789 981
804 981
806 981
933 981
193 985
201 985
403 985
692 985
961 985
985 986
118 992
140 992
201 992
202 992
376 992
730 992
186 365
186 481
186 630
186 728
186 848
121 214
214 331
214 345
214 395
214 397
214 448
214 616
214 632
108 719
405 719
536 719
719 728
719 864
53 61
53 150
53 378
53 403
53 433
53 499
53 848
53 895
53 946
61 282
61 307
61 466
61 498
61 615
61 626
61 873
85 150
147 150
150 177
150 201
150 230
150 239
150 397
150 472
150 586
150 743
150 774
150 890
150 942
150 973
191 378
266 378
378 793
378 829
378 927
378 973
378 979
283 403
403 462
403 562
403 825
403 836
68 433
329 433
345 433
433 862
380 499
499 609
499 654
499 659
499 730
499 906
499 926
645 848
804 848
848 917
689 895
875 895
895 937
224 946
284 946
307 946
482 946
494 946
540 946
586 946
623 946
836 946
108 112
112 193
112 278
112 540
112 801
118 618
118 961
118 986
77 121
121 380
121 444
121 492
121 535
121 626
121 765
121 966
126 183
126 239
126 329
126 373
126 551
126 643
126 661
126 765
147 318
282 318
318 347
318 557
318 633
318 909
318 926
318 961
230 376
239 376
306 376
376 382
376 395
376 676
376 774
376 829
376 850
237 498
382 498
453 498
498 874
340 536
365 551
551 611
551 639
551 701
551 873
551 904
88 781
147 781
280 781
404 781
561 781
580 781
642 781
781 800
781 809
84 809
282 809
404 809
448 809
469 809
567 809
605 809
779 809
84 977
157 977
351 977
562 977
584 977
610 977
623 977
938 977
77 996
85 996
216 996
239 996
248 996
472 996
640 996
689 996
55 129
55 521
55 555
55 675
55 944
79 129
129 405
129 639
129 882
405 521
432 521
521 615
521 844
521 971
555 698
555 850
555 917
251 675
284 675
310 675
330 675
348 675
611 675
675 824
675 831
675 984
93 944
304 944
394 944
567 944
817 944
864 944
909 944
944 973
56 230
56 317
56 357
56 684
230 277
230 394
230 806
230 890
167 317
317 330
317 539
317 676
317 933
202 357
213 357
216 357
289 357
357 631
357 642
357 698
357 943
412 684
605 684
684 800
684 945
59 289
59 303
59 351
59 862
183 202
202 297
202 330
202 344
202 800
202 824
202 825
260 296
260 329
260 825
260 890
260 893
88 284
281 284
284 306
284 373
284 549
284 633
284 678
284 945
193 347
270 347
280 347
347 405
347 459
347 749
289 878
775 878
878 936
63 978
140 978
464 978
804 978
837 978
894 978
62 426
62 616
157 193
157 444
157 479
157 530
157 584
157 718
157 773
157 779
157 786
157 936
154 377
363 377
377 432
377 537
377 545
377 598
377 640
626 909
626 933
330 873
530 873
547 873
762 873
862 873
873 955
213 874
216 874
266 874
345 874
469 874
509 874
579 874
874 936
289 296
289 416
289 496
289 801
289 894
188 303
282 303
303 615
303 729
303 889
108 351
109 351
351 599
351 632
351 752
351 758
351 936
137 862
228 862
304 862
437 862
189 262
189 297
189 331
189 586
242 282
282 659
282 677
166 307
307 430
307 487
307 549
307 700
307 926
63 466
64 466
216 466
352 466
386 466
397 466
466 698
466 752
242 615
615 731
615 738
615 804
615 927
615 938
615 943
615 993
380 426
426 640
426 645
426 692
426 709
426 788
426 837
426 930
426 961
166 616
407 616
616 979
63 161
63 174
63 224
63 345
63 366
63 453
63 535
63 578
63 804
63 806
63 831
63 973
141 161
161 216
161 253
161 327
161 549
161 642
161 875
161 923
161 971
73 174
125 174
174 213
174 341
174 494
174 531
174 927
64 224
68 224
224 404
224 421
224 631
224 731
224 875
262 345
345 405
345 492
345 698
345 914
366 416
366 531
366 923
366 940
71 453
137 453
237 453
285 453
298 453
64 535
239 535
382 535
432 535
459 535
137 578
432 578
578 810
270 804
464 804
762 804
774 804
444 806
488 806
678 806
759 806
801 806
806 831
806 943
248 831
297 831
586 831
654 831
831 845
332 973
689 973
64 101
64 110
64 765
101 481
101 492
101 549
101 598
110 166
110 192
110 274
110 406
110 749
110 850
110 936
234 765
327 765
352 765
79 108
108 109
108 380
108 381
108 575
108 728
108 749
108 774
108 892
78 845
153 845
298 845
312 845
431 845
579 845
141 158
141 234
141 363
141 825
88 283
237 283
283 462
283 739
283 925
283 945
173 610
234 610
344 610
352 610
416 610
537 610
545 610
239 611
332 611
407 611
558 611
611 866
611 892
443 899
599 899
632 899
738 899
773 899
894 899
79 246
79 280
79 373
79 938
247 277
247 501
247 786
247 904
298 584
310 584
340 584
396 584
482 584
584 640
584 739
584 869
584 933
253 882
396 882
609 882
810 882
830 882
882 917
882 966
68 173
68 344
68 394
68 558
68 632
78 173
85 173
173 251
173 773
132 344
344 605
344 682
344 872
344 903
239 394
394 709
394 731
394 864
394 942
147 558
329 558
558 730
558 936
417 632
632 728
632 836
632 926
632 942
85 246
216 246
246 330
246 531
246 631
246 810
246 872
531 623
331 561
561 689
561 937
561 966
554 728
728 758
728 875
201 839
298 839
631 839
111 330
111 445
111 940
140 234
140 358
140 396
140 407
140 417
140 549
140 599
140 642
140 676
140 803
140 889
278 380
312 380
330 380
352 380
380 472
380 654
380 658
380 854
251 417
331 417
417 496
417 575
417 658
417 758
278 775
496 775
654 775
775 786
775 889
456 927
459 927
643 927
822 927
71 181
71 297
71 421
71 640
181 274
181 382
181 396
181 437
181 779
181 869
181 909
147 297
297 396
297 444
297 562
297 654
297 718
297 749
297 830
297 894
242 421
281 421
327 421
421 618
421 942
464 640
640 749
640 752
234 296
234 332
234 348
234 365
234 530
373 469
397 469
469 730
340 492
397 492
492 605
492 729
492 937
492 966
562 801
562 866
562 914
562 943
262 693
177 909
183 909
245 909
868 909
909 993
201 997
373 997
537 997
598 997
762 997
73 134
73 358
73 993
84 134
134 166
134 191
134 363
134 396
134 698
134 930
134 942
245 358
358 567
358 731
358 906
332 993
404 993
482 993
630 993
645 993
864 993
177 251
251 496
251 766
251 824
251 906
158 509
264 509
352 509
395 509
479 509
509 876
509 943
191 654
216 654
266 654
312 654
237 488
84 700
166 700
364 700
700 825
166 762
213 762
762 788
762 789
304 925
397 925
639 925
817 925
827 925
864 925
188 955
192 955
216 955
327 955
545 955
682 955
854 955
917 955
192 341
192 487
192 540
192 633
310 352
310 549
310 866
405 800
77 89
77 698
77 938
89 136
89 789
89 825
89 892
89 937
89 942
496 698
508 698
550 698
698 789
698 942
97 938
167 938
188 938
262 938
579 938
902 938
78 191
78 844
191 472
191 487
191 639
191 875
352 844
501 844
537 844
262 280
280 395
280 404
280 407
280 872
193 373
312 373
373 683
373 830
373 917
373 961
158 281
158 296
239 508
239 609
239 817
239 869
137 312
312 332
312 537
312 633
312 752
312 773
312 803
312 854
437 537
537 779
642 676
676 942
676 971
759 940
381 894
472 894
487 894
550 894
167 479
167 549
167 575
167 779
167 829
277 846
277 876
188 363
304 363
306 363
363 444
363 549
363 599
382 508
382 575
382 689
298 936
459 936
456 550
550 779
304 683
416 683
456 683
683 810
84 177
84 786
84 915
177 183
786 829
786 940
85 341
85 488
85 678
85 766
266 341
341 443
341 729
341 739
341 758
488 829
488 937
443 678
462 678
554 678
643 678
678 829
125 766
296 766
579 766
677 766
689 766
749 766
766 986
331 445
331 482
331 630
331 749
331 829
331 854
331 917
418 743
647 743
738 743
743 906
188 803
418 803
462 803
598 803
658 803
803 817
125 456
456 709
456 903
264 567
508 567
494 738
496 738
599 738
729 738
738 739
738 961
188 940
824 940
88 153
88 298
109 153
153 431
248 298
298 431
136 659
459 789
779 789
788 789
789 793
789 906
789 979
193 825
501 825
645 825
730 825
825 902
109 892
296 892
365 892
487 892
508 892
605 892
810 892
892 954
892 966
125 937
245 937
266 937
729 937
774 937
788 937
557 942
850 942
266 443
266 618
404 801
437 801
459 801
133 166
133 327
133 332
133 645
133 692
133 903
188 201
201 332
201 364
201 381
539 749
739 749
749 779
749 800
749 827
586 829
822 829
824 829
829 866
598 639
598 836
824 850
93 109
93 352
93 623
93 633
93 692
93 868
109 435
109 501
109 633
109 836
352 407
352 530
352 554
242 623
348 633
406 633
496 633
545 633
633 639
633 868
430 692
496 692
580 692
605 868
445 798
445 830
549 630
125 213
125 431
125 501
125 618
125 836
125 864
348 966
575 966
296 557
481 557
557 773
557 774
557 954
183 647
348 647
586 647
404 903
496 903
729 903
549 984
752 984
788 984
890 984
248 365
365 547
365 788
332 444
444 462
444 464
444 890
166 729
332 729
395 729
729 890
397 830
830 889
854 866
381 481
481 545
481 810
416 549
549 677
549 701
432 545
245 866
285 866
348 866
396 866
866 890
183 575
188 575
487 575
575 718
575 869
281 677
104 137
104 183
104 381
104 482
137 245
137 586
137 618
183 969
213 381
274 381
381 730
216 482
188 348
348 893
188 689
396 689
658 689
166 800
285 800
773 800
800 889
412 846
508 846
774 846
846 872
213 930
332 930
709 930
278 547
278 889
278 954
245 661
327 661
448 661
661 872
397 682
540 682
580 739
739 869
281 774
774 986
395 435
340 501
396 501
501 889
166 395
166 496
166 508
166 580
166 923
274 798
395 406
406 437
406 530
406 701
330 530
330 779
330 864
330 876
430 540
540 599
540 902
395 645
395 971
329 462
188 658
329 658
586 658
643 658
281 618
281 643
281 817
281 923
270 547
407 730
545 752
618 752
631 752
643 752
659 752
752 773
893 986
154 487
404 547
547 554
264 642
472 642
642 824
262 709
709 872
709 971
397 902
418 902
645 902
902 904
599 961
437 893
472 954
731 954
242 253
253 327
253 464
253 798
327 404
404 448
404 599
404 923
245 329
245 810
245 906
285 586
285 875
355 864
580 864
788 926
213 773
329 773
530 773
213 459
213 793
213 872
416 431
431 914
329 416
329 969
147 643
188 643
496 643
639 643
643 923
147 340
340 837
132 416
416 496
416 530
416 545
539 579
539 933
242 639
188 304
306 586
327 945
448 945
798 945
943 945
327 494
327 824
327 971
332 890
645 904
242 396
147 228
228 443
448 943
943 971
659 969
407 412
355 889
430 933
459 479
810 914
554 798
264 869
304 869
579 869
147 579
147 631
397 605
718 890
545 837
837 969
412 487
487 788
418 530
530 969
418 718
437 718
296 494
508 875
496 971
264 386
798 969
508 605
412 437
459 904
412 824
248 605
605 827
418 872
