1 17
1 48
1 51
1 96
1 238
1 284
1 332
1 348
1 351
1 401
1 426
1 455
1 490
1 538
1 556
1 570
1 828
1 835
1 836
1 928
1 993
17 84
17 156
17 222
17 296
17 343
17 388
17 419
17 463
17 497
17 516
17 606
17 626
17 678
17 695
17 773
17 813
17 856
17 878
17 935
17 959
30 48
48 97
48 205
48 247
48 289
48 340
48 442
48 548
48 609
48 614
48 660
48 762
48 790
48 811
48 904
51 99
51 103
51 272
51 298
51 348
51 379
51 453
51 478
51 495
51 509
51 551
51 569
51 572
51 605
51 627
51 639
51 680
51 740
51 764
51 879
51 900
51 905
51 998
50 96
96 100
96 104
96 144
96 154
96 155
96 162
96 217
96 232
96 246
96 291
96 333
96 462
96 485
96 524
96 589
96 593
96 641
96 694
96 700
96 711
96 800
96 801
96 812
96 813
96 845
96 860
96 863
96 867
96 923
96 952
96 954
96 965
106 238
139 238
144 238
168 238
195 238
218 238
237 238
238 246
238 353
238 417
238 485
238 510
238 511
238 594
238 634
238 653
238 662
238 733
238 788
238 834
43 284
68 284
81 284
103 284
146 284
160 284
200 284
206 284
284 566
284 626
284 681
284 743
284 849
284 861
20 332
69 332
110 332
150 332
171 332
260 332
261 332
281 332
296 332
316 332
323 332
332 342
332 344
332 362
332 388
332 422
332 501
332 512
332 568
332 609
332 654
332 676
332 729
332 828
332 890
332 906
332 925
21 348
42 348
46 348
116 348
198 348
291 348
313 348
348 380
348 415
348 433
348 458
348 469
348 484
348 657
348 659
348 682
348 728
348 740
348 767
348 800
348 826
348 836
25 351
253 351
283 351
290 351
317 351
320 351
324 351
351 362
351 412
351 427
351 458
351 469
351 590
351 683
351 712
351 739
351 820
351 881
351 959
351 977
73 401
110 401
147 401
192 401
218 401
230 401
401 425
401 477
401 488
401 498
401 507
401 673
401 678
401 694
401 721
401 726
401 898
401 976
60 426
66 426
152 426
185 426
188 426
225 426
226 426
295 426
354 426
397 426
426 438
426 479
426 480
426 521
426 522
426 539
426 602
426 608
426 614
426 646
426 655
426 793
426 941
426 961
426 994
7 455
37 455
39 455
166 455
209 455
291 455
301 455
360 455
419 455
455 553
455 567
455 569
455 572
455 608
455 753
455 835
455 845
455 949
455 971
2 490
9 490
38 490
73 490
76 490
89 490
128 490
208 490
298 490
361 490
377 490
486 490
490 566
490 641
490 666
490 687
490 725
490 796
490 864
490 876
2 538
45 538
85 538
87 538
131 538
221 538
269 538
485 538
501 538
504 538
508 538
538 573
538 594
538 657
538 712
538 713
538 724
538 877
538 913
538 955
538 967
147 556
155 556
162 556
180 556
380 556
383 556
441 556
556 560
556 566
556 646
556 651
556 657
556 697
556 797
556 804
556 867
556 889
556 916
556 964
20 570
59 570
81 570
136 570
147 570
179 570
182 570
223 570
311 570
397 570
491 570
570 647
570 665
570 800
570 831
570 906
570 974
570 986
74 828
211 828
330 828
350 828
381 828
390 828
394 828
479 828
481 828
618 828
658 828
691 828
752 828
788 828
828 872
828 886
828 896
828 902
828 960
10 835
86 835
289 835
300 835
301 835
558 835
617 835
783 835
835 929
835 970
7 836
182 836
200 836
208 836
345 836
510 836
550 836
628 836
640 836
836 841
836 875
836 955
836 960
54 928
131 928
143 928
179 928
228 928
286 928
347 928
371 928
378 928
381 928
392 928
419 928
482 928
484 928
591 928
616 928
749 928
770 928
926 928
928 932
104 993
243 993
261 993
279 993
363 993
382 993
396 993
433 993
439 993
523 993
525 993
531 993
622 993
645 993
753 993
790 993
808 993
864 993
2 33
2 42
2 43
2 54
2 57
2 59
2 109
2 227
2 234
2 291
2 297
2 315
2 525
2 530
2 571
2 672
2 727
2 753
2 793
2 881
12 33
33 89
33 204
33 267
33 271
33 300
33 317
33 321
33 347
33 356
33 382
33 501
33 535
33 603
33 605
33 622
33 671
33 692
33 716
33 729
33 758
33 759
33 830
33 833
33 947
42 130
42 227
42 250
42 311
42 336
42 363
42 436
42 443
42 585
42 598
42 636
42 670
42 705
42 791
42 827
42 883
42 884
42 897
11 43
16 43
43 83
43 114
43 159
43 250
43 392
43 396
43 473
43 593
43 594
43 633
43 652
43 685
43 717
43 779
43 899
43 902
43 974
54 84
54 139
54 147
54 157
54 185
54 263
54 271
54 345
54 381
54 428
54 529
54 582
54 631
54 695
54 769
54 804
54 817
54 855
37 57
57 126
57 174
57 178
57 248
57 285
57 307
57 472
57 543
57 580
57 586
57 942
57 975
47 59
59 90
59 206
59 232
59 289
59 399
59 430
59 506
59 511
59 521
59 576
59 632
59 651
59 686
59 690
59 712
59 758
59 776
59 794
59 942
59 961
35 109
109 110
109 150
109 167
109 183
109 207
109 380
109 449
109 533
109 607
109 637
109 696
109 761
109 765
109 925
20 227
162 227
227 254
227 350
227 386
227 409
227 431
227 482
227 487
227 511
227 644
227 693
227 734
227 847
227 864
227 955
155 234
183 234
234 281
234 323
234 432
234 504
234 687
234 704
234 710
234 833
234 842
234 891
234 914
234 931
47 291
118 291
121 291
134 291
192 291
249 291
254 291
262 291
274 291
291 389
291 428
291 493
291 501
291 569
291 573
291 620
291 627
291 630
291 709
291 761
291 786
291 819
291 831
291 888
21 297
233 297
297 349
297 471
297 671
297 725
297 805
297 996
31 315
78 315
107 315
154 315
163 315
166 315
194 315
207 315
239 315
315 324
315 341
315 356
315 415
315 425
315 446
315 453
315 515
315 541
315 566
315 749
315 794
315 807
315 816
315 823
315 939
56 525
77 525
102 525
218 525
225 525
393 525
394 525
501 525
525 575
525 630
525 681
525 752
525 816
525 820
72 530
85 530
139 530
182 530
184 530
210 530
223 530
279 530
311 530
431 530
465 530
530 533
530 585
530 681
530 699
530 735
530 781
530 847
530 881
530 931
530 956
530 972
25 571
49 571
53 571
136 571
178 571
181 571
230 571
265 571
334 571
382 571
444 571
519 571
533 571
571 662
571 696
571 758
571 852
571 883
571 933
571 947
571 991
84 672
85 672
98 672
170 672
197 672
229 672
308 672
349 672
359 672
403 672
423 672
436 672
444 672
446 672
529 672
672 730
672 747
672 754
672 760
672 795
672 798
672 802
672 883
672 885
387 727
428 727
450 727
463 727
495 727
655 727
727 738
727 794
727 796
727 821
727 830
52 753
242 753
261 753
272 753
313 753
333 753
375 753
381 753
423 753
469 753
544 753
601 753
619 753
636 753
656 753
668 753
753 766
753 806
753 846
148 793
194 793
285 793
287 793
307 793
317 793
505 793
544 793
550 793
739 793
740 793
774 793
783 793
793 945
793 950
95 881
138 881
289 881
322 881
417 881
432 881
452 881
551 881
557 881
568 881
600 881
602 881
712 881
736 881
739 881
760 881
792 881
832 881
833 881
870 881
881 913
881 950
881 966
3 45
3 114
3 156
3 181
3 204
3 295
3 372
3 395
3 414
3 545
3 563
3 610
3 654
3 772
3 811
3 812
45 366
45 373
45 397
45 413
45 425
45 461
45 475
45 480
45 640
45 656
45 737
45 807
45 832
45 833
45 876
19 114
64 114
100 114
114 135
114 192
114 217
114 367
114 423
114 597
114 687
114 721
114 785
114 790
114 817
114 896
114 958
118 156
156 178
156 256
156 271
156 272
156 276
156 381
156 475
156 528
156 529
156 536
156 553
156 622
156 646
156 669
156 726
156 769
156 858
156 863
156 884
156 917
156 983
159 181
181 190
181 204
181 331
181 347
181 359
181 409
181 493
181 691
181 795
181 833
181 879
181 900
181 924
181 925
181 947
181 948
70 204
97 204
113 204
116 204
161 204
184 204
192 204
204 220
204 251
204 272
204 280
204 334
204 367
204 472
204 491
204 554
204 590
204 612
204 626
204 630
204 636
204 645
204 700
204 740
204 794
204 837
204 905
204 952
204 975
44 295
53 295
141 295
263 295
295 298
295 324
295 352
295 397
295 499
295 512
295 529
295 541
295 542
295 563
295 662
295 810
295 834
295 892
295 910
295 925
134 372
304 372
372 471
372 483
372 616
372 620
372 676
372 682
372 699
372 751
372 758
372 784
372 844
372 900
372 973
29 395
105 395
111 395
259 395
266 395
289 395
395 529
395 533
395 632
395 652
395 662
395 677
395 818
395 829
395 840
395 923
395 975
22 414
195 414
203 414
207 414
406 414
414 431
414 446
414 461
414 477
414 537
414 665
414 720
414 783
414 845
414 872
414 907
414 973
414 977
414 988
91 545
213 545
244 545
292 545
304 545
310 545
334 545
362 545
369 545
396 545
398 545
415 545
484 545
506 545
545 595
545 610
545 665
545 669
545 706
545 723
545 758
545 787
545 852
545 858
545 919
545 963
545 995
7 563
61 563
128 563
136 563
222 563
268 563
355 563
357 563
415 563
517 563
563 622
563 655
563 735
563 895
563 988
69 610
201 610
202 610
290 610
304 610
349 610
453 610
496 610
520 610
599 610
610 635
610 644
610 674
610 838
610 919
610 926
610 982
11 654
13 654
39 654
60 654
134 654
187 654
222 654
356 654
365 654
370 654
408 654
445 654
586 654
631 654
654 671
654 695
654 765
654 822
654 846
654 886
654 909
22 772
44 772
157 772
180 772
229 772
247 772
318 772
431 772
497 772
583 772
588 772
670 772
712 772
745 772
772 948
29 811
72 811
98 811
151 811
190 811
240 811
323 811
352 811
381 811
472 811
542 811
572 811
595 811
733 811
775 811
791 811
811 864
811 937
24 812
56 812
228 812
229 812
259 812
267 812
287 812
429 812
436 812
467 812
470 812
543 812
578 812
583 812
635 812
714 812
719 812
725 812
741 812
767 812
812 844
812 859
812 919
812 924
4 110
4 125
4 169
4 172
4 275
4 306
4 316
4 322
4 327
4 432
4 440
4 470
4 550
4 609
4 652
4 782
4 821
4 862
4 974
4 992
7 110
71 110
110 125
110 145
110 146
110 274
110 283
110 307
110 373
110 412
110 472
110 480
110 516
110 748
110 870
110 876
110 935
110 940
110 943
60 125
65 125
77 125
125 184
125 199
125 202
125 230
125 245
125 275
125 357
125 391
125 453
125 514
125 577
125 639
125 647
125 665
125 697
125 754
125 897
125 908
125 933
18 169
84 169
94 169
168 169
169 244
169 305
169 368
169 428
169 452
169 513
169 515
169 534
169 564
169 584
169 661
169 806
169 877
169 884
169 933
169 992
25 172
60 172
69 172
117 172
172 205
172 208
172 366
172 376
172 466
172 510
172 526
172 637
172 691
172 710
172 733
172 746
172 761
172 858
172 878
172 913
172 929
172 935
172 977
172 994
18 275
95 275
209 275
233 275
275 282
275 302
275 349
275 436
275 484
275 495
275 518
275 618
275 652
275 688
275 735
275 837
275 880
275 908
275 912
275 916
275 948
275 949
275 960
275 972
55 306
74 306
167 306
178 306
202 306
210 306
304 306
305 306
306 370
306 506
306 786
306 850
306 914
306 965
306 974
78 316
82 316
203 316
247 316
316 391
316 400
316 465
316 515
316 521
316 647
316 796
316 804
142 322
225 322
246 322
322 329
322 337
322 432
322 512
322 541
322 588
322 624
322 631
322 656
322 690
322 734
322 817
322 852
322 885
322 985
322 992
12 327
79 327
144 327
197 327
202 327
267 327
327 367
327 382
327 390
327 448
327 508
327 542
327 585
327 618
327 633
327 649
327 708
327 748
327 784
327 829
327 847
327 983
80 432
147 432
183 432
257 432
293 432
379 432
389 432
390 432
399 432
432 445
432 458
432 465
432 551
432 615
432 627
432 643
432 645
432 648
432 692
432 704
432 716
432 731
432 873
432 949
432 957
432 989
99 440
117 440
179 440
189 440
203 440
260 440
331 440
440 581
440 603
440 680
440 711
440 716
440 856
440 859
440 914
440 949
440 960
15 470
28 470
37 470
115 470
122 470
142 470
153 470
219 470
226 470
282 470
397 470
420 470
430 470
448 470
470 694
470 798
470 957
470 991
205 550
244 550
246 550
254 550
278 550
298 550
352 550
435 550
438 550
450 550
469 550
526 550
543 550
550 586
550 664
550 675
550 872
550 913
550 934
550 965
550 974
550 991
8 609
140 609
179 609
235 609
273 609
276 609
302 609
353 609
442 609
453 609
522 609
569 609
580 609
609 612
609 622
609 626
609 635
609 638
609 668
609 707
609 838
609 888
44 652
55 652
319 652
321 652
392 652
408 652
511 652
524 652
532 652
567 652
575 652
639 652
652 683
652 690
652 710
652 742
652 758
652 859
652 883
652 900
652 924
22 782
25 782
73 782
211 782
280 782
305 782
336 782
354 782
405 782
439 782
474 782
533 782
549 782
558 782
574 782
578 782
611 782
627 782
629 782
682 782
728 782
782 884
782 934
782 942
782 944
782 964
782 992
19 821
83 821
108 821
177 821
197 821
208 821
257 821
281 821
299 821
311 821
444 821
582 821
669 821
731 821
821 847
821 972
10 862
93 862
206 862
356 862
380 862
385 862
404 862
482 862
519 862
526 862
577 862
674 862
677 862
752 862
774 862
785 862
816 862
851 862
857 862
862 867
862 922
80 974
276 974
278 974
320 974
392 974
437 974
472 974
495 974
647 974
681 974
731 974
746 974
759 974
785 974
803 974
818 974
869 974
872 974
968 974
46 992
90 992
219 992
230 992
319 992
337 992
390 992
475 992
534 992
602 992
641 992
685 992
786 992
791 992
890 992
967 992
5 18
5 124
5 132
5 139
5 239
5 261
5 341
5 386
5 472
5 515
5 637
5 648
5 666
5 716
5 736
5 840
5 848
5 900
5 925
5 959
18 256
18 312
18 380
18 536
18 680
18 733
18 789
18 912
18 953
39 124
97 124
98 124
124 184
124 188
124 222
124 271
124 302
124 347
124 365
124 373
124 424
124 438
124 600
124 667
124 758
124 773
124 781
124 837
124 856
124 872
124 930
82 132
116 132
132 215
132 280
132 307
132 329
132 457
132 505
132 625
132 635
132 650
132 715
132 749
132 890
132 961
132 964
64 139
139 209
139 303
139 309
139 564
139 575
139 593
139 603
139 670
139 680
139 714
139 745
139 759
139 760
139 927
19 239
24 239
82 239
95 239
180 239
239 241
239 283
239 436
239 517
239 531
239 566
239 576
239 642
239 659
239 694
239 803
239 847
239 863
239 871
239 907
239 933
239 997
21 261
261 264
261 325
261 338
261 375
261 501
261 613
261 617
261 708
261 860
261 895
26 341
87 341
101 341
115 341
121 341
185 341
223 341
325 341
341 354
341 373
341 410
341 428
341 633
341 634
341 648
341 703
341 764
341 884
14 386
20 386
145 386
210 386
215 386
386 468
386 478
386 481
386 626
386 719
386 723
386 761
386 778
386 795
386 825
386 852
386 870
386 906
386 908
386 952
83 472
146 472
250 472
388 472
408 472
472 536
472 602
472 624
472 783
472 846
472 960
472 990
41 515
64 515
83 515
265 515
346 515
422 515
445 515
515 558
515 590
515 597
515 680
515 708
515 719
515 787
515 901
515 967
515 969
515 994
28 637
111 637
166 637
167 637
218 637
248 637
303 637
313 637
329 637
367 637
412 637
493 637
637 646
637 744
637 797
637 871
637 957
44 648
74 648
106 648
111 648
121 648
127 648
151 648
182 648
323 648
339 648
558 648
648 741
648 744
648 754
648 786
648 797
648 806
648 962
65 666
74 666
79 666
203 666
254 666
378 666
434 666
466 666
499 666
501 666
666 716
666 758
666 776
666 838
666 972
666 982
75 716
166 716
215 716
259 716
358 716
383 716
384 716
461 716
512 716
554 716
567 716
590 716
615 716
619 716
627 716
639 716
649 716
681 716
716 717
716 791
716 814
716 815
716 878
716 895
716 942
716 951
716 964
716 987
98 736
99 736
134 736
356 736
424 736
435 736
475 736
499 736
668 736
736 783
736 799
736 877
736 896
72 840
116 840
263 840
406 840
408 840
471 840
518 840
566 840
624 840
643 840
661 840
695 840
725 840
735 840
749 840
840 843
840 927
34 848
40 848
91 848
214 848
253 848
267 848
318 848
357 848
429 848
497 848
498 848
565 848
715 848
805 848
848 849
848 868
848 995
31 900
128 900
216 900
232 900
313 900
317 900
558 900
579 900
701 900
725 900
822 900
851 900
10 925
30 925
32 925
272 925
338 925
561 925
564 925
613 925
632 925
656 925
669 925
925 939
925 958
28 959
62 959
65 959
117 959
136 959
226 959
249 959
447 959
618 959
643 959
797 959
934 959
959 963
959 965
6 19
6 38
6 60
6 93
6 177
6 184
6 216
6 272
6 333
6 409
6 514
6 569
6 743
6 776
6 786
19 94
19 201
19 342
19 420
19 480
19 518
19 544
19 780
19 789
19 801
19 807
19 824
31 38
38 107
38 133
38 161
38 277
38 280
38 288
38 352
38 393
38 500
38 516
38 555
38 596
38 618
38 662
38 668
38 682
38 744
38 884
38 887
38 896
38 930
28 60
60 72
60 170
60 179
60 205
60 210
60 277
60 301
60 324
60 383
60 443
60 466
60 506
60 566
60 601
60 605
60 711
60 731
60 733
60 867
25 93
93 130
93 262
93 360
93 361
93 382
93 406
93 411
93 442
93 516
93 565
93 601
93 605
93 655
93 693
93 704
93 720
93 809
93 882
93 947
93 987
27 177
46 177
67 177
83 177
177 202
177 290
177 333
177 349
177 619
177 627
177 755
177 775
177 997
71 184
162 184
184 229
184 271
184 288
184 353
184 393
184 447
184 560
184 590
184 617
184 657
184 771
184 783
184 832
184 927
184 963
184 986
184 995
56 216
119 216
131 216
138 216
151 216
200 216
216 292
216 358
216 438
216 529
216 677
216 823
216 880
216 924
102 272
127 272
138 272
272 513
272 522
272 713
272 733
272 787
272 916
272 940
272 977
272 990
55 333
61 333
85 333
92 333
303 333
333 344
333 392
333 537
333 576
333 680
333 790
333 797
333 831
333 882
333 933
81 409
119 409
176 409
267 409
407 409
409 569
409 596
409 608
409 657
409 658
409 688
409 731
409 740
409 764
409 991
10 514
69 514
82 514
147 514
148 514
224 514
308 514
433 514
449 514
463 514
514 527
514 561
514 566
514 628
514 712
514 725
514 733
514 795
514 894
514 996
21 569
55 569
66 569
117 569
209 569
250 569
255 569
263 569
285 569
286 569
352 569
421 569
463 569
567 569
569 667
569 744
569 762
569 939
40 743
52 743
56 743
137 743
258 743
273 743
350 743
533 743
601 743
623 743
669 743
710 743
743 798
743 890
71 776
138 776
149 776
182 776
193 776
391 776
413 776
467 776
528 776
655 776
689 776
699 776
702 776
766 776
776 913
776 947
776 958
203 786
271 786
285 786
330 786
390 786
431 786
500 786
628 786
636 786
786 790
786 887
786 902
786 926
786 938
786 964
786 997
7 39
7 127
7 164
7 335
7 442
7 480
7 484
7 512
7 527
7 634
7 698
7 842
7 869
7 918
7 964
39 69
39 102
39 198
39 245
39 251
39 345
39 371
39 410
39 559
39 578
39 592
39 626
39 720
39 750
39 807
39 953
39 997
39 998
49 127
102 127
127 141
127 282
127 314
127 342
127 345
127 363
127 390
127 458
127 475
127 504
127 548
127 756
29 164
36 164
77 164
164 254
164 305
164 364
164 375
164 506
164 540
164 619
164 621
164 815
164 824
164 911
164 964
164 989
25 335
122 335
232 335
335 418
335 481
335 488
335 528
335 579
335 605
335 670
335 684
335 766
335 819
335 834
15 442
75 442
122 442
178 442
298 442
302 442
308 442
309 442
435 442
442 544
442 642
442 701
442 740
442 800
442 827
442 875
442 937
9 480
126 480
137 480
247 480
286 480
326 480
337 480
342 480
412 480
415 480
460 480
480 555
480 573
480 586
480 599
480 686
480 692
480 708
480 741
480 777
480 860
480 861
480 905
480 946
480 953
138 484
245 484
246 484
375 484
422 484
484 537
484 604
484 785
484 887
24 512
27 512
32 512
211 512
364 512
377 512
493 512
498 512
499 512
508 512
512 542
512 628
512 649
512 673
512 723
512 763
512 827
512 841
512 847
512 857
512 929
512 951
512 980
102 527
105 527
111 527
138 527
167 527
178 527
278 527
281 527
420 527
471 527
513 527
527 678
527 734
527 918
527 935
146 634
189 634
271 634
323 634
356 634
452 634
497 634
577 634
618 634
634 639
634 696
634 747
634 752
634 754
634 771
634 822
634 864
634 916
28 698
73 698
101 698
219 698
294 698
353 698
419 698
423 698
504 698
629 698
641 698
659 698
698 733
698 747
698 820
698 841
698 891
94 842
108 842
116 842
180 842
225 842
258 842
396 842
576 842
751 842
15 869
26 869
32 869
77 869
103 869
104 869
150 869
152 869
153 869
166 869
195 869
218 869
314 869
462 869
465 869
488 869
562 869
578 869
724 869
729 869
758 869
773 869
780 869
846 869
869 909
869 977
82 918
158 918
244 918
494 918
517 918
543 918
578 918
587 918
707 918
735 918
794 918
801 918
899 918
918 988
66 964
112 964
221 964
237 964
244 964
289 964
292 964
342 964
388 964
430 964
438 964
477 964
520 964
541 964
574 964
599 964
601 964
602 964
642 964
788 964
863 964
904 964
913 964
935 964
8 89
8 107
8 112
8 168
8 197
8 266
8 393
8 396
8 413
8 495
8 516
8 543
8 576
8 597
8 614
8 636
8 723
8 733
8 792
8 814
8 882
8 927
8 960
8 980
89 232
89 422
89 492
89 604
89 639
89 668
89 752
89 756
89 855
89 857
89 924
89 927
98 107
107 214
107 219
107 243
107 326
107 366
107 572
107 598
107 621
107 707
107 709
107 749
107 775
107 820
107 854
107 916
55 112
84 112
106 112
112 249
112 263
112 302
112 339
112 391
112 411
112 485
112 523
112 588
112 623
112 655
112 789
112 802
112 803
21 168
151 168
168 179
168 186
168 363
168 374
168 449
168 460
168 582
168 619
168 700
168 738
168 860
168 903
168 939
168 963
168 986
13 197
24 197
53 197
62 197
92 197
119 197
197 242
197 428
197 444
197 479
197 679
197 712
197 721
197 749
197 771
197 780
197 815
197 888
197 910
197 990
37 266
257 266
266 273
266 349
266 361
266 368
266 434
266 478
266 504
266 719
266 789
266 879
266 895
49 393
126 393
159 393
171 393
274 393
382 393
393 756
393 844
393 845
393 851
393 912
393 917
170 396
173 396
218 396
268 396
356 396
396 507
396 587
396 686
396 760
396 866
396 917
396 948
396 953
10 413
27 413
215 413
250 413
268 413
283 413
413 423
413 539
413 662
413 671
413 692
413 697
413 758
413 832
413 839
413 855
413 873
413 876
413 899
413 945
103 495
211 495
263 495
317 495
334 495
337 495
382 495
431 495
495 546
495 597
495 627
495 699
495 735
495 831
154 516
195 516
217 516
354 516
355 516
458 516
467 516
471 516
503 516
516 540
516 555
516 574
516 675
516 839
516 873
516 907
516 924
516 951
16 543
94 543
105 543
108 543
210 543
374 543
392 543
405 543
441 543
543 566
543 623
543 655
543 667
543 690
543 769
543 797
543 880
543 931
543 953
187 576
202 576
215 576
301 576
330 576
474 576
523 576
549 576
558 576
576 667
576 669
576 979
161 597
182 597
258 597
287 597
299 597
350 597
375 597
423 597
475 597
547 597
559 597
597 695
597 728
597 729
36 614
123 614
196 614
200 614
299 614
370 614
475 614
496 614
506 614
507 614
573 614
594 614
605 614
614 651
614 744
614 795
614 806
614 822
614 876
614 926
614 970
80 636
104 636
142 636
247 636
279 636
460 636
504 636
519 636
539 636
564 636
574 636
577 636
636 658
636 708
636 719
636 751
636 867
636 907
12 723
150 723
225 723
280 723
281 723
302 723
318 723
366 723
368 723
471 723
486 723
508 723
619 723
713 723
723 771
723 865
723 879
723 933
723 986
723 989
77 733
105 733
170 733
179 733
326 733
350 733
468 733
540 733
541 733
632 733
679 733
730 733
733 800
733 864
733 877
733 987
65 792
70 792
158 792
167 792
208 792
247 792
260 792
302 792
388 792
452 792
787 792
792 877
792 913
14 814
67 814
102 814
105 814
162 814
211 814
271 814
281 814
310 814
321 814
369 814
418 814
461 814
523 814
541 814
558 814
623 814
670 814
673 814
794 814
803 814
814 819
814 915
85 882
171 882
468 882
492 882
534 882
582 882
598 882
658 882
684 882
770 882
882 890
882 913
882 981
122 927
128 927
230 927
268 927
307 927
398 927
459 927
487 927
630 927
676 927
849 927
852 927
864 927
927 972
12 960
29 960
67 960
98 960
142 960
174 960
224 960
232 960
311 960
340 960
434 960
436 960
639 960
682 960
718 960
787 960
873 960
896 960
122 980
142 980
222 980
253 980
354 980
382 980
462 980
488 980
665 980
759 980
777 980
839 980
899 980
9 49
9 70
9 354
9 467
9 520
9 583
9 584
9 625
9 628
9 651
9 985
49 77
49 83
49 208
49 217
49 244
49 279
49 317
49 383
49 435
49 475
49 533
49 605
49 658
49 661
49 682
49 692
49 705
49 764
49 819
49 837
49 876
49 878
49 898
36 70
69 70
70 81
70 122
70 145
70 228
70 268
70 355
70 388
70 417
70 424
70 445
70 552
70 656
70 860
70 884
70 929
186 354
207 354
215 354
217 354
294 354
329 354
354 423
354 626
354 659
354 670
354 684
354 775
354 890
354 924
65 467
79 467
95 467
137 467
180 467
325 467
373 467
405 467
431 467
465 467
467 581
467 687
467 761
467 834
467 906
467 942
467 981
135 520
193 520
223 520
236 520
252 520
292 520
400 520
518 520
520 587
520 844
520 923
520 931
120 583
240 583
244 583
448 583
474 583
498 583
501 583
581 583
583 671
583 719
583 725
583 756
583 758
583 817
583 850
583 870
583 915
583 917
583 919
583 976
99 584
103 584
162 584
222 584
418 584
496 584
519 584
562 584
584 686
584 688
584 718
584 742
584 754
584 759
584 849
584 915
584 973
140 625
209 625
282 625
302 625
320 625
494 625
522 625
566 625
577 625
580 625
625 630
625 642
625 663
625 732
625 764
625 815
625 826
625 830
625 877
625 885
625 896
625 934
115 628
117 628
349 628
370 628
377 628
456 628
588 628
606 628
628 720
628 737
628 749
628 785
628 880
13 651
83 651
126 651
170 651
201 651
222 651
314 651
394 651
434 651
443 651
572 651
599 651
620 651
651 797
651 902
651 989
160 985
235 985
356 985
364 985
431 985
433 985
501 985
607 985
735 985
759 985
877 985
906 985
937 985
963 985
966 985
10 40
10 83
10 99
10 235
10 249
10 368
10 451
10 485
10 510
10 535
10 544
10 760
10 808
10 833
10 946
10 976
40 103
40 165
40 203
40 237
40 247
40 259
40 314
40 318
40 384
40 387
40 463
40 511
40 582
40 616
40 703
40 732
40 844
83 102
83 176
83 247
83 253
83 285
83 317
83 329
83 330
83 489
83 663
83 692
83 748
83 777
83 879
83 971
13 99
99 129
99 161
99 209
99 236
99 262
99 326
99 485
99 517
99 524
99 549
99 573
99 575
99 608
99 653
99 700
99 752
99 765
99 805
99 809
99 857
99 908
99 911
99 947
44 235
97 235
221 235
235 240
235 378
235 482
235 532
235 588
235 661
235 669
235 751
235 799
235 810
235 826
235 922
32 249
100 249
116 249
166 249
247 249
249 293
249 328
249 400
249 456
249 500
249 607
249 655
249 711
249 834
249 931
22 368
122 368
192 368
225 368
254 368
268 368
368 383
368 430
368 521
368 585
368 673
368 784
368 855
368 981
368 983
104 451
203 451
246 451
253 451
281 451
371 451
451 479
451 498
451 658
451 682
451 706
451 909
22 485
146 485
205 485
233 485
240 485
285 485
423 485
485 503
485 684
485 715
485 717
485 720
485 758
485 780
485 841
13 510
130 510
263 510
329 510
400 510
407 510
506 510
510 658
510 695
510 957
56 535
145 535
161 535
195 535
217 535
220 535
263 535
458 535
535 643
535 747
535 767
535 806
535 890
535 977
34 544
105 544
182 544
194 544
229 544
290 544
318 544
360 544
419 544
453 544
544 613
544 641
544 653
544 677
544 694
544 697
544 778
544 874
544 911
544 917
544 920
544 973
14 760
176 760
210 760
263 760
268 760
340 760
353 760
398 760
425 760
486 760
557 760
615 760
616 760
647 760
696 760
760 809
760 906
760 911
760 991
760 998
87 808
120 808
398 808
402 808
411 808
447 808
500 808
506 808
540 808
565 808
643 808
677 808
706 808
808 829
808 839
808 847
808 912
808 990
11 833
50 833
255 833
288 833
430 833
436 833
619 833
677 833
735 833
785 833
810 833
31 946
46 946
243 946
245 946
280 946
294 946
475 946
629 946
735 946
801 946
817 946
898 946
946 955
20 976
182 976
212 976
302 976
381 976
402 976
419 976
428 976
564 976
742 976
744 976
757 976
761 976
890 976
912 976
969 976
976 998
11 32
11 182
11 224
11 280
11 323
11 460
11 513
11 560
11 590
11 598
11 612
11 619
11 845
11 858
11 930
11 989
32 41
32 115
32 157
32 179
32 387
32 474
32 587
32 665
32 720
32 742
32 823
32 909
32 972
32 973
32 986
143 182
182 191
182 308
182 328
182 349
182 400
182 420
182 524
182 690
182 696
182 746
182 757
61 224
166 224
192 224
208 224
224 269
224 292
224 488
224 643
224 645
224 735
224 761
224 789
224 830
224 875
224 955
224 982
56 280
220 280
237 280
280 319
280 407
280 468
280 469
280 529
280 542
280 616
280 679
280 707
280 720
280 823
280 856
280 873
280 951
280 966
41 323
94 323
98 323
192 323
296 323
312 323
323 358
323 425
323 488
323 555
323 573
323 605
323 606
323 617
323 642
323 707
323 770
323 843
323 889
323 890
323 916
13 460
28 460
86 460
122 460
218 460
423 460
460 496
460 506
460 549
460 612
460 658
460 739
460 746
460 951
460 954
460 958
460 962
460 979
136 513
166 513
178 513
302 513
406 513
505 513
513 587
513 593
513 594
513 673
513 744
513 745
513 779
513 837
513 878
71 560
152 560
223 560
269 560
270 560
357 560
365 560
370 560
379 560
560 645
560 779
560 845
560 877
560 922
560 949
560 989
35 590
41 590
271 590
356 590
406 590
492 590
589 590
590 618
590 655
590 870
590 879
590 967
61 598
215 598
230 598
283 598
300 598
429 598
598 601
598 694
598 730
598 740
598 767
598 788
598 855
598 877
143 612
231 612
255 612
324 612
500 612
612 618
612 626
612 631
612 855
612 876
612 894
61 619
116 619
122 619
171 619
334 619
359 619
450 619
469 619
496 619
616 619
619 697
619 711
619 766
619 809
619 856
619 933
619 953
619 998
131 845
159 845
212 845
271 845
274 845
308 845
374 845
540 845
646 845
762 845
843 845
845 847
845 938
845 945
845 971
845 989
71 858
103 858
128 858
163 858
215 858
278 858
410 858
447 858
464 858
474 858
478 858
502 858
531 858
566 858
664 858
690 858
765 858
858 899
858 973
73 930
193 930
232 930
264 930
277 930
294 930
334 930
356 930
387 930
500 930
684 930
735 930
815 930
830 930
844 930
926 930
930 942
247 989
285 989
422 989
474 989
477 989
532 989
620 989
644 989
726 989
774 989
963 989
988 989
989 994
12 105
12 135
12 158
12 171
12 285
12 359
12 761
12 778
12 827
12 906
12 938
46 105
85 105
105 152
105 194
105 491
105 526
105 595
105 622
105 659
105 660
105 682
105 691
105 768
105 771
105 790
105 920
105 997
100 135
135 173
135 174
135 188
135 193
135 423
135 479
135 606
135 631
135 701
158 232
158 356
158 465
158 552
158 604
158 850
13 171
24 171
103 171
144 171
162 171
165 171
171 206
171 226
171 457
171 501
171 524
171 577
171 774
171 805
171 823
171 824
171 981
171 988
113 285
136 285
285 326
285 376
285 461
285 683
285 742
285 916
285 936
285 971
133 359
223 359
236 359
359 412
359 482
359 608
359 707
359 747
359 749
359 847
359 877
359 962
55 761
77 761
95 761
145 761
230 761
424 761
443 761
506 761
537 761
587 761
608 761
639 761
667 761
683 761
761 804
761 853
761 942
761 979
761 990
167 778
189 778
325 778
362 778
365 778
398 778
400 778
412 778
448 778
450 778
497 778
553 778
577 778
623 778
626 778
688 778
690 778
729 778
778 911
778 991
29 827
74 827
119 827
187 827
201 827
446 827
643 827
823 827
827 884
128 906
331 906
346 906
358 906
421 906
430 906
658 906
722 906
781 906
818 906
831 906
846 906
906 922
906 965
88 938
131 938
188 938
273 938
526 938
536 938
542 938
622 938
715 938
730 938
770 938
791 938
830 938
854 938
886 938
938 996
13 151
13 167
13 264
13 363
13 385
13 391
13 555
13 567
13 588
13 859
13 871
13 897
13 924
24 151
151 154
151 208
151 292
151 318
151 326
151 330
151 416
151 422
151 465
151 685
151 699
151 741
151 799
151 819
151 826
151 854
151 864
151 872
151 895
159 167
167 242
167 300
167 311
167 358
167 391
167 493
167 536
167 641
167 643
167 729
167 744
167 755
167 781
167 837
167 997
68 264
161 264
162 264
217 264
253 264
264 340
264 477
264 611
264 705
264 739
264 770
264 789
264 877
90 363
129 363
134 363
344 363
363 389
363 421
363 581
363 676
363 707
363 762
363 763
363 789
363 868
363 872
363 916
84 385
108 385
198 385
371 385
385 404
385 443
385 452
385 715
385 875
31 391
117 391
173 391
176 391
194 391
260 391
263 391
391 444
391 462
391 564
391 642
391 751
391 795
391 863
391 871
391 970
81 555
95 555
248 555
281 555
439 555
465 555
504 555
555 606
555 650
555 670
555 799
555 824
41 567
116 567
128 567
152 567
192 567
435 567
458 567
475 567
489 567
567 692
567 741
567 765
567 819
567 876
567 939
157 588
247 588
350 588
390 588
457 588
506 588
588 618
588 660
588 717
588 730
588 742
588 783
30 859
144 859
146 859
447 859
482 859
697 859
783 859
788 859
859 971
859 978
21 871
353 871
402 871
580 871
642 871
643 871
668 871
719 871
758 871
762 871
871 917
871 990
111 897
166 897
251 897
339 897
384 897
445 897
471 897
566 897
572 897
660 897
713 897
749 897
770 897
880 897
897 958
24 924
71 924
183 924
220 924
233 924
257 924
265 924
346 924
370 924
399 924
419 924
471 924
501 924
669 924
677 924
700 924
706 924
709 924
924 968
14 55
14 174
14 519
14 730
14 735
14 771
14 847
14 899
14 948
14 950
16 55
55 62
55 80
55 188
55 189
55 317
55 320
55 381
55 399
55 446
55 477
55 547
55 668
55 669
55 671
55 773
55 798
55 841
55 895
55 953
55 994
116 174
121 174
174 317
174 517
174 646
174 692
174 695
174 725
174 728
174 758
174 769
174 865
58 519
148 519
176 519
183 519
199 519
293 519
301 519
400 519
483 519
519 704
519 815
519 867
519 895
519 945
519 947
20 730
46 730
130 730
217 730
417 730
475 730
589 730
615 730
706 730
724 730
730 774
730 819
730 872
730 898
52 735
149 735
425 735
449 735
594 735
662 735
667 735
726 735
735 737
735 803
735 901
735 968
183 771
218 771
301 771
325 771
355 771
416 771
454 771
586 771
665 771
754 771
771 817
771 951
771 962
771 967
771 994
75 847
283 847
517 847
557 847
607 847
653 847
674 847
847 944
25 899
44 899
56 899
77 899
81 899
154 899
231 899
318 899
353 899
427 899
502 899
620 899
678 899
722 899
758 899
899 901
121 948
230 948
288 948
293 948
308 948
338 948
416 948
507 948
526 948
806 948
113 950
185 950
199 950
207 950
242 950
248 950
294 950
312 950
340 950
435 950
439 950
585 950
647 950
678 950
729 950
766 950
768 950
794 950
885 950
905 950
15 108
15 225
15 274
15 287
15 427
15 439
15 448
15 462
15 593
15 755
15 759
15 777
15 805
15 873
15 955
15 982
28 108
94 108
108 149
108 209
108 307
108 313
108 318
108 375
108 449
108 562
108 602
108 622
108 729
108 734
108 784
108 854
108 895
108 942
108 955
108 967
30 225
95 225
118 225
120 225
205 225
221 225
225 268
225 434
225 441
225 452
225 533
225 592
225 618
225 709
225 748
225 751
225 878
225 921
225 957
225 991
225 1000
28 274
138 274
274 288
274 299
274 375
274 407
274 434
274 692
274 738
274 740
274 777
274 809
274 818
274 920
69 287
170 287
212 287
226 287
287 346
287 402
287 444
287 461
287 503
287 591
287 724
287 746
287 868
287 903
24 427
76 427
82 427
84 427
130 427
209 427
219 427
221 427
278 427
427 521
427 572
427 804
427 843
427 874
427 880
427 949
25 439
77 439
82 439
143 439
170 439
243 439
292 439
331 439
353 439
357 439
364 439
379 439
419 439
423 439
424 439
439 456
439 459
439 482
439 565
439 623
439 686
439 715
439 738
439 755
439 775
439 916
439 943
62 448
120 448
232 448
247 448
353 448
392 448
415 448
443 448
448 477
448 503
448 631
448 769
448 820
448 826
448 843
448 853
448 914
448 932
448 947
31 462
92 462
128 462
277 462
375 462
376 462
416 462
462 479
462 558
462 616
462 650
462 775
462 853
462 973
462 991
47 593
69 593
192 593
364 593
421 593
593 600
593 639
593 640
593 675
593 781
593 798
593 903
593 922
593 932
593 1000
47 755
58 755
161 755
282 755
290 755
365 755
504 755
517 755
546 755
594 755
622 755
728 755
738 755
755 777
26 759
183 759
208 759
302 759
310 759
365 759
501 759
554 759
685 759
701 759
759 791
759 804
142 777
153 777
222 777
241 777
311 777
324 777
388 777
410 777
503 777
546 777
551 777
575 777
592 777
777 779
777 783
777 880
44 805
81 805
115 805
142 805
203 805
230 805
300 805
371 805
434 805
463 805
784 805
804 805
805 890
148 873
219 873
289 873
350 873
373 873
382 873
574 873
678 873
718 873
806 873
873 874
873 934
76 955
129 955
304 955
313 955
453 955
573 955
681 955
807 955
955 997
120 982
165 982
185 982
229 982
267 982
312 982
330 982
365 982
400 982
404 982
419 982
497 982
582 982
627 982
645 982
676 982
725 982
770 982
911 982
923 982
982 995
982 998
16 67
16 73
16 258
16 267
16 270
16 281
16 290
16 339
16 374
16 399
16 445
16 499
16 500
16 502
16 564
16 649
16 694
16 731
16 870
16 910
16 936
16 945
16 965
16 977
67 78
67 195
67 221
67 305
67 309
67 344
67 437
67 444
67 481
67 494
67 613
67 679
67 757
67 818
67 830
67 977
66 73
73 185
73 253
73 288
73 305
73 402
73 507
73 589
73 643
73 766
73 788
73 815
26 258
102 258
163 258
218 258
258 290
258 352
258 374
258 493
258 528
258 580
258 707
258 740
258 809
258 852
258 934
53 267
81 267
185 267
210 267
221 267
267 310
267 343
267 493
267 524
267 549
267 572
267 592
267 655
267 686
267 747
267 860
20 270
34 270
157 270
233 270
270 407
270 420
270 425
270 471
270 564
270 717
270 721
270 768
270 791
270 860
270 909
270 997
36 281
116 281
193 281
213 281
242 281
281 329
281 365
281 366
281 419
281 428
281 433
281 459
281 507
281 715
281 908
281 971
37 290
50 290
77 290
149 290
193 290
255 290
290 339
290 405
290 631
290 695
290 705
290 798
290 854
290 931
290 933
290 990
120 339
159 339
209 339
240 339
338 339
339 653
339 660
339 711
339 798
339 956
339 970
80 374
85 374
103 374
193 374
289 374
336 374
374 441
374 474
374 494
374 558
374 718
374 738
374 784
374 798
374 913
374 971
91 399
146 399
155 399
232 399
304 399
319 399
328 399
345 399
365 399
399 458
399 507
399 540
399 566
399 582
399 629
399 676
399 701
399 711
399 742
399 745
399 804
399 846
399 883
399 892
85 445
434 445
445 478
445 492
445 876
445 954
53 499
142 499
175 499
299 499
318 499
416 499
498 499
499 592
499 595
499 644
499 783
499 832
499 874
499 878
68 500
142 500
213 500
289 500
321 500
353 500
369 500
500 626
500 633
500 639
500 671
500 675
500 681
500 693
500 734
500 758
500 806
500 920
27 502
71 502
103 502
233 502
344 502
346 502
376 502
387 502
476 502
502 594
502 647
502 653
502 663
502 1000
27 564
92 564
134 564
136 564
200 564
228 564
269 564
302 564
381 564
400 564
421 564
517 564
564 617
564 658
564 722
564 764
564 818
98 649
387 649
412 649
521 649
534 649
577 649
603 649
649 668
649 796
649 832
649 849
649 911
35 694
68 694
143 694
162 694
176 694
192 694
202 694
305 694
503 694
691 694
694 712
694 774
694 879
86 731
150 731
154 731
195 731
254 731
313 731
465 731
483 731
529 731
731 876
731 902
731 907
731 919
731 920
731 947
130 870
165 870
262 870
369 870
428 870
522 870
578 870
600 870
644 870
728 870
870 931
81 910
231 910
276 910
447 910
577 910
599 910
620 910
624 910
674 910
676 910
687 910
702 910
738 910
807 910
875 910
886 910
890 910
891 910
910 945
910 991
178 936
294 936
375 936
380 936
424 936
434 936
575 936
580 936
582 936
620 936
695 936
745 936
790 936
819 936
22 945
97 945
100 945
111 945
317 945
379 945
474 945
884 945
929 945
72 965
106 965
161 965
259 965
282 965
345 965
418 965
424 965
475 965
491 965
580 965
744 965
887 965
87 977
140 977
212 977
230 977
259 977
423 977
443 977
509 977
689 977
697 977
699 977
841 977
969 977
977 996
28 84
62 84
84 141
84 142
84 213
84 228
84 366
84 474
84 700
84 780
84 851
84 887
84 889
84 890
84 913
84 940
34 222
113 222
222 289
222 362
222 476
222 547
222 627
222 668
222 764
222 806
222 863
222 943
74 296
188 296
257 296
296 371
296 602
296 876
296 929
296 984
35 343
113 343
116 343
179 343
242 343
250 343
253 343
342 343
343 345
343 365
343 534
343 551
343 566
343 638
343 677
343 787
343 837
343 852
343 855
343 913
157 388
162 388
163 388
233 388
289 388
326 388
364 388
388 411
388 452
388 459
388 461
388 492
388 546
388 607
388 642
388 684
388 693
388 708
388 756
388 765
388 902
388 970
119 419
131 419
173 419
195 419
405 419
419 420
419 558
419 622
419 632
419 633
419 640
419 689
419 742
419 787
137 463
226 463
288 463
463 552
463 603
463 627
463 711
463 718
463 804
463 889
463 892
463 957
85 497
116 497
149 497
193 497
251 497
370 497
497 518
497 561
497 562
497 689
497 757
497 784
497 787
497 820
497 849
497 957
25 606
28 606
80 606
103 606
185 606
228 606
252 606
376 606
420 606
522 606
580 606
606 656
606 695
606 734
606 800
606 807
606 837
606 857
606 939
606 951
47 626
100 626
170 626
312 626
319 626
338 626
405 626
476 626
582 626
626 643
626 864
626 901
626 962
626 966
103 678
129 678
187 678
213 678
228 678
278 678
415 678
422 678
479 678
481 678
482 678
678 717
678 838
678 972
678 984
85 695
253 695
471 695
491 695
505 695
508 695
605 695
641 695
695 902
695 1000
26 773
196 773
496 773
559 773
604 773
742 773
773 825
773 831
773 887
37 813
97 813
142 813
154 813
159 813
233 813
237 813
312 813
406 813
446 813
488 813
523 813
552 813
599 813
803 813
813 816
813 890
53 856
136 856
144 856
148 856
260 856
262 856
302 856
329 856
336 856
601 856
657 856
682 856
729 856
780 856
852 856
856 905
856 987
72 878
118 878
208 878
223 878
256 878
308 878
317 878
366 878
384 878
403 878
412 878
415 878
477 878
479 878
491 878
582 878
655 878
701 878
774 878
878 895
878 916
878 943
100 935
102 935
128 935
186 935
199 935
311 935
384 935
617 935
661 935
756 935
810 935
831 935
935 956
81 256
92 256
133 256
256 412
256 424
256 643
256 704
256 990
82 312
263 312
312 347
312 371
312 408
312 434
312 487
312 526
312 562
312 600
312 639
312 705
312 709
312 893
312 923
312 954
312 963
312 986
20 380
21 380
66 380
122 380
230 380
271 380
313 380
344 380
360 380
369 380
380 475
380 509
380 539
380 594
380 663
380 685
380 697
380 765
380 769
380 790
380 851
27 536
56 536
80 536
220 536
479 536
482 536
511 536
536 548
536 623
536 684
536 686
536 747
536 763
536 765
536 852
536 888
536 909
536 981
98 680
150 680
179 680
221 680
252 680
430 680
504 680
553 680
676 680
680 861
680 908
680 947
680 952
88 789
244 789
288 789
347 789
349 789
350 789
632 789
770 789
789 892
789 909
789 944
789 972
789 981
789 986
97 912
202 912
230 912
305 912
321 912
358 912
461 912
469 912
489 912
655 912
756 912
802 912
820 912
843 912
874 912
912 951
260 953
345 953
411 953
465 953
558 953
644 953
669 953
765 953
801 953
818 953
887 953
901 953
920 953
923 953
94 232
94 366
94 507
94 542
94 798
94 861
94 913
21 201
56 201
196 201
201 231
201 246
201 253
201 269
201 311
201 324
201 375
201 461
201 561
201 575
201 577
201 623
201 645
201 737
201 841
201 867
201 876
78 342
115 342
342 403
342 706
342 720
342 729
342 820
342 880
342 883
342 939
117 420
347 420
420 454
420 509
420 522
420 642
420 693
420 697
420 780
420 855
420 891
81 518
154 518
220 518
362 518
412 518
466 518
518 526
518 557
518 631
518 734
518 762
518 819
518 837
81 780
145 780
183 780
219 780
223 780
251 780
320 780
376 780
404 780
547 780
554 780
638 780
662 780
780 798
780 839
34 801
41 801
100 801
160 801
236 801
278 801
289 801
301 801
370 801
375 801
435 801
473 801
534 801
540 801
577 801
607 801
729 801
734 801
791 801
799 801
801 806
801 807
801 883
801 893
801 942
231 807
245 807
350 807
371 807
398 807
482 807
529 807
645 807
744 807
768 807
807 822
807 921
807 934
104 824
133 824
176 824
289 824
317 824
416 824
478 824
491 824
663 824
670 824
738 824
770 824
783 824
824 851
824 866
824 956
824 987
20 30
20 52
20 61
20 142
20 185
20 301
20 353
20 506
20 548
20 592
20 646
20 656
20 728
20 784
20 816
20 874
20 915
30 64
30 119
30 202
30 237
30 405
30 478
30 521
30 586
30 684
30 758
30 804
30 934
30 962
30 987
52 82
52 103
52 116
52 131
52 242
52 254
52 299
52 404
52 722
52 841
52 879
61 92
61 98
61 202
61 546
61 655
61 710
61 719
61 720
61 803
61 838
61 886
23 142
69 142
142 145
142 162
142 180
142 202
142 268
142 294
142 595
142 676
142 690
142 888
142 970
185 207
185 231
185 248
185 308
185 324
185 434
185 496
185 701
185 710
185 863
24 301
82 301
117 301
141 301
242 301
252 301
260 301
288 301
301 310
301 376
301 526
301 547
301 629
301 631
301 688
301 710
82 353
126 353
136 353
231 353
257 353
288 353
353 415
353 482
353 509
353 547
353 596
353 641
353 689
353 707
353 787
353 790
353 913
353 940
22 506
71 506
97 506
250 506
278 506
319 506
334 506
506 613
506 962
198 548
199 548
246 548
318 548
340 548
367 548
487 548
548 554
548 595
548 617
548 645
548 660
548 683
548 687
548 717
548 916
228 592
311 592
407 592
424 592
438 592
526 592
575 592
585 592
592 596
592 643
592 682
592 714
592 721
592 748
592 831
592 838
592 849
592 963
592 972
288 646
410 646
496 646
521 646
561 646
579 646
646 662
646 739
646 849
646 884
27 656
69 656
115 656
152 656
260 656
300 656
362 656
410 656
415 656
443 656
471 656
483 656
656 657
656 679
656 758
656 797
656 831
656 896
656 902
656 942
50 728
210 728
218 728
402 728
454 728
605 728
668 728
713 728
728 729
728 876
728 937
728 954
728 966
728 979
113 784
141 784
147 784
166 784
375 784
437 784
481 784
577 784
640 784
647 784
757 784
762 784
784 820
58 816
68 816
130 816
143 816
186 816
247 816
303 816
404 816
407 816
562 816
586 816
587 816
624 816
659 816
816 825
816 908
816 909
816 913
816 957
816 984
71 874
97 874
102 874
170 874
191 874
220 874
228 874
338 874
494 874
505 874
508 874
581 874
595 874
613 874
643 874
806 874
822 874
868 874
874 913
137 915
194 915
219 915
243 915
292 915
305 915
318 915
443 915
493 915
498 915
522 915
599 915
692 915
750 915
855 915
915 920
915 939
915 949
21 27
21 37
21 137
21 146
21 150
21 370
21 429
21 641
21 650
21 707
21 781
21 894
21 929
27 213
27 251
27 273
27 310
27 362
27 378
27 604
27 729
27 774
27 815
27 886
27 891
27 904
27 954
27 987
37 97
37 122
37 155
37 176
37 217
37 247
37 398
37 437
37 565
37 604
37 682
37 745
37 803
37 860
37 937
66 137
137 370
137 389
137 498
137 547
137 595
137 639
137 754
137 820
137 865
137 903
137 942
137 981
26 146
58 146
68 146
141 146
146 154
146 206
146 330
146 655
146 706
146 749
146 806
146 879
146 883
146 901
146 911
46 150
150 202
150 228
150 447
150 599
150 620
150 661
150 709
150 861
150 865
150 905
150 947
150 952
22 370
46 370
126 370
136 370
248 370
292 370
320 370
352 370
362 370
370 389
370 491
370 562
370 573
370 706
370 734
370 943
133 429
321 429
365 429
429 459
429 464
429 465
429 540
429 650
429 665
429 696
429 884
429 962
429 991
29 641
35 641
218 641
260 641
311 641
340 641
607 641
641 696
641 762
641 798
641 820
641 860
641 865
641 879
641 896
180 650
189 650
212 650
271 650
443 650
482 650
547 650
559 650
650 683
650 717
650 729
650 752
650 797
650 887
650 913
650 917
66 707
68 707
102 707
186 707
398 707
586 707
674 707
677 707
693 707
707 746
707 846
707 877
707 888
317 781
488 781
541 781
624 781
655 781
779 781
781 822
781 866
781 943
781 951
781 995
36 894
210 894
240 894
277 894
522 894
532 894
552 894
558 894
706 894
722 894
894 904
894 923
894 956
63 929
136 929
226 929
299 929
406 929
602 929
720 929
751 929
796 929
916 929
921 929
22 86
22 138
22 193
22 230
22 242
22 562
22 594
22 602
22 627
22 684
22 741
22 791
22 800
22 803
22 872
86 221
86 311
86 346
86 375
86 412
86 489
86 511
86 517
86 565
86 580
86 687
86 745
86 891
138 145
138 160
138 218
138 331
138 540
138 586
138 699
138 838
138 911
138 961
50 193
80 193
101 193
183 193
193 252
193 279
193 452
193 501
193 585
193 674
193 764
193 852
193 895
193 908
193 941
47 230
117 230
134 230
230 251
230 384
230 428
230 458
230 511
230 532
230 798
230 857
230 913
72 242
74 242
98 242
115 242
123 242
153 242
242 383
242 474
242 521
242 708
242 717
242 721
242 796
242 857
242 866
79 562
90 562
92 562
531 562
562 679
562 752
562 937
562 962
66 594
226 594
255 594
360 594
367 594
394 594
473 594
594 667
594 683
594 685
594 887
74 602
100 602
141 602
217 602
247 602
317 602
326 602
403 602
509 602
575 602
602 691
602 765
602 810
602 861
77 627
116 627
202 627
310 627
362 627
375 627
387 627
404 627
627 632
627 750
627 826
627 861
627 891
627 931
211 684
253 684
273 684
286 684
304 684
321 684
437 684
523 684
679 684
684 970
684 996
87 741
218 741
271 741
310 741
346 741
347 741
384 741
471 741
559 741
675 741
696 741
741 817
741 843
41 791
82 791
91 791
200 791
205 791
240 791
250 791
251 791
289 791
390 791
428 791
476 791
655 791
677 791
768 791
791 843
791 875
791 907
791 1000
118 800
196 800
292 800
430 800
718 800
800 920
800 963
800 990
147 803
232 803
324 803
357 803
378 803
422 803
561 803
668 803
697 803
732 803
767 803
803 898
803 920
803 966
803 997
41 872
200 872
241 872
311 872
356 872
373 872
456 872
554 872
565 872
591 872
618 872
644 872
872 908
872 961
23 106
23 179
23 203
23 206
23 219
23 294
23 384
23 428
23 522
23 658
23 705
23 756
23 765
23 787
23 794
23 822
23 868
23 880
23 957
106 153
106 160
106 331
106 962
75 179
179 347
179 378
179 437
179 453
179 903
188 203
203 223
203 250
203 424
203 465
203 469
203 574
203 679
203 696
203 754
203 922
203 934
152 206
200 206
206 259
206 273
206 328
206 340
206 377
206 688
206 703
206 768
206 861
206 940
206 949
24 219
95 219
102 219
115 219
122 219
209 219
219 247
219 329
219 369
219 487
219 508
219 629
219 675
219 711
219 744
219 797
219 943
85 294
205 294
294 311
294 352
294 446
294 517
294 978
294 999
53 384
209 384
293 384
329 384
336 384
384 441
384 504
384 529
384 703
384 710
384 711
384 715
384 919
384 939
384 971
384 994
102 428
113 428
199 428
358 428
407 428
428 580
428 589
428 747
428 763
428 837
428 839
428 898
428 913
88 522
366 522
375 522
377 522
489 522
522 533
522 577
522 585
522 621
522 708
522 712
522 744
522 919
522 998
100 658
120 658
405 658
498 658
621 658
638 658
658 697
658 834
658 904
658 911
658 973
209 705
289 705
600 705
665 705
676 705
705 762
705 850
705 852
705 937
705 971
101 756
260 756
476 756
575 756
722 756
726 756
756 818
756 820
756 875
66 765
192 765
205 765
288 765
329 765
458 765
489 765
498 765
531 765
725 765
740 765
765 920
765 923
101 787
149 787
208 787
308 787
554 787
557 787
595 787
603 787
624 787
757 787
779 787
787 788
787 815
787 819
787 837
787 886
34 794
56 794
123 794
162 794
213 794
229 794
304 794
307 794
408 794
493 794
539 794
549 794
561 794
617 794
692 794
700 794
762 794
794 931
794 998
26 822
76 822
145 822
268 822
278 822
283 822
367 822
408 822
492 822
533 822
578 822
581 822
758 822
822 860
129 868
190 868
215 868
262 868
410 868
449 868
454 868
549 868
554 868
578 868
581 868
664 868
676 868
704 868
706 868
745 868
768 868
841 868
868 885
868 956
74 880
113 880
131 880
378 880
457 880
635 880
686 880
703 880
708 880
802 880
860 880
879 880
880 923
880 997
36 957
214 957
233 957
539 957
582 957
675 957
699 957
829 957
849 957
943 957
24 192
24 232
24 345
24 494
24 617
24 657
24 745
24 864
24 1000
192 344
192 347
192 446
192 505
192 568
192 591
192 596
192 622
192 644
192 749
192 901
192 975
111 232
118 232
165 232
211 232
232 279
232 321
232 325
232 350
232 488
232 553
232 665
232 669
232 708
232 876
232 971
58 345
131 345
161 345
202 345
208 345
233 345
345 373
345 406
345 443
345 551
345 603
345 608
345 633
345 663
345 748
345 757
345 799
345 830
345 867
345 987
100 494
173 494
402 494
417 494
494 541
494 596
494 709
494 767
494 802
494 819
494 876
494 887
47 617
130 617
162 617
180 617
236 617
283 617
379 617
441 617
559 617
617 754
617 818
91 657
100 657
128 657
136 657
166 657
187 657
200 657
207 657
276 657
356 657
397 657
541 657
657 879
657 905
31 745
58 745
80 745
131 745
469 745
477 745
616 745
623 745
708 745
745 809
745 866
745 943
116 864
136 864
173 864
257 864
260 864
320 864
349 864
424 864
552 864
573 864
575 864
638 864
647 864
704 864
819 864
825 864
864 885
864 956
215 1000
223 1000
226 1000
314 1000
334 1000
338 1000
361 1000
450 1000
474 1000
529 1000
561 1000
700 1000
720 1000
863 1000
888 1000
961 1000
999 1000
25 34
25 65
25 76
25 453
25 635
25 681
25 757
25 903
25 947
34 103
34 136
34 237
34 277
34 469
34 531
34 558
34 618
34 704
34 838
34 891
34 898
47 65
65 71
65 101
65 120
65 162
65 205
65 243
65 259
65 400
65 635
65 647
65 718
65 797
65 799
65 844
76 208
76 253
76 360
76 403
76 466
76 532
76 554
76 611
76 740
76 914
97 453
247 453
382 453
415 453
424 453
453 785
453 891
453 904
453 962
572 635
582 635
635 638
635 655
635 783
635 799
635 916
118 681
461 681
483 681
639 681
681 687
681 892
681 971
681 991
122 757
186 757
358 757
434 757
523 757
524 757
632 757
719 757
757 767
757 796
757 818
85 903
141 903
165 903
170 903
278 903
299 903
300 903
318 903
367 903
376 903
424 903
504 903
524 903
552 903
722 903
898 903
903 904
121 947
221 947
299 947
319 947
473 947
475 947
503 947
604 947
662 947
844 947
861 947
916 947
922 947
926 947
26 173
26 210
26 299
26 447
26 552
26 706
26 746
119 173
144 173
155 173
173 210
173 226
173 248
173 377
173 531
173 561
173 586
173 689
173 971
50 210
79 210
210 309
210 412
210 438
210 457
210 505
210 528
210 595
210 663
210 670
210 747
119 299
120 299
136 299
240 299
241 299
248 299
299 305
299 364
299 421
299 473
299 509
299 558
299 683
299 896
299 909
299 944
299 958
299 994
126 447
196 447
251 447
255 447
257 447
352 447
404 447
447 524
447 566
447 603
447 712
447 825
447 996
28 552
102 552
103 552
157 552
212 552
229 552
236 552
286 552
441 552
532 552
552 618
552 682
552 763
98 706
143 706
180 706
221 706
240 706
241 706
279 706
364 706
403 706
408 706
496 706
533 706
660 706
663 706
706 712
706 734
706 767
706 774
706 825
706 851
706 866
706 969
706 981
120 746
154 746
199 746
329 746
408 746
421 746
450 746
486 746
509 746
600 746
611 746
638 746
670 746
676 746
712 746
746 766
746 853
746 879
95 213
98 213
183 213
213 243
213 250
213 319
213 358
213 387
213 394
213 415
213 425
213 454
213 524
213 539
213 699
213 749
213 798
213 879
213 913
213 920
213 991
87 251
251 412
251 469
251 585
251 675
251 850
62 273
100 273
250 273
273 286
273 308
273 329
273 444
273 466
273 469
273 498
273 534
273 579
273 655
273 685
273 725
273 788
273 797
273 850
68 310
153 310
310 433
310 450
310 754
310 795
310 820
310 829
310 857
310 876
310 996
44 362
69 362
72 362
293 362
308 362
362 366
362 458
362 616
362 689
362 717
362 768
362 797
362 914
362 931
226 378
378 389
378 450
378 688
378 702
378 748
378 826
378 830
378 905
378 943
236 604
241 604
252 604
292 604
397 604
421 604
459 604
473 604
531 604
596 604
604 623
604 797
604 932
604 934
604 994
278 729
314 729
340 729
390 729
402 729
404 729
542 729
546 729
558 729
653 729
688 729
729 883
729 896
729 963
729 990
154 774
259 774
390 774
436 774
464 774
542 774
669 774
690 774
774 843
774 892
774 986
166 815
189 815
408 815
449 815
667 815
815 861
815 962
815 983
319 886
389 886
400 886
402 886
697 886
742 886
767 886
886 954
130 891
379 891
411 891
468 891
471 891
493 891
531 891
673 891
853 891
31 904
72 904
259 904
278 904
303 904
331 904
375 904
402 904
687 904
699 904
804 904
834 904
850 904
884 904
904 969
147 954
241 954
286 954
321 954
450 954
464 954
537 954
541 954
553 954
589 954
629 954
691 954
907 954
911 954
932 954
939 954
954 999
46 987
221 987
304 987
481 987
496 987
511 987
659 987
673 987
719 987
839 987
28 159
28 178
28 248
28 360
28 579
28 725
28 917
28 973
29 159
148 159
159 241
159 262
159 320
159 640
159 887
159 901
159 917
35 178
178 229
178 231
178 324
178 398
178 441
178 549
178 623
178 704
178 893
178 995
85 248
188 248
223 248
248 257
248 307
248 416
248 662
248 683
248 809
248 979
228 360
305 360
347 360
360 505
360 532
360 561
360 762
360 838
360 883
360 944
360 963
360 994
360 997
452 579
468 579
523 579
558 579
579 664
579 670
579 690
579 703
579 725
579 806
579 849
153 725
188 725
226 725
255 725
269 725
496 725
509 725
601 725
613 725
623 725
687 725
46 917
243 917
283 917
526 917
574 917
692 917
804 917
883 917
56 973
77 973
152 973
379 973
661 973
708 973
726 973
751 973
852 973
920 973
973 995
29 277
29 417
29 423
29 526
29 549
29 638
29 676
29 754
29 758
29 764
29 810
29 931
29 961
122 277
130 277
277 486
277 524
277 600
277 902
277 990
53 417
416 417
417 734
417 740
417 751
417 754
417 939
64 423
252 423
255 423
276 423
418 423
421 423
423 540
423 547
423 674
423 739
423 850
423 978
209 526
218 526
233 526
309 526
364 526
526 558
526 595
87 549
115 549
466 549
478 549
479 549
511 549
549 566
549 616
549 722
549 734
549 834
549 850
549 888
68 638
129 638
140 638
194 638
196 638
311 638
331 638
390 638
410 638
524 638
531 638
638 704
638 893
66 676
100 676
180 676
243 676
259 676
438 676
464 676
642 676
676 769
676 832
676 940
121 754
144 754
155 754
163 754
245 754
325 754
361 754
408 754
464 754
511 754
573 754
603 754
631 754
726 754
754 850
191 758
377 758
383 758
446 758
489 758
504 758
621 758
683 758
758 961
758 998
403 764
737 764
764 908
764 981
764 983
161 810
189 810
240 810
403 810
488 810
810 975
63 931
117 931
187 931
207 931
355 931
464 931
710 931
802 931
931 996
35 961
160 961
186 961
247 961
392 961
461 961
572 961
615 961
621 961
748 961
875 961
956 961
64 328
64 383
64 633
64 788
64 841
64 958
79 119
97 119
102 119
113 119
119 194
119 243
119 307
119 318
119 400
119 456
119 558
119 613
119 630
119 712
119 850
119 851
119 939
202 237
202 262
202 465
202 601
202 747
202 969
202 972
214 237
237 305
237 379
237 488
237 581
237 659
237 750
237 963
237 999
133 405
163 405
207 405
228 405
260 405
269 405
324 405
369 405
405 521
405 581
405 640
405 797
405 799
405 911
405 970
154 478
233 478
292 478
365 478
464 478
469 478
478 509
478 554
478 581
478 639
478 687
478 717
478 802
478 837
478 853
478 857
478 896
478 914
478 962
478 967
478 981
69 521
144 521
521 524
521 660
521 767
521 857
521 991
36 586
56 586
126 586
318 586
367 586
410 586
415 586
586 742
586 865
586 867
586 952
586 970
586 975
50 804
145 804
260 804
309 804
311 804
412 804
476 804
481 804
561 804
568 804
585 804
600 804
674 804
804 823
804 876
804 898
804 984
130 934
161 934
231 934
349 934
573 934
700 934
763 934
783 934
74 962
175 962
282 962
320 962
376 962
461 962
469 962
920 962
962 988
31 111
31 190
31 252
31 477
31 488
31 573
31 668
31 674
31 691
31 703
31 710
31 717
31 766
31 802
31 885
31 969
77 111
85 111
111 375
111 416
111 434
111 465
111 469
111 471
111 517
111 717
111 854
111 914
111 966
111 970
111 979
50 190
120 190
134 190
190 223
190 325
190 361
190 459
190 493
190 629
190 663
190 796
190 819
35 252
82 252
189 252
196 252
252 269
252 441
252 539
252 645
252 732
252 860
252 883
41 477
236 477
476 477
477 482
477 504
477 664
477 713
477 732
477 909
477 943
477 990
66 488
122 488
129 488
241 488
254 488
289 488
308 488
314 488
321 488
376 488
488 493
488 533
488 572
488 620
488 699
488 768
488 830
488 893
488 937
498 573
558 573
573 849
573 979
154 668
304 668
433 668
668 863
668 997
104 674
145 674
186 674
320 674
330 674
357 674
404 674
425 674
431 674
674 734
674 839
674 884
674 909
674 986
56 691
129 691
217 691
223 691
288 691
406 691
452 691
523 691
591 691
667 691
691 726
691 742
691 830
691 888
691 956
691 968
140 703
176 703
289 703
471 703
557 703
703 818
703 852
703 941
241 710
254 710
269 710
318 710
468 710
582 710
643 710
667 710
710 713
710 732
710 785
710 860
63 717
75 717
117 717
130 717
134 717
208 717
443 717
554 717
717 719
717 737
717 785
717 846
717 991
47 766
116 766
145 766
253 766
328 766
408 766
465 766
561 766
565 766
624 766
661 766
766 995
78 802
236 802
336 802
561 802
802 853
236 885
254 885
578 885
587 885
667 885
673 885
126 969
144 969
170 969
265 969
307 969
382 969
582 969
601 969
660 969
661 969
797 969
41 221
41 325
41 444
41 509
41 529
41 575
41 596
41 633
41 639
41 708
41 742
41 748
41 889
41 901
75 115
115 215
115 337
115 377
115 459
115 618
115 820
115 860
115 901
115 942
77 157
126 157
144 157
157 194
157 446
157 623
157 740
157 762
157 914
157 937
157 972
121 387
262 387
314 387
387 435
387 498
387 585
387 693
387 844
236 474
240 474
243 474
457 474
474 507
474 547
474 599
474 624
474 740
141 587
205 587
377 587
392 587
450 587
533 587
551 587
587 616
587 644
587 739
587 841
126 665
152 665
282 665
304 665
330 665
381 665
403 665
493 665
557 665
665 697
665 966
665 971
53 720
149 720
271 720
293 720
350 720
422 720
533 720
699 720
720 988
149 742
161 742
205 742
228 742
389 742
397 742
479 742
483 742
565 742
600 742
611 742
708 742
742 884
742 968
44 823
50 823
80 823
90 823
307 823
416 823
466 823
469 823
578 823
613 823
775 823
823 838
823 846
823 939
320 909
375 909
452 909
454 909
479 909
481 909
483 909
557 909
887 909
231 972
302 972
314 972
361 972
437 972
508 972
568 972
832 972
843 972
66 986
162 986
245 986
344 986
355 986
367 986
829 986
968 986
271 336
271 356
271 486
271 632
271 653
271 817
271 841
35 300
66 300
72 300
170 300
194 300
300 337
300 537
300 724
300 740
300 749
300 838
300 926
300 978
154 317
188 317
317 325
317 483
317 603
317 621
317 664
317 682
317 697
317 737
317 752
317 788
317 817
317 889
317 895
77 321
104 321
121 321
292 321
321 328
321 585
321 589
321 876
321 887
347 357
347 407
347 491
347 768
347 855
347 884
347 951
140 356
162 356
186 356
349 356
356 382
356 450
356 844
356 890
356 922
356 958
356 971
356 978
356 988
356 991
170 382
257 382
324 382
382 383
382 566
382 582
382 613
382 643
382 667
382 718
382 740
382 750
382 819
382 876
382 991
69 501
166 501
255 501
314 501
330 501
334 501
377 501
501 508
501 568
501 591
501 662
501 687
501 770
501 851
501 895
134 603
180 603
223 603
313 603
373 603
454 603
517 603
603 852
603 920
58 605
148 605
365 605
452 605
601 605
605 624
605 653
605 708
605 997
47 622
53 622
170 622
199 622
217 622
226 622
278 622
305 622
352 622
431 622
450 622
481 622
622 991
622 999
47 671
214 671
465 671
498 671
524 671
557 671
671 708
671 712
671 820
671 883
165 692
186 692
329 692
418 692
479 692
660 692
677 692
692 732
692 751
692 819
692 996
145 830
199 830
211 830
383 830
644 830
685 830
687 830
830 843
830 963
103 288
103 352
103 456
103 524
103 769
103 863
136 170
136 196
136 262
136 616
136 749
136 796
136 849
136 907
136 968
69 469
143 469
200 469
245 469
337 469
412 469
469 997
100 531
189 531
233 531
240 531
369 531
441 531
452 531
454 531
517 531
531 713
531 860
531 940
35 558
223 558
276 558
329 558
338 558
398 558
558 615
558 696
558 708
558 747
558 749
558 911
558 990
66 618
95 618
349 618
367 618
397 618
491 618
601 618
618 647
618 696
618 752
618 893
121 704
189 704
199 704
207 704
365 704
383 704
487 704
554 704
702 704
704 737
704 892
704 984
44 838
144 838
349 838
696 838
699 838
838 890
838 895
838 908
838 913
838 997
95 898
191 898
221 898
533 898
632 898
726 898
35 68
35 144
35 220
35 298
35 305
35 309
35 349
35 350
35 407
35 411
35 452
35 785
35 825
68 196
68 371
68 412
68 655
68 669
68 883
68 937
56 144
144 444
144 466
144 493
144 582
144 685
144 748
144 939
134 220
220 286
220 305
220 336
220 421
220 475
220 795
220 892
220 998
141 298
208 298
292 298
298 373
298 421
298 533
298 685
298 688
298 702
298 708
298 855
298 887
250 305
304 305
305 697
305 702
305 749
305 750
122 309
233 309
309 346
309 389
309 471
309 508
309 511
309 539
309 591
309 806
309 896
309 944
309 958
62 349
87 349
88 349
170 349
231 349
286 349
328 349
349 491
349 713
349 799
349 837
349 852
349 896
349 902
205 350
229 350
350 465
350 511
350 620
350 653
350 890
268 407
283 407
407 888
407 895
47 411
180 411
371 411
373 411
411 422
411 461
411 503
411 713
411 888
411 994
71 452
166 452
221 452
250 452
452 855
452 866
452 884
452 892
452 921
452 970
452 981
92 785
161 785
175 785
253 785
392 785
785 820
785 922
80 825
400 825
479 825
486 825
721 825
751 825
770 825
825 883
36 50
36 121
36 170
36 352
36 394
36 458
36 492
36 559
36 581
36 582
36 722
36 747
36 788
50 165
50 366
50 402
50 539
50 667
88 121
97 121
121 240
121 357
121 487
121 673
121 855
75 170
152 170
170 247
170 262
170 601
170 697
170 701
170 796
170 907
72 352
82 352
229 352
352 444
352 532
352 540
352 775
352 831
47 394
143 394
152 394
165 394
176 394
278 394
292 394
394 412
394 459
394 473
394 572
394 673
394 877
394 975
134 458
228 458
458 492
458 601
458 893
458 940
358 492
364 492
492 574
492 877
100 559
205 559
373 559
456 559
559 608
559 633
326 581
361 581
400 581
509 581
581 726
581 933
581 988
581 995
176 582
247 582
265 582
402 582
582 621
582 687
582 763
582 799
582 850
82 722
148 722
194 722
208 722
223 722
250 722
269 722
334 722
722 770
722 866
722 978
53 747
77 747
78 747
303 747
421 747
436 747
511 747
669 747
747 861
747 998
97 788
288 788
325 788
398 788
436 788
541 788
664 788
675 788
788 943
788 963
92 97
97 123
97 128
97 262
97 311
97 329
97 997
122 215
122 377
122 553
122 688
122 819
122 926
113 155
155 212
155 260
155 265
155 336
155 438
155 454
155 476
155 608
155 981
66 176
176 524
176 547
176 708
176 713
176 752
176 775
217 269
217 330
217 373
217 553
217 697
217 738
149 247
153 247
194 247
221 247
247 404
247 607
247 643
247 688
247 817
247 846
102 398
338 398
398 418
398 523
398 540
398 644
398 660
398 744
398 892
398 968
118 437
303 437
437 718
437 826
437 901
437 958
286 565
329 565
383 565
441 565
457 565
482 565
529 565
541 565
565 689
565 988
62 682
191 682
328 682
404 682
408 682
596 682
682 734
682 806
246 860
400 860
416 860
425 860
435 860
820 860
860 905
860 984
245 937
329 937
366 937
418 937
660 937
686 937
922 937
937 996
98 133
104 133
133 165
133 208
133 383
133 454
133 699
161 643
161 711
161 737
161 875
161 923
104 288
160 288
288 346
288 481
288 554
288 629
288 677
288 696
288 740
288 850
288 895
402 596
596 853
596 877
596 984
87 662
337 662
466 662
481 662
568 662
640 662
662 790
662 895
662 896
662 978
662 999
71 744
128 744
175 744
377 744
404 744
434 744
498 744
744 852
128 884
180 884
257 884
443 884
751 884
884 895
145 887
165 887
486 887
663 887
718 887
166 896
187 896
311 896
355 896
534 896
615 896
685 896
696 896
837 896
69 120
69 160
69 263
69 278
69 449
69 464
69 561
69 578
69 642
69 687
69 908
69 996
102 123
102 180
102 241
102 481
102 693
102 790
102 806
102 831
102 940
74 198
183 198
198 208
198 215
198 376
198 412
198 430
198 493
198 541
198 737
198 901
198 949
62 245
209 245
245 406
245 456
245 644
245 798
245 926
245 975
245 995
245 997
208 371
255 371
311 371
371 375
371 546
371 551
371 566
371 624
371 639
371 687
371 763
371 768
371 921
371 967
75 410
91 410
104 410
231 410
293 410
325 410
340 410
355 410
410 524
410 616
410 708
410 983
278 578
308 578
578 608
578 624
578 632
578 677
578 697
578 751
56 750
165 750
189 750
196 750
329 750
379 750
517 750
724 750
750 820
750 893
450 997
511 997
523 997
577 997
615 997
621 997
661 997
712 997
809 997
841 997
241 998
851 998
866 998
44 165
165 724
165 734
165 981
131 259
152 259
259 265
259 404
259 421
259 454
259 475
259 575
259 679
259 749
72 314
78 314
314 400
314 553
314 738
314 751
207 318
226 318
268 318
318 435
318 608
318 664
318 712
318 751
318 981
148 511
194 511
207 511
223 511
243 511
400 511
404 511
466 511
511 663
511 689
511 693
126 616
145 616
189 616
292 616
329 616
377 616
616 700
616 818
616 826
616 905
152 732
611 732
689 732
116 844
389 844
450 844
591 844
669 844
844 949
63 221
143 221
199 221
221 465
221 568
80 325
126 325
134 325
292 325
325 534
325 715
325 768
325 901
208 444
444 471
444 839
390 509
509 568
509 608
509 624
509 633
78 529
425 529
456 529
486 529
508 529
529 709
529 721
529 876
71 575
406 575
424 575
433 575
575 624
575 633
575 949
90 633
100 633
214 633
282 633
289 633
308 633
412 633
541 633
561 633
633 713
633 779
633 795
633 905
66 639
129 639
130 639
199 639
253 639
311 639
415 639
436 639
441 639
504 639
639 683
639 890
639 990
191 708
212 708
329 708
379 708
620 708
696 708
708 783
708 877
708 883
708 942
91 748
187 748
200 748
402 748
503 748
601 748
737 748
344 889
493 889
566 889
685 889
737 889
832 889
863 889
98 901
175 901
200 901
337 901
366 901
375 901
446 901
454 901
468 901
624 901
696 901
726 901
901 956
901 988
87 130
130 364
130 422
130 718
130 846
130 958
183 250
214 250
218 250
250 412
250 473
250 599
250 624
250 670
250 893
80 311
175 311
188 311
215 311
228 311
236 311
311 435
311 459
311 479
311 534
311 975
75 336
336 389
336 547
336 829
160 436
229 436
412 436
436 700
436 818
436 940
78 443
443 561
443 572
443 660
443 843
443 995
195 585
244 585
355 585
585 660
585 876
585 883
126 670
279 670
435 670
670 721
670 983
81 883
163 883
209 883
334 883
397 883
677 883
819 883
829 883
866 883
883 966
241 392
324 392
392 473
392 566
392 734
392 739
392 863
392 888
392 941
392 991
79 473
302 473
473 568
473 574
473 645
473 783
302 685
334 685
425 685
589 685
615 685
53 779
90 779
120 779
134 779
260 779
308 779
328 779
338 779
540 779
690 779
779 861
779 967
779 970
779 978
779 994
80 902
92 902
143 902
160 902
244 902
902 911
902 975
44 207
44 402
44 424
44 686
81 207
207 243
207 253
207 397
207 435
207 489
207 679
207 721
207 806
207 857
207 867
207 991
402 441
402 456
402 461
402 623
402 737
402 999
126 424
147 424
424 790
424 798
152 686
307 686
491 686
524 686
613 686
686 702
686 783
686 876
686 926
686 968
194 366
263 366
265 366
355 366
366 383
366 403
366 475
366 726
366 888
366 991
134 373
373 554
373 942
116 397
389 397
397 446
397 630
397 768
71 425
80 425
145 425
286 425
379 425
425 454
425 653
104 461
346 461
129 475
320 475
340 475
475 546
475 608
475 669
475 767
475 968
63 640
191 640
334 640
524 640
546 640
601 640
640 817
640 970
640 971
56 737
58 737
87 737
149 737
358 737
379 737
479 737
615 737
675 737
262 832
303 832
313 832
376 832
415 832
554 832
577 832
669 832
693 832
223 876
302 876
326 876
376 876
534 876
876 908
876 913
876 922
876 979
876 988
876 994
46 140
46 154
46 160
46 338
46 400
46 483
46 632
46 712
46 739
46 795
46 797
46 851
46 853
46 940
46 941
46 994
46 996
140 223
140 304
140 523
140 607
140 661
140 683
140 911
140 926
82 154
154 233
154 276
154 418
154 431
154 566
154 632
154 711
154 981
117 160
141 160
160 214
160 369
160 421
160 430
160 466
160 505
160 837
160 865
160 952
98 338
214 338
338 412
338 479
338 643
338 679
338 690
338 893
338 940
320 400
400 905
400 966
400 968
400 970
400 995
257 483
328 483
433 483
483 566
483 620
58 632
98 632
145 632
303 632
632 970
632 983
632 991
101 712
408 712
416 712
505 712
574 712
580 712
644 712
711 712
72 739
90 739
307 739
326 739
557 739
620 739
721 739
739 826
739 892
739 920
739 942
739 995
85 795
163 795
344 795
700 795
795 819
795 994
77 797
145 797
434 797
797 888
797 908
63 851
123 851
205 851
320 851
433 851
551 851
851 905
851 958
101 853
162 853
355 853
361 853
589 853
806 853
818 853
101 940
162 940
212 940
241 940
276 941
326 941
379 941
557 941
572 941
599 941
660 941
850 941
877 941
895 941
941 975
303 994
422 994
669 994
799 994
861 994
104 996
134 996
187 996
302 996
320 996
491 996
505 996
818 996
865 996
981 996
47 85
47 269
47 539
47 591
47 661
47 875
85 92
85 199
85 319
85 486
85 568
85 661
85 826
85 855
162 269
269 361
269 403
269 435
269 700
118 539
195 539
223 539
286 539
340 539
369 539
539 679
539 769
539 943
539 958
539 975
539 981
81 591
128 591
279 591
454 591
465 591
572 591
591 699
196 661
454 661
661 837
661 956
313 875
466 875
620 875
855 875
205 209
205 963
205 970
66 289
87 289
244 289
289 344
289 621
211 340
218 340
231 340
340 968
375 660
577 660
660 683
660 839
660 865
62 762
74 762
211 762
330 762
629 762
762 837
762 942
762 958
75 790
263 790
659 790
699 790
77 120
77 214
77 263
77 532
77 715
77 798
77 892
77 920
78 208
208 418
208 589
208 820
208 857
208 951
87 244
166 244
244 408
244 422
244 508
244 693
79 279
129 279
279 647
279 679
279 689
304 383
383 406
383 466
383 679
53 435
292 435
367 435
435 664
435 819
435 846
435 944
435 971
90 533
282 533
308 533
408 533
459 533
504 533
533 600
533 623
533 818
533 837
196 819
214 819
344 819
466 819
496 819
561 819
819 907
58 837
82 837
95 837
113 837
153 837
464 837
465 837
551 837
837 866
837 919
196 667
226 667
430 667
667 677
667 806
667 990
116 379
376 379
379 415
379 645
379 834
63 551
134 551
346 551
546 551
551 566
551 644
551 675
551 968
551 981
88 572
98 572
257 572
276 572
456 572
496 572
546 572
572 645
572 713
162 740
740 890
63 879
166 879
240 879
430 879
486 879
503 879
504 879
547 879
879 919
879 966
879 991
422 905
430 905
624 905
713 905
826 905
72 82
82 141
82 188
82 255
82 361
82 481
82 767
82 890
116 479
116 523
116 528
116 537
116 577
116 719
116 857
116 920
116 966
53 131
98 131
131 241
131 377
131 422
131 956
131 990
131 991
195 254
211 254
236 254
254 308
254 329
254 377
254 642
254 914
334 404
404 431
404 770
80 841
260 841
324 841
433 841
595 841
767 841
841 877
841 922
53 163
53 240
53 265
53 364
53 481
53 688
53 877
53 888
53 913
163 416
163 540
163 607
163 796
163 809
163 855
163 921
163 958
240 263
240 361
240 415
240 459
240 719
240 751
240 943
62 265
88 265
104 265
265 326
265 600
265 675
265 768
265 933
162 364
231 364
364 517
364 599
364 659
364 839
364 846
364 933
364 971
369 481
481 921
481 979
481 988
246 688
688 718
688 719
688 751
688 763
688 775
688 911
113 877
263 877
304 877
465 877
713 877
148 888
489 888
553 888
568 888
645 888
850 888
863 888
263 913
308 913
456 913
532 913
595 913
669 913
721 913
913 914
913 968
147 721
147 849
147 951
191 263
263 486
263 493
263 714
81 381
194 381
196 381
381 466
381 532
381 553
381 713
381 718
123 631
547 631
631 714
631 908
631 949
664 769
769 854
66 817
214 817
324 817
326 817
71 855
152 855
331 855
568 855
699 855
806 855
855 907
62 87
62 282
62 999
80 90
80 153
80 574
80 630
80 687
80 857
80 995
75 188
188 246
188 344
188 430
188 456
188 464
188 630
188 892
188 914
189 304
189 476
189 749
189 846
189 854
189 963
320 408
320 446
320 487
320 697
320 763
320 970
320 991
118 446
200 446
231 446
446 852
446 979
104 547
148 547
215 547
253 547
355 547
534 547
547 553
547 624
547 939
72 669
241 669
367 669
71 798
542 798
718 798
798 943
186 895
456 895
600 895
820 895
839 895
895 956
895 983
56 975
123 975
211 975
212 975
253 975
303 975
365 975
415 975
577 975
799 975
806 975
921 975
72 126
120 126
126 346
126 630
126 809
79 307
191 307
307 537
307 599
307 611
307 857
307 932
260 580
278 580
357 580
580 721
580 923
143 942
577 942
763 942
942 958
942 967
58 200
58 246
58 357
58 476
58 528
58 702
58 839
58 852
200 255
200 615
200 624
200 675
214 246
246 319
246 369
246 464
246 702
246 866
246 978
293 357
326 357
334 357
357 600
357 620
357 714
357 715
357 926
81 476
90 476
302 476
337 476
441 476
476 507
476 664
476 991
369 528
528 624
528 653
528 663
528 995
123 702
319 702
663 702
702 714
702 911
233 839
358 839
711 839
751 839
818 839
831 839
839 995
454 852
504 852
713 852
714 852
90 324
90 326
90 517
90 620
90 713
90 849
90 866
117 430
292 430
430 466
430 553
430 675
430 866
430 949
430 952
260 690
308 690
466 690
664 690
690 921
690 981
72 101
72 148
72 454
72 642
72 659
72 689
72 701
72 861
236 324
324 487
241 466
466 566
466 663
466 983
233 566
226 601
422 601
468 601
553 601
601 664
601 834
330 711
465 711
711 718
113 867
186 867
482 867
92 100
92 209
92 308
92 369
92 468
92 659
92 675
98 118
98 329
98 464
98 600
98 620
98 683
98 693
98 796
98 958
71 546
183 546
283 546
355 546
389 546
441 546
465 546
487 546
546 916
134 655
655 683
655 749
655 826
655 857
100 719
229 719
457 719
683 719
719 861
719 932
719 988
79 87
87 262
282 523
282 607
282 683
282 818
282 916
358 999
498 999
677 999
700 999
783 999
829 999
63 693
63 854
104 693
557 693
693 820
693 966
854 921
854 971
79 328
88 328
328 456
328 600
328 892
75 958
195 958
726 958
71 148
71 233
71 377
71 408
71 834
71 970
101 118
101 260
101 517
101 524
101 718
101 967
120 149
120 358
120 623
120 752
120 952
162 376
162 664
162 700
162 907
78 243
195 243
236 243
243 292
243 367
243 422
243 799
243 820
243 843
243 967
129 647
313 647
568 647
608 647
644 647
647 818
647 820
647 893
647 968
123 718
337 718
367 718
449 718
718 919
117 799
303 799
308 799
66 412
66 449
66 806
326 412
412 599
412 607
412 981
433 449
449 493
449 916
128 806
595 806
806 857
806 916
806 919
78 180
78 286
78 293
195 329
195 489
195 768
195 922
231 344
344 454
344 607
344 700
344 749
209 613
229 613
367 613
422 613
613 979
166 679
228 679
229 679
346 679
377 679
645 679
679 699
679 751
679 932
100 818
223 818
389 818
408 818
752 818
196 487
196 700
196 726
196 988
278 418
278 715
74 464
153 464
464 932
464 967
117 561
209 561
302 561
493 561
561 600
504 642
623 642
642 687
642 967
303 687
369 687
493 687
659 687
687 734
687 826
687 863
687 979
687 988
75 908
416 908
645 908
81 118
81 166
81 820
81 826
145 283
145 375
145 568
145 981
186 228
218 228
228 253
228 255
228 532
228 537
228 921
143 268
149 268
187 268
268 389
268 450
268 967
113 355
141 355
148 355
187 355
355 734
355 829
355 890
75 148
79 148
148 229
148 434
148 486
148 644
148 673
148 995
95 233
183 233
233 486
233 607
233 608
233 849
233 907
117 377
377 421
377 459
377 970
128 408
253 408
408 415
408 433
408 595
408 683
553 834
834 990
457 970
468 970
574 970
890 970
79 454
406 454
433 454
454 624
454 849
659 981
276 689
403 689
253 701
450 701
701 809
701 968
390 861
629 861
809 861
826 861
861 926
861 963
180 253
253 337
253 369
253 479
253 653
212 507
255 507
260 507
406 507
507 939
255 589
326 589
334 589
421 589
459 589
541 589
589 595
589 620
589 990
329 643
643 907
74 441
74 568
74 775
134 441
331 441
441 517
95 568
534 568
568 826
568 939
568 968
568 995
104 775
166 775
331 775
503 775
775 920
775 922
75 166
75 212
75 330
75 892
75 978
166 194
166 346
166 644
166 846
186 212
191 212
212 223
212 319
212 709
330 431
330 574
330 933
403 892
820 892
892 991
303 978
403 826
319 532
337 532
459 532
532 984
554 607
554 673
554 724
365 611
611 956
100 914
141 914
540 914
914 995
214 979
199 715
615 715
715 751
715 966
95 920
231 920
255 920
304 920
319 920
459 920
471 920
673 920
863 920
180 229
180 255
180 331
180 850
180 956
152 286
286 375
286 406
286 921
293 337
293 375
293 418
293 491
293 504
293 829
79 113
79 236
79 255
113 191
113 329
113 673
236 365
236 496
236 523
236 542
236 865
236 943
255 434
255 541
255 921
255 923
153 303
153 369
153 482
153 487
153 607
153 709
153 850
153 866
153 919
153 949
574 677
630 724
630 991
104 857
260 857
624 857
696 857
857 890
857 995
503 995
696 995
749 995
846 995
118 517
118 850
118 921
118 926
663 820
820 919
826 916
141 418
141 921
361 456
361 663
361 675
361 734
209 767
231 767
389 767
421 767
523 767
767 768
767 919
415 890
508 890
645 890
724 890
866 890
890 991
302 329
303 329
329 916
468 489
489 503
489 721
489 768
489 963
276 663
302 663
468 663
829 971
187 700
415 700
493 700
496 700
223 319
257 319
319 963
456 486
486 608
486 922
346 534
346 557
375 456
375 768
375 893
496 517
517 557
187 262
262 714
88 540
88 783
88 939
369 540
415 540
540 553
128 783
376 783
683 783
697 783
183 939
406 939
450 939
846 939
919 939
194 422
422 493
422 534
422 645
422 932
422 966
422 988
421 752
491 752
721 752
752 984
326 524
292 620
241 713
491 713
498 713
367 849
504 849
534 849
843 849
849 968
479 866
683 866
866 916
866 944
91 128
91 600
91 809
128 183
128 194
128 468
128 493
128 653
128 988
302 600
313 600
600 608
600 615
600 624
600 721
600 919
600 922
600 988
175 809
241 809
260 809
487 809
809 923
100 231
100 257
100 523
100 537
100 696
209 696
209 967
117 308
308 770
308 990
369 645
465 468
468 726
468 963
183 675
390 675
505 675
675 749
241 406
406 677
365 542
416 542
542 645
542 863
95 117
95 482
95 683
117 241
117 303
117 431
117 629
117 951
257 482
482 865
183 683
629 683
683 846
104 621
186 524
421 524
524 541
524 607
524 863
524 981
276 863
152 923
653 923
923 968
923 990
450 952
523 952
677 952
751 952
952 990
123 768
123 967
714 796
734 796
751 796
129 921
194 608
503 608
608 738
608 968
653 770
416 911
231 471
231 979
257 922
523 979
537 623
537 768
541 696
696 951
390 967
241 303
241 956
143 456
337 456
415 456
456 459
456 677
456 949
457 621
152 496
152 629
152 677
152 699
194 709
292 491
491 843
215 595
313 595
331 595
421 595
595 699
595 843
595 907
292 768
313 768
415 768
331 984
215 709
283 709
607 749
223 916
302 916
471 916
843 916
149 599
149 893
187 313
313 770
421 734
734 922
183 389
276 607
471 607
304 943
416 433
416 471
416 645
416 677
416 922
434 493
434 979
229 465
465 577
465 664
465 721
465 966
415 471
471 949
487 979
949 979
302 450
623 664
191 292
191 493
191 508
191 991
673 850
673 922
673 991
721 770
721 951
276 459
459 487
431 479
479 865
358 577
438 577
577 893
577 926
303 699
541 951
763 951
292 850
645 850
850 907
421 921
508 921
134 358
358 390
487 984
365 599
365 770
223 697
334 697
457 697
557 933
390 615
134 504
334 504
504 968
292 493
493 944
493 990
503 988
498 846
724 846
846 932
450 956
699 956
956 963
922 990
505 677
505 919
292 699
699 907
699 984
134 893
304 907
557 907
843 968
919 968
389 664
498 983
498 984
644 981
143 223
334 418
229 677
599 724
677 932
276 450
421 983
211 421
541 724
186 211
334 738
534 615
175 503
503 770
211 751
211 770
334 984
415 829
