1 2
1 3
1 4
1 5
1 6
1 7
1 8
1 11
1 14
1 15
1 16
1 17
1 18
1 21
1 26
1 28
1 30
1 31
1 32
1 40
1 41
1 43
1 44
1 46
1 54
1 55
1 57
1 62
1 63
1 67
1 70
1 71
1 76
1 85
1 92
1 93
1 97
1 102
1 105
1 107
1 109
1 111
1 117
1 126
1 127
1 129
1 146
1 155
1 157
1 158
1 159
1 160
1 162
1 163
1 170
1 171
1 174
1 179
1 181
1 187
1 190
1 191
1 192
1 208
1 213
1 216
1 229
1 234
1 238
1 242
1 249
1 255
1 267
1 268
1 284
1 294
1 298
1 330
1 339
1 347
1 358
1 361
1 374
1 377
1 388
1 398
1 400
1 405
1 406
1 425
1 430
1 432
1 434
1 437
1 438
1 469
1 475
1 479
1 502
1 519
1 538
1 545
1 557
1 564
1 569
1 572
1 580
1 581
1 608
1 614
1 621
1 656
1 657
1 661
1 667
1 678
1 704
1 707
1 716
1 737
1 754
1 763
1 774
1 785
1 818
1 822
1 842
1 876
1 911
1 915
1 920
1 924
1 943
1 946
1 947
1 961
1 987
1 991
1 999
2 3
2 4
2 5
2 7
2 8
2 9
2 10
2 12
2 13
2 14
2 15
2 16
2 18
2 23
2 25
2 27
2 28
2 32
2 33
2 39
2 43
2 63
2 64
2 71
2 72
2 75
2 76
2 95
2 98
2 104
2 122
2 139
2 147
2 150
2 153
2 179
2 180
2 191
2 200
2 202
2 207
2 212
2 214
2 220
2 261
2 265
2 266
2 270
2 273
2 285
2 288
2 302
2 304
2 305
2 319
2 338
2 346
2 371
2 375
2 377
2 384
2 389
2 390
2 399
2 415
2 417
2 430
2 431
2 441
2 451
2 510
2 513
2 518
2 525
2 543
2 550
2 571
2 572
2 599
2 603
2 607
2 609
2 613
2 618
2 626
2 631
2 651
2 680
2 685
2 704
2 712
2 724
2 738
2 760
2 766
2 787
2 788
2 792
2 802
2 824
2 827
2 864
2 897
2 898
2 908
2 913
2 915
2 940
2 949
2 957
2 973
3 4
3 5
3 6
3 7
3 8
3 9
3 10
3 11
3 14
3 16
3 17
3 18
3 20
3 21
3 23
3 24
3 25
3 30
3 32
3 45
3 48
3 58
3 60
3 64
3 65
3 71
3 76
3 79
3 80
3 81
3 88
3 89
3 94
3 97
3 99
3 100
3 103
3 105
3 106
3 112
3 119
3 130
3 131
3 140
3 141
3 144
3 146
3 161
3 177
3 182
3 183
3 192
3 196
3 200
3 204
3 210
3 215
3 225
3 232
3 235
3 245
3 246
3 249
3 251
3 253
3 255
3 257
3 267
3 273
3 278
3 285
3 286
3 291
3 293
3 301
3 304
3 307
3 312
3 321
3 323
3 327
3 333
3 335
3 349
3 352
3 356
3 357
3 364
3 368
3 369
3 378
3 383
3 394
3 406
3 410
3 418
3 421
3 456
3 458
3 459
3 475
3 486
3 491
3 492
3 496
3 512
3 521
3 529
3 546
3 556
3 580
3 595
3 612
3 640
3 646
3 648
3 658
3 660
3 662
3 678
3 682
3 715
3 719
3 733
3 741
3 761
3 773
3 776
3 792
3 793
3 805
3 817
3 821
3 826
3 832
3 845
3 853
3 858
3 859
3 873
3 878
3 885
3 919
3 923
3 933
3 944
3 961
3 964
3 969
3 975
3 976
3 989
3 993
3 994
4 5
4 6
4 7
4 8
4 9
4 11
4 12
4 15
4 19
4 21
4 22
4 23
4 26
4 31
4 33
4 39
4 40
4 46
4 47
4 48
4 51
4 52
4 54
4 56
4 57
4 61
4 69
4 75
4 80
4 81
4 86
4 88
4 95
4 103
4 105
4 128
4 131
4 142
4 147
4 148
4 162
4 164
4 169
4 174
4 175
4 180
4 184
4 218
4 228
4 236
4 244
4 246
4 251
4 261
4 278
4 279
4 296
4 331
4 336
4 339
4 348
4 352
4 364
4 371
4 386
4 401
4 420
4 430
4 448
4 455
4 460
4 497
4 498
4 511
4 525
4 531
4 548
4 583
4 636
4 638
4 642
4 643
4 649
4 662
4 664
4 665
4 679
4 694
4 712
4 735
4 796
4 798
4 804
4 841
4 844
4 858
4 864
4 886
4 912
4 960
4 970
5 6
5 8
5 9
5 10
5 11
5 13
5 14
5 19
5 20
5 26
5 28
5 29
5 31
5 35
5 38
5 42
5 44
5 45
5 47
5 49
5 64
5 74
5 75
5 77
5 78
5 93
5 94
5 103
5 112
5 113
5 117
5 122
5 124
5 126
5 128
5 134
5 135
5 138
5 140
5 145
5 156
5 158
5 161
5 162
5 183
5 197
5 201
5 205
5 208
5 212
5 225
5 227
5 230
5 233
5 235
5 239
5 246
5 257
5 263
5 268
5 289
5 290
5 291
5 299
5 300
5 301
5 325
5 332
5 339
5 343
5 345
5 346
5 357
5 369
5 370
5 373
5 374
5 379
5 392
5 397
5 439
5 452
5 459
5 467
5 469
5 474
5 485
5 496
5 497
5 515
5 536
5 537
5 541
5 554
5 558
5 566
5 596
5 603
5 631
5 647
5 653
5 659
5 665
5 697
5 704
5 712
5 723
5 729
5 740
5 753
5 755
5 823
5 828
5 842
5 856
5 865
5 875
5 881
5 882
5 895
5 909
5 917
5 923
5 943
5 961
5 992
5 995
6 9
6 11
6 12
6 19
6 20
6 21
6 25
6 26
6 28
6 36
6 37
6 41
6 42
6 45
6 50
6 57
6 60
6 61
6 62
6 70
6 74
6 77
6 85
6 89
6 90
6 102
6 117
6 125
6 126
6 147
6 167
6 169
6 181
6 205
6 206
6 215
6 217
6 233
6 247
6 257
6 272
6 286
6 296
6 318
6 328
6 334
6 341
6 357
6 358
6 360
6 363
6 382
6 383
6 394
6 404
6 413
6 419
6 446
6 504
6 508
6 515
6 523
6 532
6 535
6 560
6 562
6 581
6 595
6 604
6 611
6 632
6 642
6 651
6 654
6 669
6 673
6 682
6 705
6 708
6 773
6 787
6 796
6 836
6 845
6 877
6 884
6 961
6 966
6 982
6 1000
7 12
7 16
7 18
7 19
7 21
7 25
7 27
7 35
7 39
7 46
7 49
7 51
7 52
7 53
7 54
7 66
7 80
7 82
7 109
7 148
7 153
7 179
7 202
7 217
7 235
7 249
7 262
7 321
7 361
7 378
7 391
7 400
7 420
7 451
7 455
7 498
7 510
7 531
7 533
7 548
7 562
7 569
7 587
7 609
7 655
7 663
7 664
7 675
7 679
7 681
7 736
7 757
7 759
7 773
7 811
7 827
7 863
7 875
7 898
7 915
7 946
7 953
7 969
7 976
7 994
8 10
8 13
8 14
8 15
8 16
8 17
8 20
8 22
8 23
8 27
8 30
8 34
8 35
8 36
8 44
8 46
8 47
8 53
8 78
8 87
8 91
8 92
8 104
8 111
8 113
8 114
8 115
8 118
8 124
8 130
8 161
8 163
8 185
8 207
8 218
8 220
8 222
8 229
8 239
8 240
8 242
8 252
8 265
8 270
8 281
8 283
8 297
8 305
8 308
8 312
8 332
8 342
8 345
8 346
8 348
8 352
8 354
8 364
8 372
8 375
8 431
8 466
8 470
8 472
8 478
8 487
8 504
8 507
8 522
8 541
8 543
8 550
8 552
8 592
8 609
8 619
8 670
8 674
8 704
8 726
8 727
8 771
8 797
8 809
8 856
8 860
8 881
8 891
8 901
8 907
8 925
8 932
8 943
8 947
8 981
11 12
11 14
11 19
11 20
11 24
11 26
11 31
11 33
11 36
11 37
11 47
11 52
11 55
11 69
11 71
11 73
11 77
11 80
11 83
11 84
11 86
11 91
11 114
11 125
11 132
11 143
11 147
11 184
11 221
11 225
11 227
11 231
11 247
11 250
11 258
11 269
11 277
11 310
11 317
11 318
11 336
11 350
11 367
11 373
11 387
11 394
11 396
11 432
11 446
11 475
11 494
11 523
11 532
11 537
11 551
11 579
11 612
11 629
11 644
11 653
11 699
11 702
11 705
11 721
11 781
11 792
11 822
11 843
11 874
11 921
11 932
11 937
11 983
11 996
14 17
14 20
14 27
14 38
14 59
14 93
14 104
14 105
14 115
14 119
14 122
14 134
14 141
14 150
14 153
14 171
14 177
14 185
14 216
14 238
14 274
14 280
14 335
14 346
14 374
14 381
14 397
14 494
14 513
14 550
14 552
14 585
14 594
14 612
14 635
14 661
14 666
14 713
14 732
14 785
14 806
14 840
14 843
14 866
14 874
14 955
14 972
9 15
15 22
15 40
15 48
15 64
15 75
15 85
15 92
15 118
15 130
15 137
15 172
15 187
15 189
15 207
15 236
15 240
15 247
15 264
15 275
15 281
15 292
15 294
15 339
15 362
15 366
15 409
15 414
15 415
15 441
15 443
15 458
15 468
15 557
15 571
15 582
15 594
15 613
15 618
15 631
15 638
15 680
15 725
15 752
15 760
15 786
15 794
15 847
15 857
15 944
15 953
15 959
10 16
16 21
16 25
16 35
16 36
16 45
16 63
16 65
16 70
16 96
16 106
16 107
16 114
16 115
16 145
16 150
16 156
16 167
16 170
16 188
16 201
16 219
16 248
16 251
16 271
16 287
16 297
16 310
16 383
16 409
16 427
16 445
16 472
16 544
16 557
16 565
16 572
16 584
16 593
16 601
16 652
16 664
16 687
16 695
16 711
16 768
16 824
16 844
16 862
16 877
16 928
16 978
16 997
16 998
10 17
13 17
17 22
17 23
17 24
17 30
17 34
17 46
17 48
17 58
17 60
17 87
17 99
17 100
17 101
17 105
17 108
17 120
17 121
17 122
17 155
17 171
17 178
17 229
17 252
17 266
17 380
17 384
17 454
17 462
17 464
17 477
17 509
17 540
17 597
17 602
17 605
17 619
17 657
17 710
17 729
17 751
17 763
17 818
17 835
17 855
17 902
17 916
17 928
17 937
17 939
17 997
12 18
18 32
18 33
18 39
18 40
18 43
18 55
18 72
18 127
18 144
18 153
18 165
18 221
18 226
18 249
18 254
18 361
18 390
18 402
18 471
18 497
18 510
18 533
18 592
18 600
18 622
18 748
18 775
18 795
18 941
21 25
21 61
21 89
21 107
21 130
21 167
21 394
21 493
21 634
21 672
21 776
21 836
21 911
26 28
26 31
26 39
26 42
26 44
26 49
26 50
26 52
26 56
26 57
26 67
26 73
26 74
26 90
26 118
26 136
26 146
26 155
26 161
26 162
26 168
26 169
26 170
26 171
26 184
26 193
26 215
26 228
26 250
26 293
26 294
26 329
26 331
26 340
26 368
26 378
26 422
26 453
26 480
26 483
26 491
26 492
26 519
26 545
26 564
26 583
26 636
26 637
26 643
26 648
26 703
26 709
26 757
26 804
26 816
26 893
26 896
26 946
26 974
9 28
28 29
28 41
28 42
28 50
28 62
28 102
28 108
28 110
28 162
28 164
28 178
28 198
28 203
28 233
28 318
28 328
28 362
28 363
28 395
28 412
28 442
28 486
28 493
28 627
28 661
28 712
28 754
28 766
28 850
28 876
28 992
10 30
22 30
30 48
30 65
30 99
30 155
30 166
30 219
30 237
30 249
30 331
30 405
30 412
30 429
30 462
30 464
30 546
30 561
30 814
30 861
30 918
30 923
30 989
31 39
31 44
31 49
31 71
31 74
31 76
31 84
31 87
31 103
31 111
31 123
31 126
31 146
31 149
31 157
31 159
31 175
31 186
31 192
31 215
31 234
31 236
31 256
31 258
31 264
31 274
31 282
31 295
31 313
31 319
31 329
31 353
31 355
31 368
31 375
31 405
31 414
31 418
31 422
31 436
31 440
31 457
31 460
31 538
31 577
31 583
31 588
31 626
31 648
31 677
31 696
31 719
31 725
31 742
31 776
31 780
31 954
23 32
32 40
32 43
32 94
32 97
32 101
32 102
32 103
32 139
32 182
32 226
32 301
32 481
32 508
32 517
32 640
32 750
32 792
32 819
32 833
32 914
32 920
32 974
22 40
40 43
40 55
40 63
40 72
40 84
40 123
40 180
40 191
40 197
40 221
40 226
40 236
40 241
40 362
40 366
40 469
40 497
40 505
40 517
40 524
40 610
40 621
40 647
40 690
40 760
40 775
40 778
40 867
40 876
40 879
19 41
37 41
41 50
41 62
41 66
41 67
41 82
41 139
41 148
41 189
41 208
41 268
41 278
41 287
41 290
41 322
41 337
41 363
41 407
41 476
41 535
41 595
41 608
41 825
41 931
39 43
43 63
43 72
43 84
43 102
43 133
43 160
43 165
43 226
43 398
43 438
43 473
43 524
43 559
43 605
43 680
43 724
43 750
43 794
43 975
39 44
44 73
44 79
44 93
44 113
44 118
44 138
44 154
44 155
44 194
44 199
44 263
44 282
44 303
44 314
44 329
44 348
44 355
44 433
44 445
44 608
44 677
44 729
44 740
44 848
44 961
34 46
46 87
46 91
46 100
46 101
46 111
46 116
46 400
46 656
46 664
46 797
46 901
46 953
46 997
9 54
29 54
37 54
54 57
54 68
54 95
54 109
54 127
54 174
54 190
54 234
54 256
54 270
54 283
54 423
54 502
54 632
54 697
54 881
54 905
54 909
20 55
36 55
55 69
55 72
55 80
55 114
55 123
55 124
55 127
55 144
55 157
55 213
55 255
55 324
55 373
55 382
55 390
55 403
55 449
55 549
55 565
55 591
55 621
55 630
55 728
55 770
55 926
42 57
57 74
57 95
57 105
57 174
57 244
57 256
57 272
57 306
57 378
57 420
57 501
57 709
57 714
57 737
57 846
9 62
29 62
62 67
62 70
62 108
62 110
62 181
62 203
62 206
62 271
62 298
62 328
62 358
62 407
62 412
62 447
62 462
62 505
62 533
62 598
62 622
62 701
62 748
62 866
62 884
62 912
62 965
62 986
25 63
63 84
63 115
63 133
63 150
63 160
63 179
63 191
63 197
63 200
63 209
63 224
63 388
63 502
63 568
63 717
63 794
63 924
63 966
63 978
39 67
56 67
67 136
67 193
67 208
67 260
67 298
67 367
67 406
67 407
67 434
67 490
67 492
67 555
67 598
67 883
67 965
67 974
10 70
65 70
70 85
70 156
70 181
70 201
70 206
70 296
70 682
70 691
10 71
71 76
71 84
71 87
71 123
71 146
71 149
71 158
71 186
71 214
71 216
71 221
71 222
71 227
71 282
71 285
71 291
71 300
71 310
71 319
71 327
71 330
71 336
71 341
71 344
71 421
71 440
71 447
71 454
71 457
71 554
71 630
71 686
71 696
71 767
71 822
76 87
76 111
76 157
76 192
76 229
76 273
76 284
76 295
76 327
76 353
76 406
76 460
76 487
76 634
76 719
76 806
76 826
76 969
9 85
64 85
85 92
85 113
85 121
85 142
85 151
85 172
85 186
85 264
85 275
85 277
85 296
85 365
85 381
85 392
85 459
85 581
85 614
85 624
85 678
85 843
85 929
9 92
92 113
92 118
92 187
92 237
92 240
92 306
92 342
92 409
92 519
92 584
92 693
92 725
92 789
92 991
27 93
59 93
93 138
93 158
93 177
93 199
93 262
93 280
93 303
93 315
93 401
93 433
93 494
93 526
93 577
93 580
93 608
93 718
93 810
93 853
93 909
19 97
53 97
96 97
97 120
97 135
97 192
97 230
97 354
97 798
97 858
97 880
97 983
42 102
102 178
102 347
102 398
102 499
102 763
102 854
102 920
102 935
105 119
105 293
105 381
105 420
105 449
105 501
105 633
105 737
105 846
45 107
65 107
107 167
107 219
107 248
107 396
107 445
107 493
107 565
107 628
107 652
107 821
107 873
107 911
107 997
29 109
37 109
68 109
109 110
109 160
109 234
109 284
109 295
109 316
109 363
109 407
109 408
109 424
109 569
109 570
109 721
109 736
109 741
109 880
109 927
109 957
109 998
87 111
111 126
111 129
111 157
111 163
111 229
111 252
111 267
111 274
111 284
111 466
111 588
111 703
111 901
111 995
35 117
94 117
117 137
117 173
117 205
117 230
117 328
117 452
117 465
117 507
117 561
117 596
117 620
117 639
117 701
117 704
117 905
19 126
126 129
126 159
126 163
126 217
126 246
126 274
126 377
126 472
126 777
126 842
126 929
126 995
9 127
37 127
127 157
127 283
127 324
127 382
127 553
127 671
127 697
127 870
127 926
9 129
68 129
112 129
129 163
129 211
129 359
129 621
129 747
129 929
129 995
10 146
146 158
146 170
146 238
146 285
146 321
146 344
146 486
146 499
146 521
146 580
146 607
146 660
146 667
146 885
118 155
155 249
155 331
155 429
155 462
155 480
155 657
157 192
157 213
157 324
157 588
157 703
157 806
10 158
158 300
158 344
158 374
158 499
158 503
158 528
158 580
158 785
158 896
158 909
24 159
60 159
90 159
159 253
159 393
159 538
159 722
159 842
159 845
29 160
110 160
160 179
160 330
160 408
160 438
160 754
128 162
162 268
162 357
162 379
162 545
162 558
162 810
87 163
163 252
163 281
163 332
163 372
163 377
163 472
163 621
163 726
163 777
163 929
163 933
45 170
106 170
170 209
170 238
170 242
170 294
170 340
170 490
170 498
170 503
170 578
170 607
170 695
170 716
170 731
170 739
170 990
56 171
136 171
171 216
171 479
171 519
171 643
171 645
171 657
171 713
171 738
51 174
142 174
174 184
174 190
174 228
174 256
174 265
174 269
174 273
174 306
174 347
174 351
174 436
174 442
174 524
174 604
174 712
174 727
174 816
174 881
174 940
39 179
179 202
179 214
179 330
179 388
179 391
179 399
179 587
179 602
179 705
12 181
125 181
181 205
181 309
181 326
181 448
181 520
181 673
181 829
181 863
9 187
187 240
187 409
187 426
187 519
187 557
187 571
187 594
187 725
187 991
9 190
10 190
37 190
190 196
190 299
190 347
190 398
190 477
190 478
190 999
25 191
191 200
191 224
191 266
191 320
191 469
191 673
191 717
191 738
191 778
191 924
191 947
191 966
192 460
192 475
192 678
192 806
192 858
192 979
94 208
135 208
208 225
208 268
208 290
208 339
208 361
208 406
208 422
208 425
208 514
208 598
208 633
208 697
208 894
58 213
131 213
134 213
213 255
213 437
213 538
213 591
10 216
214 216
216 311
216 457
216 479
216 554
216 661
216 686
216 713
216 972
23 229
229 267
229 284
229 470
229 619
229 870
229 939
87 234
149 234
234 284
234 295
234 358
234 385
234 407
234 502
234 606
234 909
27 238
115 238
238 242
238 490
238 607
238 667
238 707
238 791
20 242
53 242
242 490
242 498
242 576
242 578
242 707
242 775
242 791
249 331
249 361
249 378
249 405
249 412
249 592
249 595
249 681
249 918
58 255
204 255
255 437
255 556
255 591
255 800
10 267
45 267
267 435
267 646
267 682
267 975
128 268
268 290
268 357
268 361
268 422
268 537
268 653
268 810
268 889
268 931
284 295
284 316
284 358
284 432
284 570
9 294
247 294
294 716
294 774
294 900
19 298
50 298
254 298
298 307
298 323
298 351
298 400
298 463
298 598
298 715
282 330
319 330
330 336
330 465
330 754
330 812
330 911
225 339
339 474
339 598
339 638
339 753
42 347
178 347
347 499
347 737
347 854
347 999
206 358
358 432
358 622
358 701
358 884
361 422
361 425
361 510
361 592
361 681
361 811
361 943
122 374
150 374
374 397
374 545
374 785
13 377
319 377
377 472
377 724
9 388
58 388
134 388
388 591
10 398
37 398
398 477
398 763
254 400
351 400
400 656
400 953
39 405
236 405
405 626
327 406
406 421
406 434
406 826
19 425
227 425
239 425
425 429
425 878
425 943
9 430
34 430
175 430
430 915
20 432
24 432
432 500
52 434
350 434
411 434
434 764
434 825
12 437
66 437
235 437
437 538
437 558
437 574
437 700
437 765
49 438
53 438
244 438
438 444
438 586
438 628
438 734
438 872
438 910
438 927
438 990
13 469
140 469
469 756
469 778
469 876
469 947
469 992
20 475
80 475
475 678
475 979
98 479
204 479
258 479
115 502
209 502
502 909
56 519
519 657
519 991
122 545
150 545
545 564
545 717
545 987
145 557
188 557
557 571
557 664
206 564
356 564
559 564
564 987
140 569
156 569
485 569
569 644
569 736
569 946
37 572
82 572
476 572
572 574
521 580
39 581
56 581
260 581
581 614
581 802
278 608
322 608
608 961
58 614
60 614
266 614
614 668
614 678
614 813
614 993
123 621
621 867
78 656
342 656
354 656
656 903
56 657
657 818
328 661
362 661
661 972
9 667
108 667
665 667
667 973
678 979
270 704
704 957
151 707
392 707
624 707
707 791
145 716
188 716
689 716
716 774
42 737
178 737
737 846
198 754
486 754
754 876
754 911
121 763
122 763
763 902
37 774
317 774
623 774
774 854
774 890
774 978
38 785
185 785
785 955
10 818
602 818
49 822
74 822
659 822
9 842
566 842
486 876
39 915
321 915
12 920
154 920
326 920
52 924
66 924
446 924
161 943
50 946
168 946
332 947
552 947
36 987
310 987
601 987
9 991
39 999
165 999
736 999
9 10
9 13
9 29
9 34
9 37
9 42
9 45
9 48
9 51
9 56
9 58
9 59
9 60
9 64
9 68
9 75
9 78
9 108
9 112
9 113
9 121
9 128
9 131
9 134
9 136
9 142
9 169
9 175
9 195
9 196
9 201
9 203
9 206
9 211
9 233
9 237
9 240
9 241
9 247
9 270
9 289
9 299
9 318
9 325
9 348
9 373
9 399
9 426
9 444
9 453
9 459
9 462
9 464
9 483
9 493
9 525
9 526
9 533
9 553
9 566
9 582
9 584
9 591
9 601
9 606
9 616
9 625
9 632
9 665
9 675
9 687
9 688
9 772
9 796
9 830
9 865
9 889
9 892
9 900
9 922
9 934
9 939
9 945
9 951
9 956
9 967
9 971
9 973
9 986
10 13
10 22
10 24
10 29
10 36
10 37
10 38
10 45
10 58
10 64
10 65
10 79
10 83
10 96
10 106
10 140
10 156
10 166
10 176
10 177
10 194
10 196
10 214
10 231
10 243
10 253
10 259
10 280
10 283
10 300
10 305
10 311
10 319
10 321
10 327
10 416
10 427
10 435
10 450
10 484
10 499
10 501
10 503
10 506
10 528
10 536
10 540
10 542
10 553
10 554
10 570
10 582
10 602
10 605
10 607
10 649
10 666
10 682
10 687
10 690
10 722
10 756
10 826
10 844
10 861
10 869
10 882
10 897
10 903
10 928
10 994
12 19
12 33
12 49
12 52
12 61
12 66
12 69
12 125
12 143
12 147
12 154
12 164
12 205
12 235
12 254
12 275
12 285
12 309
12 326
12 386
12 417
12 426
12 446
12 448
12 511
12 520
12 533
12 550
12 558
12 579
12 590
12 629
12 675
12 685
12 686
12 698
12 730
12 748
12 765
12 771
12 804
12 850
12 860
12 913
12 959
13 29
13 34
13 38
13 59
13 75
13 78
13 138
13 140
13 145
13 207
13 319
13 403
13 435
13 605
13 756
13 862
22 23
23 94
23 101
23 128
23 139
23 211
23 251
23 261
23 419
23 463
23 470
23 508
23 640
23 771
23 784
23 855
23 870
23 882
23 914
23 939
23 941
23 942
23 981
25 27
25 35
25 98
25 115
25 130
25 196
25 200
25 202
25 209
25 217
25 262
25 271
25 287
25 297
25 314
25 456
25 566
25 589
25 640
25 663
25 672
25 679
25 702
25 773
25 827
25 936
25 964
25 965
25 966
20 27
27 53
27 59
27 98
27 115
27 177
27 212
27 217
27 262
27 272
27 297
27 308
27 312
27 315
27 353
27 401
27 417
27 439
27 440
27 556
27 590
27 612
27 635
27 641
27 752
27 782
27 799
27 840
27 898
27 902
27 907
27 918
27 919
27 948
27 984
33 69
33 254
33 275
33 417
33 511
33 629
33 679
33 959
39 56
39 72
39 73
39 79
39 95
39 131
39 153
39 165
39 193
39 194
39 214
39 236
39 260
39 279
39 296
39 304
39 321
39 350
39 355
39 402
39 471
39 473
39 490
39 491
39 559
39 587
39 602
39 615
39 616
39 626
39 703
39 705
39 724
39 736
39 795
39 802
39 807
39 809
39 832
39 841
39 891
39 973
39 976
64 112
64 121
64 172
64 186
64 441
64 443
64 491
64 597
64 599
64 688
64 843
64 885
64 944
64 959
72 95
72 123
72 124
72 144
72 221
72 241
72 279
72 304
72 403
72 471
72 473
72 506
72 615
72 616
72 622
72 647
72 655
72 680
72 770
72 807
72 941
72 980
75 145
75 201
75 263
75 300
75 370
75 403
75 415
75 541
75 685
75 779
75 801
75 864
75 889
95 244
95 279
58 98
60 98
90 98
98 119
98 204
98 212
98 224
98 258
98 625
98 676
49 104
53 104
82 104
104 151
104 265
104 346
104 431
104 452
104 585
104 617
104 739
104 811
104 869
104 958
104 988
100 122
121 122
122 150
122 389
122 509
122 717
122 823
122 902
50 139
66 139
139 189
139 261
139 276
139 289
139 338
139 415
139 508
139 530
139 535
139 613
139 626
139 692
139 824
139 906
139 942
139 984
37 147
147 285
147 317
147 371
147 384
147 446
147 623
147 804
147 966
150 153
150 180
150 288
150 389
150 397
150 552
150 717
150 823
153 180
153 321
153 513
153 940
22 180
180 288
180 401
180 649
180 940
196 200
200 202
200 224
200 232
200 266
200 320
200 385
200 510
200 573
200 600
200 618
200 640
200 673
200 719
200 832
200 892
200 938
196 202
202 232
202 391
202 456
202 548
202 757
130 207
137 207
207 220
207 302
207 670
207 752
207 838
20 212
135 212
212 290
212 301
212 338
212 366
212 746
212 784
212 834
214 311
214 399
214 457
214 602
214 607
214 788
214 802
214 820
214 973
81 220
96 220
152 220
220 270
220 302
220 451
220 518
220 670
220 838
220 857
220 932
69 261
164 261
261 279
261 338
261 415
261 481
261 651
261 835
261 942
261 963
184 265
228 265
265 273
265 305
265 324
265 351
265 431
265 442
265 461
265 603
265 706
265 770
265 940
265 988
58 266
60 266
266 320
266 384
266 416
266 510
266 600
266 618
266 668
266 699
266 738
266 803
266 813
266 887
266 892
266 897
29 270
270 423
270 451
270 632
270 772
270 932
270 957
184 273
273 304
273 324
273 351
273 524
273 543
273 733
285 291
285 384
285 390
285 486
285 793
285 976
22 288
172 288
189 288
288 302
288 333
288 764
288 925
172 302
189 302
302 333
302 334
302 518
302 551
302 857
302 917
279 304
304 350
304 506
304 543
304 615
304 720
304 733
304 827
304 832
304 904
166 305
176 305
305 327
305 375
305 541
305 603
305 690
305 760
305 762
282 319
319 465
319 724
319 812
20 338
135 338
338 366
338 415
338 613
338 626
338 651
338 784
338 906
338 984
124 346
346 585
346 594
346 666
346 739
36 371
243 371
259 371
371 525
371 578
371 658
371 780
371 951
84 375
256 375
375 541
375 542
375 609
375 762
60 384
384 390
384 416
384 749
24 389
243 389
379 389
389 677
389 823
144 390
390 549
29 399
68 399
399 453
399 802
399 820
415 613
415 618
415 685
177 417
308 417
417 440
417 550
417 590
417 799
113 431
348 431
431 988
124 441
308 441
372 441
441 571
441 599
441 829
441 959
49 451
420 451
510 600
510 811
510 897
510 949
48 513
210 513
311 513
513 523
513 576
513 732
513 769
513 790
513 907
513 934
513 967
245 518
325 518
329 518
518 624
518 654
518 815
518 857
112 525
211 525
525 616
525 758
525 934
525 945
525 971
308 543
372 543
543 592
543 827
115 550
550 590
550 685
550 730
550 806
571 594
571 613
571 787
34 599
411 599
482 599
599 922
599 960
45 603
197 603
603 760
607 788
607 908
148 609
531 609
613 631
613 680
613 787
613 814
613 984
600 618
618 699
626 824
626 906
140 631
485 631
631 647
631 680
631 814
167 651
341 651
651 989
680 814
685 730
685 860
685 913
142 712
712 735
712 766
712 887
473 724
724 809
136 738
643 738
366 760
34 766
56 766
684 766
766 782
360 787
535 787
787 796
142 788
193 788
488 788
788 908
387 792
721 792
56 802
802 820
383 824
544 824
679 827
349 864
376 864
516 864
22 897
553 897
897 949
37 898
47 898
563 898
59 908
203 908
837 908
19 913
410 913
755 913
228 940
56 949
136 949
645 949
68 957
741 957
665 973
20 24
20 35
20 36
20 38
20 53
20 59
20 80
20 88
20 94
20 135
20 144
20 152
20 185
20 215
20 245
20 274
20 349
20 369
20 376
20 404
20 410
20 495
20 500
20 529
20 576
20 617
20 752
22 24
24 58
24 60
24 88
24 89
24 90
24 225
24 243
24 245
24 260
24 307
24 315
24 316
24 325
24 329
24 379
24 387
24 443
24 500
24 540
24 553
24 623
24 670
24 677
24 691
24 722
24 731
24 761
24 845
24 855
24 955
45 65
45 77
45 78
45 106
45 183
45 197
45 209
45 210
45 219
45 223
45 435
45 484
45 504
45 646
45 711
45 821
45 859
45 869
45 884
48 65
48 99
48 100
48 108
48 121
48 169
48 210
48 219
48 252
48 276
48 311
48 337
48 386
48 464
48 489
48 523
48 540
48 555
48 576
48 582
48 627
48 675
48 745
48 762
48 790
48 799
48 833
48 838
48 847
48 928
48 937
48 953
22 58
58 60
58 79
58 90
58 120
58 131
58 134
58 176
58 204
58 224
58 556
58 575
58 666
58 668
58 676
58 706
58 729
58 749
58 800
58 935
58 952
58 980
58 993
60 90
60 119
60 224
60 233
60 253
60 383
60 416
60 575
60 601
60 625
60 662
60 687
60 749
60 803
60 855
60 887
60 919
60 985
65 201
65 219
65 237
65 248
65 251
65 396
65 484
65 628
65 637
65 691
65 923
73 79
79 165
79 177
79 194
79 232
79 313
79 492
79 666
79 722
79 740
79 899
80 81
80 86
80 114
80 140
80 218
80 498
80 548
80 700
80 888
80 950
19 81
49 81
53 81
81 86
81 88
81 96
81 99
81 140
81 152
81 244
81 335
81 455
81 461
81 466
81 476
81 514
81 530
81 532
81 692
81 700
81 741
81 808
81 888
81 979
88 89
88 99
88 144
88 183
88 243
88 316
88 391
88 461
88 805
61 89
89 167
89 168
89 243
89 260
89 334
89 344
89 527
89 531
89 560
89 634
89 805
89 836
89 852
89 944
89 962
35 94
94 101
94 103
94 128
94 135
94 137
94 141
94 149
94 152
94 211
94 223
94 245
94 323
94 419
94 452
94 463
94 465
94 481
94 485
94 507
94 579
94 633
94 697
94 718
94 750
94 871
94 894
94 900
94 914
94 974
99 108
99 183
99 210
99 391
99 461
99 464
99 496
99 597
99 741
99 835
87 100
100 101
100 116
100 121
100 178
100 276
100 386
100 477
100 509
100 650
100 751
100 793
103 175
103 182
103 323
103 356
103 579
103 750
103 878
103 954
29 106
83 106
106 166
106 176
106 209
106 210
106 223
106 248
106 259
106 340
106 380
106 418
106 480
106 615
106 695
106 710
106 731
106 826
106 968
106 990
51 112
68 112
112 206
112 211
112 320
112 356
112 359
112 491
112 922
112 945
90 119
119 141
119 293
119 335
119 381
119 449
119 625
119 633
119 874
119 985
22 130
130 137
130 196
130 257
130 394
130 507
130 522
130 547
130 672
130 713
130 765
130 790
56 131
131 134
131 136
131 204
131 296
131 662
131 749
131 886
131 980
140 156
140 335
140 485
140 644
140 756
140 992
35 141
137 141
141 149
141 335
141 402
141 485
141 635
141 681
141 808
141 866
144 349
144 376
144 403
144 456
144 516
144 549
144 639
144 648
144 941
74 161
90 161
161 195
161 235
161 333
161 352
161 483
161 637
161 819
161 910
177 232
177 253
177 262
177 272
177 280
177 303
177 308
177 450
177 526
177 612
177 769
177 799
73 182
118 182
154 182
182 301
182 356
182 423
182 473
182 658
182 759
182 839
182 993
78 183
183 197
183 391
183 496
196 232
196 257
196 299
196 385
196 456
196 478
196 547
196 589
196 713
196 765
90 204
204 258
204 345
204 529
204 706
204 749
204 935
108 210
210 223
210 311
210 418
210 546
210 615
210 732
210 769
210 790
210 821
210 833
210 886
210 968
49 215
215 286
215 293
215 368
215 369
215 404
215 428
215 436
215 611
215 696
215 730
215 772
215 816
215 877
215 879
135 225
225 245
225 315
225 458
225 474
225 514
225 598
225 758
225 923
232 385
232 492
232 573
232 938
66 235
235 333
235 574
235 675
235 759
235 773
235 910
152 245
245 307
245 312
245 315
245 325
245 329
245 458
245 512
245 617
245 691
245 726
245 758
245 815
245 936
19 246
217 246
246 278
246 410
246 459
246 497
246 534
246 643
246 650
246 755
246 853
246 859
246 893
246 912
201 251
251 364
251 877
90 253
253 393
253 450
77 257
257 547
257 560
19 278
148 278
278 287
278 322
278 433
278 467
278 853
278 859
278 865
278 912
19 286
37 286
47 286
286 357
286 368
286 408
286 611
286 879
286 933
286 1000
201 291
263 291
291 397
291 413
291 467
291 474
291 793
49 293
293 428
290 301
301 993
19 307
50 307
307 312
307 325
307 443
307 463
307 726
307 761
307 817
307 936
115 312
312 439
312 522
312 556
312 720
312 809
312 936
321 521
50 323
254 323
323 351
323 579
323 996
176 327
327 416
327 421
327 690
327 952
172 333
333 334
333 910
333 917
335 635
335 681
240 349
247 349
292 349
349 376
349 410
349 456
349 516
349 521
349 539
349 593
349 639
349 817
184 352
228 352
352 448
352 589
206 356
320 356
356 559
356 658
356 878
357 379
357 537
357 810
357 845
357 889
357 933
36 364
114 364
368 422
368 436
368 577
368 730
368 804
368 816
19 369
239 369
369 376
369 404
74 378
378 453
378 595
378 709
378 994
114 383
188 383
383 544
383 611
383 662
318 394
394 776
19 410
217 410
410 521
410 529
410 534
410 536
410 650
410 715
410 747
410 755
186 418
414 418
418 546
418 615
227 421
310 421
456 589
456 648
456 663
456 702
240 458
292 458
458 512
113 459
164 486
198 486
486 660
486 873
486 885
486 964
486 976
73 491
491 885
193 492
492 974
289 496
343 496
496 828
295 512
316 512
363 512
512 768
521 817
90 529
345 529
529 715
529 747
219 546
237 546
439 556
556 800
556 902
556 918
556 948
363 595
595 669
595 708
595 825
595 890
595 894
595 963
612 840
612 843
101 640
640 719
49 646
476 646
532 646
646 859
646 975
329 648
259 658
578 658
658 951
185 660
250 660
517 660
660 873
660 885
296 662
662 919
206 682
50 715
463 715
715 747
353 719
719 832
69 733
73 733
86 733
68 741
110 741
167 761
334 761
341 761
761 972
66 773
295 776
353 776
121 793
650 793
184 805
250 805
644 805
805 904
805 944
805 962
50 817
463 817
167 821
493 821
259 826
826 969
350 832
832 904
832 985
722 845
280 853
303 853
853 859
51 858
184 858
167 873
445 873
873 964
239 878
429 878
59 919
752 919
474 923
923 989
252 933
372 933
443 944
944 962
217 964
262 964
51 969
863 969
226 975
605 975
587 976
167 989
341 989
668 993
536 994
882 994
19 37
19 47
19 49
19 50
19 51
19 53
19 66
19 82
19 96
19 135
19 142
19 148
19 193
19 198
19 217
19 227
19 239
19 254
19 269
19 287
19 337
19 354
19 359
19 365
19 376
19 404
19 419
19 428
19 433
19 466
19 488
19 509
19 515
19 530
19 536
19 619
19 655
19 671
19 686
19 746
19 755
19 779
19 781
19 808
19 863
19 865
19 880
19 958
22 120
22 137
22 166
22 172
22 176
22 189
22 199
22 236
22 281
22 401
22 507
22 522
22 542
22 549
22 553
22 676
22 764
22 771
22 794
22 868
22 882
22 916
22 925
37 47
47 77
47 124
47 185
47 218
47 250
47 408
47 500
47 563
47 767
47 781
47 849
29 51
42 51
51 68
51 142
51 148
51 184
51 193
51 206
51 269
51 309
51 320
51 395
51 436
51 455
51 659
51 727
51 783
51 839
51 863
51 921
51 977
51 982
51 988
49 52
52 61
52 66
52 154
52 184
52 326
52 336
52 350
52 411
52 420
52 446
52 562
52 583
52 825
29 56
34 56
56 116
56 136
56 188
56 228
56 260
56 367
56 585
56 645
56 684
56 782
56 883
56 886
49 61
61 143
61 154
61 167
61 168
61 173
61 426
61 508
61 531
61 560
61 634
61 734
61 743
61 962
36 69
69 73
69 86
69 91
69 164
69 373
69 629
69 636
69 679
69 841
73 86
86 91
86 218
86 277
86 292
86 322
86 367
86 455
86 460
86 528
86 636
86 653
86 700
86 702
86 711
86 783
86 899
101 128
128 211
128 223
128 325
128 348
128 470
128 534
128 653
128 723
128 784
128 855
128 917
121 142
142 151
142 193
142 195
142 269
142 309
142 395
142 488
142 619
142 723
142 735
142 839
142 887
142 956
142 982
66 148
148 198
148 455
148 531
42 164
50 164
164 198
164 279
164 386
164 424
164 481
164 547
164 674
164 835
164 963
90 169
169 464
169 796
169 893
34 175
59 175
175 203
175 668
175 694
175 837
175 954
184 228
184 250
184 324
184 436
184 461
184 644
184 659
184 706
184 770
184 904
184 948
184 950
185 218
218 250
218 517
218 548
218 610
228 331
228 448
228 589
228 770
228 950
236 281
236 362
236 549
236 857
49 244
53 244
244 476
244 514
244 628
244 734
244 910
244 927
279 350
279 355
279 481
279 506
279 720
279 841
331 412
331 429
331 561
331 636
331 798
282 336
336 350
336 411
113 348
276 386
386 489
315 401
401 649
401 844
49 420
420 501
420 562
205 448
448 589
448 863
455 460
455 511
455 642
455 960
460 511
221 497
497 600
497 643
497 665
497 690
497 755
497 775
497 879
490 498
498 503
498 520
498 578
498 739
498 775
275 511
511 642
511 694
511 959
168 531
531 560
391 548
548 757
548 875
123 583
256 583
583 742
91 636
636 798
636 970
123 638
124 638
488 638
77 642
560 642
642 694
642 781
642 960
136 643
643 757
503 649
528 649
649 831
649 844
188 664
108 665
462 665
262 679
679 841
59 694
668 694
29 735
328 735
505 735
735 887
535 796
53 798
120 798
798 970
798 983
422 804
355 841
156 844
844 928
732 886
769 886
108 912
748 912
34 960
922 960
558 970
771 970
836 970
29 34
29 37
29 38
29 42
29 68
29 83
29 110
29 116
29 133
29 231
29 233
29 328
29 362
29 395
29 408
29 423
29 435
29 505
29 533
29 563
29 570
29 585
29 721
29 783
29 862
29 866
29 905
29 981
35 137
35 149
35 152
35 173
35 230
35 271
35 299
35 402
35 639
35 808
38 134
38 185
38 231
38 435
38 563
42 50
42 168
42 178
42 198
42 340
42 373
42 424
42 444
42 539
42 547
42 674
42 783
42 834
42 931
49 53
49 74
49 82
49 143
49 151
49 173
49 428
49 444
49 452
49 466
49 476
49 532
49 620
49 628
49 645
49 659
49 686
49 744
49 746
49 861
49 872
49 968
74 90
74 195
74 272
74 453
74 483
74 659
74 714
74 846
74 896
74 916
37 77
77 83
77 504
77 560
77 669
77 781
34 78
78 138
78 222
78 289
78 342
78 343
78 354
78 903
113 237
113 239
123 124
124 185
124 308
124 372
124 393
124 449
124 471
124 488
124 544
124 630
124 708
124 744
124 829
124 837
134 136
134 241
134 591
53 135
135 230
135 290
135 354
135 359
135 365
135 366
135 428
135 514
135 633
135 746
135 834
135 840
135 847
34 138
138 199
138 718
138 729
138 810
36 145
114 145
145 188
145 300
145 403
145 689
145 779
156 485
156 515
156 536
156 568
156 573
156 644
156 823
84 197
197 610
201 263
201 397
201 413
201 439
201 691
201 856
201 877
201 889
201 939
205 328
205 863
221 227
227 239
227 269
227 310
227 429
227 696
227 875
53 230
230 299
233 395
233 601
233 992
233 995
239 332
239 376
239 429
239 875
118 263
154 263
263 370
263 413
263 742
50 289
189 289
289 343
289 530
289 588
289 692
289 828
289 851
289 865
289 945
290 931
299 478
300 541
300 779
300 801
325 329
325 443
325 623
325 624
325 654
325 670
325 683
325 723
325 726
325 731
325 955
281 332
332 345
332 392
332 495
332 504
332 552
73 343
154 343
282 343
90 345
258 345
345 360
345 392
345 450
345 489
345 495
345 552
345 554
345 698
345 812
345 881
120 370
176 370
199 370
370 567
370 693
370 815
373 444
373 483
373 566
373 931
243 379
260 379
379 387
379 484
379 558
379 677
379 728
379 852
121 392
151 392
392 495
392 554
392 624
397 439
397 467
397 552
115 439
439 856
439 902
82 452
452 465
452 561
452 596
452 620
452 905
287 467
322 467
467 474
474 753
137 485
485 515
485 568
485 573
485 647
485 740
485 895
485 954
217 515
515 568
515 740
515 954
217 536
536 755
536 823
536 882
277 537
367 537
537 889
537 932
541 762
66 558
558 698
558 700
558 765
558 771
558 836
558 868
209 566
314 566
185 596
393 596
544 596
596 652
596 971
123 647
647 895
91 653
653 702
653 711
436 659
283 697
697 894
193 723
309 723
723 917
120 729
729 952
73 740
37 753
283 753
671 753
446 828
532 828
654 828
828 895
53 856
297 856
433 865
865 945
391 875
256 881
771 882
446 895
654 895
334 917
756 992
992 995
36 73
36 96
36 114
36 132
36 243
36 247
36 259
36 283
36 310
36 360
36 427
36 506
36 601
36 641
36 860
36 862
36 926
37 68
37 82
37 83
37 132
37 194
37 283
37 317
37 387
37 408
37 476
37 477
37 500
37 553
37 563
37 574
37 623
37 669
37 671
37 721
37 830
37 854
37 870
37 883
37 890
37 903
37 966
50 66
50 168
50 189
50 254
50 276
50 404
50 413
50 424
50 463
50 509
50 530
50 539
50 588
90 195
90 258
90 360
90 393
90 450
90 706
90 722
90 819
90 846
90 893
53 125
96 125
120 125
125 309
125 523
125 579
125 673
125 874
167 168
167 334
167 341
167 445
167 493
167 508
167 527
167 584
167 734
167 743
167 745
167 852
167 982
206 320
206 559
206 622
206 922
217 262
217 534
217 893
240 247
247 292
247 318
247 360
247 382
247 414
247 494
247 527
247 587
247 900
262 272
272 308
272 714
272 769
272 782
108 318
318 442
318 493
318 494
318 629
318 867
328 362
328 505
172 334
334 341
334 562
334 684
334 852
334 972
186 341
222 341
341 562
341 632
341 684
341 972
258 360
360 382
360 450
360 489
360 527
360 535
360 698
360 812
295 363
316 363
363 424
363 669
363 768
363 825
363 890
363 998
324 382
382 527
382 535
382 565
382 926
404 413
404 419
404 509
404 604
211 419
419 463
419 604
419 941
66 446
446 532
446 654
281 504
508 743
508 745
508 982
311 523
523 576
523 874
523 907
476 532
532 654
532 705
532 979
66 535
560 781
560 962
562 632
562 684
351 604
442 604
188 611
544 611
611 877
611 879
611 1000
632 772
632 951
624 654
83 669
669 708
320 673
587 705
705 891
123 708
471 708
698 836
771 836
836 868
219 884
711 884
839 982
143 1000
231 1000
795 1000
53 82
53 96
53 120
53 151
53 152
53 297
53 317
53 353
53 365
53 444
53 567
53 576
53 586
53 617
53 641
53 655
53 663
53 744
53 801
53 813
53 958
53 983
66 198
66 254
66 276
66 574
66 698
66 700
82 337
82 476
82 574
82 617
82 620
82 663
82 779
82 811
82 869
262 526
262 782
533 986
292 587
414 587
587 800
587 891
221 655
622 655
655 958
589 663
663 702
663 936
582 675
675 759
635 681
165 736
402 736
136 757
73 759
118 759
759 839
617 811
811 869
847 953
34 59
34 91
34 116
34 188
34 222
34 411
34 482
34 668
34 684
34 689
34 727
34 782
34 791
34 803
34 851
34 862
34 922
34 956
87 149
87 178
87 295
87 380
87 385
87 454
87 634
87 726
87 751
87 871
91 797
114 188
114 472
114 689
114 709
114 891
115 209
115 287
115 314
115 522
115 720
115 806
115 978
73 118
118 154
118 240
118 306
118 342
118 423
118 473
118 480
118 575
118 586
118 693
118 742
185 250
185 308
185 393
185 517
185 544
185 610
185 652
185 778
185 955
185 971
149 222
186 222
222 342
222 727
222 791
240 292
240 306
240 426
240 516
121 252
252 281
252 372
252 466
252 478
252 540
252 674
252 683
252 745
252 762
252 786
281 372
281 478
281 549
281 786
281 794
281 807
283 671
283 860
287 297
297 353
297 409
297 907
297 984
308 372
308 393
308 440
308 590
308 592
308 635
308 769
308 829
306 342
342 354
342 487
342 575
342 693
354 359
354 487
354 903
466 530
466 746
466 968
101 470
223 470
470 534
470 870
470 914
470 942
472 777
472 891
472 925
478 674
478 683
478 786
478 807
478 820
295 487
353 487
465 507
507 718
137 522
522 720
522 809
488 619
443 670
670 731
670 838
198 674
674 683
674 820
269 727
727 791
727 921
727 988
698 771
771 981
84 797
256 797
542 797
473 809
730 860
891 925
825 901
890 901
894 901
311 907
764 925
277 932
68 981
905 981
59 203
59 274
59 315
59 494
59 495
59 526
59 625
59 668
59 732
59 752
59 837
68 110
68 133
68 453
68 905
108 110
108 311
108 442
108 462
108 627
108 748
108 835
108 850
108 937
121 151
121 186
121 195
121 276
121 277
121 337
121 365
121 597
121 606
121 650
121 688
121 743
121 762
121 777
121 929
136 241
136 367
136 645
195 606
195 819
195 846
195 956
195 967
110 203
203 271
203 412
203 526
203 837
211 359
211 616
211 747
211 758
211 784
211 892
211 941
219 237
237 584
237 789
221 241
143 426
444 483
444 586
444 931
464 597
483 637
483 896
483 916
526 625
553 830
553 870
83 582
194 582
582 847
445 584
584 789
310 601
601 687
601 862
149 606
385 606
606 672
473 616
616 758
616 807
616 892
616 934
625 985
427 687
84 688
264 688
313 688
688 695
436 772
696 772
772 951
500 830
563 830
889 939
320 892
101 900
481 900
411 922
732 934
769 934
945 971
259 951
188 956
411 956
956 967
311 967
732 967
393 971
165 986
226 986
605 986
83 132
83 143
83 166
83 194
83 231
83 248
83 280
83 480
83 482
83 501
83 714
83 795
83 883
83 921
96 120
96 152
96 243
96 310
96 317
96 427
96 808
96 813
96 880
166 176
166 248
166 280
166 380
166 542
166 710
166 756
166 789
166 861
120 176
176 199
176 259
176 416
176 567
176 710
176 815
176 952
194 883
194 903
143 231
231 570
231 699
231 795
231 921
243 259
243 260
243 316
243 344
243 484
243 578
243 728
243 780
259 506
259 578
280 303
280 501
311 627
311 732
416 749
416 803
416 952
73 427
132 427
427 641
427 930
435 563
435 869
450 489
260 484
484 728
484 852
178 499
499 503
499 854
499 935
490 503
503 520
503 528
503 739
503 831
503 896
506 720
292 528
322 528
528 831
528 896
540 602
540 745
540 799
540 928
84 542
256 542
542 756
316 570
570 880
165 605
226 605
594 666
666 722
221 690
690 879
173 861
645 861
73 132
73 154
73 165
73 277
73 282
73 292
73 313
73 314
73 396
73 641
73 783
73 839
73 899
73 906
73 926
73 930
73 996
84 123
84 133
84 221
84 256
84 258
84 264
84 313
84 568
84 610
84 695
84 767
84 780
84 848
132 143
132 387
132 396
132 482
132 551
132 714
132 937
143 173
143 482
143 645
143 699
143 795
143 831
221 600
221 622
221 696
250 517
250 644
258 264
258 457
258 698
269 839
269 921
186 277
277 292
277 322
277 365
277 367
152 317
317 567
317 623
317 813
317 854
350 355
350 411
350 764
350 825
350 904
350 985
260 387
387 551
387 721
387 983
248 396
396 628
396 637
396 996
494 629
494 732
494 867
172 551
189 551
551 937
551 983
629 867
644 904
600 699
702 711
702 936
702 965
186 843
381 874
921 988
254 996
351 996
154 282
154 326
154 423
154 445
154 742
254 275
254 351
254 748
254 850
264 275
193 309
309 326
309 395
309 977
326 520
326 829
490 520
520 829
440 590
590 635
457 686
698 812
698 868
436 730
110 748
748 850
713 765
765 790
627 850
403 770
403 980
274 495
172 381
264 381
381 449
116 585
585 594
585 739
585 958
635 866
547 713
713 790
732 769
365 840
428 840
840 847
505 866
731 955
137 172
137 173
137 468
137 676
137 752
137 808
172 189
172 264
172 443
172 468
172 676
172 764
172 786
189 692
264 313
264 457
264 695
292 322
292 414
292 516
292 539
292 593
292 783
292 800
362 366
362 505
362 857
366 505
366 746
366 784
287 409
409 768
186 414
282 414
414 800
443 468
468 786
355 725
677 725
786 807
133 794
365 847
116 188
188 411
188 544
188 684
188 689
188 709
219 711
248 380
248 480
248 637
248 652
248 789
110 271
271 447
287 322
287 433
287 671
287 768
282 445
445 565
445 593
445 848
445 938
445 998
393 544
544 652
544 778
324 565
565 593
565 938
565 997
539 593
593 938
593 998
652 778
695 731
316 768
854 978
890 978
101 997
424 998
101 116
101 223
101 477
101 481
120 199
120 567
120 693
120 868
120 916
120 952
178 380
380 454
380 710
380 789
380 977
149 454
454 630
454 710
454 977
477 751
186 597
597 777
710 977
149 751
385 751
751 849
751 871
481 835
835 963
784 855
902 918
896 916
165 226
165 313
165 402
165 559
165 899
165 906
226 517
226 524
226 750
226 819
149 402
402 471
123 471
471 795
622 701
578 775
193 488
193 703
193 977
276 337
337 779
359 747
365 428
365 929
376 516
303 433
433 671
123 488
449 488
530 588
530 851
746 834
746 968
779 801
316 880
880 927
739 958
152 567
152 617
408 500
500 563
500 767
295 634
149 672
385 672
199 303
199 577
199 693
199 718
199 815
199 868
224 676
411 764
870 914
870 942
481 914
914 942
260 344
260 490
260 555
260 883
315 691
315 758
295 316
316 927
329 355
329 623
329 624
329 683
329 815
329 888
355 677
731 990
209 314
209 340
282 314
936 965
598 965
168 340
168 527
168 734
588 703
689 709
351 816
524 816
534 893
750 974
295 353
353 641
353 801
353 984
123 440
641 801
641 926
641 930
745 799
412 918
918 948
324 948
461 948
110 133
110 447
412 561
412 814
351 442
442 627
116 411
116 482
133 568
408 767
408 849
408 930
423 473
423 586
423 872
783 899
620 905
465 561
561 620
561 701
561 814
123 256
123 449
123 728
123 742
123 767
123 848
123 867
149 186
149 385
149 630
149 849
149 871
186 282
186 447
186 777
256 306
256 848
282 447
282 465
282 848
295 407
295 424
313 780
313 899
313 906
436 577
436 696
303 577
588 851
578 780
568 954
517 610
750 819
750 833
819 833
790 833
833 838
411 482
482 714
668 813
684 689
684 803
684 851
689 803
803 851
803 887
173 639
173 645
173 831
516 639
476 514
476 692
476 979
854 890
854 935
825 890
890 894
890 963
473 586
473 872
490 555
320 559
351 524
825 894
424 539
424 547
424 834
516 539
547 834
223 534
223 968
767 849
767 930
385 849
849 930
276 489
276 555
276 650
276 743
489 555
743 745
790 838
151 624
151 744
620 701
628 734
628 872
628 990
645 831
449 744
630 744
744 837
586 872
324 461
449 630
449 633
449 728
630 837
728 852
770 950
770 980
306 575
224 575
224 717
461 706
706 935
749 980
904 985
734 910
734 990
650 743
568 573
700 888
700 950
624 888
683 888
888 950
514 692
624 683
385 573
465 871
718 871
465 718
718 810
465 812
894 963
534 650
910 927
573 938
683 820
