1 2
1 3
1 4
1 5
1 6
1 7
1 8
1 12
1 14
1 16
1 23
1 26
1 27
1 28
1 31
1 32
1 33
1 35
1 36
1 37
1 44
1 47
1 48
1 51
1 52
1 61
1 63
1 66
1 81
1 93
1 112
1 117
1 120
1 129
1 130
1 132
1 135
1 136
1 138
1 140
1 144
1 147
1 154
1 156
1 157
1 171
1 180
1 196
1 202
1 212
1 215
1 228
1 229
1 234
1 236
1 239
1 248
1 258
1 264
1 267
1 268
1 273
1 278
1 279
1 282
1 283
1 284
1 285
1 292
1 304
1 305
1 317
1 318
1 323
1 325
1 327
1 339
1 345
1 346
1 354
1 360
1 362
1 368
1 380
1 382
1 407
1 415
1 423
1 437
1 439
1 448
1 450
1 459
1 460
1 461
1 462
1 472
1 478
1 479
1 494
1 518
1 519
1 524
1 529
1 530
1 546
1 551
1 576
1 581
1 608
1 614
1 627
1 631
1 704
1 714
1 750
1 801
1 818
1 838
1 853
1 888
1 901
1 907
1 926
1 933
1 935
1 938
1 941
1 942
1 985
2 3
2 4
2 6
2 8
2 9
2 10
2 12
2 13
2 14
2 15
2 17
2 19
2 20
2 22
2 25
2 26
2 27
2 31
2 34
2 41
2 54
2 56
2 59
2 63
2 68
2 74
2 77
2 79
2 84
2 88
2 97
2 132
2 134
2 140
2 143
2 153
2 158
2 170
2 173
2 175
2 188
2 191
2 192
2 194
2 196
2 202
2 206
2 209
2 216
2 224
2 230
2 242
2 243
2 245
2 250
2 258
2 259
2 286
2 304
2 317
2 319
2 321
2 335
2 348
2 364
2 373
2 385
2 389
2 395
2 416
2 426
2 436
2 442
2 451
2 453
2 479
2 482
2 500
2 508
2 510
2 515
2 517
2 534
2 543
2 546
2 552
2 553
2 561
2 571
2 575
2 598
2 604
2 607
2 619
2 621
2 623
2 631
2 639
2 641
2 679
2 698
2 721
2 725
2 738
2 741
2 750
2 782
2 785
2 793
2 798
2 808
2 828
2 835
2 861
2 868
2 878
2 889
2 894
2 917
2 928
2 959
2 961
2 967
2 968
2 984
3 4
3 5
3 7
3 8
3 9
3 12
3 14
3 15
3 21
3 25
3 26
3 28
3 34
3 38
3 45
3 46
3 51
3 52
3 55
3 57
3 60
3 64
3 65
3 67
3 75
3 76
3 83
3 96
3 97
3 104
3 109
3 110
3 120
3 123
3 124
3 143
3 148
3 151
3 152
3 165
3 166
3 181
3 189
3 198
3 205
3 207
3 211
3 213
3 215
3 227
3 234
3 238
3 241
3 245
3 250
3 252
3 257
3 261
3 273
3 300
3 301
3 344
3 346
3 355
3 361
3 378
3 402
3 405
3 409
3 418
3 464
3 480
3 498
3 528
3 542
3 545
3 546
3 551
3 558
3 561
3 566
3 567
3 568
3 572
3 574
3 579
3 584
3 600
3 614
3 621
3 626
3 630
3 637
3 640
3 645
3 663
3 666
3 667
3 673
3 674
3 678
3 699
3 710
3 727
3 735
3 792
3 800
3 817
3 828
3 846
3 851
3 857
3 866
3 874
3 922
3 955
3 984
3 994
4 5
4 6
4 7
4 9
4 10
4 11
4 13
4 14
4 16
4 17
4 18
4 20
4 25
4 29
4 31
4 35
4 36
4 39
4 41
4 44
4 45
4 47
4 48
4 49
4 51
4 53
4 55
4 57
4 66
4 69
4 73
4 74
4 78
4 79
4 81
4 86
4 89
4 90
4 95
4 111
4 112
4 123
4 124
4 134
4 136
4 139
4 141
4 145
4 146
4 149
4 152
4 154
4 161
4 170
4 177
4 179
4 184
4 186
4 187
4 198
4 207
4 208
4 222
4 231
4 238
4 240
4 254
4 255
4 260
4 272
4 273
4 276
4 277
4 278
4 282
4 295
4 296
4 298
4 299
4 301
4 304
4 309
4 313
4 316
4 320
4 327
4 329
4 330
4 331
4 342
4 343
4 347
4 351
4 371
4 384
4 394
4 396
4 402
4 404
4 406
4 412
4 414
4 423
4 435
4 441
4 443
4 448
4 453
4 454
4 458
4 463
4 489
4 490
4 503
4 513
4 525
4 541
4 546
4 553
4 562
4 563
4 578
4 581
4 583
4 589
4 597
4 599
4 621
4 623
4 624
4 632
4 633
4 651
4 663
4 678
4 683
4 688
4 693
4 711
4 728
4 732
4 739
4 740
4 745
4 770
4 772
4 783
4 786
4 812
4 823
4 830
4 836
4 846
4 850
4 853
4 854
4 856
4 865
4 872
4 878
4 887
4 918
4 942
4 953
4 959
4 984
4 987
4 993
5 7
5 8
5 9
5 11
5 12
5 14
5 16
5 18
5 28
5 34
5 35
5 39
5 40
5 41
5 45
5 47
5 51
5 53
5 59
5 61
5 66
5 72
5 75
5 90
5 107
5 113
5 123
5 129
5 130
5 134
5 135
5 136
5 137
5 142
5 146
5 147
5 150
5 176
5 185
5 186
5 193
5 195
5 203
5 227
5 233
5 253
5 265
5 267
5 290
5 298
5 306
5 313
5 325
5 328
5 343
5 346
5 380
5 393
5 452
5 474
5 485
5 502
5 509
5 528
5 557
5 583
5 605
5 623
5 630
5 633
5 662
5 680
5 686
5 705
5 712
5 716
5 718
5 731
5 735
5 741
5 742
5 750
5 754
5 757
5 775
5 795
5 861
5 865
5 866
5 870
5 877
5 880
5 995
6 8
6 9
6 10
6 13
6 17
6 19
6 21
6 22
6 23
6 24
6 26
6 31
6 35
6 36
6 46
6 50
6 79
6 80
6 84
6 93
6 94
6 105
6 112
6 126
6 142
6 202
6 205
6 214
6 218
6 248
6 249
6 297
6 321
6 327
6 364
6 367
6 372
6 390
6 412
6 451
6 472
6 495
6 508
6 524
6 527
6 547
6 571
6 582
6 606
6 611
6 626
6 635
6 641
6 649
6 654
6 663
6 671
6 687
6 699
6 804
6 821
6 826
6 828
6 937
7 9
7 11
7 14
7 18
7 20
7 21
7 39
7 41
7 45
7 57
7 69
7 92
7 96
7 107
7 135
7 160
7 161
7 176
7 179
7 200
7 214
7 215
7 217
7 220
7 221
7 266
7 328
7 340
7 350
7 378
7 391
7 395
7 448
7 466
7 490
7 501
7 505
7 531
7 533
7 537
7 564
7 569
7 604
7 630
7 642
7 724
7 725
7 728
7 740
7 790
7 803
7 858
7 864
7 892
7 915
7 920
7 966
8 12
8 17
8 23
8 27
8 28
8 30
8 32
8 36
8 38
8 42
8 48
8 51
8 54
8 56
8 61
8 62
8 84
8 110
8 112
8 117
8 132
8 133
8 137
8 167
8 192
8 202
8 212
8 218
8 221
8 248
8 270
8 285
8 300
8 316
8 382
8 391
8 428
8 439
8 451
8 474
8 488
8 506
8 524
8 530
8 559
8 568
8 580
8 651
8 662
8 736
8 750
8 818
8 842
8 875
8 919
12 17
12 23
12 27
12 30
12 34
12 41
12 85
12 108
12 150
12 167
12 180
12 189
12 191
12 300
12 311
12 317
12 343
12 353
12 375
12 407
12 435
12 478
12 497
12 502
12 517
12 529
12 549
12 627
12 639
12 662
12 736
12 794
12 928
14 15
14 26
14 52
14 55
14 124
14 135
14 180
14 187
14 245
14 292
14 295
14 343
14 370
14 493
14 510
14 566
14 602
14 623
14 649
14 660
14 683
14 728
14 772
14 778
14 810
14 822
14 824
14 836
14 850
11 16
13 16
16 28
16 35
16 36
16 37
16 44
16 48
16 53
16 63
16 71
16 78
16 90
16 102
16 105
16 111
16 114
16 116
16 140
16 149
16 160
16 183
16 187
16 190
16 194
16 253
16 299
16 308
16 316
16 393
16 414
16 448
16 449
16 465
16 489
16 492
16 509
16 535
16 559
16 576
16 596
16 632
16 754
16 834
16 867
16 873
16 882
16 947
16 979
17 23
21 23
23 24
23 27
23 29
23 30
23 32
23 33
23 42
23 44
23 82
23 87
23 101
23 112
23 172
23 178
23 212
23 219
23 221
23 236
23 239
23 256
23 270
23 271
23 286
23 311
23 338
23 361
23 363
23 373
23 375
23 390
23 425
23 434
23 446
23 472
23 507
23 520
23 529
23 538
23 573
23 631
23 635
23 655
23 656
23 684
23 689
23 744
23 830
23 845
23 847
23 905
23 985
23 986
23 988
15 26
26 27
26 35
26 38
26 52
26 59
26 65
26 67
26 85
26 86
26 94
26 115
26 132
26 171
26 181
26 213
26 222
26 257
26 275
26 281
26 292
26 297
26 309
26 326
26 332
26 333
26 334
26 350
26 413
26 418
26 438
26 471
26 503
26 580
26 584
26 602
26 609
26 620
26 631
26 669
26 673
26 766
26 797
26 827
26 828
26 876
26 877
26 883
26 929
26 945
26 994
27 30
27 31
27 42
27 59
27 67
27 84
27 125
27 133
27 158
27 178
27 180
27 216
27 219
27 224
27 251
27 256
27 288
27 311
27 334
27 341
27 435
27 482
27 498
27 520
27 580
27 588
27 675
27 679
27 726
27 738
27 753
27 772
27 794
27 820
27 847
27 944
27 979
27 988
28 37
28 38
28 53
28 71
28 72
28 110
28 120
28 147
28 198
28 207
28 224
28 306
28 308
28 362
28 452
28 519
28 530
28 560
28 566
28 583
28 614
28 731
28 777
28 835
28 857
28 880
28 932
28 974
31 158
31 251
31 256
31 258
31 472
31 477
31 498
31 608
31 768
31 820
13 32
18 32
25 32
32 33
32 43
32 48
32 54
32 61
32 64
32 87
32 93
32 112
32 138
32 182
32 210
32 247
32 275
32 314
32 404
32 405
32 421
32 424
32 437
32 449
32 459
32 464
32 506
32 586
32 610
32 666
32 685
32 714
32 785
21 33
29 33
33 82
33 87
33 93
33 144
33 247
33 270
33 271
33 286
33 424
33 437
33 445
33 467
33 507
33 556
33 595
33 631
33 647
33 790
33 830
33 844
33 967
35 52
35 94
35 186
35 202
35 239
35 364
35 495
35 582
35 712
35 830
35 897
35 942
13 36
36 39
36 48
36 51
36 90
36 102
36 154
36 166
36 183
36 218
36 283
36 285
36 327
36 329
36 382
36 391
36 407
36 454
36 509
36 521
36 551
36 763
36 791
36 822
36 947
10 37
11 37
13 37
37 58
37 71
37 92
37 110
37 139
37 224
37 231
37 322
37 335
37 440
37 465
37 475
37 496
37 552
37 572
37 762
37 779
37 833
37 839
37 899
17 44
21 44
44 47
44 63
44 66
44 78
44 101
44 141
44 154
44 190
44 207
44 236
44 241
44 253
44 281
44 283
44 299
44 303
44 325
44 337
44 393
44 433
44 446
44 449
44 450
44 454
44 487
44 525
44 643
44 668
44 691
44 744
44 748
44 792
44 872
44 892
44 945
41 47
47 57
47 66
47 81
47 89
47 97
47 123
47 128
47 145
47 184
47 222
47 231
47 282
47 283
47 296
47 307
47 328
47 341
47 358
47 388
47 490
47 546
47 548
47 675
47 684
47 745
47 770
47 777
47 825
47 827
47 849
47 855
47 865
47 910
48 61
48 111
48 132
48 154
48 183
48 248
48 273
48 459
48 492
48 647
48 740
48 919
48 953
48 987
51 117
51 137
51 152
51 277
51 285
51 298
51 318
51 327
51 329
51 347
51 371
51 392
51 424
51 436
51 441
51 460
51 462
51 469
51 492
51 521
51 618
51 763
51 907
51 990
52 55
52 65
52 86
52 91
52 98
52 100
52 109
52 129
52 163
52 171
52 182
52 196
52 215
52 222
52 225
52 227
52 239
52 292
52 298
52 314
52 317
52 326
52 370
52 471
52 481
52 483
52 495
52 498
52 504
52 532
52 615
52 636
52 646
52 649
52 811
52 824
52 872
52 894
61 66
61 137
61 176
61 185
61 439
61 459
61 795
9 63
19 63
63 68
63 83
63 103
63 126
63 133
63 140
63 154
63 156
63 190
63 217
63 236
63 267
63 303
63 311
63 326
63 353
63 417
63 431
63 476
63 504
63 535
63 554
63 570
63 637
63 688
63 729
63 771
63 869
66 129
66 141
66 170
66 229
66 241
66 274
66 315
66 325
66 367
66 558
66 715
66 733
66 775
66 795
66 911
66 982
49 81
53 81
60 81
81 89
81 128
81 131
81 147
81 238
81 330
81 512
81 546
81 634
81 855
81 903
81 933
21 93
50 93
93 138
93 144
93 151
93 178
93 205
93 214
93 247
93 249
93 275
93 312
93 367
93 423
93 444
93 520
93 544
93 547
93 602
93 659
93 859
112 248
112 264
112 278
112 323
112 354
112 423
112 506
112 524
112 714
112 804
112 821
112 854
9 117
19 117
83 117
117 137
117 318
117 439
117 462
117 469
117 712
117 962
117 969
94 120
99 120
101 120
120 198
120 234
120 241
120 250
120 280
120 284
120 285
120 344
120 427
120 572
120 710
120 717
120 756
120 764
120 777
120 835
120 974
120 983
98 129
100 129
129 130
129 265
129 268
129 325
129 452
129 494
129 558
129 888
129 982
46 130
99 130
101 130
130 136
130 157
130 265
130 268
130 290
130 292
130 339
130 499
130 555
130 697
130 904
130 989
130 995
59 132
132 212
132 248
132 273
132 416
132 428
132 488
132 631
132 647
132 669
132 793
132 826
132 827
132 913
132 987
53 135
72 135
135 180
135 215
135 228
135 382
135 391
135 585
135 616
135 660
135 728
135 796
135 926
135 938
135 942
20 136
29 136
136 139
136 157
136 161
136 198
136 255
136 331
136 338
136 340
136 371
136 441
136 486
136 494
136 555
136 611
136 677
136 690
136 724
136 749
136 750
136 752
136 760
136 995
18 138
62 138
119 138
138 141
138 153
138 175
138 190
138 423
138 661
138 703
138 714
138 735
138 762
138 864
138 922
68 140
140 798
11 144
13 144
105 144
144 257
144 330
144 413
49 147
53 147
147 235
147 238
147 380
147 408
147 429
147 452
147 509
147 519
147 535
147 560
147 591
147 670
147 676
147 939
147 970
154 156
154 326
154 450
154 518
154 740
21 156
56 156
128 156
156 236
156 326
156 381
156 415
156 432
156 518
156 570
38 157
46 157
73 157
157 168
157 174
157 228
157 265
157 383
157 398
157 411
157 527
157 547
157 555
157 588
157 596
157 616
157 732
157 767
157 795
157 881
157 895
157 980
76 171
80 171
159 171
171 196
171 222
171 431
171 443
171 461
171 483
171 946
30 180
180 288
180 294
180 353
180 382
180 422
180 576
180 585
180 660
180 674
180 810
180 979
180 996
17 196
41 196
196 317
196 426
196 483
196 621
196 657
196 681
196 709
196 799
196 967
192 202
202 364
202 750
29 212
172 212
212 338
212 428
212 451
212 845
65 215
215 227
215 228
215 229
215 298
215 391
215 448
215 462
215 484
215 495
215 616
215 796
46 228
174 228
228 229
228 279
228 527
228 547
228 596
228 695
228 839
228 926
228 935
228 948
141 229
170 229
229 279
229 315
229 367
229 585
229 733
46 234
94 234
101 234
234 241
234 251
234 284
234 425
234 600
234 743
234 787
17 236
236 267
236 305
236 415
236 446
236 489
236 570
236 869
42 239
178 239
239 924
248 264
248 282
248 345
248 360
248 479
248 821
248 919
248 987
91 258
100 258
177 258
258 266
258 703
258 802
10 264
13 264
254 264
264 282
264 323
264 526
264 714
176 267
185 267
267 305
267 489
267 992
11 268
179 268
206 268
268 292
268 322
268 494
268 499
268 550
152 273
273 647
273 817
11 278
176 278
206 278
278 304
278 354
278 423
278 496
278 694
278 768
278 804
278 888
278 918
11 279
43 279
49 279
279 788
279 935
222 282
282 341
282 345
282 368
282 374
282 516
282 691
282 755
282 770
282 818
282 825
282 837
282 920
39 283
166 283
283 325
283 668
21 284
104 284
150 284
284 285
284 345
284 359
284 427
284 437
284 438
284 502
284 717
284 832
285 329
285 391
285 392
285 419
285 427
285 437
285 710
285 832
285 859
285 879
285 908
292 339
292 368
292 461
292 499
292 519
292 579
292 602
292 649
292 801
292 989
10 304
175 304
304 581
13 305
18 305
159 305
305 422
305 489
317 407
317 479
317 497
317 604
317 639
317 928
73 318
179 318
295 318
318 462
318 943
318 977
15 323
99 323
233 323
323 376
323 595
323 714
323 923
325 452
325 558
325 668
325 775
79 327
327 329
327 460
327 551
327 763
327 791
327 985
58 339
131 339
146 339
339 368
339 501
339 555
339 577
339 617
339 661
339 989
104 345
150 345
345 359
345 360
345 362
345 479
345 502
345 713
345 818
59 346
118 346
333 346
346 528
346 789
346 829
346 848
346 851
346 852
346 855
346 896
55 354
109 354
182 354
354 524
354 804
354 862
15 360
25 360
166 360
360 362
360 479
360 730
360 838
360 935
110 362
224 362
362 593
362 838
362 932
362 941
222 368
341 368
368 374
368 461
368 516
368 519
368 579
29 380
109 380
223 380
380 509
380 670
380 723
380 851
218 382
382 576
382 585
382 674
382 942
90 407
166 407
407 454
407 478
407 481
407 497
407 704
407 822
407 889
85 415
118 415
184 415
415 428
415 500
415 525
415 667
415 957
423 854
423 887
423 918
247 437
137 439
439 568
439 969
414 448
448 462
448 901
10 450
13 450
58 450
137 459
176 459
99 460
349 460
426 460
460 899
460 907
460 985
80 461
443 461
461 519
461 669
461 801
462 469
462 492
462 734
462 882
462 901
462 962
373 472
425 472
472 608
472 973
472 986
168 478
262 478
269 478
478 531
478 704
479 604
161 494
255 494
494 534
494 643
494 690
494 803
494 888
57 518
201 518
430 518
518 971
519 579
84 524
97 529
201 529
430 529
529 627
46 530
336 530
366 530
530 614
530 708
530 913
546 621
546 933
546 959
241 551
344 551
190 576
535 576
18 581
240 581
290 581
581 853
581 975
13 608
105 608
194 608
181 614
558 614
614 667
614 710
59 627
336 627
447 627
627 668
627 923
631 669
631 797
631 907
631 913
168 704
531 704
592 704
110 801
552 801
783 801
42 818
580 818
389 838
474 838
829 838
838 941
152 853
289 853
539 853
11 888
694 888
76 901
159 901
457 901
669 907
797 907
907 954
350 926
620 926
766 926
926 938
255 933
808 933
833 933
15 935
166 935
18 938
58 938
557 938
770 941
825 941
865 941
830 942
172 985
538 985
9 10
9 11
9 15
9 17
9 19
9 21
9 39
9 40
9 42
9 45
9 59
9 68
9 73
9 74
9 75
9 83
9 92
9 98
9 100
9 104
9 122
9 124
9 126
9 142
9 150
9 155
9 160
9 162
9 164
9 169
9 174
9 179
9 188
9 205
9 220
9 230
9 232
9 244
9 252
9 293
9 320
9 376
9 389
9 396
9 409
9 411
9 458
9 504
9 513
9 561
9 599
9 605
9 609
9 638
9 641
9 687
9 696
9 706
9 726
9 738
9 757
9 790
9 802
9 819
9 850
9 867
9 871
9 904
9 940
9 952
9 969
9 1000
10 11
10 13
10 15
10 18
10 19
10 20
10 24
10 34
10 49
10 53
10 58
10 60
10 62
10 74
10 77
10 79
10 95
10 105
10 119
10 122
10 139
10 152
10 153
10 159
10 165
10 169
10 170
10 175
10 185
10 210
10 211
10 223
10 243
10 247
10 254
10 344
10 356
10 357
10 369
10 374
10 384
10 412
10 418
10 433
10 445
10 468
10 515
10 534
10 540
10 542
10 571
10 607
10 663
10 721
10 725
10 726
10 732
10 746
10 751
10 770
10 771
10 800
10 804
10 809
10 810
10 839
10 878
10 906
10 927
11 13
13 18
13 19
13 22
13 24
13 25
13 39
13 43
13 50
13 54
13 58
13 65
13 71
13 77
13 92
13 102
13 105
13 107
13 114
13 116
13 121
13 126
13 127
13 159
13 160
13 182
13 194
13 210
13 211
13 232
13 254
13 257
13 301
13 319
13 321
13 322
13 335
13 370
13 375
13 379
13 386
13 395
13 422
13 435
13 456
13 508
13 523
13 526
13 570
13 596
13 620
13 654
13 692
13 695
13 707
13 739
13 746
13 806
13 810
13 813
13 819
13 860
13 939
13 991
11 15
15 25
15 38
15 40
15 46
15 72
15 82
15 83
15 94
15 99
15 100
15 122
15 149
15 166
15 194
15 216
15 233
15 246
15 249
15 297
15 356
15 359
15 376
15 410
15 485
15 510
15 522
15 544
15 648
15 671
15 808
15 815
15 834
15 846
15 874
15 923
15 998
17 21
17 41
17 42
17 54
17 56
17 79
17 85
17 96
17 99
17 102
17 124
17 155
17 270
17 306
17 349
17 390
17 426
17 433
17 599
17 611
17 658
17 681
17 709
17 799
17 892
17 916
17 963
19 22
19 24
19 34
19 50
19 80
19 83
19 88
19 103
19 121
19 133
19 158
19 162
19 193
19 210
19 226
19 287
19 373
19 465
19 467
19 533
19 600
19 610
19 619
19 636
19 641
19 712
19 748
19 815
19 891
19 949
19 971
11 20
20 29
20 95
20 139
20 338
20 420
20 486
20 693
20 878
20 892
22 50
22 77
22 80
22 107
22 127
22 183
22 188
22 189
22 197
22 232
22 250
22 259
22 263
22 444
22 451
22 465
22 467
22 600
22 619
22 626
22 729
22 786
22 857
18 25
25 54
25 64
25 78
25 97
25 127
25 165
25 166
25 194
25 254
25 314
25 366
25 403
25 464
25 469
25 543
25 570
25 730
25 741
25 753
25 984
34 75
34 88
34 103
34 134
34 150
34 153
34 158
34 162
34 173
34 189
34 195
34 203
34 226
34 280
34 291
34 300
34 337
34 351
34 430
34 470
34 471
34 522
34 606
34 613
34 707
34 758
34 861
41 45
41 55
41 57
41 85
41 97
41 102
41 107
41 108
41 161
41 186
41 200
41 201
41 221
41 240
41 266
41 296
41 340
41 350
41 351
41 402
41 517
41 621
41 657
41 681
41 692
41 716
41 756
41 783
41 811
54 56
54 62
54 64
54 70
54 78
54 116
54 127
54 143
54 168
54 173
54 182
54 203
54 242
54 270
54 302
54 315
54 316
54 366
54 375
54 379
54 446
54 641
54 708
54 785
54 814
54 876
54 917
54 957
54 958
54 965
21 56
42 56
56 62
56 70
56 96
56 99
56 116
56 128
56 145
56 167
56 306
56 379
56 381
56 455
56 477
56 507
56 538
56 559
56 563
56 641
56 706
56 730
56 787
56 820
56 840
56 843
56 900
56 963
39 59
59 67
59 68
59 75
59 84
59 85
59 87
59 108
59 113
59 115
59 118
59 125
59 216
59 245
59 275
59 289
59 294
59 320
59 333
59 336
59 416
59 447
59 571
59 588
59 601
59 634
59 660
59 672
59 733
59 742
59 772
59 789
59 821
59 827
59 829
59 855
59 896
59 928
39 68
68 75
68 122
68 320
68 504
68 634
68 738
68 798
68 821
68 867
68 890
74 77
74 79
74 152
74 165
74 169
74 191
74 230
74 242
74 289
74 376
74 506
74 508
74 539
74 541
74 673
74 726
74 785
74 809
74 889
74 949
77 165
77 170
77 188
77 191
77 206
77 232
77 335
77 395
77 506
77 553
77 607
77 949
77 968
79 152
79 175
79 185
79 209
79 223
79 242
79 243
79 319
79 329
79 356
79 364
79 389
79 403
79 406
79 500
79 540
79 611
79 612
79 658
79 679
79 721
79 779
79 846
79 894
79 963
79 976
79 998
67 84
84 108
84 125
84 192
84 341
84 385
84 421
84 587
84 875
21 88
24 88
29 88
88 91
88 103
88 109
88 134
88 163
88 181
88 199
88 225
88 286
88 300
88 337
88 351
88 352
88 373
88 412
88 471
88 522
88 536
88 590
88 759
88 761
88 781
88 884
88 891
88 917
88 949
57 97
97 143
97 165
97 201
97 296
97 430
97 543
97 545
123 134
134 146
134 173
134 286
134 291
134 299
134 384
134 628
134 929
78 143
127 143
143 173
143 561
143 698
143 708
62 153
119 153
153 515
153 607
153 735
153 861
153 864
103 158
158 162
158 251
158 256
158 383
158 385
158 477
158 780
158 971
141 170
170 260
170 315
170 394
170 463
170 534
170 585
170 715
170 812
127 173
173 291
173 315
173 543
173 911
173 929
18 175
141 175
175 190
175 209
175 237
175 540
175 661
175 779
175 924
175 951
11 188
73 188
188 250
188 252
188 263
188 335
188 348
188 392
188 578
188 598
188 662
188 729
188 868
30 191
167 191
191 206
191 436
191 506
191 673
53 192
60 192
131 192
192 218
192 259
192 385
192 875
105 194
194 984
11 206
176 206
179 206
206 322
206 436
206 550
206 552
206 594
206 607
206 665
50 209
151 209
178 209
209 243
209 779
46 216
99 216
216 224
216 245
216 246
216 544
216 588
216 648
216 679
216 988
110 224
224 482
224 593
224 932
224 988
224 999
11 230
18 230
176 230
230 376
230 408
230 508
64 242
168 242
242 255
242 389
242 403
242 442
242 474
242 486
242 575
242 785
242 808
242 833
242 965
159 243
211 243
243 319
243 348
243 976
55 245
245 252
245 287
245 674
245 699
245 822
245 844
245 852
245 928
245 955
245 977
198 250
250 259
250 263
250 444
250 572
250 598
250 662
250 764
250 769
53 259
131 259
259 444
270 286
286 507
58 319
114 319
319 348
319 364
319 453
319 516
319 806
319 835
319 976
53 321
104 321
246 321
321 497
321 549
321 776
321 946
321 968
322 335
335 695
335 868
11 348
73 348
348 392
348 453
348 578
364 500
364 835
30 373
361 373
373 425
373 656
373 689
373 891
373 909
373 973
373 980
256 385
383 385
42 389
124 389
389 403
389 442
389 474
389 612
389 640
389 685
389 696
389 829
389 842
389 854
389 870
389 934
45 395
221 395
395 533
395 553
395 724
395 803
395 874
76 416
125 416
387 416
416 571
416 632
416 650
416 793
416 826
416 898
99 426
349 426
426 799
426 899
426 967
329 436
392 436
436 499
436 552
436 618
436 665
436 797
18 442
49 442
213 442
442 474
442 510
442 575
442 640
442 685
442 953
428 451
451 626
39 453
435 453
233 482
324 482
390 482
482 738
482 961
118 500
428 500
500 525
500 679
500 721
500 758
500 936
126 508
508 654
508 692
508 826
508 939
18 510
49 510
510 808
510 912
24 515
29 515
291 515
515 594
515 607
515 862
113 517
226 517
261 517
161 534
255 534
534 643
534 721
534 782
127 543
315 543
543 741
543 911
110 552
231 552
552 665
552 762
552 783
179 553
295 553
553 968
98 561
164 561
561 698
105 571
11 575
40 575
72 575
575 654
82 598
172 598
538 598
598 662
598 769
598 961
200 604
537 604
604 639
604 642
604 919
21 619
160 619
217 619
619 736
621 657
621 663
150 623
233 623
623 772
343 639
502 639
641 917
588 679
679 721
679 894
679 998
24 698
29 698
594 698
721 725
721 782
11 725
531 725
39 738
738 867
738 961
343 741
718 741
741 765
741 877
163 782
177 782
537 782
782 871
64 785
785 889
60 793
106 793
397 793
793 826
322 798
550 798
594 798
255 808
486 808
808 833
211 828
355 828
777 835
835 974
835 983
265 861
557 861
861 902
43 868
76 868
308 868
238 878
296 878
878 973
454 889
822 889
471 894
872 894
894 998
761 917
884 917
497 928
222 959
918 959
927 959
662 961
769 961
270 967
556 967
53 968
497 968
663 984
21 24
21 29
21 42
21 46
21 50
21 70
21 91
21 96
21 101
21 104
21 128
21 142
21 150
21 151
21 160
21 162
21 200
21 217
21 232
21 249
21 253
21 262
21 270
21 281
21 310
21 363
21 377
21 381
21 394
21 397
21 398
21 400
21 432
21 433
21 438
21 444
21 505
21 513
21 527
21 544
21 556
21 597
21 625
21 643
21 647
21 666
21 694
21 696
21 699
21 736
21 744
21 761
21 787
21 789
21 792
21 837
21 859
21 883
21 897
21 900
21 969
21 1000
38 46
38 60
38 64
38 67
38 73
38 82
38 110
38 119
38 149
38 164
38 168
38 211
38 235
38 265
38 293
38 297
38 355
38 485
38 566
38 622
38 645
38 652
38 673
38 700
38 765
38 767
38 773
38 807
38 873
38 896
38 954
45 55
45 69
45 221
45 313
45 501
45 533
45 605
45 687
45 692
45 711
24 46
46 50
46 60
46 70
46 73
46 76
46 80
46 82
46 83
46 94
46 99
46 101
46 106
46 119
46 123
46 125
46 148
46 168
46 174
46 204
46 235
46 271
46 297
46 336
46 366
46 397
46 401
46 405
46 411
46 425
46 432
46 547
46 588
46 628
46 649
46 697
46 708
46 805
46 972
55 109
55 182
55 252
55 287
55 351
55 370
55 481
55 493
55 545
55 554
55 566
55 692
55 717
55 722
55 822
55 862
55 914
55 936
55 977
55 986
55 990
57 186
57 201
57 208
57 301
57 430
57 545
57 613
57 752
57 823
57 863
57 948
57 981
49 60
53 60
60 64
60 73
60 76
60 80
60 106
60 131
60 164
60 172
60 204
60 208
60 218
60 244
60 269
60 293
60 302
60 310
60 365
60 397
60 512
60 634
60 664
60 709
60 746
60 759
60 845
60 873
60 896
60 921
60 930
60 950
64 67
64 78
64 164
64 168
64 208
64 244
64 255
64 262
64 269
64 314
64 361
64 486
64 567
64 638
64 645
64 700
64 754
64 965
64 982
18 65
43 65
65 71
65 76
65 86
65 91
65 95
65 98
65 121
65 181
65 281
65 298
65 301
65 307
65 309
65 334
65 365
65 386
65 401
65 414
65 484
65 514
65 532
65 558
65 599
65 618
65 681
65 780
65 811
65 964
65 997
67 85
67 87
67 108
67 211
67 294
67 334
67 341
67 361
67 421
67 567
67 584
67 587
67 645
67 675
67 733
67 976
67 982
75 122
75 203
75 227
75 280
75 320
75 393
75 660
75 686
75 705
75 893
43 76
71 76
76 80
76 89
76 106
76 121
76 123
76 125
76 159
76 197
76 219
76 271
76 307
76 308
76 336
76 365
76 387
76 419
76 420
76 431
76 457
76 564
76 586
76 592
76 632
76 657
76 700
76 792
76 831
76 845
76 898
76 910
76 931
76 946
83 94
83 103
83 126
83 193
83 217
83 272
83 311
83 353
83 405
83 431
83 432
83 476
83 688
83 712
83 722
83 757
96 99
96 145
96 151
96 200
96 214
96 262
96 349
96 563
96 730
96 789
96 900
49 104
53 104
86 104
104 148
104 150
104 205
104 246
104 331
104 359
104 549
104 630
104 666
104 690
104 713
104 776
104 788
104 881
104 903
104 946
104 952
104 1000
24 109
29 109
109 163
109 182
109 223
109 225
109 291
109 399
109 498
109 542
109 615
109 723
109 747
109 763
109 862
109 885
109 925
71 110
110 231
110 593
110 783
110 999
123 148
123 231
123 271
123 299
123 328
123 548
123 628
123 792
123 910
123 922
42 124
124 155
124 187
124 238
124 244
124 261
124 272
124 295
124 296
124 411
124 688
124 778
49 148
53 148
148 246
148 331
148 603
50 151
151 178
151 262
151 398
151 505
151 544
151 602
151 680
151 883
152 169
152 185
152 277
152 289
152 309
152 357
152 372
152 526
152 539
152 541
152 562
152 574
152 702
152 774
152 817
152 990
165 949
39 166
90 166
166 440
166 454
166 464
166 481
166 730
166 753
166 846
166 947
29 181
163 181
181 213
181 225
181 281
181 334
181 342
181 352
181 409
181 558
181 667
181 780
181 997
50 189
107 189
189 197
189 857
29 198
198 207
198 340
198 378
198 470
198 563
198 568
198 574
198 777
198 800
50 205
205 214
205 312
205 520
205 630
205 659
205 687
205 767
205 805
205 809
205 903
205 952
141 207
207 378
207 454
207 470
207 480
207 857
207 945
159 211
211 355
211 523
211 622
211 646
211 652
211 665
211 954
18 213
49 213
62 213
213 257
213 332
213 409
213 532
213 914
227 393
227 686
227 875
227 964
53 238
238 261
238 296
238 402
238 637
238 903
238 973
141 241
241 274
241 344
241 556
241 600
241 640
241 756
73 252
252 287
252 545
252 626
252 674
252 844
252 852
105 257
257 370
257 418
257 579
257 622
257 877
71 261
113 261
226 261
261 637
103 300
300 337
300 606
300 613
300 707
300 736
300 781
300 784
300 842
71 301
301 386
301 414
301 823
185 344
223 344
344 369
344 384
344 480
344 548
344 756
344 796
344 816
344 832
85 355
118 355
289 355
355 357
355 622
355 665
355 765
355 909
355 950
29 361
30 361
361 567
361 573
361 656
361 982
92 378
220 378
378 466
378 470
378 480
378 564
378 568
378 656
378 711
378 776
221 402
340 402
402 678
402 866
18 405
43 405
405 432
405 449
405 464
405 593
405 610
405 670
405 715
405 824
405 841
40 409
174 409
409 521
409 577
409 682
409 769
409 784
409 799
11 418
122 418
418 528
418 536
418 579
418 678
418 823
418 877
449 464
464 593
464 666
185 480
223 480
480 832
251 498
498 542
498 615
498 727
498 753
498 820
498 925
11 528
122 528
528 536
528 735
528 823
528 851
18 542
247 542
542 727
542 925
430 545
545 626
545 863
558 710
558 982
558 997
493 566
566 645
168 567
269 567
567 584
137 568
568 574
231 572
440 572
572 764
572 833
572 899
539 574
541 574
574 800
326 584
471 584
584 883
584 945
467 600
600 640
107 630
630 903
353 637
431 637
474 640
640 685
640 829
640 842
640 854
640 870
640 953
640 978
640 995
645 700
412 663
663 751
663 804
449 666
428 667
525 667
667 879
506 673
673 994
585 674
674 699
674 844
674 996
122 678
536 678
678 866
678 955
249 699
699 955
427 710
43 727
71 727
204 727
727 880
119 735
735 864
433 792
792 922
185 800
384 800
91 817
163 817
177 817
406 846
846 874
29 851
223 851
197 857
146 866
633 866
221 874
724 874
190 922
703 922
122 955
536 955
266 994
537 994
920 994
11 18
11 29
11 40
11 43
11 49
11 72
11 73
11 98
11 105
11 111
11 118
11 122
11 139
11 164
11 176
11 179
11 193
11 220
11 312
11 313
11 322
11 328
11 330
11 356
11 359
11 392
11 400
11 404
11 489
11 496
11 512
11 522
11 531
11 591
11 635
11 694
11 737
11 751
11 882
11 891
11 892
18 40
18 43
18 49
18 58
18 62
18 69
18 115
18 118
18 119
18 141
18 155
18 159
18 176
18 177
18 201
18 237
18 240
18 247
18 260
18 277
18 290
18 349
18 363
18 365
18 408
18 410
18 422
18 457
18 490
18 557
18 610
18 635
18 653
18 670
18 693
18 715
18 723
18 747
18 824
18 890
18 912
18 924
18 983
24 29
29 30
29 82
29 163
29 172
29 223
29 225
29 291
29 338
29 340
29 420
29 473
29 563
29 573
29 594
29 595
29 611
29 723
29 724
29 731
29 908
39 90
39 92
39 113
39 142
39 276
39 435
39 440
39 609
39 620
39 634
39 819
39 890
43 49
49 53
49 62
49 86
49 118
49 177
49 235
49 240
49 277
49 331
49 332
49 408
49 443
49 512
49 601
49 652
49 682
49 709
49 774
49 778
49 788
49 791
49 881
49 905
49 912
49 925
49 939
53 72
53 86
53 90
53 114
53 131
53 218
53 235
53 246
53 427
53 497
53 591
53 603
53 742
53 759
53 770
53 776
53 903
53 927
53 931
40 69
58 69
69 115
69 131
69 201
69 313
69 342
69 501
69 653
69 693
69 723
69 966
69 983
73 106
73 172
73 179
73 269
73 295
73 352
73 404
73 411
73 503
73 676
73 732
73 786
73 805
73 825
73 896
73 904
73 943
73 962
78 127
78 168
78 299
78 302
78 414
78 525
78 578
78 708
78 744
78 834
86 91
86 95
86 881
43 89
71 89
89 106
89 113
89 128
89 145
89 197
89 226
89 288
89 303
89 330
89 388
89 420
89 511
89 564
89 617
89 653
89 675
89 700
89 831
90 114
90 253
90 276
90 427
90 440
90 481
90 742
91 95
95 693
95 732
95 987
40 111
43 111
111 149
111 312
111 523
111 953
139 161
139 486
139 749
139 752
62 141
141 190
141 237
141 260
141 274
141 556
141 585
141 655
141 703
141 945
99 145
145 167
145 184
145 307
145 563
145 934
58 146
115 146
131 146
146 384
146 501
146 617
146 633
146 940
82 149
149 316
149 624
149 873
107 161
161 200
161 255
161 505
161 643
161 749
161 803
91 177
100 177
163 177
177 443
177 537
177 562
177 652
177 664
177 802
177 871
177 893
177 925
177 930
176 179
179 295
179 320
179 328
179 400
179 512
179 651
179 904
179 977
85 184
115 184
118 184
184 222
184 307
184 358
184 447
184 745
184 827
184 849
184 856
184 912
186 208
186 240
186 541
186 613
186 712
186 811
186 816
186 830
186 897
116 187
160 187
187 272
187 274
187 295
187 343
187 836
164 208
208 244
208 310
208 541
208 613
208 638
208 664
208 752
222 326
222 341
222 358
222 374
222 447
222 691
222 856
222 918
222 927
71 231
231 440
231 490
231 548
231 683
231 762
231 783
231 833
43 240
240 290
240 783
240 811
240 816
240 905
240 975
24 254
254 526
254 570
168 255
255 262
255 331
255 486
255 690
255 754
255 833
62 260
260 394
260 396
260 728
103 272
217 272
272 688
272 722
272 757
40 276
43 276
58 276
276 347
276 417
276 434
276 511
118 277
277 309
277 526
277 601
277 895
277 990
295 503
295 778
295 825
295 943
295 977
296 973
298 347
298 441
298 484
298 495
298 514
298 532
298 583
298 680
299 449
299 628
299 744
299 748
281 309
309 332
309 350
309 526
309 620
309 895
313 342
313 711
270 316
316 624
316 873
320 458
320 651
320 660
320 745
320 802
329 392
329 406
329 419
329 499
329 521
329 887
105 330
330 413
331 371
331 739
331 760
281 342
334 342
342 775
150 343
343 502
343 683
343 718
343 765
343 870
40 347
58 347
347 371
347 424
347 441
347 993
337 351
351 430
351 471
351 536
371 424
371 441
371 739
371 760
371 993
185 384
384 548
384 816
70 394
377 394
394 396
394 463
394 589
394 697
394 702
394 860
394 897
142 396
162 396
396 638
396 728
247 404
275 404
404 421
404 586
404 786
404 962
125 406
159 406
195 406
406 590
406 603
406 705
163 412
352 412
412 590
412 615
412 751
412 794
71 414
414 681
414 834
311 435
435 620
435 794
80 443
431 443
443 562
443 597
443 652
443 664
443 669
443 716
443 719
443 930
454 822
98 458
237 458
386 458
458 468
458 513
458 745
458 802
458 850
50 463
297 463
372 463
463 484
463 589
463 644
463 812
489 632
489 867
176 490
490 683
332 503
350 503
503 825
503 876
150 513
438 513
513 597
513 996
428 525
525 578
525 758
525 872
525 879
539 541
289 562
372 562
562 597
562 664
562 702
562 719
562 755
563 730
392 578
306 583
583 680
583 731
583 865
226 589
388 589
488 589
150 597
597 719
597 755
597 932
597 960
597 996
281 599
334 599
599 672
599 764
30 624
353 624
549 624
387 632
632 650
632 867
632 898
169 633
289 633
372 633
428 651
488 651
651 840
683 850
311 688
688 729
688 749
653 693
693 723
693 987
564 711
656 711
411 732
375 739
379 739
328 740
531 740
307 745
745 777
745 827
745 884
770 825
770 865
770 920
770 927
588 772
772 836
50 786
467 786
786 962
484 812
644 812
536 823
271 830
160 836
274 836
802 850
842 854
854 887
514 856
540 856
847 856
825 865
471 872
636 872
392 887
499 887
358 918
447 918
918 927
474 953
656 993
719 993
885 993
40 43
40 58
40 72
40 98
40 100
40 169
40 174
40 193
40 201
40 312
40 417
40 434
40 521
40 523
40 591
40 605
40 654
40 784
40 871
40 886
40 916
40 998
72 306
72 522
72 654
72 891
72 998
50 107
107 127
107 183
107 197
107 456
107 491
107 625
107 701
107 716
43 113
71 113
113 142
113 204
113 226
113 263
113 324
113 358
113 550
113 650
113 686
113 720
113 806
113 843
113 849
137 176
137 474
137 485
137 969
142 162
142 310
142 397
142 527
142 686
142 806
142 848
150 195
150 233
150 438
150 502
150 713
150 781
150 870
150 996
176 185
176 408
176 496
176 768
176 992
185 223
185 548
185 796
185 992
103 193
193 591
80 195
125 195
159 195
195 233
195 603
195 781
195 900
62 203
70 203
203 280
94 233
99 233
233 324
233 376
233 390
233 595
233 781
101 253
253 281
253 337
253 487
253 691
253 754
253 813
253 956
168 265
265 290
265 383
265 557
265 760
265 767
265 807
265 881
265 902
43 290
290 557
290 760
290 975
99 306
306 916
328 400
328 531
328 737
190 393
393 686
393 705
393 875
393 893
393 964
452 560
474 485
474 829
474 978
474 995
297 485
502 718
183 509
509 670
509 947
509 979
58 557
349 557
557 760
557 902
169 605
605 687
605 757
605 871
662 769
262 680
505 680
686 806
686 848
686 875
125 705
603 705
705 718
705 893
705 966
712 897
80 716
669 716
125 718
603 718
718 765
718 877
718 966
163 731
473 731
731 880
731 908
289 742
336 742
486 754
103 757
281 775
334 775
174 795
527 795
829 870
870 934
71 880
204 880
978 995
24 30
24 70
24 91
24 121
24 199
24 210
24 291
24 377
24 533
24 594
24 610
24 655
24 862
24 885
50 178
50 297
50 372
50 398
50 467
50 484
50 520
50 687
50 805
50 809
80 125
80 159
80 204
80 302
80 365
80 401
80 431
80 465
80 476
80 573
80 669
80 900
80 910
94 99
94 101
94 251
94 280
94 324
94 390
94 495
105 126
105 370
105 413
105 622
105 746
105 882
105 991
126 353
126 417
126 826
126 939
200 214
214 312
214 547
214 767
214 807
218 759
99 249
246 249
249 367
249 410
249 444
297 372
297 649
297 937
315 367
367 733
367 911
169 372
289 372
372 484
372 644
372 774
372 951
324 390
390 635
495 582
495 606
495 671
495 766
174 527
527 596
527 695
100 582
237 582
386 582
582 606
582 629
582 766
103 606
606 671
606 707
606 758
606 766
340 611
611 658
611 677
118 635
649 937
654 692
246 671
544 671
687 805
634 821
269 937
352 937
676 937
58 92
92 114
92 220
92 322
92 387
92 466
92 475
92 496
92 514
92 540
92 609
92 612
92 776
92 779
92 847
92 952
116 160
160 217
160 274
160 596
160 864
200 266
200 505
200 537
200 642
200 789
200 919
103 217
217 311
217 722
217 736
217 864
164 220
220 706
220 776
220 790
42 221
221 340
221 580
221 689
221 724
91 266
100 266
266 350
266 537
266 703
266 920
340 677
332 350
350 620
350 766
350 876
391 616
289 466
336 466
369 466
466 564
466 569
466 656
466 719
466 831
466 958
131 501
501 555
501 966
262 505
505 883
168 531
269 531
531 592
531 737
210 533
100 537
163 537
537 893
537 920
106 564
564 569
564 656
564 700
564 719
564 885
564 915
71 569
121 569
219 569
569 915
62 642
70 642
487 642
642 919
338 724
724 803
724 858
82 790
467 790
643 803
803 858
281 858
333 858
413 858
433 892
42 915
128 915
694 915
825 920
125 966
30 133
30 167
30 288
30 294
30 353
30 422
30 425
30 434
30 549
30 655
30 726
30 909
30 980
42 128
42 178
42 580
42 689
42 694
42 840
42 924
42 963
62 70
62 119
62 332
62 374
62 455
62 477
62 487
62 532
62 559
103 133
133 287
133 565
133 748
133 771
133 773
99 167
167 934
270 556
270 625
85 428
118 428
428 488
428 758
428 840
428 879
428 936
428 957
71 488
226 488
388 488
488 539
488 840
102 559
116 559
559 677
334 580
736 842
685 842
875 964
91 98
98 100
98 164
98 174
98 199
98 237
98 386
98 468
98 473
98 841
98 886
98 943
91 100
100 163
100 169
100 199
100 237
100 386
100 629
100 646
100 659
100 703
100 802
100 893
122 356
122 536
122 751
43 155
58 155
155 244
155 293
155 743
162 226
162 232
162 310
162 400
162 636
162 638
162 971
164 293
164 310
164 706
164 773
164 930
169 289
169 357
169 774
169 809
169 951
168 174
174 398
174 521
174 577
174 616
174 658
174 886
232 696
244 293
244 411
244 638
244 664
244 743
244 940
293 743
293 773
293 873
293 940
376 595
376 923
411 588
411 805
411 895
411 906
182 504
225 504
115 609
275 609
609 819
403 696
612 696
696 969
696 1000
116 706
507 706
706 820
288 726
620 819
163 871
99 904
697 904
58 940
617 940
322 952
475 952
952 1000
969 1000
43 58
58 114
58 115
58 131
58 349
58 387
58 516
58 565
58 577
58 617
58 661
58 806
58 839
82 119
119 374
119 468
119 628
119 869
125 159
159 247
159 410
159 457
159 523
159 590
159 646
159 900
159 946
159 974
43 210
210 685
210 707
163 223
223 356
223 369
223 433
223 445
223 473
223 747
223 763
223 771
223 832
223 902
223 963
247 275
247 410
247 421
356 359
356 751
356 834
356 963
85 357
118 357
357 950
85 369
289 369
336 369
369 399
369 433
369 902
369 958
374 468
374 516
374 691
374 755
374 869
374 906
433 445
433 902
82 445
271 445
445 467
445 713
445 771
386 468
468 473
468 841
468 869
468 906
475 540
514 540
540 612
540 847
540 972
131 746
634 746
746 810
746 921
746 991
103 771
805 809
660 810
596 839
695 839
839 948
588 906
895 906
906 981
447 927
43 71
43 197
43 204
43 263
43 288
43 303
43 308
43 365
43 417
43 449
43 456
43 457
43 523
43 560
43 685
43 707
43 715
43 788
43 841
43 905
43 916
43 999
85 118
115 118
118 289
118 333
118 493
118 601
118 672
118 682
118 848
118 852
118 936
118 950
312 659
312 767
312 807
322 475
322 550
322 594
322 695
359 834
392 419
392 499
392 618
392 797
392 859
310 400
400 512
475 496
496 514
496 694
496 768
496 779
512 709
512 778
471 522
522 759
522 891
235 591
591 931
128 694
289 737
493 737
701 737
469 882
734 882
891 949
85 87
85 102
85 108
85 115
85 289
85 336
85 399
85 438
85 447
85 648
85 756
85 957
85 991
108 294
108 421
108 601
108 756
311 375
311 729
311 749
311 978
311 988
353 417
353 431
353 549
353 554
182 375
375 379
375 876
375 988
246 497
246 549
549 690
549 788
549 946
590 794
615 794
71 106
71 121
71 204
71 219
71 226
71 308
71 388
71 401
71 440
71 465
71 511
71 539
71 586
71 681
71 843
71 849
71 898
102 116
102 677
102 734
114 387
114 427
114 516
70 116
116 274
116 379
116 446
116 507
116 538
116 677
116 734
116 814
116 820
116 843
116 921
116 970
121 219
121 307
121 401
121 419
121 610
121 618
127 183
127 315
127 366
127 403
127 456
127 469
127 491
127 625
127 701
127 813
127 860
127 911
182 225
182 399
182 481
182 554
182 587
182 644
182 876
182 986
370 493
370 622
370 717
370 824
379 538
237 386
386 473
294 422
197 456
308 456
456 560
456 629
456 813
523 646
526 895
570 869
596 695
620 766
695 948
806 848
101 813
337 813
813 860
697 860
702 860
408 939
438 991
648 991
289 493
333 493
493 701
493 717
493 722
493 914
493 936
493 990
544 602
709 778
822 977
715 824
82 172
82 271
82 467
82 538
82 595
82 628
82 713
82 844
99 101
99 246
99 324
99 349
99 697
99 916
99 934
246 410
246 544
246 603
246 690
544 648
544 815
115 648
438 648
648 815
287 815
748 815
336 923
668 923
183 491
183 492
183 979
190 303
190 535
190 661
190 703
190 762
190 951
197 308
449 593
469 492
492 734
408 535
429 535
535 970
730 947
753 947
288 979
115 349
349 363
349 565
349 899
168 658
398 658
681 709
577 799
682 799
417 916
115 131
115 275
115 363
115 438
115 565
115 653
115 672
115 747
115 761
201 430
201 971
201 997
199 237
237 629
237 659
237 924
237 943
237 989
101 363
363 684
363 744
363 747
363 761
363 837
365 457
365 845
365 910
365 931
235 408
408 429
408 774
125 457
610 670
610 890
197 653
288 653
670 890
315 715
715 841
723 983
163 747
747 761
747 763
634 890
358 912
447 912
178 924
974 983
103 287
103 565
103 758
103 781
103 784
226 388
226 636
287 565
287 748
287 773
287 852
467 713
326 636
471 636
744 748
430 971
971 997
338 420
338 845
197 420
70 377
70 446
70 455
70 487
70 507
70 697
70 702
70 957
70 970
91 163
91 199
91 314
91 761
91 884
101 251
101 280
101 337
101 425
101 684
101 743
101 787
101 837
101 905
128 388
128 432
128 840
128 855
168 262
262 269
281 332
281 333
281 334
281 413
281 487
281 643
281 672
281 956
310 397
310 930
310 950
125 377
336 377
366 377
377 429
377 475
377 697
377 720
377 863
377 897
377 965
172 381
269 381
352 381
381 787
381 886
381 992
106 397
397 972
168 398
398 616
444 859
274 556
556 625
556 647
556 655
556 956
491 625
625 701
761 884
425 787
333 789
789 829
691 837
755 837
419 859
859 879
859 908
326 883
883 929
197 288
197 560
197 629
197 999
204 263
263 324
263 729
729 749
729 978
87 424
106 172
172 269
172 352
172 538
172 886
172 992
178 219
178 944
219 256
219 944
251 256
256 383
256 455
256 477
256 520
256 768
256 814
256 944
425 434
425 909
425 973
425 986
417 434
434 511
446 814
446 957
446 958
507 970
520 847
538 843
538 921
204 573
302 573
274 655
655 956
656 689
656 719
656 831
656 885
388 684
675 684
684 905
514 847
554 986
199 943
291 862
291 885
291 929
550 594
719 885
163 314
125 366
336 366
366 403
366 429
366 708
366 720
366 913
403 469
403 612
469 734
469 962
730 753
251 753
326 471
326 929
332 333
332 532
332 914
289 333
333 413
333 701
333 848
334 672
334 764
334 780
334 964
471 536
471 759
471 945
669 797
669 913
669 954
618 797
797 954
125 336
125 387
125 401
125 429
125 475
125 476
125 590
125 603
125 974
251 383
251 455
251 491
251 743
251 780
251 975
288 294
288 303
288 999
341 587
341 675
341 976
588 895
588 981
388 675
477 944
814 944
560 629
307 777
777 884
719 932
755 932
932 960
590 974
163 352
163 473
163 590
163 615
163 646
225 399
225 587
473 841
473 908
595 844
879 908
294 601
294 733
622 909
765 909
909 980
168 980
383 980
455 477
477 768
477 814
768 814
421 586
106 586
586 898
337 430
337 470
337 483
337 613
430 470
430 483
430 863
430 948
430 997
470 483
613 752
613 981
521 577
521 682
521 769
521 784
763 791
235 791
774 791
429 475
475 514
475 612
475 972
661 762
833 899
168 235
168 269
168 302
168 383
168 592
235 429
235 676
235 774
235 931
622 652
622 665
622 765
652 925
652 954
700 831
767 807
565 773
855 896
131 634
634 921
417 511
417 554
781 784
269 886
886 992
307 657
419 657
532 811
811 816
204 302
204 324
204 358
204 843
690 788
593 999
455 487
487 691
487 956
336 668
447 668
691 755
106 511
106 617
106 898
106 972
289 336
336 387
336 447
336 592
336 913
336 958
336 960
401 476
401 618
697 702
514 972
307 419
307 884
324 358
358 447
358 550
358 650
358 720
358 849
388 539
548 796
548 816
548 910
843 849
829 855
910 931
601 682
577 682
682 769
774 951
383 881
484 514
484 644
936 990
481 554
532 914
590 615
131 555
131 577
427 717
427 832
315 911
814 958
429 965
863 965
717 722
722 914
914 936
383 455
455 491
455 975
843 921
749 752
752 981
429 863
720 863
863 948
895 981
387 592
387 650
387 960
577 661
511 617
661 951
289 399
289 539
289 701
289 702
672 764
829 934
829 978
269 352
269 592
269 676
664 930
930 950
431 476
383 780
780 964
274 956
399 587
587 644
587 976
429 970
352 676
429 676
419 879
592 960
719 831
399 644
629 659
659 989
324 550
629 989
677 734
383 491
491 975
550 650
650 720
429 720
848 852
585 996
616 796
749 978
719 755
755 960
