1 169
1 200
1 252
1 288
1 367
1 451
1 453
1 611
1 664
1 668
1 709
1 770
1 807
1 974
169 232
169 277
169 288
169 313
169 332
169 373
169 419
169 444
169 451
169 487
169 552
169 590
169 687
169 709
169 780
169 810
169 947
169 952
61 200
200 204
200 367
200 395
200 453
200 611
200 664
200 774
200 807
200 971
200 974
149 252
250 252
252 288
252 367
252 391
252 453
252 611
252 664
252 668
252 709
252 770
61 288
67 288
149 288
230 288
242 288
288 367
288 451
288 453
288 487
288 611
288 653
288 664
288 668
288 709
288 770
288 807
288 870
288 974
50 367
61 367
204 367
230 367
250 367
367 391
367 395
367 453
367 611
367 664
367 668
367 709
367 770
367 774
367 807
232 451
277 451
332 451
373 451
410 451
419 451
444 451
451 487
451 552
451 590
451 709
451 780
451 810
451 947
451 952
50 453
60 453
204 453
230 453
250 453
391 453
395 453
453 611
453 664
453 668
453 684
453 770
453 774
453 807
50 611
60 611
61 611
168 611
204 611
230 611
250 611
355 611
391 611
395 611
611 664
611 668
611 684
611 770
611 774
611 807
50 664
60 664
204 664
250 664
391 664
395 664
664 668
664 709
664 770
204 668
250 668
391 668
668 709
668 770
149 709
487 709
590 709
653 709
709 770
709 898
50 770
60 770
136 770
149 770
204 770
250 770
391 770
395 770
15 807
61 807
167 807
230 807
245 807
531 807
661 807
730 807
774 807
795 807
807 843
807 922
807 971
807 974
15 974
61 974
67 974
167 974
245 974
260 974
294 974
317 974
371 974
417 974
545 974
661 974
730 974
795 974
843 974
851 974
880 974
922 974
957 974
971 974
2 44
2 104
2 133
2 135
2 152
2 163
2 180
2 229
2 259
2 314
2 340
2 422
2 441
2 513
2 612
2 629
2 688
2 696
2 859
33 44
44 104
44 124
44 133
44 152
44 163
44 180
44 229
44 240
44 243
44 259
44 281
44 297
44 325
44 340
44 358
44 408
44 422
44 441
44 472
44 483
44 489
44 509
44 513
44 542
44 544
44 572
44 612
44 629
44 688
44 696
44 754
44 859
44 928
33 104
104 133
104 135
104 163
104 188
104 228
104 229
104 243
104 255
104 259
104 281
104 303
104 408
104 422
104 483
104 489
104 513
104 542
104 572
104 630
104 696
104 754
104 859
104 928
33 133
133 135
133 163
133 228
133 229
133 281
133 303
133 408
133 422
133 427
133 489
133 513
133 643
133 706
133 754
133 757
133 859
135 163
135 228
135 229
135 281
135 422
135 489
135 513
135 757
135 859
124 152
152 180
152 259
152 297
152 314
152 340
152 358
152 441
152 510
152 544
152 612
152 629
152 688
152 696
33 163
163 228
163 229
163 281
163 303
163 422
163 427
163 489
163 513
163 754
163 757
163 859
124 180
180 297
180 314
180 340
180 358
180 441
180 510
180 544
180 612
180 629
180 688
180 696
228 229
229 255
229 281
229 422
229 489
229 513
229 612
229 696
229 859
124 259
240 259
243 259
255 259
259 297
259 340
259 509
259 542
259 544
259 572
259 612
259 696
259 797
259 910
259 928
297 314
314 340
314 358
314 441
314 510
314 544
314 612
314 629
314 688
30 340
80 340
124 340
240 340
243 340
297 340
340 358
340 441
340 509
340 510
340 544
340 612
340 629
340 688
340 696
340 928
33 422
188 422
228 422
281 422
303 422
408 422
422 483
422 489
422 513
422 524
422 542
422 572
422 630
422 754
422 859
422 928
422 933
6 441
30 441
80 441
124 441
240 441
243 441
297 441
325 441
358 441
408 441
441 466
441 472
441 483
441 510
441 544
441 612
441 629
441 688
441 692
441 754
441 889
441 928
33 513
228 513
281 513
303 513
427 513
489 513
513 524
513 542
513 630
513 643
513 683
513 754
513 757
513 859
513 933
124 612
297 612
358 612
510 612
544 612
612 629
612 688
612 696
6 629
124 629
297 629
325 629
358 629
472 629
510 629
629 688
629 754
629 859
297 688
358 688
510 688
255 696
509 696
572 696
33 859
228 859
281 859
303 859
408 859
427 859
489 859
542 859
754 859
757 859
3 97
3 106
3 108
3 113
3 126
3 159
3 287
3 347
3 462
3 485
3 511
3 538
3 604
3 606
3 613
3 645
3 726
3 808
3 823
3 856
3 917
3 963
3 964
97 106
97 108
97 113
97 159
97 179
97 271
97 287
97 323
97 347
97 390
97 462
97 485
97 511
97 529
97 538
97 606
97 608
97 613
97 645
97 726
97 763
97 785
97 823
97 856
97 917
97 963
97 964
97 1000
21 106
39 106
42 106
85 106
106 108
106 113
106 126
106 151
106 234
106 249
106 271
106 344
106 347
106 390
106 397
106 420
106 462
106 470
106 504
106 613
106 631
106 635
106 763
106 799
106 846
106 856
108 113
108 132
108 159
108 287
108 347
108 462
108 511
108 538
108 604
108 606
108 613
108 726
108 808
108 823
108 856
108 963
108 964
21 113
85 113
113 126
113 151
113 175
113 234
113 249
113 347
113 390
113 397
113 420
113 462
113 485
113 504
113 511
113 613
113 635
113 763
113 766
113 799
113 856
39 126
85 126
126 151
126 175
126 249
126 347
126 390
126 397
126 420
126 462
126 485
126 504
126 635
126 745
126 766
126 856
159 287
159 485
159 511
159 529
159 538
159 604
159 606
159 645
159 726
159 823
159 856
159 917
159 963
159 964
159 1000
132 287
287 511
287 538
287 604
287 606
287 613
287 645
287 650
287 726
287 808
287 823
287 917
287 963
287 964
287 976
287 1000
21 347
85 347
151 347
234 347
249 347
347 390
347 397
347 462
347 485
347 504
347 511
347 613
347 635
347 763
347 808
347 856
21 462
85 462
151 462
234 462
271 462
462 504
462 511
462 613
462 635
462 763
462 808
462 846
462 856
85 485
175 485
179 485
249 485
267 485
390 485
397 485
432 485
449 485
485 511
485 529
485 645
485 745
485 766
485 785
485 856
485 871
511 538
511 604
511 606
511 613
511 645
511 726
511 808
511 823
511 856
511 963
511 964
57 538
132 538
426 538
538 604
538 613
538 650
538 656
538 726
538 808
538 823
538 917
538 963
538 964
538 982
538 1000
132 604
604 606
604 650
604 726
604 823
604 963
604 964
604 976
529 606
606 645
606 726
606 823
606 856
606 917
606 963
606 964
606 976
606 1000
57 613
271 613
323 613
374 613
426 613
608 613
613 656
613 763
613 808
613 846
613 856
613 917
613 964
613 982
613 1000
179 645
413 645
432 645
449 645
467 645
529 645
645 726
645 785
645 823
645 856
645 917
645 963
645 964
645 1000
413 726
467 726
726 823
726 917
726 963
726 964
726 976
726 1000
132 808
784 808
808 846
650 823
823 856
823 917
823 963
823 964
823 1000
85 856
151 856
179 856
271 856
390 856
397 856
504 856
529 856
635 856
763 856
856 917
179 917
323 917
413 917
467 917
529 917
608 917
673 917
723 917
785 917
917 963
917 964
917 976
917 982
917 1000
413 963
467 963
650 963
963 964
963 976
963 1000
413 964
467 964
650 964
800 964
964 976
964 1000
4 7
4 11
4 115
4 141
4 363
4 369
4 405
4 503
4 530
4 536
4 564
4 769
4 827
7 115
7 116
7 141
7 142
7 301
7 302
7 363
7 369
7 459
7 500
7 508
7 530
7 536
7 550
7 721
7 769
7 827
7 828
7 848
7 923
11 63
11 319
11 345
11 405
11 564
11 699
11 710
11 721
11 769
11 961
115 141
115 369
115 827
115 848
115 923
141 302
141 363
141 369
141 405
141 500
141 530
141 721
141 769
141 827
141 848
141 923
116 363
143 363
205 363
301 363
302 363
363 369
363 500
363 503
363 519
363 520
363 530
363 536
363 547
363 550
363 553
363 569
363 583
363 769
363 802
363 848
363 978
116 369
302 369
369 405
369 500
369 530
369 536
369 721
369 769
369 827
369 848
369 923
312 405
319 405
345 405
405 500
405 508
405 530
405 564
405 699
405 710
405 721
405 769
405 961
405 978
42 503
143 503
503 536
503 553
503 848
116 530
205 530
301 530
302 530
312 530
345 530
459 530
500 530
508 530
519 530
530 536
530 547
530 550
530 553
530 564
530 721
530 769
530 848
530 863
530 923
530 961
530 978
530 993
116 536
143 536
205 536
500 536
519 536
520 536
536 547
536 550
536 553
536 569
536 583
536 802
536 832
536 848
21 564
63 564
116 564
234 564
312 564
319 564
335 564
345 564
508 564
547 564
553 564
564 631
564 699
564 769
564 784
564 799
564 846
564 961
564 978
116 769
302 769
312 769
459 769
500 769
508 769
710 769
721 769
769 923
769 961
769 978
827 923
5 27
5 74
5 206
5 311
5 315
5 350
5 366
5 370
5 409
5 455
5 497
5 502
5 539
5 588
5 603
5 636
5 652
5 662
5 685
5 732
5 747
5 772
5 775
5 776
5 803
5 886
5 912
5 936
27 76
27 83
27 119
27 182
27 221
27 246
27 251
27 311
27 315
27 318
27 338
27 352
27 366
27 370
27 385
27 409
27 497
27 582
27 588
27 603
27 605
27 639
27 649
27 732
27 741
27 840
27 912
27 931
27 946
27 959
27 984
27 989
55 74
74 88
74 102
74 185
74 206
74 223
74 275
74 350
74 399
74 474
74 515
74 563
74 582
74 588
74 622
74 644
74 651
74 662
74 682
74 693
74 732
74 775
74 776
74 855
74 886
74 891
74 900
74 918
74 997
185 206
206 275
206 328
206 399
206 455
206 502
206 588
206 636
206 644
206 651
206 662
206 685
206 732
206 747
206 772
206 775
206 776
206 886
206 900
206 936
206 997
119 311
153 311
311 350
311 370
311 474
311 582
311 588
311 593
311 603
311 605
311 639
311 652
311 732
311 741
311 747
311 753
311 772
311 775
311 803
311 881
311 897
311 912
311 936
311 984
311 989
311 997
137 315
150 315
182 315
218 315
221 315
246 315
315 338
315 366
315 409
315 455
315 497
315 539
315 588
315 636
315 638
315 674
315 685
315 734
315 747
315 840
315 912
315 931
315 990
153 350
350 370
350 399
350 474
350 582
350 588
350 603
350 605
350 652
350 732
350 741
350 747
350 753
350 762
350 775
350 897
350 984
350 989
350 997
55 366
137 366
166 366
182 366
221 366
246 366
256 366
318 366
328 366
338 366
366 455
366 497
366 539
366 576
366 588
366 662
366 674
366 685
366 734
366 743
366 747
366 840
366 866
366 959
366 990
46 370
83 370
119 370
153 370
251 370
292 370
318 370
352 370
370 375
370 555
370 582
370 588
370 603
370 605
370 639
370 732
370 741
370 753
370 881
370 946
370 959
370 984
370 989
28 409
72 409
119 409
137 409
150 409
218 409
224 409
251 409
385 409
409 469
409 539
409 567
409 601
409 603
409 636
409 638
409 639
409 717
409 747
409 755
409 803
409 840
409 912
409 936
409 937
409 944
409 958
137 455
328 455
455 497
455 539
455 588
455 636
455 651
455 662
455 685
455 743
455 747
455 775
455 776
455 886
455 990
55 497
76 497
102 497
166 497
182 497
246 497
256 497
318 497
328 497
338 497
497 515
497 582
497 588
497 662
497 732
497 743
497 775
497 829
497 866
497 946
497 959
497 990
199 502
235 502
276 502
299 502
399 502
440 502
502 636
502 652
502 747
502 752
502 762
502 772
502 775
502 776
502 781
502 900
502 936
502 988
502 997
26 539
72 539
105 539
137 539
150 539
218 539
539 601
539 603
539 636
539 638
539 685
539 747
539 775
539 840
539 912
539 936
539 937
55 588
88 588
102 588
318 588
515 588
582 588
588 603
588 605
588 636
588 662
588 732
588 741
588 747
588 775
588 776
588 886
588 912
588 946
588 959
588 984
588 989
119 603
218 603
361 603
603 605
603 636
603 639
603 652
603 732
603 741
603 747
603 775
603 803
603 840
603 912
603 936
603 984
603 989
105 636
137 636
218 636
636 662
636 685
636 747
636 772
636 775
636 776
636 886
636 912
636 936
118 652
153 652
276 652
299 652
361 652
399 652
431 652
440 652
474 652
593 652
652 732
652 753
652 762
652 765
652 772
652 775
652 781
652 853
652 897
652 936
652 988
652 997
55 662
166 662
185 662
256 662
275 662
328 662
452 662
515 662
622 662
644 662
651 662
662 732
662 747
662 775
662 776
662 829
662 886
105 685
137 685
218 685
685 747
685 775
685 886
685 912
88 732
223 732
399 732
474 732
515 732
582 732
605 732
732 741
732 747
732 775
732 776
732 946
732 959
732 984
732 989
732 997
105 747
137 747
218 747
747 772
747 775
747 776
747 803
747 886
747 912
747 936
199 772
235 772
276 772
299 772
399 772
440 772
752 772
762 772
765 772
772 775
772 776
772 781
772 900
772 936
772 988
772 997
185 775
399 775
515 775
651 775
775 776
775 886
775 900
775 936
775 997
185 776
275 776
328 776
399 776
515 776
622 776
644 776
651 776
776 886
776 900
776 936
776 997
28 803
51 803
72 803
83 803
119 803
218 803
224 803
251 803
361 803
518 803
593 803
601 803
639 803
648 803
717 803
755 803
765 803
803 840
803 853
803 881
803 912
803 936
803 937
803 944
803 958
185 886
275 886
328 886
644 886
651 886
28 912
72 912
105 912
119 912
137 912
150 912
218 912
224 912
361 912
518 912
601 912
638 912
717 912
755 912
765 912
840 912
912 936
912 937
912 958
28 936
105 936
218 936
235 936
299 936
361 936
765 936
781 936
6 80
6 297
6 325
6 358
6 466
6 472
6 510
6 692
6 718
6 722
6 806
6 865
6 889
30 80
80 124
80 297
80 325
80 358
80 466
80 472
80 488
80 544
80 565
80 692
80 697
80 806
80 822
80 860
80 865
80 885
80 889
30 297
124 297
240 297
243 297
297 325
297 358
297 472
297 509
297 510
297 544
297 565
297 692
297 860
297 889
297 928
30 325
124 325
325 358
325 378
325 408
325 466
325 472
325 483
325 558
325 628
325 692
325 697
325 754
325 756
325 806
325 865
325 889
325 908
124 358
358 472
358 510
358 544
358 692
358 806
358 865
358 889
286 466
378 466
408 466
466 472
466 558
466 607
466 628
466 692
466 697
466 754
466 756
466 806
466 818
466 865
466 889
466 908
378 472
408 472
472 483
472 558
472 628
472 692
472 697
472 706
472 754
472 756
472 806
472 865
472 889
472 908
510 544
30 692
124 692
240 692
243 692
408 692
483 692
544 692
628 692
692 697
692 754
692 822
692 860
692 865
692 889
692 908
465 718
718 722
718 806
718 828
718 865
718 885
465 722
722 806
722 828
722 865
722 885
286 806
465 806
607 806
614 806
697 806
783 806
806 818
806 865
806 885
806 889
158 865
465 865
488 865
697 865
818 865
822 865
860 865
865 885
865 889
30 889
488 889
628 889
697 889
818 889
822 889
860 889
885 889
116 143
116 205
116 301
116 302
116 312
116 357
116 459
116 500
116 508
116 519
116 520
116 547
116 550
116 553
116 569
116 583
116 600
116 721
116 828
116 848
116 852
116 863
116 978
116 993
142 301
142 302
142 459
142 465
142 500
142 550
142 828
142 848
142 863
142 923
158 301
205 301
301 302
301 312
301 459
301 465
301 488
301 500
301 508
301 519
301 547
301 550
301 583
301 600
301 614
301 783
301 802
301 818
301 828
301 852
301 863
301 885
301 993
20 302
158 302
302 312
302 459
302 465
302 500
302 508
302 550
302 721
302 828
302 848
302 863
302 923
302 993
20 459
158 459
205 459
285 459
312 459
459 465
459 488
459 500
459 508
459 547
459 550
459 641
459 721
459 863
459 885
459 978
459 993
205 500
312 500
500 508
500 519
500 547
500 550
500 721
500 828
500 848
500 863
500 923
500 978
500 993
20 508
158 508
205 508
285 508
312 508
335 508
345 508
457 508
508 547
508 641
508 721
508 863
508 961
508 978
508 993
82 550
143 550
205 550
357 550
519 550
520 550
547 550
550 569
550 583
550 600
550 614
550 783
550 802
550 818
550 828
550 832
550 848
550 852
550 863
550 967
550 978
550 993
20 721
285 721
312 721
710 721
721 993
465 828
583 828
600 828
614 828
802 828
828 863
828 885
143 848
520 848
569 848
583 848
802 848
848 923
8 38
8 121
8 138
8 156
8 187
8 216
8 239
8 263
8 394
8 414
8 496
8 521
8 560
8 655
8 657
8 670
8 759
8 872
8 888
8 924
17 38
38 51
38 83
38 90
38 121
38 138
38 153
38 173
38 187
38 216
38 263
38 292
38 361
38 394
38 431
38 496
38 518
38 521
38 560
38 593
38 648
38 654
38 655
38 670
38 717
38 719
38 742
38 753
38 881
38 958
51 121
90 121
121 138
121 156
121 187
121 216
121 263
121 292
121 394
121 496
121 521
121 560
121 593
121 599
121 648
121 654
121 655
121 670
121 719
121 742
121 753
121 881
121 888
110 138
138 153
138 156
138 263
138 394
138 431
138 521
138 593
138 632
138 655
138 658
138 670
138 742
138 753
110 156
139 156
156 239
156 305
156 394
156 521
156 632
156 655
156 657
156 658
156 670
156 872
46 187
83 187
153 187
173 187
187 216
187 263
187 264
187 292
187 496
187 521
187 555
187 560
187 593
187 654
187 655
187 670
187 753
187 837
187 881
36 216
81 216
145 216
173 216
216 264
216 292
216 381
216 496
216 521
216 560
216 633
216 647
216 654
216 655
216 670
216 759
216 820
216 837
216 888
216 924
139 239
144 239
239 305
239 402
239 414
239 521
239 560
239 655
239 657
239 670
239 759
239 872
239 888
239 924
28 263
51 263
90 263
153 263
263 292
263 361
263 394
263 431
263 496
263 518
263 521
263 593
263 648
263 655
263 670
263 719
263 742
263 753
263 805
263 853
263 881
263 958
90 394
394 429
394 496
394 521
394 560
394 599
394 655
394 657
394 670
394 742
394 872
394 888
139 414
144 414
296 414
305 414
402 414
414 429
414 461
414 560
414 657
414 759
414 820
414 872
414 888
414 924
414 972
17 496
90 496
145 496
173 496
264 496
292 496
381 496
496 521
496 560
496 599
496 654
496 655
496 670
496 759
496 837
496 881
496 888
496 924
139 521
153 521
292 521
521 560
521 593
521 632
521 655
521 658
521 670
521 742
521 753
521 872
521 881
521 888
145 560
402 560
429 560
560 599
560 655
560 657
560 670
560 759
560 872
560 888
560 924
46 655
153 655
173 655
292 655
593 655
654 655
655 670
655 742
655 753
655 872
655 881
655 888
139 657
144 657
305 657
402 657
429 657
657 872
657 888
24 670
46 670
110 670
139 670
153 670
292 670
431 670
593 670
632 670
658 670
670 753
670 834
670 872
670 881
670 897
670 966
36 759
58 759
145 759
402 759
429 759
599 759
731 759
759 888
759 892
759 924
759 972
139 872
144 872
305 872
632 872
658 872
872 924
90 888
145 888
402 888
429 888
599 888
888 892
888 924
36 924
58 924
144 924
278 924
296 924
402 924
461 924
633 924
731 924
820 924
892 924
924 972
9 22
9 52
9 56
9 65
9 76
9 111
9 221
9 236
9 309
9 318
9 352
9 392
9 458
9 543
9 587
9 591
9 649
9 794
9 809
9 864
9 878
9 931
9 946
9 959
22 52
22 56
22 65
22 111
22 238
22 316
22 458
22 568
22 587
22 649
22 675
22 787
22 864
22 878
22 968
52 56
52 76
52 111
52 221
52 309
52 318
52 352
52 458
52 587
52 649
52 675
52 864
52 878
52 931
52 946
48 56
54 56
56 96
56 210
56 221
56 246
56 343
56 352
56 360
56 385
56 458
56 490
56 491
56 533
56 649
56 864
56 931
56 968
65 111
65 181
65 183
65 198
65 309
65 339
65 393
65 575
65 587
65 591
65 615
65 616
65 703
65 773
65 789
65 794
65 878
65 925
65 948
65 955
76 102
76 147
76 221
76 236
76 246
76 309
76 318
76 338
76 392
76 458
76 543
76 582
76 591
76 649
76 809
76 866
76 931
76 946
76 959
111 238
111 316
111 339
111 458
111 499
111 568
111 587
111 616
111 649
111 675
111 773
111 787
111 878
111 925
54 221
119 221
182 221
221 246
221 282
221 318
221 338
221 352
221 385
221 412
221 458
221 533
221 576
221 649
221 669
221 734
221 771
221 840
221 864
221 931
221 946
221 959
73 236
94 236
102 236
120 236
146 236
147 236
236 256
236 290
236 309
236 392
236 458
236 543
236 591
236 609
236 615
236 679
236 779
236 794
236 809
236 866
236 907
236 955
236 965
236 981
73 309
146 309
147 309
181 309
309 392
309 458
309 516
309 591
309 609
309 615
309 779
309 955
309 965
119 318
182 318
246 318
318 338
318 352
318 385
318 458
318 543
318 582
318 605
318 639
318 649
318 809
318 840
318 864
318 931
318 946
318 959
318 984
16 352
47 352
83 352
119 352
160 352
251 352
352 385
352 421
352 490
352 605
352 639
352 649
352 837
352 840
352 864
352 931
352 946
352 984
352 996
73 392
91 392
102 392
120 392
146 392
147 392
166 392
256 392
290 392
392 458
392 543
392 576
392 591
392 609
392 615
392 679
392 739
392 760
392 779
392 809
392 866
392 907
392 955
392 965
146 458
246 458
458 491
458 591
458 649
458 779
458 864
458 946
88 543
102 543
223 543
290 543
365 543
407 543
498 543
543 582
543 591
543 615
543 679
543 682
543 703
543 794
543 809
543 815
543 893
543 907
543 946
543 948
543 959
543 981
107 587
238 587
339 587
393 587
415 587
436 587
587 675
587 703
587 714
587 773
587 794
587 862
587 868
587 878
587 905
587 948
146 591
147 591
181 591
290 591
393 591
591 615
591 679
591 703
591 779
591 794
591 809
591 907
591 948
591 955
591 965
16 649
47 649
160 649
385 649
421 649
490 649
639 649
649 796
649 864
649 878
649 931
649 946
649 996
334 794
339 794
351 794
365 794
393 794
436 794
528 794
615 794
624 794
679 794
703 794
794 798
794 809
794 815
794 830
794 878
794 907
794 932
794 948
55 809
88 809
94 809
102 809
147 809
166 809
223 809
256 809
290 809
365 809
407 809
498 809
563 809
582 809
605 809
615 809
679 809
682 809
809 815
809 893
809 907
809 946
809 959
809 981
16 864
47 864
160 864
385 864
421 864
490 864
639 864
771 864
796 864
864 931
864 996
107 878
238 878
339 878
415 878
436 878
568 878
675 878
703 878
714 878
773 878
862 878
878 948
878 996
96 931
119 931
150 931
182 931
246 931
251 931
338 931
385 931
412 931
533 931
567 931
639 931
669 931
771 931
840 931
931 946
931 959
102 946
119 946
246 946
338 946
385 946
582 946
605 946
639 946
741 946
840 946
946 959
946 984
946 989
55 959
88 959
102 959
166 959
223 959
256 959
582 959
605 959
639 959
741 959
866 959
959 984
959 989
10 36
10 49
10 81
10 107
10 160
10 189
10 217
10 225
10 368
10 381
10 415
10 610
10 647
10 667
10 695
10 787
10 796
10 837
10 919
10 927
10 996
36 58
36 81
36 145
36 189
36 217
36 225
36 264
36 278
36 381
36 387
36 633
36 647
36 654
36 731
36 820
36 892
36 919
49 188
49 225
49 316
49 364
49 368
49 524
49 610
49 630
49 667
49 675
49 695
49 787
49 796
49 919
49 927
49 933
16 81
17 81
47 81
81 145
81 160
81 173
81 225
81 264
81 381
81 421
81 647
81 654
81 667
81 796
81 837
81 919
81 996
16 107
47 107
107 160
107 173
107 238
107 381
107 415
107 714
107 787
107 837
107 862
107 919
107 996
16 160
47 160
83 160
160 173
160 225
160 251
160 264
160 381
160 415
160 421
160 490
160 647
160 654
160 667
160 787
160 796
160 837
160 919
160 996
58 189
189 217
189 225
189 253
189 278
189 368
189 381
189 387
189 463
189 610
189 633
189 647
189 892
189 919
189 927
189 943
23 217
58 217
101 217
217 253
217 278
217 337
217 368
217 463
217 471
217 620
217 633
217 634
217 812
217 820
217 835
217 867
217 899
217 919
217 927
217 943
217 949
217 994
58 225
225 368
225 381
225 415
225 610
225 647
225 667
225 787
225 796
225 919
225 927
225 943
225 996
101 368
253 368
368 610
368 647
368 667
368 887
368 919
368 927
368 933
368 943
16 381
47 381
58 381
145 381
173 381
264 381
381 415
381 647
381 654
381 667
381 837
381 919
381 996
16 415
47 415
173 415
238 415
337 415
415 647
415 695
415 714
415 787
415 837
415 862
415 919
415 996
610 647
610 667
610 787
610 796
610 919
610 927
610 933
610 943
58 647
145 647
173 647
264 647
647 654
647 667
647 837
647 919
647 996
47 667
421 667
490 667
667 787
667 796
667 837
667 919
667 996
101 695
164 695
207 695
219 695
238 695
266 695
364 695
524 695
620 695
634 695
689 695
690 695
695 899
695 927
188 787
316 787
364 787
568 787
675 787
787 796
787 919
787 968
787 996
47 796
421 796
490 796
796 919
796 968
796 996
16 837
47 837
83 837
145 837
173 837
251 837
264 837
292 837
421 837
639 837
654 837
837 919
837 996
264 919
919 927
919 996
101 927
253 927
364 927
524 927
620 927
634 927
683 927
689 927
867 927
887 927
927 933
927 943
16 996
47 996
173 996
238 996
264 996
714 996
63 203
63 319
63 345
63 549
63 577
63 618
63 631
63 646
63 699
63 784
63 846
63 961
63 973
319 345
319 631
319 699
319 784
319 799
319 846
319 961
319 978
21 345
203 345
234 345
312 345
335 345
345 357
345 547
345 553
345 561
345 631
345 699
345 784
345 799
345 846
345 961
345 978
546 699
549 699
631 699
699 710
699 784
699 961
699 973
155 710
546 710
549 710
312 961
335 961
547 961
553 961
631 961
784 961
799 961
846 961
961 978
12 16
12 47
12 72
12 83
12 119
12 224
12 251
12 385
12 412
12 421
12 469
12 490
12 567
12 601
12 717
12 755
12 771
12 840
12 944
12 958
16 17
16 47
16 83
16 119
16 173
16 251
16 264
16 292
16 385
16 421
16 490
16 639
16 654
16 984
47 83
47 119
47 173
47 251
47 264
47 292
47 385
47 421
47 490
47 639
47 654
26 72
72 119
72 150
72 218
72 224
72 412
72 469
72 567
72 601
72 638
72 717
72 755
72 771
72 816
72 840
72 911
72 937
72 944
72 958
17 83
51 83
83 119
83 173
83 224
83 251
83 264
83 292
83 385
83 421
83 518
83 639
83 648
83 654
83 717
83 741
83 755
83 881
83 944
83 958
83 984
119 224
119 251
119 292
119 385
119 412
119 421
119 601
119 605
119 639
119 717
119 741
119 755
119 840
119 881
119 944
119 958
119 984
28 224
51 224
69 224
218 224
224 251
224 361
224 469
224 518
224 601
224 648
224 717
224 755
224 765
224 937
224 944
224 958
17 251
51 251
173 251
251 292
251 385
251 421
251 490
251 601
251 639
251 648
251 654
251 717
251 755
251 840
251 881
251 944
251 958
251 984
182 385
338 385
385 412
385 421
385 490
385 533
385 567
385 601
385 639
385 755
385 771
385 840
385 944
385 984
96 412
150 412
182 412
338 412
412 421
412 469
412 490
412 533
412 567
412 601
412 638
412 669
412 755
412 771
412 840
412 944
421 490
421 639
421 755
421 771
421 944
96 469
150 469
218 469
469 533
469 567
469 601
469 638
469 755
469 771
469 816
469 911
469 937
469 944
96 490
490 771
490 944
96 567
150 567
218 567
300 567
533 567
567 601
567 638
567 669
567 755
567 771
567 816
567 840
567 911
567 944
150 601
218 601
601 638
601 717
601 755
601 771
601 816
601 840
601 911
601 937
601 944
601 958
17 717
28 717
51 717
90 717
361 717
518 717
648 717
717 719
717 742
717 755
717 765
717 944
717 958
17 755
51 755
218 755
518 755
648 755
755 944
755 958
54 771
96 771
150 771
210 771
300 771
533 771
638 771
669 771
771 840
771 944
137 840
150 840
182 840
218 840
246 840
338 840
533 840
638 840
639 840
734 840
17 944
51 944
648 944
944 958
17 958
28 958
51 958
292 958
361 958
518 958
593 958
639 958
648 958
719 958
742 958
765 958
853 958
881 958
13 73
13 100
13 148
13 171
13 177
13 247
13 434
13 505
13 516
13 576
13 586
13 609
13 715
13 767
13 779
13 786
13 845
13 847
13 951
19 73
73 91
73 120
73 146
73 147
73 400
73 434
73 473
73 486
73 505
73 516
73 556
73 586
73 609
73 712
73 767
73 779
73 786
73 845
73 926
73 951
73 955
73 965
25 100
100 148
100 177
100 247
100 437
100 516
100 586
100 596
100 715
100 735
100 767
100 942
100 951
25 148
148 177
148 494
148 586
148 596
148 715
148 735
148 938
148 951
91 171
171 576
171 739
171 743
171 760
171 767
171 845
171 847
171 866
171 990
25 177
177 214
177 226
177 247
177 437
177 493
177 516
177 586
177 596
177 735
177 942
48 247
214 247
226 247
247 516
247 576
247 586
247 596
247 609
247 735
247 767
247 779
247 847
247 854
247 942
19 434
109 434
161 434
326 434
331 434
406 434
434 447
434 473
434 486
434 505
434 556
434 586
434 715
434 786
434 842
434 874
434 926
434 930
434 951
19 505
86 505
120 505
146 505
400 505
406 505
473 505
486 505
505 516
505 556
505 609
505 712
505 715
505 767
505 779
505 786
505 845
505 874
505 926
505 951
505 955
505 965
146 516
400 516
516 586
516 609
516 715
516 767
516 779
516 951
182 576
246 576
282 576
338 576
477 576
576 674
576 734
576 739
576 743
576 760
576 767
576 847
576 866
576 990
25 586
586 596
586 609
586 715
586 767
586 786
586 930
586 938
586 951
19 609
91 609
120 609
146 609
147 609
400 609
486 609
556 609
609 739
609 767
609 779
609 845
609 951
609 955
609 965
109 715
326 715
486 715
715 767
715 786
715 842
715 845
715 874
715 951
91 767
146 767
739 767
760 767
767 779
767 845
767 847
767 951
120 779
146 779
147 779
181 779
400 779
615 779
779 955
779 965
19 786
109 786
161 786
326 786
331 786
486 786
556 786
786 842
786 845
786 874
786 951
91 845
120 845
195 845
556 845
712 845
739 845
760 845
845 874
845 951
214 847
246 847
282 847
477 847
674 847
734 847
739 847
743 847
760 847
847 854
847 942
847 990
326 951
486 951
874 951
930 951
14 55
14 88
14 93
14 94
14 102
14 117
14 166
14 185
14 223
14 241
14 256
14 403
14 407
14 452
14 501
14 515
14 525
14 535
14 563
14 622
14 626
14 642
14 682
14 788
14 829
14 849
14 855
14 893
14 918
14 981
14 995
55 88
55 94
55 102
55 147
55 166
55 185
55 223
55 256
55 290
55 328
55 515
55 535
55 563
55 582
55 622
55 651
55 682
55 829
55 866
88 94
88 102
88 122
88 166
88 223
88 256
88 365
88 407
88 515
88 525
88 563
88 582
88 622
88 623
88 682
88 815
88 855
88 891
88 893
88 907
88 918
88 981
93 241
93 307
93 322
93 336
93 452
93 501
93 525
93 534
93 535
93 548
93 597
93 622
93 626
93 642
93 716
93 727
93 733
93 761
93 788
93 792
93 903
93 934
94 102
94 147
94 166
94 223
94 256
94 290
94 403
94 407
94 501
94 515
94 535
94 563
94 642
94 679
94 682
94 788
94 815
94 829
94 849
94 850
94 893
94 907
94 981
94 995
102 147
102 166
102 223
102 256
102 290
102 407
102 515
102 535
102 563
102 582
102 679
102 682
102 829
102 866
102 893
102 907
102 981
117 241
117 398
117 403
117 501
117 535
117 626
117 642
117 701
117 778
117 788
117 811
117 991
117 995
91 166
147 166
166 223
166 256
166 290
166 328
166 515
166 535
166 563
166 682
166 739
166 760
166 829
166 866
166 981
185 223
185 275
185 328
185 399
185 452
185 515
185 563
185 622
185 626
185 644
185 651
185 855
185 900
185 997
122 223
223 256
223 365
223 407
223 515
223 525
223 535
223 563
223 582
223 622
223 623
223 642
223 682
223 815
223 849
223 855
223 891
223 893
223 918
223 981
241 307
241 336
241 403
241 452
241 501
241 535
241 622
241 626
241 642
241 733
241 788
241 903
241 934
91 256
147 256
256 290
256 328
256 515
256 535
256 563
256 682
256 739
256 760
256 829
256 866
256 981
290 403
398 403
403 501
403 535
403 626
403 642
403 682
403 778
403 788
403 811
403 829
403 849
403 850
403 981
403 991
403 995
122 407
184 407
365 407
407 411
407 475
407 501
407 515
407 525
407 548
407 559
407 563
407 602
407 623
407 642
407 679
407 682
407 694
407 815
407 849
407 891
407 893
407 907
407 918
407 941
407 981
407 987
275 452
307 452
328 452
452 515
452 535
452 622
452 626
452 644
452 651
452 733
122 501
501 525
501 535
501 559
501 626
501 642
501 682
501 701
501 738
501 778
501 788
501 791
501 849
501 893
501 918
501 941
501 981
501 991
501 995
275 515
399 515
515 525
515 535
515 563
515 582
515 622
515 626
515 651
515 682
515 829
515 855
515 891
515 918
515 997
92 525
122 525
184 525
273 525
322 525
336 525
475 525
525 548
525 559
525 563
525 584
525 602
525 623
525 626
525 642
525 682
525 693
525 694
525 738
525 791
525 815
525 849
525 855
525 891
525 893
525 918
525 941
328 535
535 563
535 622
535 626
535 642
535 651
535 682
535 788
535 829
535 995
122 563
365 563
548 563
563 582
563 622
563 623
563 626
563 642
563 682
563 693
563 815
563 849
563 855
563 891
563 893
563 918
563 981
275 622
322 622
336 622
399 622
548 622
622 626
622 644
622 651
622 682
622 693
622 733
622 855
622 900
622 918
622 997
275 626
307 626
336 626
548 626
626 642
626 644
626 651
626 682
626 733
626 788
626 855
626 903
122 642
475 642
548 642
559 642
642 682
642 738
642 778
642 788
642 791
642 849
642 893
642 918
642 941
642 981
122 682
290 682
365 682
475 682
548 682
559 682
582 682
682 815
682 829
682 849
682 855
682 891
682 893
682 907
682 918
682 941
682 981
398 788
701 788
778 788
788 811
788 849
788 850
788 981
788 991
788 995
91 829
147 829
290 829
328 829
651 829
739 829
760 829
829 866
829 995
18 849
75 849
92 849
122 849
310 849
411 849
424 849
439 849
475 849
559 849
592 849
624 849
694 849
738 849
778 849
791 849
815 849
849 893
849 907
849 918
849 941
849 981
849 987
275 855
306 855
322 855
336 855
399 855
474 855
548 855
584 855
693 855
855 891
855 900
855 918
855 997
18 893
122 893
184 893
290 893
365 893
411 893
424 893
439 893
475 893
528 893
559 893
592 893
624 893
679 893
694 893
815 893
893 907
893 918
893 941
893 981
893 987
122 918
184 918
273 918
322 918
336 918
365 918
475 918
548 918
559 918
584 918
602 918
623 918
693 918
694 918
815 918
891 918
918 941
147 981
290 981
398 981
528 981
559 981
615 981
624 981
679 981
815 981
850 981
907 981
981 987
91 995
195 995
398 995
627 995
712 995
811 995
850 995
991 995
15 62
15 67
15 79
15 165
15 167
15 260
15 294
15 317
15 371
15 410
15 417
15 545
15 661
15 795
15 843
15 851
15 879
15 880
15 920
15 922
15 957
15 962
15 971
62 64
62 67
62 179
62 267
62 277
62 279
62 283
62 294
62 332
62 371
62 390
62 410
62 438
62 449
62 487
62 527
62 545
62 785
62 801
62 814
62 870
62 914
64 67
67 167
67 232
67 260
67 277
67 279
67 294
67 332
67 371
67 410
67 438
67 487
67 545
67 661
67 780
67 795
67 870
67 914
34 79
79 82
79 165
79 167
79 317
79 324
79 371
79 389
79 545
79 661
79 795
79 832
79 843
79 851
79 879
79 880
79 920
79 922
79 960
79 962
34 165
43 165
82 165
134 165
165 279
165 317
165 324
165 344
165 357
165 371
165 389
165 470
165 520
165 545
165 607
165 661
165 832
165 841
165 852
165 880
165 920
165 922
165 957
165 962
165 967
167 317
167 371
167 545
167 661
167 795
167 843
167 851
167 879
167 880
167 922
167 962
167 971
61 260
98 260
134 260
140 260
230 260
237 260
245 260
260 294
260 317
260 417
260 531
260 537
260 545
260 661
260 730
260 746
260 777
260 801
260 814
260 851
260 879
260 922
260 957
260 971
64 294
277 294
279 294
294 344
294 371
294 390
294 410
294 438
294 487
294 527
294 545
294 661
294 795
294 801
294 814
294 870
294 914
112 317
134 317
140 317
245 317
317 372
317 389
317 417
317 531
317 537
317 545
317 661
317 730
317 843
317 851
317 879
317 880
317 922
317 957
317 960
317 962
317 971
34 371
39 371
64 371
95 371
176 371
232 371
279 371
324 371
344 371
371 410
371 438
371 522
371 545
371 661
371 795
371 920
371 922
371 953
371 962
34 410
64 410
95 410
176 410
212 410
232 410
267 410
277 410
279 410
332 410
390 410
397 410
410 438
410 444
410 487
410 522
410 552
410 640
410 663
410 766
410 780
410 795
410 810
410 914
410 953
61 417
98 417
112 417
134 417
140 417
237 417
245 417
258 417
417 531
417 537
417 545
417 661
417 698
417 730
417 746
417 777
417 843
417 851
417 879
417 880
417 922
417 957
417 971
34 545
279 545
344 545
389 545
438 545
531 545
545 661
545 730
545 795
545 843
545 851
545 879
545 880
545 920
545 922
545 957
545 962
389 661
661 730
661 795
661 843
661 851
661 879
661 880
661 920
661 922
661 957
661 962
661 971
795 843
795 851
795 880
795 922
795 962
112 843
245 843
372 843
389 843
537 843
730 843
843 851
843 879
843 880
843 922
843 957
843 960
843 962
843 971
112 851
245 851
372 851
389 851
537 851
730 851
851 879
851 880
851 922
851 957
851 960
851 962
851 971
112 879
134 879
372 879
389 879
443 879
537 879
607 879
730 879
879 880
879 922
879 957
879 960
879 962
879 971
112 880
372 880
389 880
607 880
730 880
880 922
880 957
880 960
880 962
880 971
34 920
39 920
42 920
82 920
151 920
176 920
279 920
324 920
344 920
389 920
520 920
522 920
569 920
635 920
832 920
920 962
112 922
140 922
245 922
389 922
531 922
537 922
730 922
922 957
922 960
922 962
922 971
61 957
98 957
112 957
134 957
140 957
237 957
245 957
258 957
531 957
537 957
698 957
730 957
777 957
957 971
34 962
82 962
279 962
324 962
344 962
389 962
832 962
852 962
960 962
61 971
112 971
140 971
245 971
372 971
404 971
531 971
532 971
537 971
730 971
17 51
17 90
17 145
17 173
17 264
17 292
17 599
17 648
17 654
145 173
173 264
173 292
173 654
173 881
145 264
264 292
264 654
46 292
153 292
292 555
292 593
292 605
292 639
292 648
292 654
292 741
292 753
292 881
292 984
605 639
639 741
639 881
639 984
639 989
90 654
145 654
654 881
46 984
153 984
375 984
555 984
582 984
605 984
741 984
753 984
881 984
984 989
28 51
51 90
51 361
51 518
51 593
51 648
51 719
51 742
51 805
90 145
90 599
90 648
90 719
90 742
90 805
145 599
145 892
599 805
28 648
361 648
518 648
593 648
648 719
648 742
648 765
648 805
648 853
648 881
18 57
18 75
18 170
18 201
18 310
18 411
18 424
18 426
18 439
18 475
18 528
18 559
18 592
18 624
18 656
18 694
18 723
18 740
18 791
18 815
18 836
18 941
18 954
18 982
18 987
18 999
57 87
57 154
57 201
57 310
57 374
57 424
57 426
57 439
57 577
57 592
57 608
57 621
57 656
57 740
57 836
57 890
57 982
57 987
75 92
75 170
75 190
75 201
75 222
75 310
75 396
75 424
75 439
75 559
75 589
75 650
75 738
75 749
75 778
75 791
75 836
75 844
75 987
75 999
92 170
170 190
170 201
170 244
170 310
170 349
170 396
170 424
170 439
170 589
170 650
170 705
170 716
170 738
170 749
170 778
170 791
170 800
170 836
170 844
170 869
170 976
170 999
201 222
201 293
201 295
201 310
201 424
201 426
201 439
201 577
201 589
201 656
201 791
201 836
201 987
201 999
222 310
310 411
310 424
310 426
310 439
310 559
310 589
310 592
310 624
310 656
310 694
310 740
310 791
310 836
310 982
310 987
310 999
122 411
184 411
323 411
334 411
411 424
411 439
411 467
411 475
411 559
411 592
411 602
411 608
411 656
411 673
411 694
411 723
411 740
411 815
411 836
411 932
411 941
411 954
411 970
411 982
411 987
411 1000
92 424
424 426
424 439
424 475
424 528
424 559
424 592
424 624
424 656
424 694
424 740
424 791
424 815
424 836
424 941
424 982
424 987
424 999
87 426
132 426
154 426
295 426
426 439
426 577
426 592
426 621
426 656
426 836
426 982
92 439
122 439
349 439
396 439
439 467
439 475
439 559
439 592
439 656
439 694
439 723
439 738
439 791
439 800
439 815
439 836
439 941
439 982
439 987
439 1000
92 475
122 475
184 475
273 475
349 475
365 475
467 475
475 548
475 559
475 584
475 592
475 602
475 623
475 694
475 723
475 738
475 791
475 800
475 815
475 916
475 941
475 954
475 987
196 528
351 528
393 528
528 592
528 615
528 624
528 679
528 740
528 815
528 830
528 907
528 932
528 955
528 965
528 987
528 992
92 559
122 559
184 559
273 559
349 559
548 559
559 592
559 602
559 623
559 694
559 723
559 738
559 791
559 800
559 815
559 941
559 954
559 987
87 592
184 592
323 592
334 592
351 592
374 592
460 592
592 608
592 624
592 656
592 694
592 723
592 740
592 815
592 830
592 836
592 890
592 904
592 932
592 954
592 970
592 982
592 987
196 624
290 624
351 624
615 624
624 679
624 740
624 815
624 830
624 907
624 932
624 965
624 987
624 992
87 656
154 656
374 656
460 656
577 656
608 656
621 656
656 740
656 836
656 890
656 982
656 987
92 694
122 694
184 694
334 694
365 694
467 694
602 694
623 694
673 694
694 723
694 791
694 800
694 815
694 941
694 954
694 970
694 982
694 987
130 723
184 723
323 723
330 723
334 723
374 723
413 723
467 723
517 723
570 723
602 723
608 723
673 723
723 725
723 815
723 916
723 954
723 970
723 982
723 1000
87 740
154 740
351 740
460 740
554 740
621 740
740 830
740 890
740 904
740 932
740 954
740 987
92 791
122 791
190 791
349 791
396 791
589 791
738 791
749 791
778 791
791 800
791 836
791 844
791 869
791 941
791 987
791 999
122 815
184 815
334 815
365 815
498 815
602 815
623 815
679 815
815 907
815 932
815 941
815 954
815 970
815 987
589 836
650 836
836 982
836 987
836 999
92 941
122 941
184 941
273 941
349 941
396 941
548 941
584 941
602 941
738 941
800 941
869 941
941 987
40 954
130 954
184 954
258 954
323 954
330 954
334 954
351 954
365 954
374 954
418 954
460 954
498 954
602 954
608 954
637 954
725 954
798 954
904 954
932 954
948 954
954 970
954 982
954 987
87 982
323 982
374 982
413 982
467 982
608 982
673 982
982 987
982 1000
122 987
830 987
932 987
987 999
190 999
208 999
222 999
293 999
356 999
428 999
551 999
589 999
713 999
749 999
778 999
991 999
992 999
19 86
19 109
19 120
19 161
19 195
19 398
19 473
19 486
19 556
19 627
19 681
19 712
19 842
19 850
19 874
19 926
29 86
59 86
84 86
86 196
86 406
86 447
86 473
86 486
86 556
86 581
86 681
86 793
86 901
86 926
86 956
86 965
86 992
84 109
109 161
109 331
109 447
109 450
109 486
109 556
109 627
109 842
109 874
91 120
120 146
120 147
120 161
120 195
120 290
120 398
120 486
120 556
120 627
120 712
120 739
120 850
120 965
161 195
161 398
161 450
161 486
161 556
161 627
161 681
161 712
161 842
161 874
91 195
147 195
195 398
195 556
195 627
195 712
195 739
195 811
195 850
290 398
356 398
398 556
398 627
398 681
398 712
398 811
398 850
398 991
146 473
183 473
196 473
198 473
342 473
400 473
406 473
473 486
473 581
473 793
473 926
473 955
473 956
473 965
331 486
406 486
447 486
486 556
486 581
486 627
486 681
486 712
486 842
486 874
486 926
91 556
556 627
556 681
556 712
556 850
556 874
556 926
450 627
454 627
480 627
627 681
627 712
627 811
627 842
627 850
627 874
29 681
37 681
84 681
208 681
356 681
428 681
450 681
454 681
480 681
681 712
681 713
681 811
681 850
681 901
681 991
91 712
147 712
290 712
712 739
712 811
712 850
59 842
84 842
331 842
447 842
450 842
842 874
91 850
147 850
290 850
356 850
811 850
850 991
331 874
196 926
342 926
400 926
406 926
447 926
581 926
793 926
926 956
926 965
20 155
20 158
20 285
20 312
20 457
20 488
20 641
20 863
20 885
20 993
155 285
155 380
155 618
155 641
155 906
158 285
158 457
158 465
158 488
158 641
158 818
158 822
158 863
158 885
158 993
285 312
285 457
285 488
285 541
285 641
285 863
285 885
285 993
205 312
312 335
312 547
312 641
312 863
312 978
312 993
335 457
457 488
457 541
457 641
457 764
457 818
457 821
457 822
457 863
457 993
465 488
488 641
488 818
488 822
488 860
488 863
488 885
488 993
541 641
641 821
641 993
205 863
465 863
547 863
600 863
614 863
818 863
852 863
863 885
863 978
863 993
465 885
818 885
822 885
860 885
885 993
205 993
335 993
541 993
547 993
561 993
818 993
978 993
21 39
21 42
21 82
21 85
21 151
21 234
21 324
21 344
21 357
21 420
21 470
21 504
21 519
21 553
21 631
21 635
21 763
21 799
21 832
21 846
21 978
34 39
39 42
39 85
39 95
39 151
39 175
39 176
39 249
39 279
39 324
39 344
39 390
39 397
39 420
39 438
39 504
39 522
39 635
39 663
39 745
39 766
39 953
34 42
42 82
42 85
42 151
42 234
42 279
42 324
42 344
42 357
42 420
42 470
42 504
42 519
42 520
42 553
42 569
42 635
42 766
42 832
34 82
82 143
82 151
82 205
82 234
82 279
82 324
82 344
82 357
82 389
82 470
82 519
82 520
82 547
82 553
82 561
82 569
82 583
82 614
82 802
82 832
82 852
82 967
34 85
85 151
85 175
85 234
85 249
85 271
85 279
85 324
85 344
85 390
85 397
85 420
85 438
85 470
85 504
85 522
85 635
85 763
85 766
34 151
151 234
151 249
151 271
151 279
151 324
151 344
151 357
151 390
151 397
151 420
151 438
151 470
151 504
151 635
151 763
151 766
205 234
234 271
234 324
234 335
234 344
234 357
234 470
234 504
234 519
234 547
234 553
234 561
234 631
234 635
234 763
234 799
234 841
234 846
234 978
34 324
279 324
324 344
324 357
324 389
324 438
324 470
324 504
324 519
324 520
324 522
324 553
324 569
324 635
324 766
324 832
324 852
34 344
64 344
249 344
271 344
279 344
344 390
344 397
344 438
344 470
344 504
344 635
344 763
344 766
344 841
205 357
274 357
335 357
357 470
357 519
357 520
357 547
357 553
357 561
357 569
357 631
357 763
357 832
357 841
357 852
357 967
357 978
95 420
175 420
249 420
397 420
420 504
420 522
420 635
420 745
420 766
420 953
43 470
172 470
205 470
271 470
274 470
335 470
470 519
470 520
470 547
470 553
470 561
470 569
470 631
470 635
470 763
470 832
470 841
470 846
470 852
470 967
470 978
175 504
249 504
279 504
397 504
504 553
504 635
504 766
504 799
143 519
205 519
335 519
519 520
519 547
519 553
519 561
519 569
519 583
519 600
519 614
519 802
519 832
519 852
519 967
519 978
143 553
205 553
520 553
547 553
553 569
553 631
553 799
553 832
553 978
335 631
547 631
631 784
631 799
631 846
631 978
34 635
64 635
175 635
249 635
271 635
279 635
390 635
397 635
438 635
522 635
635 763
635 766
172 763
271 763
274 763
323 763
335 763
374 763
561 763
608 763
763 841
763 846
784 799
799 846
34 832
143 832
205 832
389 832
520 832
569 832
583 832
600 832
614 832
802 832
832 852
832 967
203 846
335 846
577 846
784 846
846 978
205 978
335 978
541 978
547 978
561 978
238 339
238 436
238 578
238 675
238 703
238 714
238 773
238 862
238 868
238 905
238 948
291 316
316 499
316 568
316 579
316 675
316 678
316 744
316 817
316 945
316 968
123 568
188 568
499 568
526 568
568 579
568 616
568 675
568 678
568 744
568 773
568 817
568 925
568 945
568 968
188 675
364 675
499 675
579 675
675 773
675 817
675 925
675 945
675 968
291 968
491 968
499 968
579 968
744 968
817 968
23 178
23 278
23 404
23 430
23 461
23 463
23 471
23 532
23 580
23 634
23 737
23 812
23 835
23 867
23 950
23 994
178 204
178 296
178 404
178 430
178 461
178 471
178 532
178 580
178 594
178 684
178 737
178 774
178 950
178 994
58 278
215 278
278 296
278 387
278 430
278 461
278 463
278 633
278 731
278 820
278 892
278 972
278 994
245 404
379 404
404 461
404 471
404 532
404 580
404 594
404 684
404 737
404 774
404 835
404 950
404 994
215 430
296 430
430 461
430 463
430 523
430 594
430 731
430 790
430 972
430 994
144 461
168 461
296 461
461 532
461 580
461 594
461 684
461 774
461 820
461 950
461 972
461 983
461 994
58 463
387 463
463 471
463 523
463 812
463 867
463 943
463 994
164 471
471 532
471 580
471 620
471 633
471 634
471 737
471 812
471 835
471 867
471 899
471 949
471 950
471 994
61 532
140 532
245 532
337 532
379 532
531 532
532 537
532 580
532 633
532 730
532 777
532 820
532 835
532 858
532 899
532 949
532 950
532 994
24 580
140 580
168 580
245 580
337 580
379 580
531 580
537 580
580 633
580 777
580 820
580 835
580 858
580 899
580 949
580 950
580 994
101 634
164 634
253 634
266 634
388 634
427 634
524 634
620 634
634 643
634 683
634 689
634 690
634 812
634 835
634 867
634 899
737 812
737 867
253 812
388 812
523 812
683 812
812 867
812 887
812 943
140 835
164 835
207 835
245 835
266 835
337 835
372 835
379 835
537 835
620 835
690 835
730 835
777 835
835 857
835 867
835 899
835 949
835 950
835 994
101 867
253 867
388 867
620 867
643 867
683 867
689 867
867 899
24 950
61 950
140 950
168 950
245 950
337 950
379 950
531 950
537 950
633 950
777 950
820 950
858 950
899 950
949 950
950 994
58 994
337 994
620 994
633 994
820 994
949 994
24 46
24 139
24 144
24 157
24 305
24 337
24 375
24 379
24 456
24 555
24 578
24 633
24 714
24 758
24 777
24 820
24 834
24 858
24 868
46 153
46 375
46 514
46 555
46 605
46 741
46 753
46 834
46 868
46 881
46 897
46 966
46 989
139 144
139 157
139 168
139 305
139 321
139 329
139 355
139 632
139 658
139 834
139 858
139 966
144 157
144 168
144 305
144 321
144 337
144 355
144 379
144 820
144 834
144 858
157 168
157 186
157 242
157 305
157 321
157 379
157 456
157 540
157 746
157 758
157 834
157 858
157 966
168 305
305 321
305 329
305 355
305 632
305 834
305 858
305 966
337 379
337 578
337 633
337 714
337 777
337 820
337 858
337 949
40 375
130 375
330 375
365 375
375 456
375 498
375 514
375 555
375 578
375 605
375 623
375 714
375 741
375 758
375 798
375 834
375 868
375 989
61 379
140 379
168 379
186 379
230 379
245 379
379 395
379 531
379 537
379 746
379 758
379 777
379 858
379 949
40 456
98 456
130 456
186 456
330 456
418 456
456 498
456 514
456 517
456 540
456 555
456 570
456 578
456 746
456 758
456 798
456 834
456 858
456 868
456 966
456 970
130 555
498 555
514 555
555 578
555 605
555 714
555 741
555 753
555 758
555 798
555 834
555 868
555 881
555 897
555 989
40 578
334 578
339 578
418 578
436 578
498 578
578 637
578 698
578 703
578 714
578 758
578 777
578 798
578 862
578 868
578 905
578 949
58 633
633 820
633 949
40 714
339 714
436 714
637 714
703 714
714 758
714 777
714 798
714 862
714 868
714 905
714 949
40 758
98 758
130 758
186 758
330 758
418 758
540 758
570 758
746 758
758 777
758 798
758 834
758 858
758 868
61 777
98 777
140 777
237 777
245 777
418 777
531 777
537 777
540 777
637 777
698 777
730 777
746 777
777 782
777 857
777 858
777 905
777 949
58 820
820 949
321 834
330 834
514 834
540 834
632 834
834 858
834 897
834 966
61 858
140 858
168 858
186 858
321 858
531 858
540 858
746 858
40 868
130 868
334 868
339 868
436 868
498 868
637 868
703 868
798 868
862 868
868 905
868 948
868 970
25 211
25 437
25 493
25 494
25 557
25 596
25 735
25 938
211 437
211 493
211 494
211 557
211 938
220 437
226 437
437 493
437 494
437 557
437 596
437 735
437 938
437 942
493 494
493 557
493 596
493 938
494 557
494 596
494 938
557 596
557 938
596 735
596 942
214 735
226 735
735 942
930 938
26 105
26 162
26 218
26 482
26 816
26 911
26 937
105 137
105 162
105 218
105 937
69 162
162 218
162 235
162 482
162 765
162 911
162 937
137 218
150 218
218 638
218 765
218 816
218 911
218 937
137 816
150 816
300 816
464 816
638 816
816 911
816 937
150 911
638 911
911 937
69 937
150 937
638 937
137 182
150 182
182 246
182 282
182 338
182 477
182 533
182 638
182 669
182 674
182 734
182 990
48 246
54 246
246 282
246 338
246 343
246 477
246 533
246 669
246 674
246 734
246 854
246 866
246 990
54 338
137 338
150 338
282 338
338 477
338 533
338 638
338 669
338 674
338 734
338 990
365 582
498 582
582 605
582 741
582 989
498 605
605 741
605 881
605 989
153 741
474 741
741 753
741 881
741 989
153 989
365 989
474 989
498 989
753 989
881 989
897 989
28 69
28 202
28 235
28 299
28 361
28 431
28 433
28 518
28 593
28 719
28 742
28 765
28 781
28 853
69 202
69 235
69 361
69 433
69 518
69 719
69 765
69 853
202 235
202 299
202 361
202 433
202 518
202 719
202 742
202 765
202 781
202 853
235 299
235 361
235 765
235 781
235 853
299 361
299 752
299 765
299 781
299 853
299 988
153 361
361 431
361 518
361 593
361 719
361 742
361 753
361 765
361 781
361 853
361 881
110 431
153 431
431 593
431 658
431 742
431 753
431 762
431 853
431 881
431 897
433 518
433 719
433 765
518 593
518 719
518 742
518 765
518 853
518 881
153 593
593 719
593 742
593 753
593 765
593 853
593 881
719 742
719 765
719 805
719 853
742 765
742 805
742 853
742 881
765 781
765 853
752 781
781 853
781 988
153 853
753 853
29 37
29 59
29 68
29 84
29 208
29 233
29 254
29 320
29 386
29 428
29 447
29 450
29 454
29 478
29 492
29 551
29 595
29 713
29 861
29 873
29 901
29 929
29 998
37 89
37 208
37 333
37 428
37 454
37 480
37 492
37 595
37 713
37 861
37 883
37 901
37 929
59 84
59 233
59 320
59 331
59 386
59 406
59 447
59 450
59 478
59 581
59 873
59 901
59 998
68 208
68 254
68 265
68 293
68 320
68 333
68 384
68 478
68 479
68 551
68 595
68 659
68 713
68 813
68 826
68 861
68 873
68 883
68 901
68 935
68 998
84 233
84 320
84 331
84 386
84 447
84 450
84 454
84 478
84 492
84 861
84 873
84 901
84 998
89 208
208 222
208 254
208 265
208 293
208 320
208 333
208 356
208 382
208 384
208 428
208 478
208 479
208 551
208 595
208 713
208 813
208 826
208 838
208 861
208 873
208 883
208 901
208 992
208 998
233 386
233 450
233 454
233 492
233 595
233 861
233 873
233 901
233 929
254 293
254 320
254 380
254 384
254 478
254 479
254 551
254 562
254 659
254 813
254 826
254 861
254 873
254 909
254 998
320 333
320 386
320 478
320 479
320 680
320 813
320 861
320 873
320 901
320 935
320 998
386 447
386 450
386 478
386 492
386 595
386 861
386 873
386 901
386 929
386 935
386 998
89 428
222 428
293 428
333 428
356 428
428 454
428 480
428 595
428 713
428 720
428 861
428 883
428 901
428 991
331 447
406 447
447 581
447 901
331 450
450 454
450 480
450 492
450 861
450 901
454 480
454 492
454 595
454 713
454 811
454 861
454 901
454 929
333 478
478 479
478 551
478 659
478 813
478 861
478 873
478 901
478 935
478 998
492 595
492 861
492 873
492 901
492 929
492 935
222 551
265 551
293 551
356 551
382 551
384 551
479 551
551 659
551 713
551 813
551 826
551 838
551 883
551 992
551 998
89 595
333 595
446 595
480 595
595 680
595 713
595 861
595 873
595 883
595 901
595 929
595 935
89 713
222 713
265 713
293 713
333 713
356 713
384 713
713 720
713 813
713 838
713 861
713 883
713 901
333 861
479 861
680 861
861 873
861 883
861 901
861 929
861 935
861 998
333 873
479 873
680 873
873 883
873 901
873 929
873 935
873 998
901 929
901 998
333 929
446 929
680 929
883 929
929 935
384 998
479 998
659 998
793 998
30 124
30 240
30 243
30 484
30 509
30 544
30 565
30 697
30 708
30 729
30 822
30 860
30 928
124 240
124 243
124 509
124 544
124 565
124 860
124 928
240 243
240 257
240 261
240 408
240 483
240 509
240 526
240 542
240 544
240 565
240 572
240 666
240 797
240 910
240 928
243 257
243 261
243 408
243 483
243 509
243 526
243 542
243 544
243 572
243 666
243 678
243 797
243 910
243 925
243 928
114 484
193 484
198 484
435 484
484 554
484 565
484 575
484 708
484 729
484 764
484 789
484 822
484 979
257 509
261 509
509 526
509 544
509 565
509 666
509 797
509 910
509 928
544 565
544 860
544 928
193 565
435 565
565 708
565 729
565 822
565 860
378 697
408 697
628 697
697 818
697 822
697 908
114 708
193 708
270 708
435 708
575 708
708 711
708 729
708 764
708 822
708 860
708 979
193 729
270 729
435 729
711 729
729 764
729 860
729 979
541 822
628 822
764 822
818 822
822 860
33 928
257 928
261 928
408 928
483 928
526 928
542 928
572 928
666 928
678 928
797 928
910 928
31 53
31 129
31 136
31 149
31 194
31 242
31 346
31 348
31 481
31 585
31 653
31 898
31 969
53 99
53 129
53 131
53 280
53 346
53 348
53 416
53 481
53 585
53 751
53 804
53 839
99 129
129 131
129 280
129 346
129 348
129 481
129 585
129 804
129 839
129 915
50 136
136 149
136 242
136 250
136 321
136 329
136 355
136 391
136 395
136 653
136 898
136 969
50 149
149 230
149 242
149 250
149 321
149 329
149 653
149 870
149 898
149 969
194 321
194 346
194 481
194 507
61 242
186 242
230 242
242 321
242 653
242 870
242 914
242 969
99 346
131 346
346 348
346 481
346 507
346 517
346 585
346 804
346 915
99 348
131 348
197 348
280 348
348 481
348 585
348 804
348 839
99 481
131 481
280 481
481 585
481 704
481 898
99 585
131 585
197 585
280 585
585 704
585 751
585 804
585 839
50 653
186 653
230 653
321 653
653 870
653 898
653 969
197 898
590 898
704 898
898 969
50 969
250 969
321 969
329 969
32 71
32 92
32 127
32 248
32 273
32 284
32 349
32 442
32 534
32 573
32 574
32 597
32 598
32 660
32 686
32 716
32 727
32 738
32 750
32 761
32 768
32 800
32 869
32 884
32 976
32 986
45 71
66 71
71 78
71 127
71 248
71 284
71 423
71 442
71 573
71 574
71 598
71 660
71 686
71 750
71 768
71 819
71 986
92 122
92 190
92 244
92 273
92 349
92 396
92 467
92 534
92 574
92 589
92 650
92 716
92 727
92 738
92 778
92 800
92 844
92 869
92 976
35 127
78 127
103 127
125 127
127 209
127 248
127 273
127 284
127 322
127 336
127 442
127 534
127 573
127 574
127 597
127 598
127 660
127 686
127 750
127 761
127 768
127 896
127 903
66 248
77 248
78 248
125 248
209 248
248 284
248 304
248 336
248 534
248 574
248 597
248 598
248 660
248 686
248 750
248 761
248 768
248 792
248 896
248 903
103 273
122 273
125 273
273 322
273 336
273 349
273 396
273 467
273 534
273 548
273 574
273 584
273 597
273 602
273 660
273 693
273 716
273 738
273 800
273 869
273 916
273 976
273 980
174 284
284 341
284 442
284 534
284 573
284 574
284 597
284 598
284 686
284 716
284 727
284 750
284 768
284 869
284 884
284 940
122 349
349 396
349 413
349 442
349 467
349 534
349 573
349 574
349 650
349 660
349 738
349 800
349 844
349 869
349 976
349 986
349 1000
442 467
442 573
442 574
442 660
442 686
442 750
442 800
442 869
442 884
442 976
442 986
125 534
213 534
244 534
336 534
396 534
534 548
534 573
534 574
534 597
534 598
534 660
534 716
534 727
534 733
534 738
534 750
534 761
534 768
534 869
534 884
534 903
534 934
534 940
396 573
573 574
573 598
573 686
573 716
573 727
573 738
573 750
573 768
573 844
573 869
573 884
573 976
396 574
574 597
574 598
574 660
574 686
574 716
574 727
574 738
574 750
574 768
574 800
574 869
574 884
574 976
574 986
77 597
125 597
209 597
304 597
307 597
322 597
336 597
548 597
597 660
597 716
597 727
597 733
597 738
597 750
597 761
597 768
597 792
597 869
597 896
597 903
597 934
597 940
77 598
174 598
341 598
376 598
598 686
598 727
598 750
598 768
598 884
598 896
598 940
103 660
125 660
209 660
322 660
336 660
416 660
548 660
584 660
660 738
660 750
660 761
660 800
660 869
660 916
660 980
660 986
45 686
423 686
686 750
686 768
686 819
686 884
128 716
190 716
213 716
244 716
336 716
359 716
396 716
671 716
701 716
716 727
716 738
716 750
716 778
716 844
716 869
716 875
716 884
716 934
716 940
128 727
190 727
213 727
244 727
268 727
359 727
396 727
671 727
701 727
727 738
727 750
727 778
727 844
727 869
727 875
727 884
727 934
727 940
122 738
244 738
336 738
396 738
548 738
738 778
738 800
738 844
738 869
738 976
423 750
750 761
750 768
750 819
750 869
750 884
77 761
125 761
209 761
304 761
307 761
322 761
336 761
548 761
733 761
761 768
761 792
761 896
761 903
66 768
77 768
78 768
174 768
304 768
341 768
376 768
423 768
768 819
768 884
768 896
768 940
122 800
396 800
413 800
467 800
650 800
673 800
800 869
800 916
800 976
800 986
800 1000
244 869
396 869
467 869
650 869
844 869
869 884
869 976
213 884
244 884
268 884
341 884
396 884
844 884
884 940
413 976
467 976
650 976
844 976
976 986
976 1000
45 986
131 986
413 986
416 986
467 986
804 986
916 986
980 986
33 188
33 228
33 281
33 303
33 364
33 408
33 483
33 489
33 524
33 542
33 572
33 630
33 689
33 754
33 933
188 281
188 364
188 483
188 524
188 542
188 572
188 579
188 630
188 678
188 933
228 281
228 303
228 388
228 489
228 630
228 683
228 825
228 933
281 303
281 408
281 483
281 489
281 524
281 542
281 572
281 630
281 683
281 754
281 933
253 303
303 388
303 427
303 489
303 524
303 630
303 643
303 683
303 689
303 933
101 364
164 364
219 364
364 483
364 524
364 542
364 689
364 773
364 933
408 483
408 524
408 542
408 558
408 628
408 754
408 756
408 908
261 483
483 524
483 526
483 542
483 572
483 616
483 628
483 754
483 773
483 925
388 489
427 489
489 524
489 643
489 683
489 754
489 757
489 933
101 524
164 524
524 542
524 620
524 630
524 643
524 683
524 689
524 754
524 933
261 542
526 542
542 572
542 630
542 678
542 754
542 797
227 572
255 572
261 572
526 572
566 572
572 579
572 630
572 678
572 797
572 945
579 630
630 933
101 689
164 689
207 689
253 689
266 689
427 689
558 689
620 689
643 689
683 689
689 690
689 754
689 756
689 899
427 754
558 754
643 754
706 754
754 756
754 757
101 933
253 933
388 933
683 933
34 95
34 176
34 249
34 279
34 397
34 438
34 522
34 766
34 953
95 175
95 176
95 212
95 232
95 249
95 279
95 332
95 397
95 522
95 640
95 663
95 745
95 766
95 953
175 176
176 212
176 232
176 249
176 267
176 277
176 279
176 332
176 397
176 438
176 444
176 522
176 640
176 663
176 745
176 766
176 780
176 953
64 249
175 249
249 267
249 279
249 390
249 397
249 438
249 522
249 640
249 663
249 745
249 766
249 953
64 279
175 279
279 390
279 397
279 438
279 522
279 766
279 953
64 397
175 397
267 397
390 397
397 438
397 449
397 522
397 640
397 663
397 745
397 766
397 953
64 438
175 438
179 438
267 438
271 438
277 438
390 438
438 522
438 527
438 745
438 766
438 801
438 914
438 953
64 522
175 522
212 522
232 522
267 522
332 522
390 522
522 640
522 663
522 745
522 766
522 953
64 766
175 766
267 766
390 766
640 766
663 766
745 766
766 953
175 953
212 953
232 953
267 953
332 953
390 953
444 953
640 953
663 953
745 953
780 953
810 953
35 103
35 125
35 191
35 209
35 306
35 495
35 512
35 915
103 125
103 209
103 306
103 308
103 322
103 336
103 416
103 495
103 512
103 548
103 584
103 693
103 824
103 891
103 916
103 980
125 209
125 306
125 322
125 336
125 495
125 512
125 548
125 617
125 693
125 733
125 792
125 903
125 980
118 191
191 199
191 276
191 306
191 399
191 440
191 445
191 495
191 512
191 617
191 700
191 724
191 752
191 762
191 824
191 900
191 988
209 306
209 322
209 327
209 336
209 495
209 512
209 548
209 617
209 693
209 792
209 903
209 980
118 306
275 306
306 322
306 336
306 399
306 495
306 512
306 548
306 617
306 693
306 700
306 724
306 733
306 792
306 891
306 900
306 997
118 495
322 495
399 495
495 512
495 617
495 693
495 724
495 762
495 824
495 891
495 900
495 997
118 512
322 512
399 512
512 617
512 693
512 724
512 762
512 824
512 891
131 915
416 915
804 915
824 915
58 215
58 387
58 731
58 892
58 943
58 972
387 523
387 731
387 887
387 892
387 943
215 731
402 731
731 790
731 892
731 972
215 892
892 972
89 265
89 333
89 354
89 446
89 680
89 691
89 720
89 838
89 883
89 939
265 333
293 333
333 354
333 479
333 680
333 691
333 813
333 883
333 935
480 811
480 991
265 883
293 883
354 883
382 883
479 883
680 883
691 883
813 883
826 883
838 883
882 883
883 935
153 753
153 762
153 881
153 897
753 881
753 897
753 966
175 267
175 390
175 449
175 640
175 663
175 745
175 810
64 390
179 390
267 390
277 390
390 432
390 449
390 529
390 745
390 785
390 914
212 663
232 663
267 663
332 663
419 663
444 663
640 663
663 665
663 745
663 780
663 810
64 745
212 745
232 745
267 745
277 745
332 745
419 745
444 745
449 745
552 745
640 745
745 810
745 871
40 98
40 130
40 237
40 258
40 330
40 334
40 339
40 351
40 353
40 418
40 436
40 498
40 637
40 698
40 702
40 703
40 725
40 748
40 782
40 798
40 862
40 904
40 905
40 932
40 948
40 970
98 140
98 186
98 237
98 245
98 258
98 330
98 418
98 527
98 531
98 537
98 540
98 637
98 698
98 725
98 746
98 782
98 801
98 814
130 184
130 308
130 330
130 334
130 365
130 418
130 498
130 514
130 517
130 540
130 570
130 584
130 602
130 623
130 673
130 798
130 970
134 237
140 237
172 237
237 258
237 330
237 334
237 353
237 418
237 425
237 531
237 537
237 540
237 608
237 637
237 698
237 702
237 725
237 746
237 748
237 782
237 801
237 814
237 895
237 904
237 970
43 258
87 258
134 258
172 258
258 262
258 274
258 323
258 334
258 353
258 374
258 425
258 460
258 468
258 608
258 637
258 698
258 702
258 725
258 748
258 782
258 841
258 895
258 904
258 970
184 330
308 330
330 334
330 418
330 498
330 514
330 517
330 540
330 570
330 602
330 623
330 637
330 673
330 725
330 746
330 798
330 970
184 334
334 351
334 365
334 418
334 436
334 460
334 498
334 570
334 637
334 702
334 703
334 725
334 798
334 904
334 932
334 948
334 970
219 339
339 351
339 393
339 436
339 637
339 702
339 703
339 773
339 798
339 862
339 905
339 932
339 948
262 351
351 353
351 393
351 436
351 448
351 460
351 468
351 554
351 637
351 679
351 702
351 703
351 748
351 830
351 890
351 904
351 932
351 948
43 353
87 353
134 353
172 353
219 353
262 353
274 353
353 425
353 436
353 448
353 460
353 468
353 619
353 637
353 698
353 702
353 748
353 782
353 857
353 890
353 895
353 904
353 905
353 932
353 948
186 418
418 517
418 540
418 570
418 637
418 725
418 746
418 798
418 801
418 814
418 970
219 436
436 448
436 637
436 698
436 702
436 703
436 748
436 782
436 798
436 862
436 895
436 904
436 905
436 932
436 948
184 498
365 498
498 570
498 602
498 623
498 637
498 703
498 798
498 970
425 637
448 637
460 637
637 698
637 702
637 703
637 725
637 748
637 782
637 798
637 862
637 895
637 904
637 905
637 932
637 948
637 970
134 698
140 698
164 698
207 698
219 698
262 698
425 698
448 698
468 698
537 698
619 698
690 698
698 702
698 748
698 782
698 857
698 862
698 895
698 904
698 905
698 949
43 702
134 702
219 702
262 702
393 702
425 702
448 702
460 702
468 702
554 702
619 702
702 703
702 748
702 782
702 857
702 862
702 890
702 895
702 904
702 905
702 932
702 948
393 703
679 703
703 798
703 862
703 905
703 932
703 948
172 725
323 725
374 725
460 725
527 725
540 725
570 725
608 725
725 746
725 801
725 814
725 904
725 970
43 748
87 748
134 748
172 748
219 748
262 748
425 748
448 748
460 748
468 748
554 748
619 748
748 782
748 857
748 890
748 895
748 904
748 905
748 932
748 948
134 782
164 782
207 782
219 782
262 782
266 782
425 782
448 782
468 782
537 782
619 782
690 782
782 857
782 862
782 895
782 899
782 905
782 908
782 949
184 798
365 798
623 798
798 862
798 932
798 948
798 970
219 862
448 862
857 862
862 905
862 948
43 904
87 904
172 904
262 904
274 904
323 904
374 904
425 904
460 904
468 904
608 904
890 904
895 904
904 932
904 948
904 970
164 905
207 905
219 905
262 905
425 905
448 905
468 905
619 905
690 905
857 905
895 905
905 948
905 949
393 932
460 932
679 932
830 932
890 932
932 948
932 970
393 948
448 948
679 948
184 970
323 970
365 970
570 970
602 970
608 970
623 970
673 970
41 123
41 181
41 183
41 198
41 231
41 257
41 342
41 362
41 400
41 499
41 672
41 676
41 789
41 877
41 894
41 945
41 975
41 985
123 227
123 231
123 257
123 261
123 272
123 362
123 499
123 526
123 566
123 579
123 666
123 672
123 676
123 678
123 744
123 797
123 877
123 894
123 910
123 925
123 945
123 975
123 985
146 181
181 183
181 198
181 231
181 362
181 400
181 499
181 789
181 894
181 955
181 975
181 985
114 183
183 198
183 231
183 362
183 393
183 400
183 575
183 789
183 894
183 955
183 956
183 965
183 975
114 198
193 198
196 198
198 231
198 362
198 393
198 400
198 575
198 789
198 793
198 955
198 956
198 965
198 975
198 979
231 257
231 362
231 400
231 499
231 672
231 676
231 789
231 877
231 894
231 925
231 945
231 975
231 985
227 257
257 261
257 362
257 499
257 526
257 566
257 575
257 579
257 666
257 676
257 678
257 789
257 797
257 877
257 894
257 910
257 925
257 945
326 342
342 362
342 400
342 406
342 581
342 930
270 362
362 400
362 435
362 666
362 676
362 877
362 894
362 975
146 400
400 894
400 955
400 975
261 499
291 499
499 526
499 579
499 672
499 678
499 744
499 797
499 817
499 877
499 894
499 925
499 945
499 975
499 985
220 672
227 672
272 672
291 672
566 672
579 672
672 677
672 744
672 877
672 894
672 975
672 985
261 676
435 676
566 676
666 676
676 877
676 894
676 910
114 789
261 789
393 789
526 789
575 789
616 789
773 789
789 925
789 945
789 975
227 877
261 877
272 877
566 877
579 877
666 877
678 877
797 877
877 894
877 910
877 945
894 945
894 975
894 985
227 945
261 945
526 945
566 945
579 945
616 945
666 945
678 945
773 945
797 945
925 945
945 975
955 975
975 985
220 985
291 985
491 985
677 985
744 985
817 985
143 520
205 520
389 520
520 547
520 569
520 583
520 600
520 614
520 802
520 852
520 967
143 569
205 569
389 569
547 569
569 583
569 600
569 614
569 783
569 802
569 852
569 967
43 87
43 134
43 172
43 262
43 274
43 374
43 425
43 460
43 468
43 561
43 841
43 890
43 895
43 967
87 154
87 172
87 262
87 274
87 323
87 335
87 374
87 460
87 468
87 608
87 621
87 841
87 890
112 134
134 172
134 207
134 262
134 378
134 425
134 448
134 468
134 537
134 607
134 619
134 690
134 730
134 857
134 895
134 908
154 172
172 262
172 271
172 274
172 323
172 374
172 425
172 460
172 468
172 561
172 608
172 841
172 890
219 262
262 274
262 425
262 448
262 460
262 468
262 554
262 619
262 628
262 890
262 895
262 908
154 274
271 274
274 323
274 335
274 374
274 425
274 460
274 468
274 561
274 608
274 621
274 841
274 890
154 374
271 374
323 374
374 460
374 608
374 841
374 890
207 425
219 425
425 448
425 460
425 468
425 619
425 628
425 841
425 857
425 895
425 908
154 460
323 460
460 468
460 554
460 608
460 841
460 890
219 468
448 468
468 554
468 619
468 628
468 841
468 890
468 895
468 908
205 561
335 561
541 561
547 561
561 841
561 852
561 967
271 841
335 841
608 841
841 967
154 890
554 890
621 890
830 890
207 895
219 895
378 895
448 895
619 895
628 895
690 895
857 895
895 908
205 967
286 967
389 967
547 967
583 967
600 967
607 967
614 967
783 967
802 967
818 967
852 967
45 416
45 423
45 728
45 736
45 751
45 804
45 819
45 833
131 416
308 416
413 416
416 517
416 673
416 804
416 916
416 980
66 423
423 728
423 736
423 819
423 833
728 736
728 751
728 804
728 833
736 751
736 804
736 833
99 751
280 751
751 804
751 833
751 839
99 804
131 804
804 833
804 980
66 819
78 819
174 819
308 514
474 514
507 514
514 517
514 570
514 584
514 623
514 897
514 966
110 897
118 897
474 897
507 897
632 897
658 897
762 897
897 966
110 966
321 966
507 966
632 966
658 966
48 54
48 96
48 210
48 214
48 226
48 282
48 343
48 360
48 491
48 533
48 669
48 854
48 942
54 96
54 210
54 214
54 226
54 282
54 300
54 343
54 360
54 491
54 533
54 669
54 734
54 854
54 942
96 150
96 210
96 282
96 300
96 343
96 360
96 491
96 533
96 669
96 854
210 214
210 226
210 282
210 300
210 343
210 360
210 491
210 533
210 669
210 854
214 226
214 282
214 300
214 343
214 360
214 477
214 669
214 854
214 942
220 226
226 291
226 343
226 360
226 491
226 854
226 942
282 300
282 343
282 464
282 477
282 533
282 669
282 674
282 734
282 854
282 942
282 990
300 343
343 360
343 491
343 533
343 669
343 854
343 942
291 360
360 491
360 854
360 942
291 491
491 744
491 817
491 854
150 533
300 533
477 533
533 638
533 669
533 674
533 734
533 854
150 669
300 669
464 669
477 669
638 669
669 674
669 734
669 854
300 854
464 854
477 854
734 854
854 942
477 942
50 168
50 204
50 230
50 250
50 321
50 329
50 355
50 391
50 395
50 684
50 983
168 204
168 296
168 321
168 329
168 355
168 391
168 395
168 594
168 684
168 983
60 204
204 250
204 355
204 391
204 395
204 594
204 684
204 774
204 977
204 983
61 230
140 230
186 230
230 245
230 395
230 531
230 746
230 870
60 250
250 329
250 355
250 391
250 395
186 321
321 329
321 355
329 355
329 391
329 395
329 983
355 391
355 395
355 684
355 983
60 391
391 395
391 684
391 983
60 395
61 395
395 684
395 774
395 983
60 684
296 684
594 684
684 774
684 983
60 983
296 983
594 983
977 983
99 131
99 197
99 432
99 529
99 785
99 839
131 308
131 517
131 916
131 980
192 280
280 506
280 704
280 707
280 839
192 839
197 839
432 839
506 839
571 839
704 839
707 839
150 300
300 464
300 477
300 638
300 674
300 734
137 734
150 734
464 734
477 734
638 734
674 734
734 743
734 990
91 147
146 147
147 290
147 615
147 679
147 739
147 760
147 866
147 907
147 965
91 290
146 290
290 615
290 679
290 739
290 866
290 907
290 965
328 644
328 651
328 743
275 651
644 651
651 900
91 866
739 866
743 866
760 866
866 990
154 203
154 335
154 377
154 401
154 541
154 577
154 621
154 821
203 577
295 577
335 577
383 577
401 577
577 618
577 621
577 784
577 821
577 906
577 973
271 608
323 608
608 801
608 814
608 1000
203 621
335 621
377 621
383 621
401 621
541 621
621 821
215 296
215 402
215 790
215 972
253 943
388 943
683 943
887 943
296 972
402 972
790 972
326 331
331 406
326 406
406 581
406 793
406 956
270 581
581 793
581 956
60 594
60 774
60 977
296 594
594 774
594 977
61 140
61 186
61 245
61 531
61 537
61 730
61 746
61 870
140 186
140 245
140 531
140 537
140 730
140 746
140 857
140 949
186 531
186 540
186 746
186 870
245 531
245 537
245 730
531 537
531 730
531 746
112 537
372 537
537 690
537 730
537 857
537 899
537 949
112 730
372 730
527 746
540 746
570 746
746 801
746 814
746 870
487 870
527 870
801 870
814 870
870 914
64 179
64 232
64 267
64 277
64 283
64 332
64 432
64 444
64 449
64 487
64 527
64 552
64 780
64 785
64 801
64 810
64 871
64 914
179 271
179 283
179 323
179 432
179 449
179 527
179 529
179 785
179 801
179 814
179 914
212 267
232 267
267 277
267 283
267 332
267 419
267 432
267 444
267 449
267 487
267 552
267 640
267 687
267 780
267 810
267 871
267 914
267 952
212 277
232 277
277 283
277 332
277 373
277 419
277 444
277 449
277 487
277 552
277 590
277 640
277 687
277 780
277 810
277 871
277 914
277 952
197 283
283 432
283 444
283 449
283 487
283 529
283 552
283 571
283 590
283 704
283 785
283 810
283 871
283 914
283 952
212 332
232 332
332 373
332 419
332 444
332 487
332 552
332 640
332 665
332 687
332 780
332 810
197 449
432 449
449 529
449 571
449 785
449 810
449 871
449 914
197 487
232 487
373 487
419 487
444 487
487 552
487 590
487 780
487 810
487 871
487 914
487 952
432 527
527 529
527 785
527 801
527 814
527 914
197 785
432 785
529 785
571 785
785 801
785 814
785 871
785 914
271 801
323 801
529 801
801 814
801 914
323 814
529 814
540 814
814 914
197 914
432 914
529 914
871 914
203 335
203 377
203 380
203 383
203 401
203 541
203 618
203 646
203 821
203 906
203 973
546 549
549 618
549 646
549 906
549 973
380 618
383 618
401 618
546 618
562 618
618 646
618 821
618 906
618 909
618 973
70 646
269 646
380 646
382 646
383 646
401 646
546 646
562 646
646 826
646 882
646 906
646 909
646 973
784 973
70 973
269 973
380 973
382 973
383 973
401 973
546 973
562 973
826 973
906 973
212 232
232 419
232 444
232 552
232 640
232 665
232 687
232 780
232 810
197 432
432 529
432 571
432 871
212 444
313 444
373 444
419 444
444 552
444 590
444 640
444 665
444 687
444 780
444 810
444 871
444 952
212 552
313 552
373 552
419 552
552 590
552 640
552 665
552 687
552 780
552 810
552 871
552 947
552 952
212 780
373 780
419 780
590 780
640 780
665 780
687 780
780 810
780 952
212 810
313 810
373 810
419 810
590 810
640 810
665 810
687 810
810 871
810 952
192 871
197 871
571 871
590 871
687 871
871 952
114 393
393 554
393 575
393 615
393 616
393 773
393 830
393 925
393 955
114 575
193 575
526 575
554 575
575 616
575 764
575 773
575 925
146 615
615 679
615 830
615 907
615 955
615 965
114 616
219 616
448 616
526 616
616 628
616 773
616 925
219 773
526 773
773 925
261 925
526 925
678 925
146 955
830 955
907 955
955 965
66 78
66 174
66 902
77 78
78 174
78 327
78 376
78 896
78 902
77 174
174 341
174 376
174 896
174 902
77 902
376 902
70 265
222 265
265 269
265 293
265 295
265 354
265 382
265 383
265 384
265 479
265 720
265 813
265 826
265 838
265 882
222 293
269 293
293 382
293 384
293 479
293 813
293 826
293 838
293 992
196 384
222 384
377 384
380 384
382 384
383 384
384 401
384 479
384 562
384 659
384 793
384 813
384 826
384 909
384 992
70 479
269 479
380 479
382 479
479 562
479 659
479 813
479 826
479 909
479 935
70 659
377 659
380 659
382 659
383 659
401 659
562 659
659 711
659 813
659 826
659 906
659 909
70 813
269 813
380 813
382 813
383 813
562 813
691 813
813 826
813 838
813 882
813 909
70 826
269 826
380 826
382 826
383 826
401 826
562 826
691 826
826 838
826 882
826 906
826 909
680 935
691 935
70 269
70 380
70 382
70 383
70 562
70 691
70 838
70 882
70 906
70 909
269 354
269 380
269 382
269 383
269 401
269 562
269 691
269 838
269 882
269 906
269 909
377 380
380 382
380 383
380 401
380 562
380 906
380 909
295 382
382 383
382 401
382 562
382 691
382 838
382 882
382 906
382 909
377 383
383 401
383 562
383 821
383 906
383 909
401 562
562 882
562 906
562 909
354 691
680 691
691 882
295 838
354 838
720 838
838 882
354 882
377 906
401 906
821 906
906 909
401 909
137 150
150 638
150 674
137 638
638 674
91 739
91 743
91 760
146 965
196 965
679 965
830 965
907 965
956 965
965 992
275 399
275 617
275 644
275 700
275 733
275 792
275 900
275 997
118 399
199 399
276 399
322 399
399 440
399 474
399 617
399 693
399 700
399 724
399 762
399 891
399 900
399 988
399 997
118 474
474 584
474 623
474 693
474 762
474 891
474 900
474 997
644 700
644 900
122 693
308 693
322 693
336 693
548 693
584 693
602 693
623 693
693 891
693 900
693 997
122 891
184 891
308 891
322 891
365 891
548 891
584 891
602 891
623 891
891 916
891 997
199 900
276 900
322 900
440 900
445 900
617 900
700 900
724 900
752 900
900 988
900 997
118 997
322 997
762 997
128 190
190 213
190 244
190 289
190 359
190 396
190 589
190 701
190 705
190 720
190 749
190 778
190 831
190 844
190 875
190 913
222 356
222 992
128 396
213 396
244 396
396 589
396 650
396 701
396 705
396 749
396 778
396 844
396 875
128 589
244 589
289 589
589 650
589 701
589 705
589 720
589 749
589 778
589 831
589 844
589 875
132 650
467 650
650 705
650 749
650 844
650 1000
128 749
244 749
289 749
359 749
701 749
705 749
720 749
749 778
749 831
749 844
749 875
128 778
213 778
244 778
359 778
701 778
778 844
778 875
778 934
778 991
128 844
213 844
244 844
705 844
831 844
844 875
77 304
77 307
77 327
77 341
77 376
77 792
77 896
77 903
304 307
304 327
304 733
304 792
304 896
304 903
307 336
307 733
307 792
307 896
307 903
307 934
327 617
327 792
327 896
327 921
268 341
341 376
341 896
341 940
376 896
322 792
336 792
617 792
700 792
733 792
792 896
792 903
792 921
733 896
896 903
322 903
336 903
548 903
733 903
112 389
286 389
389 600
389 607
389 614
389 783
389 802
389 852
389 960
112 960
286 960
372 960
443 960
607 960
783 960
143 205
143 583
143 600
143 802
205 335
205 547
205 583
205 600
205 614
205 783
205 802
205 818
205 852
335 547
547 852
583 600
583 614
583 783
583 802
583 852
286 614
600 614
607 614
614 783
614 802
614 818
614 852
600 802
783 802
802 852
286 852
600 852
607 852
783 852
818 852
271 323
114 196
196 377
196 793
196 830
196 956
196 979
196 992
270 793
711 793
793 956
793 979
114 956
270 956
956 979
956 992
356 992
830 992
323 1000
335 541
335 821
122 184
122 365
122 548
122 584
122 602
122 623
184 365
365 584
365 602
365 623
365 679
184 623
308 623
517 623
570 623
584 623
602 623
623 916
679 907
830 907
354 720
446 939
289 720
705 720
720 831
720 939
289 939
913 939
739 743
739 760
739 990
674 743
743 760
743 990
760 990
128 244
213 244
244 268
244 289
244 359
244 671
244 701
244 705
244 875
244 913
244 934
244 940
413 467
467 673
467 916
467 1000
322 336
322 548
322 584
322 617
322 733
336 548
336 733
548 584
548 602
548 733
128 934
213 934
268 934
359 934
671 934
701 934
875 934
934 940
679 830
212 419
212 640
212 665
212 687
419 640
640 665
640 687
413 529
413 1000
673 1000
540 570
192 197
197 506
197 571
197 590
197 704
197 952
101 164
101 253
101 266
101 388
101 620
101 643
101 683
101 690
101 899
164 207
164 219
164 266
164 619
164 620
164 690
164 857
164 899
164 949
253 388
253 683
253 887
112 266
207 266
219 266
266 372
266 378
266 443
266 558
266 619
266 620
266 690
266 756
266 857
266 899
266 908
266 949
388 476
388 643
388 683
388 825
388 887
207 620
372 620
619 620
620 690
620 857
620 899
620 949
427 643
558 643
643 683
643 706
643 756
643 757
476 683
683 825
683 887
112 690
207 690
219 690
372 690
378 690
443 690
448 690
558 690
619 690
690 756
690 857
690 899
690 908
690 949
207 899
372 899
619 899
857 899
899 949
184 308
308 517
308 570
308 584
308 602
308 673
308 916
308 980
184 584
517 584
584 602
584 673
584 916
584 980
118 824
507 824
762 824
184 916
413 916
517 916
570 916
602 916
673 916
916 980
413 980
517 980
673 980
227 255
255 566
255 797
137 674
137 990
132 295
110 507
110 632
110 658
507 632
507 658
632 658
112 286
112 372
112 378
112 443
112 607
286 378
286 443
286 600
286 607
286 783
207 372
372 378
372 443
372 558
372 756
207 378
378 443
378 558
378 607
378 619
378 628
378 756
378 908
427 443
443 558
443 706
443 756
600 607
607 783
607 818
607 908
114 193
114 554
114 764
114 979
193 270
193 435
193 554
193 711
193 764
193 979
448 554
541 554
554 764
554 979
377 764
435 764
541 764
711 764
764 821
764 979
377 979
711 979
821 979
600 783
600 818
128 701
213 701
289 701
359 701
671 701
701 875
701 991
811 991
356 991
118 276
118 440
118 762
118 988
199 276
276 440
276 445
276 724
276 752
276 762
276 988
199 440
298 440
440 445
440 617
440 700
440 724
440 752
440 762
440 988
762 988
199 988
445 988
724 988
752 988
184 517
184 570
184 602
184 673
517 602
570 602
602 673
227 261
227 272
227 566
227 579
227 666
227 677
227 678
227 797
227 910
261 526
261 566
261 579
261 666
261 678
261 797
261 910
272 566
272 579
272 666
272 677
272 797
272 910
526 566
526 579
526 666
526 678
526 797
566 579
566 666
566 678
566 797
566 910
579 678
579 744
579 797
579 817
666 678
666 797
666 910
678 797
220 744
291 744
677 744
744 817
797 910
199 617
445 617
617 700
617 724
617 921
128 213
128 268
128 289
128 359
128 671
128 705
128 831
128 875
128 913
128 940
213 268
213 289
213 359
213 671
213 875
213 913
213 940
268 289
268 359
268 671
268 875
268 913
268 940
289 359
289 705
289 831
289 875
289 913
359 671
359 875
359 913
359 940
671 875
671 940
705 831
875 913
875 940
413 517
517 570
517 673
570 673
413 673
427 558
427 706
427 756
427 757
558 706
706 756
706 757
207 219
207 448
207 558
207 619
207 628
207 756
207 857
207 908
219 448
448 619
448 628
448 857
448 908
219 619
558 619
619 628
619 857
619 908
219 857
857 908
857 949
219 908
558 908
628 908
756 908
464 674
477 674
674 990
477 990
465 818
377 401
377 541
377 711
377 821
401 821
541 821
783 818
219 628
296 402
192 313
313 373
313 419
313 590
313 625
313 665
313 687
313 876
313 947
313 952
373 419
373 590
373 625
373 665
373 687
373 876
373 947
373 952
419 665
419 687
419 947
419 952
192 590
590 687
590 704
590 952
625 687
665 687
687 876
687 947
687 952
625 947
665 947
876 947
947 952
192 952
571 952
625 952
665 952
704 952
876 952
464 477
199 298
199 445
199 700
199 724
199 752
298 445
445 700
445 724
445 752
445 921
298 700
700 724
700 752
700 921
298 724
724 752
724 921
298 752
192 506
192 571
192 704
192 707
506 571
506 704
506 707
571 704
571 707
704 707
270 435
270 711
435 711
558 628
558 756
625 665
402 429
402 790
220 291
220 677
291 677
291 817
476 825
476 887
625 876
326 930
