1 2
1 3
1 4
1 5
1 6
1 7
1 8
1 9
1 10
1 11
1 12
1 13
1 14
1 15
1 16
1 17
1 18
1 19
1 20
1 21
2 22
2 23
2 24
2 25
2 26
2 27
2 28
2 29
2 30
2 31
2 32
2 33
2 34
2 35
2 36
2 37
2 38
2 39
2 40
2 41
2 42
3 17
3 23
3 24
3 37
3 64
3 70
3 75
3 82
3 83
3 84
3 85
3 86
3 87
3 88
3 89
3 90
3 91
3 92
3 93
3 94
3 95
3 96
3 97
3 98
3 99
3 100
3 101
3 102
3 103
3 104
4 13
4 22
4 63
4 90
4 122
4 148
4 162
4 171
4 172
4 173
5 22
5 26
5 27
5 28
5 29
5 33
5 109
5 247
5 248
5 250
5 262
5 267
5 302
5 319
5 330
5 340
5 347
5 373
5 377
5 378
6 7
6 8
6 9
6 14
6 49
6 87
6 106
6 122
6 151
6 240
6 271
6 272
6 286
6 335
6 387
6 407
6 427
6 439
7 22
7 27
7 63
7 143
7 177
7 191
7 216
7 224
7 242
7 248
7 269
7 310
7 319
7 369
7 395
7 400
7 413
7 467
8 50
8 67
8 69
8 84
8 105
8 172
8 184
8 212
8 282
8 283
8 294
8 313
8 314
8 350
8 356
8 385
8 401
8 416
8 477
9 29
9 78
9 118
9 124
9 137
9 192
9 214
9 224
9 227
9 229
9 232
9 235
9 241
9 252
9 282
9 387
10 31
10 52
10 96
10 98
10 125
10 153
10 207
10 211
10 282
10 287
10 311
10 327
10 355
10 379
10 403
10 404
10 450
10 451
10 468
10 472
10 482
10 483
10 484
11 51
11 64
11 107
11 126
11 138
11 150
11 158
11 167
11 192
11 220
11 271
11 279
11 283
11 288
11 309
11 312
11 325
11 341
11 370
11 380
11 404
11 417
11 437
11 446
11 462
11 490
11 491
11 492
12 22
12 49
12 52
12 108
12 125
12 166
12 224
12 225
12 237
12 248
12 251
12 273
12 286
12 299
12 318
12 336
12 351
12 433
12 449
12 468
12 493
12 494
13 14
13 16
13 27
13 38
13 44
13 50
13 53
13 58
13 74
13 91
13 92
13 105
13 126
13 132
13 150
13 164
13 179
13 207
13 212
13 279
13 291
13 333
13 341
13 391
13 399
13 415
13 419
13 429
13 437
13 473
13 479
13 498
14 18
14 19
14 29
14 50
14 65
14 91
14 94
14 110
14 124
14 138
14 143
14 156
14 165
14 168
14 208
14 213
14 219
14 256
14 273
14 299
14 323
14 324
14 327
14 328
14 339
14 355
14 371
14 410
14 419
15 43
15 91
15 98
15 120
15 160
15 178
15 225
15 230
15 240
15 300
15 372
15 386
15 408
15 485
15 518
16 70
16 90
16 134
16 153
16 156
16 195
16 197
16 272
16 292
16 297
16 305
16 368
16 370
16 414
16 482
16 486
16 516
17 43
17 113
17 115
17 123
17 153
17 173
17 242
17 253
17 259
17 287
17 341
17 361
17 382
17 395
17 435
17 501
17 503
17 517
18 62
18 80
18 107
18 174
18 178
18 185
18 222
18 244
18 265
18 268
18 449
18 474
18 529
19 27
19 52
19 88
19 125
19 149
19 207
19 283
19 319
19 359
20 112
20 125
20 142
20 143
20 192
20 282
20 406
20 418
21 57
21 178
21 192
21 305
21 447
22 23
22 43
22 44
22 45
22 46
22 47
22 48
22 49
22 50
22 51
22 52
22 53
22 54
22 55
22 56
22 57
22 58
22 59
22 60
22 61
22 62
23 35
23 58
23 63
23 64
23 65
23 66
23 67
23 68
23 69
23 70
23 71
23 72
23 73
23 74
23 75
23 76
23 77
23 78
23 79
23 80
23 81
24 26
24 32
24 84
24 97
24 105
24 106
24 107
24 108
24 109
24 110
24 111
24 112
24 113
24 114
24 115
24 116
24 117
24 118
24 119
24 120
24 121
25 26
25 29
25 44
25 130
25 132
25 148
25 149
25 150
25 151
25 152
25 153
25 154
25 155
25 156
25 157
25 158
25 159
25 160
25 161
25 162
25 163
25 164
25 165
25 166
25 167
25 168
25 169
25 170
26 31
26 32
26 45
26 82
26 91
26 96
26 97
26 149
26 151
26 178
26 187
26 190
26 197
26 206
26 207
26 208
26 209
26 210
26 211
26 212
26 213
26 214
26 215
27 35
27 44
27 49
27 67
27 84
27 86
27 98
27 148
27 151
27 188
27 219
27 259
27 284
27 294
27 295
27 296
27 297
27 298
27 299
28 45
28 48
28 64
28 66
28 67
28 78
28 86
28 133
28 136
28 164
28 172
28 175
28 188
28 227
28 240
28 255
28 265
28 287
28 294
28 304
28 316
28 379
28 398
28 399
29 39
29 47
29 48
29 55
29 67
29 139
29 183
29 225
29 232
29 237
29 242
29 266
29 309
29 317
29 318
29 324
29 334
29 350
29 385
29 429
30 65
30 70
30 72
30 129
30 130
30 275
30 280
30 433
30 477
30 508
30 511
31 32
31 111
31 126
31 195
31 247
31 250
31 365
31 377
31 393
31 402
31 414
31 429
31 531
31 532
31 533
31 534
31 535
32 36
32 87
32 97
32 113
32 149
32 161
32 257
32 304
32 307
32 363
32 372
32 373
32 381
32 383
32 392
32 402
32 404
32 452
32 488
32 513
32 514
32 522
33 54
33 67
33 72
33 73
33 115
33 144
33 252
33 260
33 268
33 289
33 302
33 334
33 384
33 388
33 424
33 541
34 72
34 91
34 95
34 109
34 156
34 203
34 260
34 283
34 289
34 326
34 400
34 411
34 433
34 438
34 477
34 524
34 538
35 137
35 224
35 229
35 237
35 252
35 274
35 294
35 321
35 329
35 337
35 405
35 425
35 527
36 59
36 65
36 130
36 232
36 275
36 301
36 378
36 390
36 438
36 527
37 42
37 82
37 93
37 97
37 121
37 141
37 181
37 185
37 237
37 258
37 335
37 358
37 377
37 411
37 435
37 461
38 42
38 123
38 217
38 267
38 341
38 361
38 365
38 411
38 485
38 519
38 522
38 525
38 537
39 73
39 130
39 150
39 225
39 358
39 479
39 484
39 492
39 494
39 514
39 519
39 520
39 529
40 73
40 109
40 111
40 133
40 246
40 248
40 292
40 391
40 393
40 405
40 437
41 65
41 116
41 150
41 201
41 272
41 380
41 423
42 83
42 100
42 111
42 325
42 416
48 64
64 65
64 148
64 217
64 225
64 235
64 237
64 241
64 244
64 267
64 294
64 295
64 302
64 303
64 304
64 305
64 306
64 307
64 308
61 70
70 96
70 108
70 130
70 139
70 140
70 194
70 205
70 230
70 273
70 289
70 305
70 321
70 331
70 337
70 355
70 376
70 399
70 416
70 476
70 529
75 127
75 176
75 231
75 316
75 372
75 427
75 436
53 82
73 82
82 84
82 85
82 91
82 102
82 105
82 106
82 137
82 138
82 139
82 140
82 141
82 142
82 143
82 144
82 145
82 146
82 147
43 83
46 83
83 98
83 123
83 127
83 138
83 148
83 153
83 154
83 164
83 169
83 176
83 187
83 189
83 190
83 197
83 198
83 199
83 200
83 201
83 202
83 203
83 204
83 205
43 84
84 111
84 198
84 206
84 227
84 228
84 237
84 238
84 246
84 247
84 248
84 249
84 250
84 251
84 252
45 85
55 85
85 86
85 87
85 96
85 114
85 123
85 132
85 141
85 148
85 152
85 203
85 206
85 210
85 212
85 216
85 271
85 287
85 319
85 335
85 336
85 342
85 355
85 377
85 379
85 380
85 381
85 382
85 383
85 384
44 86
71 86
86 88
86 147
86 155
86 156
86 174
86 191
86 192
86 195
86 200
86 253
86 255
86 270
86 309
86 410
86 411
86 412
86 413
87 110
87 116
87 147
87 191
87 192
87 193
87 194
87 230
87 235
87 236
87 254
87 257
87 258
87 282
87 283
87 311
87 393
87 400
87 414
45 88
48 88
77 88
88 92
88 138
88 149
88 171
88 175
88 213
88 224
88 233
88 260
88 263
88 300
88 314
88 320
88 330
88 424
50 89
59 89
89 91
89 137
89 139
89 148
89 158
89 174
89 218
89 239
89 256
89 291
89 303
89 307
89 359
89 370
89 380
89 384
89 401
89 417
89 425
89 459
89 474
89 479
89 497
51 90
52 90
53 90
59 90
73 90
90 128
90 134
90 139
90 140
90 147
90 168
90 177
90 178
90 183
90 188
90 227
90 255
90 281
90 288
90 312
90 316
90 325
90 350
90 379
90 415
90 419
90 447
90 453
90 472
90 498
53 91
63 91
65 91
68 91
91 107
91 109
91 126
91 128
91 132
91 162
91 232
91 309
91 314
91 316
91 320
91 340
91 379
91 383
91 429
91 453
91 459
91 474
91 475
91 498
91 499
91 501
91 506
54 92
65 92
71 92
92 125
92 137
92 140
92 169
92 172
92 201
92 203
92 210
92 219
92 233
92 246
92 253
92 308
92 316
92 336
92 339
92 346
92 350
92 355
92 407
92 425
68 93
93 94
93 127
93 139
93 198
93 209
93 214
93 312
93 316
93 320
93 323
93 337
93 396
93 417
93 429
93 437
93 439
93 440
45 94
94 123
94 126
94 127
94 139
94 158
94 179
94 203
94 209
94 217
94 220
94 239
94 256
94 297
94 305
94 355
94 372
94 397
94 399
94 407
94 426
94 462
95 109
95 110
95 117
95 129
95 184
95 226
95 293
95 308
95 312
95 313
95 320
95 340
95 360
95 363
95 381
95 404
95 405
95 407
95 435
95 469
95 496
49 96
57 96
60 96
96 110
96 140
96 151
96 164
96 174
96 194
96 227
96 235
96 240
96 242
96 255
96 290
96 296
96 299
96 330
96 406
96 439
96 487
58 97
63 97
73 97
97 114
97 118
97 121
97 133
97 146
97 147
97 149
97 304
97 313
97 320
97 353
97 354
97 416
97 434
98 107
98 132
98 153
98 173
98 235
98 240
98 257
98 259
98 304
98 335
98 402
98 408
98 436
71 99
99 104
99 116
99 124
99 152
99 209
99 226
99 285
99 306
99 332
99 337
99 396
99 404
99 410
99 436
99 451
99 455
99 470
99 480
99 523
45 100
80 100
100 121
100 149
100 190
100 258
100 273
100 305
100 320
100 352
101 115
101 209
101 314
101 363
101 540
49 102
53 102
102 122
102 178
102 219
102 352
102 358
102 396
102 427
102 435
102 467
103 109
103 236
103 291
103 320
103 363
103 377
103 392
103 450
103 495
104 139
104 181
104 388
63 65
63 68
63 71
63 122
63 138
63 187
63 188
63 189
63 190
63 191
63 192
63 193
63 194
63 195
63 196
43 122
74 122
122 163
122 181
122 182
122 185
122 188
122 196
122 216
122 217
122 218
122 219
122 220
122 221
122 222
122 223
47 148
60 148
105 148
106 148
148 173
148 174
148 175
148 176
148 177
148 178
148 179
148 180
148 181
148 182
148 183
148 184
148 185
148 186
139 162
162 174
162 193
162 195
162 223
162 237
162 245
162 250
162 344
162 360
162 366
162 386
162 449
162 474
162 526
162 537
105 171
106 171
128 171
129 171
171 175
171 208
171 223
171 238
171 280
171 299
171 379
171 408
171 425
171 433
171 439
171 461
171 464
171 498
171 502
171 506
171 517
56 172
172 346
172 447
172 449
173 178
173 181
173 257
53 109
65 109
67 109
109 111
109 152
109 174
109 216
109 280
109 295
109 304
109 352
109 360
109 363
109 392
109 405
109 469
109 470
109 478
109 511
109 523
114 247
123 247
153 247
191 247
200 247
201 247
212 247
214 247
246 247
247 253
247 254
247 257
247 263
247 300
247 309
247 339
247 353
247 354
247 355
247 356
247 357
247 358
48 248
50 248
61 248
77 248
118 248
212 248
227 248
231 248
234 248
235 248
248 265
248 266
248 387
248 406
248 471
248 479
133 250
153 250
201 250
227 250
250 284
250 300
250 304
250 311
56 262
177 262
188 262
257 262
262 270
262 290
262 291
262 294
262 304
262 359
262 418
262 428
49 267
114 267
164 267
189 267
191 267
218 267
267 294
124 302
192 302
195 302
207 302
216 302
236 302
253 302
254 302
286 302
295 302
302 309
302 317
302 324
302 336
302 359
302 363
302 365
302 366
302 367
302 386
302 428
45 319
48 319
61 319
66 319
67 319
69 319
113 319
123 319
207 319
225 319
228 319
231 319
234 319
254 319
319 350
319 351
319 352
67 330
124 330
149 330
151 330
175 330
193 330
195 330
200 330
202 330
231 330
245 330
254 330
286 330
288 330
294 330
300 330
313 330
330 335
330 400
330 401
330 402
116 340
161 340
191 340
196 340
219 340
282 340
294 340
317 340
339 340
340 367
340 374
340 379
340 435
340 452
340 462
340 470
340 486
340 493
340 496
340 521
340 523
50 347
133 347
200 347
347 371
347 426
347 433
347 475
58 373
175 373
195 373
337 373
338 373
373 388
373 492
55 377
69 377
110 377
117 377
136 377
151 377
320 377
322 377
353 377
377 422
377 441
377 447
377 470
377 480
377 523
266 378
284 378
378 408
378 426
378 479
46 49
49 51
49 66
49 192
49 199
49 200
49 216
49 242
49 253
49 265
49 268
49 286
49 305
49 385
49 395
49 413
48 106
53 106
106 141
106 176
106 181
106 187
106 190
106 197
106 235
106 236
106 237
106 238
106 239
106 240
106 241
106 242
106 243
106 244
106 245
65 151
110 151
114 151
138 151
151 160
151 161
151 227
151 230
151 235
151 289
151 363
151 368
151 382
151 413
151 469
151 486
151 489
151 531
114 240
131 240
153 240
207 240
211 240
215 240
240 241
240 263
240 269
240 287
240 304
240 326
240 344
240 357
240 358
240 374
240 388
240 447
123 271
197 271
202 271
206 271
253 271
254 271
270 271
271 366
271 367
271 368
271 369
55 272
132 272
197 272
199 272
209 272
254 272
272 309
272 311
272 318
272 329
272 385
272 438
272 465
46 286
51 286
52 286
174 286
182 286
192 286
224 286
255 286
270 286
286 311
286 369
286 400
286 406
110 335
184 335
246 335
279 335
288 335
295 335
300 335
335 403
335 404
335 405
335 406
335 407
335 408
335 409
335 410
192 387
253 387
255 387
277 387
279 387
294 387
387 403
78 407
131 407
196 407
214 407
274 407
277 407
282 407
322 407
329 407
331 407
379 407
385 407
407 422
407 433
407 506
407 539
51 427
185 427
230 427
235 427
238 427
277 427
310 427
323 427
371 427
375 427
425 427
427 449
427 467
427 542
238 439
439 449
439 474
48 143
51 143
53 143
62 143
65 143
78 143
140 143
141 143
143 183
143 234
143 283
143 287
143 334
143 349
143 425
143 434
143 455
143 458
143 472
143 478
45 177
52 177
58 177
111 177
124 177
177 178
177 190
177 205
177 225
177 232
177 255
177 283
177 288
177 303
177 311
177 336
177 339
177 368
177 447
177 468
177 474
177 485
177 486
46 191
47 191
48 191
65 191
112 191
128 191
157 191
163 191
187 191
189 191
191 232
191 243
191 289
191 336
191 341
191 342
191 343
191 344
191 345
76 216
138 216
216 227
216 229
216 230
216 252
216 268
216 284
216 296
216 303
216 344
216 433
216 445
216 446
44 224
48 224
50 224
105 224
129 224
154 224
199 224
219 224
224 266
224 270
224 295
224 348
224 386
224 447
45 242
71 242
174 242
46 269
69 269
164 269
189 269
218 269
269 338
269 379
269 412
65 310
67 310
137 310
141 310
210 310
219 310
263 310
274 310
276 310
310 329
310 369
310 396
310 400
310 432
310 443
194 369
254 369
255 369
323 369
354 369
369 423
48 395
58 395
238 395
254 395
337 395
395 441
46 400
47 400
48 400
73 400
79 400
183 400
212 400
215 400
231 400
280 400
291 400
309 400
315 400
322 400
331 400
349 400
400 436
400 437
400 438
114 413
287 413
338 413
117 467
134 467
140 467
180 467
218 467
354 467
415 467
467 505
467 543
50 61
50 136
50 153
50 251
50 260
50 287
50 300
50 336
50 355
50 385
50 468
50 486
44 67
66 67
67 174
67 189
67 190
67 192
67 197
67 211
67 213
67 234
67 244
67 270
67 288
67 321
67 327
67 329
67 331
67 332
67 333
67 334
69 71
69 105
69 110
69 127
69 130
69 198
69 246
69 263
69 287
69 304
69 315
69 320
69 366
69 384
69 392
69 447
69 450
69 494
69 495
105 138
105 174
105 189
105 197
105 206
105 213
105 217
105 225
105 226
105 227
105 228
105 229
129 184
134 184
152 184
184 188
184 372
184 404
184 450
184 468
184 495
71 212
140 212
142 212
212 354
212 418
56 282
58 282
62 282
71 282
190 282
228 282
231 282
234 282
265 282
282 292
282 295
282 296
282 297
282 309
282 313
282 342
282 398
282 403
282 450
282 458
282 468
282 469
74 283
124 283
149 283
150 283
152 283
179 283
190 283
215 283
217 283
246 283
264 283
283 295
283 325
283 333
283 383
283 399
283 443
283 472
283 473
201 294
231 294
260 294
264 294
294 296
294 344
294 388
294 433
294 434
294 435
56 313
65 313
66 313
121 313
139 313
215 313
226 313
245 313
265 313
313 320
313 349
313 398
313 403
313 447
313 480
57 314
58 314
65 314
66 314
71 314
126 314
214 314
225 314
237 314
243 314
314 320
314 326
314 331
314 332
314 388
314 405
314 420
314 429
314 437
314 441
314 446
314 453
314 454
314 466
47 350
51 350
124 350
128 350
222 350
258 350
350 352
350 362
350 410
350 425
350 484
350 486
350 494
350 521
350 522
116 356
140 356
181 356
279 356
125 385
131 385
154 385
194 385
204 385
225 385
231 385
264 385
284 385
299 385
300 385
351 385
358 385
385 399
385 416
385 468
178 401
207 401
226 401
234 401
261 401
265 401
287 401
352 401
401 424
401 447
401 471
401 477
139 416
193 416
207 416
234 416
237 416
245 416
249 416
266 416
296 416
308 416
311 416
336 416
349 416
398 416
108 477
117 477
140 477
152 477
284 477
305 477
321 477
322 477
376 477
404 477
440 477
450 477
462 477
470 477
477 484
477 489
477 492
477 509
477 513
477 514
78 270
78 392
78 393
78 406
78 453
118 188
118 291
118 292
118 306
118 393
118 408
118 462
118 470
118 482
118 523
43 124
52 124
55 124
56 124
124 134
124 140
124 142
124 146
124 164
124 175
124 179
124 181
124 206
124 255
124 265
124 279
124 309
124 312
124 403
124 458
124 471
46 137
110 137
117 137
137 141
137 187
137 190
137 199
137 206
137 236
137 254
137 264
137 279
137 281
137 312
137 315
137 397
137 426
137 440
137 441
137 442
137 443
137 444
47 192
192 199
192 231
192 295
192 296
192 298
192 300
192 379
192 381
192 397
142 214
214 337
214 372
214 418
128 227
131 227
149 227
152 227
154 227
176 227
189 227
203 227
204 227
227 235
227 238
227 315
227 367
227 393
227 394
227 398
227 403
227 423
227 468
227 485
227 516
227 522
157 229
179 229
188 229
199 229
226 229
229 297
229 379
229 426
229 495
229 506
44 232
48 232
51 232
56 232
59 232
66 232
161 232
166 232
190 232
198 232
200 232
203 232
207 232
230 232
232 236
232 244
232 246
232 270
232 287
232 292
232 306
232 307
232 311
232 324
232 339
232 362
232 397
232 419
232 430
232 472
232 476
46 235
48 235
110 235
112 235
123 235
132 235
160 235
175 235
235 264
235 288
235 292
235 300
235 312
235 338
235 390
235 425
235 426
114 241
133 241
188 241
195 241
241 246
241 290
241 291
241 297
241 397
57 252
252 253
252 270
52 108
52 154
52 174
52 175
52 198
52 202
52 204
52 207
52 234
52 236
52 290
52 293
52 306
52 324
52 435
52 483
52 487
43 125
45 125
51 125
54 125
59 125
125 127
125 140
125 202
125 237
125 312
125 398
125 426
125 429
125 455
125 499
125 500
125 501
125 502
58 153
153 154
153 187
153 198
153 292
153 389
153 393
153 402
153 423
153 460
153 503
153 534
153 535
107 207
166 207
195 207
203 207
207 287
207 288
207 336
207 348
207 363
207 389
207 402
207 403
207 430
207 468
207 487
207 488
207 489
138 211
179 211
211 226
211 291
211 324
211 428
211 461
211 495
47 287
51 287
59 287
73 287
149 287
155 287
157 287
174 287
195 287
221 287
244 287
265 287
266 287
287 288
287 309
287 359
287 370
287 372
287 406
287 425
287 428
287 430
287 463
287 474
287 475
65 311
111 311
138 311
157 311
219 311
221 311
236 311
244 311
289 311
290 311
309 311
311 366
311 386
311 394
311 449
311 468
66 327
129 327
236 327
327 418
327 428
327 447
327 474
59 355
355 380
355 388
355 461
54 379
68 379
71 379
73 379
203 379
243 379
288 379
303 379
309 379
328 379
371 379
379 409
379 433
133 403
194 403
236 403
273 403
295 403
374 403
397 403
403 409
403 437
403 455
403 468
403 470
403 471
80 404
112 404
138 404
145 404
215 404
225 404
296 404
305 404
308 404
336 404
357 404
404 411
404 424
59 450
309 450
380 450
422 450
426 450
445 450
450 466
450 475
450 490
450 508
450 528
59 451
72 451
112 451
144 451
208 451
309 451
444 451
445 451
451 507
451 540
451 542
132 468
154 468
249 468
258 468
261 468
357 468
468 471
468 480
108 472
321 472
418 472
472 500
144 482
145 482
154 482
195 482
290 482
426 482
448 482
482 506
58 483
72 483
266 483
421 483
428 483
469 483
483 500
483 518
281 484
460 484
51 107
51 142
51 152
51 225
51 295
51 299
51 300
51 309
51 424
51 428
51 487
51 495
51 496
54 107
68 107
107 138
107 160
107 174
107 203
107 225
107 288
107 359
107 382
107 391
107 425
107 430
107 463
107 487
107 498
107 503
107 504
43 126
108 126
126 139
126 145
126 204
126 228
126 448
46 138
56 138
60 138
138 152
138 155
138 164
138 208
138 215
138 238
138 239
138 295
138 296
138 303
138 328
138 412
138 418
138 428
138 457
138 458
54 150
68 150
128 150
131 150
132 150
141 150
150 203
150 217
150 237
150 275
150 276
150 305
150 374
150 425
150 431
150 460
158 175
158 261
158 357
158 371
158 422
158 434
158 438
158 444
158 466
158 471
112 167
167 257
167 305
167 341
167 388
220 239
220 254
220 305
220 337
220 341
193 279
198 279
202 279
254 279
279 300
279 423
47 288
56 288
174 288
225 288
230 288
231 288
264 288
288 289
288 309
288 334
288 338
288 371
288 441
288 455
288 478
46 309
65 309
149 309
210 309
256 309
273 309
307 309
309 328
309 336
309 370
309 384
309 394
309 430
309 449
309 452
45 312
65 312
163 312
175 312
210 312
217 312
274 312
290 312
307 312
312 321
312 325
312 337
312 388
312 409
312 417
312 420
312 441
66 325
81 325
121 325
217 325
258 325
305 325
325 352
47 341
115 341
134 341
141 341
147 341
155 341
176 341
181 341
206 341
223 341
341 410
341 429
341 496
341 497
341 499
341 501
341 517
48 370
170 370
175 370
336 370
359 370
370 418
370 421
370 460
370 481
370 492
370 530
58 380
228 380
239 380
281 380
293 380
329 380
376 380
380 418
380 441
380 486
380 493
57 417
336 417
417 425
71 437
140 437
181 437
234 437
284 437
285 437
293 437
301 437
337 437
348 437
386 437
437 471
110 446
142 446
305 446
324 446
338 446
436 446
72 462
156 462
226 462
230 462
304 462
305 462
337 462
338 462
423 462
444 462
445 462
461 462
462 475
462 506
462 507
203 490
257 490
263 490
278 490
285 490
366 490
368 490
452 490
478 490
480 490
490 521
490 539
490 541
203 491
289 491
321 491
411 491
466 491
491 510
491 512
491 524
146 492
186 492
257 492
361 492
411 492
492 497
492 503
492 532
492 541
54 108
56 108
61 108
108 129
108 149
108 180
108 280
108 291
108 331
108 357
108 409
108 432
108 440
108 441
108 473
108 498
108 509
58 166
166 423
166 460
59 225
139 225
149 225
154 225
159 225
170 225
219 225
225 255
225 290
225 334
225 372
225 406
225 410
225 419
225 428
54 237
57 237
76 237
77 237
127 237
139 237
141 237
198 237
203 237
237 280
237 316
237 331
237 391
237 409
237 415
237 421
237 429
237 479
237 499
251 253
251 284
251 426
251 506
133 273
196 273
197 273
209 273
230 273
233 273
273 303
273 305
273 336
273 337
273 346
273 423
273 471
273 539
128 299
238 299
280 299
299 447
299 449
65 318
253 318
45 336
71 336
112 336
139 336
149 336
165 336
200 336
222 336
238 336
246 336
290 336
297 336
300 336
322 336
336 371
336 415
336 418
336 419
336 420
56 351
149 351
351 371
351 440
57 433
129 433
217 433
226 433
238 433
295 433
305 433
433 440
433 447
433 449
433 489
433 506
433 513
433 518
433 519
433 520
47 449
114 449
208 449
219 449
304 449
371 449
408 449
436 449
449 475
449 506
59 493
132 493
154 493
441 493
460 493
112 494
135 494
163 494
412 494
441 494
475 494
44 189
44 230
44 231
44 233
44 234
43 53
53 58
53 77
53 110
53 112
53 117
53 133
53 136
53 144
53 175
53 371
53 429
53 434
53 448
58 142
58 161
58 196
58 253
58 268
58 285
58 317
58 324
58 337
58 392
58 426
58 430
58 447
58 458
58 471
46 74
74 203
43 132
132 156
132 157
132 160
132 189
132 365
132 393
132 489
132 516
132 531
132 536
81 164
149 164
164 174
164 265
164 538
140 179
179 239
179 260
179 261
179 323
179 422
179 432
179 445
179 524
174 291
261 291
263 291
291 321
291 349
291 425
291 454
291 461
291 539
81 333
110 333
185 333
217 333
268 333
305 333
333 411
333 538
333 542
119 391
120 391
142 391
204 391
236 391
254 391
352 391
45 399
57 399
140 399
230 399
399 423
399 440
139 415
265 415
266 415
62 419
266 419
346 419
112 429
194 429
303 429
429 445
429 453
429 470
429 498
429 507
142 473
180 473
265 473
324 473
398 473
228 479
292 479
293 479
306 479
348 479
406 479
474 479
479 485
479 488
479 531
77 498
116 498
119 498
120 498
136 498
139 498
140 498
142 498
320 498
353 498
354 498
65 66
65 73
65 110
65 190
65 200
65 236
65 249
65 270
65 315
65 316
65 317
110 222
110 257
110 263
110 274
110 307
110 321
110 322
110 384
110 388
110 432
110 495
155 156
156 186
156 208
156 223
156 238
156 239
156 257
156 259
156 263
156 278
156 303
156 359
156 361
156 382
156 388
156 398
156 461
156 478
55 165
168 346
56 208
128 208
208 260
208 280
208 320
208 406
208 408
208 425
208 440
208 447
208 521
59 213
142 213
213 230
213 381
213 428
213 440
81 219
174 219
182 219
219 303
219 354
219 406
219 542
48 256
55 256
114 256
115 256
187 256
205 256
230 256
256 359
256 367
256 371
256 394
256 412
256 423
256 514
256 516
256 519
256 520
256 526
256 534
256 535
54 323
61 323
66 323
119 323
120 323
157 323
290 323
297 323
301 323
305 323
306 323
323 338
323 358
323 447
323 470
323 474
45 324
48 324
66 324
140 324
215 324
303 324
315 324
324 326
324 344
324 381
324 384
324 458
324 507
324 538
66 328
112 328
142 328
236 328
328 381
328 418
328 425
136 339
155 339
161 339
175 339
246 339
270 339
274 339
278 339
281 339
339 376
339 388
339 431
339 511
111 371
119 371
141 371
157 371
169 371
175 371
206 371
209 371
243 371
321 371
348 371
363 371
367 371
371 374
371 392
371 398
371 518
159 410
388 410
410 411
43 54
43 123
43 127
43 128
43 129
43 130
43 131
43 133
43 134
43 135
43 136
120 331
120 405
120 441
160 174
160 258
160 365
160 368
160 386
160 411
160 519
160 521
160 536
45 178
60 178
149 178
176 178
178 186
178 188
178 217
178 424
178 464
178 500
178 504
55 230
68 230
115 230
176 230
230 338
230 344
230 359
230 372
230 426
230 459
230 460
230 461
230 463
230 464
123 300
133 300
199 300
201 300
231 300
253 300
300 368
300 386
59 372
175 372
196 372
233 372
274 372
298 372
329 372
372 375
372 411
372 443
372 465
372 466
60 386
159 386
386 408
386 459
386 481
238 408
285 408
348 408
349 408
359 408
381 408
390 408
408 434
408 478
408 496
60 485
304 485
459 485
481 485
488 518
81 134
130 134
134 215
134 296
134 411
134 424
134 432
134 466
134 507
111 195
131 195
195 198
195 306
195 366
195 374
195 392
195 402
195 458
195 522
46 197
197 199
197 246
197 270
197 274
197 275
197 276
197 277
197 278
73 292
113 292
123 292
174 292
292 293
292 301
292 357
292 478
292 496
292 511
292 541
46 297
48 297
254 297
297 321
297 331
297 539
123 305
175 305
201 305
210 305
239 305
305 316
305 430
305 443
305 455
133 368
159 368
353 368
368 412
111 414
131 414
159 486
460 486
55 516
55 113
113 257
113 361
113 392
113 402
113 423
113 452
113 457
113 497
113 537
115 117
115 121
115 135
115 155
115 193
115 304
115 315
115 411
115 457
115 478
115 480
115 523
114 123
123 131
123 155
123 190
123 218
123 257
123 270
123 359
123 360
123 361
123 362
112 253
187 253
190 253
238 253
253 264
253 303
253 363
253 388
253 389
253 390
60 259
73 259
174 259
187 259
259 402
259 412
259 459
259 481
257 361
361 412
257 382
304 382
60 435
72 435
159 435
163 435
435 459
60 62
62 161
62 218
62 406
80 161
80 218
80 392
80 396
80 431
55 174
66 174
128 174
136 174
174 187
174 188
174 189
174 231
174 289
174 290
174 293
45 185
71 185
152 185
161 185
185 189
185 398
185 543
46 222
129 222
136 222
218 222
222 236
222 436
136 244
159 244
218 244
244 295
244 381
76 265
117 265
161 265
189 265
265 301
265 349
265 390
265 406
265 445
265 481
136 268
163 268
189 268
226 268
268 303
268 381
268 505
163 474
221 474
238 474
239 474
332 474
461 474
474 500
142 529
218 529
317 529
418 529
56 149
57 149
66 149
116 149
121 149
149 200
149 202
149 255
149 264
149 349
46 359
55 359
117 359
140 359
157 359
238 359
257 359
285 359
338 359
112 190
112 199
112 203
112 263
112 348
112 353
112 354
112 388
112 392
112 423
112 436
112 452
112 495
112 509
46 142
140 142
142 163
142 175
142 203
142 206
142 307
142 383
142 428
142 507
142 538
131 406
144 406
183 406
238 406
239 406
285 406
303 406
374 406
381 406
383 406
390 406
406 428
406 455
406 469
47 418
145 418
176 418
215 418
239 418
280 418
315 418
321 418
326 418
354 418
384 418
418 436
418 496
47 57
48 57
57 73
57 128
57 176
57 196
57 215
57 307
57 320
57 487
54 447
56 447
163 447
183 447
196 447
233 447
243 447
295 447
298 447
388 447
392 447
447 512
45 60
45 135
45 140
45 147
45 175
45 176
45 303
45 308
45 346
45 396
45 397
45 398
46 48
46 71
46 131
46 231
46 270
46 296
46 303
46 343
46 345
46 360
46 440
47 48
47 71
47 140
47 169
47 303
47 374
47 405
47 425
47 465
47 466
48 54
48 180
48 187
48 201
48 209
48 239
48 263
48 405
48 420
48 436
54 66
54 68
54 77
54 119
54 139
54 152
54 175
54 254
54 289
54 364
54 409
54 440
54 511
55 68
55 114
55 157
55 203
55 217
55 345
55 402
55 453
55 463
55 475
55 489
55 513
55 514
55 515
56 217
56 331
56 337
59 306
59 348
59 428
59 488
59 513
59 520
59 536
61 295
61 315
61 331
61 346
61 440
66 68
66 176
66 190
66 200
66 209
66 246
66 296
66 320
66 321
66 322
66 326
66 329
68 131
68 276
68 280
71 73
71 135
71 146
71 181
71 183
71 188
71 277
71 280
71 398
71 440
72 180
72 198
72 228
72 261
72 284
72 306
72 332
72 334
72 363
72 471
72 495
72 541
73 117
73 141
73 203
73 285
73 392
73 488
73 495
73 531
73 541
76 129
76 180
76 203
76 363
76 436
77 236
77 320
77 346
77 354
77 381
77 392
77 393
79 217
79 289
79 338
79 363
79 398
81 176
81 206
81 363
81 431
81 543
111 117
111 146
111 154
111 193
111 228
111 393
111 470
114 218
114 303
114 342
114 348
114 392
114 526
114 537
116 133
116 187
116 206
116 277
116 317
116 375
116 393
117 308
117 357
117 381
117 432
117 461
117 466
117 469
117 507
119 441
121 412
127 130
130 135
130 136
130 209
130 258
130 320
130 322
130 511
144 152
152 180
152 203
152 261
152 315
152 334
152 458
152 511
154 161
154 198
154 296
154 315
154 363
154 365
154 389
154 460
154 500
154 536
147 155
155 188
155 221
155 304
155 317
155 362
155 532
157 321
157 331
157 454
157 508
157 524
157 527
157 528
159 193
159 362
159 365
159 460
159 514
159 520
161 202
163 296
163 352
163 436
163 522
163 536
128 169
169 238
170 460
187 190
187 198
187 205
187 254
187 255
187 257
187 258
190 196
190 201
190 257
190 284
190 285
146 206
147 206
206 374
206 421
206 422
180 209
199 209
209 357
209 397
209 425
209 440
209 528
210 270
210 425
210 540
176 188
188 234
188 260
188 261
188 263
175 284
278 284
284 293
284 315
284 322
284 331
284 365
284 389
284 426
284 441
284 442
129 295
176 295
183 295
231 295
293 295
295 296
295 420
295 448
176 296
296 303
296 344
296 456
270 298
298 303
298 320
133 257
133 388
133 393
133 453
136 198
136 346
136 388
136 393
136 456
175 201
175 203
175 221
175 257
175 270
175 337
231 255
255 257
255 364
255 375
304 405
304 452
304 469
304 470
304 496
304 523
304 525
304 526
139 316
182 316
277 316
316 320
316 375
129 398
217 398
308 398
338 398
342 398
360 398
397 398
398 444
398 458
398 471
128 139
139 431
139 441
139 499
139 505
183 388
183 436
189 266
234 266
266 334
266 448
266 459
317 456
317 538
180 334
303 334
129 180
129 202
129 203
129 322
129 326
129 331
129 332
129 405
129 424
129 506
129 512
129 524
180 275
275 289
275 442
198 280
280 289
280 363
280 405
280 421
280 465
280 475
280 524
127 508
426 511
442 511
201 365
290 365
131 393
228 393
254 393
352 393
353 393
354 393
393 480
186 402
193 402
261 402
285 402
293 402
353 402
402 405
402 470
194 531
353 531
460 531
353 532
353 533
218 257
243 257
257 290
257 344
257 412
257 457
307 381
307 428
201 363
315 363
342 363
360 363
363 434
363 441
144 381
196 381
321 381
349 381
381 411
381 420
381 442
381 455
381 500
381 539
289 383
383 405
383 500
194 392
236 392
254 392
322 392
392 434
392 441
392 523
392 527
290 452
421 488
441 488
144 513
422 513
445 513
460 513
507 513
510 513
513 540
513 542
281 514
460 514
135 522
281 522
506 522
144 226
144 453
144 470
144 523
238 260
260 270
260 426
260 495
131 289
289 315
289 405
289 431
289 441
289 478
289 509
278 388
293 388
362 388
388 396
388 420
388 434
442 541
127 203
131 203
203 322
203 409
203 421
203 441
203 509
226 326
326 425
326 475
146 411
186 411
281 411
285 411
353 411
374 411
411 495
180 438
239 438
135 538
239 538
423 538
505 538
202 274
274 436
180 321
301 321
321 331
321 405
321 428
321 495
321 509
329 423
329 436
221 337
246 337
301 337
337 375
337 420
131 405
228 405
322 405
342 405
364 405
374 405
405 409
405 440
405 469
405 475
243 425
308 425
332 425
425 465
249 527
306 527
315 527
509 527
523 527
199 301
236 301
301 322
301 354
301 441
301 469
301 475
390 506
140 141
141 182
141 239
141 445
141 507
135 181
147 181
181 186
181 217
181 357
181 396
135 358
322 358
358 481
332 461
362 461
461 471
199 217
217 396
217 440
281 519
290 519
353 525
412 525
412 537
281 520
189 246
202 246
246 338
200 201
201 270
201 364
353 423
376 423
421 423
127 276
127 374
127 431
128 512
131 135
131 249
131 254
131 293
131 306
131 397
135 338
135 536
189 199
189 264
231 364
233 303
228 234
234 495
140 180
140 357
140 375
140 453
176 186
176 254
176 276
176 421
176 431
176 432
221 303
238 303
278 303
303 420
303 430
226 308
200 346
320 346
346 396
346 505
182 396
396 540
396 542
196 397
331 397
196 270
202 270
239 270
264 270
270 349
360 542
331 440
440 454
440 523
146 374
193 374
202 374
261 374
374 457
374 458
374 495
374 496
374 499
374 509
239 465
264 465
180 466
228 466
180 236
180 432
180 469
180 510
238 239
239 421
239 442
236 263
236 420
420 436
431 436
436 510
198 199
199 293
200 348
145 428
331 428
428 456
428 500
349 495
448 495
454 495
495 512
290 496
496 500
182 198
198 281
202 375
202 376
204 460
204 509
236 453
236 454
236 455
238 290
290 348
290 366
290 389
290 441
293 315
306 331
306 422
226 434
249 448
448 469
448 470
194 254
254 348
254 394
194 364
264 364
315 364
320 453
453 480
226 475
454 475
475 523
441 489
460 489
226 331
194 320
226 320
320 353
320 354
320 523
285 338
285 354
249 426
426 441
426 536
458 500
226 471
281 536
315 431
218 338
193 281
193 353
193 431
193 442
193 481
193 509
193 530
194 442
194 460
194 509
249 445
249 506
249 510
226 322
322 470
322 523
322 528
332 422
332 444
332 510
332 540
264 276
353 366
205 460
460 476
146 338
228 261
228 349
228 432
228 509
261 469
354 375
354 422
354 431
223 338
338 444
338 539
542 543
145 480
145 500
145 523
238 243
412 521
281 456
421 499
499 510
470 506
226 470
226 512
226 523
470 509
480 507
422 523
352 481
432 442
367 441
421 509
457 542
456 460
422 442
442 444
505 542
