1 15
1 18
10 15
15 19
13 18
18 19
2 5
2 6
5 30
5 31
6 603
6 604
3 627
3 628
352 627
627 630
353 628
628 630
4 948
4 949
660 948
948 950
661 949
949 950
10 30
30 33
31 34
31 35
603 607
603 608
352 604
604 606
7 639
7 640
7 927
353 639
639 641
640 643
640 644
640 941
660 927
927 929
8 330
8 331
8 665
330 342
330 343
330 669
13 331
331 332
661 665
665 666
9 230
9 231
9 376
9 379
219 230
230 233
220 231
231 233
231 804
371 376
376 380
374 379
379 380
379 804
10 16
16 20
16 21
16 48
11 40
11 41
11 95
35 40
40 43
36 41
41 43
41 97
89 95
95 97
12 327
12 328
12 348
12 671
291 327
327 329
327 698
292 328
328 329
328 350
342 348
348 350
348 674
667 671
671 674
671 698
13 17
17 22
17 23
17 334
14 26
14 27
14 56
14 68
21 26
26 29
26 57
22 27
27 29
27 338
49 56
56 57
56 69
64 68
68 69
68 338
19 20
19 23
20 24
21 25
21 55
33 48
48 50
22 28
22 337
23 24
332 334
334 335
24 25
24 28
25 29
50 55
55 57
28 29
335 337
337 338
53 57
336 338
33 34
33 37
34 38
35 39
32 45
32 46
32 52
32 70
36 45
45 47
45 94
37 46
46 47
46 54
49 52
52 54
52 72
62 70
70 72
70 94
37 44
37 51
38 39
38 42
38 44
39 43
36 42
36 92
42 43
42 47
91 92
92 94
92 97
44 47
50 51
51 54
96 97
93 94
53 54
50 53
49 53
49 66
65 66
66 69
66 72
71 72
67 69
58 103
58 104
58 157
98 103
103 106
99 104
104 106
104 159
151 157
157 159
59 288
59 289
59 321
59 706
252 288
288 290
288 743
253 289
289 290
289 323
312 321
321 323
321 708
699 706
706 708
706 743
60 86
60 87
60 296
60 339
63 86
86 88
86 297
64 87
87 88
87 341
292 296
296 297
296 347
333 339
339 341
339 347
61 78
61 79
61 118
61 130
73 78
78 81
78 119
74 79
79 81
79 305
111 118
118 119
118 131
126 130
130 131
130 305
62 71
62 73
62 93
65 71
71 76
73 77
73 117
91 93
93 112
63 83
63 84
63 302
74 83
83 85
83 303
75 84
84 85
294 302
302 303
64 67
64 336
65 67
67 88
335 336
336 341
65 75
75 82
75 88
76 77
76 80
76 82
77 81
112 117
117 119
74 80
74 300
80 81
80 85
299 300
300 303
300 305
82 85
115 119
304 305
301 303
294 297
295 297
340 341
89 96
89 98
91 96
96 101
98 102
90 108
90 109
90 114
90 132
99 108
108 110
108 156
100 109
109 110
109 116
111 114
114 116
114 134
124 132
132 134
132 156
91 100
100 107
100 113
112 113
112 115
101 102
101 105
101 107
102 106
99 105
99 154
105 106
105 110
153 154
154 156
154 159
107 110
113 116
158 159
155 156
115 116
111 115
111 128
127 128
128 131
128 134
133 134
129 131
120 165
120 166
120 210
160 165
165 168
161 166
166 168
166 212
204 210
210 212
121 249
121 250
121 282
121 751
237 249
249 251
249 788
238 250
250 251
250 284
273 282
282 284
282 753
744 751
751 753
751 788
122 148
122 149
122 257
122 306
125 148
148 150
148 258
126 149
149 150
149 308
253 257
257 258
257 320
298 306
306 308
306 320
123 140
123 141
123 180
123 192
135 140
140 143
140 181
136 141
141 143
141 266
173 180
180 181
180 193
188 192
192 193
192 266
124 133
124 135
124 155
127 133
133 138
135 139
135 179
153 155
155 174
125 145
125 146
125 263
136 145
145 147
145 264
137 146
146 147
255 263
263 264
126 129
126 304
127 129
129 150
299 304
304 308
127 137
137 144
137 150
138 139
138 142
138 144
139 143
174 179
179 181
136 142
136 261
142 143
142 147
260 261
261 264
261 266
144 147
177 181
265 266
262 264
255 258
256 258
307 308
151 158
151 160
153 158
158 163
160 164
152 170
152 171
152 176
152 194
161 170
170 172
170 209
162 171
171 172
171 178
173 176
176 178
176 196
186 194
194 196
194 209
153 162
162 169
162 175
174 175
174 177
163 164
163 167
163 169
164 168
161 167
161 207
167 168
167 172
206 207
207 209
207 212
169 172
175 178
211 212
208 209
177 178
173 177
173 190
189 190
190 193
190 196
195 196
191 193
182 213
182 214
182 227
204 213
213 216
205 214
214 216
214 229
219 227
227 229
183 234
183 235
183 246
183 789
220 234
234 236
234 802
221 235
235 236
235 248
237 246
246 248
246 791
783 789
789 791
789 802
184 201
184 202
184 242
184 267
187 201
201 203
201 243
188 202
202 203
202 269
238 242
242 243
242 281
259 267
267 269
267 281
185 197
185 198
185 217
185 225
186 197
197 200
197 218
187 198
198 200
198 245
205 217
217 218
217 226
221 225
225 226
225 245
186 195
186 208
189 195
195 200
206 208
208 218
187 199
187 240
189 199
199 200
199 203
239 240
240 243
240 245
188 191
188 265
189 191
191 203
260 265
265 269
215 218
244 245
241 243
268 269
204 211
206 211
211 216
205 215
205 223
206 215
215 216
222 223
223 226
223 229
228 229
224 226
219 228
222 228
228 233
220 232
220 800
222 232
232 233
232 236
799 800
800 802
800 804
221 224
221 244
222 224
224 236
239 244
244 248
803 804
801 802
247 248
237 247
237 786
239 247
247 251
785 786
786 788
786 791
238 241
238 280
239 241
241 251
275 280
280 281
280 284
276 281
790 791
787 788
283 284
252 285
252 286
252 749
273 285
285 287
285 750
274 286
286 287
741 749
749 750
253 256
253 319
254 256
256 290
314 319
319 320
319 323
254 270
254 271
254 278
259 270
270 272
270 279
255 271
271 272
274 278
278 279
255 262
260 262
262 272
274 290
315 320
259 268
259 276
260 268
268 272
275 276
276 279
277 279
273 283
273 747
275 283
283 287
746 747
747 750
747 753
274 277
275 277
277 287
752 753
748 750
741 743
742 743
322 323
291 324
291 325
291 704
312 324
324 326
324 705
313 325
325 326
696 704
704 705
292 295
292 345
293 295
295 329
344 345
345 347
345 350
293 309
293 310
293 317
298 309
309 311
309 318
294 310
310 311
313 317
317 318
294 301
299 301
301 311
313 329
346 347
298 307
298 315
299 307
307 311
314 315
315 318
316 318
312 322
312 702
314 322
322 326
701 702
702 705
702 708
313 316
314 316
316 326
707 708
703 705
696 698
697 698
349 350
342 349
342 673
332 343
343 344
666 669
669 670
332 333
333 340
333 346
335 340
344 346
344 349
670 673
673 674
672 674
351 538
351 539
351 611
523 538
538 541
524 539
539 541
539 614
607 611
611 614
352 605
605 618
605 619
605 631
353 629
629 632
629 633
629 653
354 600
354 601
354 648
354 903
576 600
600 602
600 649
577 601
601 602
601 905
644 648
648 649
648 947
882 903
903 905
903 947
355 569
355 570
355 625
355 637
554 569
569 572
569 626
555 570
570 572
570 659
619 625
625 626
625 638
633 637
637 638
637 659
356 458
356 459
356 531
443 458
458 461
444 459
459 461
459 534
527 531
531 534
357 542
357 543
357 566
357 616
524 542
542 545
542 617
525 543
543 545
543 568
554 566
566 568
566 623
609 616
616 617
616 623
358 573
358 574
358 597
358 650
555 573
573 575
573 657
556 574
574 575
574 599
576 597
597 599
597 652
642 650
650 652
650 657
359 520
359 521
359 585
359 858
496 520
520 522
520 586
497 521
521 522
521 860
581 585
585 586
585 902
837 858
858 860
858 902
360 489
360 490
360 552
360 564
474 489
489 492
489 553
475 490
490 492
490 596
546 552
552 553
552 565
560 564
564 565
564 596
361 400
361 401
361 451
392 400
400 403
393 401
401 403
401 454
447 451
451 454
362 462
362 463
362 486
362 536
444 462
462 465
462 537
445 463
463 465
463 488
474 486
486 488
486 550
529 536
536 537
536 550
363 493
363 494
363 517
363 587
475 493
493 495
493 594
476 494
494 495
494 519
496 517
517 519
517 589
579 587
587 589
587 594
364 440
364 441
364 505
364 819
428 440
440 442
440 506
429 441
441 442
441 821
501 505
505 506
505 857
810 819
819 821
819 857
365 421
365 422
365 472
365 484
410 421
421 424
421 473
411 422
422 424
422 516
466 472
472 473
472 485
480 484
484 485
484 516
366 381
366 382
366 396
371 381
381 384
372 382
382 384
382 399
392 396
396 399
367 404
367 405
367 418
367 456
393 404
404 407
404 457
394 405
405 407
405 420
410 418
418 420
418 470
449 456
456 457
456 470
368 425
368 426
368 437
368 507
411 425
425 427
425 514
412 426
426 427
426 439
428 437
437 439
437 509
499 507
507 509
507 514
369 389
369 390
369 433
369 805
373 389
389 391
389 434
374 390
390 391
390 807
429 433
433 434
433 818
798 805
805 807
805 818
370 385
370 386
370 408
370 416
372 385
385 388
385 409
373 386
386 388
386 436
394 408
408 409
408 417
412 416
416 417
416 436
371 377
375 377
377 380
377 384
372 383
372 398
375 383
383 384
383 388
395 398
398 399
398 409
373 387
373 431
375 387
387 388
387 391
430 431
431 434
431 436
374 378
374 803
375 378
378 380
378 391
799 803
803 807
397 399
406 409
435 436
432 434
806 807
392 397
395 397
397 403
393 402
393 453
395 402
402 403
402 407
450 453
453 454
453 457
394 406
394 414
395 406
406 407
413 414
414 417
414 420
452 454
455 457
419 420
415 417
410 419
410 469
413 419
419 424
467 469
469 470
469 473
411 423
411 512
413 423
423 424
423 427
511 512
512 514
512 516
412 415
412 435
413 415
415 427
430 435
435 439
468 470
471 473
515 516
513 514
438 439
428 438
428 503
430 438
438 442
502 503
503 506
503 509
429 432
429 817
430 432
432 442
812 817
817 818
817 821
813 818
508 509
504 506
820 821
443 447
443 448
447 452
446 448
448 450
448 461
444 460
444 533
446 460
460 461
460 465
530 533
533 534
533 537
445 464
445 466
445 478
446 464
464 465
464 467
466 471
466 482
477 478
478 481
478 488
446 449
449 455
449 468
450 452
450 455
467 468
532 534
535 537
487 488
467 471
481 482
482 485
483 485
474 487
474 549
477 487
487 492
547 549
549 550
549 553
475 491
475 592
477 491
491 492
491 495
591 592
592 594
592 596
476 479
476 480
476 510
477 479
479 481
479 495
480 483
480 515
498 510
510 511
510 519
481 483
511 515
548 550
551 553
595 596
593 594
518 519
496 518
496 583
498 518
518 522
582 583
583 586
583 589
497 500
497 501
497 851
498 500
500 502
500 522
501 504
501 856
839 851
851 852
851 860
498 499
499 508
499 513
502 508
511 513
502 504
852 856
856 857
853 857
588 589
584 586
859 860
523 527
523 528
527 532
526 528
528 530
528 541
524 540
524 613
526 540
540 541
540 545
610 613
613 614
613 617
525 544
525 546
525 558
526 544
544 545
544 547
546 551
546 562
557 558
558 561
558 568
526 529
529 535
529 548
530 532
530 535
547 548
612 614
615 617
567 568
547 551
561 562
562 565
563 565
554 567
554 622
557 567
567 572
620 622
622 623
622 626
555 571
555 655
557 571
571 572
571 575
654 655
655 657
655 659
556 559
556 560
556 590
557 559
559 561
559 575
560 563
560 595
578 590
590 591
590 599
561 563
591 595
621 623
624 626
658 659
656 657
598 599
576 598
576 646
578 598
598 602
645 646
646 649
646 652
577 580
577 581
577 896
578 580
580 582
580 602
581 584
581 901
884 896
896 897
896 905
578 579
579 588
579 593
582 588
591 593
582 584
897 901
901 902
898 902
651 652
647 649
904 905
607 612
606 608
608 610
606 609
606 618
618 620
619 624
619 635
630 631
631 634
609 615
609 621
610 612
610 615
620 621
620 624
634 635
635 638
636 638
630 632
632 634
633 636
633 658
641 653
653 654
634 636
654 658
641 642
641 643
643 645
644 647
644 946
929 941
941 942
642 651
642 656
645 651
654 656
645 647
942 946
946 947
943 947
660 928
928 931
928 932
928 951
661 664
664 680
664 681
664 952
662 687
662 688
662 925
662 936
679 687
687 690
687 926
680 688
688 690
688 956
909 925
925 926
925 937
932 936
936 937
936 956
663 675
663 676
663 683
663 734
667 675
675 678
675 735
668 676
676 678
676 686
679 683
683 686
683 913
694 734
734 735
734 913
680 689
680 955
666 681
681 682
950 952
952 953
666 668
668 677
668 685
667 672
667 697
670 672
672 678
695 697
697 735
670 677
677 678
682 685
685 686
718 735
684 686
679 684
679 912
682 684
684 690
910 912
912 913
912 926
682 689
689 690
953 955
955 956
911 913
923 926
954 956
691 906
691 907
691 922
691 938
882 906
906 908
906 945
883 907
907 908
907 924
909 922
922 924
922 940
930 938
938 940
938 945
692 727
692 728
692 880
692 891
716 727
727 730
727 881
717 728
728 730
728 921
864 880
880 881
880 892
887 891
891 892
891 921
693 709
693 710
693 724
693 779
699 709
709 712
709 780
700 710
710 712
710 726
716 724
724 726
724 868
739 779
779 780
779 868
694 731
694 732
694 918
717 731
731 733
731 919
718 732
732 733
911 918
918 919
695 713
695 714
695 722
700 713
713 715
713 723
696 714
714 715
718 722
722 723
696 703
701 703
703 715
699 707
699 742
701 707
707 712
740 742
742 780
700 711
700 720
701 711
711 712
711 715
719 720
720 723
720 726
763 780
725 726
721 723
716 725
716 867
719 725
725 730
865 867
867 868
867 881
717 729
717 916
719 729
729 730
729 733
915 916
916 919
916 921
718 721
719 721
721 733
866 868
878 881
920 921
917 919
736 861
736 862
736 877
736 893
837 861
861 863
861 900
838 862
862 863
862 879
864 877
877 879
877 895
885 893
893 895
893 900
737 772
737 773
737 835
737 846
761 772
772 775
772 836
762 773
773 775
773 876
825 835
835 836
835 847
842 846
846 847
846 876
738 754
738 755
738 769
738 796
744 754
754 757
754 797
745 755
755 757
755 771
761 769
769 771
769 829
784 796
796 797
796 829
739 776
739 777
739 873
762 776
776 778
776 874
763 777
777 778
866 873
873 874
740 758
740 759
740 767
745 758
758 760
758 768
741 759
759 760
763 767
767 768
741 748
746 748
748 760
744 752
744 787
746 752
752 757
785 787
787 797
745 756
745 765
746 756
756 757
756 760
764 765
765 768
765 771
794 797
770 771
766 768
761 770
761 828
764 770
770 775
826 828
828 829
828 836
762 774
762 871
764 774
774 775
774 778
870 871
871 874
871 876
763 766
764 766
766 778
827 829
833 836
875 876
872 874
781 822
781 823
781 832
781 848
810 822
822 824
822 855
811 823
823 824
823 834
825 832
832 834
832 850
840 848
848 850
848 855
782 792
782 793
782 808
782 815
783 792
792 795
792 809
784 793
793 795
793 831
798 808
808 809
808 816
811 815
815 816
815 831
783 790
783 801
785 790
790 795
799 801
801 809
784 794
784 827
785 794
794 795
826 827
827 831
806 809
830 831
798 806
798 813
799 806
812 813
813 816
814 816
810 820
810 853
812 820
820 824
852 853
853 855
811 814
811 830
812 814
814 824
826 830
830 834
854 855
833 834
825 833
825 844
826 833
843 844
844 847
844 850
849 850
845 847
837 859
837 898
839 859
859 863
897 898
898 900
838 841
838 842
838 869
839 841
841 843
841 863
842 845
842 875
865 869
869 870
869 879
839 840
840 849
840 854
843 849
852 854
843 845
870 875
899 900
878 879
864 878
864 889
865 878
888 889
889 892
889 895
865 866
866 872
870 872
894 895
890 892
882 904
882 943
884 904
904 908
942 943
943 945
883 886
883 887
883 914
884 886
886 888
886 908
887 890
887 920
910 914
914 915
914 924
884 885
885 894
885 899
888 894
897 899
888 890
915 920
944 945
923 924
909 923
909 934
910 923
933 934
934 937
934 940
910 911
911 917
915 917
939 940
935 937
929 930
929 931
931 933
932 935
932 954
950 951
951 953
930 939
930 944
933 939
942 944
933 935
953 954
