1 2
1 3
1 4
1 5
1 6
2 3
3 7
3 8
3 9
3 10
4 5
4 15
4 25
4 28
4 29
5 6
5 15
5 30
5 31
5 32
5 33
6 30
6 32
6 33
6 110
7 26
7 27
7 72
7 87
7 88
7 89
7 90
8 9
8 22
8 25
8 28
8 31
8 75
8 94
8 95
8 96
8 97
8 98
8 99
8 100
8 101
8 102
9 10
9 22
9 26
9 28
9 31
9 75
9 111
10 90
10 97
10 132
12 15
22 25
24 25
25 94
18 28
22 28
28 73
28 92
28 99
19 29
29 72
29 130
30 31
30 32
30 33
30 96
30 112
30 113
30 114
31 33
31 73
31 96
31 112
31 121
32 33
32 73
32 111
32 112
73 110
22 26
26 27
26 47
26 73
26 75
26 89
26 90
26 97
26 105
26 106
26 107
26 108
22 27
27 97
27 109
18 72
72 76
72 77
87 88
89 90
89 105
89 122
89 123
89 125
90 97
90 132
21 22
22 23
22 24
18 75
75 138
73 96
96 111
96 112
96 120
96 121
97 109
97 132
98 108
98 138
98 139
98 140
99 120
99 144
100 140
101 102
101 141
101 146
73 111
83 111
111 112
111 113
111 114
11 12
11 13
12 13
12 14
12 16
12 17
12 18
12 19
13 20
16 17
17 19
17 24
17 35
18 19
18 47
18 73
18 74
19 68
19 77
19 83
19 86
19 91
19 92
19 93
24 43
24 44
34 35
35 36
36 47
45 47
46 47
47 50
47 59
47 71
47 73
47 74
47 86
47 137
73 83
73 108
73 112
73 113
73 114
73 133
74 86
39 68
62 68
67 68
68 86
68 116
40 83
83 84
83 86
83 115
41 86
64 86
65 86
84 86
86 115
86 116
76 91
91 103
91 104
92 93
48 93
42 43
42 44
69 105
105 106
105 122
105 123
105 124
105 125
105 126
105 127
105 128
105 129
106 109
108 140
113 114
121 148
121 149
121 150
121 151
36 39
36 45
36 46
36 48
36 49
36 50
36 51
36 52
36 53
38 39
39 41
39 54
39 62
39 63
39 64
39 65
39 66
39 67
41 45
45 46
45 54
45 55
45 56
45 57
45 58
45 59
45 60
45 61
46 51
46 60
46 76
48 49
50 51
50 57
50 131
51 145
52 53
52 152
52 154
53 131
53 152
37 38
38 40
38 41
40 62
40 78
40 84
40 85
41 62
41 64
41 65
41 66
41 78
62 67
62 78
62 79
62 80
62 81
62 82
64 65
64 66
65 66
84 85
55 56
55 69
55 70
55 71
57 58
57 59
57 69
57 70
57 131
59 134
76 103
76 104
69 71
69 131
131 135
131 136
152 153
152 154
154 157
69 122
69 126
69 136
80 81
80 183
80 184
80 189
80 190
81 183
82 181
82 204
82 208
82 209
82 210
122 123
122 125
126 128
126 129
126 135
138 139
103 104
182 183
183 184
183 186
182 184
184 191
184 192
184 193
184 194
184 195
184 196
184 197
189 224
189 225
190 200
190 228
190 237
190 238
190 240
190 241
190 294
173 181
177 181
181 210
181 213
181 216
181 217
181 236
181 304
181 305
181 306
181 307
181 308
166 204
204 229
208 209
208 226
208 227
208 228
209 226
209 228
209 237
209 238
209 239
209 240
209 241
209 242
209 243
209 244
209 245
177 210
210 211
210 213
210 214
210 229
210 230
210 236
210 274
210 304
210 305
210 309
210 310
115 117
115 118
115 119
123 125
120 144
128 139
128 140
140 141
140 146
119 144
144 147
128 141
141 143
141 146
143 146
146 158
146 159
128 142
128 143
119 147
147 149
150 151
150 169
142 160
143 158
159 167
159 168
153 155
153 156
167 168
167 175
168 173
168 175
168 179
168 180
161 162
162 163
162 164
162 165
162 166
163 170
164 165
164 178
164 195
164 198
164 199
164 200
165 198
166 173
166 201
166 202
166 203
166 205
166 206
166 207
170 171
173 178
175 178
178 180
178 211
178 229
178 230
178 231
178 232
178 233
178 234
178 235
178 236
195 200
186 199
191 199
199 246
200 297
173 174
173 175
173 176
173 177
173 179
173 180
201 205
201 206
201 215
201 216
202 203
197 203
205 216
205 229
205 298
206 306
206 333
207 216
207 236
207 273
207 306
207 310
207 335
207 341
207 348
207 349
175 176
175 179
175 187
175 188
179 180
171 172
176 177
177 211
177 212
177 213
177 214
187 188
187 213
187 236
187 243
187 269
187 270
187 271
187 272
187 273
187 274
187 275
187 276
187 277
187 278
187 279
187 280
187 281
188 229
188 233
188 234
188 269
188 272
188 273
188 274
188 279
188 280
188 282
188 283
188 284
188 285
188 286
188 287
188 288
188 289
188 290
188 291
188 292
188 293
211 214
211 230
211 269
211 304
212 213
213 236
213 274
213 278
213 305
213 310
213 321
213 322
213 323
213 324
213 325
213 326
213 327
213 328
214 230
214 282
214 304
214 309
216 229
229 234
229 236
229 243
229 248
229 249
229 281
229 282
229 284
229 298
229 311
229 312
229 313
229 314
229 315
229 316
229 317
229 318
229 319
229 320
230 232
230 236
230 269
231 232
232 234
232 235
232 236
233 234
233 269
234 235
234 236
234 269
216 236
236 276
236 298
236 300
236 304
236 305
236 308
236 310
236 311
236 336
236 339
236 340
236 341
236 342
216 304
216 305
216 307
216 308
216 311
216 335
216 336
216 337
215 217
217 222
217 223
304 305
304 308
305 307
305 308
306 307
306 349
307 308
308 341
182 185
185 193
186 191
191 192
191 194
191 218
191 219
191 220
192 193
192 194
192 221
193 194
194 246
194 295
196 271
196 300
196 334
197 271
228 243
243 244
243 248
243 281
243 298
243 312
243 336
243 352
243 353
269 272
269 273
269 283
269 285
271 300
271 334
272 274
272 282
272 283
273 275
273 277
273 278
273 322
273 336
273 340
273 360
273 361
275 278
275 368
275 371
276 298
276 314
277 278
277 314
277 340
277 341
277 360
277 361
277 392
277 393
277 394
277 395
277 396
277 397
277 398
277 399
277 400
277 401
277 402
277 403
277 404
277 405
277 406
277 407
277 408
277 409
277 410
277 411
278 280
278 323
278 324
278 340
278 360
278 361
278 389
278 413
278 414
278 415
278 416
278 417
278 418
279 280
279 334
279 445
279 446
280 287
280 368
280 413
280 446
281 320
281 342
281 429
281 450
281 499
281 542
281 543
282 283
282 338
284 311
284 372
284 373
286 368
286 369
286 376
286 378
286 389
286 482
286 483
286 484
286 485
286 486
286 487
286 505
286 547
286 548
286 549
286 550
286 551
286 552
286 553
286 554
286 555
286 556
288 289
288 290
288 291
288 292
288 471
288 570
288 571
288 572
289 290
289 291
289 292
289 293
289 570
290 291
290 293
290 555
290 570
290 594
290 595
291 292
291 370
291 515
291 522
291 523
291 527
291 529
291 570
291 596
291 597
291 598
292 293
292 552
293 552
293 594
293 636
225 228
225 246
225 247
225 248
225 249
225 250
225 251
225 252
225 253
225 254
225 255
225 256
225 257
225 258
225 259
225 260
225 261
225 262
225 263
225 264
225 265
225 266
225 267
225 268
226 228
228 240
228 242
228 244
228 245
228 294
228 329
228 330
228 331
228 332
237 238
226 238
226 240
240 294
294 343
294 344
294 345
294 346
294 347
219 220
219 295
220 296
246 247
246 295
246 296
239 295
295 296
295 297
295 299
295 300
295 301
295 302
298 300
300 334
297 298
298 314
298 336
298 344
298 350
310 322
310 326
310 327
310 328
310 374
310 375
310 376
310 377
310 378
310 379
310 380
310 381
310 382
310 383
310 384
310 385
335 339
335 348
314 341
341 342
341 392
341 393
341 394
341 425
341 426
341 451
341 452
341 479
341 481
339 348
226 227
242 244
242 329
242 351
244 330
244 362
322 326
322 327
322 328
322 336
322 368
322 376
322 379
322 380
322 386
322 388
322 389
322 390
322 391
324 327
324 377
324 388
324 414
325 423
325 426
326 327
326 328
326 376
326 378
326 379
326 380
326 382
326 383
326 390
326 456
326 554
326 633
326 637
327 379
327 380
327 381
327 382
327 384
327 390
327 562
327 657
327 658
328 379
328 380
328 382
328 383
328 427
328 560
328 564
328 565
314 336
336 347
336 370
222 223
247 296
296 303
247 303
248 249
249 250
249 318
249 363
249 364
249 365
249 366
249 367
249 368
249 369
250 363
250 364
250 365
250 366
250 367
251 254
251 255
251 257
251 259
251 260
251 261
251 264
251 265
251 266
251 318
251 358
251 375
251 462
251 463
251 464
251 465
251 466
251 467
251 468
251 469
251 470
252 463
252 472
252 504
253 462
253 463
253 473
254 259
254 262
254 263
254 264
254 265
254 266
254 370
254 433
254 449
254 475
254 519
255 256
255 257
255 259
256 258
256 576
257 259
257 463
257 577
259 370
259 375
259 520
259 524
260 265
260 266
260 267
260 375
260 449
260 491
260 638
260 639
261 262
261 463
261 470
261 506
261 507
261 508
261 509
261 510
261 517
261 645
261 646
262 463
262 506
262 507
262 508
262 509
262 510
262 517
262 621
262 645
262 649
263 264
263 265
263 266
263 463
264 265
264 266
264 463
264 465
264 466
264 467
264 468
265 266
265 267
265 370
265 375
265 463
265 465
265 466
265 467
265 468
265 515
265 523
265 525
265 526
265 527
265 650
266 375
266 463
266 465
266 466
266 467
266 468
267 370
267 515
267 525
267 526
267 689
267 700
268 470
268 648
268 701
329 351
330 331
330 332
330 362
330 447
330 448
331 332
331 343
331 354
331 355
312 313
313 314
313 315
313 316
313 317
313 318
313 319
314 319
314 340
314 373
314 375
314 378
314 392
314 393
314 394
314 399
314 404
314 407
314 408
314 411
314 424
314 425
314 449
314 450
314 451
314 452
314 453
314 454
314 455
314 456
314 457
314 458
314 459
314 460
314 461
315 316
315 317
315 318
316 317
319 364
319 396
319 397
319 412
319 429
319 474
319 518
320 429
320 450
320 499
340 360
340 361
342 392
342 393
342 425
342 450
342 498
342 503
342 533
342 541
342 542
342 543
353 359
353 428
353 440
353 441
353 442
353 443
354 362
362 442
363 364
363 365
363 366
363 367
363 449
364 365
364 366
364 367
364 412
364 449
365 366
365 367
365 445
365 449
365 474
366 367
367 449
368 369
368 482
368 483
368 484
368 485
368 486
368 487
368 488
368 489
369 505
344 358
347 358
357 358
358 359
358 375
358 428
358 429
358 430
358 431
358 432
358 433
358 434
358 435
358 436
358 437
358 438
347 375
360 375
370 375
375 376
375 412
375 437
375 449
375 490
375 491
375 492
375 493
375 494
375 495
375 496
449 462
462 463
462 471
462 472
462 473
463 465
463 466
463 467
463 468
463 469
463 473
463 504
463 506
463 507
463 508
463 509
463 510
463 511
463 512
463 513
463 514
463 515
463 516
463 517
433 464
434 464
448 464
464 532
465 466
465 467
465 468
465 469
466 467
466 468
466 469
467 468
468 469
468 507
468 639
468 659
468 703
470 648
470 701
470 712
470 713
470 714
347 472
449 472
370 378
370 449
370 515
370 519
370 520
370 521
370 522
370 523
370 524
370 525
370 526
370 527
370 528
370 529
431 433
432 433
433 434
433 519
433 530
433 531
433 532
433 613
449 452
449 475
449 476
449 491
471 475
475 476
475 477
475 478
492 520
520 521
520 522
520 523
520 524
520 570
515 524
521 524
522 524
523 524
524 525
524 527
524 572
524 650
524 660
524 667
524 668
377 491
490 491
491 492
491 495
491 496
491 615
456 638
496 638
528 638
591 638
615 638
630 638
638 639
638 666
638 689
456 639
496 639
528 639
537 639
581 639
582 639
627 639
639 659
506 507
506 508
506 509
506 510
506 621
507 508
507 509
507 510
507 511
507 512
507 513
507 514
507 516
507 645
507 646
507 647
508 509
508 510
508 511
508 514
508 517
508 621
508 645
508 648
508 649
509 510
509 645
510 515
510 621
510 645
437 649
511 649
514 649
456 515
515 516
515 523
515 525
515 526
515 527
515 592
515 596
515 597
515 660
515 702
456 523
521 523
522 523
523 525
523 527
523 572
523 592
523 596
523 598
523 650
523 660
523 667
523 668
525 526
525 527
525 660
527 529
527 650
527 660
521 650
522 650
572 650
650 667
650 668
496 689
528 689
591 689
666 689
689 700
648 701
360 361
360 412
373 392
392 393
392 394
392 398
392 399
392 400
392 401
392 402
392 405
392 406
392 407
392 409
392 410
392 424
392 425
392 454
392 533
392 534
392 535
373 393
378 393
393 394
393 395
393 397
393 398
393 400
393 401
393 403
393 424
393 425
393 451
393 452
393 454
393 457
393 458
393 481
393 533
393 534
393 535
373 394
378 394
394 395
394 398
394 400
394 401
394 403
394 404
394 405
394 406
394 407
394 409
394 410
394 424
394 425
394 429
394 451
394 454
394 457
394 458
394 459
394 534
394 535
394 536
394 537
394 538
394 539
394 540
395 403
395 451
395 452
395 481
395 560
395 573
395 574
395 590
377 396
396 397
396 518
396 615
396 616
396 617
396 618
396 619
396 620
377 397
397 398
397 399
397 436
397 451
397 452
397 454
397 481
397 518
397 553
397 554
397 574
377 398
398 399
398 400
398 401
398 402
398 405
398 406
398 407
398 454
398 455
398 534
398 535
398 574
377 399
399 400
399 402
399 405
399 406
399 450
399 454
399 455
399 574
400 401
400 402
400 454
400 534
400 535
401 405
401 406
401 407
401 409
401 410
401 454
401 534
401 535
401 536
401 538
401 539
401 601
401 669
401 670
401 671
405 406
405 407
405 410
405 454
405 455
406 407
406 410
406 454
406 455
406 496
406 534
406 537
407 410
407 459
407 461
407 539
408 411
409 410
409 563
409 579
409 609
409 684
346 410
410 453
410 459
410 534
410 536
376 389
389 391
389 415
389 416
389 417
389 484
389 485
389 486
389 548
389 556
389 558
414 548
414 558
414 587
414 588
415 416
415 417
391 416
416 417
416 485
416 488
416 595
416 678
416 679
416 680
416 681
416 682
417 418
385 418
391 418
418 538
418 632
418 655
418 683
418 698
418 699
359 429
428 429
429 450
429 499
347 450
440 450
441 450
443 450
444 450
450 453
450 455
450 497
450 498
450 499
450 500
450 501
450 502
450 503
453 499
498 499
499 502
542 543
542 544
372 419
372 420
372 421
372 422
372 423
373 419
373 420
373 424
373 425
373 426
373 427
376 377
376 378
376 379
376 380
376 383
376 384
376 553
376 557
376 558
377 378
378 451
378 452
378 454
378 456
378 457
378 458
378 554
378 589
378 633
482 483
482 484
482 485
482 486
482 487
482 488
482 489
482 615
482 620
482 631
482 662
483 548
456 484
484 485
484 486
484 487
484 488
484 489
484 556
484 672
484 673
484 681
484 682
484 690
485 486
485 487
485 488
485 489
485 538
485 556
485 615
485 620
485 631
485 662
485 672
485 678
485 682
485 690
485 691
486 487
486 488
486 489
486 556
486 672
486 681
486 682
486 690
423 487
487 488
487 489
487 561
487 563
487 575
487 578
487 579
487 672
487 690
548 558
548 587
548 588
549 550
551 552
377 553
436 553
456 553
553 554
553 615
553 633
553 653
377 554
436 554
456 554
496 554
537 554
554 630
554 631
554 632
554 633
554 654
554 655
554 656
538 555
555 594
555 595
555 654
492 570
521 570
570 591
570 592
570 593
571 572
521 572
522 572
572 667
572 668
594 595
594 654
521 522
522 667
522 668
456 596
592 596
596 702
592 597
343 344
343 354
343 355
344 346
344 354
344 356
344 357
344 359
346 453
347 355
347 428
347 430
347 436
347 444
347 490
347 497
347 500
347 501
347 530
347 545
347 546
377 381
377 388
377 436
377 454
377 455
377 557
377 574
377 615
377 617
377 618
377 619
377 620
377 627
377 628
377 629
377 630
377 631
377 632
379 380
379 382
379 383
379 390
380 382
380 383
380 390
381 382
381 562
381 600
381 657
381 658
381 663
381 664
381 665
382 383
382 385
382 562
382 566
382 609
382 657
382 658
382 675
382 676
382 677
383 384
385 391
385 566
385 602
385 644
385 663
385 676
385 683
385 698
424 425
424 427
425 541
423 451
426 451
451 452
451 454
451 457
451 458
451 480
451 481
451 560
451 573
451 574
452 481
452 560
452 573
452 574
452 589
436 453
453 459
453 461
453 498
453 626
454 455
454 457
454 458
454 534
454 535
454 574
455 456
455 460
456 460
456 496
456 592
456 615
456 616
456 617
456 630
456 633
456 653
456 672
456 673
457 458
457 561
457 566
457 575
457 602
457 607
457 608
457 609
457 611
457 643
457 665
457 674
426 458
459 461
459 498
459 503
459 534
459 536
459 539
459 580
459 581
459 622
459 623
459 624
459 625
459 626
459 696
459 697
430 461
436 461
461 496
461 545
461 580
461 581
461 582
461 625
461 630
461 632
461 696
461 697
386 387
386 388
387 388
391 681
421 423
422 423
423 426
423 560
423 561
423 563
423 573
423 575
423 578
423 579
426 427
426 559
426 560
426 561
426 562
426 563
615 633
633 653
562 657
562 658
657 658
427 564
427 565
427 566
427 567
427 568
427 569
481 560
560 573
560 574
560 590
422 564
561 564
564 565
564 599
564 600
564 601
564 602
564 603
564 604
564 605
564 606
422 565
561 565
565 566
444 447
447 448
447 530
434 448
444 448
448 530
448 531
448 532
354 355
354 442
479 480
481 573
481 574
498 502
498 503
498 622
498 623
498 624
498 625
498 626
503 545
503 622
503 623
503 624
503 625
503 707
503 708
503 709
503 710
357 359
359 428
359 439
359 440
359 441
359 442
359 443
359 444
428 430
428 440
428 441
428 442
428 490
428 501
430 436
430 438
430 444
430 490
430 493
430 497
430 545
430 580
430 581
436 493
436 627
436 628
436 629
436 652
444 490
444 497
444 500
444 530
444 545
444 546
444 584
444 585
444 586
490 495
490 497
490 530
490 545
497 500
497 545
434 530
530 531
530 585
530 613
530 614
530 634
530 635
438 545
493 545
545 582
545 583
546 584
440 441
440 442
440 443
441 442
441 443
442 443
431 432
431 434
432 434
434 531
434 532
434 614
437 476
437 493
437 494
437 511
437 514
437 640
438 493
438 583
488 489
488 538
488 672
488 678
488 680
488 682
488 690
488 691
488 692
488 693
488 694
488 695
489 681
489 682
492 521
521 667
521 668
492 528
496 528
528 591
528 627
528 628
528 666
420 421
420 575
421 422
422 561
492 495
492 496
492 627
492 628
492 659
492 666
493 494
493 629
493 652
495 496
495 659
495 666
496 537
496 591
496 627
496 630
496 632
496 659
496 666
573 574
574 590
615 620
615 630
615 631
615 632
615 653
615 659
615 660
615 661
615 662
616 617
617 618
617 619
617 620
617 630
618 619
618 620
619 620
619 653
619 661
620 630
620 631
620 661
620 662
581 627
582 627
583 627
627 628
627 629
627 651
628 629
628 651
629 652
537 630
616 630
630 631
630 632
630 656
630 659
630 661
630 662
630 711
631 632
631 654
631 655
631 661
631 662
632 654
632 655
599 600
600 601
600 602
600 603
600 604
600 605
600 606
600 609
600 665
600 685
600 692
600 705
664 718
602 665
609 665
665 674
665 722
566 567
566 602
566 611
566 643
566 644
561 609
563 609
569 609
575 609
579 609
607 609
608 609
609 612
609 674
609 683
609 684
609 685
675 676
675 677
675 698
675 705
675 716
676 677
676 698
676 705
676 716
677 698
677 705
677 716
599 602
601 602
602 603
602 604
602 605
602 606
602 611
602 643
602 644
591 683
683 685
683 704
683 705
698 705
698 716
678 681
679 681
680 681
681 682
681 686
534 535
534 536
536 538
536 539
537 601
537 656
537 659
537 670
537 684
537 706
516 538
538 593
538 654
538 692
538 699
538 703
538 730
538 731
599 601
601 603
601 604
601 605
601 606
601 669
601 670
601 671
601 684
601 706
669 670
669 671
669 723
670 671
670 706
671 723
671 724
671 725
671 726
671 727
671 728
561 563
563 575
563 578
563 579
563 684
561 579
575 579
578 579
579 684
587 588
678 679
678 680
678 682
679 680
680 682
680 686
682 686
654 655
593 699
654 699
699 719
699 720
699 721
561 575
575 578
575 607
575 608
561 568
561 569
561 578
561 607
561 608
561 610
561 611
561 612
568 569
568 610
568 611
569 612
580 581
580 625
580 626
580 696
580 697
581 582
581 626
581 696
581 697
531 613
614 635
614 712
614 715
476 478
476 640
476 641
511 512
511 513
511 514
512 514
513 514
640 641
640 642
582 583
583 732
583 733
583 734
626 696
591 592
592 702
653 661
672 673
672 690
607 608
610 611
611 643
622 623
622 624
622 625
622 707
622 708
622 709
622 710
623 624
623 625
624 625
696 697
512 513
516 659
516 687
516 688
516 703
516 729
659 660
659 666
659 687
659 688
703 734
703 740
635 712
712 715
478 641
661 662
691 705
685 692
694 695
694 730
694 731
694 746
591 666
591 704
707 708
707 709
707 710
708 709
708 710
709 710
687 688
687 739
688 729
667 668
634 635
635 715
730 747
730 748
730 749
731 746
599 603
599 604
603 604
603 605
603 606
604 605
604 606
605 606
732 733
732 735
732 736
732 737
734 740
685 705
705 716
705 717
723 724
724 728
725 726
725 727
726 727
739 741
720 721
720 738
747 748
747 754
747 755
747 756
747 757
747 758
747 759
749 765
737 743
737 753
737 754
742 743
743 744
743 745
752 753
744 745
755 763
755 764
756 757
750 751
751 752
761 763
762 763
760 761
761 762
