1 2
1 3
1 4
1 5
1 6
1 7
1 8
1 9
1 10
1 11
1 12
1 13
1 14
1 15
1 16
1 17
1 18
1 19
1 20
1 21
1 22
1 23
1 24
1 25
1 26
1 27
1 28
1 29
1 30
1 31
1 32
1 33
1 34
1 35
1 36
1 37
1 38
1 39
1 40
1 41
1 42
1 43
1 44
1 45
1 46
1 47
1 48
1 49
1 50
1 51
1 52
1 53
1 54
1 55
1 56
1 57
1 58
1 59
1 60
1 61
1 62
1 63
1 64
1 65
1 66
1 67
2 4
2 10
2 69
2 70
2 71
2 72
2 73
2 74
2 75
2 76
2 77
2 78
2 79
2 80
2 81
2 82
2 83
2 84
2 85
2 86
2 87
2 88
2 89
2 91
2 95
2 96
2 97
2 98
2 99
2 100
2 103
2 104
2 105
2 106
2 107
2 108
2 109
2 110
2 112
2 113
2 114
2 115
2 116
2 118
2 119
2 120
2 121
2 123
2 128
2 131
2 132
2 188
2 193
2 201
2 207
2 210
2 211
2 218
2 219
2 220
2 221
2 222
2 223
2 224
2 225
2 226
2 227
2 228
2 229
2 230
2 231
2 232
2 233
2 234
2 235
2 236
2 237
2 238
2 239
2 240
2 241
2 242
3 13
3 14
3 15
3 16
3 22
3 39
3 40
3 41
3 61
3 68
3 69
3 125
3 127
3 289
3 296
3 315
3 316
3 317
3 318
3 319
3 320
3 321
3 322
3 323
3 324
3 325
3 326
3 327
3 328
3 329
3 330
3 331
3 332
3 333
3 334
3 335
3 336
3 337
4 11
4 13
4 14
4 15
4 16
4 22
4 23
4 24
4 25
4 26
4 27
4 28
4 29
4 30
4 31
4 32
4 33
4 34
4 35
4 38
4 39
4 40
4 41
4 45
4 46
4 47
4 57
4 61
4 66
4 68
4 69
4 73
4 74
4 75
4 79
4 82
4 95
4 96
4 97
4 98
4 99
4 100
4 103
4 104
4 105
4 106
4 107
4 116
4 123
4 124
4 125
4 126
4 127
4 128
4 131
4 134
4 136
4 137
4 138
4 139
4 140
4 141
4 142
4 143
4 144
4 145
4 146
4 147
4 148
4 149
4 150
4 151
4 152
4 153
4 154
4 155
4 156
4 157
4 158
4 159
4 160
4 161
4 162
4 163
4 164
4 165
4 166
4 167
4 177
4 179
4 191
4 192
4 193
4 289
4 296
4 303
4 316
4 317
4 318
4 319
4 320
4 321
4 322
4 323
4 324
4 325
4 326
4 327
4 328
4 329
4 330
4 331
4 332
4 333
4 335
4 337
4 338
4 339
4 340
4 341
4 342
4 343
4 344
4 345
4 346
4 347
4 348
4 349
4 350
4 351
4 352
4 353
4 354
4 355
4 356
4 357
4 358
5 13
5 14
5 15
5 16
5 19
5 22
5 26
5 39
5 40
5 41
5 43
5 49
5 61
5 68
5 125
5 289
5 291
5 296
5 316
5 317
5 318
5 319
5 320
5 321
5 322
5 323
5 324
5 325
5 326
5 327
5 328
5 329
5 330
5 331
5 332
5 333
5 335
5 337
5 372
5 373
5 374
5 375
5 376
5 377
5 378
5 379
5 380
5 381
5 382
5 383
5 384
5 385
5 386
5 387
5 388
5 389
5 390
5 391
6 13
6 14
6 15
6 16
6 22
6 39
6 40
6 41
6 61
6 68
6 69
6 125
6 147
6 185
6 205
6 238
6 239
6 248
6 256
6 278
6 283
6 285
6 289
6 296
6 316
6 317
6 318
6 319
6 320
6 321
6 322
6 323
6 324
6 325
6 326
6 327
6 328
6 329
6 330
6 331
6 332
6 333
6 335
6 337
6 365
6 369
6 393
6 402
6 403
6 404
6 405
6 406
6 407
6 408
6 409
6 410
6 411
6 412
6 413
6 414
7 13
7 14
7 15
7 16
7 22
7 24
7 34
7 39
7 40
7 41
7 51
7 52
7 61
7 68
7 69
7 125
7 289
7 292
7 296
7 316
7 317
7 318
7 319
7 320
7 321
7 322
7 323
7 324
7 325
7 326
7 327
7 328
7 329
7 330
7 331
7 332
7 333
7 335
7 337
7 343
7 346
7 351
7 382
7 389
7 415
7 416
7 417
7 418
7 419
7 420
7 421
7 422
7 423
7 424
7 425
7 426
7 427
7 428
7 429
8 13
8 14
8 15
8 16
8 22
8 39
8 40
8 41
8 61
8 68
8 124
8 125
8 289
8 295
8 296
8 301
8 316
8 317
8 318
8 319
8 320
8 321
8 322
8 323
8 324
8 325
8 326
8 327
8 328
8 329
8 330
8 331
8 332
8 333
8 335
8 337
8 407
8 430
8 431
8 432
8 433
8 434
8 435
9 12
9 13
9 14
9 15
9 16
9 17
9 22
9 25
9 39
9 40
9 41
9 42
9 59
9 61
9 63
9 68
9 125
9 289
9 294
9 296
9 305
9 316
9 317
9 318
9 319
9 320
9 321
9 322
9 323
9 324
9 325
9 326
9 327
9 328
9 329
9 330
9 331
9 332
9 333
9 335
9 337
9 338
9 374
9 378
9 383
9 438
9 442
9 451
9 468
9 469
9 470
9 471
9 472
9 473
9 474
9 475
9 476
9 477
9 478
9 479
10 13
10 14
10 15
10 16
10 21
10 22
10 25
10 26
10 27
10 33
10 39
10 40
10 41
10 45
10 46
10 52
10 53
10 54
10 55
10 61
10 68
10 124
10 125
10 126
10 127
10 128
10 142
10 288
10 289
10 300
10 310
10 315
10 316
10 317
10 318
10 319
10 320
10 321
10 322
10 323
10 324
10 325
10 326
10 327
10 328
10 329
10 330
10 332
10 333
10 334
10 335
10 337
10 341
10 345
10 346
10 347
10 349
10 350
10 352
10 353
10 418
10 426
10 448
10 480
10 481
10 482
10 483
10 484
10 485
10 486
10 487
10 488
10 489
11 13
11 14
11 15
11 16
11 22
11 30
11 39
11 40
11 41
11 61
11 68
11 69
11 70
11 125
11 126
11 127
11 128
11 129
11 130
11 132
11 133
11 142
11 178
11 206
11 232
11 251
11 280
11 289
11 296
11 297
11 306
11 308
11 316
11 317
11 318
11 319
11 320
11 321
11 322
11 323
11 324
11 325
11 326
11 327
11 328
11 329
11 330
11 331
11 332
11 333
11 335
11 337
11 354
11 366
11 395
11 409
11 452
11 459
11 463
11 474
11 480
11 482
11 483
11 484
11 485
11 486
11 490
11 491
11 492
11 493
11 494
12 13
12 14
12 15
12 16
12 17
12 18
12 19
12 20
12 22
12 41
12 42
12 43
12 44
12 389
12 418
12 427
12 428
12 499
12 500
13 44
13 73
13 74
13 75
13 103
13 111
13 128
13 131
13 132
13 157
13 158
13 169
13 170
13 171
13 173
13 177
13 204
13 209
13 211
13 219
13 224
13 225
13 226
13 231
13 245
13 246
13 250
13 266
13 268
13 279
13 335
13 338
13 342
13 343
13 345
13 346
13 347
13 348
13 365
13 398
13 406
13 408
13 415
13 419
13 430
13 432
13 439
13 448
13 449
13 450
13 452
13 458
13 497
13 511
13 512
13 514
13 515
14 44
14 73
14 74
14 75
14 103
14 111
14 128
14 131
14 132
14 136
14 137
14 138
14 156
14 157
14 158
14 168
14 169
14 170
14 171
14 173
14 177
14 192
14 204
14 209
14 211
14 219
14 224
14 225
14 226
14 231
14 245
14 246
14 250
14 266
14 268
14 279
14 335
14 338
14 342
14 343
14 345
14 346
14 347
14 348
14 365
14 398
14 406
14 408
14 415
14 419
14 430
14 432
14 439
14 448
14 449
14 450
14 452
14 458
14 497
14 511
14 512
14 514
14 515
15 73
15 74
15 75
15 103
15 122
15 136
15 137
15 138
15 156
15 157
15 168
15 169
15 171
15 192
15 224
15 245
15 246
15 261
15 338
15 415
15 430
15 448
15 452
15 458
15 495
15 496
15 497
15 511
15 512
16 72
16 73
16 74
16 75
16 87
16 88
16 90
16 91
16 103
16 121
16 192
16 193
16 195
16 213
16 217
16 218
16 220
16 229
16 242
16 338
16 415
16 430
16 448
16 458
16 516
16 517
17 73
17 74
17 75
17 100
17 106
17 107
17 116
17 123
17 155
17 171
17 197
17 198
17 199
17 200
17 243
17 338
17 415
17 430
17 448
17 458
18 72
18 73
18 74
18 75
18 87
18 88
18 90
18 92
18 103
18 121
18 192
18 195
18 213
18 217
18 261
18 265
18 338
18 415
18 430
18 439
18 448
18 458
18 496
18 518
19 73
19 74
19 75
19 100
19 106
19 107
19 116
19 123
19 140
19 197
19 198
19 199
19 200
19 221
19 277
19 286
19 338
19 415
19 430
19 448
19 458
19 519
20 73
20 74
20 75
20 100
20 106
20 107
20 116
20 123
20 197
20 198
20 199
20 200
20 219
20 338
20 345
20 415
20 430
20 448
20 458
21 48
21 51
21 206
21 210
21 227
21 245
21 280
21 281
21 336
22 44
22 73
22 74
22 75
22 103
22 111
22 128
22 131
22 132
22 157
22 158
22 169
22 170
22 171
22 173
22 177
22 204
22 206
22 209
22 211
22 219
22 224
22 225
22 226
22 231
22 245
22 246
22 250
22 266
22 268
22 279
22 335
22 338
22 342
22 343
22 345
22 346
22 347
22 348
22 365
22 398
22 406
22 408
22 415
22 419
22 430
22 432
22 439
22 448
22 449
22 450
22 452
22 458
22 497
22 511
22 512
22 514
22 515
23 103
23 122
23 128
23 131
23 132
23 134
23 136
23 137
23 138
23 156
23 157
23 170
23 192
23 202
23 219
23 225
23 226
23 261
23 342
23 430
23 452
23 495
23 496
24 73
24 74
24 75
24 100
24 106
24 107
24 110
24 112
24 116
24 123
24 128
24 131
24 132
24 140
24 170
24 172
24 176
24 203
24 210
24 219
24 221
24 223
24 225
24 226
24 262
24 263
24 264
24 277
24 278
24 286
24 342
24 353
24 430
24 452
24 497
24 520
25 73
25 74
25 75
25 100
25 103
25 106
25 107
25 116
25 123
25 128
25 131
25 132
25 219
25 245
25 262
25 263
25 264
25 345
25 347
25 365
26 73
26 74
26 75
26 100
26 103
26 106
26 107
26 116
26 123
26 128
26 131
26 132
26 219
26 245
26 262
26 263
26 264
26 314
26 345
26 347
26 365
26 511
27 74
27 103
27 128
27 131
27 132
27 219
27 245
27 345
27 347
27 365
27 515
28 73
28 74
28 75
28 100
28 106
28 107
28 116
28 123
28 128
28 131
28 132
28 219
28 262
28 263
28 264
28 402
29 73
29 74
29 75
29 100
29 106
29 107
29 116
29 123
29 128
29 131
29 132
29 144
29 196
29 198
29 219
29 224
29 225
29 262
29 263
29 264
29 313
29 364
29 368
29 527
30 75
30 128
30 131
30 132
30 219
31 73
31 74
31 75
31 93
31 100
31 101
31 106
31 107
31 116
31 128
31 131
31 132
31 219
31 262
31 263
31 264
31 270
31 345
31 524
32 128
32 131
32 132
32 147
32 169
32 171
32 219
32 224
32 245
32 246
32 393
32 452
32 497
32 511
32 512
33 74
33 128
33 131
33 132
33 219
34 128
34 131
34 132
34 219
34 497
35 72
35 128
35 131
35 132
35 134
35 203
35 219
35 351
35 402
35 430
35 480
36 72
36 131
36 134
36 351
36 402
36 430
37 72
37 73
37 74
37 75
37 100
37 106
37 107
37 116
37 123
37 134
37 145
37 172
37 262
37 263
37 264
37 351
37 394
37 402
37 430
37 480
38 170
38 225
38 226
38 342
38 351
38 430
38 452
39 103
39 136
39 137
39 138
39 156
39 157
39 192
39 203
39 214
39 271
39 287
39 531
40 142
40 280
41 73
41 74
41 75
41 206
41 224
41 338
41 415
41 430
41 448
41 458
42 73
42 74
42 75
42 103
42 122
42 136
42 137
42 138
42 156
42 157
42 192
42 203
42 261
42 271
42 287
42 338
42 415
42 430
42 448
42 458
42 495
42 496
42 517
42 532
43 73
43 74
43 75
43 103
43 136
43 137
43 138
43 156
43 157
43 192
43 265
43 338
43 415
43 430
43 448
43 458
43 511
44 73
44 74
44 75
44 290
44 293
44 295
44 338
44 415
44 430
44 448
44 449
44 458
44 515
45 74
45 103
45 136
45 137
45 138
45 152
45 156
45 157
45 169
45 171
45 192
45 204
45 224
45 242
45 245
45 246
45 266
45 360
45 452
45 497
45 511
45 512
46 48
46 51
46 206
46 210
46 227
46 245
46 280
46 281
46 291
46 294
46 312
46 336
46 376
46 430
46 457
46 468
47 452
48 289
48 294
48 296
48 316
48 317
48 321
48 328
48 329
48 331
48 334
48 345
48 374
48 387
48 429
48 430
48 442
48 468
48 469
48 473
48 479
48 542
49 294
49 316
49 317
49 329
49 374
49 430
49 459
49 468
49 469
49 479
49 490
49 549
50 225
50 430
51 210
51 289
51 296
51 316
51 317
51 321
51 328
51 329
51 331
51 334
51 345
51 425
51 430
51 454
51 459
51 474
51 490
51 493
52 72
52 74
52 87
52 88
52 90
52 103
52 121
52 192
52 195
52 213
52 217
52 401
52 497
52 525
52 543
53 103
53 136
53 137
53 138
53 156
53 157
53 192
53 245
53 265
54 103
54 136
54 137
54 138
54 152
54 156
54 157
54 192
54 204
54 242
54 266
54 287
54 336
54 360
55 74
55 316
55 317
55 329
55 345
56 74
56 171
57 245
57 316
57 317
57 329
57 459
57 490
57 547
58 342
60 246
62 74
62 131
64 206
64 351
65 227
65 351
66 128
66 131
66 132
66 219
66 430
67 336
68 69
69 70
69 73
69 74
69 75
69 79
69 82
69 95
69 96
69 97
69 98
69 99
69 100
69 103
69 104
69 105
69 106
69 107
69 116
69 123
69 124
69 125
69 126
69 127
69 128
69 129
69 130
69 131
69 132
69 133
69 134
69 135
69 136
69 137
69 138
69 139
69 140
69 141
69 142
69 143
69 144
69 145
69 146
69 147
69 148
69 149
69 150
69 151
69 152
69 153
69 154
69 155
69 156
69 157
69 158
69 159
69 160
69 161
69 162
69 163
69 164
69 165
69 166
69 167
69 168
69 169
69 170
69 171
69 172
69 173
69 174
69 175
69 176
69 177
69 178
69 179
69 180
69 181
69 182
69 183
69 184
69 185
69 186
69 187
69 188
69 189
69 190
69 191
69 192
69 193
69 194
68 70
70 73
70 74
70 75
70 77
70 79
70 82
70 83
70 85
70 86
70 89
70 93
70 95
70 96
70 97
70 98
70 99
70 100
70 103
70 104
70 105
70 106
70 107
70 113
70 116
70 117
70 123
70 124
70 126
70 131
70 134
70 135
70 136
70 137
70 138
70 139
70 140
70 141
70 142
70 143
70 144
70 145
70 146
70 147
70 148
70 149
70 150
70 151
70 152
70 153
70 154
70 155
70 156
70 157
70 158
70 159
70 160
70 161
70 162
70 163
70 164
70 165
70 166
70 167
70 177
70 179
70 191
70 192
70 193
70 212
70 220
70 236
70 243
70 270
70 277
70 368
70 392
70 393
70 394
70 395
70 396
70 397
70 398
70 399
70 400
70 401
68 71
71 124
71 126
71 129
68 72
72 78
72 79
72 81
72 124
72 126
72 138
72 299
72 333
72 378
72 440
72 459
72 477
72 493
68 73
73 77
73 80
73 82
73 83
73 84
73 86
73 87
73 89
73 93
73 95
73 96
73 124
73 125
73 126
73 127
73 128
73 129
73 130
73 132
73 133
73 136
73 137
73 139
73 140
73 142
73 144
73 149
73 152
73 153
73 196
73 243
73 262
73 290
73 291
73 295
73 340
73 341
73 378
73 394
73 438
73 441
73 469
73 470
68 74
74 77
74 80
74 82
74 83
74 84
74 86
74 87
74 89
74 93
74 95
74 96
74 124
74 125
74 126
74 127
74 128
74 129
74 130
74 132
74 133
74 136
74 137
74 139
74 140
74 142
74 144
74 149
74 152
74 153
74 196
74 243
74 262
74 290
74 295
74 315
74 340
74 341
74 372
74 394
74 418
74 469
74 481
74 501
68 75
75 77
75 80
75 82
75 83
75 84
75 86
75 87
75 89
75 93
75 95
75 96
75 124
75 125
75 126
75 127
75 128
75 129
75 130
75 132
75 133
75 136
75 137
75 139
75 140
75 142
75 144
75 149
75 152
75 153
75 196
75 243
75 262
75 290
75 291
75 295
75 340
75 341
75 394
75 443
75 469
68 76
76 124
76 126
68 77
77 94
77 100
77 101
77 102
77 106
77 107
77 116
77 123
77 124
77 126
77 135
77 151
68 78
78 87
78 88
78 90
78 92
78 103
78 121
78 122
78 124
78 126
78 133
78 192
78 195
78 213
78 217
78 502
68 79
79 87
79 88
79 91
79 92
79 103
79 121
79 122
79 124
79 125
79 126
79 127
79 128
79 129
79 130
79 132
79 133
79 193
79 218
79 220
79 229
79 242
79 503
68 80
80 94
80 100
80 101
80 102
80 106
80 107
80 116
80 123
80 124
80 126
80 155
80 243
68 81
81 87
81 88
81 92
81 103
81 121
81 122
81 124
81 126
81 133
81 261
81 265
81 504
68 82
82 94
82 100
82 101
82 102
82 106
82 107
82 116
82 123
82 124
82 125
82 126
82 127
82 128
82 129
82 130
82 132
82 133
82 140
82 221
82 277
82 286
82 505
68 83
83 94
83 100
83 101
83 102
83 106
83 107
83 116
83 123
83 124
83 126
68 84
84 94
84 100
84 101
84 102
84 106
84 107
84 116
84 123
84 124
84 126
84 262
84 314
84 506
68 85
85 124
85 126
68 86
86 94
86 100
86 101
86 102
86 106
86 107
86 116
86 123
86 124
86 126
68 87
87 94
87 100
87 101
87 102
87 106
87 107
87 116
87 123
87 124
87 126
87 138
87 144
87 196
87 224
87 299
87 313
87 364
87 368
87 378
87 440
87 507
87 508
68 88
88 124
88 126
88 133
88 138
88 299
88 378
88 440
68 89
89 93
89 94
89 100
89 101
89 102
89 106
89 107
89 116
89 124
89 126
89 270
68 91
91 138
91 440
68 95
95 100
95 106
95 107
95 116
95 123
95 124
95 125
95 126
95 127
95 128
95 129
95 130
95 132
95 133
95 140
95 201
95 221
95 222
95 223
95 224
95 277
95 286
68 96
96 100
96 106
96 107
96 116
96 123
96 124
96 125
96 126
96 127
96 128
96 129
96 130
96 132
96 133
96 201
96 222
96 223
96 224
68 97
97 124
97 125
97 126
97 127
97 128
97 129
97 130
97 132
97 133
68 98
98 124
98 125
98 126
98 127
98 128
98 129
98 130
98 132
98 133
68 99
99 103
99 124
99 125
99 126
99 127
99 128
99 129
99 130
99 132
99 133
99 136
99 137
99 138
99 156
99 157
99 192
99 202
68 100
93 100
100 103
100 124
100 125
100 126
100 127
100 128
100 129
100 130
100 132
100 133
100 136
100 137
100 138
100 139
100 140
100 142
100 144
100 149
100 152
100 153
100 156
100 157
100 192
100 196
100 202
100 243
100 262
100 265
100 290
100 291
100 295
100 340
100 341
100 394
100 469
68 103
94 103
101 103
102 103
103 104
103 105
103 107
103 124
103 125
103 126
103 127
103 128
103 129
103 130
103 132
103 133
103 138
103 142
103 154
103 156
103 159
103 161
103 198
103 200
103 208
103 226
103 232
103 272
103 277
103 290
103 293
103 295
103 299
103 305
103 311
103 316
103 317
103 319
103 324
103 339
103 342
103 349
103 361
103 362
103 363
103 366
103 376
103 377
103 378
103 379
103 393
103 395
103 397
103 418
103 420
103 422
103 431
103 438
103 440
103 451
103 456
103 470
103 472
103 481
103 485
103 522
103 523
68 104
104 124
104 125
104 126
104 127
104 128
104 129
104 130
104 132
104 133
104 136
104 137
104 138
104 156
104 157
104 192
104 265
68 105
105 124
105 125
105 126
105 127
105 128
105 129
105 130
105 132
105 133
105 136
105 137
105 138
105 156
105 157
105 192
105 265
105 396
105 397
105 398
105 401
105 495
105 518
68 106
93 106
106 124
106 125
106 126
106 127
106 128
106 129
106 130
106 132
106 133
106 136
106 137
106 139
106 140
106 142
106 144
106 149
106 152
106 153
106 196
106 243
106 262
106 290
106 291
106 295
106 340
106 341
106 394
106 469
68 107
93 107
107 124
107 125
107 126
107 127
107 128
107 129
107 130
107 132
107 133
107 136
107 137
107 138
107 139
107 140
107 142
107 144
107 149
107 152
107 153
107 156
107 157
107 192
107 196
107 214
107 243
107 262
107 265
107 290
107 291
107 295
107 340
107 341
107 394
107 469
68 108
108 124
108 126
108 130
68 109
109 124
109 126
109 205
68 110
110 124
110 126
110 292
110 298
110 316
110 317
110 329
110 417
110 419
68 112
112 124
112 126
112 292
112 316
112 317
112 329
112 386
112 417
112 419
112 459
112 490
68 113
113 124
113 126
113 459
113 549
68 114
114 124
114 126
68 115
115 124
115 126
115 129
68 116
93 116
116 124
116 125
116 126
116 127
116 128
116 129
116 130
116 132
116 133
116 136
116 137
116 139
116 140
116 142
116 144
116 149
116 152
116 153
116 196
116 243
116 262
116 290
116 291
116 295
116 340
116 341
116 394
116 469
68 118
118 124
118 126
68 119
119 124
119 126
68 120
120 124
120 126
68 121
121 124
121 126
121 129
121 138
121 299
121 378
121 440
68 123
93 123
123 124
123 125
123 126
123 127
123 128
123 129
123 130
123 132
123 133
123 136
123 137
123 139
123 140
123 142
123 149
123 152
123 153
123 196
123 243
123 262
123 290
123 295
123 340
123 341
123 394
123 469
124 128
126 128
128 131
128 134
128 136
128 137
128 138
128 139
128 140
128 141
128 142
128 143
128 144
128 145
128 146
128 147
128 148
128 149
128 150
128 151
128 152
128 153
128 154
128 155
128 156
128 157
128 158
128 159
128 160
128 161
128 162
128 163
128 164
128 165
128 166
128 167
128 177
128 179
128 191
128 192
128 193
128 288
128 289
128 290
128 291
128 292
128 293
128 294
128 295
128 296
128 297
128 298
128 299
128 300
128 301
128 302
128 303
128 304
128 305
128 306
128 307
128 308
128 309
128 310
128 311
128 312
124 131
125 131
127 131
129 131
130 131
131 132
131 133
131 379
131 436
131 437
131 438
131 439
131 440
131 441
131 442
131 443
131 444
131 445
131 446
131 447
124 132
126 132
132 134
132 136
132 137
132 138
132 139
132 140
132 141
132 142
132 143
132 144
132 145
132 146
132 147
132 148
132 149
132 150
132 151
132 152
132 153
132 154
132 155
132 156
132 157
132 158
132 159
132 160
132 161
132 162
132 163
132 164
132 165
132 166
132 167
132 177
132 179
132 181
132 191
132 192
132 193
132 214
132 234
132 253
132 279
132 302
132 325
132 333
132 370
132 394
132 410
132 411
132 413
132 432
132 433
132 434
132 458
132 459
132 460
132 461
132 462
132 463
132 464
132 465
132 466
132 467
125 193
127 193
129 193
130 193
133 193
138 193
193 440
93 201
124 201
137 201
139 201
140 201
142 201
144 201
149 201
152 201
124 207
124 210
126 210
210 289
210 292
210 296
210 316
210 317
210 321
210 328
210 329
210 331
210 334
210 345
210 355
210 382
210 417
210 419
210 421
210 429
124 211
211 295
211 431
211 437
211 438
211 439
211 446
211 537
124 218
138 218
218 440
219 293
219 299
219 304
219 321
219 331
219 336
219 340
219 376
219 385
219 416
219 417
219 419
219 423
219 424
219 431
219 448
219 449
219 450
219 451
219 452
219 453
219 454
219 455
219 456
219 457
138 220
220 440
127 221
142 221
221 395
93 222
137 222
139 222
140 222
142 222
144 222
149 222
152 222
205 222
222 341
93 223
137 223
139 223
140 223
142 223
144 223
149 223
152 223
93 224
130 224
137 224
139 224
140 224
142 224
144 224
149 224
152 224
224 316
224 317
224 319
224 320
224 329
224 337
224 339
224 340
224 341
224 342
224 343
224 428
224 481
125 225
225 293
225 299
225 331
225 356
225 357
225 376
225 388
225 417
225 421
225 431
225 449
225 457
225 542
136 226
137 226
138 226
156 226
157 226
192 226
214 226
226 307
226 325
226 356
226 357
226 459
226 489
226 494
227 289
227 291
227 296
227 316
227 317
227 321
227 328
227 329
227 331
227 334
227 345
227 356
227 374
227 376
227 377
227 379
227 380
227 381
227 391
127 228
126 229
138 229
229 440
130 230
231 290
231 293
231 295
231 431
231 449
136 232
137 232
138 232
150 232
156 232
157 232
192 232
214 232
232 459
232 546
130 233
127 235
125 241
102 242
130 242
138 242
161 242
242 317
242 361
242 362
242 363
242 440
242 470
242 522
68 90
68 92
68 93
68 94
68 101
68 102
68 111
68 117
68 122
124 125
125 126
125 134
125 136
125 137
125 138
125 139
125 140
125 141
125 142
125 143
125 144
125 145
125 146
125 147
125 148
125 149
125 150
125 151
125 152
125 153
125 154
125 155
125 156
125 157
125 158
125 159
125 160
125 161
125 162
125 163
125 164
125 165
125 166
125 167
125 169
125 171
125 172
125 174
125 177
125 179
125 182
125 183
125 187
125 189
125 190
125 191
125 192
125 202
125 243
125 244
125 245
125 246
125 247
125 248
125 249
125 250
125 251
125 252
125 253
125 254
125 255
125 256
125 257
125 258
125 259
125 260
124 127
126 127
127 133
127 134
127 136
127 137
127 138
127 139
127 140
127 141
127 142
127 143
127 144
127 145
127 146
127 147
127 148
127 149
127 150
127 151
127 152
127 153
127 154
127 155
127 156
127 157
127 158
127 159
127 160
127 161
127 162
127 163
127 164
127 165
127 166
127 167
127 169
127 172
127 175
127 177
127 179
127 182
127 183
127 187
127 189
127 191
127 192
127 203
127 246
127 249
127 258
127 271
127 272
127 273
127 274
127 275
127 276
127 277
127 278
127 279
127 280
127 281
127 282
127 283
127 284
127 285
127 286
127 287
206 289
245 289
280 289
281 289
289 336
289 342
206 296
245 296
280 296
281 296
296 336
296 402
296 530
136 316
137 316
138 316
156 316
157 316
168 316
169 316
171 316
172 316
176 316
192 316
202 316
203 316
205 316
206 316
245 316
246 316
251 316
265 316
267 316
271 316
274 316
275 316
278 316
280 316
281 316
282 316
300 316
316 336
316 352
316 353
316 364
316 407
316 452
316 461
316 471
316 491
316 497
316 510
316 511
316 512
316 513
136 317
137 317
138 317
152 317
156 317
157 317
168 317
169 317
171 317
172 317
176 317
192 317
202 317
203 317
204 317
205 317
206 317
245 317
246 317
251 317
265 317
266 317
267 317
271 317
274 317
275 317
278 317
280 317
281 317
282 317
300 317
317 336
317 352
317 353
317 360
317 364
317 407
317 452
317 461
317 471
317 491
317 497
317 510
317 511
317 512
317 513
318 512
136 319
137 319
138 319
156 319
157 319
168 319
169 319
171 319
192 319
245 319
246 319
319 338
319 396
319 397
319 398
319 401
319 452
319 497
319 511
319 512
169 320
171 320
205 320
245 320
246 320
320 452
320 497
320 511
320 512
206 321
245 321
280 321
281 321
321 336
169 322
323 347
136 324
137 324
138 324
156 324
157 324
168 324
192 324
214 324
142 326
178 326
281 326
206 327
206 328
245 328
280 328
281 328
328 336
169 329
171 329
172 329
176 329
202 329
203 329
205 329
206 329
245 329
246 329
251 329
265 329
267 329
271 329
274 329
275 329
278 329
280 329
281 329
282 329
300 329
329 336
329 352
329 353
329 364
329 407
329 461
329 471
329 491
329 497
329 510
329 511
329 512
329 513
330 458
206 331
245 331
280 331
281 331
331 336
332 338
206 334
245 334
280 334
281 334
291 334
294 334
312 334
334 336
334 535
293 335
335 431
335 449
335 452
335 544
134 336
206 336
336 345
336 350
336 426
336 448
169 337
171 337
245 337
246 337
337 452
337 497
337 511
337 512
90 124
124 129
124 130
124 133
124 149
124 154
124 159
124 162
124 165
124 167
124 168
124 191
124 192
124 195
124 196
124 197
124 198
124 199
124 200
124 202
124 203
124 204
124 205
124 206
124 208
124 209
124 212
124 213
124 214
124 215
124 216
124 217
92 126
126 129
126 130
126 133
126 138
126 148
126 153
126 156
126 161
126 199
126 208
126 213
126 261
126 262
126 263
126 264
126 265
126 266
126 267
126 268
126 269
126 270
129 134
130 134
133 134
134 376
134 381
134 419
134 457
94 136
101 136
102 136
129 136
130 136
133 136
136 154
136 156
136 159
136 161
136 197
136 198
136 199
136 200
136 208
136 264
136 272
136 277
136 314
136 342
136 349
136 361
136 362
136 363
136 366
136 376
136 377
136 379
136 393
136 395
136 397
136 418
136 420
136 431
136 438
136 451
136 470
136 472
136 485
136 522
136 523
136 524
94 137
101 137
102 137
129 137
130 137
133 137
137 154
137 155
137 156
137 159
137 161
137 198
137 200
137 208
137 243
137 272
137 277
137 342
137 349
137 361
137 362
137 363
137 366
137 376
137 377
137 379
137 393
137 395
137 397
137 418
137 420
137 431
137 438
137 451
137 470
137 472
137 485
137 522
137 523
92 138
94 138
101 138
102 138
129 138
130 138
133 138
138 154
138 156
138 159
138 161
138 198
138 200
138 208
138 261
138 265
138 272
138 277
138 342
138 349
138 361
138 362
138 363
138 366
138 376
138 377
138 379
138 393
138 395
138 397
138 418
138 420
138 431
138 438
138 451
138 470
138 472
138 485
138 522
138 523
138 525
138 526
129 139
130 139
133 139
129 140
130 140
133 140
140 197
140 262
140 314
140 527
129 141
130 141
133 141
129 142
130 142
133 142
142 144
142 151
142 168
142 196
142 245
142 297
142 298
142 313
142 344
142 347
142 364
142 368
142 375
142 490
142 496
142 519
129 143
130 143
133 143
93 144
129 144
130 144
133 144
144 270
144 341
144 505
129 145
130 145
133 145
145 147
145 149
145 243
145 393
145 469
129 146
130 146
133 146
129 147
130 147
133 147
135 147
147 292
129 148
130 148
133 148
129 149
130 149
133 149
149 394
129 150
130 150
133 150
93 151
129 151
130 151
133 151
151 196
151 394
151 395
94 152
102 152
129 152
130 152
133 152
152 161
152 264
152 314
152 361
152 362
152 363
152 470
152 508
152 521
152 522
129 153
130 153
133 153
153 155
153 243
153 262
153 263
153 264
129 154
130 154
133 154
154 156
154 157
154 192
154 202
154 203
154 260
154 271
154 284
154 287
129 155
130 155
133 155
94 156
101 156
102 156
129 156
130 156
133 156
156 157
156 159
156 161
156 192
156 198
156 200
156 208
156 214
156 272
156 277
156 291
156 294
156 312
156 342
156 349
156 361
156 362
156 363
156 366
156 376
156 377
156 379
156 393
156 395
156 397
156 418
156 420
156 431
156 438
156 451
156 459
156 470
156 472
156 485
156 522
156 523
156 536
94 157
101 157
102 157
129 157
130 157
133 157
157 159
157 161
157 198
157 200
157 208
157 272
157 277
157 290
157 293
157 295
157 342
157 349
157 361
157 362
157 363
157 366
157 376
157 377
157 379
157 393
157 395
157 397
157 418
157 420
157 431
157 438
157 451
157 470
157 472
157 485
157 522
157 523
157 537
129 158
130 158
133 158
158 206
158 290
158 293
158 295
158 538
122 159
129 159
130 159
133 159
159 192
159 261
159 495
159 496
129 160
130 160
133 160
129 161
130 161
133 161
161 192
161 204
161 265
161 266
161 360
129 162
130 162
133 162
129 163
130 163
133 163
163 205
129 164
130 164
133 164
129 165
130 165
133 165
129 166
130 166
133 166
129 167
130 167
133 167
129 177
130 177
133 177
177 437
177 438
177 439
177 446
177 470
129 179
130 179
133 179
129 191
130 191
133 191
94 192
101 192
102 192
129 192
130 192
133 192
192 198
192 200
192 208
192 272
192 277
192 342
192 349
192 361
192 362
192 363
192 366
192 376
192 377
192 379
192 393
192 395
192 397
192 418
192 420
192 431
192 438
192 451
192 470
192 472
192 485
192 522
192 523
245 338
295 338
311 338
338 431
338 475
169 339
171 339
245 339
246 339
339 452
339 497
339 511
339 512
169 340
171 340
197 340
198 340
199 340
200 340
245 340
246 340
340 452
340 497
340 511
340 512
169 341
171 341
196 341
197 341
198 341
199 341
200 341
245 341
246 341
313 341
341 364
341 368
341 452
341 497
341 511
341 512
341 520
169 342
171 342
245 342
246 342
290 342
291 342
293 342
294 342
295 342
298 342
304 342
312 342
342 345
342 356
342 357
342 452
342 478
342 497
342 511
342 512
169 343
171 343
245 343
246 343
290 343
293 343
295 343
343 375
343 446
343 452
343 497
343 511
343 512
343 533
280 344
344 366
206 345
245 345
280 345
281 345
293 345
345 385
345 418
345 420
345 431
345 449
345 451
345 452
345 453
345 481
245 346
346 438
346 470
346 538
302 347
347 348
347 418
347 463
347 481
206 348
348 534
122 349
214 349
261 349
349 495
349 496
206 350
350 452
351 452
351 541
291 352
352 374
352 376
352 377
352 391
292 353
353 357
353 417
353 419
355 430
170 356
356 430
356 452
170 357
357 430
357 452
281 358
93 291
172 291
197 291
198 291
199 291
200 291
202 291
270 291
274 291
275 291
291 402
291 451
291 461
291 507
291 511
291 513
291 521
373 497
171 374
172 374
176 374
202 374
205 374
251 374
267 374
274 374
275 374
374 461
374 471
374 511
374 513
173 375
266 375
375 395
375 406
375 448
375 511
375 514
172 376
178 376
202 376
203 376
265 376
271 376
274 376
275 376
287 376
360 376
376 399
376 461
376 484
376 511
376 513
172 377
202 377
205 377
274 377
275 377
377 396
377 397
377 398
377 401
377 461
377 511
377 513
92 378
122 378
378 511
170 379
202 379
260 379
379 509
176 380
171 383
384 439
111 389
209 389
389 439
389 448
389 497
389 515
390 415
390 448
172 391
178 391
202 391
274 391
275 391
391 461
391 511
391 513
174 205
205 248
205 279
205 294
205 419
205 457
205 468
205 469
205 479
205 512
278 292
278 417
278 419
278 450
130 365
365 418
365 437
365 438
365 439
365 441
365 446
365 481
365 499
365 540
130 369
135 393
168 393
202 393
260 393
284 393
292 393
292 402
294 402
299 402
312 402
402 445
402 473
406 437
406 438
406 439
406 446
407 546
408 437
408 438
408 439
408 446
280 409
172 292
176 292
203 292
292 497
245 415
415 427
172 417
176 417
203 417
417 497
203 418
245 418
271 418
287 418
396 418
397 418
398 418
401 418
418 529
172 419
176 419
203 419
290 419
293 419
295 419
419 497
419 534
168 420
260 420
420 497
111 427
209 427
427 439
427 497
427 515
94 295
169 295
250 295
262 295
263 295
264 295
295 314
295 439
295 449
295 506
281 301
430 436
169 431
203 431
204 431
250 431
268 431
271 431
287 431
431 449
431 450
431 514
431 515
431 528
432 437
432 438
432 439
432 446
171 294
176 294
251 294
267 294
275 294
294 451
294 471
170 438
171 438
203 438
209 438
266 438
268 438
271 438
287 438
171 451
312 451
451 548
171 468
176 468
251 468
267 468
275 468
468 471
171 469
176 469
197 469
198 469
199 469
200 469
251 469
267 469
274 469
275 469
394 469
469 471
171 470
203 470
204 470
266 470
268 470
271 470
287 470
360 470
470 514
458 471
471 479
471 547
171 472
203 472
271 472
284 472
287 472
439 472
246 476
171 479
176 479
178 479
251 479
267 479
275 479
300 531
448 498
447 480
245 481
206 483
457 484
459 484
484 490
396 485
397 485
398 485
401 485
485 503
487 512
169 488
129 217
129 262
129 265
129 267
129 269
129 313
129 314
130 180
130 196
130 204
130 215
130 247
130 252
130 266
130 271
130 276
130 281
130 286
130 313
130 359
130 360
130 361
130 362
130 363
130 364
130 366
130 367
130 368
130 370
130 371
94 133
111 133
122 133
133 195
133 200
133 216
133 261
133 264
133 268
133 314
133 364
133 398
133 399
133 495
133 496
178 312
178 457
199 206
206 246
206 276
251 496
251 535
297 395
122 366
261 366
366 495
366 496
366 504
168 395
203 395
271 395
284 395
287 395
395 490
395 509
246 452
246 459
282 459
364 459
459 510
459 513
246 490
282 490
364 490
490 510
490 513
111 491
246 491
492 512
500 511
111 455
169 309
170 437
170 439
170 440
170 446
170 541
171 444
173 544
102 204
204 293
204 361
204 362
204 363
204 449
204 522
209 437
209 439
209 446
209 498
102 266
266 361
266 362
266 363
266 437
266 439
266 446
266 522
268 293
268 437
268 449
268 533
279 530
198 398
208 398
277 398
361 398
398 523
290 439
293 439
439 453
439 514
290 449
293 449
449 450
449 514
449 515
293 450
497 501
511 540
293 514
293 515
94 168
122 200
122 272
122 277
122 363
200 261
261 272
261 277
261 299
261 363
200 495
272 495
277 495
363 495
200 496
272 496
277 496
363 496
361 516
196 197
197 290
196 198
198 202
198 290
198 396
198 397
198 401
196 199
199 290
196 200
200 265
200 290
200 539
94 243
101 243
102 243
243 394
92 299
265 299
277 396
277 397
277 401
277 502
101 202
102 202
202 397
172 447
176 440
94 262
101 262
102 262
262 264
262 290
262 314
262 394
263 290
263 394
264 394
290 314
135 196
364 528
93 135
135 394
208 214
214 362
214 397
361 532
102 360
360 361
360 362
360 363
360 522
399 457
208 401
361 401
401 523
363 543
208 396
361 396
363 396
396 523
208 397
361 397
397 523
399 545
299 539
440 529
363 526
267 548
275 545
282 536
