1 3
1 471
1 886
1 972
1 992
1 1000
2 3
3 5
3 6
3 88
3 113
468 471
469 471
470 471
471 472
471 474
20 886
883 886
884 886
885 886
886 887
886 888
969 972
970 972
971 972
972 973
972 974
972 975
535 992
892 992
989 992
990 992
992 994
2 1000
122 1000
387 1000
998 1000
999 1000
2 5
2 133
2 345
2 646
2 666
2 999
5 6
5 7
5 418
89 133
130 133
131 133
132 133
133 134
133 135
133 136
133 707
131 345
213 345
342 345
343 345
344 345
345 427
345 545
346 646
643 646
644 646
646 648
646 851
663 666
665 666
666 668
666 669
30 999
384 999
491 999
495 999
996 999
997 999
998 999
4 6
6 7
6 8
6 9
6 798
52 88
85 88
86 88
87 88
88 89
88 90
88 91
110 113
111 113
112 113
113 115
113 599
113 609
4 7
4 517
7 9
7 10
7 61
7 412
379 517
514 517
515 517
517 518
517 519
415 418
416 418
417 418
418 419
418 420
418 588
418 994
8 9
8 10
8 11
8 913
9 12
9 272
9 286
796 798
797 798
798 799
798 800
798 995
10 11
10 12
10 38
59 61
61 62
61 821
106 412
385 412
409 412
410 412
411 412
412 688
11 13
11 14
11 168
11 664
347 913
739 913
843 913
910 913
911 913
913 914
12 15
12 22
12 710
194 272
269 272
270 272
271 272
272 273
272 275
272 403
272 583
86 286
224 286
283 286
285 286
286 287
286 675
35 38
37 38
38 39
38 41
38 348
13 14
13 16
13 540
13 989
14 15
14 16
14 39
14 177
14 848
14 960
165 168
166 168
167 168
168 170
168 821
168 938
332 664
664 665
664 667
15 16
15 17
15 18
20 22
22 24
22 25
22 188
22 593
120 710
516 710
708 710
710 711
710 912
16 17
16 18
16 165
328 540
540 827
323 989
971 989
986 989
987 989
37 39
39 40
39 139
39 158
39 859
174 177
175 177
176 177
177 179
177 180
177 638
177 754
177 973
684 848
845 848
847 848
848 850
848 953
63 960
776 960
931 960
957 960
958 960
959 960
17 18
17 19
17 20
18 19
18 20
18 21
162 165
163 165
164 165
165 166
165 167
19 20
19 21
19 504
19 767
20 203
20 967
21 24
21 862
21 887
501 504
503 504
504 507
504 508
504 672
764 767
766 767
767 769
767 770
200 203
201 203
203 204
203 205
203 206
203 405
203 524
964 967
965 967
966 967
967 968
967 969
967 970
24 26
24 27
24 163
24 822
24 869
274 862
460 862
859 862
861 862
862 863
862 864
862 865
658 887
884 887
885 887
887 888
887 890
25 28
25 363
25 786
185 188
187 188
188 189
188 191
590 593
591 593
592 593
593 594
593 595
593 596
593 658
23 127
23 321
23 707
126 127
127 128
127 129
127 130
127 861
251 321
318 321
319 321
321 322
321 434
704 707
705 707
706 707
707 708
707 953
707 961
26 230
26 242
26 360
26 840
27 29
27 237
27 600
160 163
161 163
163 164
163 860
630 822
820 822
821 822
822 823
822 824
822 825
214 869
393 869
575 869
866 869
869 870
869 872
869 927
28 29
28 30
28 31
239 363
313 363
361 363
362 363
363 365
363 439
785 786
786 787
786 788
786 789
227 230
229 230
230 231
230 232
230 486
230 783
102 242
239 242
240 242
241 242
242 245
242 289
357 360
358 360
359 360
360 362
360 365
123 840
365 840
434 840
441 840
474 840
837 840
838 840
840 841
840 843
29 30
29 31
29 32
29 341
234 237
235 237
236 237
237 238
237 239
237 240
598 600
599 600
600 602
600 603
600 766
600 980
30 32
30 33
31 32
31 33
31 34
31 403
32 35
32 263
32 647
32 950
338 341
339 341
340 341
341 344
341 402
33 34
33 35
33 36
33 140
34 37
34 217
34 414
34 868
34 900
400 403
401 403
402 403
403 654
35 36
35 58
261 263
262 263
263 265
263 266
263 962
375 647
645 647
647 648
647 649
647 650
138 950
947 950
948 950
949 950
950 952
950 953
36 37
36 299
36 837
69 140
112 140
138 140
139 140
37 180
37 953
214 217
215 217
216 217
217 219
217 220
217 247
217 369
217 579
411 414
413 414
414 415
414 416
414 417
865 868
867 868
868 870
868 871
306 900
876 900
898 900
899 900
55 58
56 58
57 58
58 59
58 60
58 419
296 299
297 299
298 299
299 300
299 301
299 302
299 673
576 837
835 837
836 837
837 838
837 839
179 180
180 181
180 473
180 895
327 953
40 41
41 43
41 44
41 598
41 753
346 348
347 348
348 349
348 350
348 351
40 42
40 43
136 139
138 139
139 142
139 241
156 158
157 158
158 160
158 214
368 859
757 859
42 43
42 327
42 409
42 523
43 44
43 45
43 46
43 954
44 45
44 46
44 47
44 98
44 933
421 598
595 598
596 598
597 598
598 993
622 753
751 753
753 755
753 872
324 327
326 327
327 329
327 381
407 409
409 411
409 422
409 845
520 523
521 523
522 523
523 524
523 525
523 526
523 622
45 46
45 47
45 809
45 942
46 48
46 49
46 765
137 954
328 954
580 954
951 954
954 955
954 956
47 48
47 50
47 215
47 245
47 726
95 98
96 98
98 100
98 222
98 815
746 933
932 933
933 934
933 936
616 809
806 809
807 809
808 809
809 811
809 812
206 942
233 942
584 942
940 942
941 942
48 51
48 832
48 947
49 50
49 51
49 52
49 923
229 765
462 765
602 765
762 765
763 765
765 766
50 51
50 52
50 271
215 871
215 877
243 245
244 245
245 248
245 323
245 391
245 543
245 811
68 726
290 726
541 726
634 726
723 726
724 726
726 727
726 728
51 52
51 53
51 450
143 832
752 832
830 832
831 832
832 833
362 947
944 947
945 947
946 947
947 948
947 949
52 53
52 55
52 73
52 380
211 923
592 923
920 923
921 923
922 923
923 925
268 271
269 271
270 271
271 274
271 350
271 559
53 54
53 55
53 507
60 450
212 450
447 450
448 450
449 450
450 453
450 531
450 538
54 55
55 56
55 57
55 157
55 784
70 73
71 73
72 73
73 74
73 75
73 331
73 479
73 911
378 380
379 380
380 381
380 383
380 812
54 56
54 57
505 507
506 507
507 508
507 509
507 510
56 59
56 315
56 424
56 965
57 59
57 60
57 907
154 157
156 157
157 366
252 784
782 784
784 785
59 60
59 62
313 315
314 315
315 317
315 318
421 424
424 425
424 631
424 662
916 965
962 965
964 965
965 966
60 62
60 63
60 733
239 907
861 907
905 907
907 909
197 419
383 419
416 419
417 419
419 422
419 648
62 63
62 65
62 988
63 64
63 65
63 66
63 551
63 785
402 733
730 733
731 733
733 734
733 735
733 736
199 821
819 821
820 821
821 823
65 66
65 68
65 149
65 255
178 988
224 988
985 988
986 988
988 990
988 991
64 66
64 67
64 402
66 68
66 69
66 404
66 516
548 551
551 766
551 870
366 785
644 785
782 785
785 788
67 68
67 69
67 70
399 402
400 402
401 402
402 404
402 713
68 70
68 71
146 149
147 149
148 149
149 151
149 152
149 723
81 255
252 255
253 255
254 255
255 257
255 258
69 70
69 71
69 72
150 404
401 404
404 405
404 407
500 516
513 516
514 516
516 518
516 557
516 851
516 968
70 71
70 72
71 74
71 711
72 74
72 75
74 76
74 77
74 571
74 752
708 711
711 712
711 713
711 714
75 76
75 78
75 426
330 331
331 333
331 334
238 479
476 479
477 479
478 479
479 480
479 637
805 911
908 911
909 911
910 911
911 914
76 77
76 78
76 79
76 834
77 78
77 79
77 80
77 773
568 571
569 571
570 571
571 572
571 574
571 898
613 752
749 752
750 752
752 754
752 914
78 79
78 80
78 81
78 82
423 426
425 426
426 428
426 429
426 682
79 80
79 81
79 82
530 834
672 834
831 834
833 834
834 835
834 883
80 81
80 83
80 96
770 773
771 773
772 773
773 774
773 775
81 82
81 84
81 278
82 84
82 339
83 84
83 85
83 181
83 577
83 876
93 96
94 96
95 96
96 97
96 865
84 86
84 87
84 178
84 246
84 721
275 278
276 278
277 278
278 370
278 395
278 807
107 339
254 339
337 339
338 339
339 342
85 86
85 459
85 936
179 181
181 184
181 853
574 577
575 577
576 577
577 578
577 579
577 580
577 812
577 838
624 876
874 876
875 876
876 878
86 87
86 944
87 89
87 918
175 178
178 179
178 501
243 246
246 249
246 511
555 721
718 721
719 721
720 721
721 723
721 724
456 459
457 459
458 459
459 461
459 462
459 481
459 498
817 936
906 936
934 936
935 936
936 937
936 939
332 944
354 944
616 944
941 944
943 944
89 90
89 91
916 918
917 918
918 919
918 920
918 921
90 92
90 190
90 229
90 677
90 878
91 92
91 93
91 94
91 358
92 93
92 94
92 95
92 435
187 190
189 190
190 191
190 192
190 193
226 229
227 229
228 229
676 677
677 678
677 679
677 740
186 878
877 878
878 879
93 438
93 557
94 95
94 613
94 858
355 358
356 358
357 358
358 359
95 97
107 435
432 435
433 435
434 435
435 437
146 438
231 438
302 438
436 438
438 514
438 690
273 557
554 557
557 579
557 898
610 613
611 613
612 613
613 614
613 615
613 616
663 858
819 858
855 858
856 858
857 858
858 860
97 425
97 485
97 575
97 689
97 997
310 865
864 865
865 866
865 867
865 930
422 425
423 425
425 428
425 792
453 485
482 485
484 485
485 486
485 704
485 998
572 575
573 575
575 638
686 689
687 689
688 689
689 690
689 691
689 692
689 823
689 890
983 997
995 997
996 997
99 100
100 101
100 102
100 103
220 222
221 222
222 224
222 225
222 956
334 815
737 815
813 815
815 818
99 101
99 102
101 103
101 104
101 568
102 103
102 105
102 621
102 640
103 104
103 148
103 607
103 749
103 816
104 105
104 106
104 107
104 427
104 714
565 568
566 568
567 568
568 569
568 663
105 106
105 107
105 839
618 621
619 621
620 621
621 622
621 624
621 696
621 975
640 641
640 643
145 148
146 148
148 150
604 607
605 607
606 607
607 608
607 609
607 610
382 749
528 749
537 749
746 749
747 749
749 750
749 751
749 897
641 816
813 816
816 817
816 873
106 107
106 108
106 109
106 896
107 342
107 453
107 678
107 742
107 746
427 429
427 984
477 714
525 714
714 715
193 839
836 839
838 839
839 841
839 842
108 109
108 111
108 112
108 583
109 110
109 111
109 543
109 956
117 896
596 896
712 896
893 896
894 896
895 896
896 897
340 342
342 343
453 455
241 678
676 678
678 679
678 680
678 681
741 742
742 744
742 745
742 760
284 746
743 746
745 746
746 748
110 111
111 134
111 413
111 761
110 112
112 114
112 115
112 717
112 849
581 583
582 583
583 584
541 543
542 543
543 544
543 546
543 592
543 850
955 956
956 958
956 959
132 134
134 135
134 136
134 137
411 413
413 415
413 873
301 761
336 761
758 761
759 761
761 763
761 844
114 116
114 117
114 549
114 852
114 917
115 116
115 117
115 118
519 717
717 720
627 849
787 849
788 849
846 849
847 849
849 850
599 601
284 609
464 609
606 609
608 609
609 611
609 612
116 117
116 119
116 812
117 119
117 176
117 273
117 573
117 654
117 660
546 549
547 549
548 549
549 552
549 629
850 852
852 853
852 855
369 917
460 917
914 917
915 917
916 917
917 920
118 120
118 121
118 186
118 361
119 120
119 121
119 122
810 812
811 812
812 814
173 176
174 176
175 176
176 179
176 683
273 276
273 376
273 682
570 573
572 573
573 574
651 654
652 654
653 654
654 656
654 657
654 795
654 994
368 660
657 660
659 660
660 661
660 663
660 902
120 121
120 983
121 122
121 123
121 192
121 221
183 186
185 186
186 187
186 635
186 893
361 362
361 364
361 442
122 123
122 124
122 155
122 302
374 983
981 983
982 983
983 985
983 986
123 124
123 125
123 126
189 192
191 192
192 195
192 257
192 685
219 221
220 221
221 223
221 224
124 125
124 126
124 304
124 352
124 756
152 155
153 155
155 335
155 683
300 302
301 302
302 305
302 794
125 126
125 128
125 914
126 129
126 986
303 304
304 305
304 306
304 307
304 423
349 352
350 352
351 352
352 353
352 727
755 756
756 757
756 980
128 129
128 130
128 131
128 480
912 914
914 915
129 130
129 131
129 448
129 514
783 986
968 986
984 986
985 986
986 987
130 131
130 132
191 861
860 861
861 863
131 234
131 502
131 845
477 480
478 480
480 482
480 483
445 448
447 448
448 451
511 514
513 514
514 515
132 135
231 234
232 234
233 234
234 235
234 236
499 502
501 502
502 503
502 505
842 845
843 845
845 846
845 847
135 136
135 138
135 674
136 393
136 905
137 138
137 195
137 329
137 428
137 451
138 141
318 674
671 674
673 674
674 675
674 676
674 781
390 393
391 393
393 394
393 396
393 764
337 905
902 905
904 905
905 906
905 908
193 195
194 195
195 196
195 198
329 330
329 385
329 801
329 831
152 428
428 430
449 451
451 452
451 454
451 656
451 720
141 142
141 143
141 144
141 204
141 912
142 143
142 144
142 145
239 241
240 241
241 244
143 144
143 145
143 146
143 170
143 506
144 145
144 146
144 147
144 669
201 204
202 204
204 205
204 207
204 406
476 912
909 912
910 912
912 915
145 146
145 147
145 500
146 147
167 170
169 170
170 172
170 173
503 506
505 506
506 509
147 284
147 346
147 528
174 669
649 669
667 669
668 669
669 670
187 500
499 500
281 284
282 284
284 287
284 614
343 346
344 346
346 349
525 528
527 528
528 529
528 531
528 715
150 152
150 153
151 152
151 153
151 154
152 153
152 154
152 867
720 723
722 723
723 724
723 725
153 154
153 156
154 156
154 538
154 782
464 867
867 870
156 159
156 289
501 538
535 538
536 538
538 539
538 795
538 981
481 782
780 782
782 783
333 335
334 335
335 336
335 337
335 338
335 539
454 683
474 683
680 683
682 683
683 684
159 160
159 161
159 162
159 306
227 289
265 289
288 289
289 290
289 291
289 964
364 366
365 366
366 367
366 368
366 857
160 161
160 162
160 866
211 214
212 214
214 373
214 796
161 162
161 164
162 164
162 515
162 998
303 306
306 308
306 442
430 866
631 866
863 866
864 866
164 166
164 167
512 515
515 518
515 576
515 720
996 998
606 860
166 167
166 169
167 169
167 410
167 512
169 171
169 172
407 410
408 410
410 411
410 754
509 512
510 512
511 512
512 513
512 574
644 938
935 938
937 938
938 939
938 941
171 172
171 173
171 174
171 898
171 904
172 173
172 174
172 175
173 231
173 283
173 805
173 915
174 198
895 898
897 898
898 901
898 961
408 904
903 904
904 906
228 231
231 232
280 283
281 283
283 970
333 805
802 805
803 805
804 805
805 806
805 808
915 916
196 198
197 198
198 199
198 200
198 429
179 182
179 977
635 638
636 638
637 638
638 639
638 780
470 754
754 757
970 973
971 973
973 974
973 976
498 501
501 939
182 183
182 185
182 587
182 902
534 977
650 977
667 977
728 977
836 977
974 977
975 977
976 977
977 979
470 473
472 473
473 474
473 475
228 895
385 895
894 895
895 897
183 184
184 185
184 291
184 421
850 853
853 854
853 855
853 856
183 511
183 539
183 594
183 663
183 728
185 187
185 262
185 522
293 587
584 587
585 587
586 587
587 588
244 902
702 902
899 902
901 902
902 903
902 971
508 511
509 511
510 511
536 539
539 541
591 594
594 595
594 597
420 663
661 663
662 663
589 728
725 728
728 729
288 291
290 291
291 292
291 293
291 294
420 421
421 422
421 957
187 259
260 262
261 262
262 264
262 332
262 452
519 522
520 522
521 522
522 525
431 635
632 635
633 635
634 635
635 636
635 637
635 709
249 893
383 893
890 893
891 893
892 893
201 259
256 259
258 259
259 260
259 362
189 191
189 197
189 349
191 193
191 285
191 437
196 197
197 199
197 207
347 349
349 350
193 196
282 285
285 287
334 437
434 437
436 437
437 439
437 440
254 257
257 260
257 330
257 760
682 685
684 685
685 686
685 687
685 688
685 920
194 196
196 199
196 392
194 301
300 301
301 303
301 729
199 200
199 201
199 256
389 392
390 392
391 392
392 395
392 554
205 207
206 207
207 209
207 626
200 201
200 492
429 431
429 881
201 202
254 256
256 258
256 305
369 492
489 492
490 492
491 492
492 493
492 494
492 987
202 205
202 889
205 206
205 208
461 889
888 889
889 890
889 892
206 208
206 209
405 406
405 407
359 524
381 524
521 524
524 526
406 407
406 408
208 209
208 210
208 994
209 210
209 211
209 212
623 626
624 626
625 626
626 628
626 629
626 982
210 212
210 436
210 454
210 787
769 994
844 994
991 994
993 994
211 213
212 213
433 436
436 439
436 903
452 454
454 455
454 457
787 788
787 789
787 790
787 924
213 216
213 533
216 218
216 219
530 533
531 533
532 533
533 534
533 535
533 536
533 814
372 373
373 374
373 376
373 447
373 727
292 796
489 796
794 796
796 797
796 799
870 871
871 872
871 874
616 877
874 877
877 879
218 219
218 220
218 818
219 252
219 420
219 873
220 223
244 247
247 248
247 249
247 750
367 369
369 370
499 579
578 579
579 580
579 581
308 818
388 818
563 818
817 818
818 939
249 252
250 252
251 252
252 253
252 254
417 420
420 422
420 423
336 873
694 873
223 224
223 382
223 624
223 650
223 691
224 225
224 227
224 235
225 226
225 227
225 228
379 382
381 382
382 384
529 624
559 624
622 624
624 625
648 650
649 650
650 651
650 820
639 691
688 691
690 691
691 692
691 693
691 694
226 227
232 235
235 236
235 238
235 389
226 228
226 937
559 937
934 937
937 939
232 233
465 486
483 486
484 486
486 488
486 489
486 781
486 847
781 783
783 811
233 629
233 675
233 835
462 629
628 629
629 630
629 632
629 795
672 675
673 675
675 676
282 835
461 835
833 835
835 838
835 857
236 238
236 239
236 556
238 240
238 959
386 389
387 389
388 389
389 929
239 530
239 603
553 556
554 556
555 556
556 558
556 559
240 243
959 961
959 962
527 530
529 530
601 603
603 604
603 606
243 244
243 312
244 535
309 312
310 312
311 312
312 313
312 314
532 535
534 535
535 544
535 825
248 249
248 250
248 251
248 901
320 323
322 323
323 324
323 326
388 391
390 391
808 811
810 811
811 813
811 814
249 250
249 251
295 750
748 750
750 751
250 251
250 531
250 875
251 253
251 254
351 901
899 901
531 619
872 875
874 875
875 939
875 995
253 254
253 880
254 982
462 880
880 881
880 883
979 982
980 982
981 982
982 985
258 260
258 261
258 588
303 305
305 308
305 814
260 287
260 641
260 713
328 330
330 332
757 760
758 760
759 760
760 762
760 763
261 969
585 588
586 588
588 589
588 590
359 362
362 365
287 288
287 290
639 641
641 642
641 643
641 644
641 819
332 713
712 713
713 716
713 897
763 969
769 969
966 969
969 970
969 971
264 265
264 266
264 267
332 416
359 452
265 267
265 268
266 267
266 268
266 487
802 962
828 962
961 962
962 963
267 268
267 270
267 932
267 980
268 269
268 270
268 995
484 487
487 488
487 489
487 490
487 496
269 270
270 320
270 727
712 932
929 932
931 932
932 934
932 935
978 980
979 980
980 981
781 995
993 995
317 320
318 320
319 320
320 322
320 619
724 727
725 727
727 729
274 275
274 276
274 462
347 350
350 353
558 559
559 561
559 562
275 276
275 649
275 894
276 277
276 279
374 376
375 376
376 377
376 378
376 379
376 580
376 716
578 682
645 682
679 682
680 682
681 682
682 970
431 462
461 462
462 465
462 537
648 649
649 651
649 882
891 894
892 894
277 279
277 280
279 280
279 281
279 282
280 281
280 282
367 370
368 370
370 371
370 372
394 395
395 396
395 397
395 398
804 807
806 807
807 808
807 991
281 282
282 294
282 735
292 294
293 294
294 295
294 296
294 297
294 465
732 735
734 735
735 737
735 738
968 970
970 971
611 614
612 614
614 615
614 617
288 290
290 292
290 340
627 964
661 964
961 964
292 293
337 340
338 340
340 343
293 295
293 296
295 297
295 546
295 813
295 825
296 297
296 298
296 326
297 298
297 300
464 465
465 467
532 546
544 546
545 546
546 547
364 813
823 825
824 825
825 827
298 300
298 310
298 508
324 326
325 326
326 328
300 303
307 310
308 310
505 508
508 509
508 510
508 555
670 673
671 673
672 673
673 700
729 730
729 732
729 925
791 794
792 794
793 794
794 795
794 797
307 308
307 687
307 952
422 423
423 574
423 919
308 961
566 814
743 814
814 817
439 442
440 442
441 442
442 444
442 445
442 725
684 687
686 687
687 688
687 690
949 952
951 952
952 955
952 976
958 961
309 311
309 788
309 810
311 313
311 314
311 381
788 789
788 790
313 314
313 890
314 316
314 317
314 661
378 381
379 381
381 384
888 890
890 892
316 317
316 318
316 926
317 318
317 319
658 661
659 661
318 536
924 926
925 926
926 927
926 928
926 929
319 322
534 536
536 537
322 324
322 325
616 619
617 619
618 619
619 931
431 434
432 434
433 434
324 325
324 836
325 328
325 731
789 836
833 836
328 461
449 731
730 731
731 732
731 734
458 461
460 461
461 519
461 637
383 385
384 385
385 387
385 718
799 801
801 803
801 804
808 831
829 831
333 334
415 416
416 417
336 337
336 338
336 963
578 963
963 966
343 344
344 347
542 545
544 545
545 548
351 354
351 694
353 354
353 355
353 356
354 356
354 934
692 694
693 694
694 695
694 945
355 356
355 357
356 357
356 359
356 526
766 934
789 934
357 359
525 526
526 527
526 529
364 365
365 367
364 367
439 440
367 368
368 371
615 857
632 857
639 857
854 857
855 857
856 857
371 372
371 374
371 620
372 374
372 375
374 377
374 736
617 620
618 620
620 622
620 623
375 377
444 447
445 447
446 447
447 755
377 379
377 470
377 883
570 736
734 736
736 737
736 738
736 739
378 379
378 741
580 582
580 779
715 716
716 718
716 719
467 470
468 470
469 470
470 472
881 883
882 883
883 884
883 885
739 741
740 741
741 743
384 386
384 658
386 387
386 388
655 658
657 658
387 390
387 520
718 720
388 390
518 520
519 520
520 521
928 929
929 930
929 931
552 554
553 554
554 555
394 396
394 906
396 397
396 398
396 399
396 564
762 764
764 766
882 906
903 906
906 908
906 909
397 398
397 477
397 618
398 399
398 401
398 709
399 400
399 625
399 966
477 564
561 564
562 564
563 564
564 566
474 477
475 477
477 478
615 618
616 618
617 618
618 751
400 401
706 709
708 709
709 712
709 850
525 625
623 625
625 628
966 968
407 408
408 639
636 639
639 751
422 737
686 688
688 819
415 417
645 648
648 651
617 957
715 957
844 957
955 957
463 737
734 737
737 739
737 740
483 574
572 574
574 882
703 919
916 919
919 921
628 631
630 631
631 632
631 633
631 634
659 662
662 665
550 792
789 792
790 792
791 792
792 793
792 795
829 984
984 985
430 431
430 433
430 476
879 881
881 882
881 884
432 433
475 476
432 457
432 740
455 457
456 457
457 855
740 743
440 441
440 443
690 693
441 444
443 444
443 445
443 446
444 445
444 446
445 446
724 725
446 489
446 776
488 489
489 490
679 776
705 776
774 776
775 776
776 778
776 779
755 758
653 656
655 656
656 659
656 945
719 720
720 722
455 456
455 458
456 458
458 460
854 855
855 856
855 939
460 566
481 482
497 498
498 499
498 722
565 566
566 567
518 519
519 521
606 637
634 637
636 637
497 537
463 464
463 466
463 657
464 467
466 467
466 591
466 597
466 827
467 468
467 469
589 591
590 591
591 592
595 597
596 597
597 910
806 827
824 827
826 827
827 828
827 830
827 951
468 469
469 472
472 474
472 475
475 478
478 602
478 738
478 921
602 604
602 605
602 628
602 793
627 738
738 739
920 921
921 922
921 924
482 483
482 484
483 484
701 704
703 704
704 705
488 490
488 491
778 781
779 781
780 781
846 847
490 491
490 493
490 563
490 826
493 496
494 496
495 496
496 497
496 499
496 780
496 930
491 493
491 494
493 494
493 495
560 563
561 563
562 563
563 565
547 826
823 826
824 826
826 828
494 495
494 497
494 699
935 987
985 987
987 990
495 497
497 802
497 968
698 699
699 700
699 701
699 744
499 590
778 780
779 780
780 841
927 930
928 930
930 931
799 802
800 802
802 803
670 968
863 968
968 971
719 722
722 724
589 590
590 592
939 940
939 941
503 732
505 681
670 732
680 732
730 732
732 824
671 672
679 681
680 681
681 833
681 958
509 510
510 513
552 555
553 555
513 838
518 521
851 854
622 916
527 529
529 532
715 985
541 544
542 544
544 547
544 830
793 795
795 797
978 981
979 981
592 739
547 548
828 830
829 830
830 833
548 550
550 552
550 553
552 553
552 804
763 766
696 870
870 872
803 804
558 560
558 561
560 561
560 562
561 562
562 565
562 829
565 567
828 829
567 569
567 570
569 570
569 572
569 897
879 882
882 884
578 581
581 582
581 584
582 584
582 585
684 779
693 779
778 779
584 586
585 586
586 589
659 739
595 596
595 856
854 856
908 910
909 910
990 993
991 993
993 996
601 604
601 705
604 605
604 606
703 705
705 708
705 800
605 608
605 951
790 793
791 793
606 608
608 610
608 703
819 951
948 951
949 951
610 611
610 612
701 703
702 703
703 706
611 612
612 615
612 702
615 616
700 702
701 702
616 817
616 846
817 819
843 846
844 846
748 751
777 931
909 931
928 931
623 774
695 696
696 697
696 854
974 975
975 976
975 978
748 774
771 774
772 774
774 775
774 777
627 630
630 633
632 633
633 634
633 636
633 668
665 668
668 671
642 643
643 644
643 645
642 644
642 645
644 645
651 652
651 653
652 653
652 655
653 655
655 791
790 791
943 945
945 946
945 948
665 667
667 670
697 700
698 700
700 701
676 679
679 680
680 777
775 777
777 797
955 958
692 693
692 695
693 695
695 697
695 698
697 698
697 899
698 701
743 744
744 745
744 747
706 708
771 800
797 800
799 800
800 803
922 925
925 927
925 928
743 745
745 747
745 748
747 748
747 828
775 828
872 874
757 759
757 772
758 759
759 762
770 772
772 775
762 763
842 844
768 769
769 770
769 771
768 770
770 948
768 771
946 948
948 949
797 799
841 842
841 843
789 790
922 924
924 927
803 806
806 808
808 927
927 928
842 843
863 864
864 943
940 943
941 943
943 946
943 990
879 971
884 885
885 888
888 891
891 892
908 909
940 941
946 949
974 976
976 978
976 979
978 979
