1 2
1 3
1 4
1 49
1 497
1 998
1 999
1 1000
2 5
2 184
2 998
2 999
2 1000
3 4
3 5
3 6
3 427
4 5
4 7
4 57
49 50
49 784
494 497
495 497
496 497
497 498
497 708
28 998
421 998
995 998
996 998
998 1000
997 999
999 1000
134 1000
554 1000
997 1000
5 6
5 7
5 8
5 254
109 184
182 184
184 185
184 187
184 717
6 7
6 8
6 9
6 36
6 375
425 427
426 427
427 428
427 429
7 8
7 9
7 10
7 777
54 57
55 57
56 57
57 58
57 59
57 323
57 886
57 966
8 9
8 11
8 88
8 177
33 254
254 257
254 438
254 921
9 11
9 12
9 311
33 36
36 37
36 38
36 314
36 443
36 896
372 375
373 375
374 375
375 376
375 378
10 12
10 13
10 459
10 469
774 777
775 777
777 778
777 779
11 12
11 13
11 14
11 939
44 88
85 88
87 88
88 89
88 91
88 961
175 177
177 178
177 180
177 191
12 14
12 213
12 572
12 674
308 311
310 311
311 312
311 313
311 314
311 597
311 602
13 14
13 15
13 16
13 512
13 523
13 582
220 459
435 459
456 459
457 459
459 462
459 996
466 469
467 469
468 469
469 470
469 471
14 15
14 16
14 17
468 939
483 939
667 939
936 939
937 939
938 939
939 940
939 942
210 213
211 213
212 213
213 214
213 215
213 216
483 572
569 572
570 572
572 573
572 575
136 674
210 674
503 674
635 674
672 674
673 674
674 677
15 16
15 17
15 18
16 17
16 18
16 869
292 512
509 512
511 512
512 514
126 523
520 523
521 523
522 523
523 524
523 525
523 878
355 582
579 582
581 582
582 583
17 18
17 19
17 20
17 448
17 536
18 19
18 21
18 278
18 492
18 494
463 869
559 869
848 869
867 869
868 869
869 871
869 882
19 20
19 21
19 22
20 21
20 22
20 23
271 448
349 448
447 448
233 536
472 536
534 536
535 536
536 538
536 539
21 22
21 23
21 60
21 511
276 278
277 278
278 279
278 281
147 492
489 492
490 492
491 492
492 493
492 495
493 494
494 495
494 987
22 23
22 24
22 25
23 24
23 522
23 531
23 902
58 60
59 60
60 62
60 63
60 651
60 820
464 511
509 511
510 511
24 26
24 27
24 355
24 645
24 825
25 26
25 27
25 28
519 522
520 522
522 524
522 525
172 531
529 531
530 531
531 532
531 974
899 902
902 903
902 904
902 905
26 27
26 28
26 29
27 29
27 224
27 814
352 355
353 355
354 355
355 356
355 357
355 358
355 910
355 993
642 645
644 645
645 647
645 648
645 776
68 825
764 825
822 825
824 825
28 30
28 428
29 30
29 31
29 32
222 224
223 224
224 225
224 226
224 227
224 485
257 814
329 814
811 814
812 814
813 814
814 816
814 817
30 32
30 33
30 148
406 428
425 428
428 429
428 441
428 650
31 32
31 33
31 225
31 348
31 972
32 33
32 35
32 541
33 34
33 180
33 931
145 148
146 148
147 148
148 149
148 277
148 335
148 508
131 225
223 225
225 670
225 894
59 348
345 348
346 348
347 348
348 683
348 731
348 996
621 972
919 972
969 972
970 972
971 972
972 973
972 974
35 37
35 736
35 794
35 954
138 541
538 541
539 541
540 541
541 543
541 544
541 855
541 979
34 37
34 412
34 729
178 180
179 180
180 181
180 752
100 931
624 931
929 931
930 931
931 934
37 38
37 40
37 290
56 412
410 412
411 412
412 413
412 415
412 530
294 729
721 729
726 729
729 730
729 732
286 736
359 736
697 736
733 736
734 736
735 736
736 737
736 739
792 794
794 795
794 796
794 797
794 823
794 884
546 954
951 954
953 954
954 955
954 957
954 964
38 39
38 40
38 41
38 591
312 314
314 316
314 754
440 443
441 443
442 443
443 445
443 446
893 896
894 896
895 896
896 897
896 899
39 40
40 42
40 43
40 273
287 290
288 290
290 291
290 292
290 293
39 41
39 42
41 43
41 44
41 720
309 591
590 591
591 593
591 594
42 43
42 44
42 234
42 473
43 44
43 800
43 811
270 273
271 273
272 273
273 274
273 275
273 276
44 45
44 47
44 179
467 720
717 720
719 720
720 721
720 722
232 234
234 235
234 236
234 237
234 333
471 473
472 473
473 475
473 476
601 800
727 800
797 800
799 800
800 802
800 803
808 811
809 811
811 812
811 813
45 46
45 47
45 48
45 220
45 903
46 47
47 48
47 50
47 891
179 537
46 748
46 889
48 50
48 51
48 600
48 707
150 220
217 220
219 220
220 398
115 903
196 903
673 903
900 903
504 748
745 748
748 749
748 751
748 843
118 889
886 889
887 889
889 890
889 892
889 901
50 51
50 52
50 257
50 318
50 481
50 682
570 891
589 891
888 891
891 893
891 894
51 54
51 463
51 543
51 667
56 600
597 600
599 600
600 601
600 602
600 603
606 707
704 707
705 707
706 707
707 709
707 710
707 756
303 784
781 784
782 784
783 784
784 785
784 787
784 816
52 53
52 55
52 826
118 257
255 257
256 257
257 331
257 537
316 318
317 318
318 321
318 505
481 484
481 898
679 682
680 682
681 682
682 684
682 685
682 826
53 54
54 55
54 56
460 463
461 463
462 463
463 464
463 685
130 543
258 543
310 543
542 543
543 546
550 667
664 667
665 667
666 667
667 669
667 670
667 990
53 55
53 56
53 766
55 56
55 58
349 826
823 826
826 827
826 828
56 58
56 138
763 766
764 766
765 766
766 767
766 802
766 887
58 59
58 61
135 138
138 503
138 941
59 61
59 62
59 934
181 323
322 323
323 324
323 368
194 886
513 886
566 886
592 886
884 886
885 886
886 888
649 966
963 966
965 966
966 968
966 969
61 63
61 64
61 176
61 513
61 787
61 944
62 63
62 64
62 65
932 934
933 934
934 935
934 937
63 64
63 65
63 66
452 651
649 651
650 651
651 652
651 653
651 654
651 796
658 820
817 820
820 822
820 914
64 65
64 67
64 137
64 169
64 951
173 176
174 176
176 178
176 601
176 875
286 513
510 513
513 832
136 787
173 787
716 787
785 787
787 789
741 944
941 944
942 944
943 944
944 945
65 66
65 67
65 534
66 67
66 68
66 144
66 535
66 721
67 68
67 69
67 70
67 189
135 137
136 137
137 140
137 226
137 293
137 895
166 169
167 169
169 171
169 172
169 549
948 951
951 952
480 534
532 534
534 537
534 724
68 69
68 71
68 454
143 144
144 146
144 559
532 535
533 535
535 537
535 538
535 555
320 721
385 721
718 721
719 721
721 724
69 70
69 72
69 132
69 727
69 911
70 71
70 73
70 363
70 527
70 798
186 189
187 189
188 189
189 190
189 191
189 983
71 72
71 74
71 219
71 507
71 739
451 454
452 454
453 454
454 455
454 456
454 457
454 996
72 75
72 79
72 319
72 599
72 871
129 132
130 132
131 132
132 133
132 134
132 135
132 952
205 727
724 727
908 911
909 911
911 912
911 914
73 74
73 76
73 298
73 728
360 363
363 364
363 366
363 675
363 957
525 527
526 527
527 528
527 529
249 798
795 798
797 798
798 799
798 801
74 246
74 357
74 462
74 681
74 817
74 983
216 219
217 219
219 221
244 507
505 507
507 508
507 509
507 510
507 875
424 739
737 739
738 739
739 740
739 741
75 76
75 77
75 78
76 79
77 79
79 80
79 81
316 319
319 320
319 407
349 599
530 599
597 599
598 599
599 602
599 791
388 871
870 871
871 873
871 874
871 908
76 77
76 78
76 580
295 298
297 298
298 299
298 301
298 912
373 728
726 728
728 731
728 969
243 246
246 248
246 249
246 586
246 890
168 357
209 357
357 359
357 360
460 462
461 462
462 464
462 830
580 681
680 681
681 683
742 817
113 983
456 983
589 983
980 983
981 983
982 983
983 985
77 78
77 542
78 199
78 238
78 725
78 731
78 895
472 580
577 580
579 580
396 542
539 542
542 544
542 545
542 854
542 964
198 199
199 200
199 202
199 901
199 968
235 238
236 238
237 238
238 239
238 240
238 949
182 725
487 725
500 725
722 725
723 725
724 725
725 726
243 731
548 731
730 731
731 734
221 895
393 895
893 895
894 895
895 897
80 81
80 82
80 83
80 397
81 82
81 83
81 84
81 285
81 498
82 83
82 85
82 837
83 84
83 85
83 86
394 397
396 397
397 398
397 764
84 86
84 87
84 270
268 285
282 285
283 285
284 285
285 287
285 288
210 498
276 498
495 498
496 498
498 499
498 500
85 86
85 87
85 480
141 837
718 837
834 837
835 837
836 837
837 839
837 840
837 992
86 87
86 325
86 374
86 946
87 671
87 749
154 270
267 270
268 270
269 270
270 271
270 272
216 480
422 480
477 480
478 480
479 480
480 483
322 325
325 326
325 328
371 374
372 374
373 374
374 376
374 377
374 962
103 946
218 946
746 946
894 946
943 946
945 946
946 947
415 671
562 671
669 671
671 673
222 749
746 749
747 749
749 750
749 752
89 90
89 91
89 447
89 907
91 92
91 93
91 145
648 961
958 961
960 961
961 963
961 964
90 93
90 239
90 791
444 447
445 447
447 449
447 672
843 907
904 907
905 907
906 907
907 908
907 909
92 93
93 94
93 95
93 96
93 789
239 240
239 241
239 399
304 791
788 791
789 791
790 791
791 792
791 877
92 94
92 95
92 172
142 145
143 145
145 146
145 147
94 95
94 96
94 97
95 97
95 98
95 653
171 172
172 174
172 175
96 97
96 99
96 359
654 789
786 789
788 789
789 792
97 99
97 100
97 286
97 657
98 99
98 100
98 101
313 653
502 653
650 653
653 883
653 916
99 100
99 369
99 540
356 359
358 359
359 360
359 362
359 877
100 103
100 413
100 656
100 884
100 918
284 286
286 287
286 288
183 657
654 657
655 657
656 657
657 658
657 659
657 732
101 102
101 104
101 361
101 703
366 369
367 369
368 369
369 370
369 371
369 372
388 540
537 540
538 540
539 540
540 702
102 103
103 105
103 106
103 940
411 413
413 415
413 769
413 882
655 656
656 659
656 697
881 884
882 884
883 884
884 885
917 918
918 919
918 921
102 104
102 537
104 105
104 106
104 583
358 361
360 361
361 618
361 695
361 803
361 928
632 703
700 703
701 703
703 704
703 705
703 716
161 537
537 538
105 106
105 107
105 108
105 877
106 107
106 232
106 508
937 940
938 940
940 941
940 942
940 943
316 583
581 583
583 585
583 586
107 108
107 306
107 393
107 528
107 882
108 109
108 111
108 962
120 877
875 877
876 877
877 880
877 910
229 232
231 232
232 233
232 235
244 508
296 508
505 508
506 508
508 509
508 510
303 306
304 306
305 306
306 307
306 308
306 309
390 393
392 393
393 396
391 528
525 528
526 528
528 530
493 882
559 882
635 882
879 882
880 882
881 882
882 885
109 110
109 111
111 112
111 113
111 114
111 637
959 962
960 962
962 964
962 965
110 113
110 120
110 422
110 628
113 114
113 183
113 595
113 968
117 120
118 120
119 120
120 121
120 123
120 203
420 422
421 422
422 639
626 628
627 628
628 629
628 630
628 631
112 115
112 439
112 860
112 861
114 115
114 117
114 204
114 808
292 637
635 637
637 638
637 640
115 116
115 117
115 118
188 439
436 439
437 439
439 440
439 442
521 860
584 860
857 860
858 860
859 860
860 861
860 863
860 987
252 861
743 861
859 861
861 862
861 863
181 183
182 183
183 186
592 595
593 595
594 595
595 596
595 598
965 968
967 968
968 969
968 970
968 971
117 118
117 119
201 204
204 205
204 207
149 808
313 808
659 808
700 808
806 808
807 808
808 810
116 118
116 119
116 763
118 121
119 121
119 122
760 763
761 763
762 763
763 764
763 765
121 122
121 124
121 834
122 123
122 124
122 125
122 218
122 775
123 124
123 126
123 334
200 203
201 203
202 203
203 205
203 206
124 125
124 127
124 360
124 702
780 834
831 834
833 834
834 835
834 836
125 126
125 501
125 847
215 218
217 218
218 221
218 470
772 775
773 775
774 775
775 776
126 127
126 129
126 149
126 631
258 334
296 334
332 334
333 334
334 335
334 336
127 129
127 130
127 400
127 785
358 360
360 362
391 702
699 702
701 702
702 704
702 705
499 501
500 501
501 502
501 503
501 504
619 847
844 847
846 847
847 848
847 849
847 850
128 129
129 130
129 131
146 149
149 151
149 152
149 170
305 631
338 631
630 631
631 632
130 131
130 133
321 400
398 400
399 400
400 403
400 824
578 785
782 785
783 785
785 786
785 788
128 131
128 214
128 715
131 133
131 134
131 920
211 214
212 214
214 215
214 216
214 744
712 715
713 715
714 715
715 717
715 718
715 830
133 134
133 135
133 136
133 315
134 136
134 302
134 505
134 564
134 928
134 989
283 920
917 920
920 921
920 923
135 136
135 259
558 952
569 952
803 952
949 952
950 952
952 953
136 139
136 524
312 315
315 757
315 801
299 302
300 302
301 302
302 303
302 926
207 505
503 505
504 505
505 554
505 906
561 564
564 566
564 567
564 879
533 928
925 928
927 928
928 929
928 930
230 989
793 989
900 989
986 989
988 989
989 990
256 259
259 261
259 262
139 140
139 141
139 142
139 776
156 524
197 524
521 524
524 526
140 141
140 142
140 265
140 282
140 828
223 226
226 227
226 229
291 293
293 294
293 296
502 503
503 504
503 756
938 941
941 942
141 142
141 143
142 143
142 909
401 776
437 776
776 779
263 265
264 265
265 266
265 267
265 925
279 282
280 282
281 282
282 284
407 828
827 828
828 829
828 830
828 831
143 146
143 207
143 330
853 909
906 909
908 909
909 912
146 147
146 248
205 207
207 209
207 734
207 761
207 964
327 330
328 330
329 330
330 331
330 332
420 559
556 559
558 559
559 560
559 562
559 771
147 150
245 248
247 248
248 249
248 250
150 151
150 152
150 153
150 618
274 277
275 277
277 279
277 280
332 335
335 336
335 338
335 696
151 152
151 153
151 440
151 979
152 153
152 155
152 388
167 170
170 173
170 475
170 885
153 155
153 156
153 530
388 618
615 618
616 618
617 618
618 619
618 621
437 440
438 440
440 441
440 442
474 979
786 979
976 979
977 979
979 980
979 982
155 156
155 157
155 158
155 897
342 388
388 835
154 156
156 157
156 158
156 159
529 530
530 661
154 349
154 835
346 349
347 349
349 351
349 352
690 835
832 835
833 835
835 838
835 971
157 159
157 160
157 942
158 159
158 160
158 161
897 898
897 900
159 160
159 161
159 162
160 161
160 162
160 200
160 333
160 571
160 634
365 942
942 945
161 162
161 164
161 644
162 163
162 164
162 165
162 251
197 200
198 200
200 997
331 333
332 333
333 336
461 571
568 571
569 571
570 571
571 573
571 593
632 634
633 634
634 635
634 636
163 164
164 165
164 166
164 167
164 399
642 644
643 644
644 646
644 647
644 759
163 165
163 354
163 636
163 978
165 166
165 168
165 258
165 788
249 251
250 251
251 252
251 253
351 354
352 354
353 354
354 356
633 636
636 638
636 639
300 978
919 978
976 978
977 978
978 980
978 981
166 167
166 168
167 684
399 434
168 171
168 687
256 258
258 260
258 261
258 617
258 880
684 788
786 788
788 790
788 894
683 684
684 686
684 687
684 698
171 287
171 585
685 687
686 687
687 688
687 689
687 690
192 549
546 549
547 549
549 550
549 552
549 815
173 174
173 175
475 477
475 478
560 885
885 887
287 288
287 289
584 585
585 586
585 588
585 854
585 992
174 175
174 562
174 750
175 178
175 490
175 747
253 562
560 562
561 562
562 563
562 565
242 750
698 750
747 750
750 751
178 181
178 762
488 490
489 490
490 491
490 493
490 723
744 747
745 747
746 747
350 601
601 602
601 603
601 858
874 875
875 878
188 191
190 191
191 192
191 193
191 194
191 708
191 716
181 182
759 762
760 762
761 762
762 764
762 765
762 812
410 752
625 752
751 752
752 753
752 754
752 755
752 967
182 866
303 866
864 866
865 866
866 868
185 186
186 187
186 188
186 773
185 187
185 188
187 188
187 190
714 717
717 718
717 719
188 324
188 441
770 773
772 773
773 774
190 192
190 193
190 471
190 704
190 872
322 324
324 326
324 327
324 863
438 441
441 442
192 193
192 195
192 859
193 195
193 196
193 371
471 472
471 722
704 705
704 829
704 850
870 872
872 873
872 874
194 195
194 197
321 708
705 708
706 708
708 709
708 711
708 987
605 716
713 716
716 718
716 898
195 196
195 197
195 198
856 859
857 859
858 859
859 862
196 198
196 411
196 565
368 371
370 371
371 372
371 373
197 198
197 430
198 917
408 411
409 411
410 411
411 414
411 563
563 565
565 566
565 567
420 430
429 430
430 635
914 917
915 917
916 917
917 919
201 202
202 205
202 281
243 901
692 901
898 901
899 901
900 901
901 904
390 997
806 997
994 997
995 997
201 697
694 697
696 697
697 698
205 206
205 208
205 518
279 281
280 281
281 283
281 284
281 408
206 208
206 209
206 395
206 467
206 669
208 210
208 211
208 761
515 518
516 518
517 518
518 520
518 839
209 210
209 598
209 801
392 395
394 395
395 396
395 398
465 467
466 467
467 468
467 470
666 669
669 670
415 734
691 734
732 734
733 734
734 735
606 761
758 761
760 761
252 964
210 211
211 212
367 598
446 598
451 598
596 598
799 801
801 802
801 803
801 804
212 914
310 914
493 914
912 914
913 914
215 216
215 217
216 217
231 744
741 744
743 744
744 842
217 779
778 779
779 780
779 782
221 358
221 709
468 470
470 472
470 899
396 398
398 444
356 358
358 648
358 929
706 709
709 710
709 711
709 712
222 304
222 990
301 304
304 305
313 990
987 990
988 990
990 992
990 993
223 768
767 768
768 769
768 771
227 228
227 229
227 230
482 485
484 485
485 486
485 488
485 818
328 670
670 673
229 230
229 231
228 230
228 231
228 608
228 613
228 985
230 231
230 233
230 458
230 630
230 695
231 602
605 608
607 608
608 609
608 610
608 898
610 613
611 613
613 614
613 615
613 639
416 985
491 985
982 985
984 985
985 987
233 235
233 236
455 458
456 458
457 458
458 460
458 461
458 829
627 630
630 632
630 959
692 695
693 695
694 695
695 698
695 992
602 603
602 605
235 236
235 237
236 237
236 517
236 588
237 240
237 812
464 517
514 517
515 517
517 519
517 520
243 588
586 588
588 590
588 973
240 241
240 242
240 243
240 893
809 812
810 812
812 813
947 949
948 949
949 950
241 243
241 244
241 955
242 243
242 245
242 772
243 532
892 893
244 255
244 547
719 955
793 955
953 955
955 956
955 958
245 247
245 415
245 587
769 772
771 772
529 532
532 533
253 255
255 256
255 554
545 547
546 547
547 548
547 550
247 249
247 250
414 415
415 416
415 418
438 587
516 587
587 590
249 250
249 252
249 345
584 586
586 589
698 890
887 890
888 890
890 892
890 922
250 252
250 253
252 253
342 345
343 345
344 345
345 346
253 256
253 387
253 876
385 387
386 387
387 389
387 390
487 876
873 876
874 876
876 878
876 879
876 915
435 438
436 438
438 668
438 846
438 883
919 921
921 922
921 923
921 924
274 554
551 554
553 554
554 557
328 331
329 331
331 332
331 419
331 892
260 261
260 262
260 263
260 604
261 262
261 263
261 264
614 617
615 617
616 617
617 620
878 880
879 880
880 881
262 263
262 264
262 461
263 264
263 786
603 604
604 606
604 607
604 892
264 266
264 267
460 461
461 464
266 267
266 268
266 269
266 309
267 268
267 269
925 927
268 269
268 874
269 271
269 272
307 309
308 309
309 312
873 874
271 272
271 693
271 821
272 274
272 275
272 548
692 693
693 694
693 696
514 821
818 821
819 821
821 822
821 823
821 930
274 276
274 625
274 691
275 276
275 892
545 548
548 550
276 279
276 870
623 625
624 625
625 626
625 745
625 923
688 691
690 691
691 692
279 280
867 870
280 283
283 515
283 936
284 450
405 408
406 408
407 408
408 409
408 646
515 516
515 981
394 936
935 936
449 450
450 451
450 452
450 453
288 289
288 291
288 796
289 291
289 292
289 722
291 292
291 294
332 796
756 796
793 796
795 796
292 295
292 603
722 945
294 297
294 300
294 464
294 743
295 296
295 297
603 605
603 640
603 658
296 299
296 401
296 452
297 299
297 783
299 300
300 303
464 465
464 594
740 743
741 743
742 743
743 745
743 746
299 301
401 403
449 452
451 452
380 783
652 783
780 783
781 783
782 783
783 806
301 303
386 912
432 912
910 912
912 913
912 915
303 305
307 926
466 926
924 926
926 927
305 307
305 308
307 308
307 310
308 310
310 312
310 624
312 313
621 624
623 624
313 712
710 712
711 712
712 713
712 714
316 317
751 754
753 754
754 755
754 756
754 757
321 757
755 757
757 758
757 759
757 760
317 320
317 474
317 677
320 322
320 589
426 474
472 474
474 476
486 677
675 677
676 677
677 679
677 680
321 453
404 407
405 407
407 409
566 589
589 592
451 453
453 455
453 456
365 368
366 368
368 370
326 327
326 328
326 329
327 328
327 329
862 863
863 864
863 865
328 329
328 643
640 643
641 643
643 646
643 758
417 419
418 419
419 420
419 421
419 993
336 338
336 339
336 919
338 340
338 341
688 696
694 696
696 698
337 339
339 341
339 342
339 675
806 919
916 919
337 764
337 781
337 851
544 764
764 765
764 767
764 855
764 865
778 781
705 851
832 851
848 851
849 851
850 851
851 852
851 853
340 341
340 342
340 456
341 342
341 343
341 344
341 552
342 344
342 488
342 923
672 675
675 678
455 456
456 457
343 344
343 993
344 347
344 661
551 552
552 553
552 782
486 488
487 488
488 489
488 491
487 923
922 923
923 960
689 993
732 993
991 993
993 995
346 347
347 381
660 661
661 663
661 664
378 381
379 381
381 382
381 383
381 384
680 683
683 685
683 686
652 996
823 996
994 996
995 996
351 352
351 353
350 352
352 353
352 827
350 353
353 356
824 827
827 830
356 793
790 793
792 793
793 795
793 818
793 967
646 648
647 648
648 650
819 929
830 929
927 929
929 932
362 365
362 818
362 927
576 803
803 805
365 366
365 367
365 404
769 818
815 818
816 818
924 927
927 930
364 366
364 367
364 862
366 367
366 767
956 957
957 958
957 960
367 370
367 466
409 862
575 862
855 862
862 865
402 404
403 404
404 406
404 641
765 767
767 769
767 839
370 372
370 373
465 466
466 468
372 373
373 376
376 377
376 378
376 379
376 765
377 378
377 379
377 380
378 379
378 380
378 500
379 382
379 426
380 382
380 383
500 502
382 384
382 385
382 526
423 426
424 426
425 426
426 429
383 385
383 386
383 460
384 385
384 386
384 437
384 679
385 386
525 526
526 529
386 924
457 460
460 810
434 437
435 437
436 437
437 446
676 679
678 679
679 938
829 924
922 924
389 391
389 392
389 612
390 391
390 392
391 392
391 394
392 394
609 612
610 612
611 612
612 615
612 688
612 937
394 396
442 444
444 445
444 446
431 434
432 434
433 434
434 435
434 436
402 403
403 406
403 491
403 718
822 824
402 405
402 986
405 406
668 986
984 986
986 987
406 409
489 491
491 493
592 718
718 719
638 641
640 641
641 642
409 410
646 649
410 888
887 888
414 416
414 417
499 563
560 563
561 563
563 740
416 418
416 852
416 864
417 418
417 420
417 730
418 420
418 421
849 852
850 852
852 853
852 854
852 855
864 865
420 504
730 732
421 424
421 509
502 504
504 740
423 424
424 958
509 606
638 639
639 640
639 642
639 830
423 654
652 654
654 655
654 701
956 958
958 959
958 960
429 431
429 760
647 650
649 650
650 652
431 432
431 433
758 760
759 760
432 435
433 435
433 436
435 436
435 857
856 857
446 723
581 668
665 668
666 668
844 846
845 846
846 848
805 883
881 883
442 445
442 810
442 829
445 948
445 991
807 810
479 829
829 830
945 948
947 948
948 950
486 991
855 991
988 991
991 992
723 724
449 451
672 673
455 457
478 830
689 830
830 832
685 688
465 468
592 594
593 594
594 906
468 557
556 557
557 558
557 560
770 899
899 900
476 478
476 479
476 770
477 478
477 479
477 980
478 479
479 482
479 584
770 771
977 980
980 982
482 483
482 484
581 584
483 486
484 486
484 487
486 487
486 714
713 714
489 506
506 790
493 495
495 758
984 987
496 499
499 502
753 756
755 756
756 915
593 740
738 740
740 741
873 906
904 906
905 906
790 792
510 546
510 664
606 607
544 546
662 664
663 664
664 665
514 516
533 832
831 832
832 833
516 519
981 984
519 520
519 521
520 521
836 839
838 839
839 840
839 842
521 845
843 845
844 845
845 848
878 881
529 629
529 737
616 629
626 629
627 629
629 632
735 737
737 738
574 974
970 974
971 974
973 974
974 976
974 977
689 724
724 726
538 539
553 555
555 556
555 558
555 976
544 545
853 855
854 855
545 609
816 854
853 854
854 856
607 609
609 610
609 611
550 551
550 553
813 815
815 816
551 553
553 556
556 558
556 662
558 705
711 976
973 976
975 976
659 662
660 662
662 663
560 561
771 774
566 568
566 569
567 568
567 569
567 570
568 569
568 570
570 573
573 574
573 575
573 576
573 774
590 593
593 950
575 576
575 577
575 578
574 577
574 938
576 577
576 578
576 579
577 578
577 579
935 938
937 938
578 579
578 581
579 581
590 592
970 973
971 973
592 632
592 804
802 804
804 805
804 807
686 950
947 950
596 778
596 937
778 780
868 937
935 937
856 858
605 607
638 640
640 642
655 658
658 659
607 610
610 611
611 614
614 615
614 616
615 616
686 688
688 982
616 619
619 621
619 622
620 621
620 622
620 623
621 622
621 623
622 623
622 833
622 842
623 626
831 833
833 836
652 842
840 842
841 842
842 843
842 844
626 627
626 849
742 745
745 746
848 849
956 959
959 960
633 841
838 841
840 841
841 843
841 844
642 836
836 838
647 649
652 655
726 916
913 916
915 916
916 953
699 701
700 701
659 660
732 733
732 735
660 663
663 665
663 666
665 666
666 755
753 755
673 676
673 943
676 678
943 945
678 680
678 900
686 689
698 699
698 746
689 799
690 692
982 984
797 799
799 802
699 700
746 805
700 843
809 843
840 843
848 850
710 711
710 713
711 713
713 780
945 947
969 970
733 735
735 738
738 741
741 742
742 913
913 915
802 805
805 806
805 807
751 753
965 967
967 970
865 867
802 963
813 816
816 819
792 795
795 797
822 823
960 963
963 965
807 809
819 822
930 933
838 840
853 856
867 868
868 932
932 933
932 935
905 908
904 905
953 956
953 975
933 935
933 994
994 995
975 977
