1 2
1 3
1 999
2 3
2 4
3 4
3 262
997 999
999 1000
4 6
4 371
4 413
260 262
261 262
262 263
262 386
5 6
6 7
6 8
369 371
370 371
371 373
371 839
411 413
412 413
413 414
413 415
5 931
929 931
930 931
931 932
931 933
7 8
7 177
8 9
8 10
175 177
176 177
177 178
177 981
177 996
9 10
9 116
9 818
10 11
10 12
10 890
71 116
114 116
115 116
116 117
116 118
116 711
816 818
817 818
818 819
11 13
11 603
12 13
12 14
888 890
890 891
13 14
13 15
47 603
601 603
602 603
603 604
603 605
603 801
14 15
14 219
14 786
15 17
15 575
218 219
219 220
781 786
784 786
785 786
786 787
786 788
17 18
17 19
573 575
574 575
575 576
575 577
16 18
16 135
16 254
16 365
18 20
18 788
133 135
135 137
135 421
135 846
252 254
253 254
254 483
254 910
363 365
364 365
365 367
19 20
19 21
20 21
20 22
787 788
788 789
788 790
21 22
21 23
21 409
22 23
22 24
23 24
23 25
407 409
408 409
409 410
24 25
24 258
25 27
25 144
257 258
258 259
258 260
26 27
27 28
27 727
27 767
142 144
143 144
144 146
144 510
26 28
28 29
28 30
28 226
350 727
162 767
765 767
766 767
767 768
29 30
29 31
29 720
30 31
30 32
30 837
225 226
226 227
31 32
31 687
31 826
718 720
719 720
720 721
32 33
32 34
32 679
835 837
836 837
837 839
407 687
685 687
686 687
687 688
687 719
606 826
824 826
825 826
826 827
33 34
33 35
33 547
34 35
34 36
34 143
34 523
677 679
678 679
679 680
35 36
35 37
546 547
547 549
547 728
36 37
36 38
141 143
142 143
521 523
522 523
523 524
523 805
37 38
37 39
37 410
38 39
38 40
39 40
39 41
408 410
410 412
410 599
40 42
40 205
40 291
40 401
41 42
41 255
41 526
42 43
42 743
42 747
204 205
205 206
94 291
290 291
291 293
153 401
399 401
400 401
401 402
253 255
255 257
255 939
524 526
525 526
526 985
43 44
43 896
339 743
741 743
742 743
743 744
743 745
745 747
746 747
747 749
44 46
44 146
44 183
206 896
894 896
895 896
896 897
896 898
46 47
46 105
145 146
146 147
146 269
146 381
181 183
182 183
183 184
45 47
45 510
47 49
508 510
509 510
510 511
510 512
103 105
104 105
105 106
105 107
48 49
49 50
49 51
48 50
48 252
50 51
50 52
50 830
250 252
251 252
51 52
51 53
51 79
51 392
52 53
52 54
828 830
829 830
830 832
53 55
53 683
78 79
79 81
79 605
196 392
390 392
391 392
392 393
392 814
54 56
54 673
55 56
55 57
681 683
682 683
683 684
683 685
56 268
56 423
56 780
671 673
672 673
673 674
673 675
57 58
57 59
266 268
268 269
268 270
422 423
423 424
423 425
778 780
779 780
780 996
58 59
58 60
59 60
59 61
60 61
60 62
61 63
61 469
62 63
62 929
63 64
63 65
378 469
467 469
469 470
469 471
927 929
928 929
929 930
64 65
64 348
64 503
65 66
65 67
346 348
347 348
348 711
501 503
502 503
503 504
503 505
66 67
66 68
67 68
67 69
68 69
68 70
69 70
69 71
70 71
70 72
70 356
71 72
72 73
72 74
72 705
354 356
355 356
356 357
356 595
73 582
73 589
74 75
74 310
705 707
582 583
582 584
587 589
588 589
589 590
589 591
75 76
75 77
308 310
310 311
310 312
76 77
76 78
77 78
77 777
78 80
775 777
777 778
777 779
80 81
80 82
80 217
81 82
81 83
81 181
81 711
604 605
605 607
82 160
82 761
82 928
215 217
216 217
217 218
217 887
83 85
83 986
181 840
710 711
158 160
159 160
160 161
160 162
160 581
760 761
761 763
761 962
926 928
927 928
928 930
84 85
85 86
85 87
774 986
985 986
986 987
986 988
84 775
118 775
774 775
775 776
86 87
86 88
87 88
87 89
88 89
88 90
89 90
89 267
89 340
90 91
90 92
265 267
266 267
267 921
338 340
339 340
340 376
340 421
91 92
91 93
92 93
92 94
92 534
93 94
93 95
93 722
94 95
94 96
532 534
533 534
534 535
95 418
95 495
559 722
721 722
722 723
722 976
96 97
96 98
139 418
416 418
417 418
418 419
418 420
494 495
495 496
495 497
97 98
97 99
98 99
98 866
99 100
99 101
865 866
866 867
866 868
100 101
100 102
100 536
101 102
101 103
102 103
102 104
102 897
535 536
536 537
103 104
104 106
895 897
897 899
106 107
106 108
106 212
107 108
107 109
107 846
108 109
108 110
210 212
212 214
109 110
109 111
159 846
726 846
844 846
845 846
846 847
110 111
110 112
111 112
111 113
112 114
112 695
113 114
113 115
113 755
114 115
114 312
693 695
694 695
695 696
695 697
695 975
115 117
668 755
754 755
755 757
256 312
311 312
312 314
117 118
117 119
118 119
119 120
119 121
119 799
120 121
120 122
120 596
121 122
121 123
797 799
798 799
799 800
122 123
122 442
122 638
228 596
594 596
595 596
123 124
123 125
415 442
440 442
441 442
442 444
442 923
636 638
637 638
638 639
124 125
124 126
125 126
125 127
126 127
126 692
127 128
127 995
691 692
692 693
692 694
128 129
128 130
198 995
432 995
994 995
129 130
129 131
130 131
130 132
131 192
131 625
132 133
132 134
190 192
191 192
192 193
192 194
192 945
623 625
624 625
625 626
625 627
133 134
134 136
134 685
136 137
136 209
136 542
141 685
684 685
137 138
137 139
419 421
420 421
421 422
207 209
208 209
209 210
209 457
209 708
293 542
540 542
541 542
542 543
138 139
138 140
138 200
139 325
139 520
140 141
140 142
198 200
200 202
200 949
323 325
325 326
325 327
518 520
519 520
520 521
141 142
145 147
145 597
147 148
147 149
597 598
269 270
269 271
269 861
379 381
381 758
381 908
148 149
148 150
149 150
149 151
149 417
150 151
150 152
151 152
151 153
300 417
416 417
152 153
152 154
153 154
153 541
154 156
154 193
405 541
539 541
540 541
155 156
156 157
156 158
191 193
193 194
193 195
193 297
193 889
155 166
164 166
166 549
166 754
157 158
157 159
157 730
157 877
158 159
158 773
159 466
159 974
730 732
875 877
876 877
877 878
877 965
353 773
619 773
771 773
772 773
465 466
466 517
972 974
973 974
974 975
161 163
161 577
162 163
162 402
162 887
580 581
581 583
163 164
163 165
576 577
577 578
577 579
400 402
402 403
753 887
885 887
886 887
164 165
165 167
165 698
167 168
167 169
286 698
696 698
697 698
698 700
698 701
548 549
549 550
549 551
752 754
753 754
754 756
168 170
168 522
168 891
169 170
169 253
169 661
170 171
170 172
170 294
521 522
522 524
889 891
891 892
659 661
660 661
661 663
171 172
171 173
172 174
172 765
172 796
172 921
293 294
294 663
294 967
173 174
173 175
174 175
174 176
174 690
174 852
763 765
764 765
765 766
765 857
794 796
795 796
796 798
919 921
920 921
921 922
175 176
176 178
176 498
336 690
688 690
689 690
764 852
852 854
178 179
178 180
496 498
497 498
498 500
979 981
981 983
686 996
994 996
996 997
179 180
179 276
180 565
180 984
274 276
276 277
276 278
563 565
564 565
565 566
565 567
281 984
529 984
983 984
984 985
984 988
838 840
839 840
840 841
182 464
182 499
182 811
463 464
464 465
224 499
497 499
499 501
499 854
809 811
810 811
811 812
184 186
184 412
185 186
186 187
186 188
411 412
412 414
185 187
185 487
185 849
187 188
187 345
379 487
485 487
486 487
487 488
847 849
848 849
849 942
188 189
188 190
343 345
344 345
345 346
345 347
189 190
189 191
189 305
190 191
303 305
304 305
305 307
305 958
194 195
194 908
943 945
944 945
945 946
195 197
195 628
295 297
296 297
297 299
888 889
493 908
907 908
908 910
197 198
197 199
626 628
627 628
628 629
628 630
196 198
196 251
198 792
249 251
250 251
199 201
199 315
790 792
791 792
792 793
792 794
201 202
201 203
313 315
314 315
315 316
315 317
202 204
202 968
947 949
949 950
203 204
203 333
203 555
204 206
500 968
966 968
967 968
968 969
968 970
331 333
332 333
333 335
333 631
553 555
554 555
555 556
555 557
206 208
207 208
208 210
207 388
387 388
388 390
210 211
455 457
456 457
457 459
706 708
707 708
708 709
708 710
211 213
211 861
213 214
213 215
859 861
860 861
861 862
214 215
214 216
215 216
216 218
218 220
218 441
220 221
220 222
220 783
439 441
441 776
441 823
221 222
221 223
222 223
222 224
782 783
783 784
223 224
223 671
223 807
224 225
224 955
669 671
671 672
558 807
806 807
807 809
225 227
953 955
954 955
955 991
227 228
227 229
228 229
228 230
229 230
229 959
230 231
230 514
230 957
959 960
959 961
231 232
231 233
231 517
513 514
514 515
514 516
717 957
956 957
957 958
232 233
232 234
233 234
233 235
233 328
309 517
515 517
516 517
517 518
234 235
234 384
235 236
235 237
235 982
327 328
328 330
383 384
384 385
384 386
236 238
236 527
237 238
237 239
237 880
805 982
982 983
238 239
238 240
525 527
527 528
527 529
239 240
239 241
878 880
879 880
880 882
240 241
240 242
241 242
241 243
242 243
242 244
243 244
243 246
244 245
244 246
245 246
246 247
246 248
246 926
245 247
247 248
247 249
247 655
248 249
248 250
924 926
249 250
653 655
654 655
655 657
250 342
323 342
341 342
342 586
481 483
482 483
483 484
483 952
909 910
910 912
256 257
257 259
937 939
939 940
939 941
259 260
259 261
260 261
261 263
263 264
263 265
368 386
385 386
386 387
264 265
264 266
265 266
270 271
270 599
271 272
271 273
598 599
599 600
272 273
272 274
273 274
273 355
274 275
353 355
354 355
355 357
355 545
275 277
275 561
277 278
277 279
277 544
559 561
560 561
561 563
561 742
278 280
278 317
278 855
279 280
279 281
543 544
544 960
280 281
280 521
316 317
317 318
317 319
853 855
855 856
281 282
281 283
519 521
282 283
282 284
283 284
283 285
283 593
284 286
284 816
284 850
285 286
285 287
591 593
592 593
593 595
593 980
286 287
286 990
816 817
850 851
287 288
287 289
287 670
988 990
989 990
990 991
288 289
288 290
288 468
289 290
289 952
668 670
669 670
670 800
290 292
467 468
468 470
950 952
951 952
952 954
952 976
292 293
292 987
828 987
985 987
987 989
662 663
663 664
663 703
965 967
966 967
967 969
295 296
295 801
296 298
800 801
298 299
298 300
298 440
299 300
299 301
300 302
438 440
439 440
440 858
301 302
301 303
302 303
302 304
303 304
304 306
306 307
306 308
306 932
307 308
307 309
956 958
958 960
308 309
930 932
932 934
309 311
311 313
313 314
314 316
314 971
316 318
316 491
969 971
970 971
971 973
318 319
318 717
490 491
491 493
319 320
319 321
607 717
715 717
716 717
320 321
320 322
321 322
321 323
322 323
322 573
322 863
323 324
571 573
572 573
573 574
862 863
863 993
324 326
324 860
326 592
326 956
859 860
860 862
327 691
590 592
591 592
592 594
644 956
691 693
329 330
330 331
330 632
329 331
331 676
493 632
630 632
632 633
632 634
552 676
674 676
675 676
676 677
332 334
334 335
334 336
335 336
335 337
629 631
631 633
336 337
336 338
336 382
336 817
337 338
337 339
338 339
382 383
815 817
374 376
375 376
376 378
376 507
341 343
343 344
584 586
585 586
586 588
344 346
344 821
344 998
346 347
820 821
821 823
997 998
998 1000
347 349
349 350
349 351
350 352
350 472
350 540
350 906
351 352
351 353
352 353
352 354
470 472
471 472
472 473
538 540
539 540
904 906
905 906
906 907
353 354
357 358
357 359
543 545
545 546
594 595
358 359
358 444
359 360
359 361
359 914
443 444
444 445
444 446
360 361
360 640
361 362
361 363
912 914
913 914
914 915
639 640
640 641
640 642
362 363
362 364
363 364
364 366
364 612
366 367
366 368
610 612
611 612
612 613
367 368
367 369
368 369
368 370
369 370
370 372
370 659
372 373
372 374
372 385
657 659
658 659
373 374
373 375
838 839
374 375
383 385
375 848
615 848
847 848
848 992
377 378
378 749
505 507
506 507
507 508
507 509
377 379
748 749
749 750
749 909
380 439
380 819
437 439
438 439
791 819
819 820
756 758
757 758
758 759
758 760
387 389
389 390
389 391
390 391
391 393
391 993
393 394
393 395
704 993
766 993
991 993
696 814
812 814
813 814
814 815
394 396
394 822
395 396
395 397
396 397
396 398
820 822
822 823
822 824
397 399
397 649
398 399
398 400
399 400
647 649
648 649
649 650
649 651
400 873
569 873
871 873
872 873
873 874
403 405
403 652
404 405
405 406
488 652
650 652
651 652
652 876
404 406
406 407
406 408
414 415
414 416
414 992
415 416
989 992
991 992
419 420
419 600
420 422
529 600
598 600
422 424
422 980
424 425
424 426
531 980
682 980
978 980
979 980
425 426
425 427
426 427
426 428
427 428
427 429
428 429
428 430
429 430
429 431
430 431
430 432
431 432
431 433
431 620
432 433
432 434
433 434
433 435
618 620
620 621
434 435
434 436
435 436
435 437
435 851
436 438
436 764
437 530
551 851
570 851
851 853
762 764
763 764
509 530
528 530
530 531
530 532
856 858
857 858
858 859
858 865
776 778
823 825
922 923
923 924
923 925
443 445
445 446
445 447
446 447
446 448
447 448
447 449
448 449
448 450
449 451
449 969
450 451
450 452
451 452
451 833
969 970
452 453
452 454
831 833
832 833
833 834
833 835
453 454
453 455
454 455
454 456
455 759
456 458
757 759
759 760
759 922
458 459
458 460
458 954
459 460
459 461
460 461
460 462
953 954
461 462
461 463
462 463
462 938
463 465
463 854
813 938
936 938
937 938
938 946
465 467
853 854
854 856
470 471
471 473
473 474
473 475
474 475
474 476
475 476
475 477
476 477
476 478
477 478
477 479
478 479
478 480
479 480
479 481
480 481
480 482
481 482
482 484
482 925
484 485
484 486
924 925
925 927
485 486
486 488
488 489
488 490
489 490
489 546
489 725
490 869
546 548
723 725
724 725
725 726
725 802
867 869
868 869
869 870
869 871
492 493
492 494
494 496
496 778
778 779
500 502
500 583
501 502
502 504
583 584
583 741
504 505
504 506
505 506
506 508
506 753
508 509
751 753
752 753
511 512
511 513
512 513
512 934
513 515
618 934
933 934
934 936
515 516
516 518
516 738
518 519
736 738
737 738
738 739
524 525
804 805
805 884
528 872
529 784
529 886
870 872
871 872
872 874
782 784
784 785
884 886
885 886
531 532
532 533
533 535
535 537
537 538
537 539
538 763
762 763
543 630
629 630
960 961
960 962
548 550
728 729
550 551
550 552
551 702
552 553
552 554
700 702
701 702
702 703
702 704
553 726
554 556
724 726
726 895
556 557
556 558
557 558
557 559
558 559
560 562
562 563
562 564
563 564
740 742
742 744
564 566
566 567
566 568
567 568
567 672
568 569
568 570
672 674
569 570
570 572
571 572
572 574
574 576
576 578
578 579
578 580
579 580
579 752
580 756
750 752
751 752
756 757
584 585
739 741
740 741
585 587
587 588
588 590
590 591
598 721
601 602
602 604
604 606
604 881
606 607
606 608
879 881
881 882
607 608
607 609
608 609
608 610
609 610
609 611
610 611
611 613
611 894
613 614
613 615
892 894
893 894
614 615
614 616
615 617
616 617
616 618
617 618
617 619
618 636
619 963
634 636
635 636
636 637
781 963
961 963
963 964
963 965
621 622
621 623
622 623
622 624
623 624
624 626
626 627
626 815
627 629
813 815
633 634
633 635
634 635
635 637
637 639
639 641
641 642
641 643
642 643
642 644
643 644
643 645
644 645
645 646
645 647
646 647
646 648
646 693
647 648
648 650
689 693
650 651
651 653
653 716
874 876
875 876
876 878
714 716
716 718
654 656
656 657
656 658
657 843
658 660
841 843
842 843
843 844
843 845
660 662
662 664
664 665
664 666
701 703
703 704
665 666
665 667
666 667
666 668
666 983
667 668
667 669
798 800
800 802
674 675
675 677
677 678
678 680
680 681
680 682
681 682
684 997
686 688
688 689
718 719
694 696
697 699
973 975
975 976
699 700
699 701
700 701
704 706
706 707
706 1000
707 709
709 1000
709 710
709 917
710 712
915 917
916 917
917 918
917 919
712 713
712 714
713 714
713 715
714 715
715 793
715 913
715 920
791 793
793 794
793 795
911 913
912 913
918 920
919 920
723 724
976 978
802 804
893 895
729 731
729 797
731 732
731 733
795 797
797 798
732 733
732 734
733 734
733 735
734 735
734 736
734 941
735 736
735 737
736 737
902 941
940 941
941 943
737 739
739 740
744 745
744 746
745 746
746 748
748 750
750 751
907 909
909 911
757 864
862 864
864 865
760 762
922 924
961 962
962 964
766 768
768 769
768 770
769 770
769 771
770 771
770 772
771 772
772 774
772 789
787 789
789 791
779 781
785 787
790 791
791 842
841 842
794 795
803 804
804 806
803 870
868 870
870 871
806 808
882 884
883 884
808 809
808 810
809 810
810 812
812 813
824 825
825 827
827 828
827 829
827 948
828 829
829 951
946 948
947 948
948 950
950 951
951 953
831 832
832 834
834 835
834 836
835 836
836 838
844 845
845 847
940 942
942 943
942 944
856 924
867 868
874 875
878 879
964 965
882 883
883 885
892 893
898 899
898 900
899 900
899 901
900 901
900 902
901 902
901 903
902 904
903 904
903 905
904 905
905 907
911 912
915 916
916 918
918 919
933 935
935 936
935 937
936 937
944 946
946 947
943 944
989 991
964 966
970 972
972 973
977 978
978 979
977 979
