1 3
1 123
1 999
1 1000
2 3
3 4
3 5
3 822
121 123
122 123
123 124
123 125
998 999
999 1000
2 1000
959 1000
998 1000
2 4
4 6
4 327
5 7
5 409
820 822
821 822
822 823
822 834
6 7
6 854
325 327
327 328
327 329
327 853
7 8
7 9
7 763
407 409
408 409
409 410
409 411
852 854
854 855
854 856
8 9
8 10
9 10
9 11
761 763
762 763
763 765
10 11
10 546
10 853
11 12
11 13
546 826
307 853
851 853
852 853
12 13
12 14
13 14
13 15
14 15
14 954
15 16
15 17
952 954
953 954
954 955
954 956
16 406
16 986
17 18
17 19
17 340
61 406
71 406
405 406
406 598
406 919
985 986
986 987
986 988
18 19
18 20
19 20
19 21
19 518
19 600
19 842
338 340
339 340
340 341
20 22
20 244
21 22
21 148
50 518
57 518
516 518
517 518
518 784
599 600
600 601
278 842
840 842
842 843
22 23
22 265
22 595
159 244
242 244
243 244
244 246
244 280
244 557
28 148
146 148
147 148
148 149
23 25
23 430
80 265
264 265
265 267
593 595
595 597
595 626
24 25
25 26
25 478
428 430
429 430
430 431
430 432
24 26
26 27
26 28
26 620
26 733
106 478
477 478
478 479
27 28
27 29
27 793
28 30
28 643
618 620
619 620
620 621
731 733
733 734
733 907
29 30
29 31
557 793
792 793
793 795
30 31
30 32
641 643
642 643
643 644
643 919
31 32
31 33
32 34
32 415
33 35
33 925
34 35
34 36
414 415
415 417
415 612
35 37
35 67
923 925
924 925
925 926
925 927
36 38
36 500
36 847
37 38
37 709
37 971
66 67
67 68
67 69
67 421
38 40
38 551
456 500
498 500
499 500
500 501
500 502
500 594
845 847
846 847
847 849
330 709
707 709
708 709
709 710
709 711
971 973
39 40
40 41
40 42
549 551
550 551
551 552
551 553
39 618
139 618
616 618
41 42
41 43
42 43
42 44
42 113
42 344
43 44
43 45
44 45
44 46
111 113
112 113
113 114
342 344
344 345
45 46
45 47
46 47
46 290
46 496
47 49
47 287
288 290
289 290
290 291
495 496
496 497
496 498
48 49
49 51
49 266
285 287
286 287
287 288
287 862
287 879
48 50
48 163
50 51
50 52
161 163
162 163
163 164
51 52
51 53
264 266
266 267
266 268
52 53
52 54
53 54
53 55
54 55
54 56
55 56
55 370
56 58
56 721
368 370
370 371
370 372
58 60
58 72
58 127
58 439
719 721
720 721
721 722
721 723
57 59
57 140
59 60
59 61
59 570
138 140
139 140
140 142
60 122
60 155
70 72
71 72
72 73
127 128
438 439
439 440
439 441
61 62
84 570
296 570
568 570
121 122
122 124
153 155
154 155
155 156
155 157
62 63
62 64
63 64
63 65
64 66
64 84
65 66
65 185
65 456
66 194
66 195
82 84
83 84
84 85
183 185
184 185
185 186
185 187
454 456
455 456
192 194
193 194
194 195
194 196
193 195
195 197
68 69
68 70
69 70
69 71
69 501
419 421
420 421
421 423
70 71
324 501
499 501
501 502
73 74
73 636
73 659
73 806
74 76
74 678
74 977
452 636
634 636
635 636
636 637
636 693
240 659
658 659
659 660
659 755
804 806
806 808
75 76
76 77
76 78
677 678
678 800
150 977
975 977
977 978
75 77
77 78
77 79
77 94
78 79
78 80
79 80
79 81
79 412
92 94
94 256
80 81
81 82
81 814
410 412
411 412
412 413
82 83
82 106
812 814
813 814
814 815
814 816
83 85
104 106
105 106
106 107
85 86
85 87
86 88
86 341
86 528
87 88
87 89
88 105
88 658
341 342
341 343
480 528
527 528
89 90
89 91
103 105
104 105
105 107
251 658
657 658
658 660
90 91
90 92
91 92
91 126
91 965
92 93
92 591
124 126
125 126
126 128
247 965
302 965
963 965
965 966
965 967
93 422
93 887
590 591
591 592
420 422
422 423
422 801
413 887
667 887
885 887
886 887
887 889
221 256
254 256
256 257
95 96
95 653
96 97
96 98
651 653
653 654
653 655
653 855
97 99
97 232
98 99
98 100
99 100
99 101
230 232
231 232
232 233
232 882
100 102
100 173
100 199
101 102
101 103
102 103
102 104
171 173
172 173
173 174
173 175
173 577
197 199
198 199
199 201
103 104
107 108
107 109
107 366
108 109
108 110
108 229
109 110
109 111
364 366
365 366
366 368
110 111
110 522
227 229
228 229
229 230
111 112
520 522
521 522
522 523
522 534
112 114
114 115
114 116
114 348
115 116
115 117
116 117
116 118
346 348
347 348
348 350
348 355
117 118
117 119
117 141
117 947
118 119
118 585
118 760
119 120
119 121
141 142
141 945
947 948
583 585
584 585
585 586
585 587
590 760
732 760
758 760
759 760
120 121
120 275
120 766
273 275
275 277
275 882
764 766
765 766
766 768
766 958
124 125
125 931
367 931
460 931
929 931
930 931
931 932
128 129
128 130
128 598
129 130
129 131
129 941
130 131
130 132
130 922
596 598
597 598
598 994
131 132
131 133
939 941
940 941
941 942
132 133
132 134
132 213
164 922
920 922
921 922
922 923
133 134
133 135
134 135
134 648
134 838
211 213
213 214
213 821
135 136
135 137
135 301
135 970
358 648
541 648
647 648
648 650
178 838
836 838
837 838
838 840
136 137
136 138
136 754
136 983
137 138
137 139
246 301
299 301
301 302
968 970
969 970
970 972
138 139
138 533
138 644
753 754
754 755
981 983
982 983
983 984
139 268
531 533
532 533
533 534
542 644
642 644
644 645
267 268
268 269
268 270
142 143
142 144
943 945
944 945
945 946
143 144
143 145
144 145
144 146
144 278
145 146
145 147
146 147
276 278
277 278
278 514
147 149
149 150
149 151
150 151
150 152
151 152
151 153
152 153
152 154
153 154
153 463
154 156
461 463
462 463
463 465
156 157
156 158
156 399
156 984
157 158
157 159
157 875
158 159
158 160
158 900
353 399
354 399
397 399
398 399
399 400
967 984
984 985
159 161
159 274
873 875
874 875
875 876
160 161
160 162
557 900
898 900
899 900
161 162
272 274
273 274
274 276
162 164
164 166
165 166
166 167
166 168
166 205
165 167
167 168
167 169
168 169
168 170
203 205
204 205
205 207
169 170
169 171
170 171
170 172
170 253
171 172
172 752
252 253
253 547
253 801
253 979
751 752
752 753
752 846
174 175
174 632
175 177
175 735
575 577
576 577
577 579
231 632
339 632
630 632
632 633
632 634
176 177
177 178
177 179
177 652
734 735
735 736
735 737
735 877
176 178
178 891
179 180
179 181
179 352
179 672
324 652
650 652
651 652
652 841
889 891
890 891
891 892
891 893
180 181
180 182
180 345
181 182
181 183
350 352
351 352
352 353
670 672
671 672
672 674
182 183
182 821
345 347
183 184
183 189
183 272
401 821
819 821
184 186
187 189
188 189
189 191
189 567
270 272
271 272
186 187
186 188
187 834
188 190
584 834
832 834
833 834
190 191
190 192
190 646
191 192
191 193
191 976
565 567
566 567
567 569
192 193
645 646
646 647
623 976
974 976
975 976
196 197
196 198
197 198
198 200
200 201
200 202
201 202
201 203
202 204
202 825
203 204
204 206
204 263
823 825
824 825
825 826
825 827
206 207
206 208
262 263
263 645
207 208
207 209
208 209
208 210
209 210
209 211
209 536
210 211
210 212
211 212
211 916
534 536
536 988
212 214
212 617
914 916
915 916
916 918
214 215
214 216
260 617
615 617
616 617
617 619
215 216
215 217
216 217
216 431
217 218
217 219
239 431
429 431
431 432
431 433
218 219
218 220
219 220
219 221
219 490
220 222
220 764
221 222
221 223
221 530
488 490
490 491
490 831
222 223
222 224
762 764
764 765
223 224
223 225
223 952
529 530
530 532
530 868
530 934
224 225
224 226
225 226
225 227
225 545
950 952
951 952
226 228
226 820
227 228
480 545
543 545
544 545
545 637
228 230
818 820
819 820
820 908
230 231
231 282
280 282
282 284
233 234
233 235
880 882
882 883
882 884
234 235
234 236
235 236
235 237
235 512
236 237
236 238
236 413
237 238
237 239
510 512
511 512
512 802
238 239
238 240
238 369
411 413
239 240
240 242
240 441
240 714
368 369
369 371
241 242
242 243
441 442
441 443
712 714
713 714
714 716
714 768
241 243
243 245
245 247
245 769
246 248
246 919
279 280
555 557
556 557
557 826
247 249
767 769
769 770
769 771
248 249
248 250
589 919
917 919
919 921
249 250
249 492
250 251
250 387
250 455
492 493
492 494
251 252
251 728
385 387
386 387
387 535
453 455
454 455
455 531
455 656
252 254
379 728
726 728
727 728
728 730
254 255
547 548
799 801
800 801
801 803
978 979
979 980
979 981
255 372
255 622
372 373
372 374
621 622
622 623
622 624
257 258
257 259
257 509
258 259
258 260
258 489
259 260
259 261
260 509
343 509
507 509
508 509
509 713
260 262
487 489
488 489
489 491
261 262
261 757
262 264
689 757
756 757
757 758
757 759
645 687
645 693
267 269
269 270
269 271
269 523
270 271
271 273
521 523
523 525
276 277
277 279
279 281
296 514
513 514
281 283
281 325
283 284
283 688
323 325
325 326
284 285
284 286
284 768
625 688
686 688
687 688
688 689
688 927
285 307
286 288
767 768
768 869
305 307
306 307
307 308
307 309
288 289
288 292
860 862
861 862
862 863
862 864
750 879
879 880
289 291
291 292
292 293
291 293
293 294
293 295
294 295
294 296
295 296
295 297
296 297
296 298
297 298
297 299
297 747
298 299
298 300
299 459
745 747
746 747
747 748
300 428
300 630
457 459
458 459
459 460
459 461
426 428
427 428
428 429
628 630
629 630
630 631
302 303
303 304
303 305
304 305
304 624
305 306
305 782
623 624
624 625
624 626
306 308
780 782
782 783
308 309
308 310
309 311
309 872
310 311
310 312
311 312
311 313
311 740
871 872
872 873
872 874
312 313
312 391
313 314
313 315
738 740
739 740
740 741
389 391
391 392
391 393
314 315
314 316
315 316
315 317
315 863
316 318
316 359
317 318
317 319
565 863
614 863
861 863
318 319
318 320
357 359
358 359
359 361
359 559
319 320
319 321
320 321
320 322
320 918
321 322
321 323
321 664
322 323
322 324
917 918
918 920
323 831
526 664
662 664
664 666
829 831
830 831
831 832
326 328
326 982
328 329
328 330
835 982
980 982
981 982
329 330
329 331
329 649
330 331
331 332
331 333
647 649
649 650
332 333
332 334
333 334
333 335
334 335
334 336
335 336
335 337
336 338
336 559
337 338
337 339
338 886
380 559
558 559
559 560
559 561
339 791
339 903
884 886
885 886
886 888
789 791
790 791
791 792
791 828
901 903
902 903
903 904
342 677
343 396
392 677
675 677
677 679
394 396
395 396
396 397
396 398
346 347
347 349
349 350
349 351
350 351
355 357
351 353
353 354
354 356
356 357
356 358
357 358
358 360
360 361
360 362
361 362
361 656
361 951
362 363
362 364
654 656
655 656
663 951
949 951
363 364
363 365
364 365
365 367
367 368
371 373
371 586
373 374
373 375
584 586
586 587
586 588
374 375
374 376
375 376
375 377
376 378
376 404
377 378
377 400
378 379
378 380
403 404
404 405
404 912
398 400
400 401
400 402
400 670
379 380
380 382
381 382
382 383
382 384
381 383
383 384
383 385
384 385
384 386
385 386
386 388
388 389
388 390
448 535
534 535
535 537
389 390
390 392
390 470
392 393
468 470
469 470
470 471
470 472
393 394
393 742
394 395
741 742
742 743
742 744
395 499
497 499
397 398
401 402
402 403
402 596
668 670
669 670
403 405
596 597
405 407
910 912
911 912
912 913
912 914
407 408
408 410
410 411
414 416
414 840
416 417
416 418
416 897
839 840
417 418
417 419
611 612
612 613
612 614
418 419
418 420
895 897
896 897
897 899
419 420
423 424
423 425
424 425
424 852
425 426
425 427
850 852
851 852
426 427
427 710
708 710
710 711
710 712
432 433
432 434
433 434
433 435
434 435
434 436
435 436
435 437
436 437
436 438
436 556
437 438
437 868
438 440
554 556
555 556
866 868
867 868
868 870
440 442
440 593
442 443
442 444
592 593
593 594
443 444
443 445
444 445
444 446
444 749
444 935
444 993
445 446
445 447
446 447
446 448
748 749
749 751
774 935
933 935
934 935
935 937
991 993
992 993
993 994
447 448
447 449
448 449
448 450
448 481
449 450
449 451
450 451
450 452
479 481
480 481
481 482
451 452
451 453
452 453
453 454
454 473
472 473
473 475
529 531
531 532
457 458
458 460
460 461
460 462
460 511
461 462
461 911
462 770
510 511
909 911
910 911
770 771
770 772
464 465
465 466
465 467
465 552
464 893
892 893
893 894
893 895
466 467
466 468
466 475
467 468
467 469
550 552
552 554
468 469
474 475
475 477
469 471
471 472
471 744
472 497
743 744
744 746
744 896
495 497
497 498
474 476
476 477
476 829
477 479
827 829
829 830
479 723
722 723
723 724
723 725
482 483
482 484
483 484
483 485
484 485
484 486
485 486
485 487
486 487
486 488
487 488
491 493
491 605
493 494
493 495
603 605
604 605
605 606
605 607
494 495
494 949
948 949
949 950
498 584
582 584
583 584
502 503
502 616
592 594
594 628
503 504
503 716
503 873
615 616
504 506
504 691
715 716
716 876
873 874
505 506
506 507
506 508
689 691
690 691
691 692
691 693
505 507
507 508
508 510
508 657
508 663
655 657
661 663
662 663
663 665
638 713
712 713
713 715
800 802
802 803
802 804
513 515
515 516
515 517
516 517
517 519
519 520
519 521
783 784
784 785
520 521
532 534
524 525
525 526
525 527
524 526
526 527
527 529
932 934
933 934
537 538
537 539
987 988
988 989
988 990
538 539
538 540
539 540
539 541
540 541
540 542
541 543
542 544
543 544
544 708
544 729
706 708
707 708
727 729
729 731
635 637
637 638
637 876
824 826
826 828
826 960
548 549
548 550
549 603
601 603
602 603
603 876
553 554
553 555
554 555
554 564
563 564
564 565
558 560
560 561
560 562
561 562
561 563
562 573
562 609
563 707
571 573
572 573
573 574
573 575
607 609
608 609
609 610
609 611
609 794
705 707
706 707
565 566
566 568
566 758
568 569
756 758
569 571
569 739
571 572
571 871
737 739
738 739
739 741
572 574
870 871
574 575
574 576
574 950
575 576
576 578
948 950
578 579
578 580
579 580
579 581
580 581
580 582
581 582
581 869
582 583
869 870
587 588
587 589
588 589
588 859
589 590
857 859
858 859
859 860
859 861
590 592
592 923
921 923
626 628
627 628
628 629
597 599
626 627
599 601
992 994
994 995
994 996
601 602
601 610
602 604
608 610
610 611
604 606
874 876
876 877
876 878
606 607
606 608
607 608
611 613
792 794
794 795
613 614
613 615
614 615
619 621
621 623
623 901
899 901
901 902
625 627
627 629
629 631
631 633
631 697
633 634
633 635
633 985
695 697
696 697
697 698
697 699
634 635
635 888
888 889
683 693
692 693
693 695
638 639
639 640
639 641
640 641
640 642
641 642
685 687
686 687
650 651
651 812
810 812
811 812
839 841
841 843
841 902
654 655
654 867
855 856
855 969
865 867
866 867
660 661
660 662
753 755
755 756
661 662
665 666
665 667
666 667
666 668
667 668
667 669
668 669
668 776
669 671
774 776
775 776
776 777
776 870
671 673
673 674
673 978
674 676
674 830
978 980
675 676
676 778
676 796
828 830
830 832
777 778
778 779
778 780
795 796
796 797
796 798
679 680
679 681
798 800
799 800
680 681
680 682
681 682
681 828
681 997
682 683
682 684
827 828
995 997
996 997
997 998
683 685
684 685
684 686
685 686
926 927
927 928
927 929
690 692
690 966
692 694
964 966
966 967
694 695
694 696
695 696
696 698
698 699
698 968
699 700
699 701
699 973
781 968
968 969
700 701
700 702
701 702
701 703
972 973
973 975
702 703
702 704
703 704
703 705
704 705
704 706
705 706
711 816
711 824
785 816
815 816
816 817
816 818
823 824
824 881
715 717
715 843
715 858
717 718
717 719
843 844
856 858
857 858
718 719
718 720
719 720
720 722
722 724
724 725
724 726
725 726
725 727
726 727
730 731
730 732
731 732
732 734
734 736
905 907
906 907
907 909
736 737
736 738
737 738
877 878
741 743
743 745
745 746
746 748
894 896
895 896
896 898
748 750
750 751
751 753
844 846
845 846
846 848
759 761
761 762
765 767
956 958
957 958
958 960
771 772
771 773
772 773
772 774
773 774
773 992
990 992
991 992
775 777
777 779
779 780
779 781
780 781
781 783
783 785
785 787
786 787
787 788
787 789
786 788
788 789
788 790
789 790
790 792
795 797
797 798
797 799
798 799
803 804
803 805
804 805
805 807
805 955
807 808
807 809
953 955
955 956
955 957
808 809
808 810
809 810
809 811
810 811
811 813
813 815
815 817
817 818
817 819
818 819
906 908
908 909
908 910
880 881
881 883
960 961
960 962
832 833
833 835
835 836
835 910
836 837
909 910
837 839
902 904
844 845
848 849
848 850
849 850
849 851
850 851
856 857
967 969
860 861
864 865
864 866
865 866
866 946
944 946
946 948
878 880
878 926
924 926
926 928
883 884
883 885
884 885
889 890
890 892
892 894
894 895
898 899
904 905
904 906
905 906
913 914
913 915
914 915
915 917
920 921
928 929
928 930
929 930
930 932
932 933
936 937
937 938
937 939
936 938
938 939
938 940
939 940
940 942
942 943
942 944
943 944
956 957
957 959
959 961
961 962
961 963
962 963
962 964
963 964
964 987
987 989
972 974
974 975
980 981
989 990
989 991
990 991
995 996
996 998
