1 2
1 3
2 4
4 5
5 6
6 7
6 8
7 9
8 155
9 10
154 155
155 156
10 11
11 12
12 13
13 14
13 15
14 16
15 327
16 17
326 327
17 18
18 19
19 20
20 21
21 22
22 23
23 24
24 25
24 26
25 27
26 855
27 28
854 855
28 734
28 735
733 734
735 736
735 737
29 30
30 31
30 32
31 33
32 263
33 34
262 263
34 35
35 36
36 37
37 38
38 39
39 40
40 41
41 42
42 43
42 44
43 45
44 952
45 46
951 952
46 47
47 48
48 49
48 50
48 51
49 52
50 162
51 209
52 53
161 162
208 209
53 54
54 55
55 56
56 57
57 58
58 59
59 60
60 61
61 152
61 703
151 152
152 702
703 704
62 63
63 64
63 65
64 618
64 619
65 402
65 780
619 620
256 780
66 67
67 68
68 69
69 70
70 71
71 296
71 452
295 296
296 454
450 452
452 453
72 73
73 74
74 799
74 800
798 799
211 800
75 76
75 77
76 78
77 804
78 79
803 804
79 80
80 81
81 82
82 83
83 84
83 85
84 86
85 518
86 87
517 518
87 88
88 89
89 90
90 91
91 92
92 93
93 94
94 95
95 96
96 97
97 98
98 99
98 100
99 101
100 761
101 102
760 761
102 103
103 104
104 105
105 106
106 107
107 108
108 109
109 110
110 111
111 112
112 113
113 114
114 115
115 116
115 117
116 118
117 794
118 119
486 794
119 120
120 121
120 122
121 123
122 693
123 889
123 890
692 693
888 889
890 891
124 125
125 126
126 127
127 128
128 129
129 290
129 292
289 290
290 291
292 293
130 131
131 132
132 133
133 134
134 135
135 136
136 137
137 138
138 302
138 531
300 302
302 532
529 531
139 140
140 141
141 142
142 143
143 144
144 145
145 146
146 147
147 148
148 149
149 150
150 151
701 702
153 154
156 617
616 617
157 158
158 159
159 160
160 161
163 164
164 165
165 166
166 167
167 168
168 169
169 170
170 171
171 172
172 173
173 174
174 175
175 176
175 177
176 178
177 552
178 179
551 552
179 180
180 181
181 182
182 183
183 184
184 688
184 744
687 688
688 743
744 745
185 186
186 187
187 643
187 644
642 643
644 645
188 189
189 190
190 191
190 192
191 193
192 785
193 194
784 785
194 195
195 196
196 197
197 198
198 199
199 200
200 201
201 202
202 203
203 204
204 205
205 206
206 207
207 208
210 211
211 801
801 802
212 213
213 214
214 215
215 216
216 217
217 218
218 219
219 220
219 221
220 222
221 487
222 223
223 224
224 225
225 226
226 227
227 228
228 229
229 230
230 809
230 810
810 811
231 232
232 233
233 234
234 451
234 591
449 451
590 591
235 236
236 237
236 238
237 239
238 337
238 473
239 240
336 337
472 473
240 241
241 242
242 243
243 244
244 245
245 246
246 247
247 248
248 249
249 250
250 251
251 252
252 253
253 254
254 635
254 636
634 635
636 637
255 256
256 779
778 779
257 258
258 259
259 260
260 261
261 262
264 265
265 266
266 267
267 268
268 269
268 270
269 271
270 353
271 272
352 353
272 273
273 274
274 275
275 276
276 277
277 444
277 446
443 444
444 445
446 447
278 279
279 280
280 281
281 282
282 283
283 284
284 285
285 286
286 287
286 288
287 289
288 857
856 857
291 601
600 601
293 294
294 295
454 939
454 940
297 298
298 299
299 300
299 301
301 596
595 596
532 533
303 304
304 305
305 306
306 307
307 308
308 383
308 868
382 383
383 458
309 310
310 311
310 312
311 313
312 969
313 314
314 315
315 316
316 317
317 318
318 319
319 320
320 321
321 322
322 323
323 324
324 325
325 553
553 554
328 329
329 330
330 331
331 332
332 333
333 334
334 335
335 336
338 339
339 340
340 341
341 342
342 343
343 344
344 345
345 346
346 347
347 348
348 349
349 350
350 858
858 859
351 352
354 355
355 661
355 664
660 661
664 665
356 357
356 358
357 359
358 873
359 360
872 873
360 361
361 499
361 500
498 499
500 501
362 363
363 365
363 366
364 365
366 367
367 368
368 369
369 370
370 371
371 372
372 373
373 374
374 375
375 376
376 377
377 378
378 379
379 380
380 381
381 382
458 459
384 385
385 386
386 387
386 388
387 389
388 501
389 390
390 391
391 392
392 773
392 774
772 773
774 775
393 394
394 395
395 396
396 397
397 398
398 399
398 400
399 401
400 808
401 558
401 580
401 581
807 808
557 558
581 582
403 404
404 405
405 406
406 407
407 408
408 409
409 410
410 411
411 412
412 413
413 414
413 415
414 416
415 943
416 417
942 943
417 418
418 419
419 420
420 421
421 422
422 423
423 424
424 425
425 426
426 430
426 431
429 430
431 432
427 428
428 429
432 433
433 434
434 435
435 436
436 437
437 438
438 439
439 440
440 478
440 479
477 478
479 480
441 442
442 443
447 448
448 449
449 450
453 851
938 939
940 941
455 456
456 457
457 588
457 589
587 588
589 590
459 460
460 461
461 462
462 463
463 464
464 465
465 466
466 467
467 468
468 469
469 470
470 471
471 472
474 475
475 476
476 477
480 481
481 482
482 483
483 484
484 485
484 486
485 757
486 793
756 757
792 793
488 489
489 514
489 815
513 514
514 515
814 815
490 491
491 516
491 517
515 516
492 493
493 494
494 495
495 496
496 497
497 498
502 503
502 504
503 505
504 968
505 506
967 968
506 507
506 508
507 509
508 964
509 510
963 964
510 511
511 512
512 513
519 520
520 521
521 522
522 523
523 524
524 525
525 526
526 527
527 528
528 529
528 530
530 932
931 932
533 534
534 535
535 536
536 537
536 538
537 539
538 728
539 540
727 728
540 541
541 542
542 543
543 544
544 545
545 546
546 547
547 548
548 549
549 550
550 551
554 555
555 556
556 557
559 560
560 561
561 562
562 563
563 564
564 565
565 566
566 567
567 568
568 569
569 570
570 571
571 572
572 673
572 674
671 673
674 675
573 574
574 575
575 576
576 577
577 578
578 579
579 863
863 864
582 583
583 584
584 585
585 586
586 587
592 593
593 594
594 595
597 598
598 599
599 600
602 603
603 604
604 605
605 606
606 607
607 608
608 944
944 945
609 610
610 611
611 612
612 613
613 614
614 615
615 616
620 621
621 622
622 623
623 624
624 625
625 626
626 627
627 628
628 629
629 630
630 631
631 632
632 633
633 634
637 638
638 639
639 640
639 641
640 642
641 918
917 918
645 646
646 647
646 648
647 649
647 650
648 745
649 651
650 709
651 652
708 709
652 653
653 654
654 655
655 656
656 657
657 658
658 659
659 660
660 662
660 663
662 923
663 862
663 949
922 923
861 862
948 949
665 666
666 667
667 668
668 669
669 698
669 831
697 698
698 699
830 831
831 832
670 671
670 672
672 866
865 866
866 867
675 676
676 677
677 678
678 679
679 680
680 681
681 682
682 717
682 718
716 717
718 719
683 684
684 685
685 686
686 687
742 743
689 690
690 691
691 692
694 695
695 696
696 697
699 700
700 701
704 705
705 706
706 707
707 708
710 711
711 712
712 713
713 714
714 715
715 716
719 720
720 721
721 722
722 723
723 724
724 725
725 726
726 727
729 730
730 731
731 732
732 733
736 738
737 945
738 739
739 740
740 741
741 742
746 747
747 748
748 749
749 764
749 938
763 764
764 937
750 751
751 752
752 753
753 754
754 755
755 756
758 759
759 760
762 763
936 937
765 766
766 767
767 768
768 769
769 770
770 771
771 772
775 776
776 777
777 778
781 782
782 783
783 784
786 787
787 788
788 789
789 790
790 915
790 916
914 915
916 917
791 792
795 796
796 797
797 798
802 803
805 806
806 807
811 812
812 813
813 814
816 817
817 818
818 819
819 820
820 821
821 822
822 823
823 824
824 825
824 826
825 827
826 850
827 828
849 850
828 829
829 830
832 835
834 835
833 834
836 837
837 838
838 839
839 840
840 841
841 842
842 843
843 844
844 845
845 846
846 847
847 848
848 849
852 853
853 854
859 860
860 861
864 865
867 903
902 903
869 870
870 871
871 872
874 875
875 876
876 877
877 878
878 879
879 880
880 881
881 882
882 883
883 884
884 885
885 886
886 887
887 888
891 892
892 893
893 894
894 895
895 896
896 897
897 898
898 899
899 900
900 901
901 902
904 905
905 906
906 907
907 908
908 909
909 910
910 911
911 912
912 927
912 928
926 927
928 929
913 914
919 920
920 921
921 922
924 925
925 926
929 930
930 931
933 934
934 935
935 936
941 942
946 947
947 948
950 951
953 954
954 955
955 956
956 957
957 958
958 959
959 960
960 961
961 962
962 963
965 966
966 967
