1 3
1 736
1 859
1 999
1 1000
2 3
3 5
3 826
735 736
736 737
736 738
858 859
859 860
997 999
998 999
999 1000
2 1000
998 1000
2 4
2 119
4 5
4 6
4 856
117 119
118 119
119 121
5 6
5 7
824 826
825 826
826 827
826 828
6 7
6 8
195 856
854 856
855 856
856 857
7 8
7 751
8 9
8 10
682 751
744 751
749 751
751 753
9 10
9 15
10 11
10 285
13 15
14 15
15 16
15 17
11 13
11 178
11 243
209 285
284 285
285 286
12 13
13 14
13 223
176 178
177 178
178 179
178 180
178 215
178 509
178 907
241 243
243 245
12 884
882 884
883 884
884 885
884 886
14 16
221 223
222 223
223 224
16 17
16 18
16 460
17 18
17 600
17 630
17 792
18 19
18 20
458 460
459 460
460 462
598 600
600 602
629 630
630 631
630 632
790 792
791 792
792 794
19 21
19 163
20 21
20 342
20 750
21 22
21 23
161 163
162 163
163 164
163 165
163 621
341 342
342 343
342 773
234 750
749 750
750 827
22 23
22 24
23 24
23 25
24 26
24 255
25 27
25 258
26 27
26 28
253 255
255 256
255 257
27 29
27 566
109 258
256 258
257 258
258 260
258 581
28 30
28 301
29 30
29 31
402 566
564 566
566 567
566 568
30 307
30 441
299 301
301 302
301 303
31 32
31 33
91 307
305 307
306 307
307 308
439 441
440 441
441 442
441 443
32 33
32 137
32 504
32 505
32 524
33 34
33 35
33 937
43 137
136 137
137 138
137 139
502 504
504 505
504 992
505 506
505 990
523 524
524 526
34 35
34 36
35 37
35 388
35 756
303 937
354 937
935 937
936 937
36 37
36 38
37 38
37 39
386 388
387 388
388 473
642 756
754 756
755 756
756 757
756 758
38 40
38 430
39 40
39 41
40 41
40 42
40 80
162 430
287 430
428 430
429 430
430 432
41 42
41 43
42 43
42 44
42 279
78 80
79 80
80 82
43 45
43 838
44 45
44 46
44 149
277 279
279 281
45 46
45 47
250 838
535 838
836 838
838 911
46 47
46 48
46 703
147 149
148 149
149 151
47 49
47 858
48 49
48 50
392 703
701 703
702 703
703 705
703 781
49 179
49 319
49 696
461 858
857 858
50 51
50 52
75 179
177 179
179 181
179 983
317 319
318 319
319 321
319 690
209 696
694 696
695 696
696 697
51 52
51 53
52 54
52 434
53 54
53 55
54 56
54 393
54 773
432 434
433 434
434 435
434 436
55 56
55 57
56 57
56 58
393 394
111 773
771 773
772 773
773 774
773 775
773 886
57 58
57 59
57 340
58 316
58 953
59 61
59 143
59 563
338 340
339 340
340 341
194 316
315 316
316 317
316 318
316 724
733 953
951 953
953 955
60 61
61 62
61 63
141 143
142 143
143 144
143 145
561 563
562 563
563 565
60 62
62 64
62 498
63 64
63 65
64 65
64 66
194 498
498 499
65 66
65 67
65 71
65 518
66 67
66 786
66 835
67 68
67 69
67 880
69 71
70 71
71 73
235 518
516 518
517 518
518 520
518 615
527 786
784 786
785 786
786 788
472 835
833 835
834 835
68 69
68 70
69 70
880 881
70 72
72 73
72 74
73 74
73 284
74 75
74 76
282 284
283 284
284 286
75 77
75 784
76 77
76 78
77 78
77 79
782 784
783 784
78 768
79 772
766 768
768 769
768 770
526 772
770 772
771 772
772 952
772 966
772 981
81 82
82 83
82 84
82 697
81 83
83 84
83 85
84 85
84 86
486 697
695 697
85 87
85 528
86 87
86 88
86 948
87 89
87 990
527 528
528 529
528 530
88 89
88 90
946 948
948 950
89 90
89 592
249 990
988 990
989 990
90 92
90 915
591 592
592 593
592 594
91 92
92 93
92 94
92 705
92 781
914 915
915 916
915 917
91 93
91 654
93 94
93 95
510 654
652 654
653 654
654 655
94 96
94 354
94 356
704 705
705 707
780 781
95 96
95 97
96 97
96 98
96 297
352 354
353 354
354 356
354 514
354 734
355 356
356 357
356 358
97 98
97 927
98 99
98 719
295 297
296 297
297 298
131 927
632 927
925 927
926 927
927 929
99 100
99 101
536 719
704 719
717 719
718 719
719 720
100 101
100 102
101 103
101 171
101 360
102 103
102 104
103 104
103 105
103 648
169 171
170 171
171 173
171 246
358 360
360 361
360 362
104 286
104 355
104 748
104 890
105 106
105 107
646 648
648 650
286 287
353 355
355 357
747 748
748 749
147 890
511 890
888 890
889 890
106 107
106 108
107 108
107 109
107 649
108 109
108 110
109 111
274 649
300 649
110 111
110 112
111 112
112 113
112 114
112 579
113 114
113 115
113 904
114 116
114 124
114 540
114 612
578 579
579 581
115 117
115 309
902 904
903 904
904 906
116 117
116 118
122 124
123 124
124 125
124 126
124 289
538 540
540 542
610 612
611 612
612 614
117 118
308 309
309 310
309 311
118 120
120 121
120 122
121 122
121 123
122 123
123 125
125 126
125 127
126 127
126 128
126 374
288 289
289 290
127 128
127 129
127 446
128 129
128 130
219 374
364 374
372 374
373 374
374 375
374 941
129 130
129 131
444 446
445 446
446 447
446 834
130 131
130 132
131 133
132 133
132 134
133 135
133 942
134 135
134 136
135 136
135 384
551 942
857 942
940 942
942 943
942 944
136 138
382 384
383 384
384 385
384 386
138 140
138 182
139 141
139 907
140 141
140 142
180 182
181 182
182 183
182 184
141 142
850 907
905 907
906 907
907 909
142 161
159 161
160 161
161 162
144 145
144 146
145 146
145 147
146 147
146 148
147 148
148 159
157 159
158 159
159 160
159 391
159 593
151 152
151 153
150 158
150 471
150 562
157 158
158 160
469 471
470 471
471 473
560 562
561 562
562 564
562 809
152 153
152 154
153 154
153 155
154 155
154 443
155 156
155 157
155 796
268 443
442 443
443 444
156 157
156 601
157 383
795 796
796 797
599 601
601 602
601 603
382 383
383 470
160 440
160 893
389 391
390 391
391 392
593 594
438 440
439 440
440 442
440 686
503 893
891 893
892 893
893 895
162 164
164 165
164 797
164 872
164 933
165 167
165 626
619 621
620 621
621 845
795 797
797 798
668 872
870 872
872 874
872 922
479 933
931 933
933 934
166 167
167 169
167 642
624 626
625 626
626 627
626 628
166 168
166 828
168 169
168 170
635 828
827 828
828 829
169 170
169 939
573 642
640 642
642 643
170 743
170 812
170 902
939 940
741 743
742 743
743 745
810 812
811 812
812 813
812 922
900 902
901 902
902 940
172 173
173 174
173 175
244 246
245 246
246 247
172 174
174 175
174 176
175 176
175 177
176 177
176 631
631 632
180 181
213 215
214 215
215 216
215 815
507 509
509 511
181 183
181 657
930 983
982 983
983 984
983 985
183 184
183 185
417 657
655 657
656 657
184 185
184 186
184 371
184 435
185 186
185 187
185 875
186 187
186 188
186 283
369 371
370 371
371 373
433 435
435 437
187 188
187 189
874 875
875 877
188 189
188 190
281 283
189 190
189 191
189 820
190 191
190 643
191 192
191 193
818 820
819 820
820 821
331 643
641 643
643 644
192 193
192 230
193 194
193 195
228 230
229 230
230 486
230 604
194 195
194 259
195 197
235 259
257 259
259 261
196 197
197 198
197 199
197 888
196 198
196 199
198 199
198 200
199 200
199 808
888 954
200 201
200 202
270 808
806 808
807 808
808 810
808 921
201 202
201 203
202 203
202 204
203 204
203 205
203 277
204 205
204 206
205 206
205 207
275 277
276 277
206 208
206 330
207 208
207 209
208 209
208 210
328 330
329 330
330 331
330 332
209 210
209 211
210 211
210 212
210 351
210 464
211 212
211 213
212 214
212 925
349 351
350 351
351 352
462 464
463 464
464 465
213 214
214 216
214 862
923 925
924 925
925 926
216 217
216 218
860 862
861 862
862 864
813 815
814 815
815 816
217 218
217 219
218 219
218 220
218 457
219 221
220 222
220 281
220 760
455 457
456 457
457 459
221 222
222 912
222 961
280 281
758 760
760 762
760 895
911 912
912 913
912 914
912 917
573 961
959 961
960 961
224 225
224 226
225 226
225 227
226 227
226 228
226 318
227 228
227 229
228 229
228 869
317 318
229 231
868 869
869 871
231 232
231 233
484 486
485 486
486 487
486 488
603 604
604 605
604 606
232 233
232 299
233 234
233 235
298 299
299 300
234 235
234 236
236 237
236 238
236 501
237 238
237 239
237 304
237 325
238 239
238 240
499 501
500 501
501 502
239 240
239 241
239 779
271 304
302 304
304 306
323 325
324 325
325 327
240 241
240 242
240 887
241 242
777 779
778 779
779 780
242 257
242 889
632 887
885 887
886 887
256 257
257 960
700 889
244 245
245 247
247 248
247 249
247 683
247 913
248 249
248 250
249 250
249 251
249 839
682 683
683 685
913 914
250 252
251 252
251 253
837 839
839 841
252 253
252 254
253 254
254 256
254 874
254 892
873 874
874 876
891 892
958 960
959 960
260 261
260 262
580 581
581 582
581 583
261 262
261 263
261 469
262 263
262 264
262 614
263 264
263 265
467 469
468 469
264 265
264 266
613 614
614 616
265 266
265 267
266 267
266 268
267 268
267 269
268 269
268 270
269 270
269 271
270 271
271 272
271 691
272 273
272 274
689 691
691 693
273 274
273 275
274 275
274 276
274 394
274 474
275 276
276 278
392 394
394 396
472 474
473 474
474 475
278 280
278 775
280 282
280 770
774 775
775 776
775 777
282 739
769 770
737 739
738 739
739 740
739 741
287 288
288 715
713 715
714 715
715 716
715 717
715 906
290 291
290 978
291 292
291 293
627 978
836 978
976 978
977 978
978 980
292 293
292 294
293 295
293 714
294 295
294 296
295 296
712 714
713 714
714 716
296 298
298 300
300 302
302 508
302 949
303 305
506 508
507 508
508 510
508 737
359 949
947 949
949 950
949 951
305 306
306 308
308 310
308 584
310 311
310 312
310 638
582 584
583 584
584 585
311 312
311 313
311 594
312 313
312 314
637 638
638 639
313 314
313 315
594 596
314 315
314 377
315 317
375 377
376 377
377 378
377 379
525 724
722 724
724 726
320 321
321 322
321 507
688 690
689 690
690 692
320 322
322 323
322 324
322 494
506 507
507 532
323 324
324 840
324 929
492 494
493 494
494 495
840 841
767 929
928 929
929 930
929 931
327 328
327 329
327 636
326 328
326 647
326 931
328 329
480 647
646 647
931 932
329 331
616 636
634 636
636 851
331 332
331 333
332 334
332 420
332 947
333 334
333 335
334 336
334 488
418 420
419 420
420 421
420 422
945 947
335 514
335 911
336 337
336 338
336 554
487 488
488 489
488 490
512 514
513 514
514 515
909 911
337 338
337 339
338 339
553 554
554 555
339 341
341 343
343 344
343 345
344 345
344 346
344 591
344 777
345 346
345 347
345 855
346 347
346 640
590 591
776 777
347 349
347 951
853 855
639 640
640 641
349 350
436 951
798 951
950 951
348 350
348 379
350 352
350 452
350 590
350 994
378 379
379 380
379 381
379 823
352 353
450 452
451 452
452 454
589 590
993 994
994 995
733 734
734 735
357 358
357 359
358 359
358 553
358 575
359 361
359 759
359 962
551 553
552 553
553 556
553 650
573 575
574 575
575 577
361 362
361 363
757 759
758 759
759 761
962 964
362 363
362 364
363 364
363 365
364 365
365 366
365 367
365 681
366 367
366 368
367 368
367 369
367 541
679 681
680 681
681 682
368 369
368 370
369 370
372 541
539 541
541 542
370 372
373 375
375 376
940 941
941 996
376 378
378 380
380 381
380 382
381 382
381 613
381 882
821 823
822 823
823 824
611 613
881 882
882 883
385 386
385 387
386 387
387 389
389 390
472 473
473 475
390 392
395 396
396 397
396 398
395 397
397 398
397 399
398 542
398 799
399 400
399 401
542 543
542 544
798 799
799 800
799 801
400 401
400 402
401 402
401 403
402 403
403 404
403 405
404 406
404 661
405 406
405 407
406 407
406 666
659 661
660 661
661 663
661 898
407 408
407 409
664 666
665 666
666 668
666 731
408 409
408 410
409 410
409 411
409 787
410 411
410 412
410 854
411 413
411 721
785 787
787 789
412 413
412 414
852 854
853 854
413 414
413 998
720 721
721 722
721 723
414 415
414 416
414 708
996 998
997 998
415 416
415 417
416 417
416 418
706 708
707 708
708 709
417 419
417 928
418 419
419 421
926 928
928 930
928 946
421 422
421 423
422 423
422 424
422 462
422 673
423 424
423 425
424 425
424 426
424 954
461 462
671 673
672 673
673 675
425 427
425 825
426 427
426 428
426 755
952 954
427 428
427 477
427 876
824 825
825 827
825 876
428 429
754 755
475 477
476 477
477 478
876 877
429 530
530 532
530 865
431 432
432 433
432 753
431 433
531 753
752 753
436 437
437 438
437 439
438 439
439 580
578 580
442 478
442 845
684 686
685 686
686 688
476 478
478 479
843 845
844 845
845 846
845 847
444 445
445 447
447 448
447 449
536 834
832 834
448 449
448 450
448 668
449 450
449 451
449 974
450 451
667 668
451 453
451 454
972 974
973 974
974 976
453 454
453 455
454 456
455 456
455 635
456 458
456 570
633 635
634 635
458 459
568 570
569 570
570 571
570 599
459 461
461 463
463 465
465 466
465 467
465 894
466 467
466 645
467 468
894 896
644 645
645 646
645 897
468 704
598 704
702 704
472 746
744 746
746 747
475 476
479 481
480 481
481 482
481 483
480 572
571 572
572 573
572 574
572 699
482 483
482 484
483 484
483 485
484 485
485 487
485 577
487 489
576 577
577 578
489 490
489 491
490 491
490 492
491 492
491 493
492 493
493 495
493 837
495 496
495 497
495 629
836 837
496 497
496 564
497 499
497 559
497 780
628 629
629 711
564 565
499 500
557 559
558 559
559 560
559 561
778 780
500 502
502 503
503 602
503 878
602 603
602 663
877 878
878 879
991 992
992 993
506 885
883 885
531 532
532 533
510 511
735 737
511 512
511 738
512 809
738 740
807 809
809 811
513 515
515 517
515 679
516 517
517 519
610 679
677 679
678 679
519 520
519 521
520 521
520 522
603 615
521 522
521 523
522 523
522 934
523 525
932 934
934 935
934 936
525 526
526 527
527 529
527 850
529 531
529 794
529 969
848 850
849 850
531 533
793 794
794 795
662 969
967 969
968 969
969 970
969 971
863 865
864 865
865 866
865 867
533 534
533 535
534 535
534 536
535 536
535 537
537 538
537 539
538 700
539 560
698 700
700 701
700 702
558 560
560 561
543 544
543 545
544 545
544 546
544 867
545 546
545 547
546 547
546 548
866 867
867 868
547 548
547 549
548 549
548 550
549 550
549 551
550 551
550 552
552 814
813 814
814 816
555 556
556 558
650 652
555 557
557 558
557 641
639 641
565 567
565 861
567 568
567 569
860 861
861 863
568 569
569 571
571 573
597 599
598 599
574 576
698 699
699 701
576 578
582 583
583 585
585 586
585 587
585 819
586 587
586 588
587 588
587 589
817 819
818 819
588 589
588 881
589 761
879 881
881 883
761 762
761 763
595 596
596 597
596 910
595 597
597 598
908 910
909 910
910 944
910 991
603 605
662 663
663 664
663 665
605 606
605 607
606 607
606 608
607 608
607 609
608 609
608 610
609 610
609 611
610 611
616 617
616 618
616 943
617 698
617 987
618 619
618 620
943 945
985 987
986 987
987 988
987 989
619 620
620 622
620 980
622 623
622 624
979 980
980 981
623 624
623 625
624 625
625 627
627 628
628 975
973 975
975 976
975 977
709 711
711 712
632 633
632 634
633 634
849 851
851 853
637 639
644 646
895 897
896 897
897 898
897 899
651 652
652 653
652 965
651 653
653 655
963 965
964 965
965 967
655 656
656 658
658 659
658 660
659 660
660 662
896 898
898 899
898 900
664 665
665 667
667 669
729 731
730 731
731 732
731 733
669 670
669 671
670 671
670 672
671 672
672 674
674 675
674 676
675 676
675 677
676 677
676 678
677 678
678 680
680 682
682 684
684 685
685 687
687 688
687 689
688 689
692 693
692 694
693 694
693 695
694 695
701 702
706 707
707 709
706 871
870 871
871 873
709 710
710 712
710 727
712 713
725 727
726 727
727 728
727 729
716 717
716 718
717 718
905 906
718 720
720 722
722 723
723 725
723 807
725 726
725 920
805 807
806 807
726 728
918 920
919 920
920 922
728 729
728 730
729 730
730 732
732 733
732 802
733 735
800 802
801 802
802 803
802 804
740 741
740 742
741 742
742 744
745 747
745 757
747 749
757 758
752 754
762 763
762 764
895 896
763 764
763 765
764 765
764 766
765 766
765 767
766 767
767 769
769 771
824 952
950 952
964 966
966 968
979 981
981 982
774 776
776 778
782 783
783 785
788 789
788 790
789 790
789 791
789 938
790 791
791 793
936 938
938 940
793 795
798 800
800 844
801 803
842 844
843 844
844 846
803 804
803 805
804 805
804 806
805 806
810 811
919 921
921 922
811 813
922 924
816 817
816 818
817 818
821 822
822 824
829 830
829 831
830 831
830 832
831 832
831 833
832 833
833 896
841 842
841 843
842 843
843 932
930 932
846 847
846 848
847 848
847 849
848 849
852 853
860 873
863 864
864 866
866 868
868 870
877 879
879 989
988 989
989 991
899 900
899 901
900 901
901 903
903 905
908 909
944 945
944 946
991 993
914 916
916 917
917 918
916 918
918 919
923 924
924 926
945 946
935 936
995 996
996 997
955 956
955 957
956 957
956 958
957 958
957 959
958 959
963 964
967 968
968 970
970 971
970 972
971 972
971 973
972 973
976 977
977 979
982 984
984 985
984 986
985 986
986 988
993 995
995 997
