1 3
1 838
1 999
1 1000
3 4
3 5
3 252
24 838
57 838
582 838
837 838
838 839
196 999
997 999
2 1000
2 273
2 406
272 273
273 274
273 393
273 627
19 406
404 406
405 406
406 407
406 872
4 5
4 6
5 245
5 343
250 252
251 252
252 254
6 8
6 619
243 245
244 245
245 246
245 247
341 343
342 343
343 344
343 345
343 402
8 9
8 10
619 620
619 621
7 9
7 214
7 329
9 10
9 11
9 622
212 214
213 214
214 216
327 329
328 329
329 330
329 331
10 11
10 247
10 618
11 12
11 716
620 622
621 622
622 623
622 964
246 247
247 248
247 249
43 618
616 618
617 618
12 13
12 14
241 716
714 716
715 716
716 717
13 14
13 948
14 15
14 16
224 948
946 948
947 948
948 949
948 950
15 17
15 603
16 17
16 18
17 18
17 19
330 603
409 603
601 603
602 603
603 604
18 20
18 265
18 726
19 21
20 21
20 201
20 653
71 265
263 265
264 265
265 266
725 726
726 727
21 22
21 23
199 201
201 202
201 203
651 653
652 653
653 655
22 23
22 24
22 998
23 24
23 25
24 25
24 914
366 998
996 998
997 998
25 26
25 27
854 914
912 914
913 914
914 915
914 916
26 27
26 28
26 394
27 28
27 590
28 29
28 930
393 394
394 395
588 590
589 590
590 591
590 592
29 30
29 744
481 930
928 930
929 930
930 932
30 32
30 408
30 940
469 744
742 744
744 745
32 33
32 34
306 408
407 408
408 409
408 410
939 940
940 941
31 33
31 546
33 828
33 971
545 546
546 548
546 767
34 35
34 36
516 828
826 828
828 829
828 830
970 971
971 972
971 973
35 36
35 480
36 37
36 38
36 217
36 284
478 480
479 480
480 481
480 600
480 624
37 38
37 39
38 39
38 40
215 217
216 217
217 219
282 284
283 284
284 286
39 40
39 41
39 188
40 41
40 42
41 42
41 43
186 188
187 188
188 190
42 43
42 122
43 44
43 45
120 122
121 122
122 123
122 124
44 45
44 46
44 414
45 46
45 47
45 500
46 47
46 48
223 414
413 414
47 48
47 49
499 500
500 502
48 50
48 226
48 707
49 50
49 51
49 718
50 51
50 52
50 412
224 226
225 226
226 227
241 707
705 707
706 707
707 709
707 760
51 52
51 53
717 718
718 719
52 54
52 904
410 412
411 412
412 413
53 54
53 928
54 55
54 56
902 904
903 904
904 905
904 906
927 928
928 929
55 56
55 57
55 353
56 58
56 938
57 58
351 353
352 353
353 354
58 59
58 60
58 183
204 938
936 938
937 938
938 939
59 60
59 313
60 61
60 612
181 183
182 183
183 185
312 313
313 314
313 315
61 62
61 457
610 612
611 612
612 613
612 614
62 63
62 64
456 457
457 458
457 459
63 64
63 298
64 65
64 606
64 984
296 298
297 298
298 299
298 300
298 305
65 66
65 67
516 606
604 606
605 606
982 984
983 984
984 985
984 986
66 68
66 426
67 68
67 69
68 69
68 70
68 760
424 426
425 426
426 427
426 428
69 70
69 71
70 71
70 72
758 760
759 760
760 761
71 72
71 735
72 73
72 890
157 735
164 735
309 735
721 735
733 735
734 735
73 75
73 848
112 890
888 890
889 890
890 891
890 892
890 906
74 75
75 107
75 294
75 868
772 848
846 848
847 848
848 850
74 76
76 77
76 78
105 107
106 107
107 108
107 109
107 908
292 294
293 294
294 295
294 296
294 807
294 981
866 868
867 868
868 870
77 78
77 79
77 957
78 80
78 109
78 120
78 701
78 918
79 80
79 81
934 957
955 957
956 957
80 81
80 82
108 109
109 110
118 120
119 120
699 701
700 701
701 703
256 918
916 918
918 919
918 920
81 82
81 694
82 83
82 84
692 694
693 694
694 695
694 696
83 84
83 85
84 85
84 86
85 86
85 87
85 465
86 487
86 518
86 900
87 88
87 89
463 465
465 466
485 487
486 487
487 488
487 840
368 518
517 518
803 900
898 900
899 900
900 902
88 89
88 90
89 90
89 91
89 973
90 91
90 92
90 816
91 579
91 870
972 973
973 974
92 93
92 94
374 816
814 816
816 817
578 579
579 580
579 581
155 870
869 870
870 872
93 94
93 95
94 95
94 96
95 96
95 721
96 97
96 98
719 721
720 721
721 722
721 723
97 98
97 99
98 99
98 100
99 100
99 101
100 101
100 102
100 153
101 102
101 539
102 103
102 104
151 153
152 153
153 862
537 539
538 539
539 540
539 708
103 104
103 105
104 105
104 106
105 106
106 379
377 379
378 379
379 380
379 381
108 110
773 908
906 908
907 908
908 910
110 388
110 502
387 388
388 389
388 390
388 913
501 502
502 503
502 504
111 112
111 113
111 743
112 113
113 114
113 115
113 311
333 743
741 743
742 743
114 115
114 116
115 116
115 117
311 717
116 117
116 118
117 118
117 119
118 119
118 931
119 121
929 931
931 932
121 248
121 446
246 248
248 249
248 250
444 446
446 447
123 832
123 846
124 125
124 126
124 765
492 832
830 832
831 832
832 833
832 834
844 846
845 846
846 847
125 126
125 127
126 128
126 374
763 765
764 765
765 766
127 129
127 333
128 129
128 130
372 374
373 374
374 458
129 130
129 212
331 333
332 333
333 334
333 335
130 131
130 524
211 212
212 213
131 132
131 133
522 524
523 524
524 525
524 526
132 133
132 134
132 976
133 134
133 135
134 135
134 136
974 976
975 976
976 977
135 136
135 137
136 137
136 138
136 944
137 138
137 139
137 391
138 139
138 140
512 944
943 944
944 946
139 141
139 891
389 391
390 391
391 393
140 141
140 945
141 469
141 657
381 891
889 891
891 892
891 893
610 945
943 945
945 947
468 469
469 470
469 471
469 660
656 657
657 658
657 659
142 143
142 144
143 144
143 145
143 728
144 145
144 146
144 840
145 146
145 147
145 790
455 728
727 728
728 730
146 148
146 888
448 840
839 840
840 841
147 148
147 149
788 790
789 790
790 791
148 149
148 403
886 888
887 888
888 889
149 150
149 191
402 403
403 405
403 705
150 151
150 152
191 192
191 193
151 152
152 154
154 155
154 156
154 779
860 862
861 862
862 863
862 864
155 156
155 157
156 157
156 158
514 779
777 779
778 779
779 781
779 815
157 159
158 159
158 160
159 160
159 959
160 161
160 162
958 959
959 960
959 961
161 162
161 163
162 163
162 872
163 164
163 165
871 872
872 873
872 874
872 917
164 530
164 610
165 166
165 167
459 530
528 530
529 530
530 532
608 610
609 610
610 611
166 167
166 255
167 168
167 169
253 255
254 255
255 256
255 257
168 304
168 884
169 170
169 171
169 809
302 304
303 304
304 305
304 306
216 884
882 884
883 884
884 886
170 171
170 172
171 172
171 173
171 668
808 809
809 811
172 173
172 174
173 174
173 175
666 668
667 668
668 670
668 768
174 175
174 176
175 176
175 177
176 177
176 178
176 681
177 178
177 179
177 232
177 464
178 179
178 180
679 681
681 682
179 180
179 181
230 232
232 234
232 472
458 464
462 464
463 464
464 852
464 899
180 181
180 182
180 620
181 807
182 184
637 807
805 807
806 807
807 808
184 185
184 186
185 186
185 187
185 933
185 983
186 187
187 189
932 933
933 934
309 983
981 983
982 983
189 680
189 818
190 192
190 241
190 279
190 662
678 680
679 680
680 682
680 936
818 819
818 820
192 193
192 194
240 241
241 243
277 279
278 279
279 280
661 662
662 664
193 194
193 195
194 195
194 196
195 196
195 197
195 972
196 197
196 198
197 198
197 299
197 346
970 972
198 200
198 224
297 299
299 301
344 346
345 346
346 347
346 348
199 200
200 202
200 290
222 224
202 204
202 990
288 290
289 290
290 291
290 593
203 204
203 205
203 589
204 205
204 206
767 990
988 990
989 990
990 991
205 206
205 207
205 578
587 589
588 589
206 207
206 208
207 208
207 781
576 578
577 578
208 209
208 210
208 314
208 340
356 781
781 783
209 210
209 211
209 855
210 211
210 326
312 314
314 316
338 340
339 340
340 342
211 213
609 855
853 855
854 855
324 326
325 326
326 327
326 328
326 836
213 215
215 664
216 218
663 664
664 665
664 666
218 425
218 820
219 220
219 221
423 425
424 425
425 761
819 820
820 821
820 822
220 221
220 342
220 885
221 222
221 801
341 342
342 344
885 887
222 223
799 801
800 801
801 802
801 803
223 225
223 786
225 227
567 786
785 786
786 787
786 788
227 228
227 229
228 229
228 230
229 230
229 231
229 960
230 231
231 233
231 416
953 960
958 960
960 961
233 234
233 235
415 416
416 417
416 587
234 235
234 236
234 732
470 472
471 472
472 473
472 498
472 860
235 236
235 237
236 238
236 398
730 732
731 732
732 734
237 238
237 239
238 239
238 240
238 628
397 398
398 399
398 873
239 240
239 719
240 242
626 628
627 628
628 629
517 719
717 719
719 720
242 243
242 244
242 810
243 244
244 246
808 810
810 811
810 909
249 250
249 251
250 251
250 529
251 253
527 529
528 529
253 254
253 804
254 256
802 804
803 804
804 805
256 909
257 258
257 259
863 909
907 909
258 259
258 260
259 260
259 261
259 421
260 261
260 262
261 262
261 263
261 386
419 421
421 423
421 640
262 263
262 264
263 348
384 386
385 386
386 387
264 266
347 348
348 349
348 350
348 625
266 267
266 268
266 495
267 268
267 269
267 383
267 867
268 269
268 270
494 495
495 509
269 270
269 271
362 383
381 383
382 383
383 385
865 867
270 271
270 854
271 272
271 827
852 854
853 854
272 274
272 427
784 827
825 827
826 827
827 829
274 275
274 276
427 429
392 393
626 627
627 629
275 276
275 277
276 277
276 278
277 278
278 280
278 632
280 281
280 636
630 632
632 634
281 282
281 283
451 636
634 636
635 636
636 637
636 638
282 283
283 355
283 485
354 355
355 356
355 357
483 485
484 485
485 714
485 966
285 286
286 287
286 288
286 883
285 287
287 289
287 752
287 835
288 317
288 655
288 860
881 883
289 291
750 752
751 752
752 753
833 835
834 835
835 836
835 837
315 317
316 317
317 318
317 783
655 871
858 860
291 292
291 293
591 593
592 593
593 594
593 595
593 615
292 293
293 483
293 682
481 483
483 484
682 683
295 297
295 799
296 297
979 981
980 981
797 799
798 799
799 800
300 302
300 404
303 305
305 307
301 302
301 303
302 303
404 497
404 544
404 825
306 308
306 858
307 308
307 309
308 309
308 310
856 858
857 858
309 310
310 679
310 822
677 679
679 761
821 822
822 823
822 824
312 533
531 533
532 533
533 535
315 316
316 318
318 319
318 320
782 783
783 785
319 320
319 321
319 522
319 547
319 624
319 784
320 321
320 322
321 322
321 323
520 522
521 522
522 559
479 547
545 547
547 548
547 551
623 624
624 626
583 784
782 784
784 785
322 323
322 324
323 324
323 325
324 325
324 675
325 327
673 675
674 675
675 677
327 328
328 330
693 836
834 836
330 331
330 332
331 692
332 334
690 692
691 692
692 693
334 336
334 532
335 336
335 337
336 337
336 338
531 532
532 534
337 338
337 339
338 339
339 341
344 345
345 347
399 402
400 402
401 402
347 349
349 350
349 351
350 351
350 352
350 556
623 625
625 626
351 596
352 354
554 556
555 556
556 557
594 596
595 596
596 597
596 598
354 356
354 859
356 357
356 358
857 859
859 861
357 358
357 359
357 875
358 359
358 360
359 360
359 361
873 875
875 877
360 361
360 362
360 420
361 362
361 363
362 363
418 420
419 420
420 422
363 364
363 650
364 365
364 366
633 650
648 650
649 650
650 652
365 366
365 367
366 367
366 368
367 368
367 787
368 369
368 370
785 787
787 788
787 789
369 370
369 371
370 371
370 372
371 372
371 373
372 373
373 375
373 548
375 376
375 377
548 549
456 458
458 459
376 377
376 378
377 378
378 380
378 652
380 381
380 382
651 652
382 384
384 385
385 387
387 389
389 390
389 678
390 423
637 913
911 913
912 913
676 678
677 678
422 423
423 424
392 834
833 834
395 396
395 676
396 397
396 474
674 676
676 677
676 815
397 399
473 474
474 475
474 476
399 401
871 873
873 874
400 401
401 897
895 897
896 897
897 898
897 899
405 407
405 432
703 705
704 705
705 706
496 497
497 498
542 544
543 544
544 545
823 825
824 825
825 826
825 941
407 409
407 874
430 432
431 432
432 434
409 410
874 876
410 411
411 413
413 415
413 654
415 417
654 656
417 418
417 419
417 438
417 573
585 587
586 587
587 588
587 803
418 419
419 780
436 438
437 438
438 439
438 813
438 942
571 573
572 573
573 574
778 780
780 782
422 424
422 796
422 817
638 640
639 640
640 641
424 560
794 796
795 796
796 797
817 819
493 560
558 560
560 562
761 768
428 429
428 430
429 430
429 431
430 901
431 433
899 901
901 902
901 903
433 434
433 435
434 435
434 436
435 436
435 437
436 437
437 439
439 440
439 441
811 813
812 813
813 814
941 942
942 943
440 441
440 442
441 442
441 910
442 443
442 444
644 910
910 912
443 444
443 445
443 698
444 445
445 447
445 949
696 698
697 698
698 699
447 448
447 449
949 950
949 951
448 450
448 849
449 450
449 451
450 451
450 452
847 849
849 850
451 703
452 453
452 454
452 895
702 703
703 704
453 454
453 455
454 455
454 456
893 895
894 895
455 456
459 460
460 461
460 462
461 462
461 463
462 996
994 996
995 996
996 997
850 852
851 852
759 899
898 899
466 467
466 468
467 468
467 963
468 470
961 963
962 963
963 964
963 965
470 471
471 473
658 660
659 660
660 661
473 475
496 498
498 499
475 476
475 477
475 987
476 477
476 478
477 478
477 479
985 987
986 987
987 989
478 479
479 552
550 552
551 552
552 554
481 482
481 751
598 600
599 600
600 602
482 484
482 748
749 751
750 751
484 486
746 748
747 748
748 749
748 750
486 488
712 714
713 714
965 966
966 967
488 489
488 490
489 490
489 491
490 492
490 542
491 492
491 493
492 493
540 542
541 542
542 543
493 494
494 496
507 509
508 509
509 510
509 892
509 919
499 501
501 503
503 504
503 505
504 505
504 506
505 506
505 507
506 507
506 508
507 508
508 510
510 511
510 512
892 893
892 894
917 919
919 920
511 512
511 513
512 513
513 514
513 515
514 516
515 517
515 725
516 517
517 581
723 725
724 725
725 727
580 581
581 583
519 520
519 521
520 521
521 523
523 525
557 559
558 559
559 561
525 526
525 527
526 527
526 528
527 528
534 535
534 536
535 537
535 886
536 537
536 538
537 538
886 887
538 540
540 541
706 708
708 709
708 710
541 543
543 795
543 988
793 795
794 795
986 988
988 989
545 631
629 631
630 631
631 633
766 767
767 768
767 769
549 551
550 551
549 550
553 554
554 555
553 555
555 557
555 866
557 558
864 866
865 866
561 562
561 563
562 563
562 877
563 564
563 711
876 877
877 878
877 994
564 565
564 566
709 711
710 711
711 712
711 713
565 566
565 567
566 567
566 568
567 568
568 569
568 570
569 570
569 571
569 683
570 571
570 572
571 572
683 685
572 574
574 575
574 576
574 715
575 576
575 577
576 577
715 733
577 626
580 582
582 584
583 584
584 585
584 586
585 586
586 588
802 803
591 592
592 594
594 595
595 597
613 615
614 615
615 616
597 598
597 599
598 599
598 882
599 601
880 882
881 882
601 646
602 604
644 646
645 646
646 647
646 648
604 605
605 607
607 608
607 609
608 609
609 611
611 613
613 614
614 616
616 617
617 989
989 991
621 623
623 633
962 964
964 965
633 634
629 630
634 762
762 763
762 764
635 637
638 639
639 641
641 642
641 643
642 643
642 644
643 644
643 645
644 645
645 647
647 648
647 649
648 649
649 651
656 658
863 871
869 871
658 659
659 661
661 663
663 665
665 666
665 667
666 667
667 669
669 670
669 671
670 671
670 672
766 768
768 770
671 672
671 673
672 673
672 674
673 674
814 815
934 936
935 936
936 937
684 685
685 686
685 687
684 686
686 687
686 688
686 926
687 688
687 689
688 689
688 690
797 926
924 926
925 926
926 927
689 690
689 691
690 691
691 693
693 695
695 696
695 697
696 697
697 699
699 700
700 702
702 704
704 706
704 969
967 969
968 969
969 970
709 710
710 712
710 947
712 907
946 947
713 753
905 907
753 754
753 755
731 733
720 722
722 723
722 724
723 724
724 739
737 739
738 739
739 740
739 741
727 729
729 730
729 731
730 731
734 736
736 737
736 738
737 738
738 740
740 741
740 742
741 742
745 746
745 747
746 747
747 749
749 750
754 755
754 756
755 756
755 757
756 757
756 758
757 758
757 759
758 759
763 764
764 766
769 770
769 771
770 771
770 772
771 772
771 773
772 773
772 805
773 829
805 806
829 830
829 831
774 775
774 776
775 776
775 777
776 777
776 778
777 778
788 789
789 791
791 792
791 793
792 793
792 794
793 794
798 800
800 802
806 808
811 812
812 814
819 953
951 953
952 953
953 954
821 823
823 824
824 826
939 941
830 831
831 833
837 839
839 841
841 842
841 843
842 843
842 844
843 844
843 845
844 845
845 847
850 851
851 853
856 857
861 863
863 865
864 865
915 917
916 917
876 878
878 879
878 880
992 994
993 994
994 995
879 880
879 881
880 881
887 889
905 906
893 894
894 896
896 898
902 903
903 905
911 912
915 916
920 921
920 922
921 922
921 923
922 923
922 924
923 924
923 925
924 925
925 952
950 952
951 952
952 954
927 929
932 934
934 935
935 937
937 939
950 951
954 955
954 956
955 956
956 958
961 962
965 967
967 968
968 970
974 975
975 977
977 978
977 979
978 979
978 980
979 980
980 982
985 986
991 992
991 993
992 993
993 995
995 997
