1 2
1 1000
2 3
555 1000
3 4
4 213
22 213
212 213
5 6
6 7
7 8
8 9
8 453
9 10
10 18
10 93
17 18
18 19
92 93
11 12
11 952
12 706
951 952
705 706
706 707
13 14
13 88
14 15
15 16
15 538
16 17
208 538
537 538
19 20
20 21
21 433
433 643
22 23
22 314
23 24
136 314
313 314
24 25
25 928
173 928
927 928
26 27
27 28
27 594
27 623
28 321
593 594
622 623
623 791
320 321
321 322
29 176
175 176
176 177
176 218
176 484
30 31
30 829
31 32
31 735
31 880
828 829
32 33
32 102
32 886
734 735
879 880
33 781
46 102
101 102
573 886
755 886
885 886
780 781
781 782
34 35
35 607
606 607
607 608
36 37
37 38
38 230
229 230
230 231
39 40
39 137
39 733
40 374
40 582
373 374
374 375
581 582
41 42
42 663
662 663
663 664
43 44
44 985
984 985
985 986
45 46
47 929
929 930
48 971
971 972
49 238
49 621
237 238
238 535
620 621
621 622
50 481
50 642
143 481
480 481
641 642
51 52
52 53
53 54
54 80
79 80
80 81
55 56
56 57
56 855
57 525
255 855
854 855
427 525
524 525
58 59
58 500
59 60
60 61
61 370
369 370
370 371
62 63
62 141
63 64
140 141
64 65
65 405
404 405
405 406
66 67
67 68
68 69
69 990
188 990
536 990
989 990
70 143
70 174
70 239
142 143
173 174
239 240
71 72
72 345
72 631
345 820
630 631
73 847
847 919
74 75
74 660
75 76
659 660
76 77
77 78
77 287
77 657
77 826
77 997
78 79
286 287
287 471
656 657
81 82
82 83
82 168
83 84
168 768
84 85
85 360
85 963
359 360
360 817
962 963
963 964
86 586
451 586
87 681
680 681
681 682
89 90
89 552
90 986
551 552
397 986
732 986
91 92
94 95
95 96
96 97
97 98
98 99
99 100
100 101
100 818
100 944
101 398
332 944
943 944
103 104
103 132
104 105
131 132
105 390
105 962
389 390
961 962
106 107
107 108
108 109
109 110
110 111
111 112
112 488
487 488
488 489
113 557
556 557
557 558
114 354
353 354
354 424
115 116
116 117
117 118
118 836
835 836
836 837
119 120
120 738
737 738
738 739
121 122
122 123
123 124
123 268
124 125
267 268
125 224
125 998
224 225
126 127
127 128
128 129
129 130
130 131
133 134
134 135
135 136
138 139
138 499
139 140
498 499
144 937
937 938
145 486
355 486
437 486
485 486
486 487
146 147
147 148
148 149
149 150
150 151
151 152
152 153
153 154
154 729
729 730
155 156
156 744
463 744
157 158
158 159
159 302
302 853
160 161
161 925
571 925
924 925
162 163
163 169
163 435
169 170
434 435
164 165
165 166
165 801
166 465
402 465
465 466
167 383
382 383
383 384
301 768
767 768
170 171
171 920
919 920
920 921
172 752
751 752
752 753
177 178
483 484
178 179
179 180
180 181
180 672
180 948
181 182
947 948
182 183
183 184
184 185
185 596
596 597
186 187
186 792
187 188
188 189
189 190
189 510
190 191
509 510
191 192
192 193
193 194
194 195
195 196
195 890
196 197
889 890
197 198
198 199
199 200
200 201
201 202
202 873
872 873
873 874
873 980
203 661
661 662
204 205
205 206
206 207
207 208
207 635
634 635
635 993
209 210
210 211
210 697
211 212
696 697
214 215
214 430
215 216
429 430
430 960
216 217
216 722
217 669
260 669
668 669
219 220
220 221
221 222
222 223
223 969
969 970
225 436
436 437
226 227
227 228
228 229
228 477
229 709
476 477
708 709
231 232
232 233
233 981
981 982
234 264
264 265
235 566
235 949
565 566
566 567
380 949
236 237
534 535
240 241
241 242
242 243
243 244
244 245
245 612
245 671
368 612
611 612
612 613
612 996
670 671
671 912
246 247
247 248
248 249
249 250
250 251
251 252
252 253
253 254
254 255
256 257
257 258
258 259
259 260
259 941
260 869
869 870
261 262
262 263
263 705
265 824
823 824
824 825
266 267
269 270
270 271
271 272
272 273
273 777
776 777
777 778
274 275
275 737
605 737
736 737
276 277
277 278
278 279
279 280
279 595
280 281
280 456
281 463
455 456
462 463
463 464
282 283
283 284
284 285
285 286
470 471
288 289
289 565
564 565
290 291
291 292
292 931
691 931
760 931
895 931
293 294
294 295
295 296
296 297
297 298
298 299
298 802
299 300
300 301
301 432
431 432
852 853
853 854
303 304
304 381
381 382
305 306
306 693
692 693
693 694
307 809
749 809
808 809
308 655
654 655
655 656
309 310
310 311
311 312
312 313
313 315
316 320
319 320
317 724
723 724
724 725
318 319
319 446
445 446
446 785
322 323
323 567
567 568
324 325
325 326
325 868
326 327
867 868
327 870
870 871
328 329
329 420
419 420
420 421
330 817
816 817
331 332
333 334
334 335
334 516
335 547
515 516
546 547
547 548
336 337
337 338
338 604
517 604
604 605
339 340
340 341
341 613
341 665
664 665
665 666
342 343
342 732
343 344
731 732
344 953
888 953
953 954
727 820
819 820
346 347
346 721
346 728
347 348
727 728
348 349
349 350
350 351
351 352
352 353
423 424
424 425
356 357
357 358
358 359
361 362
362 363
363 922
921 922
922 923
364 365
365 366
366 367
367 368
371 372
372 720
719 720
720 879
375 376
375 894
376 751
447 894
893 894
750 751
377 378
378 379
378 800
379 380
380 716
715 716
384 762
739 762
761 762
762 763
385 386
386 387
387 388
388 389
388 475
391 679
678 679
679 680
392 393
392 603
392 968
393 394
602 603
967 968
394 395
394 457
395 396
396 397
399 400
400 401
401 402
403 404
403 799
798 799
406 407
407 408
408 409
409 410
409 906
410 411
905 906
411 412
412 413
413 414
414 415
415 416
416 417
417 418
418 419
418 850
849 850
421 422
422 447
425 426
426 810
504 810
540 810
652 810
427 428
428 429
428 908
632 908
907 908
959 960
643 644
434 778
704 778
438 439
439 440
440 441
441 513
512 513
513 514
513 523
442 443
443 444
444 445
444 741
740 741
448 449
449 739
450 451
451 452
452 478
478 479
454 455
458 459
459 460
460 461
461 462
464 553
464 900
543 553
899 900
900 901
466 467
467 468
468 469
469 470
472 473
472 559
473 474
558 559
474 504
504 505
504 688
479 480
482 483
483 830
489 700
576 700
699 700
490 491
491 492
492 493
493 494
494 495
494 995
495 496
994 995
496 497
497 498
501 502
502 503
503 903
619 903
804 903
902 903
505 570
687 688
569 570
570 571
506 507
507 508
507 701
508 509
511 512
512 788
787 788
514 515
522 523
518 544
544 545
519 520
520 521
521 522
526 527
527 528
528 529
529 530
530 531
531 532
532 533
533 534
537 977
976 977
539 887
887 888
541 542
542 543
545 546
548 549
548 702
549 550
550 551
550 637
550 782
636 637
554 555
558 645
644 645
560 561
561 888
562 563
563 564
568 578
577 578
578 579
578 784
571 572
572 573
574 575
575 576
576 577
579 580
783 784
580 581
583 584
584 585
585 939
938 939
939 940
587 588
588 589
589 590
589 695
590 591
694 695
591 592
592 593
597 598
598 719
718 719
599 600
600 601
601 602
608 609
609 610
610 611
614 615
615 616
616 617
617 618
618 619
619 862
861 862
790 791
624 625
625 730
625 875
833 875
874 875
875 876
626 627
627 628
628 629
629 630
632 756
633 634
992 993
638 639
639 640
640 765
764 765
765 766
646 647
647 648
648 649
649 650
650 651
651 652
653 654
658 659
666 667
667 668
911 912
673 674
674 675
675 676
676 677
677 678
682 683
683 684
684 685
685 686
686 687
689 803
803 927
690 691
692 936
881 936
935 936
694 846
694 991
845 846
698 699
703 704
707 708
710 711
711 755
754 755
712 713
713 714
714 715
717 718
878 879
725 726
725 812
726 727
811 812
727 743
742 743
734 795
794 795
745 883
882 883
883 884
746 747
747 748
748 749
749 750
753 754
757 758
758 759
759 760
763 764
766 767
769 770
770 771
771 772
772 773
773 864
863 864
864 865
774 775
775 776
779 780
786 787
789 790
793 794
796 797
797 798
926 927
804 805
804 930
805 806
806 807
807 808
813 814
814 815
815 816
821 822
822 823
825 926
827 828
827 865
831 832
832 833
834 835
835 970
837 838
838 839
839 840
840 841
841 842
842 843
843 844
843 914
844 845
913 914
918 919
848 849
851 852
856 857
857 858
858 859
859 860
860 861
866 867
871 872
979 980
876 884
884 885
877 878
891 892
892 893
895 896
896 897
897 898
897 999
898 899
901 902
902 942
942 972
904 905
909 910
910 911
915 916
916 917
917 918
923 924
932 933
933 934
934 935
940 965
964 965
965 966
945 946
946 947
950 951
954 955
955 956
956 957
957 958
958 959
966 967
973 974
974 975
975 976
978 979
982 983
983 984
987 988
988 989
