1 839
1 933
1 999
770 839
803 839
837 839
838 839
839 840
74 933
932 933
933 934
933 935
115 999
426 999
997 999
998 999
2 3
2 4
2 606
3 4
3 395
4 6
4 255
605 606
606 607
606 770
112 395
393 395
395 396
5 6
6 7
6 8
6 142
194 255
253 255
254 255
255 257
255 274
255 532
5 990
988 990
989 990
990 991
990 992
7 8
7 9
7 169
8 9
8 10
142 144
142 589
9 10
9 11
167 169
168 169
169 529
169 613
10 11
10 12
11 39
11 511
12 13
12 387
37 39
38 39
39 40
39 41
39 213
39 618
39 962
196 511
509 511
510 511
511 512
511 513
511 619
13 14
13 115
385 387
387 388
387 389
387 832
14 15
14 16
113 115
114 115
115 117
115 191
15 16
15 586
15 649
16 17
16 899
584 586
585 586
586 588
586 809
170 649
648 649
17 459
17 736
898 899
899 900
899 901
457 459
458 459
459 460
459 461
459 871
629 736
734 736
736 737
736 738
736 848
18 19
18 20
19 20
19 21
19 327
20 21
20 321
20 640
21 22
21 177
325 327
326 327
327 328
319 321
321 322
321 323
321 496
502 640
610 640
638 640
639 640
640 642
640 929
22 23
22 24
22 181
22 240
175 177
176 177
177 178
177 179
23 24
23 25
24 25
24 26
24 367
24 582
24 628
180 181
181 182
239 240
240 326
25 27
25 581
26 27
26 28
366 367
367 369
580 582
582 584
582 739
626 628
627 628
628 629
27 160
27 972
579 581
580 581
581 583
581 886
28 29
28 30
28 820
28 878
158 160
159 160
160 161
160 164
160 267
970 972
972 973
972 974
29 30
29 31
29 891
30 31
30 32
30 375
818 820
819 820
820 821
876 878
877 878
878 880
31 32
31 715
890 891
891 893
32 34
32 45
32 272
375 537
375 680
713 715
715 716
715 717
33 34
34 943
34 960
43 45
44 45
45 89
267 272
270 272
271 272
272 273
272 274
33 35
33 201
33 884
35 36
35 583
199 201
201 749
883 884
884 885
503 943
811 943
942 943
943 944
144 960
959 960
960 961
960 962
960 971
36 38
36 786
583 584
583 585
37 38
38 40
38 98
38 785
311 786
561 786
784 786
37 632
323 632
630 632
632 634
40 41
40 42
96 98
97 98
98 100
753 785
783 785
784 785
785 787
41 42
41 495
41 570
211 213
213 214
617 618
618 620
618 983
171 962
370 962
644 962
856 962
961 962
42 44
42 825
42 907
464 495
493 495
494 495
495 497
204 570
568 570
570 571
44 741
777 825
823 825
824 825
825 827
737 907
905 907
906 907
907 908
43 266
43 346
264 266
265 266
266 268
266 749
136 346
253 346
345 346
740 741
741 742
741 743
87 89
88 89
89 90
89 91
46 47
46 48
47 48
47 49
48 49
48 50
49 50
49 51
50 197
50 965
51 52
51 53
195 197
196 197
197 199
197 771
289 965
430 965
963 965
964 965
965 966
52 53
52 54
52 212
53 54
53 173
53 497
54 55
54 56
210 212
212 355
172 173
173 174
173 175
173 361
173 993
451 497
496 497
497 499
55 179
55 496
55 548
56 57
56 58
178 179
179 180
179 390
494 496
211 548
547 548
548 549
548 550
57 58
57 59
57 417
57 500
58 59
58 410
58 808
59 60
59 488
415 417
416 417
417 418
498 500
499 500
500 813
409 410
410 411
410 911
410 912
231 808
774 808
806 808
807 808
808 810
60 61
60 62
60 124
60 781
60 912
341 488
486 488
487 488
488 489
488 490
61 62
61 63
62 64
62 842
62 875
122 124
123 124
124 293
779 781
781 961
420 912
682 912
911 912
63 262
63 592
64 66
64 244
64 369
841 842
842 843
471 875
874 875
875 876
875 877
260 262
261 262
262 263
262 264
76 592
590 592
592 594
65 66
66 67
66 68
243 244
244 245
244 246
202 369
369 371
65 67
67 68
67 69
67 522
68 69
68 277
68 386
68 850
69 70
69 71
520 522
522 523
275 277
276 277
277 278
277 279
277 431
384 386
386 388
99 850
636 850
849 850
850 851
70 71
70 72
71 72
71 73
71 295
72 73
72 74
73 75
73 553
293 295
294 295
295 476
74 76
74 318
74 561
75 76
75 77
75 873
551 553
552 553
553 554
553 571
76 210
76 298
76 546
316 318
317 318
318 319
318 443
318 987
559 561
561 563
77 79
77 93
77 379
217 873
325 873
591 873
872 873
208 210
209 210
210 458
210 617
210 883
296 298
297 298
298 299
298 616
298 684
512 546
544 546
545 546
78 79
79 80
79 81
91 93
92 93
93 94
93 95
93 288
190 379
377 379
378 379
379 381
78 80
80 138
80 977
81 82
81 83
138 139
138 196
138 558
105 977
421 977
976 977
977 979
82 83
82 84
83 84
83 85
83 445
83 671
84 85
84 86
85 86
85 232
85 472
85 667
445 883
289 671
671 672
86 87
86 673
230 232
231 232
232 372
470 472
472 473
665 667
666 667
667 668
667 669
87 88
672 673
673 674
673 675
88 90
90 242
90 949
91 728
241 242
242 569
242 716
404 949
770 949
947 949
948 949
949 950
726 728
727 728
728 729
728 730
92 163
92 333
162 163
163 164
331 333
332 333
333 334
333 335
94 95
94 96
94 199
95 96
95 97
287 288
288 289
96 248
198 199
97 99
97 269
97 418
246 248
247 248
248 249
248 250
248 300
99 625
268 269
269 467
416 418
418 420
100 102
100 909
100 975
624 625
625 626
625 722
101 102
102 103
102 844
909 910
909 911
702 975
973 975
974 975
975 976
101 103
103 104
103 105
103 560
772 844
843 844
844 845
844 849
104 105
104 108
104 514
104 752
105 385
105 600
558 560
559 560
560 562
560 674
106 108
107 108
108 109
108 263
512 514
514 515
514 735
299 752
751 752
752 754
205 385
258 385
383 385
384 385
465 600
598 600
599 600
106 107
107 109
107 992
109 110
109 111
109 464
452 992
991 992
992 993
261 263
263 980
110 111
110 112
111 112
111 113
462 464
464 466
464 518
464 945
112 113
112 114
113 137
114 317
114 437
137 139
137 623
315 317
316 317
435 437
437 438
437 439
437 833
437 925
117 118
117 119
117 356
191 192
191 513
191 915
116 118
116 236
116 452
118 119
118 120
236 238
236 720
450 452
452 478
119 121
119 526
119 694
354 356
355 356
356 357
120 121
120 122
121 123
121 721
121 840
524 526
525 526
526 698
526 828
692 694
694 695
694 696
122 123
123 125
721 722
721 723
565 840
840 841
125 127
125 463
291 293
292 293
293 294
126 127
127 128
127 129
127 170
370 463
461 463
462 463
463 465
463 611
126 128
126 954
128 130
128 443
952 954
953 954
954 955
129 130
129 431
129 889
168 170
170 172
170 331
130 132
130 489
441 443
442 443
443 444
443 900
429 431
430 431
431 433
253 889
887 889
888 889
889 890
131 132
132 134
132 424
478 489
487 489
489 490
489 955
131 133
131 749
133 134
133 135
748 749
749 751
134 135
134 136
422 424
424 425
424 426
135 216
135 414
136 442
214 216
215 216
216 217
216 218
412 414
413 414
414 415
414 416
440 442
441 442
442 642
139 140
139 141
428 623
622 623
623 624
194 196
195 196
196 481
196 595
556 558
557 558
140 141
140 879
141 143
141 430
877 879
879 880
879 881
143 144
143 279
143 405
428 430
430 814
144 381
144 938
587 589
588 589
589 590
278 279
279 280
279 281
279 373
403 405
404 405
405 406
380 381
381 382
381 892
936 938
937 938
938 940
145 146
145 147
146 147
146 857
147 148
147 149
855 857
857 858
857 859
148 149
148 150
149 150
149 151
150 151
150 926
151 153
151 491
742 926
924 926
926 928
153 328
153 543
153 865
490 491
491 492
491 684
152 154
152 537
154 156
154 621
154 831
218 537
535 537
536 537
537 539
326 328
328 330
328 746
328 877
541 543
542 543
543 544
543 545
543 847
256 865
863 865
864 865
865 866
155 156
156 157
156 158
253 621
619 621
620 621
358 831
517 831
830 831
155 157
155 767
157 158
157 159
157 1000
765 767
766 767
767 768
158 159
158 174
158 846
159 265
717 1000
848 1000
998 1000
172 174
174 175
845 846
846 847
264 265
265 267
265 392
265 729
161 162
161 994
162 164
164 289
164 676
164 795
267 569
251 994
769 994
993 994
994 995
287 289
674 676
676 677
676 678
358 795
793 795
795 796
795 797
165 166
165 167
166 167
166 168
167 168
167 527
525 527
527 528
396 529
528 529
529 530
529 531
611 613
612 613
613 614
329 331
330 331
331 705
171 620
620 622
620 921
175 176
359 361
361 363
941 993
991 993
176 519
176 918
519 520
519 521
916 918
917 918
918 919
178 180
180 802
389 390
390 924
390 945
659 802
800 802
801 802
802 804
802 838
182 183
182 184
183 184
183 185
184 185
184 186
185 186
185 187
186 187
186 188
186 866
187 188
187 189
187 249
188 189
188 190
864 866
866 867
189 190
189 315
247 249
249 970
190 192
313 315
314 315
315 316
192 193
192 194
403 513
512 513
525 915
913 915
914 915
915 917
193 720
193 772
193 886
719 720
720 722
337 772
885 886
886 887
479 481
481 539
594 595
595 597
595 986
336 771
769 771
771 773
198 200
200 432
200 435
200 444
432 433
432 434
433 435
434 435
435 436
444 455
202 203
202 664
203 205
203 594
662 664
664 732
205 206
205 207
371 594
593 594
204 206
206 323
206 554
206 854
207 209
207 344
207 688
225 323
323 325
323 471
423 554
552 554
554 555
554 556
852 854
853 854
854 856
208 209
209 211
342 344
343 344
344 345
686 688
687 688
688 689
688 690
208 235
233 235
234 235
235 532
211 427
456 458
615 617
616 617
617 619
724 883
881 883
425 427
427 429
427 602
427 684
353 355
355 357
214 215
215 342
340 342
342 343
217 218
218 219
218 220
219 220
219 221
219 454
219 679
220 927
220 958
221 222
221 223
453 454
454 456
454 735
677 679
678 679
679 681
925 927
927 928
927 929
304 958
957 958
958 959
222 224
222 677
223 224
223 483
224 225
224 226
224 234
675 677
677 678
482 483
483 484
483 642
225 823
226 227
226 228
821 823
822 823
823 824
227 228
227 229
228 230
228 359
229 230
229 231
230 231
359 360
370 372
372 373
372 374
233 948
946 948
947 948
948 950
530 532
532 533
532 534
238 239
238 941
237 239
237 633
239 241
239 343
239 951
633 634
633 635
939 941
940 941
941 942
241 836
341 343
950 951
951 953
324 326
325 326
326 428
834 836
835 836
836 837
836 838
567 569
569 571
569 799
714 716
716 718
716 944
243 245
243 593
245 246
245 247
245 320
591 593
246 247
319 320
320 872
250 251
250 252
250 455
300 301
643 970
780 970
968 970
969 970
251 252
251 253
251 627
252 253
252 254
252 651
453 455
455 456
253 787
626 627
254 256
254 917
650 651
651 710
787 789
256 257
916 917
257 259
257 798
273 274
274 275
274 882
258 259
259 260
259 955
490 798
796 798
797 798
798 799
260 261
750 955
821 955
953 955
833 980
978 980
979 980
980 981
980 982
391 392
392 394
727 729
729 730
268 270
268 303
270 271
301 303
302 303
303 304
465 467
466 467
467 468
467 469
271 347
345 347
347 348
347 349
347 407
273 462
275 276
684 882
880 882
276 278
278 280
280 281
280 282
281 282
281 312
281 564
371 373
373 374
373 408
373 461
373 801
282 283
282 284
282 566
282 776
310 312
312 314
562 564
563 564
564 565
564 566
564 738
283 284
283 285
284 285
284 352
565 566
566 567
774 776
776 777
285 286
285 287
350 352
351 352
352 353
352 354
286 287
286 759
412 759
757 759
758 759
759 760
759 761
290 291
290 292
290 598
290 743
291 292
292 983
596 598
597 598
598 979
742 743
743 745
743 895
981 983
982 983
983 984
294 296
296 297
474 476
475 476
476 478
476 521
297 299
297 653
299 855
652 653
653 654
653 764
614 616
615 616
683 684
684 685
855 856
301 339
301 502
301 608
337 339
338 339
339 341
501 502
502 504
502 761
607 608
608 609
302 304
304 305
304 306
304 807
305 306
305 307
306 308
306 824
805 807
806 807
307 308
307 309
308 309
308 310
409 824
822 824
824 826
309 310
309 451
310 406
449 451
451 453
406 407
406 408
311 313
311 888
313 314
887 888
888 890
314 316
985 987
986 987
987 988
870 872
871 872
872 874
322 324
322 528
324 538
324 539
324 885
528 530
528 923
469 471
470 471
371 538
538 540
538 920
539 541
374 885
885 887
426 428
329 330
330 332
330 829
744 746
746 748
876 877
332 334
827 829
828 829
829 830
703 705
704 705
705 706
334 335
334 336
335 336
335 337
335 505
336 337
336 338
337 693
503 505
504 505
505 506
338 407
338 670
353 693
692 693
693 695
407 408
669 670
670 672
340 341
348 349
348 350
348 963
349 350
349 351
349 853
350 351
961 963
351 353
851 853
852 853
353 354
353 357
354 605
354 669
357 358
357 881
603 605
604 605
605 607
668 669
358 911
880 881
910 911
911 913
360 362
360 652
360 848
362 363
362 364
650 652
652 654
363 364
363 365
363 647
364 366
364 599
364 775
365 366
365 550
468 647
645 647
646 647
647 648
366 368
599 601
696 775
773 775
549 550
550 552
550 680
368 370
368 863
861 863
862 863
863 864
371 747
745 747
747 748
374 650
408 756
460 461
433 801
800 801
634 650
648 650
650 957
678 680
680 681
376 377
376 378
377 378
378 380
380 382
380 687
382 383
382 384
382 813
685 687
686 687
890 892
892 893
892 894
383 384
383 696
812 813
813 815
696 698
388 389
388 675
388 777
388 803
389 391
830 832
832 834
777 778
777 779
803 805
391 393
922 924
924 925
910 945
944 945
393 394
394 396
394 644
396 397
642 644
643 644
644 645
644 718
397 398
397 399
398 399
398 400
399 400
399 401
399 920
400 401
400 402
400 967
401 403
401 997
919 920
402 403
402 404
966 967
967 969
403 404
403 744
995 997
996 997
997 998
742 744
612 756
754 756
755 756
756 758
409 838
837 838
838 931
411 412
411 769
768 769
413 415
415 416
416 934
738 934
748 934
932 934
419 420
420 422
419 568
419 740
567 568
740 742
421 422
422 685
421 423
423 425
683 685
685 686
425 426
425 661
531 661
660 661
661 663
429 607
429 753
601 602
602 603
607 631
607 699
751 753
753 754
814 816
434 436
436 438
436 779
438 439
438 440
778 779
779 851
779 988
439 440
439 441
923 925
440 441
440 900
898 900
536 642
641 642
642 643
446 447
446 448
446 780
447 449
447 748
448 449
448 852
778 780
780 847
449 450
449 465
450 956
460 465
662 956
739 956
956 957
453 629
477 478
478 479
478 480
456 457
733 735
734 735
735 737
457 950
950 952
460 630
869 871
870 871
609 611
611 612
466 908
516 518
517 518
518 520
639 908
906 908
908 910
468 470
469 470
473 474
473 475
474 475
475 622
475 773
704 773
520 521
521 523
521 799
477 479
477 765
479 480
763 765
480 482
480 919
482 484
663 919
484 485
484 486
485 486
485 487
485 928
486 487
487 714
487 722
928 929
712 714
722 957
490 492
492 493
492 494
493 494
493 634
494 762
517 634
761 762
762 763
498 499
499 947
946 947
501 503
504 506
760 761
506 507
506 508
507 508
507 509
508 510
508 713
508 760
509 510
510 609
709 713
711 713
712 713
758 760
609 610
512 723
723 724
515 516
515 517
515 939
516 610
516 890
937 939
520 745
523 524
523 525
525 799
797 799
524 525
524 897
895 897
896 897
897 898
698 700
668 828
826 828
827 828
828 830
530 531
922 923
531 533
533 534
533 535
534 535
534 536
535 536
535 597
536 819
596 597
682 819
817 819
818 819
540 541
540 542
541 542
542 544
542 695
544 545
695 697
545 547
845 847
547 549
549 551
551 552
571 572
571 573
571 706
555 556
555 557
556 732
557 635
730 732
731 732
732 733
732 734
635 636
635 637
562 563
562 782
672 674
563 565
782 784
738 739
738 811
572 573
572 574
572 604
573 575
573 929
704 706
706 707
574 575
574 576
603 604
575 576
575 577
791 929
929 931
576 577
576 578
577 578
577 579
577 904
578 579
578 580
579 580
902 904
903 904
904 906
584 585
737 739
585 587
587 588
588 590
588 981
809 810
809 811
590 596
590 794
792 794
793 794
794 796
984 986
985 986
978 979
601 603
614 770
768 770
631 902
691 699
697 699
699 701
612 614
921 922
624 626
626 691
689 691
901 902
902 903
636 637
637 638
637 639
638 639
639 659
657 659
658 659
659 660
641 643
643 645
645 646
718 905
646 648
719 957
708 710
709 710
710 711
710 712
654 655
654 656
763 764
764 766
655 656
655 657
656 657
656 658
656 750
657 658
657 867
658 660
697 750
867 998
660 662
662 663
663 665
663 668
665 666
666 668
681 682
681 683
689 690
690 692
690 973
971 973
973 974
700 701
700 702
701 702
701 703
702 914
703 704
913 914
914 916
707 708
707 709
708 709
709 711
711 712
717 733
717 821
942 944
944 946
731 733
821 822
903 905
905 906
724 725
725 726
725 727
726 727
730 731
810 811
811 812
893 895
894 895
754 755
755 757
757 758
766 768
849 851
988 989
959 961
783 784
788 789
789 790
789 791
789 812
788 790
790 792
790 841
791 793
810 812
792 793
841 843
796 797
804 805
804 806
805 806
815 816
815 817
816 817
816 818
817 818
826 827
834 835
835 837
930 931
931 932
843 845
856 858
858 859
858 860
859 860
859 861
860 861
860 862
861 976
862 864
974 976
976 978
996 998
868 869
868 870
869 870
874 876
893 894
894 896
896 898
901 903
930 953
952 953
935 936
935 937
936 937
940 942
969 971
964 966
966 968
968 969
982 984
984 985
989 991
995 996
