1 2
1 3
1 991
1 999
1 1000
2 3
2 4
2 1000
3 4
3 5
990 991
991 993
997 999
998 999
999 1000
998 1000
4 5
4 661
5 6
5 7
659 661
660 661
661 662
661 663
6 7
6 8
7 8
7 9
8 9
8 10
9 10
9 11
9 48
10 11
10 12
11 12
11 905
46 48
47 48
48 50
12 14
12 454
12 763
903 905
904 905
905 906
905 907
14 15
14 16
452 454
453 454
454 455
762 763
763 764
763 765
13 15
13 844
15 16
15 17
275 844
842 844
843 844
844 845
16 17
16 18
17 19
17 728
18 19
18 20
19 20
19 21
726 728
727 728
728 729
728 730
20 21
20 22
21 23
21 126
22 23
22 24
23 24
23 25
124 126
125 126
126 127
126 128
24 26
24 352
25 26
25 27
26 27
26 285
26 506
350 352
351 352
352 353
352 354
27 28
27 29
283 285
284 285
285 286
504 506
505 506
506 507
506 508
28 29
28 30
29 30
29 31
30 31
30 32
30 974
31 33
31 370
32 33
32 666
421 974
900 974
972 974
973 974
974 975
33 34
33 35
368 370
369 370
370 371
370 372
664 666
665 666
666 667
666 668
34 35
34 36
34 101
34 344
34 947
35 36
35 912
36 38
36 918
99 101
100 101
101 102
342 344
343 344
344 346
344 790
319 947
946 947
947 949
910 912
911 912
912 913
912 914
37 38
38 39
38 40
916 918
918 919
918 920
37 39
39 40
39 41
40 42
40 465
41 42
41 43
41 970
42 43
42 44
463 465
464 465
465 466
465 467
43 44
43 45
516 970
969 970
44 45
44 46
44 306
45 47
45 310
46 47
304 306
305 306
306 308
47 49
308 310
309 310
310 311
310 312
49 50
49 51
50 51
50 52
51 52
51 53
52 53
52 54
53 54
53 681
54 55
54 56
679 681
680 681
681 683
681 978
55 56
55 57
56 57
56 58
57 58
57 59
58 59
58 60
59 60
59 61
59 193
60 61
60 62
61 62
61 63
191 193
193 195
62 63
62 168
63 64
63 65
63 186
166 168
167 168
168 169
168 170
64 65
64 66
65 67
65 313
186 188
66 68
66 142
67 68
67 69
311 313
312 313
313 314
313 315
68 69
68 70
140 142
142 144
142 148
69 70
69 71
69 578
70 71
70 72
71 72
71 73
577 578
578 579
72 73
72 74
73 74
73 403
74 75
74 76
74 359
74 910
248 403
401 403
402 403
403 404
403 405
75 76
75 77
76 77
76 78
76 891
359 360
908 910
909 910
77 78
77 79
77 326
78 79
78 80
889 891
890 891
891 893
79 80
79 81
324 326
325 326
326 327
80 81
80 82
80 426
81 82
81 83
81 808
82 83
82 84
424 426
425 426
426 427
83 85
83 638
185 808
450 808
806 808
807 808
808 809
84 85
84 86
84 843
85 86
85 87
636 638
637 638
638 639
638 640
86 87
86 88
86 601
841 843
842 843
87 88
87 834
88 89
88 90
88 548
599 601
600 601
601 603
601 619
149 834
832 834
833 834
834 835
834 836
89 90
89 91
90 91
90 92
416 548
546 548
547 548
91 93
91 200
92 93
92 94
93 94
93 95
198 200
199 200
200 201
200 202
94 95
94 96
95 96
95 97
95 684
96 97
96 98
97 98
97 876
97 902
682 684
683 684
684 685
98 99
98 100
98 488
874 876
876 878
822 902
900 902
901 902
902 903
902 904
99 100
100 102
486 488
487 488
488 489
102 103
102 253
103 104
103 105
251 253
252 253
253 254
253 255
104 105
104 106
105 106
105 107
106 107
106 108
107 108
107 361
108 109
108 110
361 362
361 363
109 110
109 111
110 111
110 112
111 112
111 113
112 113
112 114
113 114
113 115
114 115
114 116
115 117
115 537
115 824
116 117
116 118
117 118
117 119
535 537
536 537
537 538
473 824
822 824
823 824
824 825
824 826
824 956
118 119
118 514
119 120
119 467
512 514
513 514
514 515
514 516
120 121
120 122
466 467
467 468
467 469
121 123
121 203
122 123
122 124
123 124
123 125
201 203
202 203
203 204
203 205
124 125
125 127
125 482
127 129
127 201
127 541
480 482
481 482
482 483
128 129
128 130
129 130
129 356
129 413
199 201
201 202
539 541
540 541
541 543
130 131
130 132
130 427
354 356
355 356
356 357
356 358
411 413
412 413
413 414
131 132
131 133
132 133
132 134
425 427
427 428
133 134
133 954
134 135
134 136
952 954
953 954
954 956
954 967
135 136
135 137
136 137
136 138
136 357
137 138
137 139
137 282
138 139
138 140
355 357
357 358
139 140
139 141
280 282
281 282
282 284
140 141
141 143
141 274
141 662
143 144
143 145
143 261
272 274
273 274
274 275
660 662
662 663
662 664
144 145
144 146
146 148
147 148
148 149
148 150
148 603
145 146
145 147
259 261
260 261
261 429
146 147
147 149
147 158
147 219
149 151
156 158
157 158
158 160
217 219
218 219
219 221
150 151
150 152
150 864
602 603
603 604
151 152
151 153
151 278
152 153
152 154
862 864
863 864
864 865
153 154
153 719
276 278
277 278
278 280
154 155
154 156
717 719
718 719
719 720
719 721
155 156
155 157
156 157
157 159
159 160
159 161
160 809
160 983
161 162
161 163
807 809
809 810
809 811
883 983
981 983
982 983
983 984
162 163
162 164
162 291
163 164
163 165
164 165
164 166
238 291
289 291
290 291
291 293
165 166
165 167
166 167
167 169
169 170
169 171
169 628
170 171
170 172
171 172
171 173
626 628
627 628
628 630
172 173
172 174
173 174
173 175
174 175
174 176
175 176
175 177
175 790
176 177
176 178
177 178
177 179
788 790
789 790
178 180
178 271
179 180
179 181
180 181
180 890
269 271
270 271
271 272
271 273
271 518
181 182
181 183
888 890
889 890
890 892
182 183
182 184
183 184
183 185
184 185
184 780
185 187
778 780
779 780
780 781
780 782
187 188
187 189
188 189
188 190
189 190
189 191
190 191
190 192
191 192
192 194
192 341
192 353
192 829
194 195
194 196
339 341
340 341
341 342
341 421
351 353
353 355
827 829
828 829
829 831
195 196
195 197
196 197
196 198
197 198
197 199
198 199
202 204
204 206
204 507
205 206
205 207
206 207
206 208
505 507
507 508
507 509
207 208
207 209
208 209
208 210
209 210
209 211
210 211
210 212
211 212
211 213
212 213
212 945
213 214
213 215
685 945
943 945
944 945
945 946
214 215
214 216
214 746
215 217
215 916
216 217
216 218
744 746
745 746
746 748
217 264
914 916
915 916
916 917
218 220
218 625
262 264
263 264
264 265
264 266
220 221
220 612
623 625
624 625
625 627
221 222
221 223
610 612
611 612
612 613
612 614
612 886
222 223
222 224
223 224
223 225
223 275
224 225
224 226
225 226
225 227
232 275
273 275
275 277
275 420
226 227
226 228
227 228
227 229
227 739
228 229
228 230
229 230
229 231
229 239
495 739
737 739
738 739
739 741
230 231
230 237
231 232
231 233
237 239
238 239
239 241
235 237
236 237
237 238
232 233
233 234
233 235
234 235
234 236
235 236
236 238
240 241
241 242
241 243
240 242
242 243
242 244
243 244
243 245
244 245
244 246
245 247
245 283
246 247
246 248
247 248
247 249
281 283
283 284
248 250
249 250
249 251
250 251
250 252
250 538
251 252
251 645
252 254
536 538
538 539
643 645
645 646
254 255
254 256
255 256
255 257
256 257
256 258
257 258
257 259
258 259
258 580
258 881
259 260
579 580
580 581
879 881
880 881
881 882
881 883
260 262
260 800
262 263
798 800
799 800
800 801
428 429
429 430
429 777
263 358
263 784
358 379
358 923
782 784
784 786
265 266
265 267
266 267
266 268
267 268
267 269
268 269
268 270
269 270
269 859
270 272
857 859
858 859
859 860
859 989
272 273
516 518
517 518
518 520
276 277
277 279
418 420
419 420
420 520
279 280
279 281
280 547
545 547
546 547
547 549
284 286
286 287
286 288
286 659
287 288
287 289
287 438
288 289
288 290
657 659
658 659
289 290
436 438
437 438
438 440
290 292
292 293
292 294
292 307
292 539
293 294
293 295
294 295
294 296
294 360
305 307
307 308
295 296
295 297
296 297
296 298
360 362
297 298
297 527
297 812
298 299
298 300
525 527
526 527
527 528
527 529
810 812
812 813
299 300
299 301
300 301
300 302
301 302
301 303
302 304
302 555
303 304
303 305
304 305
553 555
554 555
555 556
555 557
308 691
689 691
690 691
691 692
691 693
309 311
311 312
312 314
314 315
314 316
315 316
315 641
316 317
316 318
639 641
640 641
641 642
641 643
317 318
317 319
318 319
318 320
319 321
320 321
320 322
321 322
321 323
322 323
322 324
323 324
323 325
324 325
324 944
325 327
735 944
942 944
943 944
327 328
327 329
327 761
328 329
328 330
329 331
329 667
759 761
760 761
761 762
330 331
330 332
331 332
331 333
665 667
667 668
667 908
332 333
332 334
333 334
333 335
334 335
334 336
334 923
335 336
335 337
336 337
336 338
921 923
922 923
923 925
337 338
337 339
338 339
338 340
339 340
340 342
342 343
342 978
419 421
421 422
343 345
976 978
977 978
978 979
345 346
345 347
346 347
346 348
347 348
347 349
348 349
348 350
349 350
349 921
350 626
919 921
920 921
921 922
624 626
626 627
354 355
377 379
378 379
379 380
379 979
362 363
362 364
363 364
363 365
364 365
364 366
365 367
365 785
366 367
366 368
367 368
367 369
783 785
785 786
785 787
368 369
369 371
371 372
371 373
372 373
372 374
373 374
373 375
373 392
374 375
374 376
375 377
375 889
390 392
391 392
392 394
376 377
376 378
376 487
377 378
887 889
888 889
378 380
485 487
486 487
380 381
380 382
977 979
979 980
979 981
381 382
381 383
382 383
382 384
383 384
383 385
384 385
384 386
384 395
385 387
385 932
386 387
386 388
393 395
394 395
395 396
387 388
387 389
930 932
931 932
932 933
932 934
388 389
388 390
389 390
389 391
390 709
390 783
391 393
708 709
709 710
709 711
781 783
782 783
393 394
394 653
494 653
651 653
652 653
653 654
396 397
396 398
397 398
397 399
398 399
398 400
399 400
399 401
400 401
400 402
401 402
401 786
402 404
786 788
404 405
404 406
405 406
405 407
406 407
406 408
407 408
407 409
408 409
408 410
408 773
409 410
409 411
410 411
410 412
771 773
773 774
411 412
412 414
414 415
414 416
415 416
415 417
416 417
416 418
417 418
417 419
418 419
419 772
568 772
770 772
771 772
519 520
520 521
520 522
422 423
422 424
423 424
423 425
424 425
428 430
430 431
430 432
430 707
775 777
776 777
777 778
777 779
431 432
431 433
432 433
432 434
675 707
705 707
706 707
707 708
433 434
433 435
434 435
434 436
435 436
435 437
436 437
437 439
439 440
439 441
440 441
440 442
441 442
441 443
442 443
442 803
443 444
443 445
802 803
803 804
803 805
444 445
444 446
445 446
445 447
446 447
446 448
447 448
447 449
448 449
448 450
449 450
449 451
450 451
451 452
451 453
452 453
453 455
455 456
455 457
456 457
456 458
456 937
457 458
457 459
458 459
458 460
458 875
935 937
936 937
937 939
459 460
459 461
460 461
460 462
873 875
874 875
875 877
461 462
461 463
462 463
462 464
463 464
464 466
466 868
491 868
866 868
867 868
868 869
868 870
468 469
468 470
469 471
469 510
470 471
470 472
471 472
471 473
508 510
509 510
510 511
510 512
472 473
472 474
473 474
474 475
474 476
474 490
475 476
475 477
476 477
476 478
489 490
490 491
477 478
477 479
478 479
478 480
479 480
479 481
480 481
481 483
483 484
483 485
484 485
484 486
485 486
489 491
491 493
492 493
493 494
493 495
492 494
494 495
494 540
495 497
540 542
540 968
496 497
497 498
497 499
496 498
498 499
498 500
499 500
499 501
500 501
500 502
501 502
501 503
502 503
502 504
503 504
503 505
504 505
508 509
509 511
509 751
511 512
511 513
614 751
749 751
750 751
751 753
512 513
513 515
515 516
515 517
516 517
517 519
519 521
521 522
521 523
522 523
522 524
523 524
523 525
524 525
524 526
525 526
526 528
528 529
528 530
529 531
529 618
530 531
530 532
531 532
531 533
616 618
617 618
618 619
618 683
532 533
532 534
533 534
533 535
534 535
534 536
535 536
542 543
542 544
966 968
967 968
968 969
543 544
543 545
544 545
544 546
545 546
549 550
549 551
550 551
550 552
551 552
551 553
552 553
552 554
553 554
554 556
556 557
556 558
557 558
557 559
558 559
558 560
559 560
559 561
560 561
560 562
561 562
561 563
562 563
562 564
563 564
563 565
564 565
564 602
565 566
565 567
565 647
600 602
602 604
566 567
566 708
567 568
567 569
646 647
647 649
706 708
708 710
568 569
568 570
569 570
569 571
570 571
570 572
571 572
571 573
572 573
572 574
573 574
573 575
574 575
574 576
575 576
575 577
576 577
576 752
577 579
750 752
752 753
752 754
579 581
581 582
581 583
582 583
582 584
583 584
583 585
584 585
584 586
584 632
585 586
585 587
586 587
586 588
630 632
631 632
632 634
587 588
587 589
588 589
588 590
589 590
589 591
590 591
590 592
591 592
591 593
592 593
592 594
593 594
593 595
594 595
594 596
595 596
595 597
596 597
596 598
597 598
597 599
598 599
598 600
599 600
617 619
619 620
619 644
619 985
604 605
604 606
605 606
605 755
606 607
606 608
606 650
753 755
754 755
755 756
755 757
755 775
607 608
607 609
608 609
608 610
648 650
649 650
650 651
609 610
609 611
610 611
611 613
613 614
613 615
614 615
884 886
885 886
886 888
615 616
615 617
616 617
682 683
683 685
620 621
620 622
642 644
643 644
644 646
984 985
985 986
621 622
621 623
622 623
622 624
623 624
627 629
629 630
629 631
630 631
631 633
633 634
633 635
634 635
634 636
635 636
635 637
636 637
637 639
639 640
640 642
642 643
646 648
648 649
649 651
651 652
652 654
654 655
654 656
655 656
655 657
656 657
656 658
657 658
658 660
663 664
663 665
664 665
668 669
668 670
878 908
906 908
907 908
669 670
669 671
670 671
670 672
671 672
671 673
672 673
672 674
673 674
673 675
674 675
674 676
675 677
676 677
676 678
677 678
677 679
678 679
678 680
679 680
680 682
685 686
685 687
686 687
686 688
687 688
687 689
688 689
688 690
689 690
690 692
692 693
692 694
693 694
693 695
694 695
694 696
695 696
695 697
696 697
696 698
697 698
697 699
698 699
698 700
698 989
699 700
699 701
700 701
700 702
987 989
988 989
701 702
701 703
702 703
702 704
703 704
703 705
704 706
704 836
705 706
836 837
836 838
710 711
710 712
711 712
711 713
712 713
712 714
713 714
713 715
714 715
714 716
715 716
715 717
715 933
716 717
716 718
717 718
931 933
933 935
718 720
720 721
720 722
721 722
721 723
722 723
722 724
723 724
723 725
724 726
724 866
725 726
725 727
726 727
865 866
866 867
727 729
729 730
729 731
730 731
730 732
731 732
731 733
732 733
732 734
733 734
733 735
734 735
734 736
735 737
736 737
736 738
737 738
738 740
740 741
740 742
741 742
741 743
742 743
742 744
743 744
743 745
744 745
745 747
747 748
747 749
748 749
748 750
749 750
753 754
754 756
756 757
756 758
757 758
757 759
774 775
758 759
758 760
759 760
760 762
762 764
764 765
764 766
765 766
765 767
766 767
766 768
767 768
767 769
768 769
768 770
769 770
769 771
770 771
774 776
776 778
778 779
779 781
781 782
787 788
787 789
788 789
789 791
791 792
791 793
792 793
792 794
793 794
793 795
794 795
794 796
795 796
795 797
796 797
796 798
797 798
797 799
798 799
799 854
852 854
853 854
854 855
854 856
801 802
801 878
802 804
877 878
878 880
878 885
804 805
804 806
805 806
805 807
806 807
810 811
810 934
811 813
811 887
934 936
813 814
813 815
885 887
887 888
814 815
814 816
815 816
815 817
816 817
816 818
817 818
817 819
818 819
818 820
819 820
819 821
820 821
820 822
821 822
821 823
823 825
825 826
825 827
826 827
826 828
955 956
956 957
827 828
828 830
830 832
830 941
831 832
831 833
832 833
939 941
940 941
941 942
941 943
833 835
835 837
835 840
837 838
837 839
838 840
839 840
840 841
840 842
838 839
839 841
841 842
845 846
845 847
846 847
846 848
847 848
847 849
848 849
848 850
849 850
849 851
850 851
850 852
851 852
851 853
852 853
853 855
855 856
855 857
856 857
856 858
857 858
858 860
860 861
860 862
861 862
861 863
862 863
863 865
865 867
867 869
869 870
869 871
870 871
870 872
871 872
871 873
872 873
872 874
873 874
877 879
879 880
880 882
883 885
884 885
882 883
882 884
883 884
892 894
892 898
893 894
893 895
894 895
894 896
896 898
897 898
898 900
898 960
895 896
895 897
896 897
897 899
899 900
899 901
958 960
959 960
960 961
960 962
901 903
903 904
904 906
906 907
907 909
909 911
911 913
913 914
913 915
914 915
915 917
917 919
917 980
919 920
980 981
980 982
920 922
922 924
924 925
924 926
925 926
925 927
926 927
926 928
927 928
927 929
928 929
928 930
928 987
929 930
929 931
930 931
986 987
935 936
936 938
938 939
938 940
939 940
940 942
942 943
946 948
948 949
948 950
949 950
949 951
950 951
950 952
951 952
951 953
952 953
953 955
955 957
965 967
966 967
967 969
957 958
957 959
958 959
959 961
961 962
961 963
962 963
962 964
963 964
963 965
964 965
964 966
965 966
969 971
971 972
971 973
972 973
973 975
975 976
975 977
976 977
981 982
982 984
984 986
986 988
988 990
990 992
992 993
992 994
993 994
993 995
994 995
994 996
995 996
995 997
996 997
996 998
997 998
