1 3
1 511
1 999
1 1000
2 3
3 4
3 5
509 511
510 511
511 512
511 513
997 999
998 999
999 1000
2 1000
998 1000
2 4
4 5
4 6
4 830
5 6
5 7
6 7
6 8
40 830
828 830
829 830
7 8
7 9
8 9
8 10
8 344
9 10
9 11
10 11
10 12
342 344
343 344
344 346
344 362
11 12
11 13
12 13
12 14
13 14
13 15
14 15
14 16
15 16
15 17
15 805
16 17
16 18
17 18
17 19
17 31
17 122
804 805
805 807
18 19
18 20
19 20
19 21
30 31
31 33
120 122
121 122
122 123
20 21
20 22
21 22
21 23
22 23
22 50
23 24
23 25
48 50
49 50
50 51
50 52
24 25
24 873
25 26
25 580
25 762
871 873
872 873
873 874
873 875
26 27
26 28
26 93
578 580
579 580
580 581
580 582
760 762
761 762
762 763
27 28
27 29
28 198
28 279
91 93
92 93
93 94
29 30
29 359
196 198
197 198
198 199
198 200
198 732
277 279
278 279
279 280
279 281
30 32
357 359
358 359
359 360
359 361
32 33
32 109
33 34
33 35
107 109
108 109
109 110
109 111
34 35
34 36
35 36
35 37
36 37
36 38
37 38
37 39
37 803
38 39
38 40
39 41
39 861
801 803
802 803
803 804
40 41
40 42
41 42
41 43
859 861
861 862
861 863
42 43
42 44
43 44
43 374
44 45
44 938
372 374
373 374
374 376
374 877
45 46
45 954
246 938
936 938
937 938
938 939
46 47
46 48
952 954
953 954
954 955
954 956
47 48
47 49
47 994
48 49
49 51
993 994
994 996
51 52
51 53
52 53
52 54
53 54
53 55
54 55
54 56
54 569
54 855
55 56
55 57
56 57
56 58
567 569
569 570
509 855
853 855
854 855
855 856
57 58
57 59
58 59
58 60
59 60
59 61
60 61
60 62
61 62
61 63
62 64
62 298
62 573
63 64
63 65
63 212
64 65
64 66
296 298
297 298
298 299
572 573
573 574
573 575
65 66
65 67
210 212
211 212
212 213
66 67
66 68
67 68
67 69
68 69
68 70
69 70
69 71
70 71
70 72
71 72
71 73
72 73
72 829
73 74
73 258
827 829
828 829
829 831
74 75
74 612
256 258
257 258
258 259
258 260
75 76
75 77
611 612
612 613
612 614
76 77
76 78
76 462
77 78
77 79
78 79
78 80
460 462
461 462
462 463
79 80
79 81
80 82
80 308
81 82
81 83
82 83
82 84
306 308
307 308
308 309
308 310
83 84
83 85
83 857
84 85
84 86
85 86
85 87
856 857
857 859
86 87
86 959
87 88
87 89
957 959
958 959
959 960
959 961
88 89
88 90
89 90
89 760
90 91
90 92
758 760
759 760
760 761
91 92
92 335
333 335
334 335
335 336
335 337
94 95
94 96
95 96
95 97
96 97
96 98
97 98
97 99
98 99
98 100
99 100
99 101
100 101
100 102
101 102
101 103
102 103
102 104
103 104
103 105
104 105
104 106
105 106
105 107
106 107
106 889
107 108
107 425
887 889
888 889
889 890
889 891
108 110
423 425
424 425
425 427
425 561
110 111
110 112
111 112
111 113
112 113
112 114
113 114
113 321
114 115
114 116
320 321
321 322
321 323
115 116
115 117
116 117
116 118
117 118
117 246
118 119
118 120
244 246
245 246
246 247
246 248
119 120
119 121
120 121
121 123
123 124
123 125
123 910
124 125
124 126
125 126
125 127
485 910
908 910
909 910
910 912
126 127
126 250
126 545
127 128
127 129
248 250
249 250
250 251
250 252
326 545
543 545
544 545
545 547
128 129
128 130
129 130
129 131
130 131
130 132
131 132
131 133
132 133
132 134
133 134
133 583
134 135
134 136
581 583
582 583
583 584
583 585
135 137
135 593
136 137
136 138
137 138
137 139
137 725
591 593
592 593
593 594
593 595
138 139
138 140
139 140
139 141
538 725
723 725
724 725
725 726
140 141
140 142
141 142
141 143
142 143
142 144
142 505
143 145
143 928
144 145
144 146
144 533
503 505
504 505
505 506
145 146
145 147
926 928
927 928
928 929
928 930
146 147
146 148
531 533
532 533
533 535
147 148
147 149
148 149
148 150
149 150
149 151
150 151
150 152
151 152
151 153
152 153
152 154
152 243
153 154
153 155
154 155
154 156
241 243
242 243
243 244
155 156
155 157
155 677
156 157
156 158
157 159
157 688
159 677
675 677
676 677
677 679
158 159
158 160
158 559
159 160
686 688
687 688
688 689
688 690
160 161
160 162
557 559
558 559
559 609
161 163
161 581
162 163
162 164
163 165
163 797
579 581
581 582
164 166
164 295
165 166
165 167
165 852
795 797
796 797
797 798
797 799
166 167
166 168
293 295
294 295
295 296
295 297
295 610
167 168
167 169
850 852
851 852
852 854
168 169
168 170
169 170
169 171
170 171
170 172
171 172
171 173
172 173
172 174
173 174
173 175
174 175
174 176
174 763
175 176
175 177
176 177
176 178
176 194
761 763
763 765
177 178
177 179
178 179
178 180
192 194
193 194
194 195
179 180
179 181
180 182
180 436
181 182
181 183
182 183
182 184
434 436
435 436
436 437
436 438
183 184
183 522
184 185
184 186
520 522
521 522
522 524
522 759
185 186
185 187
186 187
186 188
187 188
187 189
188 189
188 190
188 388
189 190
189 191
190 191
190 950
386 388
387 388
388 847
191 192
191 193
948 950
949 950
950 951
950 952
192 193
193 195
195 196
195 197
196 197
197 199
197 487
199 201
199 317
486 487
487 488
200 201
200 202
730 732
731 732
732 733
201 202
201 203
315 317
316 317
317 318
317 319
317 468
202 204
202 801
203 204
203 205
204 205
204 206
799 801
800 801
801 802
205 206
205 207
205 224
206 207
206 208
207 208
207 209
222 224
224 226
208 209
208 210
209 210
209 211
210 211
211 213
213 214
213 215
214 215
214 216
215 216
215 217
216 218
216 260
217 218
217 219
218 219
218 220
259 260
260 261
260 710
219 220
219 221
220 221
220 222
221 222
221 223
222 223
223 225
223 804
225 226
225 227
802 804
804 806
226 227
226 228
227 228
227 229
228 229
228 230
229 231
229 377
230 231
230 232
231 232
231 233
375 377
377 378
377 379
232 233
232 234
233 234
233 235
234 235
234 236
235 236
235 237
235 741
236 238
236 313
237 238
237 239
237 895
739 741
740 741
741 742
238 239
238 240
238 942
311 313
312 313
313 314
313 315
239 240
239 241
893 895
895 896
240 241
240 242
940 942
941 942
942 944
241 242
241 479
242 244
242 319
477 479
478 479
479 481
244 245
319 320
245 247
247 248
247 249
248 249
249 251
251 252
251 253
252 253
252 254
253 254
253 686
253 728
254 255
254 256
684 686
685 686
563 728
726 728
727 728
728 729
255 256
255 257
256 257
257 259
259 261
261 262
261 263
708 710
709 710
710 711
710 712
262 263
262 264
263 264
263 265
264 266
264 879
265 266
265 267
266 267
266 268
877 879
878 879
879 880
879 881
267 268
267 782
268 270
268 758
702 782
780 782
781 782
782 783
782 784
269 270
270 271
270 819
756 758
757 758
758 759
269 271
271 305
271 800
817 819
818 819
819 820
819 821
303 305
304 305
305 306
305 307
798 800
799 800
800 802
272 274
272 324
273 274
274 275
274 276
322 324
323 324
324 325
324 326
273 275
273 849
275 276
275 277
847 849
848 849
849 850
276 277
276 278
276 563
277 278
278 280
561 563
562 563
563 564
280 281
280 282
281 282
281 283
282 283
282 301
283 284
283 285
299 301
300 301
301 302
301 303
284 285
284 286
285 286
285 287
286 287
286 288
287 288
287 289
287 318
288 289
288 290
289 290
289 291
318 320
290 291
290 292
291 292
291 293
292 293
292 294
293 294
294 296
296 297
297 299
608 610
609 610
610 611
299 300
300 302
302 303
302 304
302 834
303 304
304 306
832 834
833 834
834 835
306 307
307 402
307 894
307 978
400 402
402 403
892 894
893 894
894 896
976 978
977 978
978 979
978 980
309 310
309 311
310 311
310 312
311 312
312 314
314 315
314 316
315 316
316 602
468 602
600 602
601 602
602 604
466 468
467 468
468 469
320 322
320 457
322 323
455 457
456 457
457 459
323 325
325 326
325 327
326 328
327 328
327 329
327 869
328 329
328 330
329 330
329 331
867 869
868 869
869 871
330 331
330 332
331 332
331 333
331 337
332 333
332 334
333 334
336 337
337 339
334 336
336 338
338 339
338 340
339 340
339 341
340 341
340 342
341 342
341 343
342 343
343 345
345 346
345 347
346 347
346 348
360 362
361 362
362 363
347 348
347 349
348 349
348 350
349 350
349 351
350 351
350 352
351 352
351 353
352 353
352 354
353 354
353 355
354 355
354 356
355 356
355 357
355 560
356 357
356 358
357 358
357 469
558 560
560 561
358 360
467 469
469 471
360 361
361 363
363 365
363 691
364 365
365 366
365 367
689 691
690 691
691 692
691 693
364 366
366 367
366 368
367 368
367 369
368 369
368 370
369 370
369 371
370 371
370 372
371 372
371 373
372 373
373 375
375 376
376 378
376 787
875 877
876 877
877 878
378 379
378 380
714 787
785 787
786 787
787 788
379 380
379 381
380 381
380 382
381 382
381 383
382 383
382 384
383 384
383 385
383 835
384 385
384 386
385 387
385 396
833 835
835 836
386 387
386 902
387 389
394 396
395 396
396 397
396 398
396 926
900 902
901 902
902 903
389 391
389 683
845 847
846 847
847 848
390 391
391 392
391 393
681 683
682 683
683 684
683 685
390 392
392 393
392 394
393 394
393 395
393 915
394 395
395 397
913 915
914 915
915 917
397 398
397 700
398 399
398 400
924 926
925 926
698 700
699 700
700 701
700 702
399 400
399 401
400 401
401 403
401 532
403 404
403 405
530 532
531 532
532 534
404 406
404 540
405 406
405 407
406 407
406 408
539 540
540 541
540 542
407 408
407 409
408 409
408 410
409 410
409 411
409 512
410 411
410 412
411 412
411 413
510 512
512 514
412 413
412 414
412 832
413 414
413 415
414 415
414 416
831 832
415 416
415 417
416 417
416 418
417 418
417 503
418 420
418 635
501 503
502 503
503 808
419 420
420 421
420 422
633 635
634 635
635 636
635 637
419 421
421 422
421 423
422 424
422 443
423 424
424 426
441 443
442 443
443 444
443 445
426 427
426 428
427 428
427 429
428 429
428 430
429 430
429 431
430 431
430 432
431 433
431 751
432 433
432 434
433 434
433 435
624 751
749 751
751 752
751 753
434 435
435 437
437 438
437 465
438 439
438 440
463 465
464 465
465 466
465 467
439 441
439 654
440 441
440 442
440 472
441 442
652 654
653 654
654 655
654 656
442 444
470 472
471 472
472 474
444 445
444 446
445 446
445 447
446 447
446 448
447 448
447 449
447 564
448 449
448 450
448 585
449 450
449 451
562 564
564 565
450 451
450 974
450 992
584 585
585 587
451 452
451 453
972 974
973 974
974 975
974 976
990 992
991 992
992 993
452 454
452 570
453 454
453 455
454 455
454 456
568 570
570 571
570 572
455 456
456 458
458 459
458 460
459 460
459 461
460 461
461 463
463 464
464 466
466 467
470 471
471 473
473 474
473 475
473 765
474 476
474 775
475 476
475 477
764 765
765 766
476 477
476 478
773 775
774 775
775 776
775 777
477 478
478 480
480 481
480 482
481 482
481 483
482 483
482 484
483 484
483 485
483 891
484 485
484 486
485 486
891 892
486 488
488 489
488 490
489 490
489 491
490 491
490 492
491 492
491 493
492 493
492 494
493 494
493 495
494 495
494 496
495 496
495 497
496 497
496 498
497 498
497 499
498 499
498 500
499 500
499 501
500 501
500 502
501 502
502 504
504 506
807 808
808 809
808 810
506 507
506 508
507 508
507 768
508 509
508 510
508 890
766 768
768 769
768 770
888 890
890 892
513 514
513 515
514 515
514 516
515 516
515 517
516 517
516 518
517 518
517 519
518 519
518 520
519 520
519 521
520 521
521 523
523 524
523 525
523 750
524 525
524 526
757 759
759 761
525 526
525 527
748 750
749 750
750 752
750 820
526 527
526 528
527 528
527 529
528 529
528 530
529 530
529 531
530 531
534 535
534 536
535 536
535 537
536 537
536 538
537 539
537 546
538 539
539 541
544 546
546 547
546 548
541 542
541 543
542 543
542 544
543 544
543 701
543 806
699 701
701 703
806 807
547 548
547 549
548 549
548 550
549 550
549 551
550 551
550 552
551 552
551 553
552 553
552 554
553 554
553 555
554 555
554 556
555 556
555 557
556 557
556 558
557 558
607 609
608 609
609 611
565 566
565 567
566 567
566 676
567 568
674 676
675 676
676 678
568 578
576 578
577 578
578 579
578 637
571 572
571 672
572 574
670 672
671 672
672 673
672 674
574 575
574 576
575 576
575 577
576 577
577 579
636 637
637 638
582 584
584 586
586 587
586 588
587 588
587 589
588 589
588 590
589 590
589 591
590 591
590 592
591 592
592 594
594 595
594 596
595 596
595 597
596 597
596 598
597 598
597 599
598 599
598 600
598 663
599 600
599 601
600 601
662 663
663 664
601 603
603 604
603 605
604 605
604 606
605 606
605 607
606 607
606 608
607 863
862 863
863 864
863 865
611 613
613 614
613 615
614 615
614 616
615 616
615 617
616 617
616 618
617 618
617 619
618 619
618 620
618 736
619 620
619 621
620 621
620 622
734 736
735 736
736 738
621 622
621 623
622 623
622 624
623 624
623 625
623 734
624 625
625 626
625 627
625 716
733 734
626 627
626 628
627 628
627 629
714 716
715 716
716 717
628 629
628 630
629 630
629 631
630 631
630 632
631 632
631 633
632 633
632 634
632 754
633 634
634 636
752 754
753 754
754 756
636 638
638 639
638 640
639 640
639 641
640 641
640 642
640 860
641 642
641 643
641 949
642 643
642 644
752 860
858 860
859 860
860 862
643 644
643 645
947 949
948 949
644 645
644 646
645 646
645 647
646 647
646 648
647 648
647 649
648 649
648 650
649 650
649 651
650 651
650 652
651 652
651 653
651 838
652 653
653 655
836 838
837 838
838 840
655 656
655 657
656 657
656 658
657 658
657 659
657 767
658 659
658 660
659 660
659 661
766 767
767 769
660 661
660 662
661 662
661 680
662 664
678 680
679 680
680 681
680 682
664 665
664 666
665 666
665 667
666 667
666 668
667 668
667 669
668 669
668 670
669 670
669 671
670 671
671 673
673 674
673 675
674 675
678 679
679 681
681 682
682 684
684 685
685 687
685 912
687 689
911 912
912 914
689 690
690 692
692 693
692 694
693 694
693 695
694 695
694 696
695 696
695 697
696 697
696 698
697 698
697 699
698 699
702 703
703 704
703 705
704 705
704 706
705 706
705 707
706 707
706 708
707 708
707 709
708 709
709 711
711 712
711 713
712 713
712 714
713 714
713 715
714 715
715 717
717 718
717 719
718 719
718 720
719 720
719 721
719 923
720 721
720 722
721 722
721 723
921 923
922 923
923 925
722 723
722 724
723 724
724 726
726 727
727 729
729 730
729 731
730 731
731 733
733 735
735 737
737 738
737 739
738 739
738 740
739 740
740 742
742 743
742 744
743 744
743 745
744 745
744 746
745 746
745 747
746 747
746 748
747 748
747 749
748 749
818 820
820 822
753 755
755 756
755 757
756 757
764 766
769 770
769 771
770 771
770 772
771 772
771 773
772 773
772 774
773 774
774 776
776 777
776 778
777 778
777 779
778 779
778 780
779 780
779 781
780 781
781 783
783 784
783 785
784 785
784 786
785 786
786 788
788 789
788 790
789 790
789 791
790 791
790 792
791 792
791 793
792 793
792 794
793 794
793 795
794 795
794 796
795 796
796 798
798 799
807 809
809 810
809 811
810 811
810 812
811 812
811 813
812 813
812 924
813 814
813 815
922 924
924 925
814 815
814 816
815 816
815 817
816 817
816 818
817 818
821 822
821 823
822 823
822 824
823 824
823 825
824 825
824 826
825 826
825 827
826 827
826 828
827 828
828 874
872 874
874 875
831 833
836 837
837 839
839 840
839 841
840 841
840 842
841 842
841 843
842 843
842 844
843 844
843 845
844 845
844 846
845 846
846 848
848 850
850 851
851 853
853 854
854 856
856 858
858 859
862 864
864 865
864 866
865 866
865 867
866 867
866 918
867 868
867 946
916 918
917 918
918 919
918 920
868 870
944 946
945 946
946 947
870 871
870 872
871 872
875 876
876 878
878 880
880 881
880 882
881 882
881 883
882 883
882 884
883 884
883 885
884 885
884 886
885 886
885 887
886 887
886 888
887 888
892 893
896 897
896 898
897 898
897 899
898 899
898 900
899 900
899 901
900 901
901 903
903 904
903 905
904 905
904 906
905 906
905 907
906 907
906 908
907 908
907 909
908 909
909 911
911 913
913 914
914 916
916 917
917 919
919 920
919 921
920 921
920 922
921 922
925 927
927 929
929 930
929 931
930 931
930 932
931 932
931 933
932 933
932 934
933 934
933 935
934 935
934 936
935 936
935 937
936 937
937 939
939 940
939 941
940 941
941 943
943 944
943 945
944 945
945 947
947 948
951 952
951 953
952 953
953 955
955 956
955 957
956 957
956 958
957 958
958 960
960 961
960 962
961 962
961 963
962 963
962 964
963 964
963 965
964 965
964 966
965 966
965 967
966 967
966 968
967 968
967 969
968 969
968 970
969 970
969 971
970 971
970 972
971 972
971 973
972 973
973 975
975 976
975 977
976 977
977 979
979 980
979 981
980 981
980 982
981 982
981 983
982 983
982 984
983 984
983 985
984 985
984 986
985 986
985 987
986 987
986 988
987 988
987 989
988 989
988 990
989 990
989 991
990 991
991 993
993 995
995 996
995 997
996 997
996 998
997 998
