1 2
1 3
1 986
1 1000
2 3
2 4
2 1000
3 4
3 5
510 986
984 986
985 986
986 988
998 1000
4 5
4 6
5 6
5 7
6 7
6 8
7 8
7 9
8 9
8 10
8 907
9 10
9 11
10 11
10 12
384 907
906 907
907 908
11 12
11 13
12 13
12 14
13 14
13 15
14 15
14 16
15 16
15 17
16 17
16 18
17 18
17 19
17 109
18 19
18 844
19 20
19 21
107 109
108 109
109 110
109 436
843 844
844 845
844 846
20 21
20 22
21 22
21 23
21 328
22 23
22 24
23 25
23 334
326 328
327 328
328 330
328 390
24 26
24 44
25 26
25 27
173 334
332 334
333 334
334 335
334 336
26 27
26 28
42 44
43 44
44 45
44 46
27 29
27 190
27 329
28 29
28 30
29 30
29 31
188 190
190 192
327 329
329 330
329 331
30 31
30 32
31 32
31 33
32 33
32 34
33 34
33 35
34 35
34 36
35 36
35 37
36 37
36 38
37 38
37 39
38 39
38 40
39 40
39 41
40 41
40 184
41 42
41 43
184 185
184 186
42 43
43 45
45 47
45 169
46 47
46 48
47 48
47 49
167 169
168 169
169 170
169 171
169 706
48 50
48 197
49 50
49 51
49 186
49 914
50 51
50 52
195 197
196 197
197 198
197 199
197 910
51 52
51 53
185 186
186 187
726 914
912 914
913 914
914 916
52 53
52 456
53 54
53 55
72 456
454 456
455 456
456 457
456 458
54 55
54 56
55 56
55 57
56 57
56 808
57 59
57 475
806 808
807 808
808 809
808 810
58 59
59 60
59 61
473 475
474 475
475 476
475 477
475 517
58 60
60 61
60 62
60 754
61 62
61 63
62 63
62 64
379 754
752 754
753 754
754 755
63 64
63 65
64 65
64 918
65 66
65 214
916 918
917 918
918 919
918 920
66 67
66 68
212 214
213 214
214 215
214 216
67 68
67 69
68 69
68 70
69 70
69 71
70 71
70 72
71 72
71 73
72 73
73 74
73 75
74 75
74 76
74 337
75 76
75 77
76 77
76 78
115 337
335 337
336 337
77 78
77 79
78 79
78 80
79 80
79 81
80 81
80 82
81 82
81 83
81 734
82 83
82 84
82 909
83 84
83 85
732 734
733 734
734 736
734 904
84 85
84 86
908 909
909 910
85 86
85 87
86 87
86 88
87 88
87 89
88 89
88 90
89 90
89 91
90 91
90 92
90 419
90 424
91 92
91 93
92 93
92 94
417 419
418 419
419 421
422 424
423 424
424 425
93 94
93 95
94 95
94 96
95 96
95 97
96 97
96 98
97 98
97 99
98 99
98 100
99 100
99 633
100 101
100 102
632 633
633 634
633 635
101 102
101 103
102 103
102 104
103 104
103 201
104 105
104 106
199 201
200 201
201 202
201 203
105 106
105 107
106 107
106 108
107 108
107 563
108 110
561 563
562 563
563 564
110 111
110 112
434 436
435 436
436 438
111 112
111 113
112 113
112 114
113 114
113 115
114 115
114 116
115 116
115 117
116 117
116 118
117 118
117 119
118 120
118 950
119 120
119 121
120 121
120 925
948 950
949 950
950 951
950 952
121 122
121 466
923 925
924 925
925 926
925 927
122 123
122 124
464 466
466 467
466 468
123 124
123 125
124 125
124 126
125 126
125 127
126 127
126 128
127 128
127 129
128 129
128 130
128 429
129 130
129 131
130 131
130 132
427 429
428 429
429 431
429 781
131 132
131 133
132 133
132 134
133 135
133 260
133 357
133 586
134 135
134 136
135 136
135 137
258 260
259 260
260 261
260 262
355 357
356 357
357 359
584 586
585 586
586 588
136 137
136 138
137 139
137 237
138 139
138 140
139 140
139 141
139 585
139 767
235 237
236 237
237 238
237 239
140 141
140 142
141 142
141 143
583 585
584 585
765 767
766 767
767 769
142 143
142 144
143 144
143 145
144 145
144 146
145 146
145 683
146 147
146 148
146 289
681 683
682 683
683 684
683 685
147 148
147 149
148 149
148 150
148 206
287 289
288 289
289 291
149 150
149 151
150 151
150 152
150 631
204 206
205 206
206 208
151 152
151 153
152 153
152 154
152 462
231 631
576 631
629 631
630 631
631 632
153 154
153 155
154 155
154 996
460 462
461 462
462 463
155 156
155 157
994 996
995 996
996 997
996 998
156 157
156 158
157 159
157 219
158 159
158 160
158 999
159 160
159 161
217 219
218 219
219 220
219 221
219 583
160 161
160 162
933 999
997 999
998 999
161 162
161 163
162 163
162 164
163 164
163 165
164 165
164 166
165 166
165 167
165 744
166 167
166 168
167 168
167 964
742 744
743 744
744 746
168 170
962 964
963 964
964 966
170 171
170 172
170 388
171 172
171 173
704 706
705 706
706 707
172 173
172 174
387 388
388 390
173 174
174 175
174 176
175 176
175 177
176 177
176 178
177 178
177 179
178 179
178 386
179 180
179 181
182 386
384 386
385 386
386 387
386 534
180 181
180 182
181 182
181 183
182 183
183 185
183 947
185 187
945 947
946 947
947 948
947 949
187 188
187 189
188 189
189 191
189 195
191 192
191 193
193 195
194 195
195 196
192 193
192 194
192 673
193 194
194 196
671 673
672 673
673 675
196 531
529 531
530 531
531 532
531 533
198 199
198 200
198 845
199 200
908 910
910 911
200 202
843 845
845 847
202 203
202 204
203 204
203 205
204 205
205 207
207 208
207 209
208 209
208 210
209 210
209 211
210 211
210 212
210 542
211 212
211 213
212 213
540 542
541 542
542 543
213 215
215 216
215 217
216 217
216 218
217 218
218 220
220 221
220 369
221 222
221 223
581 583
582 583
367 369
368 369
369 370
369 371
369 465
222 223
222 224
223 224
223 225
223 293
224 226
224 758
225 226
225 227
291 293
292 293
293 294
226 227
226 228
756 758
757 758
758 759
758 760
227 228
227 229
228 229
228 230
229 230
229 231
229 503
230 231
230 232
231 232
502 503
503 504
232 233
232 234
233 234
233 235
234 235
234 236
235 236
236 962
602 962
961 962
238 239
238 240
239 240
239 241
240 242
240 881
241 242
241 243
242 243
242 244
879 881
880 881
881 882
881 883
243 244
243 245
244 245
244 246
245 246
245 247
246 247
246 248
246 612
247 248
247 249
248 249
248 250
610 612
611 612
612 613
249 250
249 251
250 251
250 252
251 252
251 253
251 826
252 253
252 254
252 621
253 254
253 255
824 826
825 826
826 827
254 255
254 362
619 621
620 621
621 622
255 256
255 257
360 362
361 362
362 364
362 463
256 257
256 258
257 258
257 259
258 259
258 879
259 261
877 879
878 879
261 262
261 263
262 263
262 264
263 265
263 932
264 265
264 266
265 266
265 267
930 932
931 932
932 933
932 934
266 267
266 268
266 905
267 268
267 269
268 269
268 270
468 905
905 906
269 270
269 341
270 271
270 272
339 341
341 342
341 343
271 599
271 783
271 880
272 273
272 274
597 599
598 599
599 600
599 601
599 934
608 783
782 783
783 785
783 816
273 274
273 275
273 865
274 275
274 276
275 276
275 277
863 865
864 865
865 867
276 277
276 278
277 278
277 524
278 279
278 557
278 765
278 842
523 524
524 525
524 526
279 280
279 377
555 557
556 557
557 559
763 765
764 765
765 766
840 842
841 842
842 858
280 281
280 282
280 646
375 377
377 378
377 379
281 282
281 283
282 283
282 284
644 646
645 646
646 647
283 284
283 326
284 285
284 286
324 326
325 326
326 327
285 286
285 287
286 288
286 954
287 288
288 290
952 954
953 954
954 955
954 956
290 291
290 292
291 292
292 294
294 295
294 296
295 296
295 297
296 297
296 298
297 298
297 299
298 299
298 300
299 300
299 301
300 301
300 302
301 302
301 303
301 756
302 303
302 304
303 304
303 305
755 756
304 305
304 306
305 307
305 917
306 307
306 308
307 308
307 309
915 917
916 917
917 919
308 309
308 310
309 310
309 311
310 311
310 312
311 312
311 313
312 313
312 314
312 899
313 314
313 315
314 315
314 316
641 899
897 899
898 899
899 900
315 316
315 317
316 317
316 318
316 988
317 318
317 319
318 319
318 320
885 988
987 988
988 989
319 320
319 321
320 321
320 322
321 322
321 323
322 323
322 324
322 330
323 324
323 325
324 325
330 332
325 327
389 390
390 392
331 332
331 333
331 511
332 333
333 335
509 511
511 512
335 336
335 798
336 338
796 798
797 798
798 800
338 339
338 340
339 340
340 342
340 875
342 343
342 344
873 875
874 875
875 876
875 877
343 344
343 345
344 345
344 346
344 453
345 346
345 347
346 347
346 348
452 453
453 455
347 348
347 349
347 523
348 350
348 448
348 698
349 351
349 699
521 523
522 523
350 351
350 352
447 448
448 449
448 450
696 698
697 698
698 700
351 352
351 353
697 699
699 700
699 701
352 353
352 354
353 354
353 355
353 497
354 355
354 356
355 356
495 497
496 497
497 498
356 358
358 359
358 360
359 360
359 930
360 361
928 930
929 930
930 931
361 363
363 364
363 365
364 365
364 366
461 463
463 464
463 465
365 366
365 367
365 889
366 367
366 368
367 368
887 889
888 889
889 891
368 370
368 968
370 371
370 372
966 968
967 968
968 969
371 372
371 373
464 465
465 467
372 373
372 374
373 374
373 375
374 375
374 376
375 376
376 378
376 509
378 379
378 380
507 509
508 509
509 510
379 381
380 381
380 382
381 382
381 383
381 695
382 383
382 384
382 670
383 384
383 385
693 695
694 695
695 697
668 670
669 670
670 672
385 387
387 389
532 534
533 534
534 535
534 536
389 391
391 392
391 393
392 393
392 394
393 394
393 395
394 396
394 520
395 396
395 397
396 397
396 398
446 520
518 520
519 520
520 521
520 522
397 398
397 399
398 399
398 769
399 400
399 401
768 769
769 770
769 771
400 401
400 402
400 488
401 402
401 403
402 403
402 404
486 488
487 488
488 989
403 404
403 405
404 405
404 406
405 406
405 407
406 407
406 408
407 408
407 409
408 409
408 410
409 411
409 992
410 411
410 412
411 412
411 413
990 992
991 992
992 993
992 994
412 413
412 414
413 414
413 415
414 415
414 416
415 416
415 417
415 750
416 417
416 418
417 418
653 750
748 750
418 420
418 659
418 707
420 422
420 737
657 659
658 659
659 660
705 707
707 708
421 422
421 423
422 423
735 737
736 737
737 738
737 739
423 425
425 426
425 427
426 427
426 916
427 428
915 916
428 430
430 431
430 432
431 433
431 487
431 854
780 781
781 782
432 433
432 434
433 434
433 435
485 487
486 487
852 854
853 854
854 855
854 856
434 435
435 437
437 438
437 439
438 439
438 440
439 441
439 451
440 441
440 442
441 442
441 443
449 451
450 451
451 452
451 741
442 443
442 444
443 444
443 445
444 445
444 446
445 446
445 447
446 447
447 607
605 607
607 608
607 609
449 450
450 452
452 454
739 741
740 741
741 742
741 743
454 455
454 960
455 457
958 960
959 960
960 961
457 458
457 459
458 459
458 460
459 460
459 461
460 461
467 468
467 469
468 469
469 470
469 471
469 779
470 471
470 548
470 835
471 472
471 473
777 779
778 779
779 780
546 548
547 548
548 549
548 550
833 835
834 835
835 836
472 473
472 474
473 474
474 476
476 477
476 478
477 478
477 479
515 517
516 517
517 519
478 479
478 480
479 480
479 481
480 481
480 482
481 482
481 483
482 483
482 484
483 485
483 809
484 485
484 486
485 486
544 809
571 809
807 809
809 811
987 989
989 990
989 991
489 490
489 491
490 491
490 492
491 492
491 493
492 493
492 494
493 494
493 495
494 495
494 496
495 496
496 498
498 499
498 500
499 500
499 501
500 501
500 502
501 502
501 837
502 504
836 837
837 838
837 839
837 867
504 505
504 650
505 506
505 507
648 650
649 650
650 651
650 652
506 507
506 508
507 508
508 510
510 512
512 513
512 514
513 514
513 515
514 515
514 516
515 516
516 518
518 519
518 772
519 760
661 772
770 772
771 772
772 774
759 760
760 761
760 762
521 522
522 858
856 858
857 858
858 859
858 860
525 526
525 527
526 527
526 528
527 528
527 529
528 529
528 530
529 530
530 532
532 533
533 535
535 536
535 537
536 537
536 538
537 538
537 539
538 539
538 540
539 540
539 541
540 541
541 543
543 544
543 545
544 545
544 546
545 546
545 547
546 547
547 549
549 550
549 551
550 551
550 552
551 552
551 553
551 822
552 553
552 554
553 554
553 555
820 822
821 822
822 823
554 555
554 556
555 556
556 558
558 559
558 560
559 560
559 561
560 561
560 562
561 562
562 564
564 565
564 566
565 566
565 567
566 567
566 568
567 568
567 569
568 569
568 570
569 570
569 571
570 571
570 572
571 573
571 856
572 573
572 574
572 606
573 574
573 575
855 856
574 575
574 576
604 606
605 606
606 608
606 976
575 576
575 577
576 577
577 578
577 579
578 579
578 580
579 580
579 581
580 581
580 582
581 582
582 584
582 738
736 738
738 739
587 588
588 589
588 590
587 589
589 590
589 591
589 624
590 591
590 592
591 592
591 593
622 624
623 624
624 626
592 593
592 594
593 594
593 595
594 595
594 596
595 596
595 597
596 597
596 598
597 598
598 600
600 601
600 602
601 602
601 603
933 934
934 935
602 603
602 604
602 655
603 604
603 605
604 605
653 655
654 655
655 656
608 609
608 610
974 976
975 976
976 977
609 610
609 611
610 611
611 613
613 614
613 615
614 615
614 616
615 616
615 617
615 717
616 617
616 618
617 618
617 619
715 717
716 717
717 718
618 619
618 620
619 620
620 622
622 623
623 625
625 626
625 627
626 627
626 628
627 628
627 629
628 629
628 630
629 630
630 632
632 704
702 704
703 704
704 705
634 635
634 636
635 637
635 705
636 637
636 638
637 638
637 639
703 705
638 639
638 640
639 640
639 641
640 641
640 642
641 642
642 643
642 644
643 644
643 645
644 645
645 647
647 648
647 649
648 649
649 651
651 652
651 653
651 901
652 653
652 654
653 654
900 901
901 903
654 656
656 657
656 658
657 658
658 660
660 661
660 662
661 662
662 663
662 664
663 664
663 665
664 665
664 666
664 883
665 666
665 667
666 667
666 668
882 883
883 884
667 668
667 669
668 669
669 671
671 672
672 674
674 675
674 676
675 676
675 677
676 677
676 678
677 678
677 679
678 679
678 680
679 680
679 681
680 681
680 682
681 838
682 684
836 838
838 839
838 840
684 685
684 686
685 686
685 687
686 687
686 688
687 688
687 689
688 689
688 690
689 690
689 691
690 691
690 692
691 692
691 693
692 693
692 877
693 694
876 877
877 878
694 696
696 697
697 757
755 757
700 701
700 702
701 702
701 703
702 703
708 709
708 710
709 710
709 711
710 711
710 712
711 712
711 713
712 713
712 714
713 714
713 715
714 715
714 716
715 716
716 718
718 719
718 720
719 720
719 721
720 721
720 722
721 722
721 723
722 723
722 724
723 724
723 725
724 725
724 726
725 726
725 727
726 728
727 728
727 729
728 729
728 730
729 730
729 731
730 731
730 732
731 732
731 733
732 733
733 735
735 736
902 904
903 904
904 906
739 740
740 742
742 743
743 745
745 746
745 747
746 747
746 748
747 748
747 749
748 749
749 751
749 886
751 752
751 753
884 886
885 886
886 887
886 888
752 753
753 755
759 761
761 762
761 763
762 763
762 764
763 764
764 766
766 768
768 770
770 771
771 773
773 774
773 775
774 775
774 776
775 776
775 777
776 777
776 778
777 778
778 780
780 782
782 784
782 903
784 785
784 786
902 903
785 786
785 787
814 816
816 818
786 787
786 788
787 788
787 789
788 789
788 790
788 878
789 790
789 791
790 791
790 792
876 878
791 792
791 793
792 793
792 794
793 794
793 795
794 795
794 796
795 796
795 797
796 797
797 799
799 800
799 801
800 801
800 802
801 802
801 803
802 803
802 804
803 804
803 805
804 805
804 806
805 806
805 807
806 807
810 811
810 812
811 812
811 813
812 813
812 814
813 814
813 815
814 815
815 817
815 984
817 818
817 819
982 984
983 984
984 985
818 819
818 820
819 820
819 821
820 821
821 823
823 824
823 825
824 825
825 827
827 828
827 829
828 829
828 830
829 830
829 831
830 831
830 832
831 832
831 833
832 833
832 834
833 834
834 836
839 840
839 841
866 867
867 869
840 841
841 843
846 847
846 848
847 848
847 849
848 849
848 850
849 850
849 851
850 851
850 852
851 852
851 853
852 853
853 855
855 857
857 859
859 860
859 861
860 861
860 862
861 862
861 863
862 863
862 864
863 864
864 866
866 868
868 869
868 870
869 870
869 871
870 871
870 872
871 872
871 873
872 873
872 874
873 874
874 876
882 884
884 885
887 888
888 890
890 891
890 892
891 892
891 893
892 893
892 894
893 894
893 895
894 895
894 896
895 896
895 897
896 897
896 898
897 898
898 900
900 902
906 908
911 912
911 913
912 913
913 915
919 920
919 921
920 921
920 922
921 922
921 923
922 923
922 924
923 924
924 926
924 936
926 927
926 928
935 936
936 938
927 928
927 929
928 929
929 931
931 933
933 935
935 937
937 938
937 939
938 939
938 940
939 940
939 941
940 941
940 942
941 942
941 943
942 943
942 944
943 944
943 945
944 945
944 946
945 946
946 948
948 949
949 951
951 952
951 953
952 953
953 955
955 956
955 957
956 957
956 958
957 958
957 959
958 959
959 961
961 963
963 965
965 966
965 967
966 967
967 969
969 970
969 971
970 971
970 972
971 972
971 973
972 973
972 974
973 974
973 975
974 975
975 977
977 978
977 979
978 979
978 980
979 980
979 981
980 981
980 982
981 982
981 983
982 983
983 985
985 987
990 991
991 993
993 994
993 995
994 995
995 997
997 998
