1 224
6 224
8 224
15 224
22 224
23 224
30 224
32 224
36 224
40 224
46 224
49 224
54 224
57 224
59 224
63 224
65 224
93 224
110 224
115 224
124 224
133 224
151 224
153 224
154 224
155 224
157 224
165 224
167 224
168 224
169 224
182 224
185 224
186 224
188 224
190 224
193 224
199 224
208 224
211 224
216 224
224 233
224 236
224 237
224 243
224 253
224 255
224 263
2 77
2 106
2 194
77 103
77 208
106 137
106 370
9 194
165 194
194 205
3 19
3 78
3 84
3 88
3 120
3 123
3 174
3 191
3 196
3 205
3 208
3 263
19 64
19 65
19 74
19 84
19 88
19 115
19 120
19 150
19 173
19 176
19 182
19 185
19 196
19 210
19 211
19 242
78 132
78 174
78 200
78 235
7 84
25 84
29 84
30 84
60 84
64 84
74 84
84 88
84 123
84 208
26 88
29 88
60 88
74 88
88 120
88 182
88 196
88 202
6 120
12 120
15 120
22 120
25 120
32 120
33 120
40 120
46 120
54 120
59 120
65 120
83 120
85 120
114 120
120 126
120 133
120 150
120 165
120 174
120 176
120 193
120 196
120 208
120 211
120 212
120 237
120 242
120 263
29 123
60 123
64 123
74 123
54 174
59 174
64 174
65 174
70 174
126 174
174 193
174 206
174 232
174 247
174 263
9 196
11 196
16 196
32 196
64 196
65 196
74 196
80 196
101 196
102 196
115 196
118 196
126 196
133 196
155 196
159 196
164 196
169 196
171 196
173 196
180 196
182 196
184 196
196 210
196 211
196 242
196 258
196 263
196 530
36 205
108 205
205 506
9 208
15 208
23 208
46 208
65 208
74 208
151 208
176 208
208 212
208 214
208 227
14 263
22 263
23 263
32 263
46 263
49 263
52 263
59 263
60 263
63 263
65 263
83 263
110 263
113 263
115 263
117 263
140 263
150 263
151 263
167 263
169 263
176 263
182 263
190 263
193 263
198 263
199 263
200 263
211 263
237 263
243 263
253 263
255 263
263 415
263 629
4 159
32 159
47 159
60 159
65 159
71 159
124 159
133 159
156 159
159 255
159 463
159 591
5 23
5 32
5 49
5 59
5 144
5 190
9 23
23 30
23 31
23 32
23 40
23 59
23 62
23 63
23 65
23 71
23 93
23 95
23 133
23 146
23 151
23 154
23 155
23 165
23 167
23 169
23 190
23 200
23 222
23 226
23 232
23 237
23 253
23 255
6 32
22 32
31 32
32 40
32 46
32 47
32 49
32 52
32 57
32 63
32 64
32 65
32 71
32 85
32 110
32 113
32 115
32 121
32 124
32 133
32 150
32 151
32 152
32 153
32 155
32 157
32 165
32 167
32 168
32 173
32 177
32 178
32 190
32 193
32 211
32 232
32 236
32 247
32 250
32 253
32 254
32 255
13 49
21 49
22 49
25 49
35 49
39 49
49 51
49 56
49 57
49 59
49 63
49 70
49 76
49 98
49 104
49 110
49 115
49 122
49 140
49 145
49 167
49 168
49 177
49 188
49 216
49 220
49 223
49 232
6 59
22 59
40 59
46 59
59 62
59 63
59 65
59 68
59 93
59 110
59 115
59 117
59 124
59 138
59 140
59 141
59 150
59 151
59 167
59 168
59 182
59 186
59 190
59 193
59 198
59 200
59 204
59 211
59 219
59 232
59 233
59 237
59 247
59 253
59 255
22 190
40 190
46 190
47 190
110 190
115 190
133 190
151 190
165 190
190 233
190 237
190 253
190 254
190 255
190 613
6 22
6 40
6 41
6 110
6 150
6 151
6 167
6 193
6 237
6 253
6 255
6 299
6 415
6 463
6 547
6 552
6 629
9 22
11 22
13 22
14 22
17 22
22 25
22 28
22 30
22 40
22 46
22 47
22 50
22 51
22 54
22 57
22 62
22 63
22 64
22 65
22 71
22 76
22 85
22 93
22 95
22 104
22 110
22 115
22 116
22 117
22 122
22 129
22 133
22 140
22 145
22 150
22 151
22 152
22 154
22 157
22 161
22 167
22 168
22 169
22 177
22 182
22 186
22 188
22 193
22 199
22 200
22 211
22 216
22 219
22 221
22 222
22 223
22 232
22 233
22 236
22 237
22 241
22 253
22 254
22 265
7 40
8 40
30 40
31 40
40 46
40 54
40 62
40 65
40 105
40 110
40 124
40 150
40 151
40 155
40 165
40 167
40 168
40 169
40 186
40 193
40 199
40 211
40 218
40 237
40 253
40 255
41 163
41 358
41 410
41 415
41 422
41 463
41 490
41 501
41 516
41 552
41 617
41 629
41 638
93 110
110 115
110 138
110 155
110 211
110 237
110 253
20 150
45 150
54 150
55 150
65 150
68 150
73 150
82 150
108 150
115 150
126 150
150 161
150 170
150 184
150 201
150 210
150 217
150 231
150 237
150 262
150 264
150 292
16 151
25 151
46 151
47 151
62 151
63 151
65 151
71 151
115 151
124 151
133 151
151 152
151 177
151 211
151 233
151 237
151 253
151 255
16 167
46 167
63 167
65 167
67 167
68 167
76 167
115 167
128 167
133 167
140 167
165 167
167 182
167 211
167 214
167 232
167 236
167 245
167 247
167 253
167 506
30 193
46 193
47 193
63 193
65 193
85 193
107 193
115 193
124 193
133 193
141 193
154 193
165 193
168 193
169 193
193 199
193 200
193 237
193 253
47 237
65 237
115 237
140 237
152 237
168 237
182 237
211 237
223 237
237 253
237 299
16 253
46 253
63 253
65 253
104 253
115 253
161 253
168 253
188 253
232 253
8 255
16 255
47 255
57 255
95 255
124 255
145 255
149 255
161 255
163 255
165 255
166 255
168 255
177 255
211 255
222 255
223 255
228 255
238 255
254 255
255 265
255 358
255 415
255 422
255 490
255 516
255 580
255 630
124 299
223 299
261 299
299 308
299 415
299 422
299 501
299 507
299 531
299 552
299 627
299 629
47 415
124 415
163 415
166 415
177 415
179 415
211 415
223 415
259 415
266 415
280 415
302 415
308 415
309 415
319 415
327 415
331 415
332 415
349 415
357 415
358 415
373 415
376 415
378 415
386 415
399 415
409 415
410 415
412 415
415 419
415 422
415 439
415 463
415 464
415 469
415 471
415 475
415 479
415 500
415 501
415 513
415 516
415 531
415 547
415 552
415 557
415 612
415 617
415 629
415 630
415 637
303 463
319 463
463 500
463 501
463 547
463 613
463 629
271 547
282 547
303 547
349 547
358 547
389 547
410 547
419 547
439 547
464 547
513 547
547 580
547 629
47 552
303 552
370 552
376 552
409 552
422 552
479 552
501 552
524 552
552 613
552 629
552 637
552 638
166 629
223 629
271 629
274 629
293 629
303 629
307 629
308 629
327 629
335 629
358 629
376 629
380 629
389 629
409 629
410 629
419 629
422 629
439 629
479 629
490 629
501 629
507 629
516 629
612 629
7 15
7 52
7 60
7 83
7 91
7 245
7 257
15 46
15 52
15 54
15 55
15 65
15 85
15 99
15 113
15 130
15 148
15 245
52 54
52 115
52 162
29 60
60 74
83 92
83 170
83 201
25 91
46 91
91 115
55 245
65 245
200 245
55 257
63 257
176 257
230 257
8 65
8 155
8 199
8 570
11 65
16 65
46 65
64 65
65 115
65 121
65 126
65 155
65 168
65 169
65 176
65 200
65 202
65 211
65 242
11 155
30 155
46 155
54 155
64 155
71 155
104 155
155 168
155 169
155 173
155 182
155 185
155 199
155 202
155 211
155 233
155 250
155 636
9 199
30 199
133 199
154 199
169 199
199 233
54 570
274 570
318 570
333 570
377 570
383 570
431 570
439 570
490 570
516 570
519 570
570 599
570 630
9 36
9 46
9 169
9 176
9 247
36 46
36 176
36 506
10 46
11 46
14 46
31 46
34 46
43 46
46 63
46 64
46 90
46 93
46 107
46 115
46 118
46 126
46 133
46 153
46 154
46 164
46 165
46 168
46 169
46 182
46 186
46 200
46 202
46 216
46 225
46 233
46 246
13 169
30 169
63 169
71 169
115 169
133 169
169 182
169 186
169 197
169 233
12 176
114 176
126 176
164 176
176 188
176 212
176 242
63 247
11 64
11 133
11 252
25 64
64 74
64 92
64 147
64 165
64 171
64 195
64 202
64 227
64 636
31 133
47 133
54 133
63 133
71 133
105 133
124 133
133 138
133 154
133 156
133 182
133 197
133 200
133 232
105 252
13 128
13 140
13 197
13 209
13 223
13 238
67 128
115 128
127 128
128 140
128 168
21 140
39 140
67 140
70 140
76 140
109 140
115 140
140 141
140 145
140 157
140 161
140 204
140 220
140 232
50 197
126 197
197 219
138 223
168 223
177 223
204 223
223 228
223 332
222 238
14 200
21 200
34 200
54 200
63 200
72 200
105 200
124 200
126 200
141 200
154 200
200 201
200 211
25 54
54 61
54 81
54 101
54 121
54 145
54 156
54 160
54 185
54 229
55 92
55 173
55 230
85 147
85 210
85 225
16 47
16 63
16 145
16 152
16 168
16 173
16 180
21 47
33 47
47 62
47 71
47 111
47 124
47 125
47 152
47 166
47 168
47 177
47 213
47 233
47 358
47 422
47 490
47 516
47 599
30 63
50 63
57 63
63 75
63 93
63 105
63 115
63 124
63 131
63 152
63 165
63 168
63 182
63 183
63 186
63 232
63 233
115 145
145 177
124 152
30 168
57 168
117 168
154 168
168 177
168 211
168 233
168 236
168 265
53 173
80 173
173 246
173 248
18 118
45 118
93 118
118 126
118 210
118 258
26 74
29 74
74 76
74 165
74 182
25 115
34 115
57 115
68 115
70 115
87 115
92 115
93 115
112 115
115 121
115 139
115 157
115 165
115 172
115 182
115 198
115 210
115 232
115 236
115 243
30 182
71 182
121 182
124 182
153 182
182 203
182 211
182 232
185 186
21 211
50 211
89 211
138 211
141 211
156 211
164 211
165 211
184 211
211 279
211 308
211 373
20 217
21 25
21 76
25 28
25 57
25 76
25 105
25 117
25 124
25 139
25 154
25 158
25 161
25 164
25 204
25 229
25 232
25 250
28 76
44 76
57 76
76 161
76 232
28 177
30 154
30 188
50 153
50 189
44 57
57 157
57 161
57 198
57 236
62 124
62 229
62 516
62 630
71 218
71 233
93 124
93 232
95 125
95 129
95 265
116 229
117 154
24 154
121 154
154 188
157 236
39 161
161 165
161 175
161 177
161 236
161 503
70 177
177 254
177 265
177 475
48 186
186 187
188 195
98 216
153 216
31 219
153 219
56 221
38 222
70 222
138 222
149 222
70 232
121 232
141 232
165 232
204 232
232 254
124 233
233 422
236 241
70 254
254 265
124 265
125 265
31 61
121 165
126 165
24 33
24 178
33 178
33 214
178 214
124 229
124 376
124 422
124 630
160 164
27 67
67 259
121 126
34 43
37 171
58 171
38 70
38 149
69 70
70 125
70 142
70 149
39 44
39 183
39 184
39 302
44 249
184 302
184 304
184 636
266 302
302 474
302 500
138 163
163 638
166 358
358 376
358 410
358 422
358 490
358 501
358 630
266 410
303 410
309 410
319 410
324 410
327 410
331 410
337 410
353 410
357 410
360 410
379 410
383 410
386 410
398 410
410 439
410 441
410 445
410 464
410 467
410 469
410 487
410 490
410 492
410 500
410 501
410 508
410 513
410 516
410 526
410 527
410 531
410 562
410 566
410 578
410 580
410 608
410 639
166 422
179 422
303 422
376 422
422 490
422 501
422 507
422 516
422 613
422 630
166 490
179 490
319 490
331 490
349 490
373 490
375 490
380 490
413 490
431 490
437 490
473 490
490 501
490 507
490 516
490 531
490 565
490 580
490 586
490 591
490 637
490 638
166 501
308 501
335 501
409 501
445 501
479 501
496 501
500 501
501 516
501 531
501 580
501 599
501 612
501 627
501 630
280 516
308 516
383 516
386 516
507 516
516 580
516 630
516 638
309 617
419 617
445 617
80 638
266 638
287 638
288 638
332 638
335 638
343 638
376 638
380 638
383 638
402 638
413 638
431 638
437 638
439 638
464 638
471 638
473 638
474 638
496 638
500 638
507 638
514 638
553 638
556 638
565 638
586 638
611 638
614 638
615 638
618 638
621 638
627 638
628 638
42 274
207 274
266 274
274 318
274 338
274 458
274 479
274 485
274 531
274 536
274 562
274 565
274 600
274 622
126 143
69 125
166 376
166 630
166 637
365 599
599 630
181 189
53 82
53 100
53 170
97 230
138 259
94 141
141 260
280 630
360 630
376 630
475 630
75 86
114 195
66 391
267 391
278 391
283 391
285 391
286 391
288 391
295 391
296 391
314 391
315 391
316 391
324 391
336 391
339 391
340 391
341 391
343 391
344 391
345 391
352 391
364 391
366 391
368 391
375 391
384 391
387 391
390 391
391 395
391 400
391 404
391 406
391 408
391 412
391 416
391 424
391 430
391 433
391 435
391 439
391 441
391 442
391 443
391 444
391 449
391 450
391 451
391 462
391 466
391 478
391 479
391 486
391 491
391 494
391 495
391 499
391 502
391 504
391 512
391 528
391 532
391 534
391 540
391 542
391 545
391 548
391 550
391 551
391 559
391 561
391 565
391 567
391 569
391 576
391 583
391 584
391 594
391 606
391 610
391 618
391 619
391 623
391 633
391 634
391 635
391 642
391 643
259 380
72 256
136 256
256 258
132 240
79 102
80 234
80 268
80 367
80 413
80 553
135 234
268 413
268 473
268 537
268 561
279 367
351 367
367 439
367 473
367 561
179 413
266 413
279 413
355 413
392 413
413 439
413 464
413 473
413 482
413 526
413 553
413 621
266 553
275 553
279 553
318 553
384 553
417 553
437 553
473 553
484 553
522 553
537 553
553 561
553 597
553 621
96 97
114 370
297 370
335 370
370 385
370 416
370 436
370 439
370 444
370 474
370 479
370 529
370 616
172 192
134 258
136 258
215 258
119 215
376 613
284 591
310 591
362 591
507 591
591 637
175 239
175 251
175 379
266 637
303 637
335 637
349 637
419 637
441 637
192 244
192 321
192 455
206 407
239 507
318 379
328 379
379 476
379 495
379 508
379 566
379 627
464 475
179 548
179 613
479 548
612 613
273 304
304 318
339 530
353 530
363 530
474 530
514 530
267 407
278 407
285 407
324 407
329 407
335 407
336 407
343 407
353 407
356 407
364 407
368 407
369 407
371 407
407 421
407 423
407 435
407 468
407 476
407 480
407 486
407 491
407 494
407 514
407 529
407 550
407 556
407 594
407 596
407 643
207 439
289 439
294 439
297 439
298 439
309 439
311 439
313 439
318 439
320 439
327 439
344 439
353 439
375 439
383 439
384 439
396 439
437 439
439 459
439 462
439 464
439 471
439 479
439 492
439 508
439 512
439 549
439 562
439 566
439 574
439 578
439 586
439 595
439 615
439 616
439 627
439 634
439 639
277 279
279 308
279 318
279 319
279 348
279 349
279 406
279 437
279 588
279 621
303 308
308 349
308 373
308 383
308 471
308 474
308 549
266 332
332 464
332 473
297 507
315 507
318 507
328 507
347 507
357 507
383 507
416 507
431 507
476 507
507 514
507 559
507 580
507 605
507 611
303 580
531 580
266 272
266 275
266 352
266 365
266 375
266 420
266 432
266 464
266 471
266 478
266 508
266 520
266 526
266 537
266 562
266 566
266 583
266 600
266 607
272 384
272 418
272 474
272 554
272 579
267 275
275 277
275 278
275 295
275 311
275 314
275 318
275 324
275 344
275 352
275 368
275 369
275 375
275 421
275 427
275 443
275 454
275 462
275 465
275 484
275 489
275 498
275 543
275 560
275 565
275 572
275 574
275 576
275 582
275 592
275 594
275 606
275 619
275 633
275 643
318 352
352 473
298 365
365 419
280 375
318 375
319 375
328 375
357 375
375 416
375 473
375 495
375 565
328 420
327 464
341 464
464 473
464 513
464 523
464 604
464 621
464 639
437 471
318 478
383 478
269 508
306 508
318 508
338 508
496 508
500 508
508 513
508 577
508 627
318 537
484 537
537 561
562 600
318 566
383 566
476 566
495 566
318 600
495 600
582 600
318 607
479 607
285 473
318 473
351 473
416 473
417 473
431 473
460 473
462 473
473 495
473 556
473 561
473 603
473 621
300 561
318 561
351 561
402 561
457 561
269 306
269 639
309 639
318 639
350 639
364 639
414 639
270 318
273 318
276 318
278 318
281 318
283 318
285 318
288 318
289 318
290 318
305 318
312 318
314 318
317 318
318 319
318 320
318 326
318 327
318 328
318 330
318 331
318 334
318 337
318 341
318 342
318 344
318 346
318 357
318 359
318 360
318 361
318 362
318 366
318 368
318 374
318 381
318 382
318 383
318 384
318 387
318 388
318 389
318 394
318 395
318 396
318 400
318 403
318 406
318 426
318 427
318 428
318 429
318 431
318 433
318 434
318 435
318 440
318 442
318 443
318 444
318 446
318 448
318 450
318 451
318 452
318 453
318 454
318 456
318 457
318 460
318 461
318 462
318 465
318 466
318 467
318 468
318 470
318 476
318 481
318 483
318 485
318 487
318 488
318 489
318 491
318 492
318 494
318 495
318 496
318 497
318 498
318 502
318 504
318 505
318 509
318 511
318 521
318 523
318 528
318 529
318 534
318 538
318 539
318 540
318 543
318 550
318 551
318 554
318 556
318 558
318 559
318 563
318 564
318 565
318 568
318 571
318 573
318 574
318 575
318 581
318 582
318 584
318 587
318 593
318 594
318 595
318 597
318 601
318 602
318 605
318 606
318 608
318 610
318 611
318 614
318 618
318 619
318 620
318 627
318 631
318 632
318 633
318 640
318 641
318 643
271 349
271 419
271 533
277 349
319 349
349 479
335 419
362 419
419 445
419 469
419 612
357 384
383 384
384 474
384 500
384 578
418 476
418 589
340 474
357 474
462 474
474 582
474 611
474 615
457 554
477 579
273 368
273 597
319 368
351 368
356 368
383 597
417 597
428 597
514 597
529 597
565 597
597 605
338 531
277 479
297 479
344 479
378 479
381 479
405 479
408 479
409 479
412 479
441 479
445 479
479 482
479 495
479 590
309 531
328 531
383 531
531 549
531 627
536 544
328 565
383 565
397 565
277 310
278 383
278 416
278 495
278 582
278 595
278 610
311 356
311 578
283 314
314 383
314 397
314 454
314 480
314 495
314 576
324 335
344 397
344 595
369 457
454 465
454 495
298 462
459 462
462 621
465 582
470 543
353 572
460 572
572 592
383 574
574 616
285 576
351 582
405 582
582 588
323 592
518 592
313 383
315 383
320 383
325 383
328 383
337 383
340 383
345 383
356 383
357 383
383 386
383 404
383 411
383 437
383 450
383 467
383 487
383 497
383 499
383 514
383 517
383 532
383 535
383 569
383 578
383 595
383 608
383 611
383 624
416 417
476 495
495 496
495 595
441 595
442 595
472 595
499 595
595 626
319 345
319 359
319 431
319 487
319 632
357 437
437 497
437 621
282 303
303 378
303 436
303 513
303 524
303 612
283 285
283 366
283 393
283 452
285 356
285 423
285 480
285 491
285 493
285 541
285 550
285 589
285 626
393 642
284 335
294 335
335 345
335 362
335 364
335 385
335 417
335 445
335 468
335 469
335 494
335 513
335 529
335 546
335 571
335 612
351 356
356 480
326 423
330 423
409 423
423 468
423 593
423 620
343 480
451 480
328 550
476 550
505 550
301 626
289 397
289 627
339 397
328 627
476 627
496 627
559 627
577 627
291 614
505 614
297 616
320 616
298 459
300 568
392 568
301 398
301 494
398 482
435 500
444 500
476 500
500 525
500 585
500 612
500 628
327 513
386 513
445 513
513 527
513 612
385 612
386 612
445 612
307 521
409 549
515 549
523 549
309 327
309 357
327 386
337 578
315 340
315 345
315 404
315 642
340 351
340 417
340 603
328 468
328 476
328 497
341 395
341 445
359 512
374 451
387 611
396 586
417 431
435 476
322 444
353 444
444 545
446 497
451 457
456 476
456 608
457 466
457 514
457 555
467 609
467 625
468 476
468 632
476 510
476 512
487 512
509 598
509 634
514 523
372 558
354 559
514 559
571 634
417 605
605 620
401 445
425 445
445 525
414 469
339 438
499 512
512 545
414 447
609 625
585 625
