1 2
2 3
2 4
3 5
3 6
4 7
4 8
4 9
4 10
5 158
5 906
6 610
6 907
7 134
7 638
7 865
7 1157
7 1158
8 716
8 956
8 1552
8 1565
8 1566
9 956
9 1002
9 1565
9 1778
9 1783
10 419
10 716
10 1533
10 1821
157 158
158 163
158 164
158 165
158 166
158 167
158 168
158 169
158 170
605 610
610 1603
610 1776
610 1907
907 1284
907 1409
907 1410
907 1411
907 1412
128 134
322 638
524 638
623 638
638 715
638 905
638 1557
864 865
865 1153
865 1154
721 1157
905 1157
1157 1255
1157 1347
1157 1515
254 716
716 760
643 956
956 1476
1551 1552
1552 1568
1552 1569
1552 1570
1104 1565
312 1566
730 1566
760 1566
1253 1566
1566 1567
994 1002
1002 1731
1131 1778
213 419
416 419
419 1847
419 2012
721 1533
1533 1998
1533 2115
11 12
12 13
12 14
12 15
12 16
12 17
12 18
13 908
13 915
13 916
14 908
14 917
17 416
17 1496
908 909
908 910
908 911
908 912
908 913
908 914
126 916
154 916
916 1106
916 1556
916 1557
916 1558
916 1559
916 1560
913 917
917 2142
917 2143
415 416
416 417
416 418
416 420
418 1496
1492 1496
19 20
20 21
20 22
20 23
20 24
20 25
20 26
20 27
20 28
20 29
20 30
20 31
20 32
20 33
20 34
20 35
20 36
20 37
20 38
20 39
20 40
20 41
20 42
20 43
20 44
20 45
20 46
20 47
20 48
20 49
20 50
20 51
20 52
20 53
20 54
20 55
20 56
20 57
20 58
20 59
20 60
20 61
20 62
20 63
21 215
25 800
34 2032
39 971
41 905
45 409
59 800
215 216
215 217
215 218
215 219
215 220
215 221
153 800
489 800
692 800
697 800
798 800
800 1172
800 1173
800 1174
800 1175
800 1176
800 1177
800 1178
800 1179
800 1180
800 1181
800 1182
800 1183
800 1184
800 1185
969 971
971 1246
971 1247
971 1248
971 1249
971 1250
971 1251
337 905
893 905
408 409
409 410
409 411
409 412
409 413
409 414
64 65
64 66
65 67
66 68
66 69
66 70
67 517
67 853
67 854
67 858
67 859
68 1851
513 517
517 718
517 938
517 1004
517 1037
517 1339
517 1340
517 1341
517 1342
517 1343
853 854
853 855
853 856
854 855
854 857
854 858
855 858
859 1222
71 72
71 73
71 74
71 75
72 76
72 77
72 78
72 79
72 80
72 81
72 82
76 1351
77 555
78 523
80 1352
81 1353
554 555
555 556
555 557
555 558
555 559
555 560
555 561
555 562
555 563
555 564
555 565
555 566
555 567
555 568
555 569
555 570
339 523
522 523
523 524
523 525
523 526
523 527
83 84
84 85
84 86
84 87
84 88
84 89
86 1095
86 1096
86 1097
87 1681
87 1687
88 140
88 378
88 950
88 1822
88 1823
88 1824
1095 1098
1095 1099
1095 1100
1095 1101
925 1096
1096 1102
1096 1103
578 1097
871 1097
1097 1104
1097 1105
1097 1106
1365 1681
1406 1681
1481 1681
1594 1681
1681 1682
1681 1683
1681 1684
1681 1685
1323 1687
1549 1687
1687 1854
1687 2022
136 140
140 1823
140 1824
140 2181
140 2182
140 2183
140 2184
377 378
378 380
378 381
378 382
378 383
378 384
378 385
378 386
740 950
949 950
950 953
1822 1823
1823 1824
90 91
91 92
91 93
91 94
91 95
91 96
91 97
91 98
91 99
91 100
92 99
92 1219
92 1220
93 1309
93 1600
99 899
99 1232
100 192
100 777
243 1219
759 1219
815 1219
899 1219
1219 1403
1219 1693
435 1220
899 1220
1220 1242
1220 1466
1220 2145
1091 1309
1308 1309
1309 1310
1309 1311
1309 1312
1309 1313
1309 1314
1309 1315
1309 1316
1309 1317
126 1600
234 1600
600 1600
1600 1711
1600 1785
1600 1786
890 899
991 1232
1222 1232
1232 1426
1232 1427
1232 1428
1232 1429
1232 1430
147 192
191 192
192 193
192 194
192 195
192 196
192 197
192 198
192 199
192 200
192 201
192 202
192 203
192 204
192 205
192 206
192 207
774 777
777 779
101 102
102 103
102 104
102 105
102 106
102 107
102 108
103 104
103 105
103 1086
103 1087
104 714
104 938
104 1088
104 1089
104 1090
105 1091
108 1000
1087 1836
172 714
254 714
714 1413
714 1414
714 1415
714 1416
714 1417
380 938
938 1425
1089 1269
1091 1444
496 1000
1000 1633
1000 1634
1000 1635
1000 1636
1000 1637
1000 1638
109 110
110 111
110 112
110 113
110 114
110 115
110 116
110 117
110 118
110 119
110 120
111 618
113 548
115 2023
116 1154
117 1877
119 663
119 665
120 2024
301 618
616 618
618 628
618 629
145 548
547 548
548 551
548 552
548 553
1154 1159
1154 1160
1191 1877
662 663
663 664
663 665
665 1725
121 122
121 123
121 124
124 125
124 126
124 127
125 993
125 997
125 998
126 980
127 1601
496 993
993 994
993 995
993 996
997 1269
997 1480
997 1657
875 998
998 1658
975 980
980 1558
465 1601
128 129
128 130
128 131
128 132
128 133
128 135
128 136
128 137
128 138
135 139
139 257
139 259
139 260
139 261
139 262
257 258
259 834
260 647
260 670
260 1266
260 1619
260 1676
260 2033
260 2034
261 848
261 930
261 2089
261 2128
2184 2193
2184 2194
141 142
141 143
141 144
142 145
142 146
142 147
142 148
143 149
143 150
143 151
143 152
143 153
143 154
143 155
144 156
145 1564
146 1723
146 2060
147 203
147 1044
148 179
148 685
149 400
150 315
151 393
151 1195
151 1196
151 1197
152 154
152 878
152 924
152 1333
152 1403
152 1404
155 1735
156 292
156 293
156 294
156 295
156 296
156 297
156 298
156 299
156 300
156 301
156 302
156 303
156 304
904 1564
1721 1723
203 1759
171 1044
1044 1046
176 179
179 392
179 1043
179 1120
179 1926
179 1927
681 685
685 828
685 1118
685 1119
685 1120
685 1121
685 1122
685 1123
685 1124
400 401
400 402
400 403
314 315
315 316
315 317
315 318
315 319
315 320
315 321
315 322
315 323
315 324
315 325
391 393
393 1142
393 1198
393 1199
393 1200
387 1196
585 1196
762 1196
922 1196
1196 1201
1197 1202
458 878
876 878
878 880
878 881
878 882
920 924
185 1333
652 1333
686 1333
1102 1333
1332 1333
1333 1334
1333 1335
1333 1336
1333 1337
1333 1338
634 1403
922 1403
953 1403
1403 1418
1403 1694
1403 1695
1404 1925
1734 1735
1735 2036
1735 2037
293 372
293 373
293 374
294 749
295 1010
299 380
299 1547
299 1548
301 621
301 1549
301 1550
157 159
157 160
157 161
157 162
159 171
159 172
160 171
160 172
161 172
161 173
162 163
162 171
162 172
162 174
163 1042
163 1109
164 1110
164 1968
164 1969
166 1968
169 1669
171 381
171 1042
171 1043
172 1042
173 1997
174 195
174 381
174 1042
174 1109
174 1110
174 1111
174 1112
174 1113
1041 1042
1969 2144
1667 1669
1669 2069
286 381
381 999
1043 1045
1997 1998
175 176
176 177
176 178
176 180
176 181
176 182
177 883
178 1703
180 1492
181 398
181 1930
181 1978
181 2154
390 392
392 398
392 399
1120 1348
1491 1492
1492 1493
1492 1494
1492 1495
1492 1497
398 1612
398 2080
398 2082
611 1930
1930 2125
1975 1978
881 2154
183 184
184 185
184 186
184 187
184 188
184 189
184 190
186 1829
186 1831
187 406
189 540
189 758
1829 1830
399 1831
897 1831
1831 2005
405 406
406 869
406 870
406 871
406 872
406 873
441 540
529 540
540 1209
755 758
758 763
758 764
758 765
758 766
758 767
758 768
758 769
193 384
193 1734
199 2094
201 1739
202 290
202 1256
384 721
1734 1736
1734 1737
1738 1739
1739 1740
1739 1741
289 290
290 478
290 1027
290 1028
290 1029
290 1030
525 1256
1201 1256
1256 1346
1256 1724
1256 1727
1688 1759
1758 1759
1759 1760
1759 1761
1759 1762
208 209
208 210
210 211
210 212
210 213
210 214
211 1296
211 1602
211 1603
212 1889
212 2101
212 2102
212 2103
213 376
213 1479
213 2151
214 1602
214 2155
214 2156
652 1296
1294 1296
1296 1605
1296 1606
1296 1607
1296 1608
1296 1609
1296 1610
1296 1611
594 1603
953 1603
1366 1603
1555 1603
1603 1604
279 1889
375 376
1476 1479
216 504
216 505
216 506
216 507
217 711
217 2138
219 699
504 508
504 509
506 510
506 511
707 711
711 1818
711 1819
698 699
222 223
223 224
224 875
407 875
413 875
875 2029
875 2089
875 2099
875 2100
225 226
225 227
225 228
225 229
226 230
228 231
229 232
229 233
229 234
229 235
229 236
229 237
230 448
230 449
230 450
231 1073
232 795
233 1476
233 1503
233 1504
648 1073
1073 1074
1073 1075
1073 1076
1073 1077
1073 1078
1073 1079
1073 1080
1073 1081
1073 1082
1073 1083
1073 1084
1073 1085
795 796
1138 1476
1475 1476
1476 1478
1092 1504
1504 1505
238 239
238 240
239 241
239 242
239 243
239 244
241 678
241 969
241 970
242 1462
242 1468
243 1696
243 1697
244 1946
244 2126
244 2127
677 678
1167 1462
1462 1463
1462 1464
1462 1465
1462 1466
729 1468
886 1468
1056 1468
1464 1468
1468 1578
1468 1579
1468 1580
1468 1581
1468 1582
1468 1583
1170 1946
1454 1946
1470 1946
1946 1947
1946 1948
1581 2126
2126 2167
2126 2168
245 246
246 247
246 248
246 249
246 250
247 250
247 1107
248 495
248 1770
249 1450
249 2106
275 495
495 972
1417 1770
1770 1796
1770 1958
1770 1959
1770 1960
894 1450
251 252
251 253
252 254
252 255
252 256
254 411
254 712
254 715
254 717
254 718
254 719
254 720
411 963
411 1411
411 1420
411 1421
606 712
712 713
481 715
715 1418
715 1419
694 834
833 834
834 835
834 836
834 837
834 838
834 839
834 840
834 841
834 842
646 647
666 670
1262 1266
1266 2035
1618 1619
1619 1620
1511 1676
1674 1676
701 848
844 848
926 930
2087 2089
263 264
263 265
263 266
263 267
263 268
263 269
263 270
263 271
263 272
264 273
264 274
264 275
265 276
269 277
269 278
270 279
272 280
272 281
272 282
273 410
273 490
273 491
274 492
274 493
275 494
275 496
275 497
275 498
275 499
276 1438
277 307
277 667
277 1271
277 1318
277 1319
277 1320
277 1321
277 1322
277 1323
277 1324
277 1325
277 1326
277 1327
277 1328
277 1329
277 1330
277 1331
279 1779
279 1879
279 1880
279 1881
279 1882
279 1883
279 1884
279 1885
279 1886
279 1887
279 1888
279 1890
280 788
280 789
280 790
280 791
280 792
280 793
280 794
281 574
281 963
281 1421
281 1624
281 1625
281 1626
281 1627
281 1628
282 2010
410 520
491 771
491 1586
383 492
492 1472
492 1517
492 1518
492 1519
494 861
494 862
496 999
496 1001
497 1010
498 1363
498 1370
498 1371
499 2010
499 2085
499 2086
1356 1438
306 307
307 1612
316 667
667 672
1267 1271
1287 1319
1319 1458
1320 1701
1320 1794
1163 1321
1321 1731
943 1322
1143 1322
1322 1812
981 1323
1323 1334
1324 1998
1327 1554
371 1329
1330 2084
1131 1779
1884 2139
598 790
790 839
790 932
790 962
790 1850
791 1440
791 2085
792 963
793 2157
572 574
574 586
574 587
574 588
574 589
583 963
695 963
961 963
963 967
1625 1657
1315 1628
474 2010
2010 2011
283 284
283 285
284 286
284 287
286 690
286 691
286 940
286 1108
287 958
287 1280
287 1961
287 1963
688 690
690 1613
690 1616
688 691
939 940
940 942
940 943
940 944
940 945
940 946
999 1108
643 958
1193 1280
1275 1280
1280 1287
1280 1288
1280 1289
1280 1290
1280 1291
1280 1292
1961 1962
288 289
289 291
291 962
291 1116
291 1117
477 478
632 1028
1029 1150
482 962
654 962
874 962
961 962
962 966
1117 1742
373 1852
502 749
748 749
749 751
749 752
1009 1010
1010 1011
1010 1012
1010 1013
1010 1014
1010 1015
1010 1016
1010 1017
1010 1018
1010 1019
1010 1020
1010 1021
1010 1022
1010 1023
1010 1024
1010 1025
1010 1026
380 926
616 621
621 634
621 635
621 636
841 1549
1350 1549
1549 1966
728 1550
1550 1692
305 306
306 308
306 309
306 310
306 311
306 312
306 313
308 1656
309 1816
310 1714
311 469
311 1976
313 1952
313 2188
694 1612
1289 1612
1612 1613
1612 1614
1612 1615
1712 1714
1714 1715
453 469
1974 1976
1976 2171
385 1952
316 666
318 650
323 700
324 701
325 569
666 668
666 669
666 671
649 650
650 651
650 652
650 653
650 654
650 655
650 656
650 657
650 658
650 659
650 660
650 661
326 327
327 328
327 329
327 330
327 331
327 332
327 333
327 334
327 335
327 336
327 337
327 338
327 339
327 340
327 341
329 983
329 1038
336 1210
982 983
983 984
983 985
983 986
1038 2047
342 343
343 344
343 345
343 346
343 347
343 348
343 349
343 350
343 351
343 352
343 353
343 354
343 355
343 356
343 357
343 358
343 359
343 360
343 361
343 362
343 363
343 364
343 365
360 1269
365 2189
1008 1269
366 367
366 368
367 369
367 370
367 371
369 948
371 761
371 1453
371 1454
371 1455
634 761
757 761
761 1699
1455 2115
377 379
379 387
379 388
379 389
383 1526
383 1527
383 1528
385 696
385 1227
385 1518
385 1951
386 682
387 524
387 1255
387 1344
387 1345
387 1346
387 1347
503 926
835 926
926 927
926 928
926 929
995 999
999 1114
999 1115
1526 1562
1526 2053
606 721
721 826
721 1482
721 1532
625 696
696 1132
696 1134
696 1135
696 1136
1221 1227
1518 1524
1518 1525
1951 1953
680 682
682 1071
682 1659
682 1992
682 1993
1201 1255
1255 1348
1255 1350
1335 1344
1345 1348
1345 1349
390 391
391 394
391 395
391 396
391 397
394 1334
394 2054
394 2055
399 897
399 1505
399 2158
1141 1142
1142 1143
1199 1273
1200 1274
1334 1402
730 2080
896 897
897 1788
897 2146
730 1505
1505 1998
2158 2173
401 1463
401 1466
401 1498
402 625
402 920
402 1659
1463 1467
1466 1469
1466 1470
1466 1471
1498 2152
617 625
919 920
920 921
920 922
920 923
920 925
1469 1659
1659 1662
1659 1663
404 405
405 407
407 874
609 870
870 1253
412 595
412 1488
412 1489
412 1490
414 2153
514 520
520 571
1411 1440
1411 2110
576 595
595 1617
1489 2164
417 1140
836 1140
1140 1378
1140 1379
1140 1380
1140 1381
1140 1382
1140 1383
1140 1384
1140 1385
1140 1386
1140 1387
1140 1388
1140 1389
588 1847
1844 1847
2012 2165
2012 2166
421 422
422 423
422 424
422 425
422 426
422 427
422 428
422 429
422 430
422 431
422 432
422 433
422 434
422 435
422 436
422 437
422 438
422 439
422 440
422 441
422 442
422 443
422 444
422 445
422 446
422 447
426 1901
434 529
434 1209
446 2130
528 529
529 530
529 531
529 532
529 533
529 534
529 535
529 536
529 537
529 538
529 539
529 541
529 542
529 543
529 544
529 545
529 546
530 1209
531 1209
533 1209
534 1209
536 1209
539 1209
541 1209
542 1209
1209 1218
2129 2130
451 452
451 453
452 454
452 455
452 456
452 457
452 458
452 459
452 460
452 461
452 462
453 463
453 464
453 465
453 466
453 467
453 468
453 470
453 471
453 472
453 473
453 474
453 475
454 1452
454 1501
454 1502
456 553
456 1033
458 597
459 2083
461 1570
463 1835
464 1949
467 2097
591 1452
695 1452
894 1452
553 1772
553 1773
676 1033
933 1033
1033 1104
1033 1106
1033 1367
1033 1443
1033 1670
1033 1671
1033 1672
596 597
597 598
597 599
597 600
597 601
597 602
597 603
1949 1950
1709 2097
2097 2098
476 477
477 479
477 480
477 481
477 482
477 483
477 484
477 485
477 486
477 487
477 488
477 489
479 598
484 1554
488 1555
489 1486
598 1148
598 1149
598 1150
598 1151
598 1152
1079 1554
1178 1554
1554 1654
1554 1941
1555 1562
1440 1486
770 771
771 772
771 773
1119 1586
1168 1586
1584 1586
1586 1590
1586 1591
1586 1592
1167 1472
1472 1495
1472 1520
1472 1521
1472 1522
1472 1523
1519 1529
862 1007
862 1493
862 1732
862 1733
972 973
972 974
972 975
972 976
1143 1363
1363 1364
500 501
501 502
501 503
502 889
502 890
502 891
502 892
502 893
503 936
643 889
583 892
892 900
892 901
892 902
892 903
893 904
512 513
512 514
512 515
512 516
513 518
513 519
515 521
521 778
521 1299
521 1300
521 1301
521 1302
521 1303
521 1304
521 1305
521 1306
521 1307
995 1004
1036 1037
774 778
1300 1469
1300 1661
1304 1551
526 785
781 785
785 1985
785 1986
785 1987
785 1988
530 1208
532 573
534 763
534 1440
534 1441
536 1667
536 1668
537 1145
538 1441
539 1145
541 1145
545 1145
572 573
573 578
573 579
573 580
573 581
573 582
573 583
573 584
573 585
763 1439
558 1440
1077 1440
1440 1483
1440 1484
1440 1485
1440 1487
1163 1668
1144 1145
1145 1147
547 549
547 550
1497 1772
1138 1773
560 1893
561 1214
568 799
1213 1214
1214 1215
1214 1216
1214 1217
797 799
799 801
799 802
799 803
799 804
799 805
799 806
799 807
799 808
572 575
572 576
572 577
575 590
575 591
575 592
575 593
575 594
577 578
578 1024
579 1354
581 1355
581 1356
583 1357
583 1358
585 1359
586 1273
586 1690
590 702
590 703
590 704
590 705
591 704
591 705
591 1190
592 1381
594 2051
1189 1356
1356 1621
1356 1622
1357 1761
1358 2169
1359 1648
1273 1423
1273 1837
1273 1838
1273 1839
1273 1840
1690 1691
1690 1692
703 726
703 1221
703 1749
703 1750
1138 1190
1187 1190
1613 1617
1617 1913
1617 1914
600 1760
1148 1485
1150 1164
1264 1760
1531 1760
1706 1760
1760 1905
604 605
605 606
605 607
605 608
605 609
605 611
605 612
605 613
605 614
605 615
606 722
609 1094
609 1252
611 765
611 1928
611 1929
1093 1094
753 1776
765 1276
1929 2074
616 617
616 619
616 620
616 622
616 623
616 624
617 626
617 627
619 630
619 631
620 632
620 633
622 637
624 639
624 640
626 697
629 1664
630 631
630 766
630 1288
630 1367
630 1832
630 1833
630 1834
631 1832
631 1915
631 1916
632 1032
632 1119
632 1817
634 1912
637 2066
639 643
639 945
639 2136
640 1285
640 2002
697 1991
1664 2013
1188 1288
1288 1446
1288 1942
1288 1943
1143 1367
1367 1815
1834 1954
1834 1955
1834 1956
1444 1915
1915 1999
1916 1999
933 1032
1032 1092
1032 1469
1032 1551
1032 1660
837 1119
1119 1584
1119 1594
1119 1595
934 1912
1313 1557
642 643
643 949
643 957
643 959
643 960
945 1245
945 2119
945 2120
945 2121
945 2122
1657 2136
1278 1285
1348 2002
641 642
642 644
644 857
644 1203
949 951
949 952
931 957
957 1572
957 1784
959 2175
857 1205
857 1206
857 1207
1203 1204
645 646
646 648
653 837
656 1046
656 1265
837 1265
837 1402
837 1598
1046 1597
1046 1678
1046 1679
1261 1265
1265 1289
1265 1485
1265 1597
1265 1775
664 987
664 988
664 989
664 990
664 991
664 992
989 1825
989 1826
1724 1725
671 1298
1298 2075
673 674
674 675
674 676
675 1844
675 1989
675 1990
676 981
1841 1844
1082 1990
1990 2057
975 981
981 2113
679 680
679 681
680 683
680 684
681 686
684 1836
686 1405
1070 1071
1071 1072
1992 1994
1993 1995
1836 2093
810 828
687 688
688 689
688 692
688 693
688 694
688 695
692 1372
693 753
695 1903
695 1904
1136 1613
1127 1372
1182 1372
1372 1422
1372 1423
1372 1424
750 753
753 1774
753 1775
753 1777
708 1132
836 1132
1132 1133
979 1134
1134 1537
1135 1408
723 726
726 727
726 728
726 729
726 730
726 731
726 732
726 733
1031 1221
1221 1225
1221 1226
1221 1228
1221 1229
1221 1230
1221 1231
706 707
707 708
707 709
707 710
708 1137
709 996
745 1137
1137 1163
1137 1811
996 1008
1168 1818
1171 1818
1578 1818
1606 1818
1818 1819
1818 1820
1416 1654
1417 1654
1417 1771
1419 2038
1419 2039
757 760
810 826
1480 1482
1482 1700
1482 2065
1532 2070
1532 2071
1532 2072
1532 2073
723 724
723 725
727 741
727 918
728 1724
729 2056
729 2057
730 2081
731 1975
738 741
741 809
741 811
741 812
913 918
918 1516
1652 1724
1724 1726
2056 2058
1253 2057
2057 2059
1076 1975
1975 1977
1975 1979
1975 1980
734 735
734 736
734 737
734 738
734 739
737 740
738 742
738 743
738 744
738 745
738 746
738 747
740 1531
740 1826
740 2016
740 2017
740 2018
740 2019
740 2020
742 1222
742 1427
742 1874
742 1875
743 1675
743 2001
796 1531
1234 1826
1310 1826
1825 1826
1826 1827
1826 1828
2017 2071
2017 2105
809 810
811 1390
811 1391
811 1392
811 1393
811 1394
811 1395
811 1396
811 1397
812 1099
812 1139
812 1366
1031 1222
1222 1233
1222 1234
1222 1235
1222 1236
1098 1427
1427 1435
1427 1436
1427 1437
880 1675
1483 1675
1674 1675
1675 1701
1675 1702
748 750
750 754
751 894
754 1261
754 2185
894 1449
894 1451
1257 1261
1261 1264
755 756
755 757
756 759
757 762
759 1665
759 1666
762 2123
762 2124
1666 1869
1205 1699
1635 1699
1693 1699
1699 2149
1176 2123
1226 1276
1275 1276
1276 1282
1276 1283
773 973
973 977
774 775
774 776
779 1891
779 1892
780 781
780 782
780 783
781 784
781 786
781 787
784 1795
784 1796
784 1797
784 1798
784 1799
784 1800
784 1801
784 1802
784 1803
784 1804
784 1805
784 1806
787 2162
927 932
931 932
1850 1910
2093 2157
796 1025
796 1530
797 798
802 1099
1172 1224
1034 1099
1098 1099
1099 1434
810 813
810 814
810 815
810 816
810 817
810 818
810 819
810 820
810 821
810 822
810 823
810 824
810 825
810 827
810 829
810 830
810 831
810 832
819 1138
823 1459
1393 1444
1133 1139
1139 2179
1139 2180
1143 1366
1366 1813
1366 1814
1133 1138
1138 1485
1138 1787
1457 1459
1459 1933
1459 1934
1459 1935
1459 1936
1459 1937
1459 1938
835 935
838 2104
840 2172
977 1402
1402 1780
843 844
843 845
844 846
844 847
844 849
845 850
845 851
845 852
849 1131
851 1970
852 1640
1131 1780
1131 1781
1131 1782
1632 1640
1639 1640
1640 1642
1640 1643
1640 1644
1640 1645
1640 1646
855 860
995 1007
863 864
864 866
864 867
864 868
1153 1155
1153 1156
1253 2111
2028 2029
2029 2030
2029 2031
876 877
877 879
880 1712
880 1716
880 1717
880 1718
880 1719
881 1310
881 2170
1712 1713
1716 1944
884 885
885 886
885 887
885 888
900 1164
900 1575
900 1576
900 1577
901 974
901 1945
895 896
896 898
898 2187
1433 1788
1788 2003
1788 2005
1162 1164
974 978
974 979
1277 1284
1284 1653
1284 1654
1284 1655
1410 1680
1412 2161
1444 1558
1516 1536
921 1707
921 1709
921 1710
1707 1708
1709 2147
1709 2148
1710 2147
1710 2150
927 931
927 933
928 934
929 937
931 1020
931 1031
933 1034
933 1035
934 1297
934 2132
1031 1223
1031 1224
1034 1894
1034 1895
1035 2095
1035 2096
1294 1297
2131 2132
1425 1998
939 941
941 947
942 1957
943 1350
943 2026
1350 1977
1350 2027
1224 1245
1245 2191
2121 2122
951 954
952 955
953 1189
953 1909
953 1910
953 1911
1187 1189
1189 1623
1909 1954
1910 2062
1910 2063
1571 1572
1572 1574
1500 1784
961 964
961 965
964 968
967 1751
977 1147
977 1399
977 1876
978 1360
978 1362
979 1863
979 1864
1102 1399
1360 1361
994 1003
995 1005
995 1006
1003 1048
1008 1267
1008 1268
1051 1480
1480 1481
1114 1163
1114 1263
1114 1545
1729 1731
1047 1048
1048 1049
1048 1050
1048 1051
1048 1052
1048 1053
1048 1054
1048 1055
1048 1056
1048 1057
1048 1058
1048 1059
1048 1060
1048 1061
1048 1062
1048 1063
1048 1064
1048 1065
1048 1066
1048 1067
1048 1068
1048 1069
1267 1270
1268 1272
1026 1092
1092 1387
1092 1896
1092 1897
1092 1898
1092 1899
1092 1900
1056 1224
1224 1237
1224 1238
1224 1239
1224 1240
1224 1241
1224 1242
1224 1243
1224 1244
1521 1551
1551 1553
1442 1443
1443 1444
1567 1670
2047 2048
1039 1040
1040 1041
1041 1506
1041 1509
1041 1510
1041 1511
1041 1512
1041 1513
1041 1514
1506 1507
1596 1597
1054 1755
1061 2118
1072 1211
1072 1212
1076 1974
1079 1133
1444 1917
1444 1918
1444 1919
1444 1920
1444 1921
1444 1922
1898 2040
1898 2041
1898 2042
1898 2043
1898 2044
1102 1398
1102 1400
1102 1401
1434 2140
1162 1163
1163 1692
1163 1807
1163 1808
1163 1809
1259 1263
1263 1499
1263 1500
1545 1546
1436 1584
1584 1585
1584 1587
1584 1588
1584 1589
1125 1126
1126 1127
1126 1128
1126 1129
1126 1130
1127 1373
1127 1374
1127 1375
1373 1374
1780 1854
1537 1538
1537 1539
1337 1408
1408 1982
1408 1983
1485 1923
1433 1787
1143 1365
1144 1146
1159 1376
1159 1377
1161 1162
1655 1808
1728 1808
1808 1810
1165 1166
1166 1167
1166 1168
1166 1169
1166 1170
1166 1171
1168 2084
1170 1236
1170 2084
1171 2084
1236 1869
1236 1870
1236 1871
1236 1872
1236 1873
1186 1187
1187 1188
1187 1191
1187 1192
1187 1193
1187 1194
1188 1289
1188 1442
1188 1445
1188 1446
1188 1447
1188 1448
1193 1878
1445 1474
1445 1931
1445 1932
1201 1254
1215 1561
1561 1562
1693 1698
1225 1433
1226 1743
1226 1744
1228 1457
1228 1460
1228 1745
1228 1746
1228 1747
1228 1748
1233 1865
1235 1866
1235 1867
1235 1868
1241 1958
1432 1433
1433 1789
1433 1790
1433 1791
1433 1792
1433 1793
1743 1763
1456 1457
1457 1458
1457 1460
1457 1461
1460 1654
1460 1745
1460 1939
1429 1726
1866 1972
1872 2077
1257 1258
1257 1259
1257 1260
1257 1262
1264 1906
1840 2174
1275 1277
1275 1278
1275 1279
1275 1281
1279 1286
1282 1753
1287 1563
1290 1998
1752 1753
1753 1754
1654 1940
1569 1998
1998 1999
1998 2000
1293 1294
1293 1295
1311 1977
1761 1977
1977 2067
1977 2068
1812 2137
1336 1406
1337 1407
1407 1599
1349 1980
1349 2160
1569 1980
1641 1648
1364 1368
1364 1369
1677 1983
1771 2176
1771 2177
1771 2178
1435 1534
1435 1535
1436 1593
1431 1432
1593 2064
1483 1700
1470 1474
1473 1474
1765 1932
2114 2115
2115 2116
2115 2117
1933 2025
1495 1589
1523 1981
1475 1477
1478 2049
2049 2050
1481 1688
1684 1688
1688 1973
1688 1984
1543 1700
1923 1924
2163 2164
1494 1756
1497 2192
1756 1757
1507 1508
1562 2069
2072 2107
1538 1540
1541 1542
1542 1543
1542 1544
1543 1996
1965 1966
1553 2141
1568 1908
2069 2108
1571 1573
1591 1861
1860 1861
1861 2061
1708 1711
1629 1630
1630 1631
1630 1632
1639 1641
1641 1647
1641 1649
1650 1651
1651 1652
1652 1728
1728 2079
2013 2014
2013 2015
1673 1674
1674 1677
1677 1953
1677 2133
1677 2134
1677 2135
1702 1853
1682 1686
1685 1689
1686 1856
1686 1857
1686 1858
1689 1902
1972 1973
1704 1705
1705 1706
1720 1721
1720 1722
1729 1730
1740 1855
1763 1764
1763 1765
1763 1766
1763 1767
1763 1768
1763 1769
1959 2052
2003 2004
1810 1848
1810 1849
1827 2112
1954 2021
1841 1842
1841 1843
1842 1845
1843 1846
1859 1860
1860 1862
1971 1972
2076 2077
1964 1965
1965 1967
1979 2159
2171 2186
2067 2078
2004 2006
2004 2007
2004 2008
2004 2009
2011 2045
2011 2046
2030 2109
2087 2088
2087 2090
2088 2091
2090 2092
2168 2190
