1 1108
8 1108
163 1108
197 1108
208 1108
256 1108
257 1108
313 1108
323 1108
383 1108
467 1108
543 1108
675 1108
680 1108
693 1108
737 1108
877 1108
1015 1108
1062 1108
1108 1116
1108 1370
1108 1417
1108 1431
1108 1725
1108 1824
1108 1943
1108 2060
1108 2069
2 768
26 768
70 768
768 898
3 999
750 999
999 1519
999 1617
999 2126
4 1519
25 1519
145 1519
202 1519
208 1519
237 1519
326 1519
358 1519
463 1519
478 1519
532 1519
630 1519
650 1519
710 1519
717 1519
765 1519
820 1519
828 1519
894 1519
956 1519
1165 1519
1240 1519
1269 1519
1337 1519
1348 1519
1447 1519
1448 1519
1463 1519
1519 1521
1519 1528
1519 1762
1519 1788
1519 1792
1519 1876
1519 1885
1519 1894
1519 1945
1519 2021
1519 2120
5 75
5 1150
5 1206
5 1296
5 1360
5 1869
5 1931
75 116
75 519
75 558
75 732
75 1165
29 1206
1206 1966
524 1931
6 1883
13 1883
36 1883
78 1883
114 1883
124 1883
142 1883
161 1883
164 1883
175 1883
283 1883
311 1883
348 1883
355 1883
403 1883
481 1883
623 1883
639 1883
645 1883
742 1883
773 1883
775 1883
830 1883
833 1883
847 1883
855 1883
858 1883
910 1883
915 1883
948 1883
965 1883
970 1883
1208 1883
1222 1883
1227 1883
1249 1883
1394 1883
1399 1883
1400 1883
1432 1883
1496 1883
1534 1883
1546 1883
1577 1883
1583 1883
1624 1883
1625 1883
1651 1883
1676 1883
1678 1883
1711 1883
1742 1883
1839 1883
1843 1883
1856 1883
1883 1938
1883 1968
1883 2001
1883 2010
1883 2011
1883 2022
1883 2058
1883 2059
1883 2089
1883 2095
1883 2109
1883 2111
7 492
339 492
390 492
430 492
492 577
492 654
492 673
492 766
492 1240
492 1258
492 1340
492 1446
492 1736
492 1829
492 1944
492 2106
8 101
14 101
25 101
38 101
69 101
87 101
101 102
101 172
101 202
101 209
101 228
101 251
101 254
101 301
101 309
101 316
101 364
101 418
101 429
101 452
101 550
101 630
101 743
101 766
101 778
101 789
101 876
101 893
101 897
101 933
101 942
101 946
101 953
101 956
101 976
101 984
101 1027
101 1037
101 1096
101 1116
101 1178
101 1203
101 1231
101 1240
101 1269
101 1323
101 1353
101 1367
101 1373
101 1374
101 1404
101 1447
101 1560
101 1565
101 1590
101 1608
101 1619
101 1636
101 1642
101 1736
101 1890
101 1945
101 1962
101 1999
101 2033
101 2078
101 2099
101 2131
9 308
308 666
10 718
198 718
205 718
266 718
457 718
572 718
660 718
718 825
718 845
718 907
718 947
718 1010
718 1110
718 1177
718 1323
718 1492
718 1498
718 1771
718 1834
718 1874
718 1991
718 2009
718 2039
11 149
149 254
149 328
149 350
149 672
149 736
149 752
149 870
149 959
149 1384
149 1435
149 1439
149 1504
149 1611
149 1723
149 1779
149 1818
149 1842
149 1870
149 1928
149 2133
12 1374
91 1374
132 1374
139 1374
172 1374
191 1374
248 1374
404 1374
418 1374
494 1374
505 1374
506 1374
536 1374
556 1374
559 1374
635 1374
675 1374
749 1374
750 1374
765 1374
778 1374
793 1374
827 1374
871 1374
901 1374
917 1374
925 1374
933 1374
1006 1374
1071 1374
1215 1374
1240 1374
1278 1374
1295 1374
1339 1374
1374 1416
1374 1617
1374 1644
1374 1679
1374 1684
1374 1690
1374 1700
1374 1709
1374 1727
1374 1736
1374 1788
1374 1807
1374 1829
1374 1833
1374 1954
1374 2024
15 1590
22 1590
61 1590
68 1590
80 1590
87 1590
122 1590
125 1590
186 1590
212 1590
230 1590
254 1590
261 1590
284 1590
285 1590
300 1590
303 1590
318 1590
328 1590
356 1590
372 1590
377 1590
396 1590
432 1590
436 1590
458 1590
479 1590
512 1590
531 1590
541 1590
545 1590
563 1590
568 1590
579 1590
583 1590
596 1590
598 1590
599 1590
601 1590
608 1590
618 1590
649 1590
673 1590
681 1590
695 1590
699 1590
719 1590
747 1590
776 1590
787 1590
792 1590
807 1590
826 1590
867 1590
883 1590
886 1590
921 1590
981 1590
985 1590
1003 1590
1011 1590
1020 1590
1034 1590
1039 1590
1058 1590
1060 1590
1065 1590
1107 1590
1117 1590
1123 1590
1130 1590
1132 1590
1145 1590
1148 1590
1149 1590
1165 1590
1167 1590
1173 1590
1176 1590
1192 1590
1205 1590
1219 1590
1232 1590
1233 1590
1238 1590
1243 1590
1250 1590
1268 1590
1287 1590
1291 1590
1300 1590
1312 1590
1348 1590
1399 1590
1400 1590
1407 1590
1414 1590
1419 1590
1420 1590
1429 1590
1458 1590
1490 1590
1505 1590
1576 1590
1581 1590
1590 1592
1590 1594
1590 1615
1590 1627
1590 1629
1590 1639
1590 1641
1590 1693
1590 1730
1590 1760
1590 1778
1590 1795
1590 1798
1590 1810
1590 1818
1590 1822
1590 1823
1590 1847
1590 1897
1590 1902
1590 1907
1590 1911
1590 1942
1590 1954
1590 1957
1590 1982
1590 2003
1590 2026
1590 2049
1590 2083
1590 2085
1590 2087
1590 2091
1590 2095
1590 2097
1590 2102
1590 2112
1590 2125
1590 2139
16 475
29 475
50 475
122 475
475 478
475 654
475 897
17 1339
25 1339
70 1339
81 1339
83 1339
156 1339
404 1339
427 1339
528 1339
536 1339
556 1339
603 1339
638 1339
650 1339
654 1339
793 1339
803 1339
917 1339
949 1339
956 1339
1002 1339
1071 1339
1112 1339
1165 1339
1278 1339
1285 1339
1339 1397
1339 1488
1339 1507
1339 1523
1339 1562
1339 1667
1339 1690
1339 1954
1339 1962
1339 2069
1339 2107
18 1966
54 1966
77 1966
168 1966
187 1966
490 1966
544 1966
628 1966
640 1966
735 1966
766 1966
769 1966
846 1966
916 1966
979 1966
1127 1966
1207 1966
1229 1966
1329 1966
1361 1966
1371 1966
1380 1966
1383 1966
1848 1966
1850 1966
1886 1966
1966 1982
1966 2118
19 979
979 1070
979 1330
979 1338
979 1689
20 960
65 960
528 960
960 1116
960 1427
960 1719
960 1954
960 1998
21 502
82 502
172 502
237 502
397 502
404 502
472 502
502 605
502 669
502 816
502 864
502 903
502 953
502 1034
502 1068
502 1071
502 1219
502 1269
502 1326
502 1365
502 1378
502 1485
502 1501
502 1655
502 1667
502 1690
502 1790
502 1809
502 1819
502 1923
502 1947
23 2073
25 2073
323 2073
395 2073
949 2073
1154 2073
1542 2073
24 70
25 70
28 70
70 87
70 100
70 109
70 111
70 117
70 153
70 155
70 177
70 208
70 217
70 223
70 226
70 228
70 237
70 253
70 254
70 260
70 312
70 337
70 338
70 357
70 364
70 374
70 404
70 413
70 416
70 418
70 430
70 442
70 446
70 460
70 496
70 503
70 505
70 513
70 523
70 550
70 561
70 562
70 574
70 593
70 603
70 604
70 607
70 619
70 631
70 665
70 669
70 675
70 780
70 793
70 796
70 821
70 890
70 933
70 942
70 946
70 953
70 956
70 957
70 1004
70 1030
70 1032
70 1034
70 1035
70 1042
70 1055
70 1063
70 1065
70 1068
70 1071
70 1074
70 1075
70 1092
70 1111
70 1151
70 1153
70 1160
70 1181
70 1182
70 1191
70 1237
70 1240
70 1241
70 1242
70 1269
70 1280
70 1307
70 1318
70 1369
70 1381
70 1388
70 1397
70 1401
70 1416
70 1418
70 1464
70 1475
70 1477
70 1478
70 1497
70 1506
70 1511
70 1571
70 1572
70 1603
70 1623
70 1628
70 1649
70 1657
70 1662
70 1667
70 1682
70 1685
70 1690
70 1702
70 1709
70 1727
70 1729
70 1732
70 1733
70 1736
70 1773
70 1780
70 1805
70 1861
70 1888
70 1893
70 1894
70 1916
70 1940
70 1945
70 1954
70 1962
70 1990
70 2015
70 2023
70 2031
70 2032
70 2047
70 2061
70 2072
70 2095
70 2104
70 2108
70 2130
25 82
25 103
25 107
25 182
25 373
25 535
25 548
25 749
25 752
25 758
25 814
25 972
25 983
25 1019
25 1050
25 1071
25 1175
25 1200
25 1216
25 1257
25 1326
25 1327
25 1348
25 1447
25 1499
25 1521
25 1550
25 1554
25 1556
25 1690
25 1800
25 1915
25 1987
25 2035
82 146
82 561
82 620
82 635
82 675
82 933
82 956
82 1461
82 1667
82 1724
82 1937
82 1990
103 930
103 937
103 1884
107 1219
373 758
59 535
122 535
535 911
535 1667
535 1976
548 1348
81 749
195 749
228 749
404 749
528 749
604 749
749 840
749 1034
749 1059
749 1667
749 1690
749 1732
749 1945
50 758
87 758
88 758
97 758
184 758
297 758
357 758
426 758
439 758
448 758
478 758
480 758
499 758
542 758
558 758
586 758
587 758
684 758
739 758
740 758
758 771
758 772
758 780
758 793
758 824
758 844
758 876
758 879
758 909
758 926
758 933
758 934
758 953
758 956
758 1006
758 1018
758 1041
758 1116
758 1124
758 1164
758 1165
758 1174
758 1202
758 1228
758 1240
758 1244
758 1312
758 1348
758 1388
758 1425
758 1486
758 1514
758 1544
758 1652
758 1663
758 1667
758 1669
758 1670
758 1671
758 1684
758 1690
758 1803
758 1827
758 1829
758 1862
758 1863
758 1956
758 2048
758 2090
758 2107
37 983
108 983
132 983
237 983
244 983
254 983
321 983
433 983
476 983
538 983
558 983
585 983
650 983
682 983
780 983
786 983
793 983
827 983
983 1023
983 1115
983 1133
983 1165
983 1171
983 1286
983 1397
983 1480
983 1603
983 1669
983 1750
983 1828
983 1829
983 1848
983 1882
983 1954
983 1956
983 1962
983 2035
983 2071
983 2103
1019 1497
320 1071
750 1071
769 1071
1071 1199
1071 1677
1071 1690
1071 1736
1071 1926
259 1257
29 1326
219 1326
223 1326
418 1326
890 1326
953 1326
956 1326
1122 1326
1326 1627
1326 1690
1326 1845
131 1348
254 1348
293 1348
862 1348
949 1348
995 1348
1006 1348
1215 1348
1348 1858
1348 1926
1348 1962
1348 2008
1348 2084
26 1447
117 1447
209 1447
254 1447
337 1447
342 1447
557 1447
584 1447
604 1447
767 1447
984 1447
1140 1447
1213 1447
1431 1447
1447 1568
1447 1578
1447 1603
1447 1674
1447 1698
1447 1993
1447 2013
419 1499
958 1499
324 1521
669 1521
678 1521
942 1521
1063 1521
213 1550
827 1550
1068 1550
1240 1550
1354 1550
1550 1596
1550 1690
1550 1790
1550 1954
1292 1554
29 1690
34 1690
59 1690
132 1690
140 1690
199 1690
223 1690
237 1690
246 1690
307 1690
326 1690
361 1690
384 1690
418 1690
455 1690
461 1690
478 1690
480 1690
488 1690
494 1690
508 1690
537 1690
561 1690
666 1690
687 1690
721 1690
750 1690
759 1690
780 1690
783 1690
789 1690
793 1690
832 1690
900 1690
925 1690
933 1690
935 1690
939 1690
953 1690
956 1690
982 1690
1068 1690
1106 1690
1109 1690
1112 1690
1114 1690
1151 1690
1158 1690
1165 1690
1198 1690
1204 1690
1269 1690
1313 1690
1320 1690
1324 1690
1428 1690
1473 1690
1483 1690
1497 1690
1510 1690
1512 1690
1593 1690
1635 1690
1667 1690
1681 1690
1690 1706
1690 1718
1690 1732
1690 1748
1690 1749
1690 1753
1690 1793
1690 1866
1690 1884
1690 1888
1690 1894
1690 1926
1690 1954
1690 1962
1690 1972
1690 1980
1690 2002
1690 2037
1690 2063
1690 2070
1690 2074
1690 2093
1690 2135
112 1800
521 1800
693 1800
746 1800
822 1800
973 1800
1061 1800
1149 1800
1247 1800
1471 1800
1482 1800
1623 1800
1800 2047
1001 1987
1391 1987
234 2035
859 2035
26 29
26 95
26 105
26 237
26 254
26 255
26 273
26 290
26 337
26 462
26 648
26 687
26 693
26 823
26 825
26 838
26 953
26 956
26 1066
26 1136
26 1218
26 1305
26 1472
26 1500
26 1557
26 1650
26 1663
26 1709
26 1746
26 1829
26 1841
26 1975
26 2031
29 294
29 1001
29 1796
29 2065
95 189
237 254
237 725
237 1159
237 1235
237 1423
237 1428
237 1440
237 1512
237 1513
237 1535
237 1782
237 1903
237 2129
158 254
159 254
193 254
254 304
254 431
254 521
254 603
254 750
254 756
254 1126
254 1397
254 1474
254 1664
254 1736
254 1775
32 337
337 491
337 789
337 1547
337 1901
207 687
687 1292
825 1126
825 1664
324 953
675 953
953 1353
132 956
209 956
331 956
478 956
757 956
759 956
764 956
815 956
956 1080
956 1186
956 1215
956 1223
956 1251
956 1963
1034 1557
822 1663
1518 1663
209 1709
382 1709
1709 1785
440 1746
822 1829
1134 1829
1664 1829
1262 1841
729 1975
234 2031
1199 2031
27 716
27 1459
41 716
526 716
634 716
716 980
716 1361
716 1460
716 1721
716 1797
716 1871
716 2123
43 1459
201 1459
329 1459
1070 1459
1184 1459
1230 1459
1239 1459
1459 1595
1459 2007
340 1001
765 1001
925 1001
1001 1004
1001 1212
1001 1240
1001 1272
1001 1382
1001 1409
1001 1801
1001 2075
30 2027
666 2027
1579 2027
31 854
822 854
854 1664
854 1890
32 223
32 321
32 516
32 571
32 683
32 686
32 694
32 875
32 1002
32 1099
32 1181
32 1269
32 1323
32 1431
32 1918
32 1961
32 1962
32 1986
32 2066
223 238
223 304
223 611
223 647
223 1416
223 1785
694 1057
592 1181
207 1269
315 1269
821 1269
1068 1269
1267 1269
1269 1661
1269 1932
33 1323
411 1323
646 1323
705 1323
1323 1346
1323 1904
253 1431
1275 1431
1431 1660
34 1962
86 1962
128 1962
247 1962
364 1962
494 1962
506 1962
710 1962
778 1962
871 1962
885 1962
938 1962
991 1962
1087 1962
1506 1962
1518 1962
1664 1962
1719 1962
1962 1981
1962 1989
33 292
33 610
33 668
33 783
33 1271
33 1282
33 1537
33 1815
33 1879
34 757
34 1057
34 1475
34 1648
34 1925
463 757
503 757
567 757
651 757
757 961
757 1006
757 1266
102 1057
172 1057
231 1057
271 1057
340 1057
745 1057
819 1057
1057 1913
1450 1648
301 1925
437 1925
1134 1925
1448 1925
1804 1925
35 606
35 1186
52 1186
71 1186
110 1186
121 1186
143 1186
154 1186
165 1186
169 1186
174 1186
202 1186
225 1186
227 1186
272 1186
280 1186
291 1186
310 1186
314 1186
328 1186
332 1186
349 1186
367 1186
376 1186
422 1186
430 1186
438 1186
443 1186
511 1186
530 1186
539 1186
555 1186
576 1186
597 1186
600 1186
609 1186
614 1186
659 1186
669 1186
731 1186
781 1186
793 1186
799 1186
800 1186
806 1186
834 1186
860 1186
861 1186
902 1186
969 1186
1025 1186
1034 1186
1047 1186
1051 1186
1073 1186
1083 1186
1085 1186
1086 1186
1119 1186
1120 1186
1142 1186
1153 1186
1161 1186
1169 1186
1170 1186
1183 1186
1186 1221
1186 1245
1186 1276
1186 1277
1186 1281
1186 1286
1186 1289
1186 1301
1186 1302
1186 1303
1186 1331
1186 1343
1186 1352
1186 1388
1186 1411
1186 1449
1186 1450
1186 1468
1186 1479
1186 1481
1186 1503
1186 1532
1186 1545
1186 1566
1186 1578
1186 1602
1186 1603
1186 1633
1186 1692
1186 1713
1186 1726
1186 1766
1186 1769
1186 1784
1186 1812
1186 1837
1186 1840
1186 1874
1186 1891
1186 1910
1186 1945
1186 1946
1186 1960
1186 1995
1186 2000
1186 2005
1186 2008
1186 2034
1186 2076
1186 2088
1186 2114
1186 2124
1186 2137
39 822
172 822
196 822
202 822
208 822
253 822
289 822
339 822
340 822
383 822
418 822
463 822
498 822
621 822
822 987
822 1031
822 1240
822 1247
822 1273
822 1316
822 1344
822 1401
822 1632
822 1917
822 1932
40 209
40 281
72 209
130 209
209 697
209 924
209 1034
209 1125
209 1416
209 1488
209 1708
209 1739
209 1763
209 1788
209 1954
209 2075
42 729
42 1178
64 729
325 729
408 729
435 729
729 873
729 1139
729 1319
729 1420
729 1589
729 1605
729 1613
729 1710
729 1964
729 2113
556 1178
630 1178
1165 1178
1178 1501
1178 1604
44 2101
793 2101
45 1764
106 1764
147 1764
178 1764
210 1764
268 1764
277 1764
295 1764
346 1764
379 1764
401 1764
414 1764
507 1764
510 1764
547 1764
566 1764
591 1764
612 1764
644 1764
658 1764
723 1764
727 1764
760 1764
762 1764
804 1764
887 1764
977 1764
1362 1764
1368 1764
1527 1764
1638 1764
1738 1764
1743 1764
1764 1900
1764 1924
1764 1965
1764 1974
1764 2043
46 1240
56 1240
242 1240
470 1240
489 1240
750 1240
753 1240
808 1240
849 1240
1023 1240
1165 1240
1214 1240
1240 1381
1240 1416
1240 1465
1240 1487
1240 1520
1240 1569
1240 1617
1240 1662
1240 1664
1240 1757
1240 1765
1240 1867
1240 1903
1240 1906
1240 1945
47 647
214 647
228 647
48 1314
48 2029
336 1314
388 1314
582 1314
785 1314
882 1314
938 1314
1036 1314
1314 2029
49 190
60 190
133 190
169 190
190 264
190 369
190 389
190 547
190 636
190 711
190 784
190 798
190 863
190 884
190 928
190 964
190 1021
190 1026
190 1079
190 1082
190 1090
190 1097
190 1162
190 1248
190 1254
190 1265
190 1359
190 1398
190 1438
190 1445
190 1453
190 1518
190 1597
190 1701
190 1738
190 1754
190 1826
190 1920
190 1941
190 2136
51 1605
771 1605
1061 1605
1389 1605
1515 1605
1605 1631
1605 2047
53 889
96 889
564 889
641 889
889 1103
889 1397
889 1705
55 955
55 2117
536 955
56 504
56 2040
57 856
57 2120
1789 2120
58 392
58 569
58 842
58 913
58 1014
58 1562
58 1656
58 1659
58 1729
58 1884
207 1562
62 91
62 102
62 141
62 480
62 671
62 793
62 835
62 1397
62 2068
94 102
102 1292
102 1509
141 453
203 793
399 793
410 793
685 793
769 793
793 899
793 1364
793 1452
793 1494
793 1607
793 1664
793 1831
793 1909
451 1397
995 1397
1397 1526
1397 1903
1397 1914
1397 1973
63 1045
74 1045
135 1045
200 1045
215 1045
221 1045
222 1045
240 1045
269 1045
288 1045
302 1045
341 1045
441 1045
456 1045
692 1045
857 1045
908 1045
919 1045
924 1045
1045 1196
1045 1325
1045 1342
1045 1386
1045 1466
1045 1575
1045 1704
1045 1806
1045 1873
1045 1921
1045 1922
1045 1970
1045 2119
65 1252
65 1872
66 1661
85 1661
93 1661
173 1661
236 1661
276 1661
464 1661
552 1661
669 1661
700 1661
712 1661
726 1661
782 1661
809 1661
940 1661
963 1661
1180 1661
1193 1661
1299 1661
1341 1661
1517 1661
1614 1661
1661 1755
1661 1855
1661 1875
1661 1908
1661 1929
1661 1933
67 1416
127 1416
170 1416
208 1416
227 1416
239 1416
247 1416
262 1416
275 1416
298 1416
330 1416
335 1416
359 1416
415 1416
675 1416
676 1416
690 1416
766 1416
906 1416
950 1416
967 1416
998 1416
1092 1416
1112 1416
1217 1416
1219 1416
1401 1416
1416 1469
1416 1538
1416 1622
1416 1665
1416 1767
1416 1816
1416 1852
1416 1926
1416 1935
1416 1993
1416 1994
1416 2006
1416 2012
1416 2017
1416 2036
1416 2094
1416 2132
68 478
228 478
478 551
478 557
478 761
478 942
478 1424
478 1531
478 1616
478 1926
478 1951
111 1497
111 1732
117 493
117 1292
153 1722
132 228
228 489
228 509
228 942
228 1410
228 1580
228 1667
228 1768
253 473
364 425
364 654
364 667
364 1349
364 1664
364 1890
404 491
404 1664
304 418
319 418
385 418
418 1194
418 1903
370 430
430 675
430 944
505 1782
505 1926
179 513
339 604
604 1662
604 1671
665 685
665 1290
304 669
347 669
406 669
669 1126
669 1199
669 1494
172 675
319 675
371 675
515 675
675 1292
675 1497
675 1736
410 780
232 821
689 821
821 1849
193 933
630 933
685 933
831 933
933 1157
933 1488
933 1814
933 1994
933 1997
933 2075
339 942
402 942
412 942
557 942
653 942
942 1185
942 1616
942 2053
942 2069
452 946
946 2069
1004 1926
750 1034
1034 1559
1055 2053
410 1063
218 1068
750 1068
1068 1114
1068 1664
1068 1684
1068 2020
1092 1437
1092 2037
1151 1881
324 1153
407 1241
167 1242
199 1242
426 1242
1195 1280
1318 1426
1318 1881
789 1388
1401 1541
1418 2053
1422 1477
134 1497
949 1497
997 1497
1016 1497
1428 1497
1497 1563
1497 1736
1497 1887
777 1628
144 1662
678 1662
138 1667
304 1667
375 1667
410 1667
1412 1667
1510 1667
1564 1667
1667 1926
663 1732
1128 1732
452 1736
1736 2077
189 1888
301 1888
1782 1888
274 1894
278 1894
537 1894
560 1894
1364 1945
340 1954
1392 1954
1455 1954
1954 2074
769 2047
1664 2047
771 2095
73 685
685 951
685 1052
685 1322
1165 1981
1165 1992
76 1155
118 1155
204 1155
317 1155
420 1155
483 1155
540 1155
565 1155
626 1155
642 1155
677 1155
702 1155
795 1155
847 1155
1044 1155
1049 1155
1155 1168
1155 1236
1155 1256
1155 1293
1155 1306
1155 1335
1155 1347
1155 1399
1155 1551
1155 1570
1155 1802
1155 1877
1155 1936
1155 1948
79 89
89 257
84 324
181 324
287 324
324 354
324 433
324 454
324 521
324 656
324 990
324 1144
324 1146
324 1353
324 1390
324 1395
324 1428
324 1591
324 1609
324 1745
324 1835
324 1878
90 976
92 293
293 1198
98 1881
428 1881
474 1881
696 1881
715 1881
738 1881
774 1881
892 1881
982 1881
1054 1881
1118 1881
1156 1881
1209 1881
1225 1881
1286 1881
1302 1881
1366 1881
1375 1881
1555 1881
1599 1881
1777 1881
1881 1959
1881 1967
1881 1971
1881 2025
1881 2034
99 554
99 573
99 661
99 670
99 679
99 763
99 974
99 1081
99 1421
99 1673
99 1703
99 1759
344 763
763 949
763 1126
763 1740
763 2046
172 319
172 382
172 489
172 588
172 917
172 1292
172 1392
202 252
202 1255
202 1292
301 1235
316 444
390 452
452 625
452 904
452 1324
452 1758
452 2105
537 630
630 1785
630 1890
630 1926
410 778
629 789
789 992
789 1005
789 1040
740 876
122 1353
340 1353
1353 1756
1353 1783
1353 1821
1033 1560
1560 2050
1608 1664
1275 2099
453 1292
590 1292
632 1292
744 1292
810 1292
1053 1292
1292 1469
1292 1582
1292 1586
1292 1691
1292 1864
1292 1930
1292 2062
930 1235
104 1172
249 1172
305 1172
734 1172
1172 1372
1172 1552
1219 1926
113 728
113 1474
728 899
180 1474
391 1474
544 1474
1474 1939
115 654
115 1958
654 769
654 1376
229 493
493 1694
119 498
120 871
211 871
557 871
871 1089
121 1643
123 2116
1166 2116
1616 2116
2096 2116
126 375
191 375
375 868
375 2081
128 1926
1246 1926
1454 1926
1645 1926
1675 1926
1706 1926
1785 1926
1926 1993
129 1412
233 1412
1412 2127
130 865
130 1294
1294 1493
134 691
307 691
691 944
136 1235
216 1235
250 1235
450 1235
495 1235
578 1235
655 1235
704 1235
741 1235
770 1235
790 1235
905 1235
945 1235
1000 1235
1017 1235
1028 1235
1043 1235
1067 1235
1235 1264
1235 1297
1235 1308
1235 1396
1235 1567
1235 1606
1235 1647
1235 1666
1235 1695
1235 1752
1235 1825
1235 1832
1235 2044
1235 2069
137 1616
721 1616
1036 1616
1077 1616
1413 1616
1456 1616
138 1844
140 1437
245 1437
1437 1467
1437 1530
453 1069
144 652
144 1113
148 1391
329 1391
421 1391
445 1391
526 1391
713 1391
896 1391
927 1391
929 1391
943 1391
971 1391
1008 1391
1036 1391
1188 1391
1201 1391
1226 1391
1261 1391
1357 1391
1385 1391
1391 1403
1391 1529
1391 1561
1391 1595
1391 1630
1391 1654
1391 1781
1391 1793
1391 1851
1391 2055
350 570
350 1934
672 1275
477 1779
150 327
192 327
327 471
327 534
327 627
327 1279
327 1735
327 2067
151 191
191 737
191 788
191 1434
191 1634
152 560
206 560
560 673
156 1210
1210 1351
1210 1533
157 721
721 811
721 925
721 1994
158 1785
449 1785
812 1785
917 1785
1154 1785
1558 1785
1785 1984
1785 2121
160 1121
816 1121
1121 2030
162 1530
434 1530
166 2057
322 2057
1102 2057
1317 2057
1534 2057
1601 2057
1813 2057
2042 2057
169 1311
171 1350
286 1350
1093 1350
1295 1350
1350 1697
179 319
319 640
382 802
382 2003
489 1029
917 1699
1392 1495
176 434
245 434
378 434
423 434
434 1712
434 2037
180 1355
183 1188
1188 1415
1188 1927
1188 2004
185 241
185 387
185 459
185 1298
185 1393
185 1443
185 1664
196 1664
363 1664
521 1664
534 1664
650 1664
674 1664
765 1664
829 1664
839 1664
848 1664
853 1664
880 1664
932 1664
968 1664
978 1664
994 1664
1152 1664
1166 1664
1278 1664
1358 1664
1408 1664
1433 1664
1491 1664
1612 1664
1653 1664
1664 1686
1664 1696
1664 1715
1664 1717
1664 1728
1664 1734
1664 1762
1664 1836
1664 1978
1664 2064
1664 2128
188 213
213 484
213 580
213 1618
213 1892
710 1518
193 1620
194 399
196 991
199 666
424 666
206 1689
365 1689
484 1689
962 1689
1009 1689
1078 1689
1345 1689
1522 1689
1658 1689
1689 1982
1689 1983
1689 2045
1689 2055
1689 2086
1689 2122
207 553
207 616
207 708
207 1977
207 2138
1064 1488
522 1739
1022 1788
617 2075
1114 2075
580 2054
219 1234
220 384
296 304
304 794
304 1683
224 2050
265 2050
517 2050
851 2050
1129 2050
1379 2050
1430 2050
1786 2050
1787 2050
1985 2050
234 678
234 1104
234 1525
235 244
235 895
895 920
236 1197
533 1428
557 1782
986 1782
243 522
243 1127
279 522
522 525
522 526
522 698
522 720
522 730
522 1310
522 1540
522 1588
522 1749
522 1791
522 1982
522 2016
248 769
765 769
769 1523
769 1792
249 1333
594 1333
431 1436
431 1540
431 1996
431 2018
756 1046
433 1126
1126 1444
256 476
258 351
258 485
258 500
258 714
258 874
258 1101
258 1163
258 1173
258 1288
258 1470
258 1524
258 1536
258 1776
258 1838
258 2038
258 2092
263 637
637 1489
637 1889
637 2013
267 1887
270 1224
1143 1224
1224 1731
1224 2008
274 1098
282 1899
326 1899
1744 1899
1899 2082
299 975
447 975
602 975
975 1024
975 1239
975 1334
975 1516
975 1811
306 719
307 1553
307 1640
1549 1640
1640 1747
1640 1868
320 342
320 557
320 572
320 1896
557 878
557 1501
557 1783
491 534
329 1036
329 1070
465 1036
497 1036
1036 1230
1036 1457
1036 2110
333 931
360 931
703 931
872 931
931 1749
931 1988
334 891
891 938
394 491
491 543
491 689
491 722
491 829
491 843
491 866
491 1707
491 1949
491 2052
340 1258
343 1038
755 1038
1038 1246
1038 1328
1038 1494
1038 1799
345 759
345 813
345 817
345 923
345 925
345 1270
345 1543
345 1699
352 1476
469 1476
487 1476
575 1476
1372 1476
1451 1476
1476 1585
1476 1979
353 1275
366 1275
386 1275
468 1275
589 1275
613 1275
657 1275
706 1275
724 1275
779 1275
797 1275
818 1275
881 1275
918 1275
996 1275
1187 1275
1275 1309
1275 1548
1275 1584
1275 1646
1275 1716
1275 1853
1275 1895
1275 2051
1275 2134
361 754
754 952
362 703
501 703
688 703
703 1008
703 1403
703 1587
703 1720
703 1898
703 2056
368 1199
1199 1737
1199 1820
370 1626
380 549
380 836
380 1450
549 2098
526 836
836 1372
836 1621
1283 1450
1324 1450
1450 1688
1450 2079
381 1728
385 1848
393 1982
398 1765
1765 1808
400 1442
869 1442
1091 1442
1351 1442
1442 1598
405 1671
406 518
518 805
409 581
409 1137
409 1253
409 1637
409 1830
409 1919
409 2107
410 1927
410 2014
751 1927
411 1141
411 1912
411 2008
417 755
755 1576
1540 1833
436 850
850 1308
850 1377
440 954
1069 1315
455 1095
465 1668
466 1749
872 1749
1610 1749
1749 1833
1424 1751
482 1023
529 1023
1023 1714
486 1526
488 982
982 1569
829 846
673 748
501 2055
1263 2055
1372 2055
1539 2055
514 846
520 1405
633 1405
801 1405
922 1405
993 1405
1138 1405
1361 1405
1405 1680
1405 1684
526 1559
1559 1772
527 1595
1345 1595
536 1969
544 634
544 1406
544 1794
1794 1955
546 1904
1211 1904
1100 2098
556 1007
589 1147
592 914
592 1094
595 1983
615 622
615 837
615 941
615 1544
615 1859
624 1321
624 1770
624 1852
643 1272
662 2077
663 1013
663 1076
663 1885
1013 1259
664 896
664 1263
664 1402
1263 1402
1179 1290
1387 1494
748 1865
684 1040
701 1833
1833 1950
1833 2110
707 872
709 899
733 899
899 1880
899 1905
899 2115
1361 1508
1361 1860
1088 1420
1006 1048
1239 2046
765 1304
791 1822
841 1364
1484 1621
849 1600
852 1741
852 2079
988 2079
859 2124
2041 2124
888 1906
938 1761
1131 2115
912 1337
932 2019
1332 1997
936 1187
1687 2053
1854 1998
966 2012
1072 2012
1135 2012
1672 2012
1774 2012
1952 2012
1338 2110
1569 1574
1286 1573
1992 2071
2071 2100
989 1093
1048 1363
1048 1627
1012 1088
1088 1220
1088 1356
1088 1462
1056 1857
1351 1857
1084 1112
1105 1992
1817 1992
1274 2030
1189 1510
1190 1283
1190 1502
1520 2080
1757 1953
1757 2028
1260 1993
1284 1654
1846 1930
1336 1854
1422 2118
1441 2028
