1 43
1 46
1 82
1 83
1 169
1 351
1 370
1 524
1 1026
1 1372
1 1424
1 1576
1 1759
1 1760
1 1761
1 1762
1 1763
1 1764
1 1765
1 1766
1 1767
1 1768
9 43
43 183
43 202
43 252
43 308
43 313
43 319
43 387
43 461
43 518
43 608
43 636
43 644
43 820
43 842
43 859
43 957
43 1050
43 1763
43 1790
43 1856
43 1857
43 1858
43 1859
43 1860
11 46
46 73
46 124
46 133
46 134
46 150
46 177
46 202
46 250
46 310
46 330
46 400
46 493
46 671
46 686
46 720
46 844
46 883
46 887
46 942
46 1128
46 1445
46 1543
46 1555
46 1863
46 1864
27 82
39 82
49 82
82 207
82 399
82 671
82 998
82 1026
82 1079
82 1576
82 1865
82 1896
82 1897
82 1898
19 83
83 207
83 588
83 671
83 698
83 1431
8 169
71 169
120 169
127 169
169 170
169 171
169 172
169 237
169 288
169 310
169 367
169 399
169 402
169 793
169 897
9 351
56 351
351 398
351 591
351 593
351 676
351 795
351 1368
351 2073
351 2085
351 2165
351 2166
351 2167
2 370
3 370
6 370
10 370
11 370
16 370
19 370
20 370
21 370
40 370
41 370
45 370
54 370
56 370
63 370
65 370
69 370
92 370
95 370
96 370
100 370
106 370
108 370
109 370
137 370
138 370
142 370
149 370
152 370
157 370
158 370
159 370
200 370
203 370
206 370
210 370
211 370
216 370
217 370
221 370
222 370
370 1129
370 2073
370 2186
2 524
19 524
53 524
55 524
56 524
192 524
223 524
289 524
524 671
524 675
524 676
524 929
524 1329
524 1988
3 1026
41 1026
155 1026
198 1026
440 1026
492 1026
515 1026
638 1026
720 1026
723 1026
732 1026
734 1026
754 1026
755 1026
760 1026
826 1026
840 1026
919 1026
922 1026
925 1026
932 1026
938 1026
1026 1029
1026 1134
1026 1225
1026 1623
1026 1776
1026 2213
1026 2293
1026 2386
1026 2525
13 1372
59 1372
63 1372
142 1372
488 1372
1278 1372
1372 1374
1372 2442
19 1424
181 1424
520 1424
558 1424
606 1424
628 1424
694 1424
898 1424
1424 2520
1424 2591
1576 1577
19 1760
2 1761
19 1761
461 1763
109 1765
707 1765
19 1766
181 1766
520 1766
558 1766
606 1766
628 1766
694 1766
898 1766
1057 1767
1170 1767
1360 1767
152 1768
181 1768
214 1768
295 1768
496 1768
520 1768
694 1768
1021 1768
1119 1768
1215 1768
1221 1768
1303 1768
1455 1768
1485 1768
1486 1768
1489 1768
1491 1768
1493 1768
1565 1768
1612 1768
1670 1768
2 225
2 242
2 276
2 285
2 662
2 1033
2 1638
2 1769
2 1770
2 1771
2 1772
2 1773
2 1774
2 1775
225 236
225 237
225 288
225 310
225 393
225 425
225 426
225 609
225 694
225 891
225 926
225 1049
225 1937
242 450
242 500
242 622
242 631
242 1212
242 1440
242 1706
242 2012
242 2077
242 2078
25 276
274 276
276 502
276 828
285 2111
360 662
389 662
662 1295
1033 1638
392 1638
551 1638
732 1638
733 1638
753 1638
822 1638
1295 1638
1394 1638
1638 1811
380 1773
465 1775
1042 1775
1053 1775
1536 1775
1711 1775
3 163
3 183
3 255
3 395
3 724
3 778
3 1225
3 1283
3 1776
162 163
163 220
27 183
39 183
183 288
183 302
183 306
183 307
183 310
183 349
183 399
183 412
183 415
183 419
183 421
183 425
183 473
183 569
183 750
183 929
183 948
183 1529
183 1989
224 255
255 377
255 509
255 631
255 1557
255 1839
290 395
395 875
395 1022
395 1208
395 1523
395 1908
395 1973
148 724
180 724
223 724
289 724
320 724
724 1035
724 1139
39 778
778 1517
778 1803
1024 1225
1025 1225
1027 1225
1225 1552
1225 1776
25 1283
148 1283
180 1283
492 1283
843 1283
1038 1283
1283 1437
1283 1448
1283 1622
1283 1630
1283 1726
1283 1743
1283 1807
1283 1839
1283 2369
1283 2443
1283 2465
1283 2603
1024 1776
1025 1776
1027 1776
1028 1776
1134 1776
1282 1776
1379 1776
1551 1776
1553 1776
4 115
4 310
4 409
4 427
4 785
4 1777
4 1778
28 115
37 115
72 115
115 280
115 283
115 494
115 498
115 782
115 878
115 1194
115 1294
115 1554
115 1636
115 1932
115 1933
115 1934
115 1935
115 1936
8 310
10 310
15 310
16 310
22 310
23 310
30 310
39 310
40 310
44 310
45 310
55 310
63 310
66 310
67 310
71 310
73 310
74 310
75 310
89 310
93 310
94 310
98 310
103 310
105 310
106 310
113 310
119 310
120 310
127 310
136 310
138 310
146 310
148 310
150 310
158 310
159 310
160 310
166 310
167 310
168 310
170 310
171 310
172 310
192 310
201 310
202 310
207 310
211 310
213 310
218 310
220 310
229 310
234 310
235 310
236 310
237 310
238 310
239 310
240 310
252 310
271 310
277 310
278 310
283 310
286 310
288 310
302 310
303 310
304 310
305 310
306 310
307 310
308 310
309 310
310 312
310 349
310 353
310 360
310 363
310 367
310 377
310 380
310 381
310 384
310 389
310 391
310 393
310 399
310 425
310 429
310 565
310 569
310 694
310 770
310 793
310 847
310 1885
310 2121
245 409
399 409
409 548
409 631
409 793
101 427
119 427
166 427
235 427
307 427
309 427
399 427
412 427
413 427
427 429
427 430
427 1129
427 1909
427 1982
427 2073
198 785
480 785
785 1256
785 1391
785 1417
785 1731
81 1778
135 1778
140 1778
143 1778
252 1778
312 1778
325 1778
444 1778
510 1778
523 1778
549 1778
563 1778
695 1778
784 1778
994 1778
1016 1778
1018 1778
1021 1778
5 116
5 118
5 127
48 116
116 1867
27 118
118 127
118 271
118 367
118 435
118 793
6 127
27 127
37 127
106 127
127 171
127 367
127 400
127 435
127 506
127 825
127 937
127 942
6 25
6 34
6 124
6 129
6 177
6 262
6 457
6 492
6 604
6 623
6 887
6 942
6 999
6 1038
6 1042
6 1063
6 1066
6 1077
6 1156
6 1179
6 1191
6 1205
6 1245
6 1348
6 1475
6 1482
6 1508
6 1555
6 1581
6 1589
6 1608
6 1779
6 1780
6 1781
6 1782
6 1783
25 124
25 138
25 177
25 293
25 313
25 623
25 671
25 843
25 902
25 953
25 956
25 1038
25 1047
25 1066
25 1092
25 1128
25 1137
25 1156
25 1245
25 1252
25 1287
25 1293
25 1350
25 1373
25 1399
25 1475
25 1555
25 1589
25 1602
25 1610
25 1622
25 1651
25 1661
25 1712
25 1780
25 1822
25 1823
25 1824
25 1825
25 1826
25 1827
25 1828
25 1829
25 1830
34 133
34 202
34 400
34 492
34 1245
34 1555
34 1842
11 124
87 124
124 175
124 177
124 400
124 604
124 659
124 759
124 1571
124 1839
124 1941
11 129
19 129
129 177
129 182
129 288
129 400
129 440
129 659
129 671
129 695
129 999
129 1191
129 1589
129 1941
11 177
19 177
87 177
175 177
177 283
177 400
177 492
177 604
177 659
177 671
177 695
177 884
177 999
177 1128
177 1156
177 1191
177 1245
177 1252
177 1363
177 1405
177 1475
177 1529
177 1583
177 1589
177 1781
177 1807
177 1839
177 1941
177 1985
81 262
262 474
262 1125
262 2089
11 457
131 457
457 492
457 506
457 511
457 614
457 644
457 671
457 720
457 759
457 820
457 928
457 942
457 1128
457 1220
457 1242
457 1405
457 1413
457 1445
457 1555
457 1573
457 1696
457 1736
457 1781
457 1843
457 1849
457 1944
457 2069
457 2130
457 2254
457 2255
11 492
37 492
153 492
154 492
155 492
388 492
492 631
492 644
492 659
492 922
492 1245
492 1363
492 1555
492 1781
492 1839
492 1931
492 1941
492 2239
87 604
604 1128
604 1186
604 2159
623 774
623 854
623 2049
623 2331
11 887
250 887
388 887
493 887
531 887
583 887
874 887
887 1750
887 1789
887 1947
887 2082
9 942
400 942
493 942
720 942
942 1128
942 1221
942 1508
942 1581
942 2489
942 2490
11 999
87 999
999 1128
999 1199
999 1205
999 1245
999 1373
999 1405
999 1448
999 1475
999 1543
999 1571
999 1589
999 1781
999 1782
999 1788
999 1829
999 1941
999 2421
999 2515
999 2516
843 1038
1038 1179
1038 1205
1038 1286
1038 1287
1038 1290
1038 1293
1038 1350
1038 1385
1038 1399
1038 1437
1038 1438
1038 1446
1038 1448
1038 1467
1038 1475
1038 1482
1038 1490
1038 1501
1038 1508
1038 1555
1038 1557
1038 1584
1038 1589
1038 1608
1038 1622
1038 1630
1038 1745
1038 1780
1038 1782
1038 1783
1038 1824
1038 1825
1038 1830
1038 2436
1038 2444
1038 2486
1038 2498
1038 2527
1038 2528
1038 2529
11 1042
13 1042
79 1042
142 1042
205 1042
387 1042
465 1042
488 1042
610 1042
1042 1377
1042 1803
1042 2045
1042 2277
1042 2389
1042 2532
1042 2533
1063 1712
1063 1829
11 1066
843 1066
1066 1092
1066 1286
1066 1287
1066 1357
1066 1358
1066 1392
1066 1500
1066 1555
1066 1566
1066 1738
37 1077
312 1077
440 1077
477 1077
556 1077
563 1077
640 1077
718 1077
817 1077
1069 1077
1077 1193
1077 2126
94 1156
192 1156
635 1156
659 1156
742 1156
826 1156
843 1156
1128 1156
1156 1342
1156 1392
1156 1405
1156 1461
1156 1535
1156 1702
1156 1807
1156 2002
1156 2461
560 1179
843 1179
902 1179
953 1179
956 1179
957 1179
1179 1287
1179 1350
1179 1448
1179 1459
1179 1482
1179 1490
1179 1555
1179 1573
1179 1608
1179 1629
1179 1666
1179 1676
1179 1683
1179 1749
1179 1782
1179 1807
1179 1829
1179 1830
1179 1839
1179 2159
1179 2220
1179 2331
1179 2443
1179 2461
1179 2479
1179 2486
1179 2528
11 1191
1191 1475
1191 1839
957 1205
1205 1783
1205 2498
11 1245
87 1245
150 1245
521 1245
686 1245
843 1245
894 1245
1245 1366
1245 1405
1245 1448
1245 1475
1245 1589
1245 1622
1245 1630
1245 1781
1245 1788
1245 1941
1245 2575
1348 1575
11 1475
1475 1589
843 1482
1087 1482
1185 1482
1482 1661
1482 1683
1482 1829
1482 2528
759 1508
956 1508
957 1508
1356 1508
1508 1602
1508 1829
1508 1839
1508 2499
1508 2529
11 1555
87 1555
150 1555
388 1555
843 1555
956 1555
957 1555
1092 1555
1555 1606
1555 1676
1555 1745
1555 1829
1555 1830
1555 1931
1555 1941
1555 2436
1555 2443
1555 2486
133 1581
250 1581
400 1581
493 1581
1128 1581
1581 2305
11 1589
87 1589
659 1589
843 1589
1589 1941
1589 2305
742 1608
843 1608
1087 1608
1241 1608
1608 1755
1608 1829
7 1779
11 1780
1092 1780
1247 1780
11 1781
759 1781
843 1781
957 1781
1177 1781
1252 1781
1286 1781
1405 1781
1490 1781
11 1782
742 1782
843 1782
1087 1782
1163 1782
1241 1782
8 78
8 120
8 176
8 223
8 224
8 234
8 237
8 394
8 666
8 824
8 969
8 1088
8 1110
8 1119
8 1295
8 1394
8 1784
8 1785
31 78
78 176
78 190
78 207
78 213
78 214
78 278
78 583
78 600
78 770
78 822
78 1020
78 1119
78 1121
78 1129
78 1312
78 1394
78 1428
78 1517
78 1664
78 1687
78 1689
78 1691
78 1804
78 1840
78 1889
78 1890
78 1891
22 120
23 120
71 120
119 120
120 153
120 154
120 155
120 170
120 171
120 172
120 235
120 271
120 278
120 367
120 399
120 423
120 429
120 431
120 1885
22 176
176 367
176 509
176 631
176 807
176 1131
176 1354
24 223
31 223
71 223
223 289
223 333
223 343
223 520
223 577
223 665
223 735
223 765
223 792
223 825
223 836
223 861
223 892
223 966
223 969
223 980
223 1071
223 1089
223 1149
223 1154
223 1204
223 1228
223 1231
223 1260
223 1315
223 1325
223 1358
223 1369
223 1507
223 1540
223 1631
223 1687
223 1714
223 1715
223 1721
223 1905
223 2066
223 2067
55 224
71 224
98 224
224 288
224 463
224 502
224 592
224 671
224 1687
170 234
172 234
234 235
234 236
234 237
234 240
234 309
234 343
234 399
234 400
234 402
234 422
234 423
234 429
234 430
234 1909
71 237
73 237
170 237
171 237
172 237
215 237
237 239
237 240
237 309
237 367
237 399
237 420
237 422
237 426
237 428
237 897
237 1909
237 2072
392 394
394 753
394 1119
394 2186
23 666
666 913
666 982
666 1023
666 1804
666 1965
55 824
71 824
160 824
320 824
359 824
367 824
402 824
430 824
431 824
440 824
468 824
473 824
549 824
592 824
824 2249
22 969
212 969
289 969
448 969
969 1270
969 1640
13 1088
136 1088
293 1088
319 1088
461 1088
491 1088
1088 1839
367 1110
399 1110
425 1110
428 1110
1110 1335
53 1119
79 1119
130 1119
214 1119
295 1119
319 1119
333 1119
392 1119
491 1119
496 1119
519 1119
564 1119
671 1119
677 1119
681 1119
693 1119
694 1119
699 1119
753 1119
858 1119
897 1119
954 1119
1016 1119
1119 1121
1119 1314
1119 1315
1119 1428
1119 1493
1119 1517
1119 1518
1119 1526
1119 1531
1119 1537
1119 1539
1119 1549
1119 1640
1119 1713
1119 1716
1119 1890
1119 1943
1119 2283
732 1295
803 1295
954 1295
1295 2203
19 1394
200 1394
392 1394
495 1394
628 1394
1198 1394
1394 1489
1394 1613
1394 1696
1394 1805
1394 1811
1394 2367
23 1784
19 1785
90 1785
157 1785
220 1785
284 1785
334 1785
347 1785
359 1785
365 1785
486 1785
487 1785
543 1785
570 1785
628 1785
712 1785
714 1785
719 1785
723 1785
9 28
9 72
9 400
9 590
9 591
9 1057
9 1128
9 1358
28 202
28 292
28 875
28 1833
28 1834
72 202
72 291
72 408
72 442
72 448
72 594
72 671
72 679
72 914
72 1294
11 400
16 400
38 400
87 400
119 400
133 400
175 400
238 400
240 400
302 400
306 400
309 400
399 400
400 631
400 759
400 937
400 1484
400 2000
590 676
590 679
590 1352
590 2085
590 2321
591 2235
591 2286
591 2322
252 1057
319 1057
450 1057
471 1057
570 1057
636 1057
1057 1217
1057 1360
1057 1671
1057 1706
1057 1736
1057 1740
1057 1860
1057 2216
1057 2539
1057 2540
11 1128
87 1128
133 1128
150 1128
153 1128
154 1128
155 1128
201 1128
250 1128
388 1128
493 1128
659 1128
720 1128
759 1128
884 1128
938 1128
949 1128
957 1128
1003 1128
1128 1150
1128 1163
1128 1490
1128 1531
1128 1571
1128 1750
1128 1788
1128 1829
1128 1896
1128 2003
1128 2373
1128 2552
192 1358
742 1358
933 1358
1092 1358
1220 1358
1226 1358
1228 1358
1247 1358
1358 1425
1358 1512
1358 1614
1358 1622
1358 1646
1358 1667
1358 1674
1358 1758
1358 2167
1358 2377
10 45
10 74
10 75
10 404
10 413
45 74
45 75
45 202
45 211
45 399
45 413
45 825
45 1861
45 1862
74 75
74 377
74 399
74 404
74 413
74 825
75 377
75 404
75 413
399 404
404 413
404 417
404 631
404 825
211 413
399 413
413 631
413 825
11 38
11 119
11 131
11 134
11 150
11 250
11 671
11 1405
11 1571
11 1750
11 1786
11 1787
11 1788
11 1789
38 108
38 114
38 198
38 202
38 269
38 338
38 506
38 636
38 937
38 1162
38 1643
38 1849
119 271
119 278
119 302
119 306
119 307
119 308
119 419
119 421
119 429
119 431
119 729
119 793
119 1885
119 1937
131 220
131 671
131 954
131 1733
131 1944
134 250
134 283
134 493
134 1750
134 1789
134 1833
134 1947
16 150
87 150
150 419
150 521
150 619
150 659
150 844
150 1571
150 1809
250 493
250 1750
250 1787
250 1789
250 2082
22 671
24 671
31 671
37 671
49 671
53 671
55 671
77 671
81 671
87 671
88 671
96 671
98 671
130 671
135 671
140 671
143 671
153 671
154 671
160 671
180 671
184 671
185 671
191 671
192 671
212 671
243 671
244 671
249 671
251 671
256 671
257 671
259 671
263 671
266 671
270 671
278 671
300 671
312 671
316 671
320 671
321 671
323 671
325 671
326 671
332 671
345 671
353 671
356 671
359 671
360 671
361 671
362 671
367 671
379 671
380 671
381 671
384 671
385 671
389 671
391 671
392 671
433 671
437 671
440 671
441 671
442 671
443 671
444 671
447 671
448 671
454 671
460 671
463 671
466 671
471 671
476 671
480 671
482 671
493 671
510 671
515 671
519 671
520 671
521 671
522 671
525 671
534 671
537 671
549 671
557 671
566 671
569 671
588 671
592 671
594 671
600 671
601 671
602 671
606 671
612 671
614 671
626 671
628 671
635 671
651 671
655 671
671 723
671 753
671 775
671 804
671 895
671 900
671 905
671 911
671 929
671 993
671 1014
671 1109
671 1117
671 1125
671 1129
671 1223
671 1315
671 1318
671 1346
671 1363
671 1430
671 1431
671 1505
671 1528
671 1574
671 1634
671 1644
671 1716
671 1810
671 1843
671 1908
671 1988
671 2063
671 2086
671 2165
671 2240
671 2283
671 2355
671 2356
671 2357
671 2358
671 2359
671 2360
671 2361
87 1405
659 1405
759 1405
843 1405
894 1405
911 1405
957 1405
1177 1405
1199 1405
1252 1405
1286 1405
759 1571
1571 1753
1571 2068
1571 2167
493 1750
1750 1789
87 1788
759 1788
1199 1788
1286 1788
12 29
12 292
16 29
29 202
292 2005
292 2115
13 35
13 79
13 248
13 286
13 293
13 308
13 313
13 319
13 322
13 367
13 387
13 438
13 461
13 481
13 636
13 644
13 730
13 1009
13 1050
13 1790
13 1791
35 1843
79 207
79 252
79 308
79 319
79 322
79 369
79 438
79 461
79 481
79 486
79 589
79 609
79 642
79 644
79 689
79 730
79 891
79 926
79 1008
79 1028
79 1053
79 1060
79 1377
79 1537
79 1839
79 1843
79 1892
79 1893
248 498
248 669
122 286
286 399
286 418
286 481
286 501
286 644
286 875
286 2005
286 2112
286 2113
286 2114
286 2115
26 293
54 293
142 293
293 313
293 367
293 377
293 438
293 461
293 644
293 665
293 730
293 1043
293 1050
293 1702
293 1790
293 2046
142 308
166 308
236 308
306 308
307 308
308 322
308 347
308 349
308 399
308 425
308 426
308 431
308 644
308 2073
26 313
54 313
122 313
142 313
313 474
313 542
313 721
313 833
313 1008
313 2127
252 319
319 387
319 438
319 518
319 608
319 689
319 730
319 891
319 926
319 1008
319 1839
319 1892
319 1893
322 502
14 367
30 367
71 367
170 367
171 367
172 367
184 367
208 367
215 367
229 367
235 367
238 367
239 367
240 367
252 367
280 367
309 367
367 399
367 402
367 403
367 405
367 411
367 416
367 422
367 428
367 429
367 430
367 431
367 753
367 1023
367 1131
367 1238
367 1313
367 1625
367 1641
367 1795
367 1835
367 1973
367 2023
367 2073
367 2203
252 387
387 438
387 518
387 608
387 610
387 644
387 728
387 844
387 932
387 1009
387 1050
387 1112
387 1192
387 1333
387 1345
387 1835
387 1893
387 2073
387 2111
387 2221
387 2222
438 461
438 465
438 608
438 610
438 721
438 730
438 1009
438 1050
438 1112
438 1192
438 1893
438 2243
26 461
122 461
461 541
461 542
461 608
461 609
461 721
461 728
461 730
461 833
461 854
461 1008
461 1009
461 1218
461 1333
461 1790
461 2046
461 2221
461 2257
461 2258
481 631
481 1010
481 1363
481 1529
481 1736
481 2115
481 2186
108 636
452 636
636 1452
636 1790
26 644
37 644
142 644
205 644
252 644
347 644
349 644
405 644
480 644
489 644
518 644
539 644
644 673
644 689
644 820
644 1159
644 2111
644 2239
252 730
609 730
642 730
730 937
730 1008
730 1123
730 1512
730 1525
730 1587
730 2373
730 2389
465 1009
488 1009
489 1009
518 1009
1009 1010
1009 1529
1009 1617
1009 1671
1009 1860
122 1050
346 1050
465 1050
488 1050
518 1050
665 1050
721 1050
742 1050
833 1050
1050 1177
1050 1215
1050 1493
1050 1712
1050 1735
1050 1859
1050 2277
1050 2442
26 1790
450 1790
465 1790
491 1790
541 1790
542 1790
742 1790
833 1790
26 1791
779 1791
14 245
14 548
14 1792
14 1793
245 548
245 832
245 1117
245 1952
135 548
140 548
143 548
219 548
548 998
548 1420
548 1952
548 1961
548 2072
548 2307
324 1792
340 1792
477 1792
112 1793
196 1793
340 1793
432 1793
533 1793
567 1793
750 1793
870 1793
961 1793
975 1793
1155 1793
1157 1793
1167 1793
1212 1793
1228 1793
1267 1793
1382 1793
1425 1793
1477 1793
1578 1793
1667 1793
15 399
15 430
16 399
19 399
39 399
44 399
47 399
71 399
98 399
166 399
170 399
171 399
172 399
211 399
213 399
218 399
236 399
240 399
304 399
305 399
306 399
307 399
309 399
349 399
360 399
364 399
389 399
399 401
399 402
399 403
399 405
399 406
399 407
399 410
399 411
399 412
399 414
399 415
399 417
399 418
399 419
399 420
399 421
399 422
399 423
399 424
399 425
399 426
399 428
399 429
399 456
399 588
399 631
399 694
399 793
399 1182
399 2233
399 2234
399 2235
172 430
174 430
198 430
235 430
240 430
304 430
305 430
307 430
309 430
402 430
428 430
430 431
430 825
430 2073
16 1294
466 1294
720 1294
731 1294
1161 1294
1176 1294
1294 1480
1294 1512
17 70
17 513
17 1794
70 513
513 2286
91 1794
18 1795
53 1795
392 1795
19 30
19 85
19 94
19 102
19 144
19 174
19 184
19 200
19 213
19 226
19 229
19 230
19 232
19 278
19 326
19 382
19 390
19 449
19 473
19 514
19 520
19 543
19 600
19 612
19 674
19 774
19 875
19 964
19 990
19 1201
19 1214
19 1220
19 1242
19 1328
19 1431
19 1567
19 1796
19 1797
19 1798
19 1799
19 1800
19 1801
19 1802
19 1803
19 1804
19 1805
19 1806
19 1807
19 1808
19 1809
19 1810
19 1811
30 170
30 172
30 238
30 303
30 377
30 1835
53 85
85 207
85 334
85 620
85 703
85 1899
94 433
94 453
94 520
94 694
94 855
94 889
94 1021
94 1134
94 1218
94 1242
94 1518
94 1519
94 1612
94 1758
94 1815
94 1904
94 1905
94 1906
94 1907
94 1908
39 102
102 117
102 121
102 164
102 165
102 200
102 231
102 232
102 300
102 452
102 505
102 667
102 812
102 1019
102 1647
102 1915
102 1916
102 1917
144 220
144 1868
144 1920
174 343
174 377
174 572
174 635
174 728
174 856
174 1452
184 288
184 327
184 345
184 606
184 807
184 1839
184 1990
188 200
200 232
200 264
200 265
200 297
200 298
200 318
200 451
200 611
200 701
200 788
200 812
200 1113
200 1161
200 1833
200 1899
200 1917
200 1976
200 1980
200 1993
200 2024
200 2025
200 2026
200 2027
200 2028
200 2029
200 2030
200 2031
200 2032
200 2033
200 2034
200 2035
200 2036
200 2037
200 2038
200 2039
200 2040
99 213
107 213
213 235
213 236
213 278
213 303
213 305
213 414
213 419
213 606
213 829
27 226
138 226
139 226
226 271
226 680
226 1459
226 1629
226 1654
226 1666
226 1732
226 1749
226 1835
226 2068
226 2069
227 229
229 343
22 230
24 230
230 2070
164 232
188 232
232 343
232 723
232 1105
232 1201
232 1214
232 1338
232 1554
232 1802
232 1805
232 1871
232 1935
232 2071
99 278
148 278
151 278
236 278
278 303
278 414
278 419
278 600
278 606
278 800
278 829
278 1022
278 1172
278 1208
278 2099
22 326
326 612
326 765
326 815
326 895
326 1014
326 2139
382 694
382 699
382 1017
382 1023
382 1046
382 1412
382 1518
382 1519
382 1612
382 2073
382 2124
382 2213
148 390
197 390
390 543
390 600
390 723
390 821
390 829
390 1022
390 1291
390 1535
390 2073
390 2139
390 2230
449 808
198 473
473 486
473 511
473 538
473 547
473 561
473 572
473 632
473 635
473 647
473 658
473 709
473 769
473 845
473 929
473 1039
473 1064
473 1095
473 1174
473 1224
473 1238
473 1286
473 1291
473 1336
473 1365
473 1379
473 1456
473 1461
473 1481
473 1487
473 1504
473 1514
473 1529
473 1595
473 1600
473 1662
473 1736
473 1740
473 1755
473 1860
473 1989
473 1998
473 2002
473 2023
473 2052
473 2164
473 2216
473 2263
473 2267
473 2268
473 2269
514 681
514 1215
514 1429
514 1637
59 520
192 520
196 520
206 520
353 520
360 520
381 520
385 520
389 520
450 520
453 520
471 520
520 655
520 808
520 875
520 892
520 905
520 911
520 1005
520 1011
520 1034
520 1043
520 1048
520 1139
520 1220
520 1242
520 1262
520 1346
520 1361
520 1422
520 1469
520 1504
520 1505
520 1507
520 1517
520 1526
520 1610
520 1696
520 1718
520 1799
520 1839
520 1843
520 1862
520 1905
520 1988
520 2069
520 2216
520 2233
520 2264
520 2291
520 2292
520 2293
148 543
543 682
543 765
543 800
543 1022
543 1208
543 1352
543 1364
543 1407
263 600
600 682
600 880
600 898
600 1022
600 1114
600 1172
600 1361
600 1670
600 1973
600 1974
22 612
197 612
263 612
612 895
612 898
612 1145
612 1839
612 1971
612 2086
612 2139
317 674
526 674
674 1032
192 774
201 774
393 774
496 774
586 774
651 774
665 774
728 774
774 1553
774 1567
774 1610
774 2215
774 2426
282 875
289 875
347 875
441 875
442 875
875 1103
875 2365
875 2380
964 1181
990 1328
164 1201
436 1201
906 1201
1201 1802
1201 1981
436 1214
906 1214
1214 1981
192 1220
491 1220
559 1220
566 1220
635 1220
734 1220
763 1220
1140 1220
1220 1291
1220 1361
1220 1670
1220 1684
1220 1696
1220 2311
1220 2399
1220 2573
303 1242
384 1242
560 1242
606 1242
635 1242
734 1242
1139 1242
1140 1242
1171 1242
1242 2311
1242 2356
1242 2390
1242 2399
1242 2580
300 1328
880 1328
1328 2240
1328 2453
88 1431
675 1431
1016 1431
1023 1431
1315 1431
1431 1680
1431 1695
1431 2357
381 1567
651 1567
1336 1567
1567 2215
1567 2499
564 1798
381 1799
436 1799
263 1800
189 1801
719 1801
723 1801
347 1803
628 1803
712 1803
719 1803
392 1804
599 1804
732 1804
1100 1805
87 1807
1092 1807
1252 1807
1490 1807
525 1808
606 1808
1224 1808
342 1809
572 1809
742 1809
844 1809
1345 1809
1519 1809
1524 1809
192 1810
732 1810
772 1810
1027 1810
1134 1810
1489 1810
1493 1810
1551 1810
1553 1810
583 1811
1400 1811
1429 1811
1549 1811
1687 1811
20 1812
22 36
22 71
22 77
22 80
22 185
22 186
22 190
22 257
22 291
22 331
22 362
22 376
22 423
22 429
22 448
22 525
22 594
22 660
22 731
22 881
22 892
22 893
22 896
22 982
22 987
22 1011
22 1164
22 1196
22 1432
22 1813
22 1814
22 1815
22 1816
22 1817
22 1818
22 1819
22 1820
22 1821
36 202
71 160
71 170
71 172
71 202
71 296
71 431
71 592
71 1885
71 1886
77 123
77 185
77 207
77 348
77 442
77 526
77 696
77 723
77 1014
77 1019
77 1634
77 1887
77 1888
80 207
80 793
185 257
185 288
185 442
185 448
185 679
185 803
185 1815
185 1837
185 1991
186 502
186 798
186 1992
96 190
99 190
151 190
190 343
55 257
98 257
212 257
257 442
257 631
257 679
257 803
257 804
257 895
257 1145
257 1423
257 1837
257 1839
257 2056
257 2085
257 2086
291 988
291 1430
291 1933
291 2119
179 331
331 1554
331 1817
362 525
362 731
362 734
362 886
362 892
362 896
362 1060
362 1290
362 1313
362 1380
362 1718
362 2070
362 2073
362 2197
192 376
376 509
376 2065
376 2073
376 2165
31 423
55 423
98 423
160 423
240 423
256 423
309 423
356 423
360 423
423 429
423 631
423 1909
172 429
239 429
307 429
402 429
412 429
419 429
421 429
428 429
429 431
429 2073
55 448
212 448
270 448
448 614
448 679
448 803
448 900
448 1135
448 1352
448 1837
525 1125
525 1223
55 594
360 594
389 594
454 594
594 676
594 739
594 740
594 846
594 892
594 1164
594 1270
594 1284
594 1346
594 1504
594 1505
594 1714
594 1905
594 2002
594 2178
303 660
453 660
486 660
487 660
564 660
635 660
660 923
660 1017
660 1172
660 1224
660 1267
660 1291
660 1370
660 1452
660 1461
660 1472
660 1481
660 1595
660 1637
660 1740
660 2002
660 2251
660 2254
660 2268
660 2352
336 731
582 731
731 806
731 896
731 910
731 982
731 1012
731 1059
731 1073
731 1125
731 1141
731 1171
731 1314
731 1337
731 1428
731 1479
731 1512
731 1597
731 1727
731 1758
731 2037
731 2049
731 2061
731 2245
731 2349
731 2390
208 881
434 881
881 1302
881 1523
881 2119
289 892
356 892
389 892
441 892
454 892
892 1149
892 1154
892 1164
892 1174
892 1204
892 1270
892 1284
892 1317
892 1408
892 1505
892 1568
892 1574
892 1631
892 1714
892 1717
892 1721
892 1731
892 1744
892 1991
892 2195
892 2229
892 2251
892 2311
892 2357
892 2367
892 2460
892 2461
389 893
893 1145
893 1154
893 1164
893 1204
893 1270
893 1284
893 1574
893 1631
893 1717
893 1839
893 1971
893 2086
893 2195
893 2311
893 2352
893 2357
893 2367
893 2460
893 2461
651 896
896 1012
896 1073
896 1412
896 1597
896 1727
896 1839
896 2442
896 2463
192 982
353 982
450 982
471 982
496 982
652 982
749 982
982 1141
982 1411
982 1689
982 1696
982 1727
982 1840
982 2367
987 1302
987 1346
987 2357
31 1011
845 1011
855 1011
921 1011
923 1011
1011 2362
53 1164
360 1164
389 1164
393 1164
441 1164
454 1164
482 1164
653 1164
740 1164
742 1164
817 1164
843 1164
850 1164
923 1164
928 1164
1164 1284
1164 1505
1164 2399
294 1196
1196 1512
1196 1934
142 1432
191 1432
320 1432
356 1432
360 1432
389 1432
454 1432
486 1432
538 1432
632 1432
650 1432
694 1432
723 1432
729 1432
742 1432
803 1432
804 1432
895 1432
900 1432
939 1432
1315 1432
1432 1680
1432 1695
1432 1718
1432 2357
93 1814
117 1815
164 1815
212 1815
179 1817
320 1818
360 1818
389 1818
31 1819
53 1819
98 1819
130 1819
392 1819
441 1819
442 1819
23 295
23 496
23 526
23 694
23 930
23 940
295 496
295 694
295 770
295 1127
295 1517
295 1637
295 1664
295 1838
295 1891
295 2121
295 2122
161 496
496 559
496 560
496 573
496 582
496 583
496 584
496 586
496 694
496 719
496 728
496 763
496 770
496 771
496 800
496 822
496 883
496 914
496 927
496 956
496 1222
496 1297
496 1356
496 1493
496 1518
496 1539
496 1545
496 1546
496 1549
496 1694
496 1837
496 1840
496 1890
496 1943
496 2001
496 2121
496 2186
496 2187
496 2214
496 2242
496 2264
496 2283
496 2284
24 526
39 526
96 526
317 526
526 1023
526 1727
526 2059
153 694
154 694
155 694
156 694
192 694
201 694
208 694
334 694
336 694
381 694
393 694
397 694
456 694
694 889
694 943
694 1017
694 1021
694 1022
694 1046
694 1108
694 1215
694 1218
694 1221
694 1290
694 1411
694 1493
694 1517
694 1518
694 1519
694 1537
694 1539
694 1546
694 1612
694 1664
694 1689
694 1716
694 1737
694 1839
694 1840
694 1891
694 1908
694 1973
694 1990
694 1991
694 2088
694 2089
694 2099
694 2330
694 2365
694 2366
694 2367
694 2368
694 2369
142 930
209 930
274 930
334 930
347 930
361 930
363 930
456 930
573 930
575 930
581 930
729 930
742 930
930 1147
930 1512
930 1729
930 2140
930 2406
187 940
214 940
940 1290
940 2254
940 2487
24 289
24 696
24 765
53 289
289 455
289 696
289 704
289 738
289 739
289 825
289 846
289 1054
289 1089
289 1262
289 1290
289 1318
289 1346
289 1369
289 1507
289 1597
289 1704
289 1889
289 2116
289 2117
289 2118
320 696
696 803
696 1014
696 2085
696 2357
765 1330
765 1352
765 1717
765 2070
765 2194
39 138
138 206
138 220
138 613
138 680
138 1732
138 1851
843 1039
843 1047
843 1051
843 1087
843 1092
843 1096
843 1137
843 1163
843 1177
843 1252
843 1293
843 1373
843 1392
843 1402
843 1438
843 1446
843 1616
843 1622
843 1661
843 1674
843 1683
843 1738
843 1743
843 1755
843 1829
843 1830
843 2442
843 2443
843 2444
320 902
389 902
518 902
901 902
902 1401
902 1726
953 1287
953 1318
953 1346
953 1399
953 1438
953 1651
953 1825
953 2494
953 2495
665 956
956 1163
956 1183
956 1293
956 1334
956 1356
956 1373
956 1622
956 1712
956 1826
956 1829
956 1830
956 2444
956 2496
122 1047
1047 1177
1047 1373
1047 1622
1047 1712
1047 2332
1047 2515
1047 2527
1047 2536
933 1092
1051 1092
1092 1226
1092 1247
1092 1252
1092 1350
1092 1382
1092 1425
1092 1448
1092 1490
1092 1667
1092 1712
1092 1829
1092 1830
1092 2167
1092 2227
1092 2437
1092 2486
1137 2280
1096 1252
1112 1252
1252 1512
1252 1712
1252 1828
1252 1829
1252 2473
1252 2474
1252 2528
1252 2529
1252 2586
1252 2587
1252 2588
957 1287
1019 1287
1287 1565
1287 1726
721 1293
742 1293
901 1293
1293 1490
1293 1500
1293 1512
1293 1566
1293 1614
1293 1630
1293 1829
1293 2297
1293 2331
358 1350
622 1350
1036 1350
1082 1350
1247 1350
1350 1399
1350 1453
1350 1467
1350 1610
1350 1707
1350 2612
1096 1373
1177 1373
1373 1622
1373 1829
1373 1830
1373 2262
1373 2529
957 1399
1243 1399
1399 1825
114 1602
338 1602
759 1602
918 1602
937 1602
1162 1602
1602 2499
1356 1610
1467 1610
1610 1618
488 1622
702 1622
957 1622
1177 1622
1308 1622
1371 1622
1566 1622
1622 2527
1622 2582
1622 2622
1651 2443
1096 1661
1163 1661
1500 1661
1661 2667
665 1712
957 1712
1248 1712
1365 1712
1712 1893
518 1823
957 1825
1243 1825
1557 1825
954 1826
1356 1826
1370 1826
1491 1826
957 1827
1629 1827
148 1829
1163 1829
1247 1829
1356 1829
1459 1829
1490 1829
1723 1829
933 1830
1096 1830
1446 1830
1557 1830
1584 1830
1630 1830
26 205
26 665
26 1002
104 205
173 205
205 374
205 721
205 1002
205 1859
205 1983
205 1984
205 2045
205 2046
205 2047
122 665
142 665
568 665
665 673
665 725
665 1043
665 1940
665 2046
665 2047
665 2207
665 2280
665 2354
632 1002
639 1002
1002 2045
27 126
27 159
27 435
27 794
27 1577
27 1831
27 1832
48 126
126 1867
159 220
159 236
159 252
159 384
159 420
159 518
159 564
159 1835
48 435
107 435
128 435
435 738
435 1296
435 1733
435 2049
435 2073
794 1867
1498 1577
48 1831
742 1832
37 202
40 202
41 202
42 202
44 202
48 202
50 202
54 202
57 202
58 202
59 202
60 202
61 202
62 202
63 202
64 202
65 202
67 202
68 202
69 202
202 838
202 2044
297 1833
352 1833
282 1834
436 1834
445 1834
55 170
98 170
170 171
170 172
170 239
170 240
170 288
170 428
171 172
172 215
172 239
172 240
172 288
172 309
172 420
172 428
172 1909
167 238
168 238
171 238
238 303
238 2073
99 303
167 303
168 303
198 303
303 304
303 305
303 414
303 635
303 1224
303 2073
73 377
244 377
256 377
377 838
31 1835
51 1835
347 1835
365 1835
368 1835
391 1835
478 1835
31 53
31 130
31 441
31 482
31 804
31 1127
31 1130
31 1634
31 1715
31 1836
31 1837
31 1838
31 1839
31 1840
53 130
53 145
53 258
53 321
53 392
53 482
53 615
53 675
53 704
53 716
53 753
53 1222
53 1317
53 1836
53 1875
53 1876
53 1877
53 1878
53 1879
53 1880
53 1881
53 1882
130 212
130 220
130 258
130 392
130 753
130 1943
321 441
360 441
389 441
441 584
441 678
441 1204
441 1836
441 1839
441 1974
441 2194
441 2244
441 2245
482 502
482 557
482 631
482 678
482 861
482 1145
482 1284
482 1971
482 2276
270 804
803 804
804 1215
804 1634
804 1839
804 1991
804 2063
804 2228
804 2357
214 1127
732 1127
1020 1127
1032 1127
1127 1222
1127 1317
1127 1330
1127 1409
1127 1496
1127 1528
1127 1535
1127 1733
1127 1838
1127 1839
1127 2061
1127 2367
973 1130
1130 1430
1130 1838
359 1634
392 1634
442 1634
803 1634
1020 1634
1118 1634
1129 1634
1145 1634
1219 1634
1320 1634
1369 1634
1634 2321
1634 2361
1634 2435
1634 2552
1634 2574
1634 2594
597 1715
766 1715
767 1715
886 1715
992 1715
1279 1715
1430 1715
1715 2088
320 1836
212 1837
389 1837
900 1838
954 1838
1020 1838
49 1839
87 1839
151 1839
154 1839
179 1839
180 1839
258 1839
338 1839
386 1839
442 1839
606 1839
800 1839
803 1839
837 1839
842 1839
858 1839
895 1839
898 1839
938 1839
1017 1839
1046 1839
1125 1839
1126 1839
1218 1839
1219 1839
1221 1839
1249 1839
1291 1839
1317 1839
1354 1839
1425 1839
1427 1839
1470 1839
1490 1839
1537 1839
1539 1839
649 1840
911 1840
1222 1840
1447 1840
1531 1840
1687 1840
32 37
32 249
32 605
32 698
32 784
32 1023
32 1165
32 1542
32 1841
37 135
37 140
37 143
37 209
37 219
37 247
37 279
37 281
37 316
37 323
37 364
37 440
37 443
37 444
37 563
37 601
37 602
37 607
37 687
37 713
37 751
37 790
37 797
37 801
37 805
37 888
37 922
37 1015
37 1069
37 1468
37 1542
37 1844
37 1845
37 1846
37 1847
37 1848
135 249
140 249
143 249
249 502
249 605
249 638
249 698
249 713
249 832
249 1109
249 1165
249 1209
249 1542
249 2080
135 605
140 605
143 605
316 605
325 605
605 687
605 751
605 784
605 994
605 1124
605 1311
605 1542
605 1844
605 1846
605 2138
605 2246
605 2261
135 698
140 698
143 698
243 698
244 698
316 698
325 698
444 698
522 698
698 1023
698 1417
698 1663
698 2129
698 2371
251 784
316 784
443 784
515 784
549 784
663 784
784 1015
784 1109
784 1209
784 1319
784 1542
784 1679
146 1023
244 1023
258 1023
314 1023
325 1023
344 1023
349 1023
350 1023
359 1023
360 1023
363 1023
365 1023
381 1023
385 1023
391 1023
393 1023
397 1023
425 1023
465 1023
471 1023
516 1023
519 1023
522 1023
528 1023
658 1023
747 1023
756 1023
758 1023
771 1023
838 1023
916 1023
919 1023
920 1023
921 1023
923 1023
931 1023
932 1023
1023 1256
1023 1391
316 1165
444 1165
549 1165
805 1165
1165 1718
1165 1973
1165 2371
111 1542
135 1542
140 1542
143 1542
279 1542
316 1542
325 1542
437 1542
444 1542
663 1542
684 1542
692 1542
789 1542
796 1542
801 1542
805 1542
857 1542
888 1542
894 1542
994 1542
995 1542
1015 1542
1018 1542
1124 1542
1188 1542
1209 1542
1211 1542
1280 1542
1281 1542
1319 1542
1321 1542
1323 1542
1542 1643
33 39
33 154
33 288
39 95
39 139
39 219
39 499
39 721
39 1376
39 1377
39 1850
39 1851
153 154
154 571
154 695
154 720
154 922
154 1193
154 1221
132 288
167 288
168 288
171 288
180 288
181 288
182 288
187 288
191 288
192 288
288 838
288 2091
133 254
133 343
133 1863
133 1900
133 1946
521 1842
614 1842
619 1842
81 1843
471 1843
493 1843
635 1843
742 1843
746 1843
761 1843
135 140
135 198
135 219
135 220
135 251
135 275
135 279
135 323
135 328
135 401
135 406
135 437
135 475
135 485
135 510
135 618
135 624
135 638
135 646
135 695
135 711
135 713
135 789
135 790
135 801
135 894
135 993
135 1117
135 1527
135 1844
135 1845
135 1847
135 1948
135 1949
135 1950
135 1951
135 1952
135 1953
135 1954
135 1955
135 1956
135 1957
40 140
140 168
140 198
140 219
140 220
140 251
140 275
140 279
140 323
140 328
140 401
140 406
140 437
140 475
140 485
140 502
140 510
140 539
140 618
140 624
140 637
140 638
140 695
140 711
140 789
140 790
140 855
140 894
140 993
140 998
140 1055
140 1117
140 1527
140 1619
140 1948
140 1950
140 1951
140 1952
140 1953
140 1955
140 1956
140 1957
140 1961
40 143
143 198
143 219
143 220
143 228
143 251
143 275
143 279
143 323
143 328
143 401
143 406
143 437
143 475
143 485
143 510
143 618
143 624
143 637
143 638
143 646
143 695
143 711
143 789
143 790
143 993
143 1950
143 1951
143 1952
143 1953
143 1954
143 1955
143 1956
143 1957
209 637
209 646
209 677
209 1216
209 1870
209 1902
209 1928
219 406
219 475
219 485
219 624
219 713
219 789
219 1952
247 474
247 677
81 279
146 279
279 350
279 470
279 506
279 692
279 790
279 932
279 995
279 997
279 1039
279 1255
279 1307
279 1311
279 1313
279 1474
279 1487
279 1636
279 1846
279 1847
279 2100
279 2101
279 2102
279 2103
47 281
111 281
281 539
281 637
281 677
281 1216
81 316
316 439
316 443
316 479
316 515
316 522
316 549
316 607
316 637
316 638
316 663
316 751
316 754
316 796
316 797
316 801
316 805
316 888
316 922
316 1015
316 1124
316 1319
316 1844
316 1951
323 502
323 510
323 602
323 687
323 695
323 994
323 1845
323 2136
364 502
364 523
364 638
364 695
364 713
364 754
364 796
364 1193
364 2073
81 440
312 440
440 502
440 523
440 601
440 638
440 695
440 720
440 789
440 796
440 1015
440 1021
440 1069
440 1083
440 1124
440 1209
440 1311
440 1619
440 1636
440 1894
440 1952
440 2072
440 2103
440 2125
440 2126
443 515
443 522
443 663
443 751
443 754
443 797
443 805
443 1951
443 2246
444 523
444 549
444 601
444 638
444 646
444 684
444 751
444 796
444 802
444 888
444 894
444 1018
444 1109
444 1188
444 1211
444 1319
444 1845
444 2137
81 563
563 718
563 1069
563 1474
563 2079
563 2312
81 601
350 601
439 601
479 601
510 601
523 601
601 695
601 888
601 922
601 1015
601 1209
601 1213
601 1718
572 607
607 1146
607 1215
607 1452
607 1456
607 1487
607 1504
607 1514
607 1528
607 2002
325 687
687 994
687 1109
97 713
713 2375
325 751
549 751
751 888
751 922
751 1015
751 1586
751 2239
325 790
470 790
506 790
692 790
790 1039
790 1168
790 1526
790 1848
797 996
797 1124
801 1018
801 1109
801 1268
801 1271
801 1599
801 1643
801 1846
801 1848
801 2080
801 2137
801 2433
805 1015
805 1067
805 1209
805 1240
805 1319
805 1586
510 888
539 888
549 888
637 888
663 888
791 888
888 922
888 1015
888 1323
888 1846
888 2456
153 922
155 922
274 922
539 922
720 922
922 1015
922 1319
922 1323
922 2456
922 2476
510 1015
522 1015
549 1015
663 1015
695 1015
755 1015
857 1015
1015 1209
1015 1311
1015 1323
1015 1586
1015 1663
1015 1846
1015 1924
1015 2136
1015 2456
1015 2521
312 1069
350 1069
718 1069
720 1069
1069 1143
1069 2126
312 1468
350 1468
1268 1468
1468 1586
1468 1914
1468 2126
1468 2235
325 1844
325 1845
510 1845
325 1846
81 1847
932 1848
1599 1848
108 122
108 198
108 327
108 422
108 821
108 1093
108 1345
108 1922
114 268
114 269
114 338
114 670
114 918
114 937
114 1162
114 1306
114 1643
114 1929
114 1930
114 1931
99 198
168 198
198 425
198 606
198 625
198 739
198 769
198 1172
198 1238
198 1307
198 1313
198 1357
198 1370
198 1412
198 1442
198 2021
198 2022
198 2023
269 338
269 625
269 918
269 937
195 338
338 408
338 422
338 587
338 826
338 1931
338 2073
81 506
199 506
350 506
353 506
506 1039
506 1213
506 1307
506 1849
424 937
719 937
937 1985
937 2381
268 1162
952 1162
1162 1492
1162 2473
1162 2474
132 1643
137 1643
300 1643
992 1643
1080 1643
1135 1643
1391 1643
1636 1643
1643 2353
95 166
95 307
95 393
95 1909
139 220
139 261
139 327
139 680
139 693
139 1135
139 1421
139 1654
139 1960
499 631
499 761
499 1028
54 721
347 721
361 721
721 1043
721 1060
721 1533
721 1645
721 1859
721 2221
721 2243
721 2373
721 2383
1144 1376
1371 1376
1376 1620
1376 1621
1376 1754
1376 2068
1376 2277
488 1377
1043 1377
1044 1377
1059 1377
1060 1377
1064 1377
1371 1377
1377 1403
1377 2277
1377 2541
1377 2622
40 162
49 162
162 220
41 669
41 727
41 1852
41 1853
41 1854
41 1855
294 669
498 669
669 2120
389 727
463 727
557 727
577 727
704 727
727 728
727 732
727 822
727 836
727 980
727 1290
727 1480
727 1563
727 1687
727 2340
727 2387
727 2388
252 425
252 474
252 518
252 608
252 631
252 761
252 820
252 891
252 926
252 1008
252 2083
518 1192
233 608
465 608
608 1043
608 1112
192 820
347 820
469 820
489 820
511 820
610 820
728 820
742 820
820 1065
820 1098
820 1333
820 1433
820 1460
820 2255
820 2266
820 2375
820 2386
634 842
859 1859
859 2450
957 1003
957 1163
957 1183
957 1286
957 1334
957 1356
957 1486
957 1526
957 1551
957 1618
957 1656
957 1724
957 1743
957 2003
957 2055
957 2331
957 2443
957 2494
957 2495
957 2497
957 2498
358 1857
142 1859
465 1859
632 1859
833 1859
1040 1859
1049 1859
1053 1859
363 1860
706 1860
839 1860
903 1860
1010 1860
1336 1860
1529 1860
1671 1860
1736 1860
1740 1860
211 236
211 466
211 825
211 1862
145 825
294 825
389 825
466 825
825 983
825 998
825 1147
825 1362
825 1415
825 1695
825 2322
825 2406
825 2439
356 1861
762 1862
1370 1862
1650 1862
330 621
330 1303
330 1654
87 493
493 631
493 1946
493 1947
493 2082
81 720
312 720
350 720
720 1021
720 1213
720 1474
720 1480
720 1512
720 1557
720 1895
720 1934
720 2125
720 2254
720 2382
538 844
547 844
561 844
572 844
632 844
639 844
844 1345
844 1524
844 2320
874 883
883 1101
782 1445
874 1445
1100 1445
1107 1445
1243 1445
1445 2486
87 1543
258 1543
491 1543
521 1543
597 1543
916 1543
1543 2118
254 1863
47 147
47 365
47 539
47 715
47 1417
47 1865
147 220
147 663
147 1972
365 419
365 422
365 508
365 569
365 827
365 828
365 1064
365 1224
365 1973
365 2073
365 2201
539 637
539 2305
715 791
251 1417
637 1417
663 1417
939 1417
1018 1417
1417 1586
460 1865
48 1866
48 1867
49 1223
49 1253
49 1868
49 1869
96 1223
320 1223
380 1223
597 1223
992 1223
1223 1423
1223 1430
1223 1631
1223 1648
1223 1869
1223 2240
1223 2357
1223 2434
1223 2575
534 1253
736 1253
780 1253
787 1253
908 1253
1036 1253
1139 1253
1154 1253
1155 1253
1253 1346
1253 2500
562 1868
196 1869
1333 1869
1438 1869
1439 1869
1631 1869
50 112
50 241
50 253
50 280
50 315
50 1554
50 1870
50 1871
50 1872
50 1873
112 519
112 567
112 1870
112 1925
112 1926
112 1927
112 1928
241 315
241 611
241 620
241 685
241 781
241 882
241 1554
241 2074
241 2075
241 2076
253 2084
280 882
280 1554
280 1871
280 1872
280 2104
280 2105
315 417
315 620
315 633
315 685
315 700
315 781
315 882
315 1554
315 1871
315 1872
315 1873
315 1935
315 1938
315 2076
315 2105
315 2110
315 2128
117 1554
121 1554
282 1554
334 1554
445 1554
458 1554
544 1554
620 1554
633 1554
685 1554
700 1554
781 1554
882 1554
1194 1554
1554 1619
1554 1636
1554 1873
1554 2076
1554 2103
567 1870
117 1871
417 1871
458 1871
464 1871
472 1871
620 1871
633 1871
703 1871
878 1871
882 1871
472 1872
620 1872
417 1873
611 1873
620 1873
633 1873
700 1873
812 1873
882 1873
51 606
51 829
51 1874
99 606
107 606
148 606
151 606
197 606
320 606
384 606
414 606
420 606
606 675
606 689
606 690
606 800
606 822
606 880
606 898
606 923
606 978
606 1022
606 1064
606 1135
606 1146
606 1152
606 1172
606 1352
606 1407
606 1451
606 1452
606 1487
606 1517
606 1711
606 1733
606 2326
195 829
829 884
829 1291
829 1914
52 889
52 1021
52 1108
379 889
381 889
772 889
889 1134
889 1520
889 2457
201 1021
325 1021
350 1021
381 1021
384 1021
456 1021
772 1021
1021 1218
1021 1221
1021 1396
1021 1411
1021 1422
1021 1450
1021 1470
1021 1486
1021 1517
1021 1518
1021 1519
1021 1523
1021 1612
1021 1627
1021 1654
1021 1729
1021 1931
1021 2087
1021 2089
1021 2326
1021 2457
628 1108
879 1108
1108 1303
1108 1491
1108 1654
145 220
145 256
145 329
145 1007
145 1118
145 1145
145 1208
145 1877
145 1882
145 1966
145 1967
145 1968
145 1969
145 1970
145 1971
258 628
258 992
258 1422
258 1908
258 2087
258 2088
182 321
321 442
321 502
321 521
321 619
321 631
321 739
321 846
321 1054
321 1881
392 577
392 631
392 732
392 733
392 753
392 822
392 886
392 897
392 910
392 1302
392 1664
392 1687
392 1891
392 1943
392 2005
392 2070
392 2197
392 2231
615 732
366 675
573 675
675 723
675 1014
675 1400
675 2321
675 2362
360 704
389 704
454 704
463 704
557 704
704 733
704 836
704 861
704 910
704 980
704 1089
704 1438
704 1540
704 1597
704 1687
704 2117
704 2374
681 716
716 1284
716 1364
214 753
359 753
540 753
753 943
753 973
753 1129
753 1131
753 2240
753 2284
753 2358
1222 1549
1222 1689
1222 1943
1222 2061
1222 2367
380 1317
560 1317
732 1317
740 1317
1317 1330
1317 1496
1317 1535
1317 1745
1317 2229
1317 2311
1317 2352
1317 2357
1317 2367
1317 2399
1317 2460
180 1880
521 1880
389 1882
54 398
54 1883
210 398
273 398
374 398
396 398
398 1920
201 1883
55 160
55 194
55 296
55 592
55 1884
55 1885
160 220
160 1885
194 296
194 592
194 1885
194 2005
296 592
296 1885
296 2005
98 592
592 739
592 1885
58 1884
61 1884
307 1885
501 1885
66 471
353 471
393 471
471 537
471 635
471 650
471 651
471 655
471 705
471 761
471 1696
471 1905
471 2055
471 2265
471 2266
171 431
240 431
304 431
402 431
431 793
431 1937
766 1886
195 408
199 408
408 456
408 826
98 442
442 502
442 679
442 822
442 900
442 928
442 1104
442 1111
442 1184
442 1215
442 1219
442 1423
442 1436
442 1974
442 2085
212 679
270 679
679 803
679 900
679 2085
320 914
393 914
914 1017
914 1291
914 2197
914 2470
914 2471
76 207
81 207
207 2044
99 123
123 271
123 348
123 1014
88 348
348 1896
348 2073
348 2163
189 723
218 723
723 792
723 815
723 895
723 900
723 905
723 978
723 1014
723 1022
723 1031
723 1114
723 1172
723 1355
723 1400
723 1408
723 2119
723 2359
723 2362
723 2384
723 2385
723 2386
808 1014
1014 1363
1014 1408
1014 1423
1014 2059
1014 2085
1014 2086
1014 2365
1014 2384
152 1019
181 1019
192 1019
537 1019
566 1019
856 1019
929 1019
1019 1696
1019 1896
1019 2068
88 1887
201 1888
214 447
214 564
214 858
214 897
214 1016
214 1020
214 1312
214 1549
214 1713
214 1889
214 1943
214 2057
214 2058
214 2059
214 2060
214 2061
214 2062
214 2063
334 583
456 583
573 583
583 728
583 732
583 905
583 1150
583 1197
583 1297
583 1411
583 1429
583 1480
583 1545
583 1559
583 1687
583 1890
583 1981
583 2284
583 2311
397 770
770 772
770 776
770 1493
770 1517
770 1521
770 1546
770 2208
360 822
389 822
557 822
564 822
573 822
577 822
732 822
733 822
734 822
822 910
822 980
822 1115
822 1231
822 1290
822 1423
822 1559
822 1560
822 1687
822 1716
822 2367
822 2391
822 2438
732 1020
954 1020
1020 1409
1020 1430
1020 1549
1020 1633
1020 2060
564 1121
693 1121
1121 1549
1121 1633
1121 2283
180 1129
256 1129
300 1129
325 1129
509 1129
641 1129
719 1129
764 1129
809 1129
1312 1429
447 1428
699 1428
1012 1428
1016 1428
1131 1428
1215 1428
1428 2061
299 1517
771 1517
772 1517
1028 1517
1171 1517
1218 1517
1517 1711
1517 2215
1517 2426
1517 2572
389 1664
733 1664
1559 1664
1664 1692
1664 1891
1664 2374
192 1687
418 1687
732 1687
733 1687
1089 1687
1115 1687
1290 1687
1315 1687
1429 1687
1454 1687
1559 1687
1560 1687
1563 1687
1687 1688
1687 2139
1687 2374
1687 2424
911 1689
1410 1689
1546 1689
1689 2368
1689 2374
1689 2574
1003 1691
1559 1691
1691 2374
210 1889
374 1889
396 1889
397 1889
334 1890
363 1890
456 1890
559 1890
573 1890
574 1890
575 1890
576 1890
577 1890
578 1890
579 1890
580 1890
581 1890
582 1890
584 1890
585 1890
586 1890
763 1890
795 1890
1016 1890
1104 1890
1166 1890
732 1891
369 609
369 642
369 2073
369 2204
191 486
192 486
486 564
486 628
486 631
486 635
486 772
486 833
486 947
486 1040
486 1224
486 1370
486 1461
486 1481
486 1518
486 1519
486 1595
486 1612
486 1662
486 2002
486 2003
486 2258
486 2268
486 2277
341 589
589 1065
589 1098
609 610
609 1008
609 1053
609 1060
609 1112
609 1412
609 1617
642 673
642 833
642 1008
642 1587
107 689
569 689
689 898
689 1060
689 1116
689 1172
689 2364
450 891
742 891
891 926
891 1112
891 1709
891 2459
742 926
752 926
926 1112
926 1709
926 2381
926 2459
926 2478
632 1008
639 1008
658 1008
1008 1412
1008 1435
1008 1617
1008 1645
1008 1709
489 1028
1053 1189
1053 1617
122 1060
610 1060
858 1060
1060 1533
1060 1659
1060 2383
1060 2541
1060 2542
577 1537
858 1537
897 1537
1215 1537
1249 1537
1537 1696
235 1892
538 1892
561 1892
529 1893
1012 1893
1192 1893
1526 1893
1692 1893
168 793
301 793
503 793
512 793
793 837
793 1221
793 1315
793 2088
793 2358
81 312
81 502
81 522
81 695
81 718
81 1209
81 1894
81 1895
312 502
312 510
312 631
312 638
312 684
312 718
312 796
312 1124
312 1474
312 1636
312 1895
312 2073
312 2079
312 2125
312 2126
97 502
148 502
187 502
208 502
256 502
274 502
275 502
325 502
339 502
359 502
360 502
389 502
433 502
456 502
460 502
463 502
475 502
502 1209
502 1991
439 522
479 522
522 919
522 951
522 995
522 996
522 1962
522 2294
97 695
510 695
523 695
695 2370
479 718
718 1474
718 2079
325 1209
791 1209
951 1209
1067 1209
1124 1209
1209 2521
1209 2543
951 1894
994 1894
1067 1894
1124 1894
350 1895
552 998
789 998
998 1268
998 1420
998 2430
1000 1079
1079 1210
1079 1254
1079 1255
1079 1263
1079 1383
1079 1541
1079 1725
1079 1897
1079 1898
1079 2136
1079 2545
1079 2546
1079 2547
626 1896
1269 1896
385 1897
478 1897
714 1898
1000 1898
1125 1898
1173 1898
1383 1898
1418 1898
1427 1898
1476 1898
1641 1898
1718 1898
259 588
516 588
588 676
588 1118
588 2116
588 2233
84 100
84 343
100 128
100 182
100 938
100 1114
100 1912
100 1913
100 1914
161 343
164 343
165 343
178 343
189 343
235 343
343 838
208 334
334 531
334 573
334 578
334 826
334 1150
334 1480
334 2005
334 2073
334 2140
117 620
121 620
282 620
372 620
417 620
445 620
458 620
556 620
620 781
620 882
620 1311
620 2037
620 2076
620 2084
620 2108
620 2110
620 2327
282 703
445 703
703 1235
703 1647
86 1900
1490 1900
87 175
87 521
87 619
87 759
87 911
87 1530
175 659
182 521
521 619
521 928
521 938
521 2195
759 1186
759 2238
759 2420
759 2421
759 2422
911 1135
911 1315
911 1530
911 2468
1315 1530
1530 1718
88 551
88 1901
551 2309
90 301
90 333
90 512
92 1902
92 1903
375 1902
93 235
168 235
235 236
235 306
235 307
235 552
235 1909
433 900
433 1172
433 1224
433 1318
433 1355
433 1361
433 1412
433 1418
433 1670
433 1973
433 2233
433 2239
433 2240
153 453
191 453
192 453
453 564
453 800
453 923
453 929
453 1316
453 1672
453 1905
453 1906
453 2177
453 2249
156 855
192 855
201 855
352 855
445 855
452 855
556 855
559 855
630 855
749 855
855 1251
855 2375
1024 1134
1025 1134
1027 1134
1134 1333
1134 1433
1134 1724
1134 1985
1134 2386
1134 2524
381 1218
772 1218
1218 1396
1218 1421
1218 1470
1218 1518
1218 1519
1218 1612
1218 2069
1218 2463
1218 2566
1218 2572
381 1518
490 1518
1379 1518
1451 1518
1456 1518
1458 1518
1472 1518
1481 1518
1486 1518
1493 1518
1498 1518
1499 1518
1509 1518
1518 1521
1518 1735
1518 1748
1518 1758
1518 2572
1518 2653
345 1519
381 1519
490 1519
1379 1519
1451 1519
1458 1519
1472 1519
1481 1519
1487 1519
1489 1519
1498 1519
1499 1519
1509 1519
1519 1524
1519 1652
1519 1656
1519 1692
1519 1748
1519 2001
1519 2495
1519 2572
1519 2630
1519 2654
381 1612
490 1612
1451 1612
1458 1612
1472 1612
1481 1612
1486 1612
1498 1612
1499 1612
1509 1612
1521 1612
1612 2572
1098 1758
1149 1758
1183 1758
1337 1758
1365 1758
1455 1758
1456 1758
1460 1758
1487 1758
1727 1758
1758 1931
192 1905
353 1905
360 1905
381 1905
385 1905
389 1905
450 1905
1224 1908
166 271
166 302
166 306
166 307
166 349
166 419
166 421
166 422
166 729
166 1982
306 307
307 309
307 349
307 402
307 419
307 421
307 422
307 426
307 847
307 1909
307 1982
307 2073
192 393
393 476
393 530
393 631
393 729
393 830
393 1174
393 1702
393 1714
393 1921
393 1937
393 2232
218 1909
236 1909
239 1909
240 1909
302 1909
305 1909
320 1909
412 1909
428 1909
480 1909
96 189
189 693
189 773
189 880
189 1421
97 510
510 796
510 832
510 1636
98 1910
360 1910
99 151
99 167
99 168
99 227
99 299
99 635
99 800
99 845
99 880
99 1172
99 1911
151 220
151 227
151 311
151 635
151 773
151 880
167 168
167 236
168 304
168 305
168 414
168 419
299 566
299 690
299 1451
299 1711
299 2123
107 635
152 635
192 635
476 635
538 635
547 635
561 635
635 828
635 845
635 923
635 927
635 947
635 1043
635 1064
635 1172
635 1200
635 1342
635 1452
635 1461
635 1481
635 1507
635 1553
635 1603
635 1662
635 2002
635 2208
635 2242
635 2275
635 2340
635 2341
635 2342
148 800
381 800
560 800
800 1017
800 2086
845 1635
845 1733
845 2099
845 2425
845 2445
880 1733
381 1172
690 1172
898 1172
923 1172
1172 1361
1172 1670
1172 1973
161 1911
128 271
182 938
182 1114
938 1573
938 1743
938 2486
815 1114
1114 1361
467 1914
1291 1914
101 137
101 764
132 137
137 180
137 220
137 300
137 325
137 994
137 1945
137 1958
137 1959
764 2353
117 283
117 672
117 781
117 882
121 283
121 633
121 700
121 781
121 782
121 882
121 1917
121 1932
121 1938
121 1939
164 231
164 505
164 1980
164 1981
231 1916
152 300
181 300
300 474
300 631
300 900
191 452
192 452
335 452
452 680
452 1618
452 2054
452 2248
505 2069
667 907
667 970
667 1206
667 2180
812 2074
652 1647
1306 1647
1647 1931
1647 2570
1647 2622
264 1917
595 1917
103 236
158 236
218 236
236 349
104 233
104 1048
104 1918
233 631
347 1048
673 1048
1048 2537
107 206
107 425
107 1919
107 1920
107 1921
206 374
206 1175
206 2048
206 2049
302 425
306 425
405 425
412 425
415 425
425 426
632 1921
901 1921
122 142
122 488
122 504
122 598
122 1001
122 1052
122 1308
122 1371
122 1404
122 1620
122 1940
192 327
327 1960
239 422
305 422
422 631
192 821
379 821
821 1029
192 1093
599 1093
811 1093
1093 1324
1093 1531
1093 1678
1093 2551
470 1345
742 1345
915 1345
1147 1345
1168 1345
1171 1345
1345 1480
1345 1512
1345 1524
1345 1526
1345 2364
599 1922
110 345
110 807
110 1923
345 1131
345 1132
345 1290
345 1313
345 1973
345 2073
345 2161
345 2162
519 807
807 2165
111 243
111 1924
243 1952
243 2079
325 1924
684 1924
994 1924
1211 1924
1319 1924
1321 1924
519 1131
519 1132
519 1594
519 1718
340 567
567 787
567 2318
567 2319
113 407
277 407
407 631
268 918
670 2132
918 1985
918 2381
918 2473
918 2474
1206 1306
1306 1930
1206 1930
1206 1931
1490 1931
1702 1931
283 838
283 2091
494 786
494 2282
498 1976
282 782
556 782
782 1756
282 878
445 878
878 1194
878 1235
878 1413
878 1936
878 2109
282 1194
1194 2567
1194 2568
684 1636
697 1636
994 1636
1124 1636
1211 1636
1259 1636
1307 1636
1321 1636
1636 2103
282 1932
556 1932
458 1935
882 1935
282 1936
445 1936
282 672
672 1213
633 781
685 781
700 781
700 882
882 2076
882 2084
882 2108
271 838
271 2091
240 302
302 426
302 1937
302 2073
306 349
306 412
306 419
306 421
306 426
306 1484
306 2073
304 419
305 419
349 419
419 421
419 569
419 631
349 421
356 421
405 421
412 421
421 426
421 631
421 1505
421 1982
192 729
353 729
360 729
389 729
489 729
650 729
651 729
653 729
656 729
729 929
729 933
729 976
729 1239
729 1452
729 1512
729 1603
240 1937
353 1937
426 1937
428 1937
153 220
153 571
153 1221
153 1235
153 1979
155 220
155 1221
171 208
171 239
171 240
171 428
171 897
633 1176
633 2128
1200 1939
1648 1939
1688 1939
1737 1939
142 220
142 426
142 488
142 504
142 913
142 1044
142 1963
142 1964
142 1965
488 504
488 598
488 631
488 776
488 1045
488 1052
488 1168
488 1177
488 1308
488 1371
488 1375
488 2127
488 2280
504 598
504 776
504 1045
504 1143
504 1168
547 598
598 639
598 776
598 1278
353 1001
771 1001
1001 1404
1001 1449
1001 1699
561 1052
639 1052
658 1052
1052 1177
1052 1480
702 1308
863 1308
1278 1308
1308 1371
1308 1404
1308 2336
1308 2372
1308 2496
1308 2527
1308 2582
1308 2592
1308 2604
702 1371
853 1371
854 1371
1143 1371
1146 1371
1371 1375
1371 1404
1371 1566
1371 1621
1371 1668
1371 2372
1371 2442
1371 2604
1371 2620
1404 2592
1620 1754
1620 2496
659 884
659 928
659 949
659 1163
659 1366
659 1392
659 1529
659 1583
659 1955
1286 1941
125 141
125 1942
141 193
141 220
141 996
141 1962
212 803
212 895
212 1270
212 2056
136 220
148 220
149 220
152 220
156 220
157 220
220 838
220 2044
803 1943
564 954
954 1313
954 1493
954 1529
954 1549
954 1633
954 1713
954 2060
954 2062
954 2089
954 2099
954 2365
148 1733
1000 1733
1094 1733
1146 1733
1313 1733
1624 1733
1635 1733
1733 2445
1733 2635
132 1945
180 1945
874 1947
178 251
251 474
274 275
275 1954
328 470
328 692
328 1487
328 1955
401 437
401 631
406 631
325 437
437 631
437 851
437 1951
475 485
475 624
475 631
475 638
475 1703
475 1952
475 1954
485 624
485 631
485 711
485 1055
485 1703
485 1954
618 1953
624 832
624 1311
624 1474
325 638
350 638
638 1193
638 1363
638 2072
646 677
711 1055
711 1954
663 789
789 791
789 884
789 919
789 996
789 1081
789 1109
789 1124
789 1126
789 1321
789 1426
789 1527
789 1532
789 2081
789 2270
789 2271
789 2429
789 2430
789 2431
325 894
894 1109
894 2462
993 1320
195 1117
256 1117
832 1117
1117 1961
325 1527
1124 1527
1527 2548
325 1950
178 1951
325 1951
439 1951
479 1951
325 1952
1055 1954
932 1955
997 1955
1679 1956
1080 1957
1451 1957
180 1174
180 1346
325 796
325 994
325 995
325 997
325 1124
325 1255
325 1307
325 1619
325 2073
325 2103
325 2137
325 2138
994 1124
613 1303
613 1421
613 1422
613 1654
335 680
680 1421
680 1654
680 1732
335 1732
527 1732
693 1732
1421 1732
1559 1732
1601 1732
1732 2642
261 474
459 1135
900 1135
436 1421
641 1421
1421 2389
297 1654
335 1654
436 1654
1352 1654
1422 1654
1654 2389
450 637
549 637
637 677
637 1018
637 1240
637 1586
1055 1506
641 1619
848 1619
974 1619
1124 1619
1344 1619
1588 1619
1619 2103
1335 1961
193 1707
193 2004
996 2360
996 2429
349 426
412 426
415 426
426 2073
274 913
344 913
347 913
497 913
673 913
913 1564
1044 1701
274 1965
344 1965
347 1965
497 1965
673 1965
228 384
256 631
256 739
256 1007
256 1118
256 1208
256 1974
329 1118
329 1969
329 1970
1007 2357
148 1118
560 1118
1118 2357
320 1145
1145 1204
1145 1215
1145 1264
1145 1330
1145 1352
1145 1422
1145 1505
1145 1698
1145 1717
1145 2087
1145 2133
1145 2134
1145 2357
1145 2507
263 1208
682 1208
1208 1352
1208 1670
1208 1974
320 1969
320 1971
146 259
146 332
146 838
146 1025
259 631
332 838
332 2073
474 838
838 1240
838 2371
208 1025
732 1025
923 1025
1025 1029
1025 2213
1025 2293
1025 2523
1025 2524
468 663
663 791
663 828
663 857
663 1018
663 1124
663 1363
663 1586
663 1972
663 2138
148 466
148 560
148 792
148 978
148 1150
148 1152
148 1231
148 1272
148 1327
148 1414
148 1973
148 1974
148 1975
466 837
466 992
466 1716
466 2260
381 560
560 740
560 792
560 1355
560 1407
560 1579
560 2077
560 2081
560 2211
320 792
463 792
766 792
792 1204
792 1320
792 1352
792 1355
792 2357
360 978
463 978
860 978
861 978
978 1071
978 1089
978 1091
978 1102
978 1115
978 1152
978 1231
978 1298
978 1632
978 2451
456 1150
573 1150
574 1150
575 1150
576 1150
577 1150
578 1150
579 1150
580 1150
581 1150
582 1150
584 1150
585 1150
586 1150
826 1150
1150 1480
389 1152
463 1152
717 1152
752 1152
861 1152
933 1152
934 1152
935 1152
1071 1152
1152 1215
1152 1285
1152 1459
1152 1528
1152 1561
1152 1666
1152 1749
1152 1975
1152 2357
360 1231
389 1231
463 1231
732 1231
861 1231
934 1231
1231 1285
1231 1412
1231 1423
1231 1438
1231 1618
1231 2001
1231 2266
1231 2357
1231 2573
587 1272
1272 1607
1272 2597
1272 2598
1327 1414
1414 1553
1414 1748
1414 2572
557 1973
799 1973
1000 1973
1022 1973
1080 1973
1124 1973
1125 1973
1126 1973
1241 1975
1349 1975
1355 1975
1364 1975
1459 1975
1460 1975
1559 1975
1568 1975
1648 1975
311 2124
773 1224
773 2099
773 2425
152 191
152 358
152 760
152 808
152 929
152 1669
152 1976
152 1977
152 1978
191 775
191 1034
191 1346
191 1644
191 1977
191 1978
191 1994
324 358
358 412
358 529
358 534
358 706
358 707
358 795
358 817
358 869
358 907
358 968
358 976
358 1036
358 1133
358 1142
358 1155
358 1202
358 1232
358 1233
358 1234
358 1237
358 1259
358 1416
358 1440
358 1486
358 1515
358 1752
358 2066
358 2073
358 2179
358 2180
358 2181
358 2182
358 2183
358 2184
358 2185
181 760
371 760
760 2285
181 808
566 808
181 929
192 929
339 929
346 929
530 929
647 929
719 929
929 1988
929 2381
929 2480
929 2481
181 1669
628 1669
1072 1669
1669 1696
1669 1699
181 1976
371 1976
181 1977
181 1978
775 1978
571 984
571 1985
192 1221
1003 1221
1006 1221
1221 1314
1221 1410
1221 1528
1221 1531
1221 1696
1221 2574
201 1235
282 1235
436 1235
719 1235
1235 1410
1235 2552
436 1979
350 1193
719 1193
973 1193
1076 1193
1096 1193
1193 2566
156 201
156 346
201 260
201 346
201 865
201 1396
201 2041
201 2042
201 2043
346 728
346 772
346 1333
346 1673
346 1989
346 2073
157 284
158 424
424 631
218 384
384 564
384 2073
239 420
304 420
360 420
420 631
564 681
564 741
564 814
564 1224
564 1267
564 1392
564 1472
564 1549
564 1696
564 1713
564 2062
564 2123
564 2283
599 1980
208 1981
973 1981
349 412
349 480
349 1174
349 1600
349 1740
349 2073
349 2164
304 305
304 414
304 2073
305 414
305 2073
218 414
414 631
414 828
414 997
414 1263
414 1313
414 2073
414 2098
414 2236
414 2237
414 2238
240 402
353 402
402 428
402 631
402 1529
402 2138
402 2233
897 1549
897 1713
239 240
239 309
239 416
239 2073
240 309
240 410
240 428
240 2073
309 428
418 428
428 2073
187 208
208 434
208 741
208 856
208 973
208 1016
208 1074
208 1313
208 1467
208 1710
208 2050
179 215
215 287
215 495
215 1987
215 2064
309 2073
173 1983
173 1984
634 1984
415 572
572 761
572 1456
572 2320
192 728
450 728
456 728
530 728
565 728
728 854
728 1006
728 1070
728 1538
728 2001
856 1199
651 1452
652 1452
864 1452
1041 1452
1452 1553
1452 1603
1452 2000
1452 2499
1452 2635
267 509
372 509
380 509
389 509
317 631
403 631
405 631
410 631
411 631
412 631
415 631
416 631
417 631
418 631
446 631
450 631
476 631
477 631
478 631
479 631
480 631
487 631
489 631
490 631
491 631
631 2166
324 1131
359 1131
714 1131
799 1131
925 1131
1000 1131
1131 1383
1131 1641
1131 1685
1354 2063
884 1366
884 1675
479 1363
757 1363
786 1363
924 1363
1010 1363
1363 2615
758 1529
948 1529
1010 1529
1174 1529
1529 1736
928 1583
1186 1583
1246 1583
1583 2305
928 1985
1141 1985
1433 1985
1551 1985
1552 1985
178 1986
478 1986
179 495
179 1987
287 495
495 2186
287 1987
360 1174
651 1174
742 1174
766 1174
965 1174
1174 1286
1174 1336
1174 1671
1174 1736
1174 2216
1174 2357
1174 2536
192 1346
454 1346
534 1346
654 1346
661 1346
739 1346
748 1346
803 1346
846 1346
900 1346
1035 1346
1054 1346
1139 1346
1140 1346
1204 1346
1228 1346
1250 1346
1346 1574
1346 2357
1346 2611
181 775
181 1644
181 1696
181 1988
732 1644
1309 1644
1341 1644
1429 1644
1531 1644
1644 2635
192 1696
379 1696
734 1696
763 1696
923 1696
1034 1696
1141 1696
1173 1696
1251 1696
1370 1696
1383 1696
1467 1696
1472 1696
1539 1696
1541 1696
1606 1696
1696 2268
1696 2374
530 1988
719 1988
927 1988
196 412
415 1095
415 1182
415 1238
415 1365
415 1379
415 1484
415 1989
415 2023
415 2073
480 569
489 569
750 1192
750 2281
948 1099
948 1170
948 1671
538 1989
547 1989
632 1989
639 1989
658 1989
742 1989
934 1989
1086 1989
1248 1989
1357 1989
1365 1989
1379 1989
1466 1989
1478 1989
1550 1989
1564 1989
1653 1989
1719 1989
719 1990
749 1990
763 1990
270 803
320 803
360 803
389 803
614 803
803 900
803 1215
803 1318
803 1423
803 1574
803 1991
803 2063
803 2085
803 2193
803 2240
803 2355
803 2356
803 2357
803 2434
803 2435
557 1991
603 1991
1219 1991
1493 1991
1505 1991
798 2432
188 1993
318 1993
192 1034
360 1034
381 1034
389 1034
450 1034
537 1034
621 1034
1034 1492
1034 2357
622 1994
908 1994
1331 1994
1455 1994
1481 1994
1498 1994
1514 1994
1657 1994
192 336
192 353
192 446
192 530
192 532
192 537
192 550
192 599
192 622
192 649
192 650
192 651
192 655
192 691
192 705
192 732
192 752
192 833
192 865
192 910
192 933
192 943
192 950
192 952
192 1040
192 1141
192 1171
192 1181
192 1202
192 1207
192 1334
192 1337
192 1342
192 1370
192 1382
192 1442
192 1456
192 1489
192 1499
192 1558
192 1559
192 1563
192 1627
192 1650
192 1662
192 1694
192 1714
192 1721
192 1736
192 1737
192 1995
192 1996
192 1997
192 1998
192 1999
192 2000
192 2001
192 2002
192 2003
336 559
336 2073
336 2141
353 446
353 450
353 559
353 952
353 2073
353 2173
340 530
530 1520
530 1699
530 2299
196 532
340 532
450 532
532 890
532 965
532 1229
532 2012
532 2014
260 537
454 537
537 749
537 1202
537 1329
550 745
550 1068
550 2308
599 705
599 1105
599 1338
599 1670
599 2071
340 622
622 1036
622 1267
622 1440
622 1515
622 1618
622 1752
622 2185
622 2303
622 2328
622 2329
622 2330
454 649
529 649
454 650
650 818
650 2233
650 2348
454 651
651 655
651 705
651 811
651 966
651 1073
651 1286
651 1336
651 1382
651 1450
651 1520
651 1531
651 1600
651 2173
651 2349
450 655
655 2351
617 691
691 746
691 1998
705 1141
705 2375
628 732
732 741
732 858
732 910
732 973
732 1032
732 1290
732 1315
732 1367
732 1411
732 1559
732 1613
732 1637
732 2001
732 2231
732 2284
732 2311
732 2367
732 2391
529 752
632 752
752 861
752 933
752 935
752 1450
752 2111
541 833
542 833
639 833
833 1040
833 1112
833 1177
833 1192
652 865
865 2452
463 910
738 910
910 1727
529 933
661 933
717 933
726 933
742 933
933 1163
933 1181
933 1183
933 1239
933 1438
933 1459
933 2484
933 2485
388 943
771 943
943 1029
943 2254
950 1410
950 1447
950 2399
639 1040
1040 1278
1040 1471
1040 2277
1040 2532
559 1141
763 1141
835 1141
1012 1141
1141 1303
1141 1329
1141 1337
1141 1479
1141 1670
1141 1727
1141 2117
1141 2390
1141 2460
1141 2555
379 1171
763 1171
772 1171
835 1171
1012 1171
1073 1171
1171 1314
1171 1337
1171 1672
1171 1727
1171 2299
1171 2390
1171 2555
389 1181
454 1181
717 1181
977 1181
1058 1181
1181 1318
1181 1430
1181 2266
1181 2563
196 1202
340 1202
500 1202
517 1202
534 1202
535 1202
536 1202
787 1202
816 1202
817 1202
890 1202
909 1202
1036 1202
1037 1202
1202 2488
1202 2492
864 1207
984 1207
1207 2036
1207 2570
1073 1334
1334 1553
1334 1618
1334 2003
1334 2602
627 1337
1337 1558
1337 2245
1337 2423
1097 1342
1341 1342
1342 1662
1342 2453
742 1370
1148 1370
1248 1370
1370 1442
1370 1456
1370 1491
1370 1536
1370 1560
1370 1565
1370 1597
1370 1650
1370 1662
1370 1666
1370 1672
1370 1736
1370 2000
1370 2002
1370 2003
1370 2211
1370 2245
1370 2251
1370 2546
1370 2619
1247 1382
1248 1382
1282 1382
1382 1667
1382 2164
1382 2167
1382 2536
742 1442
1442 1648
1442 1650
1442 2630
726 1456
1065 1456
1185 1456
1456 1565
1456 1605
1456 1711
1456 1749
1215 1489
1489 1648
1489 1650
1489 1655
1489 1662
1489 1708
1489 1714
1489 1737
1489 2002
1499 1650
1499 1741
1499 2572
1499 2649
454 1558
733 1558
958 1558
1239 1558
1273 1558
1343 1558
1558 2374
573 1559
1559 2197
1559 2311
1559 2465
1559 2651
733 1563
1036 1563
1298 1563
1423 1563
1563 1693
1563 2374
1563 2388
1563 2657
1041 1627
1627 2364
559 1650
742 1650
762 1650
763 1650
1491 1650
1418 1662
1662 1736
1662 2002
1662 2352
1694 2374
1694 2424
1694 2651
454 1714
653 1714
1139 1714
1154 1714
1215 1714
1455 1714
1485 1714
1486 1714
1565 1714
1631 1714
1714 1721
1714 2251
1714 2645
742 1721
787 1721
1721 2674
839 1736
1010 1736
1336 1736
719 1737
1239 1737
1491 1737
1493 1737
1513 1737
1648 1737
1688 1737
1692 1737
1719 1737
1737 2671
380 1995
454 1996
489 1997
742 1997
617 1998
632 1998
746 1998
847 2000
864 2000
1182 2000
1473 2000
1484 2000
1502 2000
742 2001
771 2001
1062 2001
1618 2001
1655 2001
1656 2001
1392 2002
1595 2002
1748 2002
742 2003
947 2003
1183 2003
1356 2003
1491 2003
1606 2003
1707 2612
621 2004
1203 2004
1441 2004
1734 2004
195 587
195 826
195 949
195 2006
199 826
456 826
826 1411
826 1480
199 949
196 340
196 536
196 869
196 890
196 941
196 1167
196 1230
196 1299
196 1300
196 1516
196 2007
196 2008
196 2009
196 2010
196 2011
196 2012
196 2013
196 2014
196 2015
196 2016
196 2017
196 2018
196 2019
340 432
340 517
340 535
340 536
340 697
340 787
340 816
340 819
340 870
340 908
340 941
340 946
340 1005
340 1212
340 1230
340 1331
340 1395
340 1439
340 1706
340 1722
340 1723
340 2007
340 2012
340 2015
340 2073
340 2111
340 2143
340 2144
340 2145
340 2146
340 2147
340 2148
340 2149
340 2150
340 2151
340 2152
340 2153
340 2154
340 2155
340 2156
340 2157
340 2158
536 787
500 869
834 869
869 870
869 1305
869 1347
869 1506
869 2285
517 890
534 890
816 890
890 1516
890 1722
890 2015
890 2287
890 2458
534 941
768 941
941 2488
533 1167
819 1167
975 1167
1167 1267
500 1230
533 1230
787 1230
1230 1305
1230 1703
1230 2302
1230 2576
1299 2017
787 1300
1300 1722
517 1516
533 1516
697 1516
787 1516
1229 1516
1516 2652
787 2009
787 2010
706 2011
533 2012
534 2012
787 2012
819 2012
908 2012
787 2013
534 2014
616 2014
533 2015
697 2015
787 2015
787 2016
1611 2018
1695 2019
197 263
197 507
197 898
197 1116
197 2020
263 898
507 2020
898 1116
898 1423
898 2086
898 2357
1116 2119
1116 2357
1116 2367
625 690
625 1224
625 1412
625 1690
625 2022
320 739
360 739
389 739
557 739
739 740
739 846
739 1507
739 1574
632 769
709 769
769 876
769 2344
769 2404
266 1238
274 1238
344 1238
366 1238
534 1238
546 1238
554 1238
657 1238
708 1238
742 1238
743 1238
851 1238
852 1238
1190 1238
1238 2160
1238 2577
1307 2579
359 1313
921 1313
972 1313
973 1313
997 1313
1313 1411
1313 1625
1313 1710
1313 1718
1313 1738
1313 1748
1313 1755
1313 2119
1313 2236
1313 2579
1313 2590
1183 1357
1357 1487
1357 2439
1249 1412
1257 1412
1412 1690
1412 1742
1412 2258
1412 2496
266 2023
274 2023
344 2023
366 2023
534 2023
546 2023
554 2023
657 2023
708 2023
742 2023
743 2023
851 2023
852 2023
264 265
264 595
265 2025
297 641
297 719
297 974
298 318
298 2040
318 451
318 788
318 2028
318 2034
318 2040
451 788
451 2035
701 2035
788 2034
788 2035
788 2039
1113 2032
1161 1512
1161 2037
1161 2558
1161 2559
1200 2036
260 1734
1396 1618
1396 2069
1396 2215
1396 2426
203 2044
221 2044
222 2044
266 2044
272 2044
204 374
210 374
374 2073
374 2207
1462 2047
1562 2047
738 1175
1175 1258
1175 1265
1175 1296
1175 2049
1175 2232
834 2048
1258 2049
1265 2049
1296 2049
389 741
454 741
577 741
741 973
973 1422
973 2069
973 2087
973 2510
538 1016
1016 1263
1016 1493
1016 2061
1016 2365
359 1074
1074 1215
381 1467
1261 1467
1356 1467
1467 1681
1467 2453
1255 1710
1365 1710
1379 1710
1466 1710
1541 1710
1710 1731
1710 1744
1710 1756
218 677
629 677
479 1216
1170 1216
1216 2571
210 273
210 885
210 2051
210 2052
210 2053
210 2054
210 2055
489 885
639 885
885 1159
538 2052
547 2052
561 2052
396 2053
381 2054
476 2054
742 2055
960 2055
1163 2055
1177 2055
389 895
895 1355
895 1505
895 1574
895 2086
895 2357
895 2365
895 2368
895 2434
895 2461
736 1270
1136 1270
1270 1505
1270 1640
1270 2357
1270 2596
447 2061
858 1148
858 2281
1315 1549
1549 1713
1549 2062
1315 1713
1633 1713
1713 2632
317 2059
1012 2061
1400 2063
218 799
218 1352
218 2065
799 1125
320 1352
360 1352
389 1352
463 1352
557 1352
827 1352
980 1352
1154 1352
1352 2357
1352 2613
1352 2614
380 2065
383 2065
463 2065
360 577
463 577
573 577
577 1480
577 2311
735 980
463 836
733 836
836 860
836 861
836 1071
836 1089
836 1102
836 1369
836 1540
360 861
463 861
557 861
717 861
861 935
861 1071
861 1089
861 1438
861 2392
320 966
360 966
653 966
966 2250
557 980
653 980
733 980
736 980
737 980
738 980
980 1089
980 1438
980 1540
860 1071
1071 1115
1071 1298
1071 2451
1071 2544
557 1089
653 1089
736 1089
766 1089
767 1089
850 1089
860 1089
968 1089
1089 1090
1089 1436
1089 1632
1089 2396
1089 2550
584 1149
1149 1189
1149 1731
1149 1744
1149 2357
1149 2499
1149 2556
389 1154
1154 1184
1154 1204
1154 1228
1154 1250
1154 1369
1154 1398
1154 2357
1154 2360
1154 2396
1154 2434
454 1204
740 1204
766 1204
1139 1204
1140 1204
1204 1355
1204 1491
1204 1565
1204 1631
1204 2066
1204 2192
1204 2357
1204 2460
1204 2504
1204 2505
389 1228
740 1228
1035 1228
1228 1260
1228 1425
1228 2357
1228 2460
1228 2528
1139 1260
1140 1260
1260 2357
1260 2423
1260 2460
1315 2357
1315 2362
968 1325
1325 2596
860 1369
962 1369
968 1369
1139 1369
1140 1369
1262 1369
1369 2357
1369 2618
360 1507
380 1507
389 1507
740 1507
1035 1507
1507 2118
1507 2575
767 1540
860 1540
1102 1540
1540 2250
1540 2374
454 1631
1139 1631
1140 1631
1232 1631
1250 1631
1491 1631
1631 2251
1631 2645
958 2066
1233 2066
1234 2066
1237 2066
1387 2066
1436 2066
360 2067
968 2067
1058 2067
1289 2067
1598 2067
463 557
463 627
463 1423
463 1438
463 1574
463 2259
658 1049
1049 2432
1049 2442
742 1459
934 1459
935 1459
1241 1459
1273 1459
1277 1459
1459 1629
1122 1629
1247 1629
1333 1629
1629 1723
1629 1747
1629 1749
1629 2353
742 1666
1666 2305
1666 2389
1666 2496
1666 2653
742 1749
1601 1749
1626 1749
1667 1749
1692 1749
1729 1749
1749 2298
1528 2068
558 2069
559 2069
744 2069
772 2069
1251 2069
1413 2069
1521 2069
1552 2069
1380 2070
1105 1338
1105 2071
652 1338
1338 1520
1338 1531
1338 1670
552 2187
552 2286
335 2073
337 2073
339 2073
341 2073
342 2073
347 2073
352 2073
354 2073
355 2073
356 2073
357 2073
359 2073
360 2073
361 2073
363 2073
368 2073
371 2073
373 2073
375 2073
379 2073
380 2073
381 2073
383 2073
385 2073
386 2073
388 2073
389 2073
391 2073
381 410
410 411
282 685
685 2076
464 2074
282 2075
641 2076
450 2216
450 2247
371 500
500 2285
534 1212
616 1212
386 1440
389 1440
817 1440
1036 1440
1082 1440
1440 1676
1440 2185
1440 2220
1440 2437
1440 2465
534 1706
975 1706
1233 1706
1477 1706
1706 1740
1706 2216
1706 2269
517 2077
533 2077
360 2078
787 2078
908 2078
244 2079
1474 2079
244 2080
244 2081
557 2080
767 2080
967 2080
968 2080
1054 2080
1058 2080
846 2081
246 469
469 979
469 2262
317 474
515 1109
549 1109
791 1109
796 1109
919 1109
1067 1109
1109 1532
1109 2462
1109 2521
538 761
632 2083
458 2084
901 1557
1243 1557
1557 2581
1557 2583
557 1423
1423 1597
1423 2086
1423 2357
1423 2388
1423 2434
1423 2550
359 628
628 1203
628 2225
628 2227
380 992
597 992
992 1111
992 1430
992 1648
992 1716
992 2088
992 2365
320 1422
436 1422
981 1422
320 2087
597 2088
837 2088
1716 2088
641 1734
867 1734
1441 1734
1125 1132
1125 1381
814 2089
595 2223
266 2090
267 458
458 2110
458 2256
274 347
274 487
274 497
274 827
274 828
274 912
274 932
274 1024
274 1027
274 1039
274 1564
274 2092
274 2093
274 2094
274 2095
274 2096
274 2097
274 2098
347 497
347 2111
487 1703
487 2278
487 2279
827 2201
827 2440
479 828
490 828
549 828
828 1147
828 2098
706 912
742 912
912 1185
912 1301
912 1564
912 1729
912 2381
912 2469
932 2471
379 1024
559 1024
1024 1029
1024 1433
1024 2213
1024 2293
1024 2386
1024 2522
1027 1029
1027 2293
470 1039
538 1039
692 1039
742 1039
1039 1185
1039 1512
1039 1564
1039 2442
1039 2530
1039 2531
1185 1564
1248 1564
1282 1564
1564 1695
1564 1740
1564 2442
1022 1215
1022 1408
1022 1523
1022 1528
1022 2389
1094 2099
1351 2099
1547 2099
350 544
350 1487
470 621
470 1168
470 1591
470 2263
470 2264
692 1168
692 1487
692 1526
995 1323
995 2271
997 1255
997 2236
1255 1625
1255 1738
1255 1748
1255 2579
1255 2590
523 1311
684 1311
1311 2310
684 1474
1360 1474
1474 2125
742 1487
1146 1487
1487 1514
1487 1585
1487 1591
641 2103
848 2103
974 2103
1124 2103
1213 2103
1344 2103
1588 2103
1197 2105
282 436
282 445
282 553
282 668
282 1413
282 2106
282 2107
282 2108
282 2109
282 2110
436 688
436 719
436 927
436 1410
436 1413
436 2107
436 2109
436 2119
436 2241
436 2242
388 445
445 553
445 668
445 1410
445 2108
445 2110
553 1570
668 2107
1413 2390
1413 2603
533 2111
538 2111
709 2111
710 2111
719 2111
403 418
418 1215
545 2115
455 1438
455 2252
455 2253
737 738
738 1296
320 846
454 846
846 2357
767 1262
1139 1262
381 1290
1076 1290
1198 1290
1290 1418
1290 1541
1290 1560
1290 1718
1290 2388
661 1318
900 1318
1318 1574
1318 2211
1318 2240
1318 2353
1318 2357
1318 2399
1139 1597
1398 1597
1425 1597
1597 1727
1597 2245
1597 2250
1597 2583
1292 1704
1704 2388
380 2118
1035 2118
988 2357
380 1430
397 1430
1430 2357
1297 2119
1302 2119
1523 2119
1613 2119
742 1043
1043 1177
1043 1278
1043 1462
1043 1566
1043 2277
1213 1702
1702 2570
294 371
294 1560
294 2120
371 2205
1273 1560
1446 1560
1560 2311
1560 2374
1560 2519
923 1637
1310 1637
1637 1711
1637 2122
397 2121
719 2122
1146 2122
1523 2122
641 848
641 879
641 974
641 1103
641 1303
641 2345
641 2346
573 719
719 927
719 1056
719 1103
719 2242
719 2346
719 2380
719 2381
573 974
848 974
974 1103
974 2511
566 777
566 905
566 1195
566 1573
566 1670
566 2313
566 2314
566 2315
566 2316
566 2317
690 1064
690 1224
1451 1639
1451 2437
1451 2635
1450 1711
1464 1711
1496 1711
1605 1711
1711 2572
528 2123
529 2123
681 2123
777 2123
900 1215
900 2240
900 2353
900 2357
558 1224
1224 1547
1224 2359
783 1484
1106 1484
1248 1484
1484 1675
1484 2566
847 1106
847 1182
320 360
360 389
360 557
360 603
360 683
360 707
360 737
360 780
360 939
360 1157
360 1219
360 1284
360 1505
360 2186
360 2187
360 2188
360 2189
360 2190
360 2191
360 2192
360 2193
360 2194
360 2195
360 2196
363 489
363 573
363 586
363 1719
363 2198
363 2199
363 2200
380 928
380 1035
380 1745
380 2165
380 2209
380 2210
380 2211
379 381
381 476
381 772
381 923
381 1046
381 2212
381 2213
381 2214
381 2215
381 2216
320 389
389 557
389 780
389 939
389 1284
389 1291
389 1505
389 1568
389 1717
389 2186
389 2188
389 2189
389 2190
389 2192
389 2193
389 2195
389 2225
389 2226
389 2227
389 2228
389 2229
391 756
391 931
489 565
565 1065
565 1098
549 684
684 1188
684 1211
684 1319
684 1321
684 1426
684 2272
515 796
523 796
544 796
796 1067
796 1081
1360 2125
1344 2126
1588 2126
542 854
542 2258
439 479
479 544
479 754
479 1013
479 1188
479 2161
479 2270
479 2271
479 2272
468 515
515 791
515 1067
549 802
549 1018
549 1188
549 1211
549 1319
549 1586
549 1595
478 754
755 1319
857 1319
1211 1319
1319 1323
1319 1595
1319 2371
1319 2456
1319 2521
317 2129
317 2130
320 621
320 676
320 678
320 924
320 928
320 939
320 1035
320 1568
320 1587
320 1660
320 1695
320 1717
320 2131
320 2132
320 2133
320 2134
320 2135
621 1642
676 2166
678 1511
678 2214
678 2357
678 2358
454 924
766 924
342 928
388 928
614 928
928 1353
928 2167
928 2357
928 2399
928 2479
939 1690
939 2225
939 2430
454 1035
740 1035
766 1035
767 1035
1035 1151
1035 1184
1035 1329
1035 1355
1035 2357
454 1568
1264 1568
1330 1568
1568 1660
1568 1695
1568 1717
1568 1731
1568 1744
1568 2194
1568 2357
1568 2594
1177 1587
1587 2135
1587 2442
1587 2566
1264 1660
1330 1660
1660 1695
1660 1731
1660 1744
1660 2505
1415 1695
1658 1695
1695 2374
1695 2379
1264 1717
1717 2194
722 2131
534 2132
787 2132
1663 2136
324 359
359 877
359 1383
359 1625
523 2137
755 2137
1501 2139
1604 2139
1123 1303
456 573
573 574
573 575
573 576
573 578
573 579
573 580
573 581
573 582
573 584
573 585
573 586
573 733
573 771
573 981
573 1197
573 1480
573 1493
573 1546
573 2140
573 2198
573 2242
573 2311
456 578
578 1480
574 1480
575 1480
576 1480
579 1480
580 1480
581 1480
582 1480
584 1480
585 1480
586 1480
763 1480
1072 1480
1176 1480
1344 1480
1480 1512
1480 2559
1480 2631
456 2140
981 2140
335 527
335 1573
945 1573
1247 1573
1379 1573
1573 2305
379 559
456 559
559 763
559 2311
337 2142
517 1332
517 2147
517 2287
517 2288
517 2289
517 2290
697 787
697 2301
533 787
534 787
616 787
787 1229
787 1611
787 1722
787 1723
787 1730
787 2144
787 2145
787 2151
787 2155
787 2157
787 2185
787 2301
787 2427
787 2428
816 1331
816 2146
816 2152
816 2409
816 2436
816 2437
533 870
534 870
870 1722
534 908
706 908
908 1259
908 1267
908 2301
908 2467
946 2289
946 2491
946 2492
1005 1320
1331 1439
1395 2151
1395 2155
1305 1722
1722 2185
616 2144
907 2145
909 2152
533 2153
533 2154
975 2154
1683 2156
975 2157
1703 2157
1443 2158
341 2159
629 2159
344 2160
714 1132
1000 1132
1132 2378
379 772
771 772
772 1316
772 1521
511 1333
1065 1333
1098 1333
1333 1433
1333 1618
1333 2386
1450 1673
1673 1735
480 626
480 745
480 2273
480 2274
480 2275
1600 1705
1600 1740
1600 2269
1600 2663
742 1740
1233 1740
1336 1740
1365 1740
1595 1740
1671 1740
1740 2216
1740 2269
593 2182
593 2323
645 795
795 1046
795 1215
795 2213
795 2358
1368 2167
386 2165
653 2165
1425 2167
1446 2167
1490 2167
1607 2167
1667 2167
352 874
352 1100
352 1107
352 1304
352 2168
352 2169
352 2170
352 2171
352 2172
874 1100
874 1101
874 1107
874 1304
874 2170
874 2171
874 2172
1100 1107
1100 1304
1100 2170
1107 1304
1107 2171
1304 2172
1101 2171
354 2174
354 2175
355 2176
356 557
356 2177
356 2178
557 1265
557 1505
557 2233
454 2177
454 2178
529 706
529 717
529 810
529 830
529 903
529 921
529 935
529 936
529 976
529 1136
529 1239
529 1449
529 1526
529 1728
529 2295
529 2296
529 2297
529 2298
534 968
534 1730
534 2303
538 706
547 706
561 706
706 907
706 1133
706 1229
706 1244
706 1247
706 1503
706 1526
706 1635
706 2180
706 2376
706 2377
707 1233
707 1416
707 2185
707 2300
817 968
817 1036
817 1155
817 1232
817 1233
817 1267
817 1416
817 1479
817 1752
817 2299
817 2300
817 2328
817 2397
817 2399
907 1232
907 1234
907 1237
907 1515
907 2465
907 2466
736 968
968 1157
968 1169
968 1266
968 1284
968 1289
968 1292
968 1598
968 2250
968 2357
968 2396
968 2503
968 2504
968 2505
968 2506
968 2507
968 2508
717 976
976 1147
976 1305
976 2406
1036 1133
1036 1267
1036 1419
1036 1437
1036 1486
1036 1515
1036 1561
1036 1618
1036 1649
1036 1657
1036 2185
1036 2328
1036 2369
1036 2374
1036 2397
1036 2409
1036 2465
1036 2526
1133 1578
1142 1425
1155 1215
1155 1393
1155 1528
1155 1561
1155 1752
1155 2184
1155 2185
1155 2303
1155 2329
1155 2330
1233 1515
1233 1561
1233 1752
1233 2184
1233 2185
1233 2436
1233 2460
1234 2488
1259 1515
1259 1578
1259 1656
1259 1752
1259 2257
1259 2301
1259 2302
1259 2330
1259 2593
834 1416
1416 2220
1416 2576
1486 1591
1486 1655
1515 1618
1515 1653
1515 1655
1515 2185
1515 2328
1569 1752
1682 1752
1752 2369
1268 2183
1561 2184
1437 2185
1657 2185
877 2212
1000 1383
1173 1383
1210 1383
1383 1615
1383 1690
1383 2546
1383 2627
925 1625
1491 1625
1498 1625
1625 1748
1625 2635
1625 2647
603 1505
603 2225
603 2227
683 2229
683 2363
737 850
737 1184
737 2266
737 2398
736 1157
841 1157
1157 1393
1157 2250
1157 2506
1157 2557
1219 2228
1219 2357
454 1284
653 1284
850 1284
1284 2196
1284 2357
1284 2399
454 1505
1285 1505
1505 2596
378 2186
462 2186
483 2186
484 2186
454 2187
1359 2192
1698 2194
734 923
734 981
734 1006
734 1153
734 1418
734 1538
734 2197
1380 1613
1381 1718
490 2197
866 2197
1470 2197
1513 2197
489 511
586 771
586 854
586 1104
742 1719
771 1719
1239 1719
1248 1719
585 2198
746 2200
523 791
523 1067
508 2239
1064 1256
1064 1391
1064 2449
1465 2201
366 2202
403 1215
411 1263
411 2236
1641 2378
714 2203
372 2206
396 2207
379 763
379 1251
379 1521
379 2208
763 2308
763 2311
763 2326
639 1251
749 1251
1251 1314
1251 1472
1251 1652
1251 2215
1251 2580
771 1521
1397 1521
1521 2208
1521 2457
771 2208
1657 1745
1745 2436
1285 2211
1365 2211
1378 2211
1491 2211
923 1029
923 1472
923 1481
923 1605
923 2352
1046 1257
1046 2413
1046 2417
1493 2215
1520 2215
1524 2215
1336 2216
1506 2216
386 1676
386 2217
386 2218
386 2219
386 2220
1082 1676
1453 1676
1676 2220
1082 2220
1437 2220
538 610
547 610
561 610
610 1153
610 1316
610 1533
568 1112
742 1112
742 1192
830 1192
768 2222
1336 2222
388 1138
388 1410
388 2223
388 2224
1138 2554
1003 1410
1314 1410
1410 1531
596 2223
1139 1291
1140 1291
1291 1481
1291 1535
837 1535
1535 2352
756 931
747 931
931 1322
931 1511
931 1572
931 2414
931 2415
931 2416
931 2417
931 2482
931 2483
733 1236
733 1411
733 1693
733 2231
733 2392
733 2393
733 2394
1302 2245
397 2231
632 830
830 2281
909 2232
921 1523
1523 2385
1182 1502
1073 1215
1075 1215
1146 1215
1215 1314
1215 1493
1215 1498
1215 1531
1215 2399
1263 2236
1263 2519
1263 2546
1000 2236
726 1095
742 1095
1095 1504
1095 1512
742 1365
1185 1365
1241 1365
1248 1365
1282 1365
1365 1444
1365 1526
1365 1551
1365 1553
1365 1595
1365 1601
1365 1635
1365 2399
1365 2410
1365 2439
1365 2442
1365 2579
1365 2585
1365 2616
742 1379
1185 1379
1241 1379
1248 1379
1282 1379
1379 1444
1379 1503
1379 1526
1379 1551
1379 1553
1379 1595
1379 1601
1379 1614
1379 1656
1379 2585
1379 2616
1379 2623
1379 2624
627 1355
1355 2357
1355 2390
1361 1670
1254 1418
1256 1418
1274 1418
1418 1476
1418 1541
1418 1690
1418 2326
1418 2552
985 1670
1146 1670
1183 1670
1491 1670
1670 1699
1670 2654
643 688
688 1120
927 2242
927 2381
632 2243
1083 1178
584 776
1400 2244
627 2245
742 2245
1425 2245
1111 2357
454 1184
1139 1184
1184 1320
1184 2357
1184 2434
1184 2564
736 1436
1090 1436
1436 2357
802 1211
802 1321
1018 2261
1188 1321
1211 1321
1211 1426
1062 1618
1618 1656
1618 2495
1618 2499
1153 1316
1180 1316
1316 1533
1316 1659
1316 1747
1316 2496
1491 1672
1513 1672
1672 1720
1672 2670
454 653
454 740
454 767
454 1058
454 1139
454 1140
454 1250
454 2250
454 2251
653 766
653 767
653 1139
653 1140
653 1250
653 2250
740 1151
740 2399
767 1058
767 1139
767 1140
767 1574
767 1640
767 2250
654 1058
1058 1598
1058 1640
1058 2250
1058 2355
648 1139
1139 1140
1139 1250
1139 1510
1139 1592
1139 1684
1139 2356
1139 2357
1139 2399
1139 2460
1140 1250
1140 1592
1140 2356
1140 2357
1140 2460
1250 1574
1250 2357
1250 2575
766 2250
967 2250
1090 2250
1266 2250
1534 2250
1592 2250
1593 2250
1632 2250
1640 2250
742 2251
1744 2251
661 1438
717 1438
831 1438
901 1438
1239 1438
1285 1438
1438 2379
661 2252
1387 2253
742 2254
963 2254
1065 2255
460 1126
541 854
916 2257
1282 2257
702 2258
1574 2652
468 2261
979 2262
639 1168
658 1168
776 1168
975 1168
1045 1168
1143 1168
1485 1591
1488 1591
1591 1678
1591 1684
1591 2277
632 2263
639 2263
658 2263
742 2263
661 2266
1151 2266
538 617
538 632
538 647
538 658
538 709
538 742
538 1086
538 1146
538 1185
538 1248
538 1282
538 2304
547 632
547 647
547 658
547 664
547 709
547 742
547 776
547 1045
547 1086
547 1146
547 1185
547 1248
547 1282
547 2306
561 632
561 647
561 658
561 664
561 709
561 742
561 776
561 1045
561 1086
561 1146
561 1185
561 1248
561 1282
632 658
632 709
632 742
632 744
632 936
632 1086
632 1146
632 1185
632 1248
632 1282
632 1435
632 2275
632 2333
632 2334
632 2335
632 2336
632 2337
639 658
658 709
658 742
658 744
658 776
658 1045
658 1086
658 1146
658 1185
658 1248
658 1282
639 709
709 1248
709 1282
1286 2528
1336 1520
1336 2269
1336 2357
1336 2610
1461 2352
947 1481
1481 1595
1504 1731
1464 1514
1465 1514
1514 2326
1514 2651
1595 2268
1595 2342
742 1755
1466 1755
1746 1755
1755 2678
1671 2269
951 1013
1013 1178
1013 2307
755 2271
951 2271
626 2274
626 2332
745 1068
745 1310
745 2308
742 947
1427 2277
1547 2277
639 776
771 776
776 1045
776 1143
639 1045
1045 1177
1045 1278
1045 1374
1045 1566
1045 2534
1045 2535
746 1177
960 1177
1177 1449
1177 1512
1177 1526
1177 1726
1177 2442
1177 2527
1177 2562
1375 1668
1375 1699
1375 2621
490 1470
491 2281
746 2281
1075 2281
582 2311
771 1580
1297 2357
1297 2490
1493 1531
1493 1539
1493 1546
1493 1585
1493 1688
1493 2426
1493 2442
1493 2453
1539 1545
1545 1626
1545 2651
742 1143
558 681
1429 2374
919 1067
1067 2543
656 1332
1332 2290
656 2288
656 2290
1000 1594
1594 1685
1594 2518
905 2464
1469 1483
1469 2641
1012 1526
1248 1526
1282 1526
654 2291
1254 2292
1004 2293
951 1586
951 2294
951 2429
951 2493
1178 2294
1210 2294
955 1329
1041 1329
1329 2609
1059 1727
1084 1727
1411 1727
1466 1727
1473 1727
1479 1727
1628 1727
1665 1727
1727 2583
661 717
717 810
717 921
717 934
717 935
717 936
717 2379
661 810
742 810
810 934
810 1122
903 904
903 1239
629 921
726 921
921 1029
921 1239
935 1163
935 1183
935 1239
935 2392
904 936
936 1239
936 1649
1056 1136
1136 1227
1136 2538
1136 2553
742 1239
904 1239
934 1239
1030 1239
1163 1239
1239 1649
1239 2409
1239 2578
1449 1580
1449 1582
1449 1668
1449 1699
1449 1735
1449 2297
1449 2534
1449 2562
1449 2634
1435 1728
1525 1728
1728 2635
726 2298
1236 2298
818 1520
1072 1520
1520 2425
1668 1699
1699 1735
1699 2642
811 2299
1073 2299
965 2502
533 1611
533 2300
533 2301
533 2302
1730 2674
749 1006
749 1397
617 746
639 742
742 779
742 823
742 831
742 876
742 934
742 945
742 1056
742 1062
742 1087
742 1122
742 1146
742 1147
742 1151
742 1163
742 1183
742 1185
742 1227
742 1241
742 1247
742 1282
742 1288
742 1305
742 1425
742 1433
742 1466
742 1478
742 1524
742 1525
742 1538
742 1603
742 1645
742 1729
742 1731
742 1738
742 1744
742 2320
742 2344
742 2373
742 2400
742 2401
742 2402
742 2403
742 2404
742 2405
742 2406
742 2407
742 2408
742 2409
742 2410
742 2411
742 2412
639 1086
1086 2353
639 1146
1146 1374
1146 1524
639 1185
726 1185
1185 1248
1185 1282
1185 1402
1185 1466
1185 1478
1185 1491
1185 1565
1185 1616
1185 2565
639 1248
1248 1435
1248 1551
1248 1566
1248 1603
1248 2410
1248 2465
1248 2579
1248 2584
1248 2585
639 1282
1282 1551
1282 1553
1282 1566
1282 1603
1282 1724
1282 2442
1282 2584
1282 2601
1282 2602
1485 2305
1575 2305
1677 2305
540 645
645 722
1264 1364
1407 2514
664 1444
664 2353
639 2306
1068 1420
1420 2307
1068 2307
1274 2307
755 1586
1170 1586
1240 1586
1586 2371
1085 2309
555 1570
1362 1570
1570 2439
555 2310
1344 2310
654 1265
1378 2311
1491 2311
1285 1579
1579 1741
1579 2662
1267 1419
1267 1578
1065 1433
1065 1460
1065 2449
1098 1433
1098 1460
1098 1551
1098 1553
1195 2315
616 2319
981 1642
1197 1580
1314 1411
1411 1531
1411 2514
1411 2607
983 2322
596 985
596 1684
596 2324
596 2325
985 2512
1684 2399
597 1648
1648 1741
1648 2436
1648 2499
639 744
639 2343
639 2344
1278 1374
1186 1575
1186 2554
1450 2326
1476 2326
1491 2326
1492 2326
1006 1528
1075 1528
1525 1617
1617 1709
1617 2459
1153 1275
1148 1533
1533 2383
1533 2496
616 1305
975 1305
746 2413
867 1642
1491 1642
1642 2666
1561 2328
1657 2328
1682 2329
1688 2330
899 2331
901 2331
1173 1690
1273 1690
1476 1690
1690 2374
1203 1441
1203 1492
629 744
744 1512
1435 1582
853 2337
1176 2561
634 2338
634 2339
1552 1553
1553 2386
1553 2602
1465 1603
1603 1735
850 2340
860 2340
1639 2341
1674 2342
1675 2342
1705 2342
1725 2342
1240 2371
848 2446
848 2447
879 2446
906 1103
1103 2346
643 986
643 1120
643 2347
986 2513
986 2514
1120 2347
1120 2514
1159 2432
818 1062
818 1385
818 1441
652 811
811 1324
1012 1073
1073 2375
652 1531
1314 1531
1473 1531
1491 1531
1531 1735
1531 2574
766 1640
766 2357
654 2350
934 1163
1163 1183
1163 2411
1163 2552
1366 1434
1366 1675
857 1178
857 2371
1444 2353
1391 2353
1401 2353
1427 2353
1547 2353
1550 2353
1635 2353
725 2354
970 2509
967 2357
1031 2357
1169 2357
1247 2357
1264 2357
1292 2357
1320 2357
1330 2357
1408 2357
1425 2357
1490 2357
1510 2357
1102 2358
1353 2360
1400 1408
1400 2362
1511 2650
1532 2363
1081 1321
1254 1321
1321 1426
1321 1427
1321 2431
1321 2521
1321 2591
1321 2607
1254 1426
1426 1544
1426 2431
1426 2552
714 2366
1605 2368
1626 2368
1446 2369
1663 2412
1663 2668
1170 2371
702 853
702 2372
702 2373
853 2449
1374 2372
762 2374
1593 2374
1688 2374
1692 2374
1693 2374
1697 2374
1698 2374
1244 1503
1147 1247
1247 1425
1247 1448
1247 1512
1247 1729
1247 1738
1247 2437
1503 1674
1503 2608
1351 1635
1425 1635
714 1000
714 2378
1000 1173
1000 1210
1000 1254
1000 1541
1000 1685
1000 2517
1000 2518
1000 2519
1000 2520
726 934
831 934
934 1183
934 2392
1693 2379
1738 2379
971 1056
1056 1227
1056 2538
915 2381
917 2381
726 1512
1062 1512
1070 1512
1076 1512
1147 1512
1512 2559
1525 1645
1645 1709
989 2383
1249 2383
1659 2383
1029 2386
1433 2386
1551 2386
726 831
726 1498
831 2437
1498 1623
1498 1748
1498 2457
1498 2566
1498 2630
1498 2647
1498 2648
1006 1314
1006 1496
1070 2455
1538 1605
1538 1746
1538 1756
1538 2435
1538 2655
1525 1709
1525 2459
1076 2389
806 1012
1012 1491
1012 1565
866 1059
1314 2605
835 1479
866 1479
1479 2390
1491 2390
1367 2617
1236 2393
1693 2672
1198 2392
736 909
736 962
736 1091
736 1289
736 1292
736 2395
736 2396
736 2397
909 1099
962 1169
1091 1102
1091 2550
1289 1292
1289 1640
1061 1292
1198 1292
1292 1640
1090 2396
1616 2399
779 823
876 2455
1062 2499
1087 1401
1087 1738
1147 1550
1147 1601
1147 1729
1227 2553
1241 2579
1288 1458
1288 2553
1425 1646
1425 1667
1425 2633
1466 2514
1466 2583
1478 1720
1524 2426
1550 1729
1601 1729
1731 1744
1731 2635
1731 2642
1744 2642
1544 2411
963 1310
747 991
747 1322
747 2414
747 2415
747 2416
747 2417
747 2418
991 1322
991 2417
991 2418
991 2482
813 1322
1322 2417
1322 2418
1322 2608
1257 2417
1264 2417
1264 2418
755 2419
1199 2421
762 1309
762 2423
762 2424
863 2423
864 2423
1359 2423
967 1640
1266 1640
1580 1668
1094 2425
1547 2425
1756 1757
783 1106
1256 1391
1256 1427
1256 1476
1256 1544
1256 2591
1391 2591
1388 2428
1081 1532
1320 1409
1320 2442
1320 2564
1320 2606
1268 2595
1271 1409
1409 2435
1496 2435
1605 2435
1626 2435
1324 1678
1561 2436
1437 2437
1448 2437
1490 2437
1584 2437
1385 1492
1460 2575
1102 1115
1115 1298
1115 2451
1362 2439
1453 2439
1463 2439
1495 2439
1497 2439
1569 2439
835 1359
860 1102
860 2451
1102 2451
840 2441
1051 1667
1051 1674
1402 2565
1402 2630
1446 1682
1446 2479
1446 2486
1446 2586
1446 2612
1490 1743
1606 1743
1630 1743
1743 2443
1582 2442
1601 2442
1490 2443
1501 2443
1606 2443
1630 2443
1739 2445
849 2448
1401 2448
862 1347
864 1347
867 1347
868 1347
873 1347
1347 1403
1347 2559
863 1374
1374 2534
864 1655
1655 1656
1655 1720
866 2453
1341 2453
1386 2453
1447 2453
867 1403
867 2454
1403 2622
872 1506
961 1506
871 1609
1609 2612
1609 2657
1434 1675
1623 2457
1709 2459
1339 2459
1658 2461
1742 2463
1075 1401
1726 2675
1437 2465
1099 1492
977 2468
1301 2469
916 2472
920 2475
1351 1605
1455 1605
1496 1605
1605 1626
1605 2632
925 1004
925 1030
925 2477
1004 1326
1004 2477
1630 2479
1572 2659
1572 2660
1572 2661
1649 2603
1490 2486
944 1078
1078 1685
1340 2491
1170 1360
1447 2605
1656 2495
1551 1552
1551 1724
1552 1724
1724 2638
959 1189
960 1189
1061 1189
1160 1189
1189 1500
960 2499
961 2500
1169 2560
963 2501
967 1547
1547 1639
1598 2506
1590 2505
1094 2513
1448 1584
1448 1630
1173 1210
1173 1254
1173 1685
1173 2520
1173 2546
1210 1254
1210 1685
1210 2519
1254 1565
1254 2521
1254 2589
1476 1541
1685 2518
1615 2519
1326 2524
1409 1496
1496 1624
1496 1746
1496 2606
1491 1536
1491 1565
1491 2546
1491 2619
1491 2630
1491 2644
1491 2645
1273 1565
1378 1565
1384 1565
1390 1565
1455 1565
1457 1565
1409 2564
1409 2632
1076 2524
1187 1492
1386 1492
1390 1492
1419 1578
1561 2526
1490 2586
1566 2529
1471 1735
1471 2532
1471 2534
1471 2642
1273 1462
1276 1462
1701 1708
1701 2541
1257 2536
1257 2592
1582 1735
1735 2642
1667 2633
1217 1360
1217 2540
1500 2541
1725 2547
1720 2546
1080 2548
1082 2549
1090 2550
1226 1646
1653 1678
1678 2552
1094 1198
1198 1455
1198 2569
1381 2625
1381 2626
1476 2552
1544 2552
1677 2554
1592 1741
1443 2555
1264 1522
1264 2594
1275 2600
1393 2629
1158 1473
1473 1628
1406 2559
1502 2566
1590 2566
1273 1455
1652 2572
1646 2633
1389 2576
1243 2581
1243 2582
1243 2583
1746 2583
1249 1739
1665 1739
1509 1652
1427 1544
1427 2591
1427 2607
1476 1544
1544 2591
1522 1692
1607 2664
1607 2665
1273 2599
1443 2603
1458 2637
1458 2638
1614 2616
1747 2642
1747 2674
1344 1588
1453 1606
1453 2636
1621 1754
1754 2677
1378 1556
1378 1593
1494 1556
1556 1688
1556 2656
1615 2627
1384 2628
1388 1720
1720 2673
1406 2631
1680 1741
1569 1682
1682 2658
1464 2639
1465 1548
1465 2640
1548 2653
1681 1741
1681 2662
1483 2643
1509 1628
1585 2651
1624 2661
1746 2676
1497 1596
1497 1686
1497 2646
1596 1686
1686 2646
1741 1753
1741 2662
1626 2653
1692 2671
1751 2656
1569 2658
1604 1753
1753 2662
1665 2669
1700 2673
