9 30
9 326
9 468
191 29
191 30
191 326
12 328
12 945
16 592
16 647
24 128
24 1137
17 29
17 91
17 109
17 204
17 326
17 425
17 468
17 1156
30 29
30 326
30 329
30 384
30 443
128 90
128 82
128 364
128 1094
211 210
326 29
326 134
326 327
326 328
326 329
326 330
468 449
468 330
468 425
468 473
31 67
31 691
109 110
109 138
109 983
109 1087
233 232
233 245
233 867
233 959
648 131
648 659
648 977
1087 584
104 97
104 1093
581 380
581 580
29 134
29 329
29 470
29 600
29 601
121 80
121 1192
328 21
945 659
592 591
592 593
592 713
592 725
592 788
592 813
1094 131
1094 282
1094 603
1094 798
1137 236
1137 471
71 80
71 90
71 97
71 138
71 1151
90 76
90 80
90 96
90 97
90 141
90 142
90 216
90 322
90 398
90 423
90 436
417 329
583 156
583 582
583 584
583 637
586 585
659 692
659 952
659 973
893 894
893 946
142 141
364 329
364 86
364 322
370 371
547 548
700 97
700 76
80 67
80 97
80 81
80 102
80 120
80 321
80 982
97 1093
97 601
97 76
97 550
97 1104
138 322
138 692
1151 96
76 1093
76 78
96 95
96 688
322 82
322 531
398 399
329 86
329 376
361 181
361 351
361 404
361 473
361 536
361 582
91 77
91 704
204 472
204 1106
425 449
425 330
425 426
425 533
425 861
210 397
210 543
210 552
210 698
692 77
692 693
692 973
692 1214
384 383
443 378
449 472
134 1106
327 1106
181 533
181 604
181 842
181 1132
351 352
351 529
536 353
536 629
536 735
536 736
536 995
536 1001
582 600
582 122
582 585
582 664
582 677
192 215
609 62
82 81
82 854
320 62
320 1102
1159 691
1159 399
1159 689
189 188
387 66
67 66
67 77
67 120
232 281
245 246
867 872
48 66
48 106
48 135
48 408
48 409
122 973
155 156
155 158
155 709
155 901
155 1170
155 1179
155 1180
155 1183
155 1185
155 1186
155 1189
650 478
650 543
1007 1006
77 62
77 46
77 66
77 120
77 704
77 976
701 88
701 118
701 599
701 702
701 783
363 1154
363 1155
363 1161
363 1162
841 854
841 836
560 725
560 483
560 820
560 963
836 854
836 855
836 483
836 816
836 845
836 850
837 1154
837 1155
837 1161
837 1162
838 839
892 521
988 987
591 964
591 814
591 963
591 590
593 1178
713 714
713 590
713 733
713 737
725 726
725 783
725 1000
788 484
813 814
413 543
470 471
682 683
861 483
861 855
543 985
543 544
156 157
156 163
156 169
156 172
156 173
156 336
156 634
156 636
637 709
637 1183
637 1189
637 636
653 973
653 654
653 987
664 973
952 973
973 135
973 409
973 235
973 511
973 812
973 974
973 980
973 981
188 187
512 481
512 513
512 526
512 527
552 553
698 1197
693 694
99 317
99 373
99 442
99 687
99 689
88 548
213 383
213 602
106 373
106 408
32 33
33 34
33 714
33 784
33 931
33 1203
34 35
34 508
34 509
714 715
714 786
784 35
931 930
1203 1025
505 224
505 481
505 506
35 36
35 626
508 507
509 510
786 36
998 1003
998 1004
1014 1013
626 625
507 506
510 1174
625 624
625 746
530 352
849 848
851 727
61 62
61 1102
317 1133
317 1135
46 549
46 538
46 539
62 215
62 323
62 531
62 539
62 1133
186 187
965 809
965 963
135 1112
1170 467
277 442
277 872
826 829
975 974
478 479
478 504
478 511
1006 1009
1006 1018
1006 1021
1006 1033
1006 1039
1006 1045
1006 1054
1006 1059
373 827
687 688
687 689
604 1162
454 702
352 353
483 855
483 727
483 814
483 816
483 963
855 522
481 526
481 527
481 487
481 499
481 516
481 522
481 525
481 822
481 1015
1107 399
809 981
963 515
963 920
814 815
814 848
814 1008
814 1076
503 502
305 304
502 501
400 401
674 666
249 248
249 250
249 273
365 252
365 366
1077 241
812 811
303 246
303 304
303 864
281 796
302 864
825 994
864 873
864 962
726 727
1000 995
157 339
157 342
157 886
157 1121
157 1124
163 339
169 170
172 465
172 1121
172 1124
336 332
634 907
803 802
804 995
633 1187
633 1188
467 466
467 730
339 340
339 907
886 885
165 1116
165 1117
165 1119
165 1123
165 1125
165 1128
170 623
465 464
618 619
624 627
623 887
623 622
340 335
621 622
1115 730
787 730
730 729
730 781
995 221
995 353
995 996
1119 746
464 463
595 596
588 589
820 821
820 1064
485 484
484 590
353 354
353 768
735 734
736 742
513 514
729 744
727 846
727 816
727 845
727 850
727 921
727 1008
727 1078
727 1219
223 224
228 229
228 1032
241 229
241 242
241 270
241 280
284 298
1061 1060
229 1136
242 1145
270 1141
298 297
941 942
941 958
590 589
1136 366
487 488
822 821
1015 1016
240 1138
1138 1017
1017 1016
1056 1048
846 847
1143 853
1143 1053
515 514
920 921
847 848
1053 1052
747 748
739 733
1048 1047
521 520
312 1148
354 355
358 359
358 627
1152 639
639 638
401 402
681 1194
402 1160
1018 1019
1033 1034
1045 1046
1054 1055
1059 1060
458 459
488 489
489 490
490 1171
734 733
742 743
733 738
737 738
805 806
805 1066
596 597
806 807
694 1195
1035 1034
1036 1037
743 1202
772 1206
1206 1044
1044 1043
1044 1222
991 992
1042 1043
1042 1046
