1 24
1 595
1 1143
1 1392
1 1405
24 152
24 690
24 913
24 1439
24 1440
4 595
61 595
68 595
126 595
227 595
519 595
551 595
583 595
595 615
595 696
595 721
595 742
595 824
595 831
595 928
595 940
595 1032
595 1034
595 1110
773 1143
647 1392
946 1392
1073 1392
1166 1392
1402 1405
2 156
2 951
2 1033
156 1033
156 1286
231 951
712 951
3 459
3 997
166 459
459 997
49 997
166 997
861 997
5 27
5 778
27 121
27 155
27 218
27 685
27 696
27 724
27 756
27 898
27 1009
27 1026
27 1132
27 1208
27 1242
27 1331
27 1350
27 1351
27 1352
27 1353
27 1354
27 1355
27 1356
27 1357
27 1358
27 1359
430 778
473 778
602 778
673 778
778 839
778 968
6 367
81 367
96 367
99 367
124 367
169 367
207 367
264 367
267 367
367 504
367 546
367 732
367 801
367 879
367 953
367 974
367 1055
367 1067
367 1411
7 284
7 444
7 1141
284 898
259 444
444 895
444 1094
444 1141
8 807
8 819
8 1128
86 807
472 807
802 807
85 819
90 819
93 819
106 819
142 819
152 819
179 819
184 819
219 819
241 819
245 819
253 819
261 819
332 819
433 819
464 819
465 819
493 819
494 819
525 819
526 819
533 819
540 819
551 819
579 819
585 819
604 819
609 819
717 819
731 819
819 844
819 862
819 900
819 966
819 1013
819 1131
819 1172
1040 1128
9 422
9 465
9 688
422 464
422 1418
253 465
349 465
372 465
465 990
465 1100
465 1164
465 1172
253 688
688 1015
10 216
216 476
11 72
11 154
11 291
11 601
11 626
11 728
11 933
11 1203
11 1216
67 72
72 163
72 328
72 363
72 426
72 461
72 565
72 632
72 745
72 769
72 899
72 980
72 1117
72 1145
72 1201
72 1202
72 1203
131 154
154 188
154 257
154 358
154 441
154 751
154 758
154 811
154 899
154 1145
154 1205
436 601
445 601
601 970
601 1037
12 626
81 626
728 760
1216 1234
12 81
12 247
12 469
12 777
12 1074
12 1180
12 1197
12 1198
12 1199
12 1200
33 81
81 169
81 202
81 495
81 1067
81 1179
81 1180
81 1181
81 1182
176 247
202 247
247 655
247 1074
247 1429
469 1130
33 777
157 777
252 777
513 777
777 974
777 1130
202 1074
564 1074
655 1074
1074 1391
942 1180
1200 1344
13 98
13 433
13 567
13 738
13 1273
98 112
98 121
98 179
98 186
98 251
98 252
98 266
98 276
98 324
98 513
98 658
98 681
98 731
98 775
98 810
98 913
98 937
98 1021
98 1040
98 1171
98 1179
98 1241
98 1373
98 1374
98 1375
98 1376
98 1377
98 1378
98 1379
83 433
404 433
418 433
433 623
433 764
433 832
433 867
433 873
433 973
433 1024
433 1052
433 1089
433 1144
17 567
29 567
59 567
62 567
125 567
130 567
204 567
337 567
353 567
360 567
382 567
481 567
504 567
516 567
567 735
567 762
567 771
567 825
567 835
567 860
567 863
567 962
567 987
567 1002
567 1085
567 1098
567 1110
567 1137
17 1273
122 1273
430 1273
1041 1273
1221 1273
1273 1274
14 329
14 942
66 942
267 942
821 942
927 942
942 971
942 1106
942 1310
942 1368
15 1105
1055 1105
16 345
48 345
49 345
140 345
208 345
230 345
275 345
345 520
345 594
345 606
345 783
345 969
345 1065
345 1091
345 1095
17 844
17 1240
17 1368
74 844
123 844
180 844
204 844
222 844
302 844
355 844
435 844
509 844
552 844
609 844
645 844
662 844
664 844
668 844
790 844
844 966
844 983
844 1035
844 1077
844 1115
844 1132
844 1171
844 1266
844 1363
844 1382
844 1446
20 1240
69 1240
267 1240
322 1240
324 1240
375 1240
503 1240
594 1240
727 1240
1087 1240
1195 1240
1240 1241
1240 1242
1240 1243
1240 1244
1240 1245
1240 1246
1240 1247
1240 1248
1240 1249
559 1368
709 1368
1071 1368
1131 1368
1368 1369
1368 1370
1368 1371
18 85
18 114
85 184
85 542
85 820
85 891
85 985
85 1127
85 1173
19 192
64 192
192 317
192 851
192 909
20 375
20 623
20 1067
20 1195
20 1361
20 1362
375 488
623 1067
207 1067
267 1067
560 1067
732 1067
1067 1144
1067 1265
667 1195
21 706
706 820
22 165
22 202
22 288
22 426
22 810
22 1115
165 202
165 448
165 799
202 448
202 810
288 448
288 510
288 518
288 1115
426 448
426 829
448 810
799 810
448 1115
518 1115
23 585
82 585
430 585
585 791
585 1130
152 604
498 690
690 920
690 1020
690 1146
25 166
25 263
25 347
25 472
25 620
25 638
25 784
25 789
25 955
25 1029
25 1063
131 166
166 302
166 661
166 1029
263 341
263 638
347 638
347 955
151 472
472 638
341 620
620 1108
39 638
119 638
241 638
249 638
302 638
341 638
402 638
423 638
507 638
508 638
592 638
638 784
638 787
638 931
638 948
638 955
638 996
638 998
638 1029
638 1046
638 1063
638 1092
638 1151
55 784
255 784
341 784
784 1029
789 1171
341 955
233 1029
341 1029
948 1029
341 1063
26 36
26 201
36 357
36 627
36 968
183 201
201 929
121 1036
126 155
218 377
446 685
685 1122
77 756
78 756
87 756
699 898
736 898
898 1005
898 1040
898 1052
364 1009
251 1026
1026 1064
320 1132
1132 1388
1206 1208
1242 1294
943 1331
1355 1388
28 44
28 969
107 969
445 969
30 633
35 633
120 633
134 633
136 633
221 633
495 633
633 720
633 742
633 916
633 998
633 1017
633 1027
31 542
31 985
542 895
542 985
542 1174
542 1175
32 380
32 439
32 539
32 674
32 757
32 959
380 439
380 539
380 674
380 757
380 959
439 539
439 674
439 959
350 539
539 674
539 757
539 959
437 674
674 757
674 959
333 757
355 757
33 854
38 854
122 854
252 854
303 854
513 854
535 854
652 854
854 914
854 974
854 979
854 1193
854 1245
854 1389
34 147
40 147
42 147
70 147
101 147
117 147
135 147
147 177
147 195
147 242
147 246
147 253
147 282
147 295
147 297
147 299
147 300
147 312
147 376
147 447
147 478
147 480
147 511
147 531
147 535
147 544
147 547
147 557
147 570
147 589
147 597
147 624
147 677
147 741
147 763
147 797
147 840
147 851
147 852
147 897
147 907
147 910
147 918
147 978
147 981
147 992
147 999
147 1007
147 1022
147 1031
147 1049
147 1058
147 1097
147 1109
147 1153
147 1169
94 357
687 968
37 457
389 457
38 806
41 264
41 675
264 1416
675 1449
43 400
43 408
43 464
43 682
43 864
43 1001
43 1263
400 1252
408 708
408 908
408 1021
464 605
464 905
464 920
464 1418
682 979
731 1001
1000 1001
45 865
45 1250
811 865
865 920
46 99
99 850
47 458
119 458
199 458
268 458
431 458
458 639
458 697
458 698
458 701
458 826
48 326
48 562
48 783
48 1065
48 1095
1065 1235
50 186
108 186
51 138
51 1162
138 294
138 333
138 892
138 1130
719 1162
52 103
52 233
52 428
233 318
233 603
233 1042
53 355
213 355
355 572
355 584
355 737
355 742
355 759
355 987
355 1070
355 1228
355 1229
54 704
54 858
704 1436
56 573
56 1092
402 1092
452 1092
553 1092
906 1092
57 110
57 267
110 267
124 267
267 488
267 654
267 937
267 1348
267 1349
58 260
58 885
58 1093
58 1217
58 1218
260 543
260 950
1093 1275
59 906
353 906
393 906
747 906
906 1110
60 136
65 136
134 136
136 209
136 225
136 266
136 274
136 342
136 396
136 474
136 622
136 693
136 725
136 886
136 919
136 926
136 998
136 1137
61 644
61 760
351 644
319 760
491 760
524 760
545 760
581 760
716 760
760 822
760 824
760 877
63 204
63 775
63 828
63 835
63 967
185 204
204 350
204 1129
64 851
64 909
64 1275
851 909
122 1275
203 1275
210 1275
664 1275
673 1275
681 1275
723 1275
883 1275
1014 1275
1077 1275
1187 1275
1226 1275
1266 1275
1275 1276
1275 1277
1275 1278
1275 1279
1275 1280
1275 1281
1275 1282
1275 1283
66 162
66 1254
162 391
162 421
162 584
162 901
67 163
67 336
67 461
67 1168
67 1432
336 361
266 1168
275 1168
340 1168
508 1168
952 1168
989 1168
1432 1450
69 563
90 563
257 563
302 563
563 609
563 662
563 746
563 944
563 1269
563 1270
563 1271
563 1272
70 158
70 362
70 1403
70 1404
158 1073
158 1123
158 1417
362 768
1403 1417
71 282
328 613
328 766
328 1113
363 1158
565 1113
980 1002
980 1212
792 1117
686 1145
1202 1211
1202 1212
73 451
269 451
451 703
451 1139
74 1406
89 1406
301 1406
1406 1407
75 683
75 755
393 683
683 755
683 809
683 841
683 1110
683 1119
164 755
167 755
314 755
578 755
637 755
649 755
669 755
755 841
755 871
755 1110
755 1119
76 615
194 615
294 615
615 1101
77 276
276 467
276 643
276 687
79 436
436 603
436 629
436 635
436 894
436 1045
436 1154
80 220
80 223
80 281
80 301
80 490
220 823
220 834
220 856
220 1123
220 1427
223 281
223 301
223 344
223 348
223 387
223 405
223 519
223 905
223 1410
223 1421
223 1422
223 1423
168 281
241 281
281 301
281 348
281 486
281 519
281 1400
281 1410
146 301
251 301
301 405
301 534
301 905
301 1114
301 1408
348 490
405 490
490 905
1181 1186
82 305
82 753
82 788
305 788
753 788
83 148
83 366
83 522
83 1165
148 187
148 530
148 1148
366 736
366 744
366 1040
366 1144
418 522
522 973
522 1039
522 1144
658 1165
84 270
270 483
270 1054
270 1081
241 820
791 891
891 1127
88 961
133 961
178 961
330 961
339 961
371 961
435 961
446 961
496 961
529 961
663 961
664 961
689 961
795 961
836 961
902 961
961 1010
961 1048
961 1121
961 1136
961 1159
89 286
89 715
286 715
90 384
90 572
90 708
90 905
313 384
315 384
337 384
384 1244
384 1294
384 1298
256 572
572 689
572 872
572 930
572 1116
356 708
708 823
708 911
708 912
405 905
91 781
91 908
405 908
503 908
92 830
92 965
830 965
240 965
965 1396
95 711
181 711
239 711
293 711
711 935
96 1231
96 1232
96 1261
719 1261
954 1261
1261 1262
97 846
315 846
365 846
846 1016
846 1426
112 308
179 548
179 750
179 1017
251 1064
122 252
252 513
252 524
252 667
252 868
252 979
252 1056
252 1130
252 1193
252 1233
324 333
324 350
324 1130
122 513
513 524
513 868
513 979
513 1130
513 1193
513 1233
352 658
681 937
681 949
937 1025
937 1172
394 1021
870 1021
320 1040
418 1040
261 1171
1019 1171
1061 1171
1379 1457
100 406
173 406
278 406
287 406
318 406
406 432
406 619
406 654
406 855
406 917
102 956
111 956
331 956
700 956
893 956
911 956
956 1101
104 430
350 430
430 1344
105 134
130 134
134 277
134 290
134 842
134 853
134 859
134 998
134 1034
134 1036
134 1070
134 1126
106 628
106 1451
106 1452
109 606
308 1157
113 131
116 131
131 303
131 386
131 460
131 614
131 678
131 995
131 1030
115 1099
613 1099
794 1099
903 1099
118 273
273 410
273 1064
122 189
122 280
122 338
122 425
122 471
122 536
122 849
122 1084
528 536
536 1442
536 1443
536 1444
849 1082
849 1438
454 1084
1084 1212
123 213
153 213
213 259
213 1381
124 953
124 979
124 1087
879 953
953 1055
953 1372
445 979
524 979
535 979
971 979
979 1056
979 1183
979 1186
652 1087
921 1087
971 1087
126 875
127 332
127 414
414 1101
128 303
129 215
129 383
129 506
129 532
129 591
129 612
129 1101
383 730
612 991
234 1101
501 1101
796 1101
940 1101
963 1101
970 1101
1101 1155
130 294
130 343
214 294
343 446
132 555
549 555
555 702
555 1383
133 648
568 648
648 670
648 812
648 994
319 998
831 998
352 396
352 474
474 1028
474 1086
316 886
665 886
886 1008
689 926
901 926
137 271
210 271
271 327
271 566
271 575
271 580
271 605
271 934
271 1014
271 1023
271 1048
193 333
333 419
333 838
333 904
333 1142
333 1150
238 1130
409 1130
524 1130
590 1130
652 1130
712 1130
740 1130
939 1130
1130 1170
1130 1184
1130 1185
139 258
139 743
139 1310
662 1310
141 226
141 310
141 361
141 489
141 957
191 361
279 361
323 361
361 1011
361 1104
143 750
144 196
196 1256
145 837
837 890
146 1227
242 272
253 676
253 791
253 1015
376 1289
511 657
570 657
570 802
398 597
331 530
530 947
1148 1212
149 379
149 721
440 721
482 721
150 671
150 1047
453 671
255 1047
153 1113
170 1113
180 1113
411 1113
434 1113
514 1113
664 1113
963 1113
1113 1138
188 970
211 257
257 358
257 656
257 749
257 776
257 808
257 811
257 818
257 821
257 847
257 881
257 1043
515 811
523 811
586 811
607 811
811 1161
811 1163
946 1286
1286 1425
157 712
157 1170
587 712
712 974
268 1170
813 1170
974 1170
1056 1170
420 1073
1073 1390
1088 1123
1123 1225
1123 1430
1123 1431
159 199
199 262
199 443
160 224
160 232
224 713
224 861
224 1235
232 517
232 584
232 710
232 1259
161 450
161 707
442 450
450 485
391 1025
445 584
584 831
584 1131
584 1147
448 518
448 1264
799 1078
799 1125
799 1332
302 337
302 948
537 661
168 445
445 603
445 1135
171 454
171 1107
454 468
454 754
454 930
172 229
172 304
229 339
304 339
174 823
174 1155
285 823
962 1155
1155 1160
175 861
548 1445
180 664
180 920
664 920
214 920
322 920
598 920
920 1035
920 1077
920 1124
181 793
569 793
651 793
793 1006
182 397
315 397
397 462
397 710
397 1433
397 1434
378 970
437 970
449 970
463 970
603 970
640 970
669 970
190 438
190 670
568 670
194 494
194 1437
494 739
494 925
1224 1256
1256 1257
1256 1258
197 418
197 429
418 429
418 1371
198 524
524 652
524 1059
524 1196
200 398
200 1435
354 398
203 335
203 529
335 653
335 1140
529 1131
646 1129
963 1129
1129 1207
1129 1329
205 1015
205 1212
234 1015
1015 1053
1015 1100
208 1212
321 1212
337 1212
607 1212
1212 1213
1212 1214
1212 1215
206 1020
672 1020
923 1020
976 1020
210 541
210 636
212 243
212 415
212 484
212 538
212 588
212 634
243 415
243 767
243 964
415 767
415 964
415 1018
415 1164
222 259
259 1102
259 1149
214 1398
214 1413
476 719
217 647
647 1230
222 834
222 556
250 344
348 485
348 593
348 1399
348 1400
348 1401
519 1421
486 1410
1410 1423
1235 1236
1235 1237
1235 1238
1235 1239
228 736
228 1363
228 1364
499 736
666 736
736 786
230 321
321 352
321 703
321 831
231 779
231 866
779 1166
373 866
630 866
768 866
517 941
657 710
1259 1260
287 318
236 603
337 603
399 603
407 603
603 966
537 1042
796 1042
963 1042
234 659
234 1002
659 888
867 1002
982 1002
235 582
235 1221
824 1221
237 466
322 466
466 993
466 1287
238 455
238 652
239 1396
240 1396
1394 1396
1395 1396
1396 1414
240 915
240 1394
240 1395
240 1397
241 394
241 870
241 1080
241 1156
352 394
394 870
272 880
767 964
244 691
691 701
655 1412
248 385
385 663
986 1064
560 667
346 868
470 868
868 984
500 1056
631 1056
1192 1193
676 714
613 791
791 1106
791 1266
791 1267
791 1268
254 1124
255 660
255 804
256 311
818 972
818 1176
818 1177
818 1178
821 1224
733 881
881 1102
543 770
543 950
770 950
341 787
341 1041
265 800
800 1164
488 1057
269 703
395 1081
1081 1345
1081 1346
372 605
935 1014
278 287
278 319
287 432
287 914
287 966
287 1393
319 774
319 960
279 889
279 1103
889 1103
932 1103
486 516
395 1400
283 952
325 952
876 952
285 512
285 734
512 827
512 1111
512 1164
512 1447
512 1448
884 966
518 1402
289 392
289 1086
1028 1086
292 689
607 689
689 922
689 1152
296 359
359 468
359 1071
298 516
337 890
306 313
306 351
306 395
306 692
306 1060
306 1328
313 1288
313 1294
351 765
692 1264
600 1060
307 527
307 642
527 772
527 1075
309 1057
600 1294
972 1294
1294 1295
1294 1296
1294 1297
315 857
316 550
550 1458
320 709
320 954
320 1187
320 1210
320 1385
320 1386
320 1387
1186 1187
389 1210
1206 1210
352 477
718 831
904 1003
904 1284
334 1012
334 1013
940 1140
372 890
887 890
340 1409
1134 1409
389 1041
442 1041
561 1041
938 1041
1041 1044
1041 1090
1041 1131
446 571
446 1120
594 936
485 1401
424 593
593 869
1071 1284
360 641
360 1079
558 641
641 1079
558 1079
922 1104
1104 1291
768 848
732 879
388 801
801 974
752 879
576 974
974 1055
587 1055
971 1055
368 963
963 1167
369 924
369 983
369 1441
883 924
924 983
370 983
882 983
983 1441
370 883
882 883
372 1418
610 1418
374 946
475 946
497 946
785 946
946 1166
972 1289
1289 1290
1289 1292
1289 1293
381 577
381 878
381 1088
1244 1251
389 561
389 938
389 1044
389 1211
561 938
561 1044
938 1044
390 1025
792 1025
393 1112
399 407
1251 1252
401 1192
1192 1194
403 569
403 1072
412 1255
1255 1312
413 1164
894 1164
1062 1164
1096 1164
416 442
442 554
417 754
973 1371
1371 1424
1371 1454
420 625
420 705
420 729
420 833
420 1076
427 1172
487 1172
528 1172
1343 1344
1344 1347
1344 1360
748 1052
817 1052
537 894
452 1050
824 930
921 930
930 1116
456 815
600 815
772 815
697 945
701 1420
521 1100
773 993
896 993
521 719
684 719
719 1006
719 1295
719 1299
719 1300
719 1301
719 1302
719 1303
719 1304
719 1305
719 1306
719 1307
719 1308
719 1309
479 1037
492 497
617 925
502 549
549 1134
503 780
503 971
650 780
505 574
505 1118
505 1125
574 727
694 1118
616 1125
657 816
1447 1453
526 1436
630 1131
559 695
559 1415
560 1424
596 944
646 944
1269 1428
579 802
802 1315
579 803
579 814
586 1332
1189 1332
1332 1333
1332 1334
1332 1335
1332 1336
1332 1337
1332 1338
1332 1339
1332 1340
824 1219
824 1220
684 940
940 958
940 977
596 646
599 773
773 1222
773 1223
602 1004
608 887
611 621
611 991
621 988
616 1078
618 723
843 988
679 1230
650 761
650 1083
651 1068
680 717
680 874
686 1190
686 1191
722 845
845 1315
726 798
726 943
726 1051
798 943
798 1051
943 1204
1051 1419
782 1035
805 1035
790 1066
1106 1133
1106 1327
1315 1316
1315 1317
1315 1318
1315 1319
1315 1320
1315 1321
1315 1322
1315 1323
1315 1324
1315 1325
1315 1326
921 972
972 1341
972 1380
896 1312
1038 1312
1311 1312
1312 1313
1312 1314
975 1003
1243 1284
1284 1285
1296 1341
1341 1342
1069 1186
1186 1188
1186 1189
1346 1347
1206 1207
1207 1330
1329 1365
1329 1366
1329 1367
1206 1209
1215 1384
1251 1253
1453 1455
1453 1456
