1 2
1 3
1 4
2 146
2 147
2 148
2 149
2 150
2 151
2 152
2 153
2 154
2 155
2 156
2 157
3 246
3 248
3 249
3 250
3 251
3 252
3 253
3 254
3 255
3 256
3 257
3 258
147 357
150 160
154 160
154 447
246 247
250 896
250 897
250 898
256 978
5 6
6 7
6 8
6 9
6 10
6 11
6 12
6 13
6 14
6 15
6 16
6 17
6 18
6 19
6 20
7 281
7 282
10 644
10 646
10 647
10 648
12 225
12 521
12 806
12 807
12 808
13 334
14 849
16 404
282 550
282 551
644 645
186 225
224 225
225 226
225 227
225 228
225 229
225 230
225 231
225 232
225 233
225 234
462 521
520 521
521 531
521 532
521 533
521 534
521 535
521 536
521 537
521 538
333 334
334 335
334 336
334 337
397 404
21 22
22 23
22 24
22 25
22 26
22 27
22 28
22 29
22 30
22 31
22 32
22 33
22 34
24 138
24 288
24 524
24 525
24 526
26 883
26 884
26 885
26 886
26 887
134 138
138 440
138 566
138 661
287 288
288 289
288 290
288 291
288 292
288 293
288 294
288 295
288 296
288 297
292 525
525 868
525 869
525 870
35 36
36 37
36 38
36 39
36 40
36 41
37 195
37 241
37 244
37 422
37 425
37 426
37 427
37 428
37 429
37 430
37 431
37 432
37 433
37 434
37 435
37 436
37 437
37 438
194 195
195 560
195 841
195 842
195 843
195 844
195 845
195 846
195 847
195 848
236 241
241 408
241 789
241 790
236 244
422 423
422 424
247 426
426 613
426 615
426 616
426 617
426 618
426 619
426 620
426 621
427 669
427 670
427 671
427 672
428 560
429 540
429 905
429 906
429 907
430 930
430 931
430 932
430 933
430 934
432 973
435 1007
437 1014
42 43
42 44
42 45
43 46
43 47
43 48
43 49
43 50
44 350
44 791
44 792
44 793
44 794
44 795
44 796
44 797
44 798
44 799
46 259
47 359
47 375
47 416
47 467
47 530
47 542
47 552
47 559
47 560
47 561
47 562
47 563
47 564
48 173
48 650
48 651
48 652
48 653
48 654
48 655
48 656
48 657
49 632
49 771
49 772
49 773
49 774
50 1013
349 350
350 351
350 352
350 353
350 354
350 355
350 356
792 825
792 826
259 879
259 880
259 881
259 882
358 359
359 360
359 361
359 362
359 363
359 364
359 365
359 366
359 367
373 375
415 416
416 417
416 418
416 419
416 420
416 421
466 467
528 530
540 542
542 716
552 553
552 554
552 555
552 556
552 557
552 558
559 754
559 756
559 757
560 784
560 803
560 832
560 834
560 835
561 751
561 822
561 852
562 871
172 173
173 175
652 689
652 690
653 707
653 708
630 632
771 945
772 964
51 52
51 53
52 54
52 55
52 56
52 57
52 58
52 59
52 60
52 61
52 62
52 63
52 64
52 65
52 66
52 67
52 68
52 69
52 70
52 71
52 72
52 73
52 74
52 75
52 76
54 130
54 131
54 132
54 133
55 192
56 219
56 220
56 221
56 222
57 223
58 277
58 278
58 279
58 280
59 324
59 325
59 326
59 327
59 328
59 329
59 330
59 331
59 332
60 368
60 370
60 371
61 378
61 379
61 380
62 317
62 547
62 548
65 605
65 674
65 876
65 877
65 878
70 961
70 962
131 894
131 895
192 549
277 900
325 584
325 585
326 624
328 850
328 851
368 369
370 540
370 664
316 317
317 318
317 319
317 320
317 321
317 322
317 323
547 661
547 823
547 824
104 605
604 605
605 606
605 607
605 608
361 674
77 78
78 79
78 80
78 81
78 82
78 83
78 84
78 85
78 86
78 87
78 88
78 89
78 90
78 91
78 92
78 93
78 94
78 95
78 96
78 97
78 98
79 270
80 160
80 211
80 298
80 299
80 300
80 301
80 302
80 303
80 304
80 305
80 306
80 307
80 308
80 309
80 310
80 311
80 312
80 313
80 314
80 315
82 83
82 541
83 87
83 93
84 200
84 463
84 610
84 626
84 731
84 732
84 733
84 734
84 735
84 736
84 737
84 738
84 739
84 740
84 741
88 93
159 160
160 214
160 586
160 587
160 588
210 211
300 514
300 515
300 516
300 517
300 518
303 778
304 819
275 305
305 915
306 916
307 684
311 982
540 541
541 603
199 200
200 201
200 202
200 203
463 464
609 610
625 626
626 627
731 763
731 764
732 765
732 766
732 767
732 768
732 769
732 770
734 776
734 777
99 100
100 101
101 440
109 440
439 440
440 441
440 442
440 443
440 444
440 445
102 103
102 104
103 105
103 106
105 283
105 284
283 285
284 940
107 108
108 109
108 110
108 111
109 965
109 966
111 179
111 592
177 179
179 715
237 592
592 678
592 679
592 680
592 681
592 682
112 113
113 114
113 115
113 116
113 117
113 118
113 119
113 120
113 121
113 122
113 123
113 124
113 125
113 126
113 127
113 128
113 129
114 286
115 389
115 390
115 391
115 392
115 393
115 394
115 395
116 446
116 447
118 775
119 786
119 787
119 788
124 938
228 787
938 976
134 135
134 136
134 137
134 139
134 140
134 141
565 566
566 567
566 568
566 569
566 570
566 571
566 572
566 573
566 574
566 575
566 576
566 577
566 578
566 579
566 580
566 581
566 582
566 583
660 661
661 662
142 143
143 144
143 145
144 261
144 783
144 855
260 261
261 262
261 263
261 264
261 265
261 266
261 267
261 268
261 269
783 784
783 785
855 874
855 875
158 159
159 161
159 162
159 163
159 164
159 165
159 166
159 167
159 168
159 169
159 170
159 171
162 188
163 649
166 1002
213 214
214 666
214 696
214 697
214 698
587 963
588 985
187 188
188 190
188 191
1002 1003
172 174
176 177
177 178
177 180
177 181
177 182
177 183
184 185
185 186
187 189
193 194
194 196
194 197
194 198
196 919
196 920
198 1005
204 205
205 206
205 207
205 208
205 209
206 643
206 658
206 659
207 815
207 816
207 817
208 706
208 981
209 993
209 1008
209 1010
635 643
658 820
815 818
816 918
817 958
705 706
992 993
993 994
993 995
993 996
993 997
1008 1009
212 213
213 215
213 216
213 217
213 218
664 666
226 410
228 804
228 805
232 1018
805 984
235 236
236 237
236 238
236 239
236 240
236 242
236 243
236 245
237 589
237 590
237 591
237 593
237 594
237 595
237 596
237 597
237 598
237 599
237 600
237 601
237 602
245 454
591 628
591 629
593 828
594 901
594 902
596 908
596 909
596 910
397 408
345 454
454 949
977 978
978 979
266 1019
266 1020
271 272
271 273
271 274
271 275
272 276
276 1011
834 900
899 900
683 684
684 685
318 381
318 382
318 383
318 384
318 385
318 386
318 387
318 388
383 729
384 854
386 980
338 339
339 340
339 341
339 342
340 469
340 470
340 471
340 472
340 473
340 474
340 475
340 476
340 477
340 478
340 479
340 480
340 481
340 482
340 483
340 484
340 485
340 486
340 487
340 488
340 489
340 490
340 491
340 492
340 493
340 494
340 495
340 496
340 497
340 498
340 499
340 500
340 501
340 502
340 503
340 504
340 505
340 506
340 507
340 508
340 509
340 510
340 511
340 512
340 513
471 717
471 718
472 742
477 688
477 860
481 917
482 730
484 935
484 936
491 953
491 954
498 991
501 1006
509 839
343 344
344 345
344 346
344 347
344 348
345 411
345 448
345 449
345 450
345 451
345 452
345 453
345 455
345 456
345 457
345 458
345 459
345 460
345 461
345 462
346 921
346 922
346 923
347 1012
411 412
411 413
451 888
451 889
451 890
361 673
361 675
361 676
361 677
365 865
365 959
864 865
865 867
959 970
539 540
540 543
540 544
540 545
540 546
663 664
664 665
664 667
664 668
372 373
373 374
373 376
373 377
374 719
374 721
374 722
374 723
374 724
374 725
374 726
374 727
374 728
719 720
721 779
722 904
724 779
729 730
854 976
396 397
397 398
397 399
397 400
397 401
397 402
397 403
397 405
397 406
397 407
397 409
399 924
399 925
399 926
399 927
412 414
414 709
414 710
414 711
414 712
414 713
414 714
613 614
616 827
619 971
619 972
907 987
465 466
466 468
468 986
687 688
688 856
688 857
688 858
688 859
837 839
519 520
520 522
520 523
527 528
528 529
543 861
703 716
638 861
861 967
861 968
782 823
553 612
553 937
558 1016
558 1024
611 612
757 1016
753 754
784 1004
695 803
830 832
834 942
834 943
750 751
821 822
852 853
871 872
567 752
568 814
571 911
574 950
574 951
574 952
581 1015
629 914
614 622
614 623
622 691
691 692
627 941
914 1001
630 631
631 633
634 635
634 636
634 637
634 638
634 639
634 640
634 641
634 642
637 862
637 863
639 988
639 989
639 990
645 946
645 947
645 948
667 983
686 687
693 694
694 695
695 759
695 800
695 801
695 802
758 759
759 760
759 761
759 762
802 998
802 999
802 1000
699 700
700 701
700 702
700 703
702 903
704 705
768 969
770 1022
776 809
776 810
776 811
776 812
776 813
777 912
777 913
743 744
744 745
744 746
744 747
744 748
744 749
747 970
753 755
760 891
760 892
760 893
969 1023
944 945
913 1017
780 781
781 782
782 928
782 929
829 830
830 831
830 833
836 837
837 838
837 840
838 873
864 866
866 955
866 956
866 957
867 960
960 974
960 975
872 939
939 1021
