1 65
1 243
1 300
1 302
1 303
1 304
1 306
1 316
1 318
65 66
65 243
65 261
65 299
65 300
65 301
5 243
21 243
243 256
243 318
243 962
243 963
243 965
243 976
243 979
6 300
66 300
300 302
6 302
297 302
302 303
75 303
76 303
296 303
297 303
303 304
75 304
293 304
295 304
304 306
304 307
305 306
306 307
306 316
305 316
314 316
315 316
316 318
5 318
20 318
314 318
317 318
318 319
2 650
2 651
2 652
2 896
2 897
2 898
225 650
645 650
649 650
650 651
650 654
650 898
651 652
651 654
652 654
652 894
652 895
652 896
895 896
896 897
896 899
896 900
896 901
896 904
95 897
897 898
897 899
95 898
641 898
642 898
644 898
645 898
3 16
3 948
3 949
3 954
3 955
3 956
16 240
16 241
16 323
16 949
16 956
16 957
22 948
324 948
945 948
947 948
948 949
948 950
948 954
948 957
949 957
950 954
953 954
954 955
242 955
953 955
955 956
955 967
21 956
241 956
242 956
956 959
956 960
956 964
4 28
4 428
4 429
4 430
4 431
4 432
28 70
28 273
28 274
28 430
28 431
421 428
422 428
424 428
427 428
428 429
428 432
421 429
429 430
274 430
421 430
110 431
273 431
431 432
431 433
426 432
427 432
432 433
432 434
5 20
5 239
5 961
5 962
20 239
20 319
20 321
20 322
239 321
239 960
239 961
21 961
960 961
961 962
21 962
6 66
6 68
6 297
6 298
66 262
66 264
66 298
66 299
66 301
68 281
68 282
68 291
68 294
68 297
68 298
294 297
296 297
264 298
280 298
281 298
7 26
7 391
7 398
7 400
26 101
26 391
26 392
26 398
23 391
388 391
389 391
390 391
391 392
391 400
101 398
397 398
398 399
398 400
389 400
399 400
400 623
8 388
8 390
8 626
8 627
8 629
23 388
25 388
388 390
388 629
388 640
157 390
389 390
390 626
157 626
626 627
156 627
157 627
627 628
627 629
627 631
629 630
629 631
629 639
629 640
9 115
9 116
9 471
9 472
9 473
9 474
9 475
9 490
115 456
115 457
115 472
115 490
116 118
116 467
116 469
116 471
116 474
116 475
465 471
467 471
470 471
471 472
457 472
458 472
462 472
465 472
473 475
473 481
473 482
473 483
473 490
474 475
118 475
121 475
475 476
475 481
114 490
456 490
483 490
10 134
10 138
10 532
10 557
10 559
10 562
134 138
134 140
134 562
33 138
34 138
138 139
138 140
138 559
138 560
135 532
522 532
531 532
532 535
532 557
532 562
135 557
534 557
544 557
557 559
34 559
544 559
554 559
555 559
131 562
140 562
530 562
531 562
11 45
11 52
11 202
11 739
11 798
45 52
45 798
52 186
52 200
52 739
52 740
52 798
201 202
202 739
202 797
202 798
202 801
186 739
737 739
738 739
739 745
739 801
197 798
198 798
201 798
203 798
740 798
12 173
12 732
12 733
12 735
12 747
173 694
173 695
173 731
173 732
173 733
731 732
732 736
732 747
695 733
733 734
733 735
184 735
734 735
735 747
167 747
183 747
184 747
736 747
737 747
13 164
13 647
13 648
13 661
13 665
13 666
13 667
13 677
164 666
164 667
164 668
164 669
164 670
646 647
647 648
647 649
647 664
647 665
647 681
647 682
647 684
648 661
648 662
648 664
222 661
659 661
660 661
661 662
661 667
163 665
665 677
665 680
665 681
666 668
666 674
666 675
666 677
659 667
667 669
163 677
170 677
675 677
677 678
14 222
14 658
14 659
14 804
14 813
14 814
222 657
222 658
222 659
222 660
657 658
658 813
658 816
658 817
658 883
659 669
659 804
165 804
669 804
670 804
803 804
804 814
813 814
813 817
813 818
43 814
166 814
803 814
812 814
814 818
15 821
15 832
15 834
15 835
15 839
15 842
821 832
821 834
821 836
209 832
211 832
220 832
822 832
832 835
832 836
218 834
834 836
834 837
834 838
834 839
210 835
211 835
831 835
833 835
835 842
838 839
839 840
839 841
839 842
839 856
210 842
841 842
842 843
842 844
240 241
240 323
240 958
241 958
241 959
321 323
323 325
323 328
323 957
323 958
324 957
325 957
17 335
17 338
17 339
17 365
17 368
335 337
335 339
335 368
83 338
338 339
338 363
338 365
83 339
84 339
332 339
337 339
339 340
363 365
365 366
365 367
365 368
337 368
367 368
368 913
18 80
18 81
18 312
18 313
18 330
18 331
79 80
80 329
80 330
80 331
81 312
81 317
81 325
81 327
81 328
81 330
311 312
312 313
312 314
312 315
312 317
311 313
313 331
313 345
313 346
79 330
327 330
330 332
330 333
329 331
331 345
19 74
19 76
19 292
19 294
19 295
19 310
74 293
74 295
74 309
74 310
75 76
76 294
76 295
76 296
72 292
77 292
291 292
292 294
292 310
292 347
292 350
291 294
294 296
75 295
293 295
309 310
310 311
310 344
310 346
310 347
317 319
319 322
320 321
321 322
321 328
321 958
321 959
321 960
317 322
320 322
21 960
21 963
21 964
959 960
242 963
963 964
963 965
963 967
242 964
22 237
22 944
22 945
22 950
235 237
237 238
237 942
237 944
237 950
237 951
228 944
942 944
944 945
82 945
228 945
911 945
945 947
950 951
950 953
23 25
23 379
23 392
23 393
25 377
25 379
25 387
25 640
99 379
377 379
379 393
100 392
101 392
392 393
99 393
100 393
359 393
393 394
24 91
24 92
24 93
24 366
24 372
24 374
24 375
24 376
91 361
91 362
91 363
91 366
91 376
92 373
92 374
92 375
93 94
93 366
93 367
93 369
93 370
93 372
363 366
366 367
370 372
372 373
372 374
372 382
372 910
373 374
98 375
99 375
373 375
375 376
375 380
99 376
361 376
376 394
97 377
98 377
99 377
377 387
40 387
96 387
97 387
378 387
386 387
387 640
385 640
386 640
639 640
89 101
100 101
101 103
101 358
101 395
101 397
27 425
27 434
27 435
27 436
27 441
27 442
109 425
424 425
425 426
425 434
425 442
426 434
433 434
434 435
110 435
433 435
435 436
435 438
436 437
436 438
436 439
436 440
436 441
112 441
440 441
441 442
109 442
111 442
112 442
407 442
69 70
70 266
70 267
70 270
70 272
70 273
70 274
70 275
69 273
110 273
257 273
108 274
274 275
274 276
274 277
274 421
29 151
29 152
29 548
29 549
29 550
29 605
151 152
151 547
151 605
151 607
151 609
119 152
152 545
152 546
152 547
152 548
545 548
548 549
548 552
548 553
147 549
549 550
549 552
549 588
549 589
150 550
550 587
550 588
550 605
149 605
150 605
605 606
605 607
30 620
30 621
30 622
30 623
30 624
30 625
156 620
619 620
620 621
620 625
153 621
608 621
611 621
613 621
619 621
621 622
468 622
611 622
612 622
622 623
117 623
389 623
399 623
402 623
468 623
623 624
389 624
624 625
156 625
157 625
389 625
31 479
31 480
31 542
31 546
31 610
121 479
477 479
478 479
479 480
479 610
124 480
477 480
480 481
480 541
480 542
122 542
541 542
542 543
542 546
119 546
543 546
546 547
546 555
546 556
546 610
154 610
478 610
547 610
32 147
32 552
32 567
32 584
147 552
147 583
147 584
147 586
147 589
552 553
552 567
552 568
146 567
564 567
565 567
567 568
567 571
567 584
567 585
146 584
581 584
583 584
33 139
33 140
33 141
33 561
137 139
139 141
139 560
139 563
139 572
131 140
140 561
141 142
141 561
141 563
131 561
132 561
142 561
514 561
516 561
517 561
525 561
528 561
561 574
34 551
34 554
34 558
34 560
34 564
34 566
119 551
545 551
551 554
551 558
119 554
554 555
545 558
553 558
558 566
558 568
137 560
560 564
137 564
564 565
564 566
564 570
564 571
565 566
566 568
35 572
35 573
35 574
35 576
35 577
137 572
143 572
145 572
563 572
570 572
572 573
572 574
145 573
569 573
573 577
573 578
142 574
143 574
189 574
514 574
574 576
178 576
189 576
575 576
576 577
576 719
144 577
575 577
577 578
36 146
36 581
36 582
36 699
36 700
146 581
146 582
146 585
38 581
148 581
581 583
581 592
581 699
176 582
579 582
580 582
582 585
582 700
37 699
38 699
689 699
698 699
699 700
176 700
698 700
37 689
37 695
37 698
38 689
689 690
689 693
689 695
693 695
694 695
695 696
695 697
695 698
695 726
695 728
695 734
175 698
176 698
696 698
38 148
38 690
148 592
148 690
592 690
688 690
690 691
690 692
690 693
39 632
39 635
39 636
39 637
39 683
630 632
632 634
632 635
632 637
598 635
615 635
616 635
634 635
635 636
159 636
598 636
636 683
226 637
630 637
637 638
637 639
637 683
159 683
226 683
681 683
683 684
683 685
40 96
40 383
40 384
40 385
40 386
95 96
96 378
96 381
96 384
160 383
383 384
383 385
383 641
95 384
384 641
160 385
385 386
385 638
385 639
385 643
41 218
41 219
41 220
41 819
41 820
41 836
41 837
41 869
41 877
217 218
218 837
218 838
218 869
51 219
219 220
219 820
219 823
51 220
204 220
207 220
220 822
220 836
815 819
817 819
819 820
819 877
812 820
817 820
818 820
820 823
836 837
217 869
869 870
869 871
869 872
869 875
869 877
815 877
875 877
877 878
877 879
42 653
42 655
42 656
42 657
42 660
42 882
653 654
653 655
653 660
654 655
655 656
654 656
656 882
656 891
656 892
656 894
657 660
657 882
657 883
654 660
660 662
660 663
881 882
882 883
882 892
43 166
43 805
43 809
43 811
43 812
166 800
166 803
166 805
799 805
800 805
805 811
809 810
809 811
809 812
809 824
809 826
799 811
806 811
810 811
812 818
812 823
812 824
44 168
44 673
44 674
44 675
168 169
168 673
168 675
168 694
168 731
46 673
672 673
673 674
673 731
673 802
668 674
672 674
674 675
169 675
170 675
675 676
46 731
46 736
46 738
46 802
694 731
731 736
736 737
736 738
737 738
738 801
738 802
671 802
672 802
801 802
47 195
47 772
47 773
47 774
47 775
48 195
195 761
195 762
195 770
195 772
195 775
770 772
771 772
772 774
50 773
771 773
773 774
773 775
773 784
771 774
48 775
50 775
196 775
775 777
48 196
48 760
48 761
48 778
187 196
196 760
196 777
49 760
187 760
759 760
760 778
192 761
194 761
755 761
758 761
759 761
761 762
761 778
759 778
49 187
49 751
49 758
49 759
186 187
187 743
187 744
187 746
187 751
187 777
179 751
180 751
746 751
749 751
751 752
751 753
751 758
188 758
753 758
755 758
756 758
757 758
758 759
50 776
50 777
50 782
50 784
742 776
743 776
776 777
776 781
776 782
743 777
781 782
782 783
782 784
771 784
783 784
784 785
784 831
51 204
51 823
204 206
204 207
204 823
204 824
823 824
185 186
186 200
186 742
186 743
186 744
186 745
185 200
199 200
200 740
200 741
198 740
199 740
740 779
53 54
53 214
53 850
53 1007
53 1008
53 1009
54 55
54 849
54 850
54 852
54 1007
212 214
214 846
214 850
214 1008
214 1012
214 1014
55 850
212 850
62 1007
216 1007
851 1007
852 1007
1002 1007
1006 1007
1007 1009
1008 1009
1008 1010
1008 1011
1008 1012
62 1009
1009 1010
55 212
55 847
55 848
55 849
213 849
848 849
849 852
849 854
213 852
216 852
852 853
212 846
212 847
843 847
844 847
845 847
846 847
847 848
845 848
848 854
56 213
56 215
56 854
56 855
56 872
56 873
213 853
213 854
213 857
213 873
213 874
215 217
215 855
215 856
215 872
845 854
854 855
840 855
843 855
845 855
855 856
217 872
870 872
872 873
858 873
859 873
870 873
873 874
57 58
57 224
57 886
57 922
58 223
58 886
58 888
58 889
58 922
221 224
224 230
224 886
224 921
224 922
224 925
223 886
885 886
886 925
889 922
905 922
921 922
223 881
223 884
223 885
223 888
223 890
887 888
888 889
888 890
888 893
888 904
887 889
889 905
59 245
59 247
59 972
59 978
59 980
244 245
245 247
245 972
245 974
245 975
247 975
247 979
247 980
233 972
934 972
971 972
972 974
972 978
934 978
978 980
978 986
978 988
246 980
977 980
979 980
980 981
980 982
980 986
60 61
60 232
60 995
60 996
60 997
60 1000
61 232
61 861
61 862
61 997
61 1004
61 1005
232 860
232 861
232 865
232 868
232 871
232 995
865 995
994 995
995 996
250 996
991 996
994 996
996 1000
997 998
997 1000
997 1003
997 1004
989 1000
991 1000
998 1000
999 1000
216 861
857 861
859 861
860 861
861 862
861 874
216 862
851 862
862 1005
862 1006
1002 1004
1003 1004
1004 1005
1002 1005
1005 1006
62 1001
62 1002
62 1003
62 1010
253 1001
1001 1003
1001 1010
1001 1016
1001 1017
1001 1019
1002 1003
1002 1006
998 1003
1003 1016
64 1010
253 1010
1010 1011
63 255
63 1013
63 1022
63 1023
63 1024
254 255
255 1013
255 1019
255 1021
255 1022
251 1013
253 1013
1013 1019
1013 1024
1021 1022
1022 1023
256 1023
1020 1023
1021 1023
1023 1024
251 1024
256 1024
1014 1024
1015 1024
64 252
64 253
64 1011
64 1014
64 1015
252 1011
252 1012
252 1014
251 253
253 1015
253 1019
1011 1012
256 1014
831 1014
846 1014
1012 1014
1014 1015
251 1015
67 261
260 261
261 262
261 299
262 299
299 301
67 262
262 263
262 264
262 265
263 264
264 271
264 280
67 259
67 260
67 265
67 266
67 268
258 259
259 260
259 267
259 268
257 260
258 260
263 265
265 266
265 270
265 271
266 267
266 268
266 270
267 268
279 281
280 281
281 282
281 284
73 282
282 283
282 284
282 291
72 291
283 291
69 257
69 258
69 267
110 257
257 258
257 493
258 267
269 270
270 271
270 272
269 272
272 275
272 278
272 280
275 276
275 278
71 73
71 106
71 107
71 284
71 286
71 356
71 416
73 283
73 284
73 286
73 289
73 290
106 107
106 416
107 277
107 284
107 285
107 416
107 417
107 418
279 284
284 285
286 287
286 289
286 353
286 356
103 356
104 356
353 356
354 356
356 414
356 415
356 416
413 416
415 416
416 417
72 88
72 283
72 288
72 289
72 290
72 350
87 88
88 288
88 350
88 351
88 352
283 290
87 288
105 288
288 289
288 353
287 289
289 290
289 353
77 350
78 350
348 350
349 350
350 351
293 307
293 308
293 309
308 309
309 311
77 78
77 344
77 347
78 341
78 344
78 348
341 344
344 345
344 346
344 347
79 341
341 342
341 345
341 348
341 349
348 349
79 329
79 332
79 340
79 342
79 345
329 345
332 333
332 336
332 337
332 340
84 340
340 342
84 342
85 342
342 349
345 346
314 317
317 320
317 328
324 325
325 326
325 327
325 328
326 327
327 333
320 328
82 336
82 911
82 913
82 946
82 947
333 336
334 336
336 337
336 913
336 946
228 911
911 913
911 914
911 943
337 913
367 913
369 913
912 913
913 914
334 946
946 947
324 947
326 947
334 947
83 84
83 86
83 343
83 363
84 85
84 343
86 87
86 343
86 352
86 363
86 364
85 343
343 351
343 352
90 363
362 363
363 364
85 349
85 351
349 351
351 352
87 105
87 352
87 355
87 364
90 364
355 364
357 364
105 353
105 354
105 355
104 355
354 355
355 357
89 100
89 358
89 359
89 360
100 359
90 358
103 358
357 358
358 360
359 360
359 394
90 360
360 394
90 357
90 361
90 362
90 394
103 357
104 357
361 362
361 394
99 394
373 380
373 382
94 369
94 370
94 371
94 912
367 369
369 912
370 371
370 910
371 910
371 912
371 915
912 914
912 915
95 381
95 382
95 641
95 899
378 381
380 381
381 382
380 382
382 899
382 910
160 641
641 642
899 900
899 910
97 378
98 378
378 380
97 98
98 99
98 380
103 104
103 395
103 411
103 414
395 396
395 397
395 411
102 397
396 397
397 399
102 396
102 399
102 401
102 409
102 412
396 411
396 412
399 401
399 402
401 402
401 409
117 409
402 409
403 409
404 409
408 409
409 412
408 412
411 412
104 354
407 411
408 411
410 411
411 414
410 414
414 415
353 354
287 353
108 277
276 277
277 285
277 418
277 419
276 285
278 285
279 285
413 417
417 418
417 420
417 422
417 423
418 419
418 420
108 419
108 420
108 421
419 420
420 421
420 422
421 422
109 407
109 413
109 423
109 424
111 407
407 408
407 410
407 413
410 413
413 415
413 423
422 423
423 424
422 424
424 426
424 427
110 433
110 438
110 449
110 493
437 438
438 447
438 449
447 449
448 449
449 450
449 451
449 454
449 493
113 493
454 493
489 493
491 493
492 493
493 507
493 510
493 514
111 112
111 406
111 408
112 406
112 440
112 444
112 446
404 406
405 406
406 408
406 444
406 445
406 460
404 408
439 440
440 446
444 445
444 446
444 447
439 446
446 447
113 114
113 454
113 491
114 454
114 455
114 456
114 483
114 491
451 454
453 454
454 455
483 491
489 491
452 455
453 455
455 456
455 457
456 457
482 483
483 484
483 487
483 488
483 489
452 457
457 458
457 459
118 121
118 469
118 478
118 611
118 612
467 468
467 469
467 470
468 469
469 612
117 402
117 403
117 468
403 404
403 466
403 468
403 470
468 470
468 612
121 476
121 477
121 478
153 478
154 478
478 611
153 611
611 612
119 545
119 555
119 556
545 553
543 555
544 555
555 556
120 136
120 522
120 533
120 535
120 536
128 136
136 521
136 522
136 523
136 536
136 537
522 523
522 531
522 535
135 533
533 534
533 535
533 536
533 543
533 544
135 535
536 537
536 539
536 543
476 477
476 481
477 481
122 123
122 539
122 541
122 543
123 500
123 501
123 502
123 537
123 539
123 540
123 541
537 539
539 543
124 541
540 541
543 544
498 500
500 501
500 504
500 537
498 501
499 501
501 502
485 502
496 502
499 502
502 540
504 537
521 537
537 538
124 540
485 540
124 481
124 482
124 484
124 485
481 482
482 484
484 485
484 487
485 486
485 487
485 496
125 126
125 503
125 504
125 538
126 127
126 498
126 503
126 504
126 506
126 508
127 503
503 511
503 520
503 521
503 538
498 504
504 538
521 538
127 130
127 508
127 509
127 511
498 499
498 505
498 506
505 506
506 507
506 508
130 508
507 508
130 507
130 509
130 510
509 510
509 511
510 511
511 512
511 518
511 519
511 520
128 129
128 520
128 521
128 523
128 524
129 517
129 519
129 520
129 524
129 526
519 520
520 521
132 523
133 523
523 524
523 531
133 524
524 525
524 526
515 517
516 517
517 519
517 525
517 526
515 519
518 519
525 526
492 507
497 507
505 507
507 510
510 512
510 513
510 514
131 527
131 528
131 529
131 530
527 529
527 530
132 528
528 529
528 531
529 530
529 531
530 531
132 133
132 525
132 531
133 525
135 534
534 544
137 570
145 570
570 571
142 563
143 563
142 143
144 569
144 575
144 578
144 579
144 580
145 569
569 578
569 579
569 585
178 575
575 580
579 580
579 585
176 580
178 580
145 571
145 585
571 585
583 586
583 591
583 592
586 589
586 590
586 591
587 589
588 589
589 590
591 592
592 594
592 688
149 158
149 600
149 606
149 607
149 614
158 600
158 614
158 616
597 600
600 601
600 606
600 616
150 606
601 606
602 606
604 606
155 607
607 608
607 609
607 613
607 614
613 614
614 615
614 616
150 587
150 604
587 588
587 590
587 604
590 604
602 604
154 547
547 609
153 609
154 609
155 609
153 154
153 155
153 608
155 608
608 613
156 157
156 613
156 617
156 619
156 628
157 389
613 615
613 617
613 619
615 617
617 618
617 628
618 628
628 631
628 633
628 634
597 616
598 616
615 616
159 161
159 596
159 597
159 598
159 685
161 162
161 595
161 596
161 685
161 687
161 688
593 596
595 596
596 597
596 599
597 598
597 599
597 601
162 685
163 685
680 685
681 685
685 686
160 642
160 643
642 643
642 644
638 643
643 644
162 686
162 687
593 595
594 595
595 688
172 687
679 687
686 687
687 688
172 688
594 688
688 692
163 686
678 686
679 686
163 678
163 680
170 678
171 678
678 679
680 681
668 670
668 672
669 670
165 670
670 672
165 671
165 672
165 800
165 803
671 672
671 797
671 800
671 801
797 800
799 800
800 803
167 183
167 737
167 745
167 746
167 748
183 184
183 725
183 748
737 745
744 745
745 746
744 746
746 748
746 749
725 748
748 749
169 676
169 692
169 693
169 694
693 694
170 676
171 676
676 692
171 692
172 692
691 692
692 693
691 693
170 171
171 172
171 679
172 679
174 713
174 714
174 715
174 716
174 717
710 713
711 713
712 713
713 714
713 715
713 729
713 730
714 716
714 727
714 730
707 715
708 715
710 715
715 717
715 718
716 717
716 723
716 724
716 727
717 718
717 724
175 176
175 696
175 702
175 710
176 178
176 702
176 703
176 704
696 697
696 710
696 711
701 702
702 703
702 708
702 710
708 710
710 711
178 704
178 706
178 709
178 719
701 703
703 704
703 705
704 705
704 706
177 701
177 705
177 706
177 707
177 709
701 705
701 707
701 708
705 706
706 709
707 708
707 709
707 718
709 718
709 719
709 720
189 719
719 720
719 754
179 180
179 181
179 749
180 181
180 723
180 750
180 752
181 182
181 723
181 725
181 749
725 749
182 723
722 723
723 724
723 727
723 750
721 750
722 750
750 752
721 752
752 753
752 754
182 725
182 726
182 727
184 725
725 726
184 726
726 727
726 728
726 734
727 728
727 730
184 734
185 199
185 741
185 742
185 781
199 741
199 779
199 780
199 781
742 743
742 781
780 781
781 783
188 191
188 755
188 757
188 763
191 756
191 757
191 763
191 766
192 755
755 763
756 757
192 763
194 763
762 763
763 764
763 765
763 766
189 190
189 514
189 754
189 756
189 767
190 753
190 754
190 756
513 514
514 516
720 754
721 754
753 754
753 756
756 766
756 767
193 767
765 767
766 767
767 768
767 771
765 766
192 194
194 762
193 764
193 765
193 768
193 769
762 764
764 765
764 769
768 769
768 771
762 769
769 770
769 771
762 770
770 771
197 198
197 203
197 779
197 793
197 794
197 795
197 796
198 779
201 203
203 793
203 799
203 807
203 808
779 780
779 795
786 793
793 794
793 808
786 794
794 796
780 795
795 796
780 796
785 796
786 796
787 796
780 783
780 785
201 797
201 799
797 799
797 801
799 806
799 807
205 807
806 807
807 808
205 808
786 808
791 808
792 808
206 207
206 791
206 824
206 825
206 826
207 791
207 792
207 822
207 828
207 830
824 826
205 791
205 806
205 810
205 825
791 792
791 825
806 810
810 825
810 826
825 826
786 792
788 792
790 792
792 828
209 822
822 830
790 828
828 829
828 830
208 830
209 830
827 830
829 830
208 789
208 827
208 829
785 789
787 789
788 789
789 827
789 829
789 831
209 827
211 827
827 831
788 829
790 829
209 211
211 831
210 833
210 844
831 833
833 844
833 846
843 844
844 846
771 831
785 831
831 846
216 853
853 857
216 857
857 874
859 874
217 838
217 856
838 856
840 856
216 851
851 1006
221 230
221 923
221 925
230 919
230 920
230 921
230 923
230 924
866 923
867 923
868 923
871 923
875 923
923 924
923 925
875 925
876 925
879 925
885 925
880 881
881 883
881 884
881 890
881 892
880 884
884 885
879 885
880 885
890 891
890 892
890 893
227 921
905 921
920 921
225 645
225 646
225 649
644 645
645 646
226 646
644 646
646 649
646 684
649 654
649 663
649 664
226 638
226 644
226 684
638 639
638 644
681 684
682 684
227 229
227 905
227 906
227 916
227 920
227 941
227 943
229 238
229 916
229 942
229 943
887 905
903 905
905 906
905 907
906 907
906 908
906 909
906 943
238 916
916 941
918 920
919 920
920 941
238 941
918 941
938 941
939 941
940 941
228 943
908 943
914 943
942 943
228 942
238 942
235 238
238 937
238 938
917 919
918 919
919 924
866 924
917 924
924 927
231 250
231 863
231 931
231 992
231 993
250 931
250 932
250 990
250 991
250 993
250 994
863 864
863 866
863 928
863 992
863 993
929 931
930 931
931 932
931 992
928 992
929 992
940 992
864 993
993 994
858 860
859 860
860 871
864 865
865 867
865 868
865 994
867 868
868 871
858 871
870 871
871 875
233 952
233 968
233 971
233 973
233 974
236 952
935 952
952 970
952 971
952 973
966 968
968 969
968 970
968 973
968 974
933 971
934 971
935 971
970 973
244 974
965 974
966 974
974 976
234 235
234 236
234 933
234 935
234 951
235 933
235 936
235 937
235 951
236 935
236 951
236 970
930 933
932 933
933 934
933 935
933 936
951 953
951 969
951 970
929 936
930 936
936 937
929 937
937 938
969 970
929 938
938 939
938 940
958 959
242 967
953 967
965 967
966 967
967 969
246 256
256 979
256 982
256 1020
965 966
965 976
244 976
976 979
244 979
246 979
975 979
977 979
244 975
246 977
246 982
981 982
982 1018
982 1020
248 987
248 988
248 989
248 990
249 987
985 987
987 988
987 989
934 988
985 988
986 988
988 990
249 989
989 990
989 991
989 999
932 990
934 990
990 991
249 985
249 999
981 985
984 985
985 986
985 999
981 999
983 999
998 999
930 932
932 934
864 994
254 1019
1017 1019
1019 1021
254 1021
1017 1021
1020 1021
1017 1020
1018 1020
263 271
269 271
271 280
269 280
278 280
279 280
276 278
278 279
305 307
307 308
305 308
308 311
305 311
305 315
311 315
311 346
314 315
324 326
326 333
326 334
333 334
410 415
900 910
910 915
900 915
908 915
909 915
914 915
630 639
404 405
404 463
404 466
463 466
464 466
465 466
466 470
465 470
405 460
405 463
460 463
461 463
463 464
445 460
458 460
459 460
460 461
460 462
443 445
445 447
445 459
426 427
437 439
437 447
439 447
443 447
447 448
443 448
443 450
443 459
448 450
450 451
450 459
451 459
452 459
458 459
451 452
451 453
452 453
458 462
461 462
462 464
462 465
461 464
464 465
486 487
487 488
486 488
488 489
486 489
489 492
489 494
486 494
486 495
486 496
495 496
496 497
496 499
492 494
494 495
494 497
495 497
492 497
497 499
497 505
499 505
512 513
512 518
513 516
513 518
515 518
516 518
515 516
553 568
565 568
590 591
591 594
591 603
590 602
590 603
599 602
601 602
602 603
593 603
594 603
599 603
593 594
593 599
599 601
615 618
615 633
615 634
618 633
633 634
630 634
631 634
630 631
662 664
663 664
681 682
662 663
654 663
654 894
891 894
893 894
894 895
893 895
895 904
891 892
891 893
815 883
816 883
880 883
815 816
816 817
815 817
817 818
697 711
697 712
697 728
712 728
728 729
728 730
711 712
712 729
718 720
718 721
718 724
720 721
729 730
721 724
722 724
721 722
783 785
785 787
786 787
787 788
786 788
788 790
815 879
815 880
876 879
878 879
879 880
840 841
840 843
841 843
843 845
858 859
858 870
864 866
864 867
866 867
866 927
866 928
926 928
927 928
928 940
917 927
926 927
875 876
875 878
876 878
887 903
887 904
902 903
903 904
903 907
893 904
901 904
902 904
900 901
900 909
901 902
901 907
901 909
907 909
908 909
902 907
908 914
917 918
917 926
918 926
918 940
926 940
929 940
939 940
929 930
953 969
966 969
981 986
984 986
981 983
981 984
981 1018
983 998
983 1016
983 1017
983 1018
1017 1018
998 1016
1016 1017
