1 53
1 105
1 157
1 158
1 159
1 160
1 161
1 162
1 163
1 164
1 165
1 166
1 882
1 883
1 935
1 986
1 987
1 988
1 989
1 991
1 992
1 996
1 999
1 1003
1 1016
1 1017
1 1018
1 1029
1 1032
1 1033
1 1035
1 1200
1 1201
1 1202
1 1229
1 1231
1 1236
1 1242
53 105
53 882
53 883
53 935
53 1094
105 157
105 882
105 883
105 935
105 1095
157 209
157 774
157 775
157 776
157 777
157 778
157 779
157 780
157 781
157 782
157 783
157 1147
106 158
158 210
158 774
158 775
158 776
158 777
158 778
158 779
158 780
158 781
158 782
158 783
158 1148
107 159
159 211
159 774
159 775
159 776
159 777
159 778
159 779
159 780
159 781
159 782
159 783
159 1149
108 160
160 212
160 774
160 775
160 776
160 777
160 778
160 779
160 780
160 781
160 782
160 783
160 1150
109 161
161 213
161 774
161 775
161 776
161 777
161 778
161 779
161 780
161 781
161 782
161 783
161 1151
110 162
162 214
162 774
162 775
162 776
162 777
162 778
162 779
162 780
162 781
162 782
162 783
162 1152
111 163
163 215
163 774
163 775
163 776
163 777
163 778
163 779
163 780
163 781
163 782
163 783
163 1153
112 164
164 216
164 774
164 775
164 776
164 777
164 778
164 779
164 780
164 781
164 782
164 783
164 1154
113 165
165 217
165 774
165 775
165 776
165 777
165 778
165 779
165 780
165 781
165 782
165 783
165 1155
114 166
166 218
166 774
166 775
166 776
166 777
166 778
166 779
166 780
166 781
166 782
166 783
166 1156
2 882
3 882
4 882
5 882
6 882
7 882
8 882
9 882
10 882
11 882
12 882
13 882
14 882
15 882
16 882
17 882
18 882
19 882
20 882
21 882
22 882
23 882
24 882
25 882
26 882
27 882
28 882
29 882
30 882
31 882
32 882
33 882
34 882
35 882
36 882
37 882
38 882
39 882
40 882
41 882
42 882
43 882
44 882
45 882
46 882
47 882
48 882
49 882
50 882
54 882
55 882
56 882
57 882
58 882
59 882
60 882
61 882
62 882
63 882
64 882
65 882
66 882
67 882
68 882
69 882
70 882
71 882
72 882
73 882
74 882
75 882
76 882
77 882
78 882
79 882
80 882
81 882
82 882
83 882
84 882
85 882
86 882
87 882
88 882
89 882
90 882
91 882
92 882
93 882
94 882
95 882
96 882
97 882
98 882
99 882
100 882
102 882
103 882
104 882
106 882
107 882
108 882
109 882
110 882
111 882
112 882
113 882
114 882
115 882
116 882
117 882
118 882
119 882
120 882
121 882
122 882
123 882
124 882
125 882
126 882
127 882
128 882
129 882
130 882
131 882
132 882
133 882
134 882
135 882
136 882
137 882
138 882
139 882
140 882
141 882
142 882
143 882
144 882
145 882
146 882
147 882
148 882
149 882
150 882
151 882
152 882
154 882
155 882
156 882
664 882
665 882
666 882
667 882
668 882
669 882
670 882
671 882
672 882
673 882
674 882
675 882
676 882
677 882
678 882
679 882
680 882
681 882
682 882
683 882
684 882
685 882
686 882
687 882
688 882
689 882
690 882
691 882
692 882
693 882
694 882
695 882
696 882
697 882
698 882
699 882
700 882
701 882
702 882
703 882
704 882
705 882
706 882
707 882
708 882
709 882
710 882
711 882
714 882
715 882
882 1101
882 1153
882 1203
882 1258
664 883
828 883
883 1102
883 1154
883 1203
664 935
732 935
935 1109
2 986
3 986
4 986
5 986
6 986
7 986
8 986
9 986
156 986
495 986
610 986
774 986
828 986
2 987
3 987
4 987
5 987
6 987
7 987
8 987
9 987
393 987
447 987
611 987
775 987
829 987
2 988
3 988
4 988
5 988
6 988
7 988
8 988
10 988
394 988
448 988
612 988
776 988
830 988
2 989
3 989
4 989
5 989
6 989
7 989
8 989
9 989
10 989
336 989
395 989
449 989
613 989
777 989
831 989
2 991
3 991
4 991
5 991
6 991
7 991
8 991
397 991
447 991
448 991
449 991
450 991
451 991
452 991
453 991
454 991
455 991
456 991
457 991
458 991
459 991
460 991
461 991
462 991
463 991
464 991
465 991
466 991
467 991
468 991
469 991
470 991
471 991
472 991
473 991
474 991
475 991
476 991
477 991
478 991
479 991
480 991
481 991
482 991
483 991
484 991
485 991
486 991
487 991
488 991
489 991
490 991
491 991
492 991
493 991
494 991
495 991
496 991
497 991
498 991
499 991
500 991
615 991
2 992
3 992
4 992
5 992
6 992
7 992
8 992
10 992
15 992
33 992
34 992
339 992
398 992
452 992
616 992
780 992
834 992
2 996
3 996
4 996
5 996
6 996
7 996
8 996
33 996
36 996
42 996
343 996
402 996
447 996
448 996
449 996
450 996
451 996
452 996
453 996
454 996
455 996
456 996
457 996
458 996
459 996
460 996
461 996
462 996
463 996
464 996
465 996
466 996
467 996
468 996
469 996
470 996
471 996
472 996
473 996
474 996
475 996
476 996
477 996
478 996
479 996
480 996
481 996
482 996
483 996
484 996
485 996
486 996
487 996
488 996
489 996
490 996
491 996
492 996
493 996
494 996
495 996
496 996
497 996
498 996
499 996
500 996
620 996
2 999
3 999
4 999
5 999
6 999
7 999
8 999
11 999
14 999
25 999
28 999
29 999
30 999
35 999
405 999
447 999
448 999
449 999
450 999
451 999
452 999
453 999
454 999
455 999
456 999
457 999
458 999
459 999
460 999
461 999
462 999
463 999
464 999
465 999
466 999
467 999
468 999
469 999
470 999
471 999
472 999
473 999
474 999
475 999
476 999
477 999
478 999
479 999
480 999
481 999
482 999
483 999
484 999
485 999
486 999
487 999
488 999
489 999
490 999
491 999
492 999
493 999
494 999
495 999
496 999
497 999
498 999
499 999
500 999
623 999
787 999
841 999
2 1003
3 1003
4 1003
5 1003
6 1003
7 1003
8 1003
18 1003
33 1003
42 1003
46 1003
48 1003
350 1003
409 1003
447 1003
448 1003
449 1003
450 1003
451 1003
452 1003
453 1003
454 1003
455 1003
456 1003
457 1003
458 1003
459 1003
460 1003
461 1003
462 1003
463 1003
464 1003
465 1003
466 1003
467 1003
468 1003
469 1003
470 1003
471 1003
472 1003
473 1003
474 1003
475 1003
476 1003
477 1003
478 1003
479 1003
480 1003
481 1003
482 1003
483 1003
484 1003
485 1003
486 1003
487 1003
488 1003
489 1003
490 1003
491 1003
492 1003
493 1003
494 1003
495 1003
496 1003
497 1003
498 1003
499 1003
500 1003
519 1003
627 1003
791 1003
845 1003
2 1016
3 1016
4 1016
5 1016
6 1016
7 1016
8 1016
9 1016
11 1016
12 1016
14 1016
16 1016
18 1016
20 1016
29 1016
30 1016
41 1016
42 1016
47 1016
49 1016
363 1016
422 1016
447 1016
448 1016
449 1016
450 1016
451 1016
452 1016
453 1016
454 1016
455 1016
456 1016
457 1016
458 1016
459 1016
460 1016
461 1016
462 1016
463 1016
464 1016
465 1016
466 1016
467 1016
468 1016
469 1016
470 1016
471 1016
472 1016
473 1016
474 1016
475 1016
476 1016
477 1016
478 1016
479 1016
480 1016
481 1016
482 1016
483 1016
484 1016
485 1016
486 1016
487 1016
488 1016
489 1016
490 1016
491 1016
492 1016
493 1016
494 1016
495 1016
496 1016
497 1016
498 1016
499 1016
500 1016
640 1016
804 1016
858 1016
2 1017
3 1017
4 1017
5 1017
6 1017
7 1017
8 1017
9 1017
11 1017
14 1017
17 1017
18 1017
19 1017
24 1017
25 1017
26 1017
27 1017
28 1017
29 1017
30 1017
31 1017
32 1017
33 1017
35 1017
36 1017
42 1017
44 1017
45 1017
46 1017
47 1017
48 1017
49 1017
364 1017
423 1017
447 1017
448 1017
449 1017
450 1017
451 1017
452 1017
453 1017
454 1017
455 1017
456 1017
457 1017
458 1017
459 1017
460 1017
461 1017
462 1017
463 1017
464 1017
465 1017
466 1017
467 1017
468 1017
469 1017
470 1017
471 1017
472 1017
473 1017
474 1017
475 1017
476 1017
477 1017
478 1017
479 1017
480 1017
481 1017
482 1017
483 1017
484 1017
485 1017
486 1017
487 1017
488 1017
489 1017
490 1017
491 1017
492 1017
493 1017
494 1017
495 1017
496 1017
497 1017
498 1017
499 1017
500 1017
533 1017
641 1017
805 1017
859 1017
2 1018
3 1018
4 1018
5 1018
6 1018
7 1018
8 1018
9 1018
26 1018
31 1018
42 1018
46 1018
47 1018
365 1018
424 1018
447 1018
448 1018
449 1018
450 1018
451 1018
452 1018
453 1018
454 1018
455 1018
456 1018
457 1018
458 1018
459 1018
460 1018
461 1018
462 1018
463 1018
464 1018
465 1018
466 1018
467 1018
468 1018
469 1018
470 1018
471 1018
472 1018
473 1018
474 1018
475 1018
476 1018
477 1018
478 1018
479 1018
480 1018
481 1018
482 1018
483 1018
484 1018
485 1018
486 1018
487 1018
488 1018
489 1018
490 1018
491 1018
492 1018
493 1018
494 1018
495 1018
496 1018
497 1018
498 1018
499 1018
500 1018
642 1018
806 1018
860 1018
2 1029
3 1029
4 1029
5 1029
6 1029
7 1029
8 1029
9 1029
13 1029
14 1029
15 1029
16 1029
21 1029
24 1029
25 1029
26 1029
27 1029
29 1029
31 1029
32 1029
36 1029
37 1029
38 1029
40 1029
41 1029
43 1029
45 1029
47 1029
376 1029
435 1029
447 1029
448 1029
449 1029
450 1029
451 1029
452 1029
453 1029
454 1029
455 1029
456 1029
457 1029
458 1029
459 1029
460 1029
461 1029
462 1029
463 1029
464 1029
465 1029
466 1029
467 1029
468 1029
469 1029
470 1029
471 1029
472 1029
473 1029
474 1029
475 1029
476 1029
477 1029
478 1029
479 1029
480 1029
481 1029
482 1029
483 1029
484 1029
485 1029
486 1029
487 1029
488 1029
489 1029
490 1029
491 1029
492 1029
493 1029
494 1029
495 1029
496 1029
497 1029
498 1029
499 1029
500 1029
545 1029
653 1029
817 1029
871 1029
2 1032
3 1032
4 1032
5 1032
6 1032
7 1032
8 1032
9 1032
10 1032
11 1032
12 1032
13 1032
14 1032
15 1032
16 1032
17 1032
18 1032
19 1032
20 1032
21 1032
22 1032
23 1032
24 1032
25 1032
26 1032
27 1032
28 1032
29 1032
30 1032
31 1032
32 1032
33 1032
34 1032
35 1032
36 1032
37 1032
38 1032
39 1032
40 1032
41 1032
42 1032
43 1032
44 1032
45 1032
46 1032
47 1032
48 1032
49 1032
50 1032
379 1032
438 1032
492 1032
495 1032
496 1032
497 1032
498 1032
499 1032
500 1032
501 1032
548 1032
656 1032
718 1032
719 1032
720 1032
721 1032
2 1033
3 1033
4 1033
5 1033
6 1033
7 1033
8 1033
9 1033
10 1033
11 1033
12 1033
13 1033
14 1033
15 1033
16 1033
17 1033
18 1033
19 1033
20 1033
21 1033
22 1033
23 1033
24 1033
25 1033
26 1033
27 1033
28 1033
29 1033
30 1033
31 1033
32 1033
33 1033
34 1033
35 1033
36 1033
37 1033
38 1033
39 1033
40 1033
41 1033
42 1033
43 1033
44 1033
45 1033
46 1033
47 1033
48 1033
49 1033
50 1033
380 1033
439 1033
447 1033
448 1033
449 1033
450 1033
451 1033
452 1033
453 1033
454 1033
455 1033
456 1033
457 1033
458 1033
459 1033
460 1033
461 1033
462 1033
463 1033
464 1033
465 1033
466 1033
467 1033
468 1033
469 1033
470 1033
471 1033
472 1033
473 1033
474 1033
475 1033
476 1033
477 1033
478 1033
479 1033
480 1033
481 1033
482 1033
483 1033
484 1033
485 1033
486 1033
487 1033
488 1033
489 1033
490 1033
491 1033
492 1033
493 1033
494 1033
495 1033
496 1033
497 1033
498 1033
499 1033
500 1033
501 1033
549 1033
657 1033
718 1033
719 1033
720 1033
721 1033
2 1035
3 1035
4 1035
5 1035
6 1035
7 1035
8 1035
9 1035
10 1035
11 1035
12 1035
13 1035
14 1035
15 1035
16 1035
17 1035
18 1035
19 1035
20 1035
21 1035
22 1035
23 1035
24 1035
25 1035
26 1035
27 1035
28 1035
29 1035
30 1035
31 1035
32 1035
33 1035
34 1035
35 1035
36 1035
37 1035
38 1035
39 1035
40 1035
41 1035
42 1035
43 1035
44 1035
45 1035
46 1035
47 1035
49 1035
382 1035
441 1035
495 1035
551 1035
659 1035
2 1200
3 1200
4 1200
5 1200
6 1200
7 1200
8 1200
665 1200
775 1200
829 1200
877 1200
2 1201
3 1201
4 1201
5 1201
6 1201
7 1201
8 1201
666 1201
776 1201
830 1201
878 1201
2 1202
3 1202
4 1202
5 1202
6 1202
7 1202
8 1202
10 1202
390 1202
667 1202
777 1202
831 1202
879 1202
924 1202
2 1229
3 1229
4 1229
5 1229
6 1229
7 1229
8 1229
16 1229
28 1229
29 1229
47 1229
417 1229
694 1229
796 1229
804 1229
858 1229
2 1231
3 1231
4 1231
5 1231
6 1231
7 1231
8 1231
9 1231
24 1231
30 1231
31 1231
47 1231
419 1231
696 1231
718 1231
798 1231
806 1231
860 1231
2 1236
3 1236
4 1236
5 1236
6 1236
7 1236
8 1236
10 1236
16 1236
28 1236
29 1236
30 1236
36 1236
46 1236
47 1236
48 1236
424 1236
701 1236
803 1236
811 1236
865 1236
2 1242
3 1242
4 1242
5 1242
6 1242
7 1242
8 1242
9 1242
16 1242
42 1242
45 1242
430 1242
599 1242
707 1242
718 1242
719 1242
721 1242
810 1242
817 1242
871 1242
2 54
2 106
2 167
2 168
2 169
2 170
2 171
2 172
2 173
2 174
2 175
2 176
2 884
2 936
2 990
54 106
54 884
54 936
54 1094
106 884
106 936
106 1096
115 167
167 219
167 774
167 775
167 776
167 777
167 778
167 779
167 780
167 781
167 782
167 783
167 1157
116 168
168 220
168 774
168 775
168 776
168 777
168 778
168 779
168 780
168 781
168 782
168 783
168 1158
117 169
169 221
169 774
169 775
169 776
169 777
169 778
169 779
169 780
169 781
169 782
169 783
169 1159
118 170
170 222
170 774
170 775
170 776
170 777
170 778
170 779
170 780
170 781
170 782
170 783
170 1160
119 171
171 223
171 774
171 775
171 776
171 777
171 778
171 779
171 780
171 781
171 782
171 783
171 1161
120 172
172 224
172 774
172 775
172 776
172 777
172 778
172 779
172 780
172 781
172 782
172 783
172 1162
121 173
173 225
173 774
173 775
173 776
173 777
173 778
173 779
173 780
173 781
173 782
173 783
173 1163
122 174
174 226
174 774
174 775
174 776
174 777
174 778
174 779
174 780
174 781
174 782
174 783
174 1164
123 175
175 227
175 774
175 775
175 776
175 777
175 778
175 779
175 780
175 781
175 782
175 783
175 1165
124 176
176 228
176 774
176 775
176 776
176 777
176 778
176 779
176 780
176 781
176 782
176 783
176 1166
665 884
829 884
884 1103
884 1155
884 1203
665 936
733 936
936 1110
3 990
4 990
5 990
6 990
7 990
8 990
10 990
33 990
337 990
396 990
447 990
448 990
449 990
450 990
451 990
452 990
453 990
454 990
455 990
456 990
457 990
458 990
459 990
460 990
461 990
462 990
463 990
464 990
465 990
466 990
467 990
468 990
469 990
470 990
471 990
472 990
473 990
474 990
475 990
476 990
477 990
478 990
479 990
480 990
481 990
482 990
483 990
484 990
485 990
486 990
487 990
488 990
489 990
490 990
491 990
492 990
493 990
494 990
495 990
496 990
497 990
498 990
499 990
500 990
614 990
778 990
832 990
3 55
3 107
3 177
3 178
3 179
3 180
3 181
3 182
3 183
3 184
3 185
3 186
3 885
3 937
55 107
55 885
55 937
55 1094
107 885
107 937
107 1097
125 177
177 229
177 774
177 775
177 776
177 777
177 778
177 779
177 780
177 781
177 782
177 783
177 1167
126 178
178 230
178 774
178 775
178 776
178 777
178 778
178 779
178 780
178 781
178 782
178 783
178 1168
127 179
179 231
179 774
179 775
179 776
179 777
179 778
179 779
179 780
179 781
179 782
179 783
179 1169
128 180
180 232
180 774
180 775
180 776
180 777
180 778
180 779
180 780
180 781
180 782
180 783
180 1170
129 181
181 233
181 774
181 775
181 776
181 777
181 778
181 779
181 780
181 781
181 782
181 783
181 1171
130 182
182 234
182 774
182 775
182 776
182 777
182 778
182 779
182 780
182 781
182 782
182 783
182 1172
131 183
183 235
183 774
183 775
183 776
183 777
183 778
183 779
183 780
183 781
183 782
183 783
183 1173
132 184
184 236
184 774
184 775
184 776
184 777
184 778
184 779
184 780
184 781
184 782
184 783
184 1174
133 185
185 237
185 774
185 775
185 776
185 777
185 778
185 779
185 780
185 781
185 782
185 783
185 1175
134 186
186 238
186 774
186 775
186 776
186 777
186 778
186 779
186 780
186 781
186 782
186 783
186 1176
666 885
830 885
885 1104
885 1156
885 1203
666 937
734 937
937 1111
4 56
4 108
4 187
4 188
4 189
4 190
4 191
4 192
4 193
4 194
4 195
4 196
4 886
4 938
56 108
56 886
56 938
56 1094
108 886
108 938
108 1098
135 187
187 239
187 774
187 775
187 776
187 777
187 778
187 779
187 780
187 781
187 782
187 783
187 1177
136 188
188 240
188 774
188 775
188 776
188 777
188 778
188 779
188 780
188 781
188 782
188 783
188 1178
137 189
189 241
189 774
189 775
189 776
189 777
189 778
189 779
189 780
189 781
189 782
189 783
189 1179
138 190
190 242
190 774
190 775
190 776
190 777
190 778
190 779
190 780
190 781
190 782
190 783
190 1180
139 191
191 243
191 774
191 775
191 776
191 777
191 778
191 779
191 780
191 781
191 782
191 783
191 1181
140 192
192 244
192 774
192 775
192 776
192 777
192 778
192 779
192 780
192 781
192 782
192 783
192 1182
141 193
193 245
193 774
193 775
193 776
193 777
193 778
193 779
193 780
193 781
193 782
193 783
193 1183
142 194
194 246
194 774
194 775
194 776
194 777
194 778
194 779
194 780
194 781
194 782
194 783
194 1184
143 195
195 247
195 774
195 775
195 776
195 777
195 778
195 779
195 780
195 781
195 782
195 783
195 1185
144 196
196 248
196 774
196 775
196 776
196 777
196 778
196 779
196 780
196 781
196 782
196 783
196 1186
667 886
831 886
886 1105
886 1157
886 1203
667 938
735 938
938 1112
5 57
5 109
5 197
5 198
5 199
5 200
5 201
5 202
5 203
5 204
5 205
5 206
5 887
5 939
57 109
57 887
57 939
57 1094
109 887
109 939
109 1099
145 197
197 249
197 774
197 775
197 776
197 777
197 778
197 779
197 780
197 781
197 782
197 783
197 1187
146 198
198 250
198 774
198 775
198 776
198 777
198 778
198 779
198 780
198 781
198 782
198 783
198 1188
147 199
199 251
199 774
199 775
199 776
199 777
199 778
199 779
199 780
199 781
199 782
199 783
199 1189
148 200
200 252
200 774
200 775
200 776
200 777
200 778
200 779
200 780
200 781
200 782
200 783
200 1190
149 201
201 253
201 774
201 775
201 776
201 777
201 778
201 779
201 780
201 781
201 782
201 783
201 1191
150 202
202 254
202 774
202 775
202 776
202 777
202 778
202 779
202 780
202 781
202 782
202 783
202 1192
151 203
203 255
203 774
203 775
203 776
203 777
203 778
203 779
203 780
203 781
203 782
203 783
203 1193
152 204
204 256
204 774
204 775
204 776
204 777
204 778
204 779
204 780
204 781
204 782
204 783
204 1194
153 205
205 257
205 774
205 775
205 776
205 777
205 778
205 779
205 780
205 781
205 782
205 783
205 1195
154 206
206 258
206 774
206 775
206 776
206 777
206 778
206 779
206 780
206 781
206 782
206 783
206 1196
668 887
832 887
887 1106
887 1158
887 1203
668 939
736 939
939 1113
6 58
6 110
6 207
6 208
6 209
6 210
6 211
6 212
6 213
6 214
6 215
6 216
6 888
6 940
58 110
58 888
58 940
58 1094
110 888
110 940
110 1100
155 207
207 259
207 774
207 775
207 776
207 777
207 778
207 779
207 780
207 781
207 782
207 783
207 1197
156 208
208 260
208 774
208 775
208 776
208 777
208 778
208 779
208 780
208 781
208 782
208 783
208 1198
209 261
209 774
209 775
209 776
209 777
209 778
209 779
209 780
209 781
209 782
209 783
209 1040
210 262
210 774
210 775
210 776
210 777
210 778
210 779
210 780
210 781
210 782
210 783
210 1041
211 263
211 774
211 775
211 776
211 777
211 778
211 779
211 780
211 781
211 782
211 783
211 1042
212 264
212 774
212 775
212 776
212 777
212 778
212 779
212 780
212 781
212 782
212 783
212 1043
213 265
213 774
213 775
213 776
213 777
213 778
213 779
213 780
213 781
213 782
213 783
213 1044
214 266
214 774
214 775
214 776
214 777
214 778
214 779
214 780
214 781
214 782
214 783
214 1045
215 267
215 774
215 775
215 776
215 777
215 778
215 779
215 780
215 781
215 782
215 783
215 1046
216 268
216 774
216 775
216 776
216 777
216 778
216 779
216 780
216 781
216 782
216 783
216 1047
669 888
833 888
888 1107
888 1159
888 1203
669 940
737 940
940 1114
7 59
7 111
7 217
7 218
7 219
7 220
7 221
7 222
7 223
7 224
7 225
7 226
7 889
7 941
59 111
59 889
59 941
59 1094
111 889
111 941
111 1101
217 269
217 774
217 775
217 776
217 777
217 778
217 779
217 780
217 781
217 782
217 783
217 1048
218 270
218 774
218 775
218 776
218 777
218 778
218 779
218 780
218 781
218 782
218 783
218 1049
219 271
219 774
219 775
219 776
219 777
219 778
219 779
219 780
219 781
219 782
219 783
219 1040
220 272
220 774
220 775
220 776
220 777
220 778
220 779
220 780
220 781
220 782
220 783
220 1041
221 273
221 774
221 775
221 776
221 777
221 778
221 779
221 780
221 781
221 782
221 783
221 1042
222 274
222 774
222 775
222 776
222 777
222 778
222 779
222 780
222 781
222 782
222 783
222 1043
223 275
223 774
223 775
223 776
223 777
223 778
223 779
223 780
223 781
223 782
223 783
223 1044
224 276
224 774
224 775
224 776
224 777
224 778
224 779
224 780
224 781
224 782
224 783
224 1045
225 277
225 774
225 775
225 776
225 777
225 778
225 779
225 780
225 781
225 782
225 783
225 1046
226 278
226 774
226 775
226 776
226 777
226 778
226 779
226 780
226 781
226 782
226 783
226 1047
670 889
834 889
889 1108
889 1160
889 1203
670 941
738 941
941 1115
8 60
8 112
8 227
8 228
8 229
8 230
8 231
8 232
8 233
8 234
8 235
8 236
8 890
8 942
60 112
60 890
60 942
60 1094
112 890
112 942
112 1102
227 279
227 774
227 775
227 776
227 777
227 778
227 779
227 780
227 781
227 782
227 783
227 1048
228 280
228 774
228 775
228 776
228 777
228 778
228 779
228 780
228 781
228 782
228 783
228 1049
229 281
229 774
229 775
229 776
229 777
229 778
229 779
229 780
229 781
229 782
229 783
229 1040
230 282
230 774
230 775
230 776
230 777
230 778
230 779
230 780
230 781
230 782
230 783
230 1041
231 283
231 774
231 775
231 776
231 777
231 778
231 779
231 780
231 781
231 782
231 783
231 1042
232 284
232 774
232 775
232 776
232 777
232 778
232 779
232 780
232 781
232 782
232 783
232 1043
233 285
233 774
233 775
233 776
233 777
233 778
233 779
233 780
233 781
233 782
233 783
233 1044
234 286
234 774
234 775
234 776
234 777
234 778
234 779
234 780
234 781
234 782
234 783
234 1045
235 287
235 774
235 775
235 776
235 777
235 778
235 779
235 780
235 781
235 782
235 783
235 1046
236 288
236 774
236 775
236 776
236 777
236 778
236 779
236 780
236 781
236 782
236 783
236 1047
671 890
835 890
890 1109
890 1161
890 1203
671 942
739 942
942 1116
9 61
9 113
9 237
9 891
9 994
9 1020
9 1024
9 1199
9 1237
61 113
61 891
61 1094
113 891
113 943
113 1103
237 289
237 1048
672 891
836 891
891 1110
891 1162
891 1203
32 994
33 994
34 994
42 994
341 994
400 994
454 994
618 994
33 1020
34 1020
42 1020
367 1020
426 1020
447 1020
448 1020
449 1020
450 1020
451 1020
452 1020
453 1020
454 1020
455 1020
456 1020
457 1020
458 1020
459 1020
460 1020
461 1020
462 1020
463 1020
464 1020
465 1020
466 1020
467 1020
468 1020
469 1020
470 1020
471 1020
472 1020
473 1020
474 1020
475 1020
476 1020
477 1020
478 1020
479 1020
480 1020
481 1020
482 1020
483 1020
484 1020
485 1020
486 1020
487 1020
488 1020
489 1020
490 1020
491 1020
492 1020
493 1020
494 1020
495 1020
496 1020
497 1020
498 1020
499 1020
500 1020
536 1020
644 1020
10 1024
11 1024
12 1024
13 1024
14 1024
15 1024
16 1024
17 1024
19 1024
20 1024
23 1024
24 1024
25 1024
26 1024
27 1024
28 1024
29 1024
30 1024
31 1024
32 1024
33 1024
34 1024
35 1024
36 1024
37 1024
38 1024
39 1024
41 1024
42 1024
43 1024
44 1024
45 1024
371 1024
430 1024
447 1024
448 1024
449 1024
450 1024
451 1024
452 1024
453 1024
454 1024
455 1024
456 1024
457 1024
458 1024
459 1024
460 1024
461 1024
462 1024
463 1024
464 1024
465 1024
466 1024
467 1024
468 1024
469 1024
470 1024
471 1024
472 1024
473 1024
474 1024
475 1024
476 1024
477 1024
478 1024
479 1024
480 1024
481 1024
482 1024
483 1024
484 1024
485 1024
486 1024
487 1024
488 1024
489 1024
490 1024
491 1024
492 1024
493 1024
494 1024
495 1024
496 1024
497 1024
498 1024
499 1024
500 1024
540 1024
648 1024
812 1024
866 1024
664 1199
774 1199
828 1199
876 1199
10 1237
11 1237
12 1237
13 1237
14 1237
15 1237
16 1237
17 1237
19 1237
20 1237
23 1237
24 1237
25 1237
26 1237
27 1237
28 1237
29 1237
30 1237
31 1237
32 1237
33 1237
34 1237
35 1237
36 1237
37 1237
38 1237
39 1237
41 1237
42 1237
43 1237
44 1237
45 1237
702 1237
804 1237
812 1237
866 1237
10 62
10 114
10 238
10 892
10 1021
10 1025
10 1203
10 1234
10 1238
62 114
62 892
62 1094
114 892
114 944
114 1104
238 290
238 1049
673 892
837 892
892 1111
892 1163
892 1203
15 1021
29 1021
32 1021
33 1021
42 1021
368 1021
427 1021
447 1021
448 1021
449 1021
450 1021
451 1021
452 1021
453 1021
454 1021
455 1021
456 1021
457 1021
458 1021
459 1021
460 1021
461 1021
462 1021
463 1021
464 1021
465 1021
466 1021
467 1021
468 1021
469 1021
470 1021
471 1021
472 1021
473 1021
474 1021
475 1021
476 1021
477 1021
478 1021
479 1021
480 1021
481 1021
482 1021
483 1021
484 1021
485 1021
486 1021
487 1021
488 1021
489 1021
490 1021
491 1021
492 1021
493 1021
494 1021
495 1021
496 1021
497 1021
498 1021
499 1021
500 1021
645 1021
809 1021
863 1021
13 1025
21 1025
27 1025
38 1025
40 1025
47 1025
49 1025
372 1025
431 1025
447 1025
448 1025
449 1025
450 1025
451 1025
452 1025
453 1025
454 1025
455 1025
456 1025
457 1025
458 1025
459 1025
460 1025
461 1025
462 1025
463 1025
464 1025
465 1025
466 1025
467 1025
468 1025
469 1025
470 1025
471 1025
472 1025
473 1025
474 1025
475 1025
476 1025
477 1025
478 1025
479 1025
480 1025
481 1025
482 1025
483 1025
484 1025
485 1025
486 1025
487 1025
488 1025
489 1025
490 1025
491 1025
492 1025
493 1025
494 1025
495 1025
496 1025
497 1025
498 1025
499 1025
500 1025
649 1025
813 1025
867 1025
34 1203
391 1203
668 1203
778 1203
832 1203
880 1203
881 1203
893 1203
894 1203
895 1203
896 1203
897 1203
898 1203
899 1203
900 1203
901 1203
902 1203
903 1203
904 1203
905 1203
906 1203
907 1203
908 1203
909 1203
910 1203
911 1203
912 1203
913 1203
914 1203
915 1203
916 1203
917 1203
918 1203
919 1203
920 1203
921 1203
922 1203
923 1203
924 1203
34 1234
422 1234
699 1234
801 1234
809 1234
863 1234
47 1238
426 1238
703 1238
805 1238
813 1238
867 1238
11 63
11 115
11 239
11 893
11 993
11 1206
63 115
63 893
63 1094
115 893
115 945
115 1105
239 291
239 1040
674 893
838 893
893 1112
893 1164
12 993
30 993
399 993
447 993
448 993
449 993
450 993
451 993
452 993
453 993
454 993
455 993
456 993
457 993
458 993
459 993
460 993
461 993
462 993
463 993
464 993
465 993
466 993
467 993
468 993
469 993
470 993
471 993
472 993
473 993
474 993
475 993
476 993
477 993
478 993
479 993
480 993
481 993
482 993
483 993
484 993
485 993
486 993
487 993
488 993
489 993
490 993
491 993
492 993
493 993
494 993
495 993
496 993
497 993
498 993
499 993
500 993
617 993
781 993
835 993
12 1206
30 1206
671 1206
781 1206
835 1206
1206 1254
1206 1255
12 64
12 116
12 240
12 894
12 995
12 1001
12 1212
64 116
64 894
64 1094
116 894
116 946
116 1106
240 292
240 1041
675 894
839 894
894 1113
894 1165
14 995
30 995
32 995
35 995
342 995
401 995
447 995
448 995
449 995
450 995
451 995
452 995
453 995
454 995
455 995
456 995
457 995
458 995
459 995
460 995
461 995
462 995
463 995
464 995
465 995
466 995
467 995
468 995
469 995
470 995
471 995
472 995
473 995
474 995
475 995
476 995
477 995
478 995
479 995
480 995
481 995
482 995
483 995
484 995
485 995
486 995
487 995
488 995
489 995
490 995
491 995
492 995
493 995
494 995
495 995
496 995
497 995
498 995
499 995
500 995
619 995
348 1001
407 1001
447 1001
448 1001
449 1001
450 1001
451 1001
452 1001
453 1001
454 1001
455 1001
456 1001
457 1001
458 1001
459 1001
460 1001
461 1001
462 1001
463 1001
464 1001
465 1001
466 1001
467 1001
468 1001
469 1001
470 1001
471 1001
472 1001
473 1001
474 1001
475 1001
476 1001
477 1001
478 1001
479 1001
480 1001
481 1001
482 1001
483 1001
484 1001
485 1001
486 1001
487 1001
488 1001
489 1001
490 1001
491 1001
492 1001
493 1001
494 1001
495 1001
496 1001
497 1001
498 1001
499 1001
500 1001
625 1001
30 1212
677 1212
775 1212
787 1212
841 1212
13 65
13 117
13 241
13 895
13 1031
65 117
65 895
65 1094
117 895
117 947
117 1107
241 293
241 1042
676 895
840 895
895 1114
895 1166
27 1031
37 1031
40 1031
41 1031
437 1031
491 1031
501 1031
655 1031
14 66
14 118
14 242
14 896
14 1022
14 1214
66 118
66 896
66 1094
118 896
118 948
118 1108
242 294
242 1043
677 896
841 896
896 1115
896 1167
30 1022
42 1022
369 1022
428 1022
447 1022
448 1022
449 1022
450 1022
451 1022
452 1022
453 1022
454 1022
455 1022
456 1022
457 1022
458 1022
459 1022
460 1022
461 1022
462 1022
463 1022
464 1022
465 1022
466 1022
467 1022
468 1022
469 1022
470 1022
471 1022
472 1022
473 1022
474 1022
475 1022
476 1022
477 1022
478 1022
479 1022
480 1022
481 1022
482 1022
483 1022
484 1022
485 1022
486 1022
487 1022
488 1022
489 1022
490 1022
491 1022
492 1022
493 1022
494 1022
495 1022
496 1022
497 1022
498 1022
499 1022
500 1022
646 1022
402 1214
679 1214
777 1214
15 67
15 119
15 243
15 897
15 1205
67 119
67 897
67 1094
119 897
119 949
119 1109
243 295
243 1044
678 897
842 897
897 1116
897 1168
393 1205
670 1205
780 1205
834 1205
1205 1253
1205 1255
16 68
16 120
16 244
16 898
16 1023
68 120
68 898
68 1094
120 898
120 950
120 1110
244 296
244 1045
679 898
843 898
898 1117
898 1169
17 1023
19 1023
25 1023
26 1023
27 1023
28 1023
36 1023
37 1023
46 1023
47 1023
370 1023
429 1023
447 1023
448 1023
449 1023
450 1023
451 1023
452 1023
453 1023
454 1023
455 1023
456 1023
457 1023
458 1023
459 1023
460 1023
461 1023
462 1023
463 1023
464 1023
465 1023
466 1023
467 1023
468 1023
469 1023
470 1023
471 1023
472 1023
473 1023
474 1023
475 1023
476 1023
477 1023
478 1023
479 1023
480 1023
481 1023
482 1023
483 1023
484 1023
485 1023
486 1023
487 1023
488 1023
489 1023
490 1023
491 1023
492 1023
493 1023
494 1023
495 1023
496 1023
497 1023
498 1023
499 1023
500 1023
647 1023
811 1023
865 1023
17 69
17 121
17 245
17 899
17 1028
69 121
69 899
69 1094
121 899
121 951
121 1111
245 297
245 1046
680 899
844 899
899 1118
899 1170
21 1028
22 1028
23 1028
24 1028
25 1028
26 1028
27 1028
28 1028
29 1028
41 1028
42 1028
45 1028
47 1028
375 1028
434 1028
447 1028
448 1028
449 1028
450 1028
451 1028
452 1028
453 1028
454 1028
455 1028
456 1028
457 1028
458 1028
459 1028
460 1028
461 1028
462 1028
463 1028
464 1028
465 1028
466 1028
467 1028
468 1028
469 1028
470 1028
471 1028
472 1028
473 1028
474 1028
475 1028
476 1028
477 1028
478 1028
479 1028
480 1028
481 1028
482 1028
483 1028
484 1028
485 1028
486 1028
487 1028
488 1028
489 1028
490 1028
491 1028
492 1028
493 1028
494 1028
495 1028
496 1028
497 1028
498 1028
499 1028
500 1028
652 1028
721 1028
816 1028
870 1028
18 70
18 122
18 246
18 900
70 122
70 900
70 1094
122 900
122 952
122 1112
246 298
246 1047
681 900
845 900
900 1119
900 1171
19 71
19 123
19 247
19 901
19 1219
71 123
71 901
71 1094
123 901
123 953
123 1113
247 299
247 1048
682 901
846 901
901 1120
901 1172
407 1219
684 1219
784 1219
20 72
20 124
20 248
20 902
72 124
72 902
72 1094
124 902
124 954
124 1114
248 300
248 1049
683 902
847 902
902 1121
902 1173
21 73
21 125
21 249
21 903
21 1027
21 1221
73 125
73 903
73 1094
125 903
125 955
125 1115
249 301
249 1040
684 903
848 903
903 1122
903 1174
40 1027
42 1027
374 1027
433 1027
447 1027
448 1027
449 1027
450 1027
451 1027
452 1027
453 1027
454 1027
455 1027
456 1027
457 1027
458 1027
459 1027
460 1027
461 1027
462 1027
463 1027
464 1027
465 1027
466 1027
467 1027
468 1027
469 1027
470 1027
471 1027
472 1027
473 1027
474 1027
475 1027
476 1027
477 1027
478 1027
479 1027
480 1027
481 1027
482 1027
483 1027
484 1027
485 1027
486 1027
487 1027
488 1027
489 1027
490 1027
491 1027
492 1027
493 1027
494 1027
495 1027
496 1027
497 1027
498 1027
499 1027
500 1027
651 1027
815 1027
869 1027
409 1221
686 1221
721 1221
786 1221
22 74
22 126
22 250
22 904
74 126
74 904
74 1094
126 904
126 956
126 1116
250 302
250 1041
685 904
849 904
904 1123
904 1175
23 75
23 127
23 251
23 905
23 1223
75 127
75 905
75 1094
127 905
127 957
127 1117
251 303
251 1042
686 905
850 905
905 1124
905 1176
43 1223
44 1223
411 1223
580 1223
688 1223
790 1223
798 1223
852 1223
24 76
24 128
24 252
24 906
24 1241
76 128
76 906
76 1094
128 906
128 958
128 1118
252 304
252 1043
687 906
851 906
906 1125
906 1177
41 1241
45 1241
47 1241
429 1241
706 1241
718 1241
719 1241
720 1241
721 1241
809 1241
816 1241
870 1241
25 77
25 129
25 253
25 907
25 1225
77 129
77 907
77 1094
129 907
129 959
129 1119
253 305
253 1044
688 907
852 907
907 1126
907 1178
690 1225
721 1225
792 1225
800 1225
854 1225
26 78
26 130
26 254
26 908
26 1226
78 130
78 908
78 1094
130 908
130 960
130 1120
254 306
254 1045
689 908
853 908
908 1127
908 1179
691 1226
793 1226
27 79
27 131
27 255
27 909
79 131
79 909
79 1094
131 909
131 961
131 1121
255 307
255 1046
690 909
854 909
909 1128
909 1180
28 80
28 132
28 256
28 910
28 1228
80 132
80 910
80 1094
132 910
132 962
132 1122
256 308
256 1047
691 910
855 910
910 1129
910 1181
416 1228
693 1228
795 1228
29 81
29 133
29 257
29 911
81 133
81 911
81 1094
133 911
133 963
133 1123
257 309
257 1048
692 911
856 911
911 1130
911 1182
30 82
30 134
30 258
30 912
30 998
30 1211
30 1230
82 134
82 912
82 1094
134 912
134 964
134 1124
258 310
258 1049
693 912
857 912
912 1131
912 1183
345 998
404 998
447 998
448 998
449 998
450 998
451 998
452 998
453 998
454 998
455 998
456 998
457 998
458 998
459 998
460 998
461 998
462 998
463 998
464 998
465 998
466 998
467 998
468 998
469 998
470 998
471 998
472 998
473 998
474 998
475 998
476 998
477 998
478 998
479 998
480 998
481 998
482 998
483 998
484 998
485 998
486 998
487 998
488 998
489 998
490 998
491 998
492 998
493 998
494 998
495 998
496 998
497 998
498 998
499 998
500 998
622 998
786 998
840 998
399 1211
676 1211
786 1211
840 1211
977 1211
985 1211
418 1230
695 1230
797 1230
805 1230
859 1230
31 83
31 135
31 259
31 913
83 135
83 913
83 1094
135 913
135 965
135 1125
259 311
259 1040
694 913
858 913
913 1132
913 1184
32 84
32 136
32 260
32 914
84 136
84 914
84 1094
136 914
136 966
136 1126
260 312
260 1041
695 914
859 914
914 1133
914 1185
33 85
33 137
33 261
33 915
85 137
85 915
85 1094
137 915
137 967
137 1127
261 313
261 1042
696 915
860 915
915 1134
915 1186
34 86
34 138
34 262
34 916
34 1026
86 138
86 916
86 1094
138 916
138 968
138 1128
262 314
262 1043
697 916
861 916
916 1135
916 1187
39 1026
373 1026
432 1026
447 1026
448 1026
449 1026
450 1026
451 1026
452 1026
453 1026
454 1026
455 1026
456 1026
457 1026
458 1026
459 1026
460 1026
461 1026
462 1026
463 1026
464 1026
465 1026
466 1026
467 1026
468 1026
469 1026
470 1026
471 1026
472 1026
473 1026
474 1026
475 1026
476 1026
477 1026
478 1026
479 1026
480 1026
481 1026
482 1026
483 1026
484 1026
485 1026
486 1026
487 1026
488 1026
489 1026
490 1026
491 1026
492 1026
493 1026
494 1026
495 1026
496 1026
497 1026
498 1026
499 1026
500 1026
650 1026
35 87
35 139
35 263
35 917
35 1235
87 139
87 917
87 1094
139 917
139 969
139 1129
263 315
263 1044
698 917
862 917
917 1136
917 1188
423 1235
700 1235
802 1235
36 88
36 140
36 264
36 918
88 140
88 918
88 1094
140 918
140 970
140 1130
264 316
264 1045
699 918
863 918
918 1137
918 1189
37 89
37 141
37 265
37 919
89 141
89 919
89 1094
141 919
141 971
141 1131
265 317
265 1046
700 919
864 919
919 1138
919 1190
38 90
38 142
38 266
38 920
90 142
90 920
90 1094
142 920
142 972
142 1132
266 318
266 1047
701 920
865 920
920 1139
920 1191
39 91
39 143
39 267
39 921
91 143
91 921
91 1094
143 921
143 973
143 1133
267 319
267 1048
702 921
866 921
921 1140
921 1192
40 92
40 144
40 268
40 922
40 1240
92 144
92 922
92 1094
144 922
144 974
144 1134
268 320
268 1049
703 922
867 922
922 1141
922 1193
428 1240
705 1240
808 1240
815 1240
869 1240
41 93
41 145
41 269
41 923
93 145
93 923
93 1094
145 923
145 975
145 1135
269 321
269 1040
704 923
868 923
923 1142
923 1194
42 94
42 146
42 270
42 924
94 146
94 924
94 1094
146 924
146 976
146 1136
270 322
270 1041
705 924
869 924
924 1150
43 95
43 147
43 271
43 925
43 1010
95 147
95 925
95 1094
147 925
147 977
147 1137
271 323
271 1042
706 925
722 925
870 925
925 1099
47 1010
416 1010
470 1010
634 1010
798 1010
852 1010
44 96
44 148
44 272
44 926
44 1039
96 148
96 926
96 1094
148 926
148 978
148 1138
272 324
272 1043
707 926
723 926
871 926
926 1100
445 1039
499 1039
663 1039
45 97
45 149
45 273
45 927
97 149
97 927
97 1094
149 927
149 979
149 1139
273 325
273 1044
708 927
724 927
872 927
927 1101
46 98
46 150
46 274
46 928
98 150
98 928
98 1094
150 928
150 980
150 1140
274 326
274 1045
709 928
725 928
873 928
928 1102
47 99
47 151
47 275
47 929
47 1000
47 1014
47 1030
47 1213
47 1227
99 151
99 929
99 1094
151 929
151 981
151 1141
275 327
275 1046
710 929
726 929
874 929
929 1103
347 1000
406 1000
460 1000
624 1000
788 1000
842 1000
49 1014
420 1014
474 1014
638 1014
802 1014
856 1014
49 1030
436 1030
447 1030
448 1030
449 1030
450 1030
451 1030
452 1030
453 1030
454 1030
455 1030
456 1030
457 1030
458 1030
459 1030
460 1030
461 1030
462 1030
463 1030
464 1030
465 1030
466 1030
467 1030
468 1030
469 1030
470 1030
471 1030
472 1030
473 1030
474 1030
475 1030
476 1030
477 1030
478 1030
479 1030
480 1030
481 1030
482 1030
483 1030
484 1030
485 1030
486 1030
487 1030
488 1030
489 1030
490 1030
491 1030
492 1030
493 1030
494 1030
495 1030
496 1030
497 1030
498 1030
499 1030
500 1030
654 1030
678 1213
776 1213
788 1213
842 1213
692 1227
794 1227
802 1227
856 1227
48 100
48 152
48 276
48 930
48 1216
100 152
100 930
100 1094
152 930
152 982
152 1142
276 328
276 1047
711 930
727 930
875 930
930 1104
404 1216
573 1216
681 1216
780 1216
791 1216
845 1216
49 101
49 153
49 277
49 931
101 153
153 931
153 983
153 1143
277 329
277 1048
712 931
728 931
876 931
931 1105
50 102
50 154
50 278
50 932
50 1250
102 154
102 932
154 932
154 984
154 1144
278 330
278 1049
729 932
877 932
932 1106
715 1250
818 1250
51 103
51 155
51 279
103 155
103 933
103 1094
155 985
155 1145
279 331
279 1040
52 104
52 156
52 280
104 156
104 934
104 1094
156 1146
280 332
280 1041
554 1094
827 1094
1094 1204
730 933
878 933
933 1107
731 934
879 934
934 1108
716 1095
828 1095
829 1095
830 1095
831 1095
832 1095
833 1095
834 1095
835 1095
977 1095
1095 1257
717 1096
836 1096
837 1096
838 1096
839 1096
840 1096
841 1096
842 1096
843 1096
844 1096
845 1096
846 1096
847 1096
848 1096
849 1096
850 1096
851 1096
852 1096
853 1096
854 1096
855 1096
856 1096
857 1096
858 1096
859 1096
860 1096
861 1096
862 1096
863 1096
864 1096
865 1096
866 1096
867 1096
868 1096
869 1096
977 1096
1096 1257
718 1097
870 1097
871 1097
879 1097
977 1097
1097 1257
719 1098
872 1098
873 1098
874 1098
875 1098
876 1098
877 1098
878 1098
880 1099
881 1100
740 943
943 1117
741 944
944 1118
742 945
945 1119
743 946
946 1120
744 947
947 1121
745 948
948 1122
746 949
949 1123
747 950
950 1124
748 951
951 1125
749 952
952 1126
750 953
953 1127
751 954
954 1128
752 955
955 1129
753 956
956 1130
754 957
957 1131
755 958
958 1132
756 959
959 1133
757 960
960 1134
758 961
961 1135
759 962
962 1136
760 963
963 1137
761 964
964 1138
762 965
965 1139
763 966
966 1140
764 967
967 1141
765 968
968 1142
766 969
969 1143
767 970
970 1144
768 971
971 1145
769 972
972 1146
770 973
973 1147
771 974
974 1148
772 975
975 1149
773 976
976 1150
722 977
723 977
724 977
725 977
726 977
727 977
728 977
729 977
730 977
731 977
732 977
733 977
734 977
735 977
736 977
737 977
738 977
739 977
740 977
741 977
742 977
743 977
744 977
745 977
746 977
747 977
748 977
749 977
750 977
751 977
752 977
753 977
754 977
755 977
756 977
757 977
758 977
759 977
760 977
761 977
762 977
763 977
764 977
765 977
766 978
767 979
768 980
769 981
770 982
771 983
772 984
985 1209
339 774
393 774
664 774
665 774
666 774
667 774
668 774
669 774
670 774
671 774
672 774
774 820
774 821
774 1041
340 775
394 775
664 775
665 775
666 775
667 775
668 775
669 775
670 775
671 775
672 775
775 820
775 821
775 1042
341 776
395 776
664 776
665 776
666 776
667 776
668 776
669 776
670 776
671 776
673 776
776 820
776 821
776 1043
288 777
342 777
396 777
664 777
665 777
666 777
667 777
668 777
669 777
670 777
671 777
672 777
673 777
777 820
777 821
777 1044
777 1256
289 778
343 778
397 778
664 778
665 778
666 778
667 778
668 778
669 778
670 778
671 778
673 778
696 778
778 820
778 821
778 1045
778 1256
344 779
398 779
664 779
665 779
666 779
667 779
668 779
669 779
670 779
671 779
779 1046
779 1215
291 780
345 780
399 780
664 780
665 780
666 780
667 780
668 780
669 780
670 780
671 780
673 780
678 780
696 780
697 780
780 820
780 821
780 1047
780 1256
346 781
400 781
664 781
665 781
666 781
667 781
668 781
669 781
670 781
671 781
674 781
675 781
693 781
781 820
781 821
781 1048
293 782
347 782
401 782
664 782
665 782
666 782
667 782
668 782
669 782
670 782
671 782
672 782
695 782
696 782
697 782
705 782
782 820
782 821
782 1049
782 1217
782 1256
294 783
348 783
402 783
664 783
665 783
666 783
667 783
668 783
669 783
670 783
671 783
675 783
677 783
693 783
695 783
698 783
783 820
783 821
783 1050
783 1218
783 1256
828 1151
880 1151
829 1152
881 1152
830 1153
831 1154
832 1155
833 1156
834 1157
835 1158
836 1159
837 1160
838 1161
839 1162
840 1163
841 1164
842 1165
843 1166
844 1167
845 1168
846 1169
847 1170
848 1171
849 1172
850 1173
851 1174
852 1175
853 1176
854 1177
855 1178
856 1179
857 1180
858 1181
859 1182
860 1183
861 1184
862 1185
863 1186
864 1187
865 1188
866 1189
867 1190
868 1191
869 1192
870 1193
871 1194
872 1195
873 1196
874 1197
875 1198
446 1040
500 1040
610 1040
501 1041
611 1041
1041 1254
281 1042
502 1042
612 1042
1042 1254
282 1043
503 1043
613 1043
1043 1254
283 1044
504 1044
614 1044
1044 1254
284 1045
505 1045
615 1045
1045 1254
285 1046
506 1046
616 1046
286 1047
507 1047
617 1047
1047 1254
287 1048
508 1048
618 1048
1048 1254
288 1049
509 1049
619 1049
1049 1254
281 718
281 722
281 723
281 724
281 725
281 726
281 727
281 728
281 729
282 719
282 730
282 731
282 732
282 733
282 734
282 735
282 736
282 737
282 738
282 739
282 740
282 741
282 742
282 743
282 744
282 745
282 746
282 747
282 748
282 749
282 750
282 751
282 752
282 753
282 754
282 755
282 756
282 757
282 758
282 759
282 760
282 761
282 762
282 763
283 720
283 764
283 765
284 721
284 766
284 767
284 768
284 769
284 770
285 333
285 441
286 334
286 442
287 335
287 443
288 336
288 444
288 831
289 337
289 445
289 832
289 1050
290 338
290 446
290 1051
291 339
291 447
291 834
291 1052
292 340
292 448
292 1053
293 341
293 449
293 836
293 1054
294 342
294 450
294 837
294 1055
295 343
295 451
295 784
295 838
295 1056
296 344
296 452
296 785
296 839
296 1057
297 345
297 453
297 786
297 840
297 1058
298 346
298 454
298 1059
299 347
299 455
299 1060
300 348
300 456
300 789
300 843
300 1061
301 349
301 457
301 790
301 844
301 1062
302 350
302 458
302 791
302 845
302 1063
303 351
303 459
303 792
303 846
303 1064
304 352
304 460
304 793
304 847
304 1065
305 353
305 461
305 794
305 848
305 1066
306 354
306 462
306 795
306 849
306 1067
307 355
307 463
307 796
307 850
307 1068
308 356
308 464
308 1069
309 357
309 465
309 798
309 852
309 1070
310 358
310 466
310 799
310 853
310 1071
311 359
311 467
311 1072
312 360
312 468
312 1073
313 361
313 469
313 1074
314 362
314 470
314 803
314 857
314 1075
315 363
315 471
315 804
315 858
315 1076
316 364
316 472
316 805
316 859
316 1077
317 365
317 473
317 806
317 860
317 1078
318 366
318 474
318 807
318 861
318 1079
319 367
319 475
319 808
319 862
319 1080
320 368
320 476
320 809
320 863
320 1081
321 369
321 477
321 810
321 864
321 1082
322 370
322 478
322 811
322 865
322 1083
323 371
323 479
323 1084
324 372
324 480
324 813
324 867
324 1085
325 373
325 481
325 1086
326 374
326 482
326 815
326 869
326 1087
327 375
327 483
327 816
327 870
327 1088
328 376
328 484
328 817
328 871
328 1089
329 377
329 485
329 1090
330 378
330 486
330 1091
331 379
331 487
331 1092
332 380
332 488
332 1093
718 799
718 820
718 821
718 822
718 853
718 870
718 1011
718 1034
718 1224
722 830
723 831
724 832
725 833
726 834
727 835
728 836
729 837
719 797
719 799
719 800
719 801
719 816
719 820
719 821
719 822
719 850
719 851
719 853
719 854
719 870
719 871
719 1011
719 1034
719 1224
730 838
731 839
732 840
733 841
734 842
735 843
736 844
737 845
738 846
739 847
740 848
741 849
742 850
743 851
744 852
745 853
746 854
747 855
748 856
749 857
750 858
751 859
752 860
753 861
754 862
755 863
756 864
757 865
758 866
759 867
760 868
761 869
762 870
763 871
720 828
720 1011
720 1034
720 1224
764 872
765 873
721 829
721 1009
721 1011
721 1012
721 1013
721 1034
721 1222
721 1224
766 874
767 875
768 876
769 877
770 878
333 381
333 489
339 441
441 447
441 822
334 382
334 490
340 442
442 448
442 823
442 1036
335 383
335 491
341 443
443 449
443 824
443 1037
336 384
336 492
342 444
444 450
444 825
444 1038
342 831
396 831
664 831
665 831
666 831
667 831
668 831
669 831
670 831
671 831
673 831
831 1256
337 385
337 493
343 445
445 451
445 826
343 832
397 832
673 832
697 832
832 1256
510 1050
620 1050
1050 1254
338 386
338 494
344 446
446 452
446 827
511 1051
621 1051
784 1051
1051 1254
339 387
339 828
345 447
447 453
447 997
447 1002
447 1004
447 1005
447 1006
447 1007
447 1008
447 1009
447 1011
447 1012
447 1019
447 1034
447 1036
447 1037
447 1210
345 834
399 834
678 834
834 1256
512 1052
622 1052
785 1052
1052 1254
340 388
340 829
346 448
448 454
448 997
448 1002
448 1004
448 1005
448 1006
448 1007
448 1008
448 1009
448 1011
448 1012
448 1019
448 1034
448 1036
448 1037
448 1210
513 1053
623 1053
786 1053
1053 1254
341 389
341 830
347 449
449 455
449 997
449 1002
449 1004
449 1005
449 1006
449 1007
449 1008
449 1009
449 1011
449 1012
449 1019
449 1034
449 1036
449 1037
449 1210
347 836
401 836
836 1256
514 1054
624 1054
787 1054
1054 1254
342 390
348 450
450 456
450 997
450 1002
450 1004
450 1005
450 1006
450 1007
450 1008
450 1009
450 1011
450 1012
450 1019
450 1034
450 1036
450 1037
450 1210
348 837
402 837
837 1256
515 1055
625 1055
788 1055
1055 1254
343 391
349 451
451 457
451 997
451 1002
451 1004
451 1005
451 1006
451 1007
451 1008
451 1009
451 1011
451 1012
451 1019
451 1034
451 1036
451 1037
451 1210
349 784
403 784
664 784
665 784
666 784
667 784
668 784
669 784
670 784
671 784
672 784
696 784
699 784
705 784
784 820
784 821
784 1256
349 838
403 838
838 1256
516 1056
626 1056
789 1056
1056 1254
344 392
344 833
344 997
350 452
452 458
452 997
452 1002
452 1004
452 1005
452 1006
452 1007
452 1008
452 1009
452 1011
452 1012
452 1019
452 1034
452 1036
452 1037
452 1210
350 785
404 785
673 785
785 820
785 821
785 1220
785 1256
350 839
404 839
839 1256
517 1057
627 1057
790 1057
1057 1254
345 393
351 453
453 459
453 997
453 1002
453 1004
453 1005
453 1006
453 1007
453 1008
453 1009
453 1011
453 1012
453 1019
453 1034
453 1036
453 1037
453 1210
351 786
405 786
674 786
693 786
786 820
786 821
786 1256
351 840
405 840
693 840
840 1256
518 1058
628 1058
791 1058
1058 1254
346 394
346 835
352 454
454 460
454 997
454 1002
454 1004
454 1005
454 1006
454 1007
454 1008
454 1009
454 1011
454 1012
454 1019
454 1034
454 1036
454 1037
454 1210
519 1059
629 1059
792 1059
1059 1254
347 395
353 455
455 461
455 997
455 1002
455 1004
455 1005
455 1006
455 1007
455 1008
455 1009
455 1011
455 1012
455 1019
455 1034
455 1036
455 1037
455 1210
520 1060
630 1060
793 1060
1060 1254
348 396
354 456
456 462
456 997
456 1002
456 1004
456 1005
456 1006
456 1007
456 1008
456 1009
456 1011
456 1012
456 1019
456 1034
456 1036
456 1037
456 1210
354 789
408 789
675 789
677 789
789 820
789 821
789 1256
354 843
408 843
677 843
843 1256
521 1061
631 1061
794 1061
1061 1254
349 397
349 1002
355 457
457 463
457 997
457 1002
457 1004
457 1005
457 1006
457 1007
457 1008
457 1009
457 1011
457 1012
457 1019
457 1034
457 1036
457 1037
457 1210
355 790
409 790
678 790
790 820
790 821
790 1256
355 844
409 844
844 1256
522 1062
632 1062
795 1062
1062 1254
350 398
356 458
458 464
458 997
458 1002
458 1004
458 1005
458 1006
458 1007
458 1008
458 1009
458 1011
458 1012
458 1019
458 1034
458 1036
458 1037
458 1210
356 791
410 791
664 791
665 791
666 791
667 791
668 791
669 791
670 791
671 791
679 791
681 791
696 791
705 791
709 791
711 791
791 820
791 821
791 1224
791 1256
356 845
410 845
711 845
845 1256
523 1063
633 1063
796 1063
1063 1254
351 399
351 1004
357 459
459 465
459 997
459 1002
459 1004
459 1005
459 1006
459 1007
459 1008
459 1009
459 1011
459 1012
459 1019
459 1034
459 1036
459 1037
459 1210
357 792
411 792
680 792
792 820
792 821
792 1256
357 846
411 846
846 1256
524 1064
634 1064
797 1064
352 400
352 787
352 841
352 1005
358 460
460 466
460 997
460 1002
460 1004
460 1005
460 1006
460 1007
460 1008
460 1009
460 1011
460 1012
460 1019
460 1034
460 1036
460 1037
460 1210
358 793
412 793
681 793
793 820
793 821
793 1256
358 847
412 847
847 1256
525 1065
635 1065
798 1065
1065 1254
353 401
353 788
353 842
353 1006
359 461
461 467
461 997
461 1002
461 1004
461 1005
461 1006
461 1007
461 1008
461 1009
461 1011
461 1012
461 1019
461 1034
461 1036
461 1037
461 1210
359 794
413 794
682 794
794 820
794 821
794 1256
359 848
413 848
682 848
848 1256
526 1066
636 1066
799 1066
1066 1254
354 402
354 1007
360 462
462 468
462 997
462 1002
462 1004
462 1005
462 1006
462 1007
462 1008
462 1009
462 1011
462 1012
462 1019
462 1034
462 1036
462 1037
462 1210
360 795
414 795
683 795
795 821
795 1256
360 849
414 849
849 1256
527 1067
637 1067
800 1067
1067 1254
355 403
355 1008
361 463
463 469
463 997
463 1002
463 1004
463 1005
463 1006
463 1007
463 1008
463 1009
463 1011
463 1012
463 1019
463 1034
463 1036
463 1037
463 1210
361 796
415 796
684 796
796 820
796 821
796 1256
361 850
415 850
684 850
850 1256
528 1068
638 1068
801 1068
1068 1254
356 404
362 464
464 470
464 997
464 1002
464 1004
464 1005
464 1006
464 1007
464 1008
464 1009
464 1011
464 1012
464 1019
464 1034
464 1036
464 1037
464 1210
529 1069
639 1069
802 1069
1069 1254
357 405
363 465
465 471
465 997
465 1002
465 1004
465 1005
465 1006
465 1007
465 1008
465 1009
465 1011
465 1012
465 1019
465 1034
465 1036
465 1037
465 1210
686 798
706 798
710 798
798 820
798 821
417 852
686 852
706 852
707 852
852 1256
530 1070
640 1070
803 1070
1070 1254
358 406
358 1011
364 466
466 472
466 997
466 1002
466 1004
466 1005
466 1006
466 1007
466 1008
466 1009
466 1011
466 1012
466 1019
466 1034
466 1036
466 1037
466 1210
364 799
418 799
687 799
716 799
717 799
799 820
799 821
799 1011
799 1224
799 1232
799 1256
364 853
418 853
716 853
717 853
853 1011
853 1224
853 1256
531 1071
641 1071
804 1071
1071 1254
359 407
365 467
467 473
467 997
467 1002
467 1004
467 1005
467 1006
467 1007
467 1008
467 1009
467 1011
467 1012
467 1019
467 1034
467 1036
467 1037
467 1210
532 1072
642 1072
805 1072
1072 1254
360 408
366 468
468 474
468 997
468 1002
468 1004
468 1005
468 1006
468 1007
468 1008
468 1009
468 1011
468 1012
468 1019
468 1034
468 1036
468 1037
468 1210
533 1073
643 1073
806 1073
1073 1254
361 409
367 469
469 475
469 997
469 1002
469 1004
469 1005
469 1006
469 1007
469 1008
469 1009
469 1011
469 1012
469 1019
469 1034
469 1036
469 1037
469 1210
534 1074
644 1074
807 1074
1074 1254
362 410
362 797
362 851
362 1015
368 470
470 476
470 997
470 1002
470 1004
470 1005
470 1006
470 1007
470 1008
470 1009
470 1011
470 1012
470 1019
470 1034
470 1036
470 1037
470 1210
368 803
422 803
691 803
803 820
803 821
803 1256
368 857
422 857
691 857
857 1256
535 1075
645 1075
808 1075
1075 1254
363 411
369 471
471 477
471 997
471 1002
471 1004
471 1005
471 1006
471 1007
471 1008
471 1009
471 1011
471 1012
471 1019
471 1034
471 1036
471 1037
471 1210
369 804
423 804
664 804
665 804
666 804
667 804
668 804
669 804
670 804
671 804
672 804
674 804
675 804
677 804
679 804
681 804
683 804
692 804
693 804
704 804
705 804
710 804
712 804
804 820
804 821
804 1256
369 858
423 858
664 858
665 858
666 858
667 858
668 858
669 858
670 858
671 858
679 858
691 858
692 858
710 858
858 1256
536 1076
646 1076
809 1076
1076 1254
364 412
370 472
472 478
472 997
472 1002
472 1004
472 1005
472 1006
472 1007
472 1008
472 1009
472 1011
472 1012
472 1019
472 1034
472 1036
472 1037
472 1210
370 805
424 805
664 805
665 805
666 805
667 805
668 805
669 805
670 805
671 805
672 805
674 805
677 805
680 805
681 805
682 805
687 805
688 805
689 805
690 805
691 805
692 805
693 805
694 805
695 805
696 805
698 805
699 805
705 805
707 805
708 805
709 805
710 805
711 805
712 805
805 820
805 821
805 1256
370 859
424 859
693 859
859 1256
537 1077
647 1077
810 1077
1077 1254
365 413
365 800
365 854
371 473
473 479
473 997
473 1002
473 1004
473 1005
473 1006
473 1007
473 1008
473 1009
473 1011
473 1012
473 1013
473 1019
473 1034
473 1036
473 1037
473 1210
371 806
425 806
664 806
665 806
666 806
667 806
668 806
669 806
670 806
671 806
672 806
689 806
694 806
705 806
709 806
710 806
806 820
806 821
806 1239
806 1256
371 860
425 860
664 860
665 860
666 860
667 860
668 860
669 860
670 860
671 860
672 860
687 860
693 860
694 860
710 860
716 860
860 1256
538 1078
648 1078
811 1078
1078 1254
366 414
366 801
366 855
366 1019
372 474
474 480
474 997
474 1002
474 1004
474 1005
474 1006
474 1007
474 1008
474 1009
474 1011
474 1012
474 1019
474 1034
474 1036
474 1037
474 1210
372 807
426 807
695 807
807 820
807 821
807 1256
372 861
426 861
861 1256
539 1079
649 1079
812 1079
1079 1254
367 415
367 802
367 856
373 475
475 481
475 997
475 1002
475 1004
475 1005
475 1006
475 1007
475 1008
475 1009
475 1011
475 1012
475 1015
475 1019
475 1034
475 1036
475 1037
475 1210
373 808
427 808
672 808
696 808
697 808
705 808
808 820
808 821
808 1256
373 862
427 862
862 1256
540 1080
650 1080
813 1080
1080 1254
368 416
374 476
476 482
476 997
476 1002
476 1004
476 1005
476 1006
476 1007
476 1008
476 1009
476 1011
476 1012
476 1019
476 1034
476 1036
476 1037
476 1210
374 809
428 809
673 809
678 809
692 809
695 809
696 809
697 809
705 809
809 820
809 821
809 1256
374 863
428 863
673 863
697 863
863 1256
541 1081
651 1081
814 1081
369 417
375 477
477 483
477 997
477 1002
477 1004
477 1005
477 1006
477 1007
477 1008
477 1009
477 1011
477 1012
477 1019
477 1034
477 1036
477 1037
477 1210
375 810
429 810
677 810
693 810
698 810
705 810
810 820
810 821
810 1256
375 864
429 864
698 864
864 1256
542 1082
652 1082
815 1082
1082 1254
370 418
376 478
478 484
478 997
478 1002
478 1004
478 1005
478 1006
478 1007
478 1008
478 1009
478 1011
478 1012
478 1019
478 1034
478 1036
478 1037
478 1210
376 811
430 811
679 811
680 811
682 811
688 811
689 811
690 811
691 811
699 811
700 811
709 811
710 811
811 820
811 821
811 1243
811 1256
376 865
430 865
664 865
665 865
666 865
667 865
668 865
669 865
670 865
671 865
673 865
679 865
691 865
692 865
693 865
699 865
709 865
710 865
711 865
865 1256
543 1083
653 1083
816 1083
1083 1254
371 419
377 479
479 485
479 997
479 1002
479 1004
479 1005
479 1006
479 1007
479 1008
479 1009
479 1011
479 1012
479 1019
479 1034
479 1036
479 1037
479 1210
544 1084
654 1084
817 1084
1084 1254
372 420
378 480
480 486
480 997
480 1002
480 1004
480 1005
480 1006
480 1007
480 1008
480 1009
480 1011
480 1012
480 1019
480 1034
480 1036
480 1037
480 1210
378 813
432 813
673 813
676 813
684 813
690 813
701 813
703 813
710 813
712 813
813 820
813 821
813 1245
813 1256
378 867
432 867
673 867
710 867
867 1256
545 1085
655 1085
818 1085
373 421
379 481
481 487
481 997
481 1002
481 1004
481 1005
481 1006
481 1007
481 1008
481 1009
481 1011
481 1012
481 1019
481 1034
481 1036
481 1037
481 1210
546 1086
656 1086
819 1086
1086 1254
374 422
380 482
482 488
482 997
482 1002
482 1004
482 1005
482 1006
482 1007
482 1008
482 1009
482 1011
482 1012
482 1019
482 1034
482 1036
482 1037
482 1210
380 815
434 815
684 815
703 815
705 815
815 820
815 821
815 1247
815 1256
380 869
434 869
703 869
869 1256
547 1087
657 1087
820 1087
375 423
381 483
483 489
483 997
483 1002
483 1004
483 1005
483 1006
483 1007
483 1008
483 1009
483 1011
483 1012
483 1019
483 1034
483 1036
483 1037
483 1210
381 816
435 816
680 816
684 816
685 816
686 816
687 816
688 816
689 816
690 816
691 816
692 816
704 816
705 816
708 816
710 816
816 820
816 821
816 1248
816 1256
381 870
435 870
687 870
704 870
708 870
710 870
716 870
717 870
870 1256
548 1088
658 1088
821 1088
376 424
382 484
484 490
484 997
484 1002
484 1004
484 1005
484 1006
484 1007
484 1008
484 1009
484 1011
484 1012
484 1019
484 1034
484 1036
484 1037
484 1210
382 817
436 817
664 817
665 817
666 817
667 817
668 817
669 817
670 817
671 817
672 817
676 817
677 817
678 817
679 817
684 817
687 817
688 817
689 817
690 817
692 817
694 817
695 817
699 817
700 817
701 817
703 817
704 817
705 817
706 817
708 817
710 817
817 820
817 821
817 1249
817 1256
382 871
436 871
664 871
665 871
666 871
667 871
668 871
669 871
670 871
671 871
672 871
679 871
705 871
708 871
716 871
717 871
871 1256
549 1089
659 1089
822 1089
377 425
377 812
377 866
383 485
485 491
485 997
485 1002
485 1004
485 1005
485 1006
485 1007
485 1008
485 1009
485 1011
485 1012
485 1019
485 1034
485 1036
485 1037
485 1210
550 1090
660 1090
823 1090
378 426
384 486
486 492
486 997
486 1002
486 1004
486 1005
486 1006
486 1007
486 1008
486 1009
486 1011
486 1012
486 1019
486 1034
486 1036
486 1037
486 1210
551 1091
661 1091
824 1091
379 427
379 814
379 868
385 487
487 493
487 997
487 1002
487 1004
487 1005
487 1006
487 1007
487 1008
487 1009
487 1011
487 1012
487 1019
487 1034
487 1036
487 1037
487 1210
552 1092
662 1092
825 1092
1092 1254
380 428
386 488
488 494
488 997
488 1002
488 1004
488 1005
488 1006
488 1007
488 1008
488 1009
488 1011
488 1012
488 1019
488 1034
488 1036
488 1037
488 1210
553 1093
663 1093
826 1093
381 429
387 489
489 495
489 997
489 1002
489 1004
489 1005
489 1006
489 1007
489 1008
489 1009
489 1011
489 1012
489 1019
489 1034
489 1036
489 1037
489 1210
382 430
388 490
490 496
490 997
490 1002
490 1004
490 1005
490 1006
490 1007
490 1008
490 1009
490 1011
490 1012
490 1019
490 1034
490 1036
490 1037
490 1210
383 431
383 818
383 872
383 1036
389 491
491 497
491 997
491 1002
491 1004
491 1005
491 1006
491 1007
491 1008
491 1009
491 1011
491 1012
491 1019
491 1034
491 1036
491 1037
491 1210
384 432
384 819
384 873
390 492
492 498
492 997
492 1002
492 1004
492 1005
492 1006
492 1007
492 1008
492 1009
492 1011
492 1012
492 1019
492 1034
492 1036
492 1037
492 1210
385 433
385 820
385 874
391 493
493 499
493 997
493 1002
493 1004
493 1005
493 1006
493 1007
493 1008
493 1009
493 1011
493 1012
493 1019
493 1034
493 1036
493 1037
493 1210
386 434
386 821
386 875
392 494
494 500
494 997
494 1002
494 1004
494 1005
494 1006
494 1007
494 1008
494 1009
494 1011
494 1012
494 1019
494 1034
494 1036
494 1037
494 1210
387 435
387 822
387 876
672 828
388 436
388 823
388 877
664 829
665 829
666 829
667 829
668 829
669 829
670 829
671 829
389 437
389 824
389 878
664 830
665 830
666 830
667 830
668 830
669 830
670 830
671 830
390 438
390 825
390 879
391 439
391 826
391 880
392 440
392 827
392 881
392 1204
403 997
495 997
496 997
497 997
498 997
499 997
500 997
621 997
674 835
675 835
693 835
395 1207
396 1208
397 1209
408 1002
495 1002
496 1002
497 1002
498 1002
499 1002
500 1002
626 1002
398 1210
410 1004
495 1004
496 1004
497 1004
498 1004
499 1004
500 1004
628 1004
406 787
664 787
665 787
666 787
667 787
668 787
669 787
670 787
671 787
674 787
675 787
677 787
688 787
691 787
692 787
693 787
698 787
787 820
787 821
675 841
693 841
411 1005
495 1005
496 1005
497 1005
498 1005
499 1005
500 1005
629 1005
407 788
676 788
710 788
788 820
788 821
788 1222
788 1256
710 842
412 1006
495 1006
496 1006
497 1006
498 1006
499 1006
500 1006
630 1006
413 1007
495 1007
496 1007
497 1007
498 1007
499 1007
500 1007
631 1007
403 1215
414 1008
495 1008
496 1008
497 1008
498 1008
499 1008
500 1008
632 1008
405 1217
406 1218
417 1011
495 1011
496 1011
497 1011
498 1011
499 1011
500 1011
635 1011
408 1220
416 797
685 797
797 1009
797 1222
851 1009
851 1222
421 1015
639 1015
412 1224
419 800
688 800
800 820
800 821
800 1012
800 1233
688 854
854 1012
420 801
689 801
801 820
801 821
689 855
425 1019
495 1019
496 1019
497 1019
498 1019
499 1019
500 1019
535 1019
643 1019
415 1009
421 802
690 802
710 802
712 802
802 820
802 821
710 856
418 1012
419 1013
420 1232
421 1233
431 812
672 812
673 812
674 812
675 812
676 812
677 812
678 812
679 812
680 812
682 812
683 812
686 812
687 812
688 812
689 812
690 812
691 812
692 812
693 812
694 812
695 812
696 812
697 812
698 812
699 812
700 812
701 812
702 812
704 812
705 812
706 812
707 812
708 812
812 820
812 821
812 1244
812 1256
672 866
673 866
674 866
675 866
676 866
677 866
678 866
679 866
680 866
682 866
683 866
686 866
687 866
688 866
689 866
690 866
691 866
692 866
693 866
694 866
695 866
696 866
697 866
698 866
699 866
700 866
701 866
702 866
704 866
705 866
706 866
707 866
708 866
427 1239
433 814
697 814
702 814
814 1246
814 1256
431 1243
437 818
706 818
710 818
712 818
495 1036
496 1036
497 1036
498 1036
499 1036
500 1036
660 1036
432 1244
438 819
676 819
690 819
700 819
703 819
704 819
707 819
819 820
819 821
433 1245
439 820
664 820
665 820
666 820
667 820
668 820
669 820
670 820
671 820
672 820
673 820
674 820
675 820
676 820
677 820
678 820
679 820
680 820
681 820
682 820
683 820
684 820
685 820
686 820
687 820
688 820
689 820
690 820
691 820
692 820
693 820
694 820
695 820
696 820
697 820
698 820
699 820
700 820
701 820
702 820
703 820
704 820
705 820
706 820
707 820
708 820
709 820
710 820
711 820
712 820
713 820
716 820
717 820
820 1251
820 1256
434 1246
440 821
664 821
665 821
666 821
667 821
668 821
669 821
670 821
671 821
672 821
673 821
674 821
675 821
676 821
677 821
678 821
679 821
680 821
681 821
682 821
683 821
684 821
685 821
686 821
687 821
688 821
689 821
690 821
691 821
692 821
693 821
694 821
695 821
696 821
697 821
698 821
699 821
700 821
701 821
702 821
703 821
704 821
705 821
706 821
707 821
708 821
709 821
710 821
711 821
712 821
713 821
716 821
717 821
821 1252
821 1256
435 1247
710 822
716 822
717 822
822 1253
436 1248
664 823
665 823
666 823
667 823
668 823
669 823
670 823
671 823
672 823
673 823
674 823
675 823
676 823
677 823
678 823
679 823
680 823
681 823
682 823
683 823
684 823
685 823
686 823
687 823
688 823
689 823
690 823
691 823
692 823
693 823
694 823
695 823
696 823
697 823
698 823
699 823
700 823
701 823
702 823
703 823
704 823
705 823
706 823
707 823
708 823
709 823
710 823
711 823
712 823
823 1254
823 1256
437 1249
712 824
824 1255
824 1256
713 825
825 1256
713 879
771 879
439 1251
714 826
826 1257
772 880
440 1034
440 1252
707 827
715 827
827 1258
773 881
669 1204
672 1207
1207 1255
663 1208
673 1208
1208 1256
1208 1258
674 1209
1209 1257
495 1210
496 1210
497 1210
498 1210
499 1210
500 1210
663 1210
675 1210
680 1215
682 1217
683 1218
685 1220
689 1224
495 1009
496 1009
497 1009
498 1009
499 1009
500 1009
633 1009
495 1012
496 1012
497 1012
498 1012
499 1012
500 1012
636 1012
637 1013
697 1232
698 1233
704 1239
708 1243
709 1244
710 1245
711 1246
712 1247
713 1248
714 1249
716 1251
495 1034
496 1034
497 1034
498 1034
499 1034
500 1034
658 1034
717 1252
495 1037
496 1037
497 1037
498 1037
499 1037
500 1037
661 1037
498 1038
554 1038
662 1038
495 501
495 1254
496 505
496 1254
497 508
497 1254
498 514
498 1254
499 516
499 1254
500 534
500 1254
501 546
501 1254
505 558
508 561
514 567
516 569
534 587
546 599
502 555
555 608
503 556
556 609
504 557
557 610
558 611
506 559
559 612
507 560
560 613
561 614
509 562
562 615
510 563
563 616
511 564
564 617
512 565
565 618
513 566
566 619
567 620
515 568
568 621
569 622
517 570
570 623
518 571
571 624
519 572
572 625
520 573
573 626
521 574
574 627
522 575
575 628
523 576
576 629
524 577
577 630
525 578
578 631
526 579
579 632
527 580
580 633
528 581
581 634
529 582
582 635
530 583
583 636
531 584
584 637
532 585
585 638
533 586
586 639
587 640
535 588
588 641
536 589
589 642
537 590
590 643
538 591
591 644
539 592
592 645
540 593
593 646
541 594
594 647
542 595
595 648
543 596
596 649
544 597
597 650
545 598
598 651
599 652
547 600
600 653
548 601
601 654
549 602
602 655
550 603
603 656
551 604
604 657
552 605
605 658
553 606
606 659
554 607
607 660
608 661
609 662
664 1253
665 1253
666 1253
667 1253
668 1253
670 1253
671 1253
672 1253
673 1253
674 1253
675 1253
676 1253
677 1253
678 1253
679 1253
680 1253
681 1253
682 1253
683 1253
684 1253
685 1253
686 1253
687 1253
688 1253
689 1253
690 1253
691 1253
692 1253
693 1253
694 1253
695 1253
696 1253
697 1253
698 1253
699 1253
700 1253
701 1253
702 1253
703 1253
705 1253
706 1253
707 1253
715 1253
687 1222
