1 157
1 224
1 624
1 1171
1 1240
13 157
24 157
137 157
157 242
157 349
157 483
157 513
157 554
157 577
157 683
157 814
157 943
157 1094
157 1095
157 1098
157 1137
12 224
14 224
24 224
64 224
89 224
122 224
127 224
140 224
169 224
224 354
224 417
224 422
224 437
224 508
224 518
224 521
224 554
224 587
224 599
224 659
224 683
224 705
224 789
224 818
224 865
224 889
224 893
224 946
224 952
224 962
224 992
224 996
224 1020
224 1050
224 1058
224 1065
224 1110
224 1127
224 1156
224 1163
224 1186
224 1203
224 1216
7 624
13 624
19 624
24 624
39 624
46 624
81 624
85 624
99 624
100 624
103 624
132 624
135 624
156 624
204 624
236 624
289 624
294 624
321 624
342 624
369 624
407 624
414 624
428 624
429 624
434 624
450 624
452 624
453 624
460 624
471 624
489 624
510 624
533 624
538 624
546 624
549 624
571 624
619 624
624 659
624 661
624 681
624 714
624 731
624 736
624 744
624 788
624 823
624 857
624 894
624 941
624 948
624 956
624 960
624 991
624 1001
624 1010
624 1018
624 1023
624 1032
624 1055
624 1060
624 1073
624 1083
624 1090
624 1133
624 1138
624 1149
624 1151
624 1165
624 1184
624 1202
624 1206
624 1212
624 1240
14 1171
20 1171
24 1171
83 1171
99 1171
121 1171
124 1171
127 1171
136 1171
138 1171
153 1171
217 1171
223 1171
236 1171
345 1171
504 1171
514 1171
537 1171
554 1171
683 1171
744 1171
790 1171
791 1171
792 1171
836 1171
889 1171
959 1171
973 1171
980 1171
983 1171
992 1171
995 1171
1009 1171
1039 1171
1163 1171
1171 1240
1171 1258
1171 1264
13 1240
18 1240
35 1240
49 1240
85 1240
88 1240
94 1240
108 1240
137 1240
142 1240
150 1240
153 1240
163 1240
167 1240
174 1240
182 1240
189 1240
223 1240
234 1240
236 1240
247 1240
282 1240
321 1240
336 1240
372 1240
373 1240
376 1240
378 1240
400 1240
407 1240
412 1240
427 1240
437 1240
443 1240
447 1240
460 1240
480 1240
483 1240
500 1240
513 1240
543 1240
551 1240
554 1240
560 1240
568 1240
591 1240
612 1240
614 1240
618 1240
637 1240
647 1240
656 1240
680 1240
683 1240
689 1240
744 1240
756 1240
771 1240
795 1240
807 1240
811 1240
870 1240
871 1240
879 1240
881 1240
884 1240
893 1240
897 1240
907 1240
909 1240
918 1240
930 1240
952 1240
973 1240
978 1240
994 1240
1004 1240
1009 1240
1011 1240
1013 1240
1016 1240
1049 1240
1058 1240
1063 1240
1068 1240
1073 1240
1076 1240
1079 1240
1106 1240
1151 1240
1161 1240
1170 1240
1176 1240
1214 1240
1217 1240
1224 1240
1240 1242
1240 1250
1240 1253
1240 1263
2 3
2 30
2 44
2 271
2 423
2 652
3 53
3 85
3 125
3 169
3 205
3 216
3 236
3 301
3 321
3 451
3 554
3 564
3 702
3 941
3 948
3 986
3 996
3 997
3 1058
3 1079
3 1096
3 1097
3 1208
24 30
30 88
30 103
30 115
30 121
30 123
30 127
30 137
30 138
30 156
30 262
30 275
30 301
30 302
30 343
30 358
30 376
30 386
30 412
30 430
30 448
30 456
30 461
30 473
30 492
30 514
30 522
30 523
30 527
30 538
30 543
30 545
30 553
30 554
30 573
30 575
30 587
30 590
30 608
30 633
30 638
30 666
30 677
30 683
30 695
30 703
30 705
30 712
30 744
30 780
30 793
30 810
30 814
30 818
30 841
30 847
30 857
30 865
30 882
30 910
30 921
30 922
30 928
30 947
30 948
30 974
30 1009
30 1012
30 1014
30 1064
30 1126
30 1139
30 1141
30 1166
30 1173
30 1182
30 1183
30 1189
30 1201
30 1203
30 1216
30 1239
30 1263
12 44
44 52
44 128
44 154
44 167
44 177
44 201
44 208
44 227
44 275
44 311
44 334
44 343
44 360
44 384
44 386
44 434
44 437
44 492
44 502
44 522
44 540
44 608
44 630
44 640
44 695
44 720
44 785
44 802
44 834
44 921
44 922
44 951
44 952
44 967
44 984
44 1058
44 1183
44 1193
44 1203
44 1239
5 271
35 271
42 271
158 271
270 271
271 305
271 495
271 535
11 423
125 423
150 423
343 423
404 423
423 502
423 972
423 982
423 1041
423 1125
174 652
53 69
53 150
53 168
53 1060
53 1131
53 1202
85 273
85 342
85 394
85 408
85 498
85 516
85 529
85 620
85 877
85 886
85 907
85 920
85 946
85 1010
85 1034
85 1080
85 1105
85 1151
85 1167
85 1210
13 125
58 125
69 125
125 136
125 161
125 191
125 206
125 367
125 424
125 670
125 760
125 779
125 806
125 823
125 850
125 889
125 907
125 917
125 936
125 980
125 1237
125 1252
77 169
169 241
169 273
169 318
169 323
169 835
169 885
169 1035
205 445
205 1051
83 216
93 216
101 216
122 216
145 216
204 216
216 362
216 436
216 473
216 504
216 520
216 522
216 523
216 537
216 727
216 775
216 838
216 897
216 941
216 946
216 1223
74 236
87 236
103 236
113 236
136 236
140 236
144 236
155 236
232 236
236 254
236 273
236 321
236 381
236 400
236 409
236 435
236 478
236 489
236 494
236 553
236 618
236 620
236 631
236 636
236 688
236 699
236 744
236 783
236 790
236 812
236 835
236 865
236 897
236 910
236 974
236 1001
236 1101
236 1133
236 1186
236 1222
236 1253
117 301
241 301
298 301
301 323
301 366
301 369
301 446
301 749
301 759
301 771
301 783
301 830
301 889
301 917
301 973
301 982
301 992
301 1021
301 1175
301 1264
34 321
62 321
153 321
321 510
321 544
321 609
321 670
321 686
321 960
321 986
321 1073
321 1185
181 451
191 451
221 451
405 451
451 458
451 510
451 537
451 619
451 668
451 681
451 714
451 733
451 761
451 764
451 920
451 987
451 1016
451 1055
451 1208
451 1220
56 554
93 554
153 554
181 554
195 554
281 554
378 554
511 554
529 554
554 596
554 605
554 622
554 668
554 733
554 742
554 748
554 764
554 790
554 792
554 815
554 890
554 894
554 907
554 918
554 920
554 933
554 941
554 960
554 991
554 992
554 995
554 1018
554 1020
554 1032
554 1076
554 1106
554 1152
554 1169
554 1176
554 1208
554 1209
554 1212
554 1219
554 1220
554 1231
554 1237
564 1041
56 941
83 941
93 941
101 941
115 941
122 941
128 941
362 941
437 941
473 941
522 941
523 941
537 941
567 941
703 941
807 941
826 941
928 941
941 943
941 946
941 966
941 977
941 985
941 1036
941 1157
7 948
11 948
42 948
99 948
117 948
118 948
150 948
181 948
185 948
206 948
219 948
220 948
221 948
349 948
407 948
426 948
446 948
453 948
458 948
469 948
472 948
491 948
494 948
495 948
511 948
513 948
518 948
544 948
592 948
614 948
615 948
619 948
671 948
678 948
689 948
765 948
816 948
820 948
848 948
849 948
859 948
894 948
948 951
948 973
948 982
948 992
948 1016
948 1027
948 1035
948 1060
948 1073
948 1091
948 1094
948 1106
948 1131
948 1147
948 1151
948 1153
948 1157
948 1160
948 1178
948 1184
948 1202
948 1206
948 1208
948 1263
25 986
206 986
273 986
369 986
489 986
532 986
543 986
690 986
809 986
835 986
986 1010
986 1016
986 1058
986 1073
986 1237
10 996
39 996
58 996
69 996
84 996
114 996
141 996
221 996
228 996
266 996
323 996
360 996
366 996
432 996
439 996
446 996
472 996
735 996
823 996
916 996
973 996
982 996
996 1027
996 1208
11 997
20 1058
35 1058
39 1058
77 1058
83 1058
89 1058
93 1058
198 1058
273 1058
316 1058
342 1058
378 1058
435 1058
517 1058
544 1058
661 1058
681 1058
754 1058
813 1058
893 1058
946 1058
973 1058
982 1058
1010 1058
1020 1058
1026 1058
1032 1058
1055 1058
1058 1060
1058 1128
1058 1151
1058 1205
35 1079
689 1079
786 1079
982 1079
1079 1096
1079 1097
211 1096
482 1096
982 1096
19 1097
35 1097
48 1097
58 1097
68 1097
69 1097
70 1097
84 1097
144 1097
150 1097
168 1097
185 1097
298 1097
318 1097
346 1097
367 1097
380 1097
435 1097
445 1097
494 1097
535 1097
658 1097
674 1097
686 1097
759 1097
771 1097
804 1097
816 1097
823 1097
842 1097
881 1097
1001 1097
1055 1097
1060 1097
1091 1097
1097 1147
1097 1252
1097 1253
14 1208
88 1208
90 1208
103 1208
124 1208
131 1208
132 1208
182 1208
185 1208
217 1208
262 1208
277 1208
283 1208
342 1208
349 1208
386 1208
397 1208
398 1208
437 1208
473 1208
499 1208
513 1208
522 1208
531 1208
585 1208
601 1208
618 1208
619 1208
703 1208
760 1208
814 1208
816 1208
825 1208
829 1208
835 1208
847 1208
857 1208
884 1208
920 1208
921 1208
927 1208
937 1208
943 1208
952 1208
955 1208
962 1208
1023 1208
1094 1208
1098 1208
1110 1208
1162 1208
1192 1208
1201 1208
1208 1216
1208 1259
1208 1263
4 625
128 625
135 625
140 625
154 625
183 625
208 625
277 625
283 625
320 625
368 625
370 625
371 625
460 625
504 625
515 625
546 625
578 625
625 683
625 756
625 818
625 840
625 857
625 928
625 943
625 1090
625 1115
625 1128
5 204
15 204
89 204
93 204
113 204
116 204
124 204
128 204
142 204
181 204
190 204
204 206
204 233
204 275
204 300
204 356
204 370
204 618
204 619
204 809
204 890
204 891
204 944
204 965
204 1086
204 1137
204 1155
204 1161
6 26
6 52
6 88
6 112
6 177
6 331
6 408
6 417
6 456
6 470
6 522
6 847
6 859
6 884
6 898
6 899
6 907
6 923
6 962
6 1020
6 1068
6 1105
6 1116
6 1151
6 1216
6 1263
26 35
26 76
26 84
26 367
26 549
26 759
26 823
26 859
26 907
26 973
26 1055
26 1098
26 1118
26 1220
27 52
35 52
43 52
50 52
52 58
52 68
52 69
52 75
52 84
52 131
52 144
52 150
52 161
52 191
52 195
52 206
52 239
52 241
52 255
52 267
52 286
52 298
52 304
52 316
52 332
52 333
52 346
52 367
52 369
52 445
52 446
52 482
52 571
52 585
52 622
52 649
52 698
52 700
52 749
52 759
52 780
52 798
52 801
52 803
52 804
52 806
52 823
52 842
52 846
52 859
52 917
52 950
52 961
52 970
52 992
52 1031
52 1051
52 1055
52 1060
52 1063
52 1141
52 1147
52 1163
52 1220
52 1235
52 1237
52 1252
52 1253
52 1257
52 1261
86 88
87 88
88 89
88 117
88 131
88 150
88 186
88 191
88 194
88 416
88 434
88 472
88 480
88 506
88 507
88 549
88 559
88 643
88 685
88 776
88 823
88 835
88 877
88 902
88 936
88 951
88 961
88 970
88 1016
88 1157
88 1163
88 1202
88 1218
88 1220
88 1231
88 1252
35 112
89 112
112 434
112 491
112 567
112 899
112 921
112 923
112 924
112 957
112 1150
112 1251
177 181
177 190
177 191
177 211
177 221
177 245
177 290
177 342
177 463
177 481
177 522
177 535
177 541
177 547
177 579
177 585
177 615
177 643
177 649
177 670
177 690
177 738
177 743
177 771
177 784
177 803
177 809
177 820
177 843
177 848
177 866
177 917
177 970
177 978
177 980
177 1093
177 1131
177 1143
177 1220
177 1252
177 1263
150 331
255 331
287 331
331 367
331 605
331 759
331 798
331 970
331 973
331 1016
331 1080
203 408
408 476
408 504
408 521
408 527
408 734
408 1151
13 417
89 417
118 417
150 417
164 417
385 417
417 872
417 1016
417 1049
51 456
234 456
369 456
414 456
432 456
434 456
456 464
456 627
456 641
456 681
456 686
456 689
456 736
456 742
456 764
456 835
456 853
456 907
456 917
456 1010
456 1235
62 470
87 470
131 470
183 470
385 470
414 470
428 470
470 681
470 683
470 756
470 759
470 821
470 960
470 1060
470 1073
470 1080
470 1176
470 1184
470 1185
470 1210
7 522
25 522
35 522
82 522
84 522
99 522
105 522
117 522
130 522
149 522
153 522
181 522
183 522
185 522
213 522
220 522
221 522
231 522
258 522
272 522
297 522
327 522
340 522
346 522
355 522
362 522
385 522
399 522
405 522
469 522
495 522
499 522
522 546
522 567
522 573
522 596
522 620
522 676
522 681
522 709
522 728
522 738
522 739
522 742
522 749
522 754
522 756
522 776
522 807
522 820
522 830
522 839
522 859
522 877
522 889
522 917
522 973
522 978
522 979
522 1006
522 1027
522 1061
522 1068
522 1082
522 1083
522 1107
522 1139
522 1147
522 1160
522 1175
522 1177
522 1187
522 1190
522 1202
522 1206
522 1209
522 1217
522 1220
522 1242
522 1264
181 847
244 847
248 847
258 847
469 847
484 847
619 847
668 847
681 847
690 847
709 847
816 847
847 933
847 976
847 1073
847 1157
847 1180
847 1202
847 1252
349 859
595 859
859 907
859 973
859 1020
35 884
69 884
117 884
120 884
150 884
185 884
194 884
232 884
258 884
288 884
323 884
358 884
367 884
369 884
445 884
453 884
494 884
510 884
549 884
565 884
605 884
622 884
643 884
655 884
708 884
749 884
794 884
795 884
798 884
816 884
823 884
884 920
884 951
884 961
884 967
884 970
884 973
884 1016
884 1029
884 1051
884 1091
884 1129
884 1139
884 1148
884 1167
884 1184
884 1187
884 1242
884 1243
718 898
733 898
790 898
890 898
898 1214
84 899
300 899
346 899
435 899
649 899
744 899
749 899
783 899
899 1235
899 1253
14 907
83 907
87 907
89 907
99 907
124 907
137 907
217 907
283 907
320 907
368 907
397 907
431 907
504 907
546 907
577 907
683 907
826 907
907 921
907 937
907 952
907 1068
907 1151
907 1173
23 923
48 923
107 923
117 923
186 923
223 923
241 923
274 923
585 923
611 923
771 923
790 923
806 923
823 923
850 923
878 923
900 923
923 940
923 961
923 973
923 980
923 982
923 988
923 1091
923 1148
923 1211
923 1264
35 962
58 962
220 962
238 962
241 962
494 962
649 962
749 962
806 962
816 962
823 962
962 980
962 1165
962 1264
35 1020
94 1020
144 1020
155 1020
273 1020
298 1020
432 1020
481 1020
489 1020
544 1020
578 1020
585 1020
639 1020
648 1020
744 1020
790 1020
889 1020
978 1020
1020 1021
1020 1070
1020 1081
1020 1124
1020 1212
11 1068
29 1068
35 1068
58 1068
117 1068
206 1068
221 1068
232 1068
367 1068
426 1068
472 1068
494 1068
495 1068
517 1068
567 1068
581 1068
643 1068
666 1068
699 1068
714 1068
738 1068
755 1068
766 1068
809 1068
830 1068
858 1068
866 1068
961 1068
978 1068
979 1068
980 1068
988 1068
1016 1068
1021 1068
1068 1073
1068 1082
1068 1087
1068 1091
1068 1124
1068 1154
1068 1163
1068 1202
1068 1220
1068 1228
1068 1237
641 1105
54 1116
153 1116
258 1116
934 1116
1073 1116
1116 1123
1116 1157
1116 1242
1116 1247
11 1151
13 1151
89 1151
131 1151
137 1151
167 1151
255 1151
575 1151
605 1151
619 1151
866 1151
877 1151
930 1151
1151 1172
1151 1210
1151 1214
1151 1220
1151 1256
35 1216
150 1216
231 1216
322 1216
435 1216
446 1216
539 1216
668 1216
686 1216
699 1216
738 1216
790 1216
823 1216
936 1216
1010 1216
1073 1216
1131 1216
1201 1216
1211 1216
1216 1252
35 1263
84 1263
89 1263
117 1263
131 1263
137 1263
150 1263
153 1263
185 1263
195 1263
210 1263
221 1263
378 1263
396 1263
450 1263
491 1263
495 1263
529 1263
535 1263
553 1263
581 1263
592 1263
684 1263
736 1263
741 1263
820 1263
858 1263
933 1263
940 1263
944 1263
970 1263
978 1263
980 1263
1047 1263
1093 1263
1132 1263
1140 1263
1147 1263
1175 1263
1227 1263
1231 1263
7 95
7 156
7 187
7 207
7 217
7 226
7 242
7 244
7 405
7 437
7 508
7 513
7 551
7 683
7 689
7 703
7 707
7 762
7 785
7 814
7 927
7 1039
7 1046
7 1203
7 1261
95 549
95 569
117 156
156 495
156 646
156 961
82 187
84 187
185 187
187 405
187 463
187 605
187 761
187 869
187 1098
187 1206
207 280
207 320
207 385
207 469
207 510
207 735
207 1085
84 217
87 217
89 217
131 217
149 217
150 217
181 217
211 217
217 220
217 289
217 370
217 405
217 458
217 469
217 491
217 495
217 510
217 596
217 619
217 627
217 653
217 661
217 681
217 682
217 690
217 716
217 742
217 743
217 749
217 760
217 764
217 869
217 894
217 978
217 982
217 1055
217 1060
217 1106
217 1134
217 1160
217 1194
217 1218
217 1242
226 970
242 342
242 494
242 956
242 991
242 1029
242 1147
242 1184
118 244
131 244
150 244
185 244
211 244
221 244
223 244
244 322
244 323
244 494
244 549
244 623
244 738
244 817
244 935
244 956
244 960
244 970
244 980
244 1093
244 1147
244 1178
244 1231
244 1252
14 405
24 405
124 405
174 405
338 405
372 405
405 434
405 492
405 546
405 594
405 761
405 835
405 1094
39 437
77 437
83 437
93 437
96 437
101 437
117 437
150 437
273 437
294 437
298 437
324 437
356 437
406 437
416 437
437 472
437 474
437 517
437 520
437 544
437 573
437 627
437 634
437 640
437 681
437 743
437 761
437 836
437 889
437 890
437 897
437 971
437 973
437 982
437 985
437 992
437 1032
437 1035
437 1123
437 1128
437 1154
25 508
104 508
247 508
494 508
508 744
508 749
508 777
508 1009
508 1010
508 1078
508 1195
76 513
117 513
137 513
144 513
150 513
153 513
183 513
221 513
326 513
359 513
491 513
513 568
513 627
513 708
513 756
513 771
513 890
513 976
513 1048
513 1094
513 1132
513 1206
513 1242
58 551
131 551
150 551
243 551
264 551
357 551
527 551
549 551
551 627
551 733
551 821
551 897
551 920
551 936
551 956
551 976
551 1148
551 1165
551 1167
117 683
131 683
150 683
164 683
181 683
183 683
185 683
190 683
248 683
291 683
320 683
387 683
397 683
407 683
432 683
475 683
495 683
516 683
605 683
643 683
647 683
681 683
683 714
683 731
683 748
683 756
683 798
683 830
683 920
683 933
683 956
683 1032
683 1034
683 1045
683 1049
683 1055
683 1090
683 1093
683 1194
683 1202
683 1212
683 1242
683 1252
19 689
25 689
35 689
84 689
110 689
144 689
258 689
366 689
407 689
424 689
435 689
445 689
620 689
670 689
689 694
689 759
689 798
689 810
689 823
689 842
689 908
689 1001
689 1026
689 1035
689 1055
689 1060
689 1078
689 1082
689 1118
689 1233
689 1252
689 1264
13 703
84 703
89 703
131 703
153 703
281 703
376 703
385 703
510 703
596 703
620 703
622 703
703 970
703 1242
703 1252
302 707
596 707
622 707
693 707
704 707
707 960
707 1016
131 762
397 762
762 877
10 785
342 785
361 785
785 790
785 846
785 989
785 994
785 1073
58 814
69 814
131 814
150 814
153 814
190 814
272 814
367 814
369 814
484 814
495 814
549 814
605 814
714 814
735 814
814 872
814 934
814 936
814 953
814 970
814 1001
814 1084
814 1127
814 1252
221 927
472 927
681 927
744 927
795 927
860 927
889 927
927 973
927 1001
83 1039
183 1039
550 1039
684 1039
775 1039
908 1039
966 1039
1039 1202
1039 1212
367 1046
835 1046
35 1203
58 1203
72 1203
73 1203
89 1203
150 1203
153 1203
221 1203
272 1203
367 1203
549 1203
742 1203
783 1203
889 1203
934 1203
960 1203
970 1203
971 1203
1163 1203
1203 1218
1203 1252
240 1261
383 1261
412 1261
589 1261
627 1261
700 1261
956 1261
1095 1261
1147 1261
8 214
8 291
8 411
8 491
8 571
8 641
8 743
8 790
8 822
8 989
8 1154
93 214
143 214
214 215
214 273
214 289
214 411
214 596
214 1173
411 1125
29 491
64 491
108 491
124 491
136 491
289 491
489 491
491 536
491 587
491 620
491 946
491 1001
491 1094
491 1133
491 1138
134 571
273 571
480 571
12 641
25 641
42 641
99 641
113 641
127 641
135 641
183 641
198 641
220 641
289 641
300 641
520 641
537 641
567 641
592 641
620 641
641 743
641 922
641 980
641 990
641 1073
641 1091
641 1215
641 1237
641 1264
126 743
131 743
138 743
220 743
378 743
466 743
492 743
537 743
567 743
587 743
666 743
742 743
743 946
743 1060
743 1064
743 1083
743 1099
743 1138
35 790
79 790
87 790
89 790
102 790
122 790
142 790
144 790
206 790
282 790
337 790
447 790
587 790
603 790
646 790
666 790
789 790
790 889
790 973
790 994
790 1086
790 1127
790 1163
790 1211
790 1235
790 1262
790 1264
9 989
46 989
124 989
376 989
677 989
825 989
943 989
989 1173
246 1154
263 1154
587 1154
666 1154
695 1154
789 1154
921 1154
1110 1154
10 14
10 46
10 82
10 138
10 375
10 973
10 1059
14 20
14 58
14 83
14 89
14 97
14 103
14 131
14 149
14 150
14 153
14 181
14 220
14 221
14 258
14 289
14 319
14 369
14 469
14 472
14 492
14 501
14 593
14 596
14 617
14 619
14 668
14 681
14 731
14 733
14 739
14 821
14 858
14 920
14 960
14 961
14 978
14 991
14 992
14 1010
14 1049
14 1069
14 1071
14 1087
14 1106
14 1123
14 1165
14 1202
14 1218
29 46
34 46
40 46
46 55
46 99
46 111
46 117
46 181
46 220
46 294
46 391
46 399
46 495
46 510
46 549
46 714
46 736
46 748
46 821
46 823
46 889
46 982
46 1071
46 1073
46 1080
46 1091
46 1095
46 1152
46 1160
46 1175
46 1217
46 1231
46 1237
56 138
117 138
131 138
138 220
138 289
138 369
138 445
138 495
138 596
138 764
138 890
138 1027
138 1073
138 1160
18 973
27 973
28 973
35 973
37 973
64 973
67 973
84 973
87 973
101 973
103 973
104 973
126 973
127 973
132 973
134 973
136 973
150 973
152 973
154 973
185 973
186 973
193 973
283 973
304 973
306 973
313 973
342 973
343 973
345 973
349 973
354 973
358 973
360 973
366 973
371 973
373 973
376 973
382 973
386 973
404 973
409 973
412 973
427 973
445 973
453 973
457 973
466 973
475 973
492 973
494 973
502 973
517 973
520 973
539 973
560 973
578 973
581 973
585 973
587 973
599 973
601 973
657 973
700 973
706 973
716 973
717 973
749 973
774 973
781 973
823 973
834 973
852 973
864 973
865 973
889 973
958 973
963 973
973 978
973 1006
973 1014
973 1016
973 1021
973 1050
973 1083
973 1094
973 1098
973 1101
973 1139
973 1156
973 1163
973 1165
973 1192
973 1214
973 1231
973 1253
11 89
11 99
11 223
11 342
11 404
11 573
11 708
11 798
11 1106
42 89
83 89
87 89
89 121
89 131
89 170
89 179
89 203
89 220
89 246
89 247
89 289
89 349
89 378
89 414
89 422
89 473
89 502
89 543
89 567
89 573
89 592
89 610
89 677
89 744
89 778
89 857
89 877
89 879
89 897
89 921
89 925
89 942
89 952
89 961
89 972
89 982
89 984
89 991
89 992
89 1019
89 1032
89 1050
89 1073
89 1094
89 1110
89 1129
89 1180
89 1202
89 1231
89 1235
89 1236
89 1251
89 1260
24 99
87 99
99 121
99 135
99 206
99 220
99 361
99 389
99 397
99 418
99 428
99 476
99 523
99 527
99 537
99 567
99 570
99 620
99 650
99 651
99 857
99 865
99 921
99 978
99 980
99 1032
99 1094
99 1106
99 1138
99 1165
99 1170
99 1212
99 1242
99 1259
99 1264
42 223
81 223
223 261
223 378
223 1051
13 342
35 342
104 342
124 342
131 342
186 342
203 342
253 342
277 342
303 342
313 342
342 376
342 421
342 483
342 506
342 539
342 597
342 699
342 786
342 921
342 959
342 975
342 1055
342 1067
342 1081
342 1193
342 1236
342 1248
64 404
150 404
404 483
404 549
404 999
404 1110
29 573
101 573
103 573
117 573
131 573
144 573
168 573
273 573
472 573
510 573
567 573
573 579
573 643
573 742
573 755
573 776
573 830
573 836
573 922
573 966
573 979
573 980
573 1069
573 1228
573 1237
573 1264
666 708
708 924
708 1094
708 1095
708 1100
708 1146
27 798
81 798
120 798
274 798
276 798
322 798
349 798
506 798
666 798
780 798
781 798
798 807
798 984
798 1041
798 1042
798 1249
136 1106
145 1106
149 1106
460 1106
716 1106
937 1106
1041 1106
1073 1106
12 75
12 143
12 453
12 699
12 976
12 1017
12 1069
12 1139
140 143
143 208
143 740
143 789
149 453
208 453
283 453
345 453
397 453
403 453
453 622
453 921
453 944
453 1036
453 1083
453 1149
13 699
35 699
86 699
699 952
699 1028
32 976
246 976
304 976
420 976
695 976
718 976
749 976
786 976
787 976
835 976
838 976
976 990
976 1036
976 1072
976 1161
976 1166
922 1017
24 1069
137 1069
149 1069
418 1069
527 1069
537 1069
572 1069
789 1069
839 1069
840 1069
891 1069
921 1069
943 1069
1069 1137
1069 1164
1069 1223
22 1139
87 1139
136 1139
546 1139
587 1139
666 1139
688 1139
861 1139
921 1139
988 1139
1099 1139
1139 1166
1139 1198
1139 1252
13 16
13 100
13 132
13 273
13 397
13 432
13 460
13 473
13 480
13 492
13 622
13 797
13 825
13 893
13 961
13 1149
13 1249
45 100
87 100
100 483
100 666
100 1053
131 132
132 151
132 495
132 547
132 592
132 684
132 731
132 1002
132 1165
132 1212
29 273
64 273
87 273
104 273
135 273
273 369
273 400
273 419
273 422
273 480
273 532
273 543
273 620
273 774
273 776
273 789
273 886
273 946
273 972
273 1161
24 397
117 397
131 397
149 397
185 397
189 397
319 397
368 397
381 397
394 397
397 458
397 511
397 544
397 605
397 619
397 622
397 627
397 668
397 681
397 688
397 690
397 719
397 889
397 890
397 960
397 1023
397 1073
397 1088
397 1157
397 1206
397 1212
397 1242
397 1266
28 432
84 432
91 432
220 432
432 586
432 751
432 893
432 988
432 1027
432 1047
432 1168
45 460
131 460
153 460
209 460
319 460
460 494
460 544
460 643
460 716
460 731
460 807
460 808
460 920
460 953
460 956
460 968
460 991
460 1023
460 1060
460 1087
460 1124
460 1165
460 1178
460 1220
460 1242
93 473
117 473
131 473
473 686
473 823
473 824
473 889
473 894
473 929
473 960
473 1160
473 1172
473 1186
473 1220
86 480
87 480
122 480
282 480
422 480
475 480
480 507
480 659
480 749
480 771
480 776
480 779
480 886
480 921
480 951
480 980
480 1127
480 1163
480 1223
17 492
25 492
35 492
58 492
76 492
93 492
117 492
149 492
150 492
155 492
186 492
190 492
213 492
247 492
294 492
304 492
319 492
366 492
415 492
489 492
492 494
492 547
492 549
492 604
492 622
492 627
492 682
492 688
492 717
492 722
492 736
492 742
492 747
492 783
492 787
492 813
492 892
492 968
492 988
492 992
492 995
492 1001
492 1018
492 1082
492 1084
492 1093
492 1202
492 1242
492 1252
36 622
166 622
185 622
266 622
277 622
354 622
357 622
500 622
529 622
537 622
558 622
622 639
622 647
622 711
622 744
622 797
622 865
622 869
622 921
622 928
622 943
622 1001
622 1060
622 1063
622 1173
622 1201
622 1212
667 797
797 1165
86 825
150 825
369 825
435 825
776 825
825 982
58 893
76 893
114 893
272 893
304 893
360 893
412 893
428 893
510 893
535 893
627 893
646 893
666 893
685 893
742 893
860 893
893 959
893 970
893 1016
893 1055
893 1060
893 1094
893 1163
893 1191
893 1210
893 1212
42 961
262 961
354 961
358 961
398 961
403 961
478 961
527 961
575 961
587 961
669 961
770 961
952 961
958 961
961 1054
961 1110
961 1253
29 1149
627 1149
714 1149
791 1149
69 1249
84 1249
153 1249
387 1249
435 1249
475 1249
494 1249
627 1249
670 1249
686 1249
851 1249
885 1249
970 1249
1031 1249
1060 1249
1091 1249
1147 1249
1179 1249
1249 1252
20 21
20 510
20 514
20 517
20 587
20 609
20 666
20 886
20 889
20 897
20 960
20 992
20 1132
35 58
58 201
58 343
58 358
58 380
58 409
58 466
58 581
58 587
58 1014
58 1036
58 1050
58 1094
56 83
83 93
83 117
83 131
83 181
83 188
83 221
83 413
83 436
83 472
83 476
83 510
83 533
83 733
83 786
83 836
83 894
83 960
83 966
83 985
83 1032
83 1040
83 1060
83 1073
83 1084
83 1221
97 153
87 103
103 117
103 126
103 198
103 394
103 494
103 744
103 823
103 830
103 1073
103 1109
103 1235
103 1237
103 1264
111 131
123 131
124 131
127 131
131 135
131 136
131 137
131 140
131 277
131 282
131 283
131 313
131 328
131 345
131 363
131 372
131 386
131 403
131 409
131 412
131 427
131 434
131 502
131 509
131 523
131 537
131 543
131 567
131 575
131 587
131 603
131 607
131 613
131 619
131 647
131 695
131 723
131 744
131 771
131 793
131 816
131 818
131 838
131 839
131 840
131 865
131 868
131 921
131 943
131 952
131 960
131 972
131 984
131 998
131 1013
131 1049
131 1094
131 1113
131 1129
131 1135
131 1137
131 1182
131 1201
131 1202
131 1211
131 1259
81 149
124 149
149 219
149 220
149 283
149 370
149 527
149 546
149 601
149 713
149 921
149 1073
149 1094
149 1098
149 1253
37 150
123 150
124 150
136 150
142 150
150 168
150 174
150 186
150 234
150 247
150 275
150 343
150 349
150 358
150 360
150 402
150 403
150 422
150 434
150 443
150 483
150 490
150 502
150 506
150 514
150 527
150 537
150 543
150 558
150 561
150 577
150 578
150 587
150 603
150 608
150 618
150 637
150 668
150 674
150 695
150 720
150 721
150 738
150 744
150 781
150 855
150 917
150 921
150 946
150 952
150 967
150 969
150 972
150 984
150 1014
150 1035
150 1050
150 1054
150 1098
150 1103
150 1120
150 1126
150 1201
150 1220
150 1239
150 1243
150 1252
150 1253
24 153
32 153
84 153
153 174
153 320
153 328
153 349
153 362
153 506
153 577
153 578
153 592
153 651
153 671
153 677
153 711
153 723
153 733
153 937
153 943
153 1024
153 1041
153 1183
153 1242
126 181
145 181
181 182
181 185
181 189
181 190
181 220
181 258
181 434
181 485
181 490
181 518
181 527
181 531
181 567
181 575
181 588
181 643
181 653
181 793
181 837
181 848
181 926
181 946
181 1036
181 1073
181 1077
181 1094
181 1137
181 1157
181 1206
181 1247
135 220
215 220
220 356
220 390
220 418
220 527
220 531
220 570
220 577
220 620
220 651
220 771
220 839
220 840
220 943
220 1055
220 1138
111 221
221 274
221 277
221 504
221 567
221 608
221 666
221 744
221 791
221 910
221 921
221 922
221 947
221 1005
221 1094
221 1156
221 1173
221 1201
221 1242
54 258
258 303
258 363
258 422
258 464
258 601
258 679
258 681
258 921
258 937
258 1073
258 1077
258 1157
258 1253
87 289
142 289
277 289
289 668
289 750
289 835
289 865
289 889
289 928
289 959
289 1167
87 319
319 465
319 475
319 546
319 592
319 1238
229 369
256 369
274 369
358 369
369 422
369 712
369 781
369 890
369 980
369 1036
369 1214
24 469
124 469
190 469
434 469
464 469
469 546
469 587
469 840
469 909
469 1076
469 1095
469 1120
469 1132
469 1173
67 472
136 472
154 472
167 472
227 472
354 472
376 472
434 472
472 567
472 608
472 725
472 744
472 787
472 793
472 922
472 984
472 1014
472 1253
302 593
593 1206
302 596
320 596
349 596
471 596
527 596
577 596
588 596
596 651
596 807
596 840
596 857
596 1023
596 1076
596 1138
596 1213
546 617
617 736
617 1018
56 619
124 619
180 619
280 619
378 619
403 619
427 619
475 619
601 619
619 632
619 816
619 838
619 839
619 937
619 1073
619 1098
619 1138
24 668
35 668
64 668
94 668
145 668
183 668
277 668
282 668
418 668
516 668
577 668
607 668
642 668
668 749
668 840
668 882
668 889
668 921
668 935
668 1060
668 1075
668 1118
668 1201
668 1253
35 681
127 681
136 681
222 681
294 681
320 681
475 681
515 681
523 681
567 681
647 681
681 719
681 723
681 728
681 818
681 952
681 959
681 985
681 1188
277 731
546 731
632 731
731 857
731 921
731 1064
24 733
124 733
134 733
276 733
283 733
406 733
504 733
733 791
733 792
733 897
733 992
733 1199
733 1223
24 739
199 739
362 739
582 739
704 739
739 792
739 897
739 1094
24 821
357 821
527 821
599 821
695 821
821 840
821 897
821 928
821 1004
821 1138
537 858
677 858
744 858
328 920
361 920
431 920
523 920
557 920
791 920
920 921
920 954
920 972
920 1066
920 1098
920 1137
115 960
124 960
137 960
146 960
208 960
705 960
922 960
960 1201
154 978
182 978
356 978
527 978
531 978
608 978
666 978
886 978
922 978
952 978
978 980
978 1110
978 1253
145 991
183 991
349 991
912 991
35 992
144 992
206 992
378 992
510 992
575 992
587 992
735 992
744 992
749 992
809 992
865 992
985 992
992 1019
992 1036
992 1078
992 1103
992 1163
992 1235
992 1253
87 1010
118 1010
142 1010
362 1010
409 1010
567 1010
575 1010
793 1010
1010 1092
1010 1126
203 1049
407 1049
527 1049
869 1049
921 1049
947 1049
1049 1094
1049 1157
791 1071
1071 1078
1071 1138
728 1087
921 1087
124 1123
174 1123
277 1123
386 1123
543 1123
640 1123
675 1123
780 1123
807 1123
826 1123
921 1123
946 1123
967 1123
1110 1123
24 1165
123 1165
151 1165
268 1165
320 1165
334 1165
376 1165
638 1165
744 1165
839 1165
1036 1165
1165 1173
1165 1242
608 1202
633 1202
952 1202
1073 1202
398 1218
921 1218
924 1218
1126 1218
15 272
15 326
15 1055
15 1161
32 272
60 272
252 272
272 343
272 349
272 475
272 536
272 543
272 546
272 590
272 746
272 793
272 1041
272 1072
272 1135
272 1161
272 1173
272 1174
37 326
87 326
144 326
326 384
35 1055
60 1055
124 1055
140 1055
142 1055
376 1055
379 1055
504 1055
515 1055
780 1055
834 1055
857 1055
959 1055
969 1055
984 1055
1055 1056
35 1161
435 1161
538 1161
771 1161
1161 1170
1161 1214
1161 1233
1161 1260
17 122
17 376
17 1239
122 897
35 376
39 376
68 376
69 376
107 376
144 376
161 376
191 376
251 376
268 376
298 376
315 376
351 376
366 376
376 378
376 428
376 445
376 475
376 580
376 603
376 627
376 670
376 718
376 823
376 866
376 982
376 1021
376 1041
376 1082
376 1083
376 1090
376 1155
376 1163
376 1212
376 1237
376 1252
376 1264
35 1239
310 1239
373 1239
475 1239
538 1239
541 1239
718 1239
736 1239
742 1239
804 1239
934 1239
956 1239
969 1239
975 1239
1239 1252
18 136
18 346
18 744
64 136
84 136
136 142
136 241
136 248
136 269
136 367
136 506
136 603
136 627
136 759
136 813
136 982
136 1004
136 1026
136 1031
136 1128
136 1144
346 889
346 890
346 963
346 1235
33 744
104 744
109 744
137 744
144 744
173 744
340 744
366 744
448 744
475 744
635 744
649 744
664 744
721 744
726 744
744 745
744 754
744 776
744 777
744 786
744 809
744 810
744 835
744 863
744 886
744 894
744 946
744 974
744 982
744 990
744 1004
744 1016
744 1036
744 1060
744 1073
744 1091
744 1252
19 24
19 32
19 829
19 921
24 320
24 350
24 356
24 407
24 428
24 516
24 579
24 587
24 650
24 685
24 736
24 760
24 815
24 933
24 944
24 1023
24 1084
24 1085
24 1132
24 1209
24 1212
24 1227
24 1242
24 1252
31 32
32 93
32 129
32 430
32 495
32 549
32 623
32 627
32 716
32 1021
32 1166
32 1192
32 1242
35 829
440 829
823 829
829 982
829 1212
23 921
35 921
69 921
117 921
118 921
176 921
185 921
210 921
440 921
494 921
498 921
521 921
533 921
535 921
543 921
547 921
552 921
581 921
642 921
646 921
649 921
653 921
738 921
749 921
771 921
782 921
815 921
816 921
823 921
836 921
877 921
887 921
913 921
914 921
918 921
921 939
921 988
921 1006
921 1018
921 1026
921 1073
921 1080
921 1088
921 1091
921 1128
921 1169
921 1206
921 1209
921 1212
921 1220
921 1229
921 1231
921 1237
921 1242
921 1264
21 348
21 430
124 510
275 510
277 510
370 510
384 510
418 510
510 527
510 577
510 695
510 791
510 826
510 869
510 897
510 937
510 943
510 1036
510 1173
69 514
514 742
514 777
514 897
514 1094
514 1131
514 1152
514 1178
514 1242
514 1252
115 517
474 517
517 1073
42 587
87 587
101 587
241 587
298 587
367 587
435 587
489 587
579 587
587 658
587 728
587 736
587 936
587 946
587 956
587 1016
587 1019
587 1126
587 1211
587 1252
29 609
283 609
362 609
578 609
609 1114
84 666
93 666
101 666
114 666
117 666
219 666
232 666
367 666
370 666
378 666
445 666
666 736
666 742
666 809
666 823
666 936
666 970
666 982
666 1016
666 1091
666 1126
666 1132
666 1191
666 1228
666 1252
86 886
104 886
123 886
167 886
173 886
254 886
318 886
353 886
416 886
773 886
835 886
860 886
865 886
886 950
886 982
886 1032
886 1147
886 1224
886 1235
25 889
35 889
124 889
128 889
130 889
171 889
183 889
188 889
190 889
241 889
304 889
349 889
364 889
367 889
371 889
374 889
409 889
428 889
489 889
495 889
527 889
608 889
651 889
749 889
774 889
781 889
789 889
791 889
810 889
889 897
889 943
889 993
889 994
889 995
889 1032
889 1036
889 1100
889 1127
889 1143
889 1163
889 1217
56 897
142 897
183 897
362 897
418 897
441 897
527 897
537 897
607 897
665 897
695 897
775 897
890 897
896 897
897 909
897 1108
276 1132
506 1132
891 1132
944 1132
1075 1132
1095 1132
1098 1132
1115 1132
142 348
430 649
22 866
22 945
22 982
22 1222
22 1237
29 866
356 866
677 866
688 866
866 1050
866 1073
538 945
64 982
87 982
127 982
186 982
305 982
354 982
377 982
379 982
442 982
526 982
543 982
567 982
620 982
659 982
712 982
788 982
793 982
917 982
922 982
946 982
952 982
974 982
982 1005
982 1065
982 1073
982 1103
982 1211
982 1243
982 1251
478 1222
37 1237
154 1237
222 1237
275 1237
282 1237
303 1237
422 1237
434 1237
537 1237
567 1237
789 1237
793 1237
836 1237
972 1237
1025 1237
1186 1237
1211 1237
1223 1237
23 123
23 409
23 637
23 1125
117 123
120 123
123 168
123 195
123 444
123 445
123 475
123 537
123 605
123 627
123 823
123 956
123 970
123 1035
123 1129
123 1143
123 1147
123 1163
123 1193
64 409
294 409
409 426
409 553
409 581
409 631
409 665
409 869
409 988
409 1110
409 1148
117 637
252 637
611 637
636 637
637 809
637 964
637 970
637 1016
637 1215
316 1125
459 1125
288 320
320 385
320 428
320 580
320 605
320 933
320 1082
320 1085
66 350
350 373
350 400
350 636
350 688
350 695
350 753
350 780
350 788
350 974
350 1009
260 356
277 356
280 356
356 357
356 577
356 608
356 615
356 888
356 917
356 988
356 1018
356 1217
356 1242
190 407
407 418
407 608
407 953
407 1232
142 428
363 428
425 428
428 489
428 511
428 523
428 527
428 531
428 537
428 633
428 651
428 946
428 1083
428 1094
428 1138
516 527
130 579
579 607
579 952
579 1126
579 1137
137 650
523 650
537 650
275 685
504 685
124 736
140 736
246 736
608 736
736 835
736 947
736 975
736 1014
736 1189
760 1098
525 815
42 944
278 944
507 944
568 944
670 944
727 944
840 944
750 1023
890 1023
1023 1138
174 1084
183 1084
349 1084
605 1084
1018 1084
1064 1084
277 1085
303 1085
523 1085
723 1085
792 1085
800 1085
826 1085
952 1085
1080 1085
511 1209
527 1209
651 1209
890 1209
104 1212
124 1212
174 1212
203 1212
275 1212
436 1212
610 1212
781 1212
793 1212
952 1212
956 1212
1033 1212
1138 1212
90 1227
335 1227
527 1227
582 1227
855 1227
251 1242
262 1242
302 1242
306 1242
349 1242
386 1242
422 1242
475 1242
479 1242
521 1242
543 1242
546 1242
572 1242
582 1242
632 1242
643 1242
663 1242
711 1242
712 1242
748 1242
750 1242
751 1242
757 1242
771 1242
839 1242
937 1242
943 1242
947 1242
1005 1242
1234 1242
65 1252
81 1252
90 1252
120 1252
121 1252
127 1252
180 1252
201 1252
252 1252
262 1252
276 1252
277 1252
328 1252
343 1252
358 1252
372 1252
379 1252
412 1252
420 1252
475 1252
483 1252
506 1252
521 1252
558 1252
561 1252
562 1252
577 1252
582 1252
607 1252
608 1252
680 1252
746 1252
774 1252
780 1252
845 1252
924 1252
972 1252
975 1252
984 1252
1014 1252
1028 1252
1041 1252
1043 1252
1054 1252
1060 1252
1098 1252
1166 1252
1252 1253
25 521
25 726
367 521
521 532
521 627
521 894
521 966
145 726
726 912
726 1070
27 35
35 51
35 69
35 144
35 154
35 195
35 201
35 206
35 253
35 275
35 380
35 382
35 386
35 400
35 434
35 482
35 483
35 490
35 506
35 523
35 537
35 561
35 578
35 589
35 608
35 640
35 680
35 682
35 713
35 781
35 807
35 834
35 852
35 947
35 952
35 970
35 1011
35 1014
35 1060
35 1094
35 1110
35 1127
35 1138
35 1156
35 1157
35 1162
35 1201
35 1235
35 1253
76 186
76 1019
64 84
84 167
84 201
84 253
84 275
84 475
84 547
84 577
84 578
84 601
84 780
84 786
84 967
84 1014
84 1063
84 1253
64 367
94 367
171 367
253 367
282 367
283 367
358 367
367 382
367 436
367 483
367 618
367 640
367 777
367 781
367 952
367 1095
367 1156
367 1183
367 1193
367 1251
27 549
201 549
303 549
313 549
546 549
549 669
549 799
549 852
549 1043
549 1156
577 759
759 834
759 924
759 1156
759 1193
27 823
37 823
63 823
64 823
67 823
71 823
201 823
322 823
378 823
384 823
445 823
485 823
494 823
502 823
560 823
608 823
680 823
768 823
772 823
780 823
823 930
823 1098
823 1101
823 1103
823 1166
823 1173
823 1197
823 1201
90 1098
240 1098
372 1098
396 1098
434 1098
605 1098
623 1098
627 1098
646 1098
682 1098
816 1098
934 1098
987 1098
1027 1098
1031 1098
1098 1170
1098 1180
1098 1219
871 1118
1081 1118
1118 1186
124 1220
519 1220
601 1220
640 1220
796 1220
865 1220
909 1220
915 1220
917 1220
1050 1220
27 69
27 144
27 191
27 241
27 380
27 494
27 541
27 1131
36 69
69 343
69 402
69 618
69 781
69 852
69 951
69 1041
69 1168
69 1253
144 185
144 353
144 357
144 383
144 393
144 422
144 445
144 481
144 504
144 561
144 618
144 735
144 853
144 967
144 1009
144 1012
144 1050
144 1129
144 1133
144 1150
144 1173
144 1248
144 1264
50 191
146 191
191 277
191 282
191 300
191 358
191 382
191 483
191 506
191 561
191 852
191 865
191 924
191 1054
191 1173
191 1214
90 241
203 241
241 358
241 379
241 540
241 608
241 656
241 786
241 852
241 984
241 1196
87 380
380 449
380 1112
127 494
140 494
252 494
275 494
279 494
349 494
358 494
386 494
398 494
421 494
485 494
494 496
494 536
494 537
494 588
494 632
494 713
494 749
494 780
494 786
494 852
494 873
494 924
494 951
494 958
494 1031
494 1050
494 1052
494 1054
494 1057
494 1095
494 1163
494 1166
494 1193
494 1253
483 541
541 802
541 1054
250 1131
343 1131
1131 1138
28 101
28 117
28 917
28 1091
28 1166
101 115
101 275
101 384
101 406
101 485
101 608
101 749
101 834
101 1182
115 117
117 128
117 137
117 140
117 174
117 182
117 184
117 227
117 261
117 283
117 284
117 298
117 314
117 398
117 412
117 431
117 434
117 523
117 527
117 575
117 588
117 590
117 632
117 638
117 640
117 695
117 705
117 732
117 734
117 746
117 757
117 789
117 793
117 839
117 862
117 865
117 872
117 922
117 924
117 946
117 963
117 967
117 1019
117 1024
117 1028
117 1036
117 1065
117 1078
117 1108
117 1126
117 1138
117 1156
117 1168
117 1189
117 1223
117 1236
117 1253
37 917
246 917
253 917
305 917
422 917
434 917
474 917
519 917
546 917
567 917
581 917
806 917
917 922
917 984
917 1014
917 1050
917 1103
917 1156
140 1091
354 1091
786 1091
922 1091
952 1091
959 1091
967 1091
1011 1091
1028 1091
1091 1189
1091 1253
166 1166
493 1166
627 1166
842 1166
970 1166
29 40
29 791
29 1005
139 791
684 791
714 791
742 791
791 894
791 1073
791 1163
791 1217
568 1005
1005 1016
77 115
115 728
115 775
115 836
115 1032
115 1163
121 446
121 1205
111 127
127 140
127 290
127 318
127 620
127 627
127 742
127 987
127 1032
127 1073
127 1080
93 137
137 294
137 778
137 974
137 1088
137 1093
137 1127
137 1135
137 1172
137 1251
262 502
262 770
262 958
262 1147
275 355
275 357
275 449
275 646
275 749
275 761
275 809
275 830
275 836
275 890
275 970
275 1006
275 1060
275 1062
275 1074
275 1147
302 1006
43 343
48 343
186 343
239 343
304 343
343 446
343 535
343 538
343 722
343 970
343 984
343 1060
343 1147
61 358
72 358
87 358
206 358
358 444
358 559
358 608
358 885
358 936
358 1016
358 1129
358 1187
358 1235
288 386
330 386
386 449
386 495
386 585
386 768
386 874
386 1026
386 1073
93 412
240 412
349 412
412 672
412 936
412 1016
412 1080
412 1095
448 1070
448 1173
92 523
116 523
231 523
446 523
523 537
523 816
523 1027
523 1032
523 1045
523 1048
523 1080
523 1157
523 1184
209 527
231 527
385 527
387 527
476 527
495 527
511 527
527 576
527 605
527 620
527 714
527 735
527 971
527 1032
527 1073
527 1088
43 538
195 538
294 538
300 538
373 538
537 538
538 942
538 958
538 975
538 1094
538 1104
538 1173
543 776
543 818
543 820
543 894
543 968
543 995
543 1016
543 1078
543 1142
42 553
195 553
426 553
544 553
553 555
553 1016
553 1159
575 735
575 956
575 1032
575 1143
575 1160
575 1226
575 1231
590 636
590 801
590 1143
585 608
608 646
608 649
608 850
608 894
608 936
608 970
608 1004
633 995
633 1013
633 1152
633 1256
93 638
474 638
585 638
638 728
341 677
567 677
623 677
677 690
677 778
677 1016
105 695
134 695
188 695
695 742
695 970
705 1147
712 853
712 911
712 1160
94 780
201 780
445 780
446 780
512 780
585 780
618 780
780 781
780 842
780 951
780 956
780 1043
780 1201
294 793
793 809
793 994
793 1122
793 1163
793 1264
42 810
190 810
435 810
627 810
435 818
742 818
818 970
818 1073
841 842
414 857
857 966
857 1032
857 1093
857 1167
57 865
124 865
195 865
254 865
267 865
353 865
557 865
865 951
865 980
865 1021
865 1160
248 882
642 882
758 882
882 1018
908 910
910 1060
286 922
535 922
537 922
567 922
584 922
686 922
718 922
749 922
890 922
922 1016
922 1073
607 928
928 1206
928 1210
445 947
495 947
947 1088
947 1160
74 974
113 974
232 974
233 974
373 974
974 1009
233 1009
373 1009
400 1009
475 1009
550 1009
669 1009
786 1009
788 1009
959 1009
1009 1040
161 1014
270 1014
298 1014
318 1014
627 1014
686 1014
718 1014
722 1014
742 1014
846 1014
1001 1014
1006 1014
1014 1147
1014 1163
1014 1259
234 1064
604 1064
615 1064
627 1064
673 1064
684 1064
764 1064
1064 1153
936 1126
324 1141
1002 1141
148 1173
155 1173
366 1173
370 1173
528 1173
583 1173
629 1173
714 1173
747 1173
956 1173
1001 1173
1016 1173
1093 1173
1107 1173
1173 1174
1173 1206
600 1182
735 1182
416 1183
842 1183
879 1183
1169 1183
1183 1188
446 1189
248 1201
323 1201
589 1201
690 1201
851 1201
1094 1201
1160 1201
93 124
93 135
93 152
93 222
93 286
93 362
93 504
93 530
93 610
93 985
93 1138
129 170
129 840
129 1200
464 495
475 495
490 495
495 602
495 826
495 952
623 876
277 627
282 627
349 627
372 627
420 627
618 627
627 943
627 946
627 958
627 972
627 1043
627 1099
627 1192
178 716
577 716
292 1021
475 1021
537 1021
1021 1156
1089 1192
154 237
154 298
154 316
154 535
154 1114
146 195
195 338
195 378
195 445
195 565
195 853
195 1075
195 1081
201 442
201 445
201 781
201 1043
201 1054
201 1147
206 972
206 980
206 1211
206 1264
87 253
253 757
253 833
253 834
253 1180
71 382
382 445
382 970
232 400
400 435
400 646
400 855
400 968
400 970
400 1078
298 434
434 835
434 905
434 942
434 1260
379 482
482 926
482 1214
194 483
357 483
383 483
476 483
483 646
483 657
483 778
483 860
483 894
483 970
483 1093
488 490
490 1006
490 1073
475 506
500 506
506 748
506 771
506 836
506 869
506 934
506 1157
506 1243
506 1265
56 537
92 537
135 537
142 537
163 537
196 537
198 537
263 537
280 537
362 537
370 537
436 537
537 570
537 621
537 643
537 651
537 807
537 830
537 837
537 840
537 890
537 894
537 896
537 980
537 988
537 1016
537 1110
537 1160
537 1235
537 1264
561 700
561 749
561 1031
561 1225
62 578
186 578
385 578
528 578
578 816
578 830
578 987
578 1062
578 1067
578 1117
578 1185
159 589
589 1094
589 1145
59 640
186 640
323 640
446 640
640 718
640 951
640 1073
680 738
680 1257
283 682
682 800
682 1041
682 1170
152 713
475 713
713 714
322 781
353 781
373 781
445 781
781 820
781 936
781 970
781 1030
781 1043
781 1054
781 1093
781 1163
56 807
231 807
248 807
598 807
649 834
670 834
834 975
373 852
749 852
852 970
852 1031
852 1035
118 952
168 952
268 952
288 952
290 952
298 952
316 952
355 952
416 952
620 952
722 952
755 952
761 952
764 952
771 952
784 952
952 980
952 987
952 988
952 1032
952 1047
952 1067
952 1073
952 1080
952 1147
952 1158
90 970
277 970
307 970
500 970
618 970
692 970
697 970
729 970
777 970
786 970
963 970
970 972
373 1011
401 1011
605 1011
611 1011
1008 1011
142 1060
373 1060
398 1060
420 1060
535 1060
567 1060
626 1060
776 1060
838 1060
980 1060
1034 1060
1060 1067
1060 1107
1060 1112
98 1094
119 1094
189 1094
260 1094
300 1094
370 1094
391 1094
426 1094
440 1094
445 1094
605 1094
646 1094
662 1094
687 1094
738 1094
766 1094
816 1094
871 1094
919 1094
949 1094
1013 1094
1018 1094
1072 1094
1073 1094
1094 1107
1094 1128
1094 1145
1094 1184
142 1110
605 1110
730 1110
1110 1111
1110 1157
1110 1231
183 1127
422 1127
1036 1127
211 1138
280 1138
294 1138
352 1138
424 1138
742 1138
988 1138
1138 1160
1083 1156
1147 1156
1156 1163
1156 1264
54 1157
87 1157
363 1157
421 1157
567 1157
599 1157
612 1157
651 1157
688 1157
835 1157
840 1157
901 1157
1044 1157
1073 1157
1077 1157
1113 1157
1157 1207
1157 1264
869 1162
930 1162
72 1235
972 1235
1235 1245
68 1253
96 1253
194 1253
234 1253
643 1253
646 1253
783 1253
830 1253
906 1253
980 1253
1051 1253
1147 1253
1148 1253
1253 1264
36 670
36 671
36 761
140 670
360 670
403 670
582 670
670 1001
670 1095
670 1211
328 671
654 671
109 761
174 761
313 761
349 761
388 761
761 975
37 373
37 643
37 934
37 1078
37 1100
50 373
225 373
232 373
373 374
373 415
373 475
373 634
373 788
373 975
373 1163
373 1262
124 934
283 934
854 934
934 972
934 1043
934 1063
87 1078
180 1078
323 1078
535 1078
835 1078
1054 1078
1078 1147
168 1100
1031 1100
38 179
145 179
179 383
179 904
179 924
179 925
39 984
72 984
87 984
186 984
200 984
247 984
294 984
298 984
446 984
783 984
813 984
954 984
969 984
41 357
104 357
357 582
42 426
42 980
42 1177
42 1264
426 794
186 980
567 980
620 980
732 980
839 980
975 980
980 1047
980 1073
980 1223
980 1264
754 1177
198 1264
485 1264
567 1264
620 1264
771 1264
958 1264
972 1264
1073 1264
1211 1264
43 975
475 975
718 975
975 1006
128 134
128 486
128 520
128 1160
167 316
167 334
167 353
167 868
167 979
183 208
208 747
208 789
208 1160
227 1191
311 445
311 694
106 334
166 334
334 995
334 1016
334 1215
104 360
360 416
360 649
332 384
383 384
200 502
304 502
322 502
323 502
502 503
502 853
502 998
502 1062
540 649
630 987
267 720
445 720
694 720
720 804
720 842
720 903
802 860
402 951
416 951
794 951
951 1016
951 1147
141 967
288 967
584 967
804 967
932 967
936 967
967 1016
72 1193
298 1193
300 1193
600 1193
649 1193
1092 1193
1193 1257
45 808
111 140
111 290
111 370
111 840
111 1136
294 349
294 895
294 942
294 1090
391 577
391 1137
124 714
140 714
714 839
714 840
124 748
174 748
370 748
60 1073
87 1073
190 1073
280 1073
349 1073
363 1073
438 1073
466 1073
588 1073
599 1073
618 1073
653 1073
756 1073
786 1073
819 1073
837 1073
926 1073
1036 1073
1070 1073
1073 1206
1073 1236
1073 1247
277 1080
377 1080
792 1080
826 1080
946 1080
972 1080
1080 1245
212 1095
846 1095
956 1095
1095 1170
890 1152
995 1152
1063 1152
1130 1152
124 1160
277 1160
282 1160
283 1160
306 1160
341 1160
381 1160
431 1160
591 1160
946 1160
959 1160
985 1160
1137 1160
959 1175
283 1231
548 1231
618 1231
972 1231
47 393
49 938
50 788
475 788
526 788
636 788
68 230
161 1158
237 239
286 634
107 298
282 298
298 542
298 735
67 304
87 304
304 372
304 475
316 372
316 377
316 868
316 972
283 332
332 835
332 972
118 445
172 445
345 445
379 445
445 749
445 956
445 968
445 1045
445 1081
445 1170
445 1180
87 446
345 446
372 446
420 446
446 594
446 942
446 963
446 1050
446 1081
446 1186
126 585
585 1230
422 649
649 1000
649 1103
649 1211
700 803
87 749
345 749
377 749
379 749
651 749
749 786
749 1050
749 1103
749 1243
801 805
180 806
696 806
842 860
842 1000
842 1054
846 1170
487 950
565 950
274 1031
277 1031
777 1031
891 1031
87 1051
183 1051
930 1051
1051 1214
80 1063
611 1063
953 1063
1063 1170
1063 1260
81 1147
274 1147
305 1147
313 1147
379 1147
422 1147
930 1147
1129 1147
1147 1186
1147 1236
64 1163
87 1163
415 1163
604 1163
995 1163
1103 1163
252 1257
168 379
168 942
168 958
168 1103
54 599
599 1234
56 87
56 475
56 634
56 775
56 1086
56 1204
56 1247
86 87
87 171
87 268
87 297
87 611
87 615
87 665
87 688
87 774
87 924
87 1054
87 1121
87 1148
87 1248
192 475
213 475
300 475
306 475
374 475
457 475
475 604
475 605
475 614
475 615
475 660
475 776
475 1145
74 634
607 634
362 775
422 775
775 862
124 1086
130 1086
188 1086
466 1086
620 1086
362 1204
836 1204
57 345
345 463
345 644
345 742
345 995
466 844
466 1007
124 581
339 581
512 581
581 879
581 968
396 1036
535 1036
572 1036
969 1036
378 1050
1026 1050
59 607
59 1022
104 607
163 607
607 794
607 1251
61 869
61 1070
248 869
525 869
869 1081
62 91
63 828
63 1093
828 1178
372 1093
787 1093
64 142
64 534
64 603
64 1243
142 152
142 283
142 500
142 603
142 862
142 1032
142 1128
142 1243
142 1245
500 603
605 1243
1243 1244
67 763
230 894
230 949
164 402
108 618
396 618
481 618
618 718
618 835
211 1041
287 1041
605 1041
1035 1041
190 1168
988 1168
1083 1168
72 916
72 969
72 1000
90 969
183 969
203 969
313 969
853 1000
1000 1101
74 688
203 688
274 688
186 305
186 379
186 474
186 584
186 771
186 901
186 1043
186 1181
186 1236
92 1019
398 1019
1016 1019
77 78
77 454
77 489
77 771
77 1122
454 485
454 1228
145 489
489 774
489 1211
104 771
274 771
601 771
771 1129
394 1122
79 809
786 809
80 946
80 972
105 946
260 946
270 946
481 946
946 1016
946 1191
946 1219
383 972
559 972
690 972
966 972
968 972
972 1170
972 1224
188 287
188 436
188 752
188 880
413 890
436 738
436 836
476 477
533 943
246 786
566 786
786 1187
329 836
378 836
403 836
679 836
180 894
442 894
199 966
349 966
419 966
531 966
985 1221
140 1032
146 1032
377 1032
418 1032
422 1032
431 1032
582 1032
620 1032
629 1032
711 1032
777 1032
835 1032
909 1032
931 1032
1032 1137
914 1040
118 547
547 826
547 935
547 968
288 577
577 615
577 754
577 1143
577 1256
601 1054
601 1067
601 1259
135 394
329 394
394 732
431 498
529 813
529 949
529 1170
135 620
140 620
215 620
283 620
372 620
431 620
474 620
620 835
620 1103
266 877
582 877
877 879
877 909
877 1028
349 1034
277 1167
880 1167
268 322
268 457
268 503
268 563
611 1114
611 1214
665 1130
665 1140
145 924
202 924
281 924
403 924
414 924
605 924
663 924
686 924
924 1143
924 1178
194 1054
656 1054
1043 1054
455 1121
162 1148
182 1148
867 1148
990 1148
1115 1148
353 1248
383 1248
718 1248
194 669
194 958
194 1143
416 420
416 835
403 507
372 559
512 776
567 776
776 873
234 835
247 835
464 835
515 835
535 835
674 835
729 835
835 942
835 1016
94 936
274 936
276 936
349 936
134 1016
398 1016
632 1016
711 1016
734 1016
827 1016
905 1016
954 1016
1016 1113
1016 1180
1016 1214
1016 1245
1016 1251
203 646
203 1018
246 783
247 787
190 349
237 349
318 349
349 410
349 511
349 574
349 684
349 756
349 820
349 987
349 1018
349 1219
146 378
338 378
378 459
378 871
378 1075
378 1081
276 414
414 422
414 468
372 422
422 690
290 567
415 567
532 567
567 742
567 755
567 830
567 987
567 1045
567 1187
567 1206
151 592
339 879
145 925
120 1129
285 1129
655 1129
794 1129
631 1180
1101 1180
90 254
90 300
232 300
300 443
300 874
124 185
124 210
124 684
124 935
124 1004
124 1006
124 1076
124 1266
135 317
135 1214
152 424
219 222
222 988
183 362
362 406
362 520
362 909
163 504
504 509
398 569
361 784
361 816
183 418
418 431
418 812
511 651
1143 1170
1170 1214
1170 1241
435 1259
735 1259
199 406
406 546
406 576
485 1228
102 742
126 742
140 742
519 742
588 742
126 365
126 1045
198 274
198 1065
104 994
994 1075
106 1214
612 1214
1013 1214
1214 1255
108 277
108 876
108 956
277 280
277 288
277 366
277 383
277 387
277 462
277 467
277 481
277 544
277 686
277 727
277 817
277 840
277 993
277 1006
735 956
956 1101
956 1224
140 290
140 535
290 531
290 840
368 370
370 515
370 1114
209 840
280 840
296 840
387 840
727 840
840 880
840 890
840 1027
840 1061
840 1200
145 728
235 728
524 728
728 831
116 734
116 737
174 183
174 568
174 871
174 875
174 1143
174 1265
182 1047
231 283
283 487
283 686
314 392
314 398
314 1101
398 1101
431 931
431 1015
588 1228
544 632
213 746
605 746
746 860
746 1002
584 789
789 1206
690 963
949 963
1024 1043
908 1028
1028 1043
769 1065
943 1065
463 1223
481 1223
724 1223
118 935
118 1043
155 1043
442 1043
604 1043
851 1043
1043 1124
1043 1178
120 706
120 794
120 1004
655 794
134 1004
1004 1117
328 605
363 605
372 605
419 605
602 605
605 770
605 937
605 1213
584 1143
1143 1178
185 280
185 282
185 427
185 750
185 1137
546 1006
582 1076
276 424
519 1045
305 987
926 987
987 1102
183 282
282 931
282 1206
313 435
328 505
328 1030
363 438
353 372
372 435
372 584
372 853
372 1124
403 582
403 816
403 981
427 816
175 647
385 647
211 723
180 816
276 816
816 926
816 937
816 1197
645 838
164 868
312 943
439 943
584 943
769 943
943 1206
257 1137
385 1137
1137 1155
323 1211
964 1211
1062 1211
133 151
147 151
266 317
248 259
248 642
248 1018
813 1103
165 1128
183 764
764 1044
145 890
183 890
419 890
531 890
546 890
555 890
772 890
890 1062
890 1213
420 535
218 740
353 1133
145 234
145 988
234 1186
546 988
687 988
988 1120
146 245
148 515
219 563
189 546
546 1001
738 1038
232 855
155 1103
263 1103
1001 1103
704 711
710 711
288 937
458 937
582 937
209 1114
616 1114
880 1114
155 990
159 160
556 1158
497 979
379 449
379 584
379 964
691 958
276 323
478 885
183 433
183 528
183 572
183 1107
568 873
568 1186
701 843
904 905
189 653
385 531
287 926
539 1077
679 1077
1206 1238
1037 1047
572 631
280 727
741 750
750 964
368 880
880 909
565 1146
565 1199
832 1075
1072 1075
1075 1145
197 449
525 1018
642 1018
232 233
233 636
212 891
276 385
385 751
462 727
322 458
295 354
354 883
1083 1186
1089 1191
228 366
366 635
325 478
387 631
631 1250
459 783
240 672
1187 1196
322 503
741 787
787 971
249 251
251 396
260 303
355 770
264 265
832 1072
799 1062
1038 1074
276 441
377 387
387 602
377 686
279 438
438 767
438 1003
959 968
292 293
299 1089
614 1089
741 1089
308 309
309 310
312 420
395 465
339 512
344 1262
415 1262
881 1262
347 896
582 1225
905 1124
415 881
856 1083
519 964
827 964
751 754
692 968
968 1146
594 709
450 725
455 1254
1111 1176
715 717
765 873
548 606
548 1119
1099 1246
628 1042
