1 2
1 3
1 6
1 10
1 14
1 16
1 20
1 46
1 273
2 3
2 6
2 14
2 16
2 18
2 23
2 37
2 41
2 273
3 4
3 6
3 10
3 27
3 45
3 290
6 7
6 10
6 21
6 24
6 31
6 37
6 43
6 46
6 51
10 11
10 29
10 43
10 119
10 124
10 134
10 144
10 180
10 293
10 420
10 421
10 482
14 15
14 48
14 49
14 51
14 299
15 16
16 17
16 20
16 53
16 158
16 321
16 786
18 20
20 68
20 77
20 78
20 79
20 122
20 151
20 710
12 46
29 46
43 46
44 46
45 46
46 49
46 50
46 51
46 91
46 125
46 127
46 134
46 172
46 176
46 421
46 735
46 794
49 273
50 273
51 273
18 19
18 27
18 33
18 188
22 23
23 721
23 785
23 884
23 895
23 1091
37 38
37 119
41 42
41 119
41 326
4 5
4 13
4 34
4 39
4 40
4 47
4 113
4 535
4 554
4 555
27 28
27 44
27 165
27 188
27 289
27 685
27 712
27 715
27 797
27 910
27 911
5 85
5 799
13 127
34 47
34 66
34 82
34 101
34 102
34 103
34 109
34 113
34 114
34 116
34 161
34 189
34 191
34 192
34 425
34 426
34 429
47 52
47 66
47 82
47 83
47 84
47 98
47 120
47 125
47 127
47 163
47 195
47 276
47 425
47 470
47 473
47 477
47 482
47 488
47 537
47 657
47 672
47 841
67 113
72 113
77 113
102 113
103 113
104 113
108 113
109 113
113 116
113 119
113 131
113 141
113 143
113 194
113 195
113 297
113 300
113 430
113 536
113 542
113 551
113 554
113 556
113 570
435 535
287 555
84 85
85 168
798 799
7 8
7 49
7 136
7 548
21 22
21 35
21 895
21 896
24 25
24 49
24 50
24 81
24 132
24 156
24 157
24 158
24 284
24 299
24 492
24 544
24 1214
31 32
29 43
43 44
43 167
43 188
43 272
43 291
43 292
43 436
43 574
43 712
43 830
43 1090
49 51
50 51
51 52
51 114
51 272
51 435
51 491
51 563
8 9
8 288
8 289
8 572
8 705
33 49
48 49
49 50
49 185
49 434
49 435
49 436
135 136
136 263
136 281
136 398
136 454
136 466
136 504
136 518
136 597
136 660
136 687
136 711
136 1015
546 548
547 548
548 549
548 559
9 52
9 263
9 264
9 285
9 560
9 992
287 288
22 289
44 289
188 289
289 559
289 560
285 572
299 572
544 572
175 705
52 63
52 76
52 81
52 120
52 124
52 125
52 127
52 128
52 134
52 135
52 137
52 148
52 168
52 263
52 266
52 270
52 272
52 276
52 286
52 291
52 295
52 296
52 454
52 470
52 582
52 737
52 970
52 1013
76 263
81 263
124 263
263 265
263 466
263 734
263 992
135 264
264 724
284 285
11 12
38 119
75 119
118 119
119 152
119 291
119 295
119 470
119 474
119 529
106 124
116 124
124 125
124 135
124 191
124 274
124 435
124 737
90 134
92 134
100 134
134 144
134 161
134 266
134 427
134 666
134 707
91 144
139 144
144 161
144 420
180 512
179 293
292 293
84 421
12 160
12 1089
159 160
160 1090
685 1089
126 127
127 128
127 470
127 473
127 682
15 26
15 185
121 299
299 436
299 544
299 595
299 597
25 26
26 94
26 157
26 271
26 341
26 495
26 713
26 911
50 185
123 185
185 598
17 157
17 158
17 713
53 54
53 68
53 69
53 75
53 102
53 787
53 828
53 829
53 1095
157 158
158 159
158 191
158 365
158 528
158 537
158 1123
320 321
321 322
321 338
321 1018
321 1101
321 1102
44 786
153 786
157 786
208 786
786 797
786 1118
30 157
94 157
157 165
157 166
157 384
157 507
157 735
157 790
157 791
157 807
157 809
157 820
157 1093
157 1119
712 713
19 22
19 487
19 616
19 810
19 898
19 984
32 33
165 188
188 797
22 435
486 487
487 710
404 616
616 1045
616 1066
461 810
897 898
983 984
984 986
67 68
68 73
68 77
68 86
68 87
68 93
68 108
68 109
68 116
68 132
68 133
68 141
68 148
68 172
68 173
68 190
68 212
68 220
68 254
68 424
68 711
68 788
68 789
68 814
68 815
68 1059
68 1149
68 1196
68 1215
77 102
77 116
73 78
78 110
72 79
79 80
79 105
79 152
79 168
79 183
79 538
79 552
79 553
79 573
79 617
121 122
122 135
122 467
122 690
122 784
122 991
122 1014
36 151
96 151
109 151
151 170
709 710
710 783
35 36
35 152
35 191
35 326
207 895
209 895
406 895
460 895
689 895
692 895
895 896
895 987
895 988
895 1012
895 1128
206 896
692 896
896 897
896 993
50 435
91 435
100 435
126 435
435 470
435 483
720 721
721 722
721 852
721 866
721 899
721 937
721 962
784 785
883 884
579 1091
1091 1092
25 30
25 529
25 530
50 566
50 730
50 731
50 793
76 81
81 266
81 278
81 281
81 287
81 687
81 689
110 132
132 133
132 844
102 156
156 801
123 284
135 284
76 544
121 544
272 544
436 544
543 544
544 545
544 558
544 1013
172 1214
30 165
126 529
530 531
530 668
75 94
93 94
94 96
94 165
94 617
94 807
94 828
270 271
186 341
322 341
95 495
495 979
783 911
28 165
28 797
44 110
44 148
44 176
44 208
44 412
44 436
44 528
44 537
44 577
44 792
44 802
44 807
44 809
44 822
44 830
44 837
44 843
44 969
165 782
165 783
405 685
685 1045
213 712
711 712
712 776
714 715
187 797
574 797
796 797
797 830
797 1094
460 910
62 66
65 66
66 67
66 72
66 73
66 82
66 114
66 118
66 182
66 424
66 568
66 581
63 82
64 82
82 83
82 89
82 98
82 101
82 104
82 106
82 120
82 146
82 301
82 422
82 808
82 1051
91 101
101 287
101 431
101 732
54 102
73 102
102 103
102 109
102 116
102 150
102 154
102 163
102 171
102 200
102 657
102 816
102 1019
103 104
103 108
103 164
103 181
36 109
67 109
108 109
109 112
109 116
109 170
109 202
109 411
109 538
109 579
109 676
109 731
109 824
109 840
109 841
62 114
65 114
114 302
114 493
54 116
96 116
116 117
116 137
116 149
116 171
116 172
116 425
116 428
116 1122
90 161
92 161
100 161
138 161
139 161
161 425
189 190
190 191
191 208
191 430
191 791
191 830
191 1096
191 1097
163 192
192 193
425 537
141 429
143 429
36 108
36 824
152 153
325 326
326 596
326 793
108 111
108 148
108 841
148 824
38 153
38 184
38 297
38 384
38 733
38 948
183 184
296 297
297 563
322 384
384 621
287 733
486 948
166 167
167 1093
270 272
291 521
291 553
291 636
291 693
208 292
292 510
292 668
292 679
292 839
573 574
574 830
110 830
187 830
537 830
830 831
830 1053
830 1124
54 110
71 110
72 110
74 110
75 110
89 110
95 110
110 148
110 171
110 176
110 577
110 684
110 844
110 1117
110 1130
145 148
148 149
148 208
148 300
148 642
148 822
148 823
148 845
148 968
148 1064
148 1122
176 177
176 187
176 412
176 460
176 528
176 800
179 208
207 208
208 461
208 781
208 783
86 412
174 412
89 537
135 537
195 537
536 537
537 657
187 577
325 577
577 790
187 792
324 792
792 1127
187 802
711 802
802 803
790 807
54 822
73 822
145 822
187 822
621 837
75 843
187 843
735 843
968 969
90 91
91 92
91 100
91 138
91 139
91 146
91 427
90 125
92 125
100 125
106 125
125 137
125 571
172 295
172 377
172 378
172 815
714 735
735 845
735 1123
794 795
64 83
83 120
83 470
83 473
83 671
84 473
63 98
98 99
98 502
63 120
120 121
120 266
120 287
120 658
99 163
137 195
194 195
195 266
195 571
276 277
126 470
430 470
477 478
477 494
488 489
89 657
672 673
123 434
565 566
566 596
286 730
690 730
711 730
490 491
491 798
485 563
563 564
563 567
62 63
63 64
63 126
63 135
63 1051
76 595
76 656
105 128
128 129
128 673
135 268
135 424
135 598
135 627
135 678
135 736
135 856
135 857
135 968
135 1007
135 1106
135 1226
137 266
137 666
137 702
105 168
129 168
168 169
168 187
168 671
168 821
168 1092
168 1119
100 266
266 281
266 538
266 578
121 270
269 270
286 287
286 324
295 489
295 683
295 814
296 489
296 490
296 732
362 454
454 455
454 653
578 582
89 737
690 970
970 974
308 1013
1006 1013
54 93
54 95
54 96
54 145
54 150
54 171
69 147
69 149
69 787
74 75
75 489
75 844
75 845
828 1117
512 829
319 1095
93 569
93 1052
73 95
95 201
95 1052
96 149
73 145
145 146
145 201
145 202
145 550
145 1134
55 56
55 1076
56 57
56 853
56 904
56 905
56 906
56 933
56 1079
629 1076
1076 1077
57 58
57 394
57 395
57 632
852 853
853 854
853 870
853 905
853 935
903 904
904 909
904 1169
906 907
906 1141
906 1157
58 933
903 933
1078 1079
58 59
58 757
393 394
395 633
206 632
304 632
358 632
631 632
632 934
59 60
59 935
756 757
60 61
60 1185
61 283
61 356
61 360
61 654
61 716
61 1000
61 1002
1184 1185
282 283
283 567
355 356
359 360
455 654
687 716
999 1000
359 1002
868 1002
62 70
62 88
62 303
62 423
62 666
62 708
70 71
70 141
70 1051
88 89
88 97
88 140
302 303
64 423
146 423
267 423
294 423
89 666
100 666
107 666
162 666
666 667
89 708
64 65
64 89
64 665
64 667
126 489
126 658
71 1051
65 141
65 542
65 575
89 90
89 100
89 121
89 162
89 190
89 193
89 267
89 298
89 427
89 431
89 655
89 658
89 662
89 664
89 665
89 667
89 840
72 141
542 543
575 576
67 72
67 111
67 112
67 115
67 509
67 552
67 675
67 676
71 72
72 73
72 111
72 115
72 142
72 146
72 201
72 424
72 479
72 493
72 808
73 74
73 87
73 154
73 186
73 424
73 509
73 525
73 526
104 118
117 118
118 430
118 736
118 1005
181 182
104 424
424 428
424 1132
146 552
201 552
71 675
86 173
86 205
86 320
86 323
86 396
86 848
86 977
86 982
86 1017
86 1116
173 174
173 187
173 711
173 813
173 986
173 1129
97 190
190 502
211 212
212 213
212 216
212 221
212 594
212 749
212 751
212 752
212 753
212 754
212 763
212 766
212 767
212 772
212 774
212 777
213 220
216 220
220 221
220 250
220 260
220 452
220 776
252 254
711 714
711 814
601 788
668 788
350 789
806 814
1058 1059
523 1149
617 1149
1008 1149
1149 1195
1149 1211
311 1196
1215 1216
146 147
71 663
71 664
662 663
664 684
142 143
146 155
146 422
146 551
146 562
146 825
146 827
155 201
200 201
201 494
201 496
201 497
201 805
201 826
155 479
200 479
478 479
479 507
479 525
479 561
479 1126
154 155
154 525
186 187
186 196
186 617
187 526
489 490
489 658
187 845
100 656
104 105
105 129
105 169
105 378
105 570
105 728
105 729
105 842
105 932
538 539
365 553
311 617
601 617
604 617
617 621
617 1117
278 279
278 504
278 505
280 281
281 282
287 484
287 724
598 687
687 717
308 689
311 689
689 690
689 866
689 947
689 964
689 971
106 107
106 162
301 302
204 205
205 377
205 562
205 1023
312 320
319 320
320 383
179 323
187 323
322 323
187 396
312 848
338 848
340 848
848 1025
848 1207
848 1208
497 977
977 980
981 982
340 1017
1115 1116
97 275
97 427
97 701
140 193
140 275
140 427
140 701
90 432
90 483
100 107
121 123
121 559
121 658
121 690
162 267
162 294
274 298
427 433
427 706
427 707
430 655
432 433
274 275
700 701
99 277
99 428
107 571
107 700
199 200
200 496
200 813
200 1019
411 816
500 816
805 816
816 981
129 130
129 512
378 621
378 823
727 728
598 729
578 842
565 932
866 932
931 932
410 411
411 497
411 503
411 981
579 580
1130 1131
131 511
143 826
365 430
536 578
551 561
556 557
565 736
691 736
692 1005
991 1005
206 474
358 474
474 677
558 559
398 690
690 691
690 937
466 467
467 468
467 469
467 481
467 524
467 534
783 784
692 991
947 991
406 1014
1014 1015
1014 1049
682 683
130 511
511 512
512 827
268 269
597 598
598 688
358 627
626 627
627 678
627 940
387 678
855 856
207 968
958 968
968 985
968 1011
221 1007
958 1106
964 1106
963 1226
397 398
398 399
398 709
398 965
398 1064
466 519
466 520
466 549
466 734
504 608
518 519
282 660
306 660
456 660
659 660
660 661
660 760
660 873
660 878
660 879
660 1144
702 703
825 826
155 480
155 498
155 978
825 827
625 642
641 642
642 643
642 894
1064 1065
340 480
498 499
978 979
800 801
499 507
507 508
507 513
507 806
507 811
790 1120
820 821
335 365
343 365
365 366
365 471
365 621
365 1222
781 782
783 834
783 1082
783 1133
174 187
179 187
187 210
187 635
187 942
187 961
187 1094
187 1115
187 1120
187 1121
174 175
174 602
174 1067
174 1125
960 986
983 986
210 1129
175 179
175 600
175 628
175 942
601 602
894 1067
965 1067
668 1125
178 179
179 307
179 324
179 510
179 603
179 960
322 600
601 628
628 894
628 941
209 942
941 942
177 178
460 461
460 993
460 1121
307 308
601 603
894 960
959 960
960 961
960 965
209 210
210 958
601 635
635 894
1096 1101
1097 1098
197 198
198 199
198 312
198 336
199 340
199 623
203 312
312 313
312 314
312 318
312 329
312 336
312 342
312 343
312 345
312 350
312 383
312 385
312 390
312 407
312 413
312 532
312 533
312 599
312 647
312 648
312 650
312 651
312 697
312 699
312 851
312 976
312 1088
312 1107
312 1110
312 1111
312 1112
336 337
322 340
339 340
340 408
340 409
340 981
340 1016
319 623
496 806
804 805
805 806
203 204
203 318
318 319
1018 1023
206 207
206 209
206 405
206 527
206 1011
206 1048
209 362
209 866
209 941
404 405
405 406
405 646
405 966
405 989
405 990
405 994
405 1047
405 1080
405 1081
401 527
1047 1048
461 1118
343 362
362 363
362 659
362 670
565 866
866 867
866 931
866 1143
858 958
958 959
213 214
213 217
213 223
213 225
213 229
213 234
213 238
213 240
213 259
213 440
213 742
213 770
213 775
216 217
216 255
218 221
221 250
221 251
221 253
221 952
221 953
221 1006
221 1061
593 594
594 1060
754 776
763 764
763 768
772 776
776 777
214 215
214 224
214 239
214 244
214 258
214 259
214 445
214 1035
214 1038
217 218
217 253
217 255
223 224
223 741
223 745
225 226
229 230
234 235
238 239
238 244
238 258
238 259
238 591
238 1029
240 241
259 445
259 738
259 741
259 743
259 755
259 1035
218 440
437 440
235 742
742 748
742 776
742 1054
255 770
741 770
770 1056
775 776
215 439
215 1033
224 252
224 442
224 443
224 446
224 1043
224 1056
239 450
244 450
231 258
258 449
258 450
258 1032
258 1034
258 1037
444 445
445 446
1034 1035
1037 1038
438 439
439 443
1032 1033
218 255
255 1063
218 219
218 222
218 249
218 250
218 252
218 256
218 261
218 437
218 441
218 745
218 746
218 1055
218 1062
222 872
249 930
226 250
241 250
250 252
250 260
251 252
252 438
252 444
252 762
252 936
252 1040
252 1041
230 261
235 261
260 261
261 262
261 437
261 448
441 442
744 745
746 747
1054 1055
1055 1061
1062 1063
241 452
452 453
452 748
452 750
951 952
306 953
308 1006
646 1006
692 1006
593 872
871 872
872 930
872 936
741 762
1042 1043
226 227
226 228
226 233
226 243
226 245
226 248
226 447
233 453
233 890
235 447
230 231
230 750
230 1054
231 232
231 451
748 750
257 1054
450 451
756 890
235 236
235 241
235 748
236 237
241 242
241 246
241 247
241 257
450 748
747 748
748 1040
590 591
1029 1030
449 450
450 1041
257 1057
1041 1042
1057 1058
448 449
738 739
738 881
738 951
738 955
738 1213
743 744
755 756
755 758
389 734
534 734
724 725
279 280
280 607
280 608
606 607
484 485
521 522
521 943
521 944
521 1008
521 1204
604 636
620 636
636 637
636 647
636 650
636 651
636 780
636 860
693 694
668 669
621 679
679 680
679 686
838 839
304 305
304 902
304 903
305 306
871 902
306 393
306 456
306 459
306 739
306 899
306 957
306 1139
306 1140
306 1143
306 1145
306 1209
311 393
391 393
393 476
393 950
393 1139
455 456
456 457
456 761
458 459
459 583
659 739
852 899
899 900
899 954
899 1128
956 957
523 1140
1140 1141
1140 1186
1145 1146
1208 1209
308 314
308 387
308 401
308 605
308 692
308 868
308 963
308 964
308 967
313 314
314 315
314 333
314 385
314 386
314 397
314 606
386 387
387 388
387 401
387 406
387 677
387 964
387 1072
350 401
361 401
386 401
401 402
401 625
401 629
401 639
401 964
401 971
401 1068
401 1073
401 1074
401 1080
401 1210
361 605
604 605
605 615
691 692
692 967
692 996
692 1001
692 1050
641 868
867 868
868 869
868 967
868 996
868 997
868 1001
868 1003
868 1069
868 1070
868 1150
868 1151
868 1223
358 963
388 963
720 963
917 963
962 963
963 966
963 999
963 1072
963 1150
963 1221
639 964
720 964
964 1068
309 310
310 311
310 629
311 391
311 392
311 620
311 926
311 1218
604 629
629 630
629 917
629 943
390 391
391 392
391 615
391 669
391 1211
391 1212
315 392
333 392
369 392
392 615
604 620
925 926
1217 1218
329 330
329 343
342 343
343 344
343 357
343 361
343 372
343 374
343 403
344 345
345 346
345 397
345 403
345 404
345 990
350 351
350 354
350 372
350 397
350 1073
383 681
383 946
407 408
413 414
531 532
531 533
646 647
647 648
647 780
647 975
604 650
604 651
696 697
696 699
850 851
975 976
976 1138
1087 1088
388 1107
1107 1219
1107 1223
1107 1224
1109 1110
1109 1111
1109 1112
315 316
315 327
315 403
315 615
315 864
315 865
315 1175
316 333
333 334
333 367
333 369
333 381
333 618
333 1222
358 386
386 400
386 893
386 894
386 965
386 1020
386 1108
319 397
397 402
397 604
397 622
397 1028
397 1073
397 1083
397 1085
606 719
606 937
606 947
316 317
327 328
348 403
403 1084
604 615
615 849
615 850
852 864
864 865
618 865
852 865
865 971
849 1175
317 472
471 472
319 346
319 604
319 994
319 1024
319 1027
337 346
346 347
346 379
346 471
346 995
361 604
604 609
604 614
604 622
604 640
604 646
604 649
604 694
604 973
604 1158
406 994
408 1024
1027 1028
322 325
322 980
337 338
338 339
1016 1018
409 1102
328 348
328 1084
328 1173
347 348
348 349
348 379
348 618
349 1084
379 1084
1172 1173
330 331
330 352
330 353
331 332
351 352
353 354
353 361
353 624
332 361
332 1160
361 404
361 929
361 971
361 1022
361 1075
1159 1160
334 335
334 380
334 1142
366 367
367 368
367 419
335 369
369 370
369 1194
335 381
366 381
381 382
376 618
618 619
335 1202
1141 1142
1193 1202
337 1083
408 686
408 1016
408 1020
408 1104
408 1108
409 410
409 1103
357 358
358 372
372 373
374 375
374 379
404 971
375 995
354 355
354 371
354 997
354 1105
624 625
371 373
371 1004
371 1199
997 998
720 1105
358 359
358 475
358 625
358 891
358 892
358 893
358 971
475 476
475 917
625 626
625 939
625 940
858 891
860 891
891 892
893 894
971 972
971 1008
971 1210
928 929
1021 1022
1074 1075
363 364
659 852
659 882
659 883
661 670
670 717
670 773
670 949
621 838
370 1100
1193 1194
1085 1100
1003 1004
1198 1199
375 376
375 619
382 517
514 517
680 681
894 946
399 400
601 894
894 965
965 985
965 1049
1020 1021
388 389
406 641
406 645
406 1046
469 1072
481 1072
534 1072
389 520
389 773
389 1012
415 669
476 614
476 917
522 950
633 634
1085 1086
1085 1099
638 639
1068 1069
988 989
1081 1082
640 641
644 645
565 1046
1103 1104
410 806
414 415
415 416
416 417
417 418
652 653
457 458
761 915
462 463
462 758
462 759
463 464
759 760
464 465
465 779
465 847
465 1114
778 779
846 847
1113 1114
468 740
468 987
468 1071
469 740
469 987
481 740
481 987
524 740
524 987
524 1071
534 740
534 987
534 1071
717 740
1070 1071
852 917
917 918
917 921
803 1126
485 486
486 947
947 1144
499 500
499 811
500 501
500 506
804 811
501 812
506 817
508 818
513 514
818 819
514 515
515 516
522 523
944 945
944 1009
1203 1204
523 1009
523 1025
523 1026
523 1148
523 1152
523 1161
523 1165
523 1176
523 1183
523 1190
523 1200
523 1203
523 1205
1009 1010
1009 1170
1009 1174
1025 1026
1147 1148
1152 1153
1161 1162
1165 1166
1176 1177
1183 1184
1190 1191
1200 1201
1205 1206
539 540
540 541
545 546
557 558
546 547
564 565
584 585
585 586
586 587
586 592
587 588
592 593
588 589
589 590
1058 1060
609 610
972 973
1158 1159
718 719
719 720
719 852
937 1225
610 611
611 612
612 613
849 1168
780 850
850 861
1065 1066
938 939
630 631
871 934
637 638
780 860
780 927
859 860
643 644
852 858
852 876
852 880
852 949
876 882
661 674
661 704
873 874
873 912
877 878
874 879
879 885
703 704
717 718
1049 1050
695 696
696 698
722 723
725 726
726 727
726 974
876 881
880 881
954 955
955 956
954 1213
756 889
888 889
915 916
764 765
764 1058
768 769
768 771
768 1058
927 928
834 835
1127 1128
795 796
803 804
831 832
832 1124
832 833
835 836
1206 1207
1167 1168
1168 1169
1168 1174
861 862
858 859
858 938
876 877
854 855
870 871
855 1178
855 1179
1177 1178
1179 1180
862 863
871 888
871 901
900 901
874 875
912 913
885 886
886 887
954 1217
908 909
907 908
1141 1146
1141 1147
1156 1157
913 914
918 919
921 922
919 920
920 1188
1187 1188
1188 1189
922 923
923 924
924 925
1224 1225
945 1201
998 999
1220 1221
983 985
1137 1138
1170 1171
1030 1031
1030 1036
1030 1039
1030 1044
1077 1078
1086 1087
1098 1099
1219 1220
1135 1136
1136 1137
1186 1187
1186 1191
1186 1195
1153 1154
1154 1155
1155 1156
1162 1163
1163 1164
1166 1167
1171 1172
1171 1192
1192 1193
1180 1181
1181 1182
1181 1197
1184 1198
