1 2
1 3
1 4
1 5
1 6
1 7
1 8
3 6
3 7
3 9
3 10
3 11
3 12
3 13
3 14
3 15
4 6
4 9
5 8
5 10
6 7
6 11
7 12
8 47
8 62
8 63
9 13
9 15
9 18
9 25
9 29
9 30
9 43
9 46
9 47
9 48
9 49
9 50
9 51
9 52
9 53
9 54
9 55
9 56
9 57
9 58
12 50
12 52
12 73
12 74
13 14
13 15
13 54
13 55
13 88
13 89
14 54
14 55
14 88
15 31
15 54
15 55
15 89
15 107
15 128
15 130
47 62
47 63
62 63
17 18
18 19
18 71
18 72
21 25
21 29
27 29
28 29
29 69
29 75
29 90
29 91
29 92
29 93
21 30
30 31
30 32
30 58
30 130
30 137
37 43
41 43
43 45
43 56
43 78
43 81
43 132
43 134
43 136
49 56
49 66
49 77
50 52
50 74
50 98
50 99
50 100
50 101
50 102
51 54
51 57
51 71
51 77
51 78
51 88
51 98
51 100
51 106
51 107
51 108
51 109
51 110
51 111
51 112
51 113
51 114
51 115
51 116
51 117
51 118
51 119
51 120
51 121
51 122
51 123
51 124
51 125
51 126
51 127
52 74
52 85
52 87
53 90
53 108
53 131
54 55
54 89
31 55
56 92
56 134
56 136
44 57
57 76
57 82
57 97
57 162
58 90
58 130
58 132
58 168
73 98
74 85
74 87
74 100
74 101
74 129
88 98
88 103
88 106
83 89
89 90
89 106
89 107
89 128
89 131
89 164
21 31
31 32
107 111
107 128
106 128
16 17
17 19
19 72
71 77
71 94
41 72
72 141
20 21
20 22
20 23
20 24
21 22
21 24
21 26
21 27
21 28
21 32
22 24
22 26
22 33
23 33
23 64
23 65
24 26
24 66
24 67
26 27
26 32
26 67
26 68
26 69
27 28
32 69
32 92
32 138
33 34
33 35
64 65
64 70
66 67
66 75
67 69
67 75
69 92
69 108
69 134
69 138
75 83
75 90
83 90
90 106
90 108
90 132
92 112
92 113
92 132
92 134
92 138
92 142
92 143
92 144
92 145
92 146
92 147
92 148
92 149
92 150
92 151
92 152
92 153
92 154
92 155
92 156
92 157
92 158
93 140
137 142
137 143
137 144
137 163
137 167
108 138
132 138
138 142
35 59
36 37
36 38
36 39
37 38
37 39
37 40
37 41
37 42
37 44
37 45
38 39
40 60
41 132
41 136
41 141
44 134
44 135
60 61
132 136
132 142
132 169
134 136
136 148
61 78
76 78
78 81
61 81
76 81
133 134
134 135
61 77
77 80
98 100
98 103
98 104
98 105
99 160
99 161
100 101
100 106
100 176
84 102
83 106
106 108
84 108
108 131
108 165
109 110
109 170
110 111
110 112
110 149
110 167
110 177
111 112
111 115
112 147
112 148
112 151
112 177
112 181
113 114
113 117
113 118
113 149
113 172
113 182
114 115
115 120
115 123
115 126
115 127
115 190
115 191
115 192
115 193
115 194
115 195
115 196
115 197
115 198
115 199
115 200
115 201
115 202
115 203
115 204
115 205
115 206
115 207
115 208
115 209
116 176
116 177
116 185
116 186
116 187
117 118
117 120
117 121
117 122
117 182
117 221
118 120
118 122
118 124
118 182
118 221
119 120
119 176
119 184
119 210
119 222
119 223
120 122
120 123
120 124
120 190
120 191
120 192
120 193
120 196
120 224
120 225
120 226
120 227
120 228
120 229
120 230
120 231
121 122
121 150
121 151
121 154
121 232
121 233
121 234
121 235
122 124
122 221
122 223
123 177
123 186
123 190
123 192
123 193
123 237
123 238
123 239
123 240
105 124
124 125
124 191
124 221
124 224
124 225
124 226
124 243
124 244
124 245
124 246
124 247
124 248
124 249
125 176
125 185
127 151
127 154
127 187
127 189
127 192
127 194
127 218
127 229
127 264
127 265
127 286
127 310
127 316
127 348
127 349
127 350
127 351
127 352
127 353
127 354
127 355
127 356
127 357
127 358
127 359
127 360
127 361
127 362
85 86
85 87
131 162
131 164
61 76
76 95
76 96
76 97
61 82
82 162
83 162
162 164
61 79
61 80
61 83
61 84
79 84
79 96
80 159
83 159
83 166
95 96
143 144
144 163
145 146
145 147
146 147
147 178
148 149
148 163
148 171
148 178
148 179
150 152
150 153
150 175
150 236
151 154
151 155
151 158
151 189
151 194
151 218
151 219
151 234
151 260
151 264
151 265
151 266
151 267
152 153
152 172
152 252
152 278
153 236
153 252
153 253
154 158
154 188
154 189
154 192
154 217
154 219
154 232
154 235
154 264
154 279
154 280
154 281
154 282
154 283
154 284
154 285
154 286
154 287
155 156
155 157
155 192
155 288
155 298
156 157
156 288
156 289
156 301
156 302
156 303
156 304
156 305
156 306
156 307
139 140
105 228
105 243
105 244
105 245
105 247
105 248
105 249
105 279
105 282
105 325
105 326
105 327
105 347
160 161
176 183
176 184
176 185
176 186
176 187
176 188
176 189
191 228
196 228
228 229
228 230
228 247
243 244
243 245
243 249
243 325
243 326
243 328
243 329
243 330
243 331
243 332
243 333
243 334
187 244
200 244
244 245
244 247
244 248
244 249
244 272
244 279
244 310
244 325
244 326
244 328
244 331
244 332
244 335
244 336
244 337
244 338
244 339
245 248
245 249
245 325
245 326
245 332
245 340
245 341
245 342
245 343
245 344
245 345
245 346
200 247
247 249
247 282
247 316
247 327
247 332
247 333
247 336
247 339
247 340
247 342
247 358
247 364
247 405
247 406
247 407
247 408
247 409
247 410
247 411
247 412
247 413
247 414
247 415
247 416
247 417
247 418
247 419
247 420
247 421
247 422
247 423
246 248
248 306
248 338
248 451
248 452
248 453
249 328
249 332
249 335
249 468
189 279
217 279
265 279
279 280
279 281
279 283
279 325
279 326
279 329
188 282
200 282
282 327
282 332
282 333
282 334
282 364
282 406
282 407
282 412
282 413
282 414
282 415
282 434
282 435
282 436
282 437
282 438
280 325
325 326
325 327
325 328
325 329
325 330
327 406
177 186
177 187
163 172
172 173
172 214
172 252
172 253
172 254
172 255
172 256
172 257
172 258
172 259
172 260
172 261
190 191
190 192
190 193
190 224
190 225
191 196
191 209
191 224
191 225
191 227
191 229
191 230
191 231
191 268
191 269
191 270
191 271
191 272
191 273
192 193
180 193
193 214
193 274
193 275
187 194
194 351
195 196
195 197
195 198
195 199
195 227
195 268
195 298
195 390
195 391
196 197
196 198
196 199
196 227
196 229
196 230
197 198
197 199
198 199
198 298
200 271
200 310
200 336
200 339
201 203
201 204
201 205
201 209
201 394
201 395
201 396
201 397
201 398
202 205
202 425
203 204
203 207
203 208
203 302
203 394
203 395
203 431
203 432
203 433
204 207
204 208
204 394
204 395
207 208
207 209
207 397
207 431
209 268
209 270
209 321
209 381
209 397
209 469
209 480
209 481
209 482
209 495
209 496
209 497
209 498
209 499
185 250
186 187
186 238
187 188
187 264
187 265
187 266
187 288
187 292
187 299
187 349
187 351
187 354
187 363
187 364
187 365
187 366
187 367
184 210
184 215
184 222
179 210
210 215
210 222
224 225
224 226
225 226
227 230
227 298
229 230
229 348
229 349
230 231
230 270
231 268
231 270
231 342
231 381
231 427
231 476
231 477
231 478
231 479
231 480
231 481
231 482
231 483
231 484
231 485
231 486
231 487
231 488
231 489
231 490
231 491
214 232
232 235
233 234
233 235
233 241
234 235
238 241
239 240
180 246
213 246
216 246
189 217
189 219
189 280
189 283
179 218
213 218
216 218
218 219
218 220
218 263
264 265
264 266
264 363
265 287
265 349
265 351
265 363
265 365
265 366
265 448
286 350
286 352
286 354
286 355
286 359
286 364
286 437
286 509
286 510
286 511
271 310
272 310
289 310
310 318
310 319
310 320
310 322
310 324
310 332
310 337
310 338
310 339
310 367
310 400
310 403
310 410
310 478
310 493
310 494
310 516
310 517
310 518
310 519
310 520
310 521
310 522
310 523
310 524
310 525
310 526
289 316
315 316
316 318
316 360
316 361
316 362
316 402
316 410
316 435
316 461
316 511
316 532
316 534
316 567
316 568
316 571
316 605
316 618
316 619
316 620
316 621
316 622
316 623
316 624
348 349
298 349
349 363
349 364
349 365
349 366
349 367
350 353
350 354
350 355
350 369
350 372
350 373
350 457
350 500
350 501
287 351
351 448
351 503
352 356
352 512
352 513
300 353
353 354
353 500
353 501
300 354
354 363
354 364
354 365
354 378
354 455
354 456
354 457
356 357
356 513
341 358
342 358
343 358
358 361
358 363
358 407
358 408
358 409
358 435
359 437
359 509
359 511
359 577
359 612
359 625
360 362
360 364
360 402
360 620
360 623
360 629
360 630
292 361
361 400
361 402
361 403
361 522
361 631
361 632
362 435
163 171
163 173
163 174
163 175
171 179
171 180
179 180
179 211
179 212
179 213
179 214
179 215
179 216
179 217
179 219
179 220
174 175
175 262
236 252
236 253
236 288
214 219
219 220
219 321
219 381
219 382
219 383
219 384
219 385
219 386
219 387
219 388
219 389
257 260
258 260
259 260
260 267
260 372
253 266
266 292
266 299
266 305
266 337
266 363
266 378
266 462
266 463
266 464
266 465
266 466
266 467
267 372
267 444
252 253
253 288
253 294
253 297
253 299
253 300
215 217
216 217
280 287
280 329
281 329
287 340
287 512
288 289
288 290
288 291
288 292
288 293
288 294
288 295
288 296
288 297
268 298
272 298
289 298
298 390
298 391
298 426
268 289
272 289
289 291
289 293
289 295
289 301
289 302
289 303
289 305
289 306
289 308
289 309
289 311
289 312
289 313
289 314
289 315
289 317
289 318
289 319
289 320
289 321
289 322
289 323
289 324
295 301
301 302
301 304
301 308
301 392
301 393
295 302
302 303
302 304
302 305
302 306
302 393
302 446
304 432
304 454
292 305
295 305
305 306
305 307
305 462
305 466
305 467
295 306
296 306
306 307
306 493
306 494
295 307
296 307
180 214
180 274
180 275
214 216
214 261
214 274
214 275
214 276
214 277
256 261
256 297
256 373
256 375
256 379
256 439
256 440
256 441
256 442
256 443
257 258
257 259
257 300
258 259
258 444
261 300
261 378
261 444
261 445
262 374
262 375
212 213
212 216
213 216
213 263
216 276
216 368
216 369
216 370
216 371
216 372
216 373
274 275
250 251
291 292
292 294
292 297
292 299
292 300
292 322
292 363
292 364
292 373
292 375
292 376
292 377
292 378
292 379
292 399
292 400
292 401
292 402
292 403
292 404
299 300
299 363
299 378
299 401
299 404
299 410
299 427
299 437
299 477
299 504
299 505
300 363
337 363
338 363
363 365
363 366
364 365
364 366
364 367
364 407
364 408
364 409
364 438
364 509
364 510
364 531
364 532
364 533
364 534
365 366
365 367
366 367
366 455
366 456
268 272
268 312
268 424
268 425
268 426
268 427
268 428
270 271
270 398
270 469
270 470
270 471
270 472
270 473
270 474
270 475
271 336
271 398
271 471
272 313
272 338
272 339
273 311
273 313
273 530
273 560
390 391
390 426
391 426
332 336
336 338
338 339
394 395
396 398
398 469
398 471
398 535
398 536
432 454
321 381
321 382
321 386
321 427
321 479
321 480
321 643
321 678
381 385
381 386
381 387
381 388
381 427
381 428
381 480
381 482
381 483
381 496
381 588
381 626
381 627
381 628
469 535
469 536
469 539
469 540
469 541
469 542
469 543
480 483
480 484
480 498
480 588
480 626
480 627
480 657
480 658
480 659
404 481
427 481
477 481
479 481
481 482
481 483
481 489
481 495
481 497
481 498
481 499
481 524
481 626
481 635
481 640
481 643
481 653
481 660
481 661
481 662
481 670
481 671
481 672
481 673
481 674
482 483
482 489
482 496
482 497
482 498
482 499
482 588
482 626
482 660
482 661
482 662
482 675
317 495
324 495
495 497
495 498
495 499
495 594
495 636
495 653
495 654
495 655
495 656
475 497
483 497
497 498
497 499
497 525
497 642
497 654
497 655
497 656
497 660
497 661
497 662
497 663
317 498
412 498
483 498
498 499
498 521
498 596
498 636
498 637
498 660
498 661
498 664
498 665
498 666
412 499
483 499
499 594
499 595
499 636
499 653
499 654
499 655
499 656
499 662
499 663
499 667
499 668
499 669
263 429
263 430
277 444
277 447
368 369
368 370
369 370
369 371
369 372
369 373
372 373
297 373
300 373
373 378
373 379
373 399
373 440
373 443
373 502
382 412
382 484
382 489
382 677
382 703
382 704
382 705
382 706
383 384
384 489
384 584
384 674
384 707
384 708
384 709
384 710
384 711
384 712
384 713
385 387
385 388
385 486
385 487
385 488
385 588
385 706
385 718
385 723
385 724
386 387
386 388
387 388
388 706
388 723
388 724
389 486
389 487
389 582
389 588
389 645
389 719
389 739
341 342
342 343
342 407
342 408
342 409
342 476
342 477
342 504
342 574
342 579
342 580
342 585
342 589
342 603
342 604
342 612
342 613
342 614
404 427
408 427
427 428
427 435
427 437
427 479
427 523
427 524
427 568
427 602
427 605
427 606
427 607
427 608
427 616
317 476
452 476
476 477
476 478
476 574
476 590
476 591
476 605
476 633
476 634
476 635
404 477
408 477
452 477
477 478
477 479
477 520
477 523
477 524
477 574
477 590
477 591
477 592
477 613
477 633
477 643
477 644
477 645
477 646
477 647
318 478
322 478
323 478
410 478
437 478
452 478
478 519
478 521
478 633
478 634
478 635
478 643
478 647
479 485
479 573
412 483
483 484
483 489
483 626
483 627
483 643
483 660
483 661
483 667
483 668
412 484
484 626
484 677
484 703
484 704
452 486
486 487
486 488
486 582
486 588
486 645
486 719
452 487
487 488
487 573
487 582
487 588
487 590
488 588
488 718
423 489
489 491
489 588
489 626
489 635
489 643
489 654
489 670
489 675
489 704
490 523
490 670
241 242
329 330
330 334
332 334
332 335
332 406
333 344
333 413
333 414
333 416
333 417
333 419
333 420
333 422
333 423
333 449
333 450
335 468
300 338
338 451
340 344
340 346
340 409
340 410
340 411
340 412
340 414
340 417
340 434
340 551
340 552
340 553
340 554
340 555
341 343
341 407
341 409
341 573
343 345
343 407
343 408
343 409
343 410
343 413
343 417
343 452
343 504
343 551
343 553
343 555
343 573
343 574
343 575
343 577
343 578
343 579
343 580
343 581
343 582
343 585
343 589
343 615
344 345
344 346
344 416
344 420
344 423
344 552
344 617
345 346
345 573
345 575
346 409
346 414
407 408
407 409
407 434
408 409
408 410
408 413
408 415
408 437
408 504
408 520
408 574
408 602
408 603
408 604
408 605
408 606
408 607
408 608
409 413
409 415
409 417
409 532
409 533
409 551
409 552
409 555
409 573
409 574
409 581
409 609
409 610
409 611
318 410
410 413
410 414
410 415
410 423
410 435
410 437
410 504
410 567
410 574
410 602
410 635
410 652
410 653
412 413
412 414
412 554
412 595
412 596
412 654
412 655
412 662
412 663
412 664
412 665
412 666
412 677
413 415
413 416
413 417
413 419
413 420
413 421
413 422
413 423
413 437
413 449
413 452
413 555
413 574
413 585
413 602
413 609
413 611
413 680
413 681
414 438
414 554
414 624
414 674
414 681
414 699
415 416
415 417
415 421
415 423
415 437
415 606
415 608
415 609
415 611
415 680
416 417
416 419
416 420
416 422
416 611
416 617
417 418
417 419
417 420
417 421
417 422
417 423
417 555
417 574
417 581
417 611
418 419
418 420
418 421
419 420
419 421
419 422
420 421
420 422
420 449
420 680
421 423
421 435
421 449
421 680
423 449
423 450
423 555
423 574
423 680
452 453
452 493
452 520
452 573
452 574
452 577
452 581
452 583
452 584
452 585
452 586
452 587
452 588
452 589
452 590
452 591
452 592
453 493
294 297
294 377
294 378
294 399
291 297
297 300
297 378
297 379
297 440
297 443
297 492
300 378
300 399
300 440
300 443
300 445
374 375
375 376
375 377
375 378
375 379
379 399
379 502
439 502
439 506
439 507
440 441
440 442
440 443
441 442
441 443
442 443
377 378
378 399
378 445
378 455
378 456
462 466
462 467
463 464
463 465
464 465
466 467
466 561
467 561
295 312
311 312
312 518
312 548
312 549
312 550
470 492
470 544
470 545
472 473
472 545
473 474
473 638
473 641
473 642
473 684
473 685
473 686
473 687
473 688
473 689
474 685
317 475
400 475
403 475
475 525
475 594
475 596
475 597
475 636
475 638
475 639
475 641
475 642
311 313
313 530
295 311
311 461
311 527
311 528
311 529
311 530
530 560
404 435
435 436
435 437
435 438
435 500
435 510
435 531
435 532
435 533
435 565
435 566
435 567
435 568
435 569
435 570
435 571
435 572
436 531
437 504
437 511
437 570
437 571
437 577
437 581
437 605
437 606
437 607
437 608
437 612
438 532
438 533
438 567
438 569
438 572
438 605
509 510
509 625
511 534
511 569
511 577
511 619
511 620
511 621
511 629
511 676
291 380
295 296
295 309
295 460
295 461
309 399
314 573
314 576
315 461
315 550
315 594
317 322
317 323
317 324
317 403
317 521
317 525
317 636
317 637
317 638
317 639
317 640
317 641
317 642
318 402
319 403
320 403
320 505
320 522
320 526
320 641
322 323
322 324
322 404
322 521
323 324
323 403
323 521
323 623
323 629
323 653
323 690
324 521
380 399
399 508
400 515
400 525
400 545
400 550
400 556
400 593
400 594
400 595
400 596
400 597
402 403
402 623
402 629
402 630
402 631
402 691
403 505
403 620
403 623
403 631
403 632
403 638
403 641
403 687
403 690
403 691
403 695
403 696
403 697
404 523
404 524
404 605
404 635
404 653
404 671
404 672
404 673
404 679
446 460
460 537
460 538
461 527
461 528
461 529
392 492
492 514
492 546
492 547
504 612
505 623
505 631
505 641
505 690
505 695
505 696
392 393
392 454
392 508
392 514
392 515
393 446
446 537
446 538
493 494
493 518
494 518
516 517
518 548
520 523
520 524
520 583
520 584
520 586
520 587
521 525
521 636
521 637
522 526
522 631
522 698
523 524
523 631
523 635
523 640
523 652
523 653
523 670
523 671
523 673
524 591
524 623
524 631
524 635
524 640
524 646
524 653
524 671
524 672
524 673
524 679
524 701
524 702
525 595
525 636
525 637
525 638
525 639
525 642
525 700
525 714
525 715
525 716
525 717
526 631
526 687
526 698
527 528
527 529
527 557
527 558
527 559
528 529
549 550
545 550
550 594
550 595
555 573
573 574
573 575
573 576
573 577
573 578
573 579
573 580
573 581
573 582
594 595
594 596
594 597
594 664
594 665
594 666
594 669
532 533
532 565
532 566
532 567
532 605
532 624
533 534
534 567
534 577
534 676
533 567
567 568
567 569
567 605
567 682
567 683
533 568
568 571
568 605
568 606
568 607
568 623
568 629
568 633
568 646
568 730
570 571
571 572
571 605
533 605
605 606
605 607
605 608
605 623
605 629
605 633
605 730
619 620
577 620
610 620
620 621
620 622
620 629
620 691
620 692
620 693
620 694
569 621
610 621
621 622
621 692
621 694
621 728
610 622
622 629
622 692
623 629
623 630
623 631
623 653
623 692
623 696
623 701
623 730
569 624
624 742
636 637
595 637
638 639
638 641
638 644
638 687
638 714
638 715
638 716
638 721
638 722
638 727
639 701
639 732
635 640
640 643
640 646
640 652
640 653
640 670
640 671
640 673
641 642
641 687
641 690
641 695
641 697
641 701
641 702
641 731
642 717
642 751
590 643
591 643
613 643
633 643
643 645
643 670
643 679
610 629
629 630
629 692
629 730
635 653
652 653
653 654
653 671
653 672
653 673
690 695
449 450
450 555
450 574
500 551
551 554
551 600
551 601
553 575
553 615
555 574
555 581
555 680
574 577
574 579
574 581
574 602
574 603
574 610
574 615
574 616
574 648
574 649
574 650
574 651
577 579
579 581
579 582
579 585
579 589
577 580
580 589
578 585
585 589
577 589
603 604
577 612
575 615
575 648
575 650
577 581
577 582
577 676
582 719
582 739
615 648
615 649
615 650
457 458
457 459
500 501
455 456
630 692
631 696
631 698
533 565
533 566
533 572
502 506
502 507
588 645
588 657
588 658
588 670
588 718
588 719
626 627
704 709
704 733
704 734
704 735
704 736
704 737
704 738
706 724
583 584
584 586
584 587
645 674
674 675
707 708
707 710
707 776
707 777
707 778
707 779
707 780
708 710
708 778
708 792
708 793
708 794
683 709
709 737
710 737
710 777
710 800
710 801
711 836
712 713
712 787
712 794
712 815
712 840
713 841
590 645
591 645
645 719
719 739
514 546
514 547
515 556
535 536
545 595
545 596
595 654
595 655
595 656
595 662
595 665
595 700
596 597
596 664
596 665
596 666
597 666
687 695
687 697
687 701
687 702
687 727
687 731
695 701
695 702
695 731
635 652
635 654
635 671
635 672
635 673
635 692
635 744
652 671
671 672
671 673
671 701
671 702
671 744
672 673
672 701
672 702
652 673
673 744
602 616
606 607
607 608
609 611
610 692
652 744
654 655
654 656
654 662
654 663
654 665
654 744
654 745
655 656
655 662
655 663
655 744
655 745
656 662
662 663
662 744
662 745
664 665
664 666
664 700
664 725
665 666
666 726
699 741
699 766
699 767
616 651
565 566
569 572
569 682
569 683
569 740
569 741
569 742
569 743
506 507
537 538
583 586
583 587
586 587
590 591
590 633
591 634
591 644
591 646
591 647
458 459
561 562
539 540
539 541
539 542
539 543
540 541
540 542
541 542
541 543
544 563
544 564
685 688
685 700
686 689
686 714
686 715
686 716
686 720
686 721
688 700
633 644
633 646
634 646
634 647
644 727
646 647
657 658
660 661
667 668
546 547
701 702
701 731
701 732
702 731
714 715
714 716
714 720
714 721
715 716
715 720
715 721
716 721
558 559
563 564
598 600
599 600
600 601
682 694
682 746
682 747
682 748
682 749
682 750
683 729
683 740
683 746
683 759
683 760
683 761
683 762
683 763
683 764
683 765
729 740
740 754
740 755
740 756
740 757
740 758
741 766
741 768
741 775
648 649
648 650
649 650
598 599
692 729
694 728
744 745
720 721
721 722
746 747
746 748
746 752
746 753
759 788
760 808
760 809
756 761
757 761
761 762
761 814
756 763
763 765
763 785
765 822
766 768
766 769
766 770
766 771
766 772
766 773
766 774
733 734
733 735
735 737
735 782
737 777
737 795
776 777
777 779
777 781
780 823
771 800
801 838
801 839
799 836
835 836
785 787
787 815
758 815
840 841
782 796
782 797
782 798
782 799
773 795
791 795
754 755
755 791
756 758
757 814
758 816
773 791
788 791
791 802
791 803
791 804
816 898
816 899
816 900
816 901
816 903
816 904
816 906
816 907
816 908
816 909
816 910
816 911
769 788
788 790
807 808
808 809
809 810
783 785
785 786
803 822
804 822
769 789
770 805
771 811
771 812
771 813
772 811
772 817
772 818
774 837
789 805
789 806
805 806
811 812
811 817
811 818
812 817
817 818
797 823
823 824
823 825
823 842
823 843
823 844
823 845
823 846
823 847
823 848
823 849
823 850
823 851
823 852
823 853
797 798
797 799
797 824
797 825
797 826
797 827
797 828
797 829
797 830
797 831
797 832
797 833
798 799
798 834
799 835
783 784
802 819
824 825
824 845
824 855
824 859
825 826
825 828
825 829
825 830
825 864
825 869
825 870
825 871
825 872
826 827
826 867
826 869
826 870
826 873
826 874
826 875
826 876
827 829
827 830
827 832
827 833
827 859
827 875
827 885
827 886
827 887
827 888
827 889
827 890
827 891
827 892
827 893
827 894
828 829
828 830
828 864
829 830
829 833
829 850
829 860
829 864
829 867
829 872
829 882
829 894
829 916
829 917
829 918
829 919
829 920
829 921
829 922
830 864
830 869
830 875
830 889
832 833
832 875
832 889
832 891
832 972
833 867
833 871
833 872
833 882
833 890
833 891
833 892
833 917
833 918
833 952
833 953
833 954
833 998
833 1000
838 839
819 820
810 821
898 899
898 900
898 901
898 902
899 900
899 901
899 903
899 904
900 902
900 905
901 902
901 904
901 905
901 907
901 908
901 910
901 912
901 913
901 914
901 915
846 903
879 903
880 903
888 903
896 903
903 904
903 907
903 913
903 923
903 924
903 925
903 926
903 927
903 928
903 929
903 930
903 931
903 932
903 933
850 904
868 904
902 904
904 905
904 906
904 914
904 916
904 923
904 937
904 938
905 906
906 912
906 938
906 939
906 974
907 922
907 923
907 981
907 982
907 983
905 908
908 909
908 910
908 911
868 910
905 910
910 911
910 915
910 945
910 966
910 989
910 992
910 993
910 996
910 1041
910 1046
910 1047
911 966
843 845
843 851
843 877
843 878
843 879
843 880
845 846
845 847
845 849
845 860
845 895
845 896
845 897
847 849
849 879
849 949
849 950
850 852
850 860
850 885
850 916
850 917
850 918
850 942
850 967
850 968
850 969
850 970
850 971
851 975
853 860
854 855
857 859
859 883
863 864
864 865
864 866
864 867
864 868
864 869
867 869
869 871
869 872
869 873
869 881
867 871
868 871
871 872
871 874
871 881
871 945
871 946
871 952
871 953
871 954
871 955
871 956
867 872
872 890
872 917
872 918
872 952
867 868
867 873
867 881
867 882
868 873
873 874
873 876
873 934
873 936
868 874
874 945
875 889
875 972
875 973
876 881
876 953
876 954
876 955
876 956
876 980
860 885
861 885
885 918
888 923
889 893
889 972
889 999
882 890
890 893
890 894
890 917
890 918
890 952
890 954
890 998
890 1001
890 1002
890 1003
890 1004
890 1005
890 1006
890 1007
890 1008
890 1009
890 1010
890 1011
890 1012
890 1013
890 1014
890 1015
890 1016
890 1017
891 892
891 894
891 1033
892 894
892 1033
893 894
893 999
893 1045
894 999
857 860
860 861
860 862
860 896
860 940
860 941
860 942
860 943
882 917
882 954
882 1000
916 917
916 918
917 918
917 954
918 952
918 998
915 919
919 920
919 921
919 1048
919 1049
921 945
921 987
921 990
868 922
922 983
922 1051
952 953
953 955
953 956
953 980
953 1018
881 954
954 955
954 983
986 998
987 998
995 998
877 878
879 930
879 933
879 978
879 994
880 925
880 927
880 931
896 914
896 923
896 931
896 970
896 976
896 977
896 978
896 979
897 1001
897 1003
897 1021
897 1022
897 1023
897 1024
949 951
861 942
862 942
942 943
942 969
967 968
967 969
968 969
968 971
932 969
969 970
969 971
969 1001
969 1025
926 970
927 970
932 970
970 979
970 1001
970 1022
970 1025
970 1026
970 1027
971 1049
971 1050
854 856
857 858
857 861
857 862
861 862
861 984
861 985
862 943
883 884
984 985
863 865
863 866
865 866
868 905
868 915
868 937
868 944
868 945
868 946
868 947
868 948
881 955
902 905
905 912
905 915
905 938
905 939
905 957
905 958
905 959
905 960
905 961
915 961
915 965
935 937
939 944
944 945
944 958
944 959
945 982
945 986
945 987
945 988
945 989
945 990
945 991
945 992
945 993
946 986
946 987
946 995
947 948
947 1058
947 1059
947 1060
948 1062
948 1063
955 956
955 980
936 956
956 980
956 1018
956 1019
956 1020
934 935
936 997
928 930
929 930
930 994
914 933
933 1037
977 978
925 927
925 931
925 1034
926 927
927 931
927 979
927 1022
927 1025
927 1026
927 1027
923 924
999 1045
929 1001
1001 1022
1001 1023
1001 1024
1001 1025
1001 1037
1001 1039
1001 1056
1002 1007
1002 1008
1002 1065
929 1003
1003 1004
1003 1022
1003 1023
1003 1039
1003 1069
1004 1011
1004 1016
1004 1017
1004 1065
1004 1070
1004 1071
991 1005
992 1005
1005 1072
1005 1073
1005 1074
1005 1075
1006 1009
1006 1012
1006 1013
1006 1022
1006 1024
1006 1030
1006 1031
1006 1032
1006 1078
1006 1082
1006 1083
1006 1084
1006 1085
1007 1008
1008 1011
1008 1012
1008 1086
1008 1087
1008 1088
1008 1089
1008 1090
1008 1091
1008 1092
1009 1012
1009 1013
1009 1082
1009 1104
1009 1105
1011 1012
1011 1013
1011 1016
1011 1017
1011 1106
1011 1107
1011 1108
1011 1109
1011 1110
1011 1111
1012 1013
1012 1112
1013 1017
1013 1085
1013 1090
1013 1112
1013 1113
1013 1114
1013 1115
1013 1116
1013 1117
1013 1118
1013 1119
1014 1015
1014 1080
1014 1125
1014 1126
1014 1127
1014 1128
1015 1080
1015 1081
1015 1091
1015 1136
1015 1138
1015 1139
1015 1140
1015 1141
1015 1142
1016 1090
1017 1047
1017 1094
1017 1096
1017 1107
1017 1118
1017 1119
1017 1123
1017 1131
1017 1149
1017 1151
1017 1152
1017 1153
1017 1154
913 914
914 996
926 979
979 1022
979 1025
979 1026
979 1027
979 1035
1021 1022
926 1022
1022 1023
1022 1024
1022 1025
1022 1026
1022 1027
1022 1028
1022 1029
1022 1030
1022 1031
1022 1032
926 1023
929 1023
932 1023
1023 1024
1023 1028
1023 1029
1023 1037
1023 1039
1023 1042
1023 1043
1023 1044
929 1024
1024 1030
1024 1031
1024 1043
1024 1044
902 912
902 957
902 958
902 959
902 963
902 964
902 965
902 966
912 959
912 960
939 958
958 959
958 962
939 959
959 962
963 964
961 965
965 1040
965 1041
926 932
926 1025
926 1026
926 1027
928 929
928 1038
929 1037
929 1039
932 1025
938 939
982 988
982 989
982 1052
987 989
988 989
989 992
989 993
989 1052
989 1053
991 992
992 1072
992 1073
993 1037
996 1036
1040 1041
1041 1046
1036 1046
1047 1093
1047 1094
1047 1095
1047 1096
1047 1097
1047 1098
1047 1099
1047 1100
1047 1101
1049 1055
986 987
987 995
1025 1026
1025 1027
1025 1035
1026 1027
1027 1036
1027 1037
1037 1038
1037 1039
986 995
988 1052
991 1072
991 1073
1058 1059
1062 1063
1019 1020
1050 1061
1072 1073
1055 1056
1064 1065
1068 1069
1070 1071
1070 1094
1070 1149
1070 1152
1070 1155
1070 1167
1071 1129
1071 1167
1074 1075
1030 1031
1031 1032
1031 1078
1031 1079
1031 1080
1031 1081
1082 1104
1082 1105
1084 1099
1084 1115
1084 1120
1084 1121
1084 1123
1084 1124
1086 1102
1086 1103
1089 1090
1089 1120
1089 1121
1089 1122
1090 1114
1090 1115
1090 1116
1090 1117
1090 1118
1090 1121
1090 1122
1090 1129
1090 1131
1092 1143
1104 1105
1099 1108
1108 1113
1108 1114
1108 1116
1108 1118
1108 1153
1108 1164
1108 1169
1109 1110
1109 1111
1110 1111
1110 1151
1111 1151
1113 1118
1113 1164
1113 1165
1113 1166
1094 1114
1114 1115
1114 1116
1114 1117
1114 1118
1114 1165
1114 1166
1114 1167
1099 1115
1115 1116
1115 1117
1115 1168
1115 1169
1115 1170
1099 1116
1116 1117
1116 1153
1116 1169
1117 1131
1117 1167
1099 1118
1118 1119
1118 1131
1118 1165
1118 1166
1119 1164
1079 1080
1080 1081
1080 1125
1080 1126
1080 1145
1080 1148
1080 1149
1080 1150
1125 1135
1125 1137
1125 1144
1125 1145
1125 1146
1125 1147
1126 1135
1126 1147
1126 1148
1126 1161
1126 1162
1126 1163
1128 1138
1128 1141
1128 1142
1079 1081
1135 1136
1138 1139
1138 1140
1138 1141
1138 1171
1138 1172
1139 1140
1139 1161
1141 1142
1142 1150
1142 1176
1094 1097
1094 1098
1094 1152
1094 1155
1094 1157
1096 1098
1096 1099
1096 1100
1096 1123
1096 1149
1096 1153
1096 1158
1096 1164
1096 1175
1099 1123
1121 1123
1123 1124
1123 1149
1123 1173
1123 1174
1098 1131
1131 1151
1131 1152
1131 1153
1131 1165
1149 1150
1149 1155
1145 1151
1151 1152
1151 1153
1151 1154
1151 1155
1151 1159
1098 1152
1152 1153
1152 1154
1098 1153
1153 1154
1153 1155
1153 1177
1101 1154
1028 1029
1028 1042
1029 1054
1043 1044
1095 1097
1097 1155
1097 1160
1098 1100
1098 1155
1098 1158
1098 1175
1098 1180
1099 1121
1099 1124
1099 1170
1100 1101
1100 1158
1101 1158
1055 1057
1064 1066
1064 1067
1066 1067
1066 1076
1066 1077
1067 1076
1067 1077
1134 1155
1155 1157
1155 1158
1155 1159
1155 1160
1121 1129
1129 1130
1129 1178
1150 1176
1150 1184
1120 1121
1121 1122
1121 1124
1121 1130
1124 1168
1124 1170
1102 1103
1157 1159
1157 1177
1157 1181
1157 1182
1158 1160
1158 1175
1168 1170
1168 1169
1169 1179
1169 1188
1165 1166
1130 1168
1168 1179
1168 1188
1130 1179
1173 1174
1135 1137
1137 1144
1144 1156
1146 1147
1147 1162
1147 1163
1147 1186
1161 1172
1161 1189
1162 1163
1132 1133
1132 1134
1172 1189
1185 1186
1186 1187
1177 1182
1181 1183
1182 1183
