1 2
1 3
1 4
1 5
1 6
2 3
2 4
2 6
3 4
3 6
3 7
3 8
4 6
4 8
4 9
4 10
4 11
4 12
4 13
5 14
7 9
7 10
7 13
7 20
7 21
7 25
7 30
7 31
7 32
7 33
7 34
8 12
8 13
8 68
9 10
9 15
9 19
9 20
10 11
10 19
10 21
10 22
11 19
11 21
11 22
11 23
11 24
11 25
11 26
11 27
11 28
11 29
12 32
13 32
20 49
20 50
20 95
20 96
21 22
21 35
21 36
21 37
21 38
21 39
21 40
21 41
19 25
25 29
25 30
25 31
25 33
25 34
25 65
25 95
25 97
30 36
30 47
30 49
30 56
31 33
31 63
31 64
31 65
31 66
31 67
33 65
19 34
34 92
15 16
17 19
19 22
19 42
19 43
19 44
19 45
19 46
22 24
22 75
22 76
22 77
23 24
23 69
23 89
24 26
24 29
24 52
24 75
24 94
26 35
26 38
26 40
26 69
26 70
26 111
27 35
27 37
27 115
28 29
28 76
29 147
29 148
29 165
16 17
16 18
17 63
18 48
63 64
63 65
47 48
42 44
42 49
42 50
42 79
42 80
42 81
42 82
38 43
43 81
43 117
43 118
44 50
44 80
44 81
44 96
44 98
44 99
44 122
44 137
44 138
38 45
45 46
45 119
38 46
46 120
46 178
36 49
47 49
49 50
49 51
49 56
49 57
49 58
49 59
49 60
49 61
49 62
47 50
50 56
50 78
50 79
50 80
50 81
50 82
50 83
50 84
50 85
81 96
96 98
96 125
96 167
35 37
35 69
35 71
35 73
35 74
36 51
36 56
37 41
37 69
37 71
37 110
38 39
38 69
38 117
38 118
38 119
38 120
39 40
39 110
40 54
40 110
40 143
76 77
76 144
59 69
69 70
69 71
69 72
69 73
47 52
51 52
65 87
65 91
65 92
65 93
54 147
147 148
147 165
147 180
147 184
147 186
147 199
147 200
147 201
147 202
54 148
148 149
47 51
47 53
47 54
47 55
51 56
56 59
56 60
56 61
56 85
56 86
66 87
66 88
67 116
54 92
59 92
92 93
92 121
92 122
92 151
92 168
92 169
92 170
92 171
92 172
92 173
92 174
92 175
92 176
73 110
73 142
74 90
110 142
117 118
120 178
53 54
54 55
54 61
54 81
54 121
54 143
54 149
54 150
54 151
54 152
54 153
54 154
54 155
79 80
79 81
79 82
55 80
80 81
80 82
61 81
81 82
81 98
81 99
81 100
81 101
81 102
81 103
81 104
81 105
81 106
81 107
81 108
81 109
59 98
86 98
98 121
98 138
98 156
98 205
98 206
61 99
86 99
99 100
99 126
99 131
99 134
99 135
99 138
99 157
99 185
99 203
99 211
99 212
99 213
99 214
59 122
122 198
125 137
137 179
86 138
126 138
138 156
138 203
138 205
138 206
138 211
138 221
138 222
138 223
138 224
138 225
53 86
53 113
53 114
53 139
53 140
53 141
55 61
55 128
57 58
57 112
57 113
58 113
59 60
59 61
59 72
59 121
60 61
60 86
61 62
61 86
61 114
61 124
61 125
61 126
61 127
61 128
61 129
61 130
61 131
61 132
61 133
61 134
61 135
61 136
62 86
62 114
83 84
83 85
83 144
83 145
84 85
85 146
86 113
86 114
86 127
86 128
86 145
86 156
86 157
86 158
86 159
86 160
86 161
86 162
86 163
86 164
112 113
113 114
114 166
139 140
121 152
121 167
121 171
121 173
121 185
121 186
121 187
121 188
121 189
121 190
121 191
121 192
121 193
121 194
121 195
121 196
121 197
126 150
150 166
150 180
150 181
150 200
101 151
151 152
151 176
151 189
151 219
151 226
151 227
151 228
151 229
151 230
101 152
152 221
152 280
153 154
153 155
154 155
154 174
154 175
154 206
155 174
155 175
155 206
72 123
124 179
125 179
126 130
126 166
126 180
126 181
126 182
126 203
100 127
127 129
127 130
127 185
127 200
127 207
127 208
127 209
129 185
129 186
130 184
130 186
131 132
131 134
131 135
131 305
132 133
132 134
132 135
132 329
133 156
133 329
134 135
134 287
134 330
106 135
135 157
135 158
135 213
135 236
135 287
135 331
135 332
135 333
144 177
100 231
100 233
100 234
100 235
100 268
100 269
101 103
101 107
101 109
101 194
101 219
101 301
101 302
101 303
101 304
102 103
102 104
102 105
102 106
102 108
102 313
102 314
103 107
103 109
103 217
103 230
103 313
103 315
103 316
103 317
103 318
103 319
103 320
103 321
103 322
103 323
103 324
103 325
103 326
103 327
104 105
104 106
105 106
105 334
105 335
105 336
105 337
106 108
106 188
106 213
106 219
106 231
106 235
106 238
106 239
106 314
106 338
106 339
106 340
106 341
107 109
107 176
107 190
107 217
107 301
107 317
107 347
108 231
108 235
108 377
108 378
109 194
109 201
109 217
109 271
109 274
109 275
109 298
109 315
109 317
109 318
109 424
109 425
109 426
109 427
109 428
157 158
157 162
157 163
157 211
157 213
157 214
157 239
157 240
157 288
157 379
157 380
157 381
157 382
157 383
157 384
157 385
157 386
157 387
158 161
158 213
158 382
159 160
159 161
160 161
161 438
162 163
162 164
162 379
162 386
162 476
162 477
162 478
163 164
163 259
163 379
163 477
163 479
164 259
164 311
164 430
164 432
164 477
169 215
170 171
170 172
170 187
170 188
170 189
170 216
170 217
170 218
171 172
171 185
171 216
172 216
174 175
174 206
175 206
176 190
176 191
176 217
176 301
176 316
167 198
205 206
185 206
206 209
185 209
180 203
184 203
186 203
203 204
203 210
203 281
203 284
203 285
203 286
211 287
211 288
213 214
213 235
213 382
214 403
219 231
231 234
231 235
231 268
231 269
231 338
231 378
219 233
233 236
233 237
233 339
233 408
233 409
233 410
219 234
234 235
234 268
234 269
187 235
219 235
235 268
235 269
235 307
235 308
235 309
235 338
235 378
235 411
235 412
235 413
268 269
268 338
269 338
269 414
269 415
269 416
188 194
194 201
194 219
194 276
194 317
194 423
188 219
216 219
219 220
219 226
219 227
219 232
219 236
219 237
219 238
219 239
219 240
219 241
219 242
219 243
219 244
219 245
219 246
219 247
219 248
219 249
219 250
219 251
219 252
219 253
219 254
219 255
219 256
219 257
190 301
217 301
301 302
301 316
301 317
302 303
302 443
303 304
189 217
190 217
217 315
217 316
217 317
217 350
230 319
230 424
230 426
230 443
230 450
230 451
230 452
230 453
230 454
230 455
230 456
230 457
230 458
230 459
230 460
230 461
230 462
315 316
315 343
315 344
316 345
316 346
190 317
298 317
317 318
317 365
317 366
317 367
317 368
276 318
298 318
318 319
318 473
318 484
319 358
319 424
319 427
319 452
319 466
276 320
320 406
320 451
321 326
321 327
321 391
321 468
321 471
321 518
321 547
321 591
321 593
321 605
321 610
321 612
321 619
321 620
321 655
321 656
321 657
321 658
321 659
321 660
321 661
321 662
322 323
322 324
322 756
322 757
323 324
323 455
324 658
324 783
324 784
325 456
325 458
325 669
325 691
325 797
325 863
325 864
325 865
325 866
325 867
326 327
326 424
326 459
326 471
327 691
334 335
334 336
334 526
334 571
335 336
335 453
335 464
335 480
335 526
335 537
335 571
335 572
335 573
237 336
336 480
336 535
336 539
336 574
336 575
336 576
336 577
336 578
337 598
188 218
188 232
188 242
188 298
188 351
188 352
188 353
188 354
188 355
188 356
188 357
188 358
188 359
188 360
188 361
188 362
188 363
238 239
236 239
239 240
239 241
239 385
239 387
338 353
338 414
338 415
338 416
338 417
338 418
338 419
237 339
339 340
339 409
339 410
339 417
339 480
339 481
339 482
190 191
347 348
347 349
184 201
186 201
201 270
201 271
201 272
201 273
201 274
201 275
201 276
271 275
271 280
271 294
271 295
271 356
271 360
271 369
271 370
271 371
271 372
271 373
271 374
271 375
274 485
274 486
274 487
274 488
191 275
275 372
275 391
275 442
187 298
280 298
297 298
298 352
343 424
358 424
424 427
424 452
424 459
424 463
424 464
424 465
424 466
424 467
424 468
424 469
424 470
424 471
425 483
426 485
426 509
427 486
427 487
427 511
427 512
427 589
166 180
166 181
166 182
166 183
166 184
180 186
184 186
186 193
186 195
186 204
186 210
186 270
186 277
186 278
186 279
186 280
186 281
186 282
186 283
187 189
187 191
187 192
187 221
187 280
187 297
187 305
187 306
187 307
187 308
187 309
187 310
187 311
187 312
189 191
189 192
189 228
191 192
191 390
191 391
192 294
192 295
192 392
193 195
193 422
195 197
195 272
196 197
197 272
180 181
180 184
180 200
180 204
184 200
183 184
184 210
221 305
305 306
328 330
330 388
330 393
330 394
330 395
330 396
330 397
236 237
236 240
236 243
236 244
236 245
236 246
236 495
236 497
236 499
236 562
236 563
232 331
331 332
331 379
331 380
331 381
331 399
331 438
332 438
221 225
221 280
221 306
221 342
223 224
202 283
202 328
220 226
226 227
226 258
226 259
226 260
277 280
278 280
279 280
280 282
280 283
280 292
280 293
280 294
280 295
280 296
280 297
240 243
240 244
240 245
240 385
240 387
240 477
240 478
240 563
240 570
232 379
379 380
379 381
379 393
379 398
379 401
379 403
232 380
380 381
380 399
232 381
381 383
381 399
381 403
381 408
381 439
381 440
381 441
383 413
237 385
385 387
385 400
385 434
385 441
385 528
385 563
385 569
385 570
386 478
386 552
386 579
386 580
478 501
478 552
478 579
478 580
478 584
242 259
258 259
259 260
259 362
259 430
259 431
259 432
259 433
259 434
259 435
259 436
259 437
242 311
311 312
311 412
311 430
311 433
311 500
311 501
311 502
311 508
311 559
311 561
311 599
311 600
311 601
242 430
362 430
391 430
412 430
430 431
430 432
430 433
430 434
430 500
430 502
430 503
430 504
430 506
430 507
430 513
430 552
430 558
430 559
430 560
430 561
216 220
218 351
218 364
277 278
277 279
277 289
277 290
277 291
278 279
281 284
281 299
281 300
282 283
282 328
282 388
282 389
283 328
283 389
306 342
306 376
307 516
307 517
307 518
308 309
308 413
308 442
308 445
308 557
309 310
309 489
309 564
310 412
310 490
310 493
310 494
310 533
310 554
310 565
232 355
232 358
232 359
232 393
232 397
232 398
232 399
232 400
232 401
232 402
242 433
242 434
242 552
353 417
353 419
353 531
354 526
354 527
276 355
355 359
355 360
355 361
355 362
355 402
355 417
355 434
355 502
355 533
355 596
355 597
356 360
356 494
356 516
356 524
356 588
357 368
358 359
358 375
358 423
358 486
358 510
358 595
358 617
358 621
358 650
359 363
359 375
359 402
359 417
359 453
359 532
359 533
359 534
359 535
359 536
359 537
359 538
360 495
361 362
361 363
361 732
362 363
362 412
362 433
362 435
362 502
362 503
362 504
362 506
362 507
362 537
362 545
362 674
362 675
362 676
362 677
362 679
362 733
362 734
362 735
362 736
362 737
362 738
362 739
362 740
362 741
363 402
363 533
391 518
391 547
391 548
391 549
391 550
294 369
294 370
294 371
264 295
272 295
292 295
295 392
365 392
392 404
392 405
392 406
392 407
276 406
423 594
423 595
264 272
328 388
328 389
285 286
285 442
403 439
403 440
403 441
403 533
403 555
364 421
237 241
237 408
237 409
237 410
237 475
237 535
237 556
237 563
237 575
243 244
243 245
244 245
244 683
245 535
245 683
245 684
245 685
245 686
245 690
245 697
245 703
245 798
245 799
245 800
245 801
245 802
245 803
245 804
245 805
246 475
247 248
247 870
250 253
250 254
250 433
250 535
250 578
250 658
250 659
250 685
251 252
251 612
251 615
251 616
251 724
251 725
253 254
253 256
253 462
253 677
253 679
253 805
253 877
253 892
253 979
253 1003
253 1004
253 1005
255 694
255 967
256 257
256 805
256 892
256 1003
256 1004
256 1005
256 1019
256 1026
256 1049
256 1050
256 1051
256 1052
342 376
258 260
443 451
443 474
443 475
406 450
450 472
450 473
451 464
451 526
451 527
451 581
451 582
451 583
452 464
452 466
452 581
452 585
453 457
453 458
453 460
453 469
453 532
453 537
453 572
453 687
453 702
453 703
453 704
453 705
453 706
453 707
453 708
453 709
454 455
454 527
455 456
455 757
456 458
456 629
456 757
456 797
456 824
457 458
457 469
457 778
458 705
458 797
459 471
459 691
459 874
460 462
460 651
460 677
460 706
460 718
460 850
460 870
460 876
460 877
460 878
460 879
460 880
460 881
460 882
460 883
460 884
460 885
460 886
462 870
462 877
462 879
462 910
462 1026
462 1027
393 394
393 395
393 396
393 398
399 408
400 434
400 552
400 553
401 554
375 402
402 417
402 533
402 534
408 409
409 410
412 417
412 489
412 490
412 491
412 492
412 493
412 494
412 495
412 496
412 497
412 498
412 499
412 500
412 501
412 502
412 503
412 504
412 505
412 506
412 507
412 508
413 490
417 495
441 495
495 497
495 498
495 499
495 541
417 497
446 497
497 499
497 540
497 542
497 543
497 544
497 545
497 590
497 726
497 727
497 728
497 729
417 499
498 499
499 541
533 563
539 563
563 663
475 556
417 535
534 535
535 536
535 538
535 578
535 658
535 659
535 665
535 682
535 683
535 684
535 685
535 686
482 575
574 575
575 576
575 584
575 644
575 645
575 646
575 694
575 744
575 765
575 767
575 768
575 769
575 770
575 771
575 772
575 773
575 774
575 775
575 776
575 777
502 570
433 434
433 435
433 437
433 441
433 496
433 502
433 560
433 561
433 600
433 670
433 671
433 672
433 673
433 674
433 675
433 676
433 677
433 678
433 679
433 680
433 681
434 435
434 436
434 437
434 502
434 533
434 552
434 560
434 674
434 744
434 745
501 552
552 579
552 580
665 683
683 684
683 685
683 686
537 684
665 684
684 694
684 695
684 799
684 800
684 801
684 802
684 893
578 685
658 685
659 685
685 686
537 690
690 697
690 800
690 803
690 858
537 697
697 842
697 948
697 950
697 951
697 987
697 988
697 989
697 990
703 704
703 758
703 798
703 827
703 828
703 829
758 798
798 827
798 828
798 829
799 800
799 801
799 802
799 909
800 801
800 803
800 805
800 892
800 910
801 802
801 803
801 805
801 909
801 911
802 870
802 891
803 805
803 910
803 980
803 991
804 805
804 910
804 1045
804 1046
804 1047
804 1048
805 911
805 1027
676 870
691 870
870 876
870 877
870 878
870 887
870 888
870 889
870 890
870 891
870 892
574 578
576 578
577 578
578 658
578 659
578 855
468 658
616 658
625 658
626 658
635 658
636 658
640 658
656 658
657 658
658 659
658 662
658 691
658 762
658 783
658 784
658 785
658 786
658 787
658 788
658 789
658 790
658 791
658 792
658 793
658 794
658 795
658 796
468 659
631 659
656 659
657 659
659 763
603 612
607 612
609 612
610 612
611 612
612 613
612 614
612 615
612 616
612 619
612 631
612 655
612 660
612 714
612 722
612 723
612 724
612 725
603 615
610 615
615 616
615 716
615 717
615 718
615 719
615 720
615 724
615 725
615 913
615 977
615 978
603 616
610 616
616 716
616 717
616 718
616 719
616 720
616 723
616 724
616 725
616 913
616 978
546 724
652 724
723 724
724 725
724 761
724 913
724 937
724 938
723 725
725 913
437 677
502 677
675 677
676 677
677 678
677 679
677 733
677 747
677 933
677 968
674 679
678 679
679 738
679 739
679 740
679 741
679 840
679 965
679 979
876 877
877 878
877 887
877 888
877 891
877 892
891 892
892 910
892 1003
739 979
965 979
1004 1005
1005 1067
1005 1071
537 694
694 695
694 744
694 767
694 843
694 895
694 931
694 967
842 967
856 967
967 985
911 1019
942 1019
1019 1050
1019 1051
1019 1072
1019 1077
1019 1078
879 1026
1049 1071
1049 1082
1050 1069
1050 1073
884 1051
1052 1091
431 555
436 437
437 675
437 676
261 262
261 263
261 264
261 265
261 266
262 267
263 264
263 265
263 266
264 265
264 266
265 266
414 415
414 416
415 416
415 429
369 370
369 371
370 371
375 417
375 534
375 651
375 652
375 653
375 654
485 486
485 487
485 509
486 487
486 510
486 511
486 512
487 511
442 444
442 445
442 446
442 447
442 448
442 449
406 407
406 417
406 473
289 290
289 291
290 291
292 293
388 389
388 420
516 519
516 520
516 521
516 522
516 523
516 524
517 518
449 518
518 520
518 521
518 540
518 547
518 548
518 549
518 550
518 551
518 580
518 591
518 592
518 593
445 520
445 521
489 490
489 491
489 530
490 491
490 494
490 496
490 551
493 494
417 533
439 533
441 533
502 533
533 555
533 565
439 565
524 565
500 559
501 508
501 584
501 729
501 742
501 743
502 503
502 504
502 505
502 506
502 507
502 542
502 543
502 545
502 561
502 601
502 610
502 675
502 676
502 678
502 729
502 733
502 746
502 747
502 748
502 749
502 750
502 751
502 752
502 753
502 754
502 755
504 508
508 543
561 600
600 670
600 671
600 672
600 826
343 463
345 346
345 1131
345 1184
345 1200
345 1235
345 1285
345 1331
345 1338
345 1339
345 1340
345 1341
345 1375
345 1379
345 1401
346 1338
346 1342
346 1345
463 466
466 571
468 470
468 510
468 605
468 619
468 620
468 622
468 623
468 624
468 625
468 626
468 627
468 660
468 661
468 662
468 760
468 761
468 762
468 763
471 662
449 547
547 591
510 605
589 605
602 605
605 606
605 619
605 620
543 610
545 610
603 610
607 610
609 610
610 611
610 613
610 619
610 655
610 712
610 713
610 714
610 715
610 716
610 717
610 718
610 719
610 720
610 721
619 620
619 660
619 715
619 758
619 759
620 655
620 656
655 656
656 657
548 660
550 660
660 661
660 713
660 759
660 852
661 713
661 759
661 852
662 762
662 763
650 756
756 757
783 784
529 669
537 669
669 691
669 797
537 691
691 707
691 761
691 786
691 797
691 858
691 863
691 866
691 868
691 869
691 871
691 872
691 873
824 863
863 867
863 907
863 939
863 941
863 983
864 865
866 904
866 906
866 911
628 867
785 867
824 867
867 939
867 943
867 945
867 946
394 395
394 396
395 396
464 526
525 526
526 527
526 528
526 529
463 464
464 583
417 480
480 481
480 482
480 513
417 537
529 537
532 537
534 537
537 572
537 665
537 666
537 687
537 688
537 689
537 692
537 693
537 695
537 696
537 698
537 699
537 700
537 701
532 572
572 573
572 586
573 664
573 665
573 666
573 667
573 668
417 539
532 539
539 647
539 648
539 649
539 663
482 574
574 576
574 577
574 644
574 645
574 646
574 648
574 764
574 765
574 766
576 577
576 765
576 854
577 648
577 766
577 854
417 482
417 498
417 531
417 532
417 534
417 536
417 538
417 540
417 541
417 542
417 543
417 544
417 545
417 546
418 514
418 515
481 482
482 528
482 642
482 643
482 644
482 645
482 646
482 647
482 648
482 649
463 513
463 514
1123 1131
1131 1133
1131 1171
1131 1184
1131 1235
1131 1289
1131 1290
1131 1291
1131 1301
1131 1314
1131 1375
1131 1386
1131 1406
1131 1407
1131 1408
1131 1409
1131 1410
1131 1411
1131 1412
1155 1184
1163 1184
1168 1184
1169 1184
1180 1184
1182 1184
1183 1184
1184 1204
1184 1285
1135 1200
1139 1200
1200 1229
1200 1331
1200 1334
1200 1336
1200 1338
1200 1339
1200 1343
1200 1404
1200 1405
1188 1235
1209 1235
1232 1235
1235 1236
1235 1242
1235 1281
1235 1282
1235 1283
1235 1284
1235 1285
1235 1286
1235 1287
1235 1288
1235 1289
1235 1290
1235 1291
1235 1292
1235 1293
1235 1294
1235 1295
1235 1296
1235 1297
1235 1298
1167 1285
1188 1285
1285 1288
1285 1290
1285 1371
1285 1378
1144 1331
1331 1332
1331 1333
1331 1334
1331 1335
1331 1336
1331 1337
1331 1338
1331 1339
1331 1340
1331 1341
1331 1342
1331 1343
1170 1338
1174 1338
1198 1338
1222 1338
1227 1338
1289 1338
1313 1338
1334 1338
1337 1338
1338 1339
1338 1341
1338 1345
1338 1364
1338 1401
1338 1416
1338 1417
1338 1422
1338 1426
1338 1427
1338 1428
1338 1429
1338 1430
1338 1431
1338 1432
1338 1433
1338 1434
1338 1435
1338 1436
1338 1437
1338 1438
1338 1439
1301 1339
1313 1339
1334 1339
1337 1339
1339 1341
1339 1364
1339 1404
1174 1340
1289 1340
1313 1340
1340 1342
1340 1399
1340 1409
1340 1410
1340 1411
1340 1430
1340 1443
1340 1449
1340 1459
1340 1460
1340 1461
1340 1462
1340 1463
1340 1464
1340 1465
1198 1341
1341 1342
1341 1343
1341 1345
1341 1401
1341 1459
1341 1468
1341 1469
1341 1470
348 1375
349 1375
1309 1375
1375 1413
1194 1379
1360 1379
1371 1379
1198 1401
1401 1403
1401 1427
1401 1432
1401 1453
1401 1489
1401 1490
1401 1491
1401 1492
1342 1343
1342 1345
1342 1459
1342 1468
1342 1469
1342 1470
1334 1345
1343 1345
348 349
527 532
498 597
504 597
506 597
597 716
597 731
597 746
597 935
597 936
587 588
510 511
510 512
510 589
510 602
510 617
510 621
510 622
510 623
510 624
510 625
510 626
510 627
510 628
510 629
510 630
510 631
510 632
510 633
510 634
510 635
510 636
510 637
510 638
510 639
510 640
510 641
568 617
532 534
532 586
534 536
534 538
536 538
536 682
732 825
503 504
503 505
503 506
503 507
498 504
504 505
504 506
504 507
504 543
504 731
498 506
506 507
506 731
505 507
507 747
542 545
543 545
544 545
545 546
545 717
545 720
545 734
545 735
545 746
545 749
545 752
545 836
674 680
674 745
674 747
674 839
674 929
674 960
674 961
674 962
674 963
674 964
674 965
560 675
675 676
675 733
675 839
734 735
734 749
543 735
729 735
735 750
735 751
729 736
736 840
738 739
738 740
738 741
739 740
739 741
739 965
740 741
560 741
678 741
741 748
741 835
651 861
641 652
652 653
652 723
652 913
652 937
652 1015
653 932
653 986
439 492
441 528
528 529
528 642
528 643
579 580
449 580
580 590
580 592
548 549
548 550
549 550
549 779
496 551
498 541
498 543
498 546
498 730
498 731
540 568
540 608
540 618
542 543
542 544
542 727
542 728
542 729
542 753
542 831
542 832
542 833
542 834
542 835
543 544
543 546
543 717
543 729
543 746
543 747
543 749
543 750
543 751
543 752
543 836
546 761
546 836
546 937
546 938
513 514
514 515
469 778
511 512
511 589
568 589
589 602
589 603
560 678
560 681
560 727
560 729
560 748
560 753
560 775
560 831
560 838
560 839
560 840
560 841
560 842
560 843
560 844
560 845
560 846
560 847
560 848
560 849
560 850
560 851
584 670
670 671
670 672
670 673
670 826
671 672
671 673
671 826
672 673
672 826
584 673
673 826
678 729
678 748
678 835
678 839
678 840
678 841
678 845
678 894
681 831
681 846
681 847
681 848
744 767
744 771
744 838
744 843
744 894
744 895
446 590
447 448
447 449
449 590
449 592
519 520
520 521
520 523
521 522
521 523
521 568
551 592
472 566
472 567
581 582
581 583
581 585
665 687
687 808
687 814
687 823
704 706
704 827
706 875
706 889
706 890
706 901
698 707
699 707
707 708
707 871
707 1011
707 1012
707 1013
708 891
708 982
628 629
629 763
629 824
629 941
628 824
785 824
824 907
824 939
824 940
824 941
824 942
716 718
717 718
718 720
718 721
718 880
718 881
718 883
718 884
718 994
718 995
718 996
718 997
718 998
718 999
718 1000
718 1001
753 850
850 1061
876 878
849 879
879 956
879 957
879 1042
879 1043
880 995
880 996
881 882
881 883
881 884
881 997
881 1066
882 1066
883 884
883 885
883 886
883 997
883 1067
883 1068
883 1069
883 1070
884 1066
885 886
885 1069
857 910
910 961
910 980
910 1036
910 1037
910 1038
622 623
622 624
622 625
622 626
622 627
622 760
622 761
622 939
622 940
622 943
623 624
623 625
623 626
623 627
624 625
624 626
624 627
625 626
625 627
625 763
625 788
625 789
626 627
626 636
626 787
626 790
626 792
760 761
761 792
761 793
761 937
761 938
762 763
630 763
631 763
763 791
763 792
763 793
763 941
763 958
763 959
584 773
584 826
642 643
643 689
643 710
643 711
644 645
644 646
645 646
647 648
647 649
648 649
648 710
648 766
648 780
648 781
648 782
727 728
727 729
727 748
727 838
727 839
727 929
728 729
729 742
729 743
729 748
729 752
729 753
729 838
729 839
729 840
729 929
742 743
714 746
715 746
716 746
717 746
746 752
746 754
746 755
746 836
746 912
746 914
746 915
746 916
746 917
746 918
746 919
746 920
746 921
746 922
746 923
746 924
746 925
746 926
746 927
746 928
630 747
747 748
747 839
747 929
747 930
747 931
747 932
747 933
747 934
630 748
748 769
748 839
748 840
748 842
748 845
748 857
748 894
748 929
750 751
753 834
753 835
753 844
753 845
753 849
754 755
568 602
602 603
602 604
602 606
628 785
628 939
628 941
628 945
628 946
630 631
630 632
630 633
630 931
630 932
630 934
630 1008
631 632
631 633
631 1008
631 1009
632 633
634 635
634 636
635 636
635 790
635 793
635 795
636 638
636 792
636 793
636 795
638 639
638 640
638 641
638 792
638 793
638 1022
638 1023
638 1024
638 1025
639 640
639 641
640 641
640 795
640 1015
641 1015
641 1039
568 603
568 618
665 666
665 667
665 668
665 692
665 696
665 699
665 700
665 806
665 807
665 808
665 809
665 810
665 811
665 812
665 813
665 814
665 815
665 816
665 817
665 818
665 819
665 820
665 821
665 822
666 667
666 668
666 692
666 699
666 902
666 903
666 904
666 905
666 906
689 693
689 765
689 856
689 857
668 692
692 699
692 902
692 903
692 904
692 906
696 700
696 814
696 815
696 816
696 971
696 972
696 973
698 699
698 907
700 974
700 1016
700 1017
603 608
607 608
831 834
831 851
831 1014
832 834
833 834
834 835
716 717
717 719
717 721
717 994
715 836
836 914
836 915
720 721
913 937
937 938
937 1006
937 1007
779 896
779 897
779 898
769 775
770 775
771 775
774 775
775 776
767 838
838 839
839 840
839 929
840 845
840 894
842 985
842 987
842 988
842 990
842 1029
842 1030
843 894
843 931
843 1028
844 845
844 846
844 1040
844 1041
845 894
846 934
846 1040
847 848
849 956
849 957
603 607
603 609
603 611
603 613
603 614
667 808
667 810
668 906
768 769
768 770
768 771
768 772
769 770
769 771
769 772
769 774
769 777
769 857
769 894
769 931
769 966
770 771
770 772
770 774
771 772
771 774
771 777
774 776
776 1002
716 719
716 896
716 897
716 917
716 935
716 936
716 952
716 953
716 955
716 957
935 936
607 609
607 611
609 611
613 614
613 714
614 712
712 713
712 758
712 827
712 861
713 759
713 852
714 722
714 723
714 759
714 853
714 912
715 914
721 994
722 723
723 890
723 913
758 759
758 827
758 828
758 829
758 830
759 852
759 853
785 939
939 940
939 942
939 943
939 945
939 946
940 943
785 943
794 943
943 944
943 969
788 789
790 795
791 792
792 793
792 1022
792 1023
785 794
785 941
785 944
941 983
945 946
857 931
894 931
931 932
931 934
931 1028
932 986
1008 1053
1008 1054
791 793
793 795
793 1022
793 1024
793 1025
795 920
1022 1023
1022 1024
1022 1025
1024 1025
1015 1039
710 711
710 780
781 782
861 986
786 858
786 872
786 873
794 796
794 944
794 969
852 859
852 860
806 807
806 808
806 809
807 808
807 809
807 811
807 812
807 813
807 837
808 809
808 810
808 814
808 823
811 812
811 813
812 813
814 815
814 820
814 823
814 971
814 972
815 816
815 821
815 971
815 972
815 974
815 975
815 976
816 821
816 872
816 974
816 984
817 837
817 992
818 837
818 993
819 821
819 837
819 993
820 972
820 973
821 976
822 1063
902 903
902 904
901 903
903 904
857 904
904 906
904 907
904 908
929 930
960 964
960 965
960 1021
961 965
961 1034
961 1035
962 964
962 1036
962 1037
962 1038
964 965
965 1034
894 895
894 1028
856 857
857 1020
858 872
858 873
858 875
858 890
858 901
858 911
858 970
868 869
869 875
872 942
895 1028
972 973
947 948
948 949
948 950
948 951
950 951
951 975
987 988
988 989
988 990
974 1016
827 828
827 829
827 830
828 829
828 830
829 830
875 890
875 901
875 970
889 890
889 901
889 970
890 901
890 970
901 970
1011 1012
1011 1013
1012 1013
981 982
896 897
896 898
896 952
896 953
896 954
896 955
896 956
896 957
897 898
897 952
897 953
915 917
916 917
917 1010
952 953
955 956
955 957
956 957
957 1033
926 995
995 996
997 1000
997 1069
997 1070
997 1075
997 1076
998 999
998 1000
998 1001
998 1067
999 1000
999 1001
1000 1001
1000 1086
825 862
915 916
915 1010
916 920
916 923
916 925
916 927
916 928
916 1010
918 924
918 926
918 1031
918 1032
919 920
919 922
920 921
920 922
920 928
920 1042
920 1043
921 922
921 1042
922 1042
922 1044
923 925
923 927
924 926
925 927
958 959
898 954
911 942
911 1018
911 1055
911 1056
911 1057
911 1058
911 1059
911 1060
980 981
1045 1046
1045 1047
1045 1048
1046 1047
1046 1048
1047 1048
837 992
837 993
975 976
975 1064
976 1065
942 1018
1029 1030
956 1033
859 860
887 888
887 899
887 900
1042 1043
1042 1044
1067 1068
1069 1072
1069 1073
1069 1074
899 900
1036 1037
1036 1038
1037 1038
1056 1093
1056 1094
1056 1095
1056 1096
1056 1097
1056 1098
1056 1099
1056 1100
1056 1101
1056 1102
1056 1103
1056 1104
1056 1105
1058 1059
1058 1060
1059 1060
1060 1096
1060 1109
1060 1110
1060 1111
1031 1032
1006 1007
947 949
1035 1062
1075 1080
1075 1081
1073 1076
1076 1085
1076 1087
1086 1088
1086 1089
1071 1079
1053 1054
1072 1073
1072 1074
1079 1082
1082 1083
1073 1074
1073 1085
1090 1091
1094 1095
1094 1115
1094 1136
1094 1137
1095 1104
1095 1105
1096 1098
1096 1105
1096 1111
1096 1169
1096 1179
1096 1186
1096 1187
1096 1215
1096 1237
1096 1239
1096 1240
1096 1241
1096 1242
1096 1243
1097 1098
1097 1099
1097 1244
1097 1245
1098 1099
1098 1177
1098 1240
1098 1241
1098 1247
1099 1177
1099 1247
1100 1101
1100 1178
1100 1179
1100 1246
1100 1247
1100 1253
1100 1254
1102 1262
1102 1263
1102 1264
1102 1265
1102 1266
1103 1178
1103 1218
1103 1254
1103 1256
1103 1257
1103 1268
1103 1274
1104 1105
1104 1243
1105 1155
1105 1169
1105 1179
1105 1185
1105 1186
1105 1187
1105 1243
1105 1262
1105 1263
1105 1312
1105 1347
1105 1349
1105 1350
1105 1351
1105 1352
1105 1353
1105 1354
1106 1109
1107 1109
1109 1110
1109 1112
1110 1116
1111 1232
1111 1238
1079 1083
1081 1092
1083 1084
1088 1089
1113 1115
1115 1135
1115 1136
1115 1137
1115 1138
1115 1139
1115 1140
1115 1141
1115 1142
1115 1143
1115 1144
1115 1145
1115 1146
1115 1147
1136 1137
1151 1169
1163 1169
1168 1169
1169 1179
1169 1311
1169 1359
1155 1179
1163 1179
1178 1179
1179 1180
1179 1181
1179 1182
1179 1188
1179 1201
1179 1204
1179 1214
1179 1237
1179 1246
1179 1247
1179 1258
1179 1259
1179 1260
1179 1261
1155 1186
1185 1186
1186 1187
1186 1243
1186 1264
1186 1309
1186 1312
1186 1351
1186 1354
1186 1360
1186 1361
1186 1362
1155 1187
1187 1243
1187 1262
1187 1263
1187 1264
1187 1350
1180 1215
1201 1215
1215 1237
1215 1242
1215 1258
1215 1272
1215 1273
1232 1237
1236 1237
1237 1242
1240 1241
1183 1242
1209 1242
1242 1272
1242 1281
1242 1305
1147 1243
1185 1243
1243 1272
1243 1303
1243 1307
1243 1350
1178 1244
1219 1244
1244 1246
1155 1177
1177 1178
1177 1247
1178 1247
1246 1247
1155 1178
1163 1178
1178 1218
1178 1219
1178 1246
1178 1253
1178 1255
1216 1246
1219 1246
1218 1253
1219 1253
1253 1254
1218 1254
1219 1254
1254 1256
1254 1257
1262 1263
1262 1266
1262 1307
1262 1350
1262 1361
1262 1369
1263 1347
1263 1350
1263 1352
1263 1353
1192 1264
1264 1309
1264 1312
1264 1354
1264 1362
1266 1361
1122 1218
1140 1218
1173 1218
1217 1218
1218 1219
1218 1222
1218 1256
1218 1257
1218 1268
1218 1269
1218 1270
1218 1271
1256 1257
1256 1268
1257 1268
1257 1274
1257 1275
1257 1276
1257 1277
1257 1278
1268 1274
1268 1277
1268 1278
1268 1279
1268 1280
1119 1155
1133 1155
1135 1155
1148 1155
1149 1155
1150 1155
1151 1155
1152 1155
1153 1155
1154 1155
1155 1158
1155 1159
1155 1160
1155 1161
1155 1162
1155 1167
1155 1170
1155 1171
1155 1180
1155 1181
1155 1182
1155 1183
1155 1185
1155 1188
1155 1189
1155 1190
1155 1191
1155 1192
1155 1193
1155 1194
1185 1350
1167 1312
1192 1312
1312 1354
1312 1362
1279 1347
1347 1348
1347 1349
1347 1351
1347 1352
1347 1353
1279 1349
1348 1349
1307 1350
1350 1360
1352 1353
1309 1354
1354 1372
1106 1107
1106 1108
1231 1232
1232 1233
1232 1234
1232 1236
1232 1238
1113 1114
1119 1135
1133 1135
1135 1141
1135 1151
1135 1163
1135 1195
1135 1196
1135 1197
1135 1198
1135 1199
1122 1138
1138 1139
1138 1142
1138 1146
1138 1248
1138 1249
1122 1139
1139 1142
1139 1146
1139 1198
1139 1199
1139 1227
1139 1228
1139 1229
1139 1248
1139 1250
1139 1251
1139 1252
1122 1140
1140 1143
1119 1141
1122 1141
1141 1210
1141 1334
1122 1143
1143 1170
1143 1222
1143 1223
1143 1224
1143 1225
1143 1363
1144 1145
1144 1334
1144 1335
1147 1303
1147 1307
1117 1118
1117 1119
1117 1120
1118 1121
1118 1122
1119 1122
1119 1151
1121 1123
1121 1124
1121 1134
1122 1152
1122 1217
1122 1219
1122 1220
1122 1221
1122 1222
1122 1223
1122 1224
1122 1225
1122 1226
1122 1227
1122 1228
1122 1229
1122 1230
1148 1151
1149 1151
1150 1151
1151 1152
1151 1153
1151 1154
1151 1157
1151 1159
1151 1163
1151 1164
1151 1165
1151 1166
1151 1167
1151 1168
1151 1170
1151 1171
1151 1172
1151 1173
1151 1174
1151 1175
1151 1176
1123 1124
1123 1125
1123 1126
1123 1127
1123 1128
1123 1129
1123 1130
1123 1132
1123 1133
1134 1205
1134 1208
1134 1209
1148 1152
1149 1152
1150 1152
1152 1153
1152 1154
1217 1219
1217 1222
1217 1223
1170 1222
1199 1222
1222 1223
1222 1259
1222 1269
1222 1363
1170 1223
1223 1363
1224 1225
1198 1227
1199 1227
1227 1228
1227 1251
1227 1252
1227 1313
1198 1228
1199 1228
1228 1229
1228 1251
1228 1252
1229 1252
1230 1251
1230 1399
1230 1446
1125 1127
1125 1128
1125 1205
1125 1206
1125 1211
1125 1212
1125 1213
1126 1150
1126 1180
1127 1128
1127 1209
1127 1211
1129 1130
1132 1299
1133 1171
1205 1206
1205 1207
1205 1208
1205 1209
1205 1210
1209 1211
1211 1212
1211 1213
1212 1213
1213 1273
1213 1306
1148 1150
1149 1150
1150 1153
1150 1154
1150 1156
1150 1157
1150 1158
1150 1159
1150 1160
1150 1161
1150 1162
1180 1181
1180 1182
1180 1183
1180 1193
1180 1201
1180 1214
1180 1258
1180 1267
1207 1209
1208 1209
1209 1210
1170 1171
1171 1172
1171 1173
1167 1289
1174 1289
1289 1290
1289 1291
1289 1292
1289 1293
1289 1313
1289 1314
1289 1409
1289 1410
1289 1411
1289 1442
1289 1443
1289 1444
1289 1461
1289 1475
1289 1476
1289 1477
1289 1478
1289 1479
1289 1480
1289 1481
1290 1291
1290 1292
1290 1314
1290 1317
1290 1376
1290 1378
1290 1456
1290 1458
1290 1460
1290 1482
1290 1483
1290 1484
1291 1292
1291 1294
1291 1360
1291 1390
1291 1391
1291 1406
1291 1407
1291 1408
1291 1487
1236 1301
1284 1301
1301 1329
1301 1334
1167 1314
1313 1314
1314 1452
1314 1482
1298 1386
1360 1386
1386 1387
1386 1388
1386 1389
1386 1390
1386 1391
1386 1528
1386 1529
1386 1530
1406 1407
1406 1408
1406 1460
1288 1407
1407 1408
1407 1467
1408 1412
1408 1488
1174 1409
1409 1410
1409 1411
1409 1412
1409 1443
1409 1460
1409 1461
1174 1410
1292 1410
1410 1411
1410 1443
1410 1461
1410 1486
1410 1498
1411 1412
1411 1414
1411 1443
1411 1461
1411 1479
1411 1486
1411 1498
1294 1412
1412 1415
1412 1475
1412 1488
1412 1511
1412 1514
1412 1520
1412 1521
1412 1522
1412 1523
1412 1524
1236 1299
1284 1299
1163 1168
1163 1183
1163 1195
1163 1196
1163 1201
1163 1202
1163 1203
1163 1204
1195 1196
1161 1197
1197 1310
1197 1373
1198 1199
1198 1251
1198 1252
1198 1399
1198 1400
1198 1402
1198 1403
1199 1251
1199 1252
1199 1337
1158 1248
1251 1252
1158 1210
1207 1210
1210 1328
1210 1329
1210 1330
1332 1334
1333 1334
1334 1344
1167 1170
1170 1172
1170 1173
1170 1174
1170 1194
1170 1363
1170 1364
1170 1365
1170 1366
1170 1367
1170 1368
1272 1303
1303 1307
1148 1149
1148 1153
1148 1154
1149 1153
1149 1154
1153 1154
1156 1164
1156 1165
1157 1167
1158 1159
1158 1160
1158 1161
1158 1162
1158 1328
1159 1160
1159 1161
1159 1162
1160 1161
1160 1162
1160 1168
1160 1357
1160 1358
1161 1162
1164 1165
1164 1166
1165 1166
1167 1173
1167 1174
1167 1188
1167 1192
1167 1193
1167 1269
1167 1310
1167 1311
1167 1313
1167 1315
1167 1316
1167 1317
1167 1318
1167 1319
1167 1320
1167 1321
1167 1322
1167 1323
1167 1324
1167 1325
1167 1326
1168 1357
1168 1358
1172 1173
1172 1174
1173 1364
1173 1376
1173 1377
1173 1378
1174 1175
1174 1364
1174 1414
1174 1430
1174 1441
1174 1442
1174 1443
1174 1444
1176 1445
1181 1182
1182 1183
1182 1259
1182 1260
1182 1279
1183 1204
1188 1189
1188 1190
1188 1191
1188 1192
1188 1204
1188 1370
1188 1371
1188 1372
1189 1190
1189 1191
1189 1192
1189 1194
1189 1370
1189 1371
1190 1191
1190 1192
1190 1370
1190 1371
1192 1193
1192 1194
1192 1371
1192 1372
1194 1360
1194 1371
1357 1358
1201 1214
1201 1216
1202 1203
1310 1311
1310 1373
1311 1359
1313 1337
1313 1364
1313 1414
1313 1415
1313 1416
1313 1417
1313 1418
1313 1419
1313 1420
1313 1421
1313 1422
1313 1423
1313 1424
1313 1425
1317 1388
1317 1452
1317 1453
1317 1489
1317 1496
1317 1497
1317 1519
1317 1532
1317 1542
1317 1543
1317 1544
1317 1545
1317 1546
1318 1424
1318 1501
1295 1319
1296 1319
1319 1324
1319 1477
1319 1503
1319 1513
1319 1528
1319 1542
1319 1545
1319 1550
1319 1553
1319 1554
1320 1321
1320 1322
1320 1581
1321 1322
1321 1518
1321 1567
1321 1583
1322 1360
1322 1396
1322 1397
1322 1534
1322 1543
1322 1581
1322 1582
1322 1584
1322 1585
1322 1586
1323 1324
1323 1325
1323 1326
1324 1325
1324 1326
1324 1503
1324 1542
1324 1602
1325 1326
1325 1423
1325 1503
1325 1545
1325 1576
1325 1603
1337 1364
1365 1366
1365 1367
1365 1368
1366 1367
1366 1368
1367 1368
1270 1376
1360 1376
1376 1447
1376 1452
1376 1453
1376 1454
1376 1455
1376 1456
1376 1457
1376 1458
1377 1378
1377 1451
1377 1452
1377 1471
1360 1378
1378 1383
1414 1478
1414 1479
1414 1486
1414 1509
1414 1510
1414 1511
1414 1512
1414 1513
1414 1514
1414 1515
1430 1459
1430 1462
1430 1463
1443 1461
1255 1355
1255 1356
1214 1258
1216 1259
1259 1260
1259 1279
1259 1346
1216 1279
1279 1346
1279 1348
1305 1309
1309 1374
1270 1360
1292 1360
1360 1361
1360 1371
1360 1381
1360 1382
1360 1383
1360 1384
1360 1385
1360 1387
1360 1388
1360 1389
1360 1390
1360 1391
1360 1392
1360 1393
1360 1394
1360 1395
1360 1396
1360 1397
1360 1398
1361 1369
1361 1371
1270 1399
1399 1446
1399 1449
1402 1516
1403 1489
1403 1490
1403 1495
1403 1496
1403 1505
1403 1518
1403 1519
1343 1459
1343 1468
1343 1469
1343 1470
1216 1346
1207 1327
1284 1329
1329 1330
1272 1273
1273 1306
1272 1304
1270 1271
1270 1288
1270 1447
1270 1448
1233 1234
1236 1284
1236 1287
1236 1300
1236 1302
1281 1282
1282 1283
1292 1294
1292 1388
1292 1395
1292 1396
1292 1456
1292 1536
1292 1537
1293 1294
1293 1475
1294 1296
1294 1297
1294 1298
1294 1475
1294 1511
1294 1552
1295 1296
1295 1297
1295 1524
1295 1543
1295 1545
1295 1570
1296 1297
1296 1298
1297 1298
1297 1475
1297 1514
1297 1522
1297 1530
1298 1475
1298 1530
1305 1308
1355 1356
1275 1276
1275 1277
1275 1380
1276 1277
1369 1381
1369 1382
1369 1450
1369 1451
1448 1493
1348 1440
1475 1479
1475 1524
1476 1477
1476 1542
1477 1542
1478 1480
1478 1481
1478 1486
1478 1509
1478 1560
1478 1561
1480 1481
1480 1560
1480 1561
1481 1560
1456 1458
1456 1548
1456 1549
1415 1460
1460 1497
1420 1482
1424 1482
1465 1482
1482 1489
1482 1491
1482 1499
1482 1500
1482 1501
1482 1502
1482 1503
1482 1504
1483 1535
1483 1541
1484 1547
1387 1390
1388 1390
1389 1390
1390 1391
1390 1531
1387 1391
1388 1391
1389 1391
1391 1392
1391 1393
1391 1487
1391 1535
1387 1388
1388 1389
1388 1392
1388 1528
1388 1529
1388 1532
1388 1533
1388 1534
1395 1396
1396 1397
1396 1526
1420 1536
1536 1537
1536 1571
1536 1582
1536 1589
1536 1590
1536 1593
1536 1598
1537 1581
1510 1511
1511 1512
1511 1513
1511 1514
1433 1552
1486 1552
1514 1524
1521 1524
1524 1545
1524 1556
1524 1559
1524 1570
1542 1543
1543 1545
1503 1545
1519 1545
1521 1545
1542 1545
1544 1545
1545 1546
1545 1553
1545 1576
1510 1514
1512 1514
1514 1556
1514 1578
1415 1522
1521 1522
1522 1556
1522 1559
1415 1497
1415 1550
1416 1433
1416 1434
1416 1435
1416 1571
1417 1418
1417 1421
1417 1422
1417 1431
1417 1436
1417 1437
1417 1561
1417 1574
1417 1575
1418 1421
1418 1422
1418 1436
1418 1437
1418 1465
1420 1424
1420 1502
1420 1503
1420 1504
1420 1565
1420 1571
1420 1589
1420 1590
1421 1423
1421 1436
1421 1437
1422 1423
1422 1437
1422 1560
1422 1561
1422 1580
1423 1437
1423 1491
1423 1501
1423 1580
1423 1603
1423 1604
1423 1605
1424 1502
1424 1503
1424 1504
1451 1452
1452 1453
1452 1471
1453 1455
1453 1491
1453 1492
1453 1494
1453 1495
1453 1496
1489 1490
1489 1496
1489 1499
1489 1505
1489 1506
1489 1507
1489 1508
1495 1496
1497 1544
1497 1551
1505 1519
1518 1519
1519 1544
1519 1546
1519 1568
1544 1546
1501 1502
1503 1504
1503 1553
1503 1554
1503 1607
1510 1513
1528 1529
1528 1550
1528 1589
1550 1554
1550 1597
1502 1553
1553 1554
1553 1602
1554 1599
1554 1610
1581 1582
1457 1518
1505 1518
1518 1566
1518 1567
1566 1567
1567 1593
1533 1534
1534 1585
1541 1582
1571 1582
1582 1589
1582 1593
1603 1604
1332 1333
1427 1432
1427 1465
1427 1516
1427 1517
1428 1429
1428 1517
1428 1539
1428 1540
1429 1474
1432 1436
1432 1438
1433 1435
1433 1486
1434 1435
1436 1437
1436 1572
1436 1573
1437 1438
1437 1439
1437 1465
1437 1572
1437 1580
1438 1439
1438 1572
1438 1573
1438 1587
1438 1588
1439 1572
1439 1587
1439 1588
1459 1462
1459 1464
1459 1468
1459 1469
1459 1470
1459 1485
1459 1486
1462 1463
1462 1464
1462 1485
1464 1485
1465 1491
1465 1492
1465 1517
1468 1469
1468 1470
1469 1470
1381 1383
1381 1451
1381 1466
1382 1384
1382 1385
1383 1451
1383 1473
1384 1385
1387 1389
1387 1531
1392 1393
1392 1577
1398 1533
1451 1471
1451 1472
1451 1473
1451 1474
1454 1455
1454 1525
1455 1526
1455 1527
1535 1541
1526 1566
1526 1569
1491 1492
1491 1502
1491 1508
1491 1538
1492 1502
1492 1508
1492 1555
1495 1508
1495 1562
1495 1563
1495 1564
1495 1565
1486 1509
1520 1521
1521 1556
1521 1557
1521 1558
1521 1559
1510 1512
1512 1515
1512 1578
1571 1589
1571 1590
1560 1561
1561 1597
1561 1601
1572 1574
1574 1575
1574 1579
1502 1606
1504 1607
1508 1565
1555 1565
1565 1592
1565 1594
1565 1608
1565 1611
1565 1612
1565 1613
1589 1590
1560 1599
1560 1600
1517 1539
1517 1540
1538 1539
1539 1540
1472 1474
1573 1587
1573 1609
1587 1588
1472 1499
1541 1593
1506 1507
1555 1592
1563 1564
1563 1592
1564 1608
1556 1559
1556 1591
1566 1569
1566 1593
1566 1594
1566 1595
1566 1596
1557 1558
1592 1608
1608 1609
1594 1611
1594 1612
1594 1613
1611 1612
1595 1596
