1 498
1 505
1 506
1 528
78 498
79 498
498 776
498 1347
498 1348
498 1352
498 1372
498 1374
498 1380
498 1381
498 1404
498 1405
498 1409
498 1429
498 1431
498 1437
498 1438
103 505
111 505
505 701
505 951
505 952
505 1104
505 1393
505 1419
505 1426
505 1450
505 1476
505 1483
104 506
117 506
506 701
506 951
506 952
506 1105
506 1394
506 1395
506 1420
506 1423
506 1428
506 1451
506 1452
506 1468
506 1477
506 1480
506 1485
528 701
528 776
528 951
528 1448
528 1474
528 1482
528 1505
528 1524
528 1531
528 1539
2 499
2 508
2 509
2 529
81 499
82 499
499 777
499 1352
499 1380
499 1381
499 1409
499 1437
499 1438
106 508
109 508
114 508
508 702
508 953
508 954
508 1107
508 1108
508 1397
508 1422
508 1439
508 1454
508 1469
508 1479
508 1496
107 509
112 509
509 702
509 953
509 954
509 1109
509 1394
509 1420
509 1423
509 1451
509 1469
509 1477
509 1480
529 702
529 777
529 953
529 1449
529 1475
529 1488
529 1506
529 1524
529 1532
529 1545
3 500
3 510
3 511
3 530
83 500
84 500
500 778
500 1333
500 1340
500 1358
500 1365
500 1382
500 1390
500 1397
500 1415
500 1422
500 1439
108 510
125 510
510 703
510 955
510 956
510 1110
510 1398
510 1399
510 1424
510 1432
510 1433
510 1455
510 1456
510 1481
510 1489
510 1490
106 511
109 511
511 703
511 955
511 956
511 1107
511 1391
511 1400
511 1417
511 1425
511 1430
511 1448
511 1457
511 1474
511 1482
511 1487
530 703
530 778
530 955
530 1450
530 1476
530 1483
530 1507
530 1533
530 1540
4 555
4 562
4 563
4 585
103 555
104 555
555 783
555 1507
555 1533
555 1540
555 1564
555 1590
555 1597
103 562
111 562
128 562
136 562
562 704
562 957
562 958
562 1126
562 1507
562 1510
562 1515
562 1516
562 1533
562 1535
562 1540
562 1548
562 1550
562 1564
562 1567
562 1572
562 1573
562 1590
562 1592
562 1597
562 1605
562 1607
104 563
117 563
129 563
142 563
563 704
563 957
563 958
563 1127
563 1517
563 1541
563 1546
563 1574
563 1585
563 1598
563 1603
585 704
585 783
585 957
585 1569
585 1570
585 1595
585 1603
585 1604
585 1626
585 1627
585 1652
585 1660
585 1661
5 556
5 565
5 566
5 586
106 556
107 556
556 784
556 1508
556 1509
556 1534
556 1537
556 1542
556 1565
556 1566
556 1582
556 1591
556 1594
556 1599
106 565
109 565
114 565
131 565
134 565
139 565
565 705
565 959
565 960
565 1129
565 1130
565 1518
565 1543
565 1551
565 1575
565 1600
565 1608
107 566
112 566
132 566
137 566
566 705
566 959
566 960
566 1131
566 1503
566 1514
566 1529
566 1539
566 1544
566 1560
566 1571
566 1586
566 1596
566 1601
586 705
586 784
586 959
586 1562
586 1571
586 1588
586 1596
586 1601
586 1619
586 1628
586 1645
586 1653
586 1658
6 557
6 567
6 568
6 587
108 557
109 557
557 785
557 1510
557 1535
557 1540
557 1567
557 1582
557 1592
557 1597
108 567
125 567
133 567
150 567
567 706
567 961
567 962
567 1132
567 1506
567 1519
567 1532
567 1545
567 1551
567 1563
567 1576
567 1589
567 1602
567 1608
106 568
109 568
131 568
134 568
568 706
568 961
568 962
568 1129
568 1512
568 1517
568 1520
568 1538
568 1541
568 1546
568 1549
568 1569
568 1574
568 1577
568 1595
568 1598
568 1603
568 1606
587 706
587 785
587 961
587 1564
587 1567
587 1572
587 1573
587 1590
587 1592
587 1597
587 1605
587 1607
587 1621
587 1624
587 1629
587 1630
587 1647
587 1649
587 1654
587 1662
587 1664
7 612
7 619
7 620
7 642
128 612
129 612
612 790
612 1621
612 1624
612 1629
612 1630
612 1647
612 1649
612 1654
612 1662
612 1664
612 1678
612 1681
612 1686
612 1687
612 1704
612 1706
612 1711
612 1719
612 1721
128 619
136 619
153 619
161 619
619 707
619 963
619 964
619 1148
619 1627
619 1652
619 1661
619 1684
619 1709
619 1718
129 620
142 620
154 620
167 620
620 707
620 963
620 964
620 1149
620 1629
620 1635
620 1636
620 1654
620 1662
620 1663
620 1686
620 1692
620 1693
620 1711
620 1719
620 1720
642 707
642 790
642 963
642 1677
642 1690
642 1703
642 1716
642 1722
642 1734
642 1747
642 1760
642 1773
642 1779
8 613
8 622
8 623
8 643
131 613
132 613
613 791
613 1631
613 1655
613 1660
613 1688
613 1699
613 1712
613 1717
131 622
134 622
139 622
156 622
159 622
164 622
622 708
622 965
622 966
622 1151
622 1152
622 1630
622 1654
622 1664
622 1687
622 1711
622 1721
132 623
137 623
157 623
162 623
623 708
623 965
623 966
623 1153
623 1632
623 1633
623 1637
623 1657
623 1659
623 1665
623 1666
623 1689
623 1690
623 1694
623 1714
623 1716
623 1722
623 1723
643 708
643 791
643 965
643 1683
643 1688
643 1691
643 1709
643 1712
643 1717
643 1720
643 1740
643 1745
643 1748
643 1766
643 1769
643 1774
643 1777
9 614
9 624
9 625
9 644
133 614
134 614
614 792
614 1623
614 1648
614 1656
614 1680
614 1705
614 1713
133 624
150 624
158 624
175 624
624 709
624 967
624 968
624 1154
624 1637
624 1665
624 1666
624 1694
624 1722
624 1723
131 625
134 625
156 625
159 625
625 709
625 967
625 968
625 1151
625 1618
625 1625
625 1643
625 1650
625 1667
625 1675
625 1682
625 1700
625 1707
625 1724
644 709
644 792
644 967
644 1684
644 1709
644 1718
644 1741
644 1766
644 1775
10 669
10 676
10 677
10 699
153 669
154 669
669 797
669 1741
669 1766
669 1775
669 1798
669 1823
669 1832
153 676
161 676
178 676
186 676
676 710
676 969
676 970
676 1170
676 1787
676 1788
676 1789
676 1814
676 1815
676 1829
676 1838
676 1844
676 1845
676 1846
676 1869
676 1871
676 1872
676 1886
676 1895
154 677
167 677
179 677
192 677
677 710
677 969
677 970
677 1171
677 1787
677 1814
677 1815
677 1844
677 1871
677 1872
699 710
699 797
699 969
699 1808
699 1836
699 1837
699 1865
699 1893
699 1894
11 670
11 679
11 680
11 700
156 670
157 670
670 798
670 1743
670 1749
670 1750
670 1768
670 1776
670 1777
670 1800
670 1806
670 1807
670 1825
670 1833
670 1834
156 679
159 679
164 679
181 679
184 679
189 679
679 711
679 971
679 972
679 1173
679 1174
679 1791
679 1817
679 1830
679 1848
679 1866
679 1874
679 1887
157 680
162 680
182 680
187 680
680 711
680 971
680 972
680 1175
680 1792
680 1818
680 1825
680 1849
680 1875
680 1882
700 711
700 798
700 971
700 1789
700 1796
700 1814
700 1821
700 1838
700 1846
700 1853
700 1871
700 1878
700 1895
12 671
12 681
12 682
12 701
158 671
159 671
671 799
671 1748
671 1749
671 1750
671 1774
671 1776
671 1777
671 1805
671 1806
671 1807
671 1831
671 1833
671 1834
158 681
175 681
183 681
200 681
681 712
681 973
681 974
681 1176
681 1793
681 1794
681 1819
681 1822
681 1827
681 1850
681 1851
681 1867
681 1876
681 1879
681 1884
156 682
159 682
181 682
184 682
682 712
682 973
682 974
682 1173
682 1795
682 1820
682 1825
682 1852
682 1867
682 1877
682 1882
76 701
701 712
701 799
701 973
13 726
13 733
13 734
13 756
101 726
178 726
179 726
726 804
726 964
726 965
726 985
108 733
178 733
186 733
203 733
211 733
713 733
733 975
733 976
733 1080
733 1081
733 1100
733 1192
109 734
179 734
192 734
204 734
217 734
713 734
734 975
734 976
734 1132
734 1133
734 1155
734 1193
131 756
713 756
756 804
756 975
756 1534
756 1535
756 1555
14 727
14 736
14 737
14 757
102 727
181 727
182 727
727 805
727 966
727 967
727 986
111 736
181 736
184 736
189 736
206 736
209 736
214 736
714 736
736 977
736 978
736 1137
736 1138
736 1157
736 1195
736 1196
112 737
182 737
187 737
207 737
212 737
714 737
737 977
737 978
737 1189
737 1190
737 1197
737 1212
132 757
714 757
757 805
757 977
757 1536
757 1537
757 1556
15 728
15 738
15 739
15 758
103 728
183 728
184 728
728 806
728 1018
728 1019
728 1041
113 738
183 738
200 738
208 738
225 738
715 738
738 979
738 980
738 1192
738 1193
738 1198
738 1213
114 739
181 739
184 739
206 739
209 739
715 739
739 979
739 980
739 1194
739 1195
739 1214
133 758
715 758
758 806
758 979
758 1588
758 1589
758 1611
16 783
16 790
16 791
16 813
158 783
203 783
204 783
783 811
165 790
203 790
211 790
228 790
236 790
716 790
790 981
790 982
790 1214
166 791
204 791
217 791
229 791
242 791
716 791
791 981
791 982
791 1215
188 813
716 813
785 813
811 813
813 815
813 981
17 784
17 793
17 794
17 814
159 784
206 784
207 784
784 812
168 793
206 793
209 793
214 793
231 793
234 793
239 793
615 793
717 793
793 983
793 984
793 1217
793 1218
169 794
207 794
212 794
232 794
237 794
615 794
645 794
717 794
794 983
794 984
794 1219
189 814
717 814
786 814
812 814
814 983
18 785
18 795
18 796
18 815
160 785
208 785
209 785
170 795
208 795
225 795
233 795
250 795
616 795
718 795
795 985
795 986
795 1220
171 796
206 796
209 796
231 796
234 796
616 796
646 796
718 796
796 985
796 986
796 1217
190 815
718 815
786 815
815 816
815 985
19 840
19 847
19 848
19 870
215 840
228 840
229 840
818 840
840 1012
840 1042
222 847
228 847
236 847
253 847
261 847
719 847
847 987
847 988
847 1069
847 1099
847 1236
223 848
229 848
242 848
254 848
267 848
719 848
848 987
848 988
848 1070
848 1100
848 1237
245 870
719 870
818 870
870 987
870 1242
20 841
20 850
20 851
20 871
216 841
231 841
232 841
819 841
841 1013
841 1043
225 850
231 850
234 850
239 850
256 850
259 850
264 850
720 850
850 989
850 990
850 1071
850 1101
850 1239
850 1240
226 851
232 851
237 851
257 851
262 851
720 851
851 989
851 990
851 1072
851 1241
246 871
720 871
819 871
871 989
871 1242
871 1272
21 842
21 852
21 853
21 872
217 842
233 842
234 842
820 842
842 1014
227 852
233 852
250 852
258 852
275 852
721 852
852 991
852 992
852 1072
852 1102
852 1242
228 853
231 853
234 853
256 853
259 853
721 853
853 991
853 992
853 1125
853 1155
853 1239
247 872
721 872
820 872
872 991
872 1243
22 897
22 904
22 905
22 927
253 897
254 897
272 897
825 897
897 1469
897 1499
253 904
261 904
278 904
279 904
286 904
722 904
904 993
904 994
904 1258
904 1526
904 1556
254 905
267 905
279 905
280 905
292 905
722 905
905 993
905 994
905 1259
905 1527
302 927
722 927
825 927
927 993
927 1698
927 1728
23 898
23 907
23 908
23 928
256 898
257 898
273 898
826 898
898 1470
256 907
259 907
264 907
281 907
282 907
284 907
289 907
723 907
907 995
907 996
907 1261
907 1262
907 1528
257 908
262 908
282 908
283 908
287 908
723 908
908 995
908 996
908 1263
908 1528
908 1558
303 928
723 928
826 928
928 995
928 1699
24 899
24 909
24 910
24 929
258 899
259 899
274 899
827 899
899 1470
899 1500
258 909
275 909
283 909
284 909
300 909
724 909
909 997
909 998
909 1264
909 1581
909 1611
256 910
259 910
281 910
284 910
285 910
724 910
910 997
910 998
910 1261
910 1582
910 1612
304 929
724 929
827 929
929 997
929 1699
929 1729
25 954
25 961
25 962
25 984
278 954
279 954
329 954
832 954
278 961
286 961
303 961
311 961
336 961
725 961
961 999
961 1000
961 1280
279 962
292 962
304 962
317 962
337 962
725 962
962 999
962 1000
962 1281
359 984
725 984
832 984
984 999
26 955
26 964
26 965
26 985
281 955
282 955
330 955
833 955
281 964
284 964
289 964
306 964
309 964
314 964
339 964
964 1001
964 1002
964 1283
964 1284
282 965
287 965
307 965
312 965
340 965
965 1001
965 1002
965 1285
360 985
833 985
985 1001
27 956
27 966
27 967
27 986
283 956
284 956
331 956
834 956
283 966
300 966
308 966
325 966
341 966
966 1003
966 1004
966 1286
281 967
284 967
306 967
309 967
342 967
967 1003
967 1004
967 1283
361 986
834 986
986 1003
28 1011
28 1018
28 1019
28 1041
303 1011
304 1011
386 1011
839 1011
1011 1075
1011 1076
1011 1098
303 1018
311 1018
328 1018
336 1018
393 1018
1005 1018
1006 1018
1018 1132
1018 1133
1018 1302
304 1019
317 1019
329 1019
342 1019
394 1019
1005 1019
1006 1019
1019 1135
1019 1136
1019 1156
1019 1303
416 1041
839 1041
1005 1041
1041 1360
1041 1361
1041 1383
29 1012
29 1021
29 1022
29 1042
306 1012
307 1012
387 1012
1012 1075
1012 1076
306 1021
309 1021
314 1021
331 1021
334 1021
339 1021
396 1021
729 1021
1007 1021
1008 1021
1021 1137
1021 1138
1021 1157
1021 1305
1021 1306
307 1022
312 1022
332 1022
337 1022
397 1022
729 1022
1007 1022
1008 1022
1022 1137
1022 1138
1022 1307
417 1042
729 1042
1007 1042
1042 1360
1042 1361
30 1013
30 1023
30 1024
30 1043
308 1013
309 1013
388 1013
1013 1078
1013 1079
1013 1099
308 1023
325 1023
333 1023
350 1023
398 1023
730 1023
1009 1023
1010 1023
1023 1189
1023 1190
1023 1212
1023 1308
306 1024
309 1024
331 1024
334 1024
399 1024
730 1024
1009 1024
1010 1024
1024 1189
1024 1190
1024 1305
418 1043
730 1043
1009 1043
1043 1363
1043 1364
1043 1384
31 1068
31 1075
31 1076
31 1098
328 1068
329 1068
443 1068
846 1068
1068 1591
1068 1592
328 1075
336 1075
353 1075
361 1075
450 1075
731 1075
1075 1324
1075 1650
1075 1651
1075 1670
329 1076
342 1076
354 1076
367 1076
451 1076
731 1076
1076 1325
1076 1650
1076 1651
473 1098
731 1098
846 1098
1098 1876
1098 1877
32 1069
32 1078
32 1079
32 1099
331 1069
332 1069
444 1069
1069 1593
1069 1594
1069 1613
331 1078
334 1078
339 1078
356 1078
359 1078
364 1078
453 1078
732 1078
1014 1078
1078 1327
1078 1328
1078 1702
1078 1703
332 1079
337 1079
357 1079
362 1079
454 1079
732 1079
1014 1079
1079 1329
1079 1705
1079 1706
1079 1726
474 1099
732 1099
1099 1878
1099 1879
1099 1898
33 1070
33 1080
33 1081
33 1100
333 1070
334 1070
445 1070
1070 1593
1070 1594
333 1080
350 1080
358 1080
375 1080
455 1080
1015 1080
1016 1080
1080 1330
1080 1705
1080 1706
331 1081
334 1081
356 1081
359 1081
456 1081
1015 1081
1016 1081
1081 1327
1081 1707
1081 1708
1081 1727
475 1100
1015 1100
1100 1878
1100 1879
34 1125
34 1132
34 1133
34 1155
353 1125
354 1125
535 1125
560 1125
584 1125
353 1132
361 1132
378 1132
386 1132
542 1132
584 1132
1017 1132
1132 1346
354 1133
367 1133
379 1133
392 1133
543 1133
569 1133
577 1133
1017 1133
1133 1347
600 1155
626 1155
634 1155
1017 1155
35 1126
35 1135
35 1136
35 1156
356 1126
357 1126
536 1126
570 1126
854 1126
356 1135
359 1135
364 1135
381 1135
384 1135
389 1135
545 1135
570 1135
575 1135
735 1135
1020 1135
1135 1349
1135 1350
357 1136
362 1136
382 1136
387 1136
546 1136
571 1136
579 1136
735 1136
1020 1136
1136 1351
601 1156
626 1156
635 1156
735 1156
854 1156
36 1127
36 1137
36 1138
36 1157
358 1127
359 1127
537 1127
576 1127
855 1127
358 1137
375 1137
383 1137
400 1137
547 1137
571 1137
581 1137
1137 1352
356 1138
359 1138
381 1138
384 1138
548 1138
572 1138
577 1138
1138 1349
602 1157
627 1157
632 1157
855 1157
37 1182
37 1189
37 1190
37 1212
378 1182
379 1182
662 1182
686 1182
691 1182
860 1182
378 1189
386 1189
403 1189
411 1189
704 1189
731 1189
732 1189
1189 1368
379 1190
392 1190
404 1190
417 1190
705 1190
731 1190
746 1190
1190 1369
762 1212
788 1212
803 1212
860 1212
38 1183
38 1192
38 1193
38 1213
381 1183
382 1183
663 1183
688 1183
696 1183
861 1183
381 1192
384 1192
389 1192
406 1192
409 1192
414 1192
707 1192
741 1192
1025 1192
1026 1192
1192 1371
1192 1372
382 1193
387 1193
407 1193
412 1193
708 1193
747 1193
1025 1193
1026 1193
1193 1373
763 1213
788 1213
812 1213
861 1213
1025 1213
39 1184
39 1194
39 1195
39 1214
383 1184
384 1184
664 1184
690 1184
696 1184
862 1184
383 1194
400 1194
408 1194
425 1194
709 1194
735 1194
742 1194
1027 1194
1028 1194
1194 1374
381 1195
384 1195
406 1195
409 1195
710 1195
1027 1195
1028 1195
1195 1371
764 1214
798 1214
862 1214
1027 1214
40 1239
40 1246
40 1247
40 1269
403 1239
404 1239
824 1239
867 1239
403 1246
411 1246
428 1246
436 1246
740 1246
831 1246
856 1246
864 1246
1029 1246
1030 1246
1246 1390
404 1247
417 1247
429 1247
442 1247
740 1247
832 1247
856 1247
866 1247
1029 1247
1030 1247
1247 1391
740 1269
867 1269
889 1269
913 1269
923 1269
1029 1269
41 1240
41 1249
41 1250
41 1270
406 1240
407 1240
825 1240
858 1240
868 1240
406 1249
409 1249
414 1249
431 1249
434 1249
439 1249
741 1249
834 1249
859 1249
867 1249
1031 1249
1032 1249
1249 1393
1249 1394
407 1250
412 1250
432 1250
437 1250
741 1250
835 1250
861 1250
867 1250
1031 1250
1032 1250
1250 1395
741 1270
868 1270
890 1270
914 1270
919 1270
1031 1270
42 1241
42 1251
42 1252
42 1271
408 1241
409 1241
826 1241
856 1241
869 1241
408 1251
425 1251
433 1251
450 1251
742 1251
836 1251
862 1251
865 1251
1033 1251
1034 1251
1251 1396
406 1252
409 1252
431 1252
434 1252
742 1252
837 1252
864 1252
865 1252
1033 1252
1034 1252
1252 1393
742 1271
869 1271
891 1271
916 1271
924 1271
1033 1271
43 1296
43 1303
43 1304
43 1326
428 1296
429 1296
874 1296
951 1296
978 1296
979 1296
428 1303
436 1303
453 1303
461 1303
743 1303
993 1303
1032 1303
1035 1303
1036 1303
1303 1412
429 1304
442 1304
454 1304
467 1304
743 1304
994 1304
1020 1304
1027 1304
1035 1304
1036 1304
1304 1413
743 1326
874 1326
1035 1326
1051 1326
1077 1326
1084 1326
44 1297
44 1306
44 1307
44 1327
431 1297
432 1297
875 1297
952 1297
978 1297
979 1297
431 1306
434 1306
439 1306
456 1306
459 1306
464 1306
744 1306
996 1306
1029 1306
1037 1306
1038 1306
1306 1415
1306 1416
432 1307
437 1307
457 1307
462 1307
744 1307
997 1307
1027 1307
1037 1307
1038 1307
1307 1417
744 1327
875 1327
1037 1327
1052 1327
45 1298
45 1308
45 1309
45 1328
433 1298
434 1298
876 1298
953 1298
981 1298
982 1298
433 1308
450 1308
458 1308
475 1308
745 1308
998 1308
1039 1308
1040 1308
1308 1418
431 1309
434 1309
456 1309
459 1309
745 1309
999 1309
1025 1309
1033 1309
1039 1309
1040 1309
1309 1415
745 1328
876 1328
1039 1328
1053 1328
1086 1328
46 1353
46 1360
46 1361
46 1383
453 1353
454 1353
881 1353
1113 1353
1139 1353
1147 1353
453 1360
461 1360
478 1360
486 1360
746 1360
1120 1360
1146 1360
1152 1360
1360 1434
454 1361
467 1361
479 1361
492 1361
746 1361
1121 1361
1147 1361
1150 1361
1361 1435
746 1383
881 1383
1178 1383
1204 1383
1207 1383
47 1354
47 1363
47 1364
47 1384
456 1354
457 1354
882 1354
1114 1354
1139 1354
1148 1354
456 1363
459 1363
464 1363
481 1363
484 1363
489 1363
747 1363
1044 1363
1123 1363
1149 1363
1150 1363
1363 1437
1363 1438
457 1364
462 1364
482 1364
487 1364
747 1364
1044 1364
1124 1364
1152 1364
1153 1364
1364 1439
747 1384
882 1384
1179 1384
1206 1384
1207 1384
48 1355
48 1365
48 1366
48 1385
458 1355
459 1355
883 1355
1115 1355
1140 1355
1145 1355
458 1365
475 1365
483 1365
748 1365
1045 1365
1046 1365
1160 1365
1187 1365
1188 1365
1365 1440
456 1366
459 1366
481 1366
484 1366
748 1366
1045 1366
1046 1366
1161 1366
1187 1366
1202 1366
1366 1437
748 1385
883 1385
1045 1385
1180 1385
1206 1385
1207 1385
49 1410
49 1417
49 1418
49 1440
478 1410
479 1410
888 1410
1275 1410
1301 1410
1316 1410
478 1417
486 1417
503 1417
749 1417
1047 1417
1048 1417
1282 1417
1312 1417
1417 1456
479 1418
492 1418
504 1418
517 1418
749 1418
1047 1418
1048 1418
1283 1418
1325 1418
1418 1457
749 1440
888 1440
1047 1440
1340 1440
1382 1440
50 1411
50 1420
50 1421
50 1441
481 1411
482 1411
889 1411
1276 1411
1301 1411
1325 1411
481 1420
484 1420
489 1420
514 1420
750 1420
1049 1420
1050 1420
1285 1420
1310 1420
1319 1420
1420 1459
1420 1460
482 1421
487 1421
507 1421
512 1421
750 1421
1049 1421
1050 1421
1286 1421
1311 1421
1316 1421
1421 1461
750 1441
889 1441
1049 1441
1341 1441
1367 1441
1375 1441
51 1412
51 1422
51 1423
51 1442
483 1412
484 1412
890 1412
1277 1412
1311 1412
483 1422
525 1422
751 1422
1051 1422
1052 1422
1287 1422
1312 1422
1320 1422
1422 1462
481 1423
484 1423
751 1423
1051 1423
1052 1423
1288 1423
1312 1423
1322 1423
1423 1459
751 1442
890 1442
1051 1442
1342 1442
1367 1442
1376 1442
52 1467
52 1474
52 1475
52 1497
503 1467
504 1467
895 1467
1402 1467
1426 1467
1436 1467
503 1474
536 1474
752 1474
1053 1474
1054 1474
1409 1474
1437 1474
1438 1474
1474 1478
504 1475
517 1475
542 1475
752 1475
1053 1475
1054 1475
1445 1475
1472 1475
1473 1475
1475 1479
752 1497
895 1497
1053 1497
1497 1502
1497 1529
1497 1530
53 1468
53 1477
53 1478
53 1498
507 1468
896 1468
1403 1468
1427 1468
1432 1468
514 1477
531 1477
534 1477
539 1477
753 1477
1055 1477
1056 1477
1447 1477
1472 1477
1477 1481
1477 1482
1477 1496
507 1478
512 1478
532 1478
537 1478
753 1478
1055 1478
1056 1478
1448 1478
1478 1482
1478 1483
753 1498
896 1498
1055 1498
1498 1503
1498 1529
1498 1544
54 1469
54 1479
54 1480
54 1499
1404 1469
1429 1469
1437 1469
525 1479
533 1479
550 1479
754 1479
1057 1479
1058 1479
1449 1479
1479 1484
1479 1488
531 1480
534 1480
754 1480
1057 1480
1058 1480
1450 1480
1476 1480
1480 1481
1480 1483
754 1499
1057 1499
1499 1504
1499 1529
1499 1553
55 1524
55 1531
55 1532
55 1554
902 1524
1524 1564
1524 1590
1524 1597
536 1531
553 1531
561 1531
755 1531
1059 1531
1060 1531
1500 1531
1531 1571
1531 1596
1531 1601
542 1532
554 1532
755 1532
1059 1532
1060 1532
1501 1532
1532 1572
1532 1597
1532 1605
755 1554
902 1554
1059 1554
1554 1629
1554 1654
1554 1662
56 1525
56 1534
56 1535
56 1555
531 1525
532 1525
903 1525
1525 1565
1525 1591
1525 1594
531 1534
534 1534
539 1534
559 1534
564 1534
1061 1534
1062 1534
1503 1534
1504 1534
1534 1574
1534 1598
1534 1603
532 1535
537 1535
1061 1535
1062 1535
1505 1535
1535 1575
1535 1600
1535 1608
903 1555
1061 1555
1555 1630
1555 1654
1555 1664
57 1526
57 1536
57 1537
57 1556
533 1526
534 1526
1526 1566
1526 1591
1526 1599
533 1536
550 1536
558 1536
575 1536
1063 1536
1064 1536
1506 1536
1536 1576
1536 1602
1536 1608
531 1537
534 1537
559 1537
1063 1537
1064 1537
1503 1537
1537 1577
1537 1603
1537 1606
1063 1556
1556 1631
1556 1655
1556 1660
58 1581
58 1588
58 1589
58 1611
553 1581
554 1581
1581 1691
1581 1717
1581 1720
553 1588
561 1588
578 1588
1065 1588
1066 1588
1522 1588
1588 1733
1588 1759
1588 1767
554 1589
579 1589
592 1589
1065 1589
1066 1589
1523 1589
1589 1734
1589 1760
1589 1773
1065 1611
1611 1791
1611 1817
1611 1830
59 1582
59 1591
59 1592
59 1612
1582 1692
1582 1719
1582 1720
559 1591
564 1591
581 1591
584 1591
589 1591
759 1591
1067 1591
1591 1736
1591 1762
1591 1765
582 1592
759 1592
1067 1592
1527 1592
1592 1737
1592 1762
1592 1770
759 1612
1067 1612
1612 1792
1612 1818
1612 1825
60 1583
60 1593
60 1594
60 1613
558 1583
559 1583
911 1583
1583 1693
1583 1719
1583 1720
558 1593
575 1593
583 1593
600 1593
760 1593
1528 1593
1593 1738
1593 1763
1593 1768
559 1594
581 1594
584 1594
760 1594
1594 1739
1594 1764
1594 1781
760 1613
911 1613
1613 1793
1613 1819
1613 1822
61 1638
61 1645
61 1646
61 1668
578 1638
579 1638
916 1638
1638 1853
1638 1878
1638 1895
578 1645
603 1645
611 1645
761 1645
1071 1645
1072 1645
1544 1645
1645 1860
1645 1885
1645 1893
579 1646
592 1646
604 1646
617 1646
761 1646
1071 1646
1072 1646
1545 1646
1646 1861
1646 1887
1646 1893
761 1668
916 1668
1071 1668
62 1639
62 1648
62 1649
62 1669
581 1639
582 1639
917 1639
1639 1854
1639 1880
1639 1888
581 1648
584 1648
589 1648
606 1648
609 1648
762 1648
1073 1648
1074 1648
1547 1648
1548 1648
1648 1863
1648 1890
1648 1891
582 1649
607 1649
762 1649
1073 1649
1074 1649
1549 1649
1649 1864
1649 1890
1649 1891
762 1669
917 1669
1073 1669
63 1640
63 1650
63 1651
63 1670
583 1640
584 1640
918 1640
1640 1855
1640 1880
1640 1889
583 1650
600 1650
608 1650
763 1650
1550 1650
1650 1865
1650 1893
1650 1894
581 1651
584 1651
606 1651
609 1651
763 1651
1547 1651
763 1670
918 1670
64 1695
64 1702
64 1703
64 1725
603 1695
604 1695
923 1695
603 1702
611 1702
628 1702
636 1702
764 1702
1077 1702
1566 1702
604 1703
617 1703
629 1703
764 1703
1077 1703
1567 1703
764 1725
923 1725
1077 1725
65 1696
65 1705
65 1706
65 1726
606 1696
607 1696
924 1696
606 1705
609 1705
631 1705
634 1705
639 1705
765 1705
1569 1705
1570 1705
607 1706
632 1706
637 1706
765 1706
1571 1706
765 1726
924 1726
66 1697
66 1707
66 1708
66 1727
608 1697
609 1697
925 1697
608 1707
633 1707
650 1707
766 1707
1082 1707
1572 1707
606 1708
609 1708
631 1708
634 1708
766 1708
1082 1708
1569 1708
766 1727
925 1727
67 1752
67 1759
67 1760
67 1782
628 1752
629 1752
930 1752
628 1759
636 1759
653 1759
661 1759
767 1759
1083 1759
1084 1759
629 1760
654 1760
667 1760
767 1760
1083 1760
1084 1760
767 1782
930 1782
1083 1782
68 1753
68 1762
68 1763
68 1783
631 1753
632 1753
931 1753
631 1762
634 1762
639 1762
656 1762
659 1762
664 1762
768 1762
1085 1762
1086 1762
632 1763
637 1763
657 1763
662 1763
768 1763
1085 1763
1086 1763
768 1783
931 1783
1085 1783
69 1754
69 1764
69 1765
69 1784
633 1754
634 1754
932 1754
633 1764
650 1764
658 1764
675 1764
769 1764
1087 1764
1088 1764
631 1765
634 1765
656 1765
659 1765
769 1765
1087 1765
1088 1765
769 1784
932 1784
1087 1784
70 1809
70 1816
70 1817
70 1839
653 1809
654 1809
937 1809
653 1816
661 1816
678 1816
686 1816
770 1816
1089 1816
1090 1816
1610 1816
654 1817
667 1817
692 1817
770 1817
1089 1817
1090 1817
770 1839
937 1839
1089 1839
71 1810
71 1819
71 1820
71 1840
656 1810
657 1810
938 1810
656 1819
659 1819
664 1819
684 1819
689 1819
771 1819
1091 1819
1092 1819
1614 1819
657 1820
662 1820
687 1820
771 1820
1091 1820
1092 1820
1615 1820
771 1840
938 1840
1091 1840
72 1811
72 1821
72 1822
72 1841
658 1811
659 1811
939 1811
658 1821
675 1821
683 1821
772 1821
1093 1821
1094 1821
1616 1821
656 1822
659 1822
684 1822
772 1822
1093 1822
1094 1822
772 1841
939 1841
1093 1841
73 1866
73 1873
73 1874
73 1896
678 1866
944 1866
678 1873
686 1873
773 1873
1095 1873
1096 1873
1632 1873
692 1874
773 1874
1095 1874
1096 1874
1633 1874
773 1896
944 1896
1095 1896
74 1867
74 1876
74 1877
74 1897
945 1867
684 1876
689 1876
774 1876
1097 1876
1635 1876
1636 1876
687 1877
774 1877
1097 1877
1637 1877
774 1897
945 1897
1097 1897
75 1868
75 1878
75 1879
75 1898
683 1868
684 1868
946 1868
683 1878
775 1878
684 1879
775 1879
1635 1879
775 1898
946 1898
76 476
76 477
76 478
76 501
77 476
101 476
102 476
476 1101
476 1331
476 1332
476 1333
476 1358
476 1359
476 1373
476 1382
476 1388
476 1389
476 1390
476 1413
476 1415
476 1416
476 1430
476 1439
91 477
101 477
116 477
477 1102
477 1331
477 1358
477 1359
477 1388
477 1415
477 1416
100 478
101 478
125 478
478 1103
478 1334
478 1368
478 1391
478 1425
501 779
501 780
501 1388
501 1389
501 1390
501 1415
501 1416
501 1430
501 1439
501 1445
501 1446
501 1447
501 1470
501 1472
501 1473
501 1487
501 1496
77 702
702 801
78 479
78 703
86 479
103 479
111 479
479 1104
479 1335
479 1374
479 1392
479 1431
703 803
79 480
79 704
92 480
104 480
117 480
480 1105
480 1336
480 1362
480 1369
480 1393
480 1419
480 1426
176 704
177 704
201 704
202 704
80 481
80 705
87 481
105 481
112 481
481 1106
481 1337
481 1338
481 1371
481 1394
481 1395
481 1428
176 705
191 705
201 705
216 705
81 482
81 483
81 706
84 482
106 482
109 482
482 1107
482 1339
482 1369
482 1396
482 1426
89 483
106 483
114 483
483 1108
483 1340
483 1382
483 1397
483 1439
176 706
200 706
201 706
225 706
706 1191
82 484
82 707
87 484
107 484
112 484
484 1109
484 1337
484 1394
178 707
186 707
203 707
211 707
83 485
83 708
100 485
108 485
125 485
485 1110
485 1341
485 1342
485 1367
485 1375
485 1376
485 1398
485 1399
485 1424
485 1432
485 1433
179 708
192 708
204 708
217 708
84 709
180 709
187 709
205 709
212 709
85 486
85 487
85 710
93 486
110 486
118 486
486 1111
486 1334
486 1343
486 1368
486 1373
486 1391
486 1400
486 1425
486 1430
94 487
110 487
119 487
487 1112
487 1336
487 1339
487 1344
487 1345
487 1362
487 1369
487 1377
487 1379
487 1393
487 1396
487 1401
487 1402
487 1419
487 1426
487 1434
487 1436
181 710
184 710
206 710
209 710
86 488
86 711
91 488
111 488
116 488
488 1113
488 1346
488 1370
488 1375
488 1403
488 1414
488 1427
488 1432
181 711
189 711
206 711
214 711
711 1196
87 489
87 490
87 712
95 489
112 489
120 489
489 1114
489 1338
489 1371
489 1395
489 1428
97 490
112 490
122 490
490 1115
490 1347
490 1372
490 1380
490 1404
490 1429
490 1437
182 712
187 712
207 712
212 712
712 1197
88 491
88 502
88 713
93 491
113 491
118 491
491 1116
491 1332
491 1343
491 1358
491 1368
491 1373
491 1389
491 1400
491 1415
491 1425
491 1430
502 781
502 782
502 1388
502 1415
502 1416
502 1445
502 1472
502 1473
183 713
200 713
208 713
225 713
713 1198
89 714
185 714
193 714
210 714
218 714
714 1199
90 492
90 715
98 492
115 492
123 492
492 1117
492 1335
492 1348
492 1374
492 1380
492 1392
492 1405
492 1431
492 1437
185 715
194 715
210 715
219 715
715 1200
91 716
186 716
191 716
211 716
216 716
716 1201
92 493
92 717
98 493
117 493
123 493
493 1118
493 1341
493 1346
493 1349
493 1367
493 1370
493 1375
493 1378
493 1398
493 1403
493 1406
493 1424
493 1427
493 1432
493 1435
187 717
195 717
212 717
220 717
717 1202
93 494
93 718
96 494
118 494
121 494
494 1119
494 1342
494 1367
494 1376
494 1399
494 1424
494 1433
187 718
197 718
212 718
222 718
718 1203
94 719
188 719
193 719
213 719
218 719
719 1204
95 495
95 496
95 720
96 495
120 495
121 495
495 1120
495 1344
495 1350
495 1351
495 1369
495 1377
495 1378
495 1401
495 1407
495 1408
495 1426
495 1434
495 1435
96 496
120 496
121 496
496 1121
496 1349
496 1350
496 1351
496 1375
496 1377
496 1378
496 1406
496 1407
496 1408
496 1432
496 1434
496 1435
190 720
198 720
215 720
223 720
720 1205
96 721
192 721
198 721
217 721
223 721
721 1206
97 722
193 722
196 722
218 722
221 722
722 1207
98 497
98 723
99 497
123 497
124 497
497 1122
497 1345
497 1369
497 1379
497 1402
497 1426
497 1436
195 723
196 723
220 723
221 723
723 1208
99 724
195 724
196 724
220 724
221 724
724 1209
100 725
198 725
199 725
223 725
224 725
725 1210
101 503
101 504
101 518
101 527
101 533
101 534
101 535
101 558
101 560
101 561
101 575
101 584
102 503
116 503
125 503
503 1101
503 1102
503 1103
503 1391
503 1425
503 1448
503 1482
102 504
504 1101
504 1392
504 1431
504 1449
504 1488
111 518
116 518
518 1102
518 1113
518 1398
518 1403
518 1406
518 1424
518 1427
518 1432
518 1435
518 1455
518 1460
518 1463
518 1481
518 1484
518 1489
518 1492
108 527
125 527
527 1103
527 1110
527 1445
527 1472
527 1473
527 1502
527 1529
527 1530
102 533
126 533
127 533
533 1123
533 1454
533 1496
533 1511
533 1553
116 534
126 534
141 534
534 1124
534 1451
534 1508
125 535
126 535
150 535
535 1455
535 1456
535 1481
535 1489
535 1490
535 1512
535 1513
535 1538
535 1546
535 1547
558 786
558 787
558 1511
558 1553
558 1568
558 1610
102 560
116 560
125 560
126 560
127 560
141 560
150 560
560 1123
560 1124
560 1512
560 1513
560 1538
560 1546
560 1547
560 1569
560 1570
560 1595
560 1603
560 1604
102 561
126 561
127 561
561 1123
561 1505
561 1514
561 1539
561 1544
561 1562
561 1571
561 1596
561 1601
111 575
116 575
126 575
136 575
141 575
575 1124
575 1504
575 1511
575 1529
575 1553
575 1561
575 1568
575 1586
575 1610
108 584
125 584
126 584
133 584
150 584
584 1565
584 1622
103 513
103 536
103 570
111 513
116 513
513 1104
513 1113
513 1403
513 1427
513 1432
513 1460
513 1471
513 1484
513 1489
111 536
128 536
136 536
536 1448
536 1457
536 1482
536 1487
536 1505
536 1514
536 1539
536 1544
111 570
116 570
128 570
136 570
141 570
570 1515
570 1521
570 1522
570 1540
570 1548
570 1549
570 1572
570 1578
570 1579
570 1597
570 1605
570 1606
104 519
104 537
104 576
104 729
117 519
123 519
519 1105
519 1118
519 1399
519 1424
519 1433
519 1456
519 1481
519 1490
117 537
129 537
142 537
537 1450
537 1453
537 1458
537 1459
537 1476
537 1483
537 1491
537 1493
537 1507
537 1510
537 1515
537 1516
537 1533
537 1540
537 1548
537 1550
117 576
123 576
129 576
142 576
148 576
576 1140
576 1559
576 1560
576 1561
576 1586
576 1587
576 1601
576 1610
576 1616
576 1617
576 1618
576 1641
576 1643
576 1644
576 1658
576 1667
176 729
729 807
729 808
105 507
105 514
105 538
105 564
105 571
105 730
112 507
507 1106
507 1396
507 1426
507 1453
507 1483
107 514
112 514
120 514
122 514
514 1106
514 1109
514 1114
514 1115
514 1395
514 1428
514 1452
514 1485
112 538
130 538
137 538
538 1128
538 1460
538 1484
538 1489
538 1517
538 1528
538 1541
538 1546
112 564
130 564
137 564
564 1128
564 1509
564 1542
564 1566
564 1599
107 571
112 571
120 571
122 571
130 571
132 571
137 571
145 571
147 571
571 1128
571 1131
571 1520
571 1521
571 1522
571 1546
571 1548
571 1549
571 1577
571 1578
571 1579
571 1603
571 1605
571 1606
188 730
730 809
730 810
106 516
106 539
106 540
106 573
106 731
114 516
516 1108
516 1389
516 1400
516 1415
516 1425
516 1430
516 1446
516 1457
516 1472
516 1482
516 1487
109 539
131 539
134 539
539 1129
539 1452
539 1485
539 1509
539 1542
114 540
131 540
139 540
540 1130
540 1461
540 1486
540 1494
540 1518
540 1543
540 1551
114 573
131 573
139 573
573 1130
573 1518
573 1519
573 1523
573 1543
573 1545
573 1551
573 1552
573 1575
573 1576
573 1580
573 1600
573 1602
573 1608
573 1609
176 731
177 731
191 731
200 731
201 731
202 731
216 731
225 731
731 1191
107 541
107 732
112 541
132 541
137 541
541 1131
541 1446
541 1457
541 1472
541 1482
541 1487
541 1503
541 1514
541 1529
541 1539
541 1544
176 732
177 732
201 732
202 732
108 542
125 542
133 542
150 542
542 1449
542 1462
542 1488
542 1494
542 1506
542 1519
542 1545
542 1551
110 512
110 520
110 521
110 543
110 544
110 569
110 577
110 578
110 735
118 512
119 512
512 1111
512 1112
512 1393
512 1396
512 1401
512 1402
512 1419
512 1426
512 1434
512 1436
512 1450
512 1453
512 1458
512 1459
512 1476
512 1483
512 1491
512 1493
113 520
118 520
121 520
520 1111
520 1116
520 1119
520 1401
520 1407
520 1408
520 1426
520 1434
520 1435
520 1458
520 1464
520 1465
520 1483
520 1491
520 1492
119 521
521 1112
521 1406
521 1407
521 1408
521 1432
521 1434
521 1435
521 1463
521 1464
521 1465
521 1489
521 1491
521 1492
118 543
135 543
143 543
543 1455
543 1460
543 1463
543 1481
543 1484
543 1489
543 1492
543 1512
543 1517
543 1520
543 1538
543 1541
543 1546
543 1549
119 544
135 544
144 544
544 1134
544 1456
544 1481
544 1490
544 1513
544 1538
544 1547
118 569
119 569
135 569
143 569
144 569
569 1134
569 1513
569 1538
569 1547
569 1570
569 1595
569 1604
113 577
118 577
121 577
135 577
138 577
143 577
146 577
577 1141
577 1559
577 1586
577 1587
577 1616
577 1643
577 1644
119 578
135 578
144 578
578 1134
578 1562
578 1596
578 1619
578 1653
180 735
187 735
205 735
212 735
111 545
116 545
136 545
141 545
545 1458
545 1464
545 1465
545 1483
545 1491
545 1492
545 1515
545 1521
545 1522
545 1540
545 1548
545 1549
112 522
112 524
112 546
112 547
112 579
112 581
120 522
121 522
522 1114
522 1120
522 1121
522 1402
522 1426
522 1436
522 1459
522 1483
522 1493
122 524
524 1115
524 1409
524 1437
524 1438
524 1466
524 1494
524 1495
120 546
137 546
145 546
546 1463
546 1464
546 1465
546 1489
546 1491
546 1492
546 1520
546 1521
546 1522
546 1546
546 1548
546 1549
122 547
137 547
147 547
547 1459
547 1483
547 1493
547 1516
547 1540
547 1550
120 579
121 579
137 579
145 579
146 579
579 1142
579 1143
579 1563
579 1602
579 1620
579 1659
122 581
137 581
147 581
581 1565
581 1566
581 1599
581 1622
581 1623
581 1656
113 515
113 548
113 559
113 572
118 515
515 1116
515 1404
515 1429
515 1437
515 1461
515 1486
515 1494
118 548
138 548
143 548
548 1461
548 1462
548 1466
548 1486
548 1488
548 1494
548 1495
548 1518
548 1519
548 1523
548 1543
548 1545
548 1551
548 1552
559 788
559 789
559 1508
559 1565
118 572
138 572
143 572
572 1516
572 1540
572 1550
572 1573
572 1597
572 1607
115 517
115 525
115 549
115 574
115 582
115 740
123 517
517 1117
517 1392
517 1405
517 1431
517 1437
517 1449
517 1462
517 1488
517 1494
117 525
123 525
124 525
525 1117
525 1118
525 1122
525 1390
525 1397
525 1415
525 1439
525 1447
525 1454
525 1472
525 1496
123 549
140 549
148 549
549 1139
549 1466
549 1494
549 1495
549 1523
549 1551
549 1552
123 574
140 574
148 574
574 1139
574 1523
574 1551
574 1552
574 1580
574 1608
574 1609
117 582
123 582
124 582
140 582
142 582
148 582
149 582
582 1139
582 1140
582 1144
582 1567
582 1597
582 1624
582 1654
185 740
193 740
194 740
210 740
218 740
219 740
740 1199
740 1200
116 741
178 741
186 741
191 741
203 741
211 741
216 741
741 1201
117 550
117 742
123 550
142 550
148 550
550 1140
550 1447
550 1454
550 1472
550 1496
550 1504
550 1511
550 1529
550 1553
180 742
182 742
187 742
195 742
197 742
205 742
207 742
212 742
220 742
222 742
742 1197
742 1202
742 1203
118 523
118 551
118 580
118 743
120 523
121 523
523 1119
523 1120
523 1121
523 1404
523 1405
523 1409
523 1429
523 1431
523 1437
523 1438
523 1461
523 1462
523 1466
523 1486
523 1488
523 1494
523 1495
121 551
143 551
146 551
551 1141
551 1502
551 1503
551 1504
551 1529
551 1530
551 1544
551 1553
551 1559
551 1560
551 1561
551 1584
551 1586
551 1587
551 1601
551 1610
120 580
121 580
143 580
145 580
146 580
580 1141
580 1142
580 1143
580 1564
580 1590
580 1597
580 1621
580 1647
580 1654
188 743
193 743
213 743
218 743
743 1204
119 744
181 744
189 744
206 744
214 744
744 1196
120 552
120 553
120 745
121 552
145 552
146 552
552 1142
552 1502
552 1529
552 1530
552 1559
552 1586
552 1587
121 553
145 553
146 553
553 1143
553 1505
553 1539
553 1562
553 1596
190 745
198 745
215 745
223 745
745 1205
121 746
176 746
186 746
191 746
201 746
211 746
216 746
746 1201
122 747
179 747
192 747
198 747
204 747
217 747
223 747
747 1206
123 526
123 554
123 583
123 748
124 526
526 1122
526 1445
526 1446
526 1447
526 1472
526 1473
526 1487
526 1496
526 1502
526 1503
526 1504
526 1527
526 1529
526 1530
526 1544
526 1553
124 554
148 554
149 554
554 1144
554 1506
554 1545
554 1563
554 1602
124 583
148 583
149 583
583 1144
583 1568
583 1610
583 1625
583 1667
185 748
188 748
193 748
196 748
210 748
213 748
218 748
221 748
748 1199
748 1204
748 1207
124 749
185 749
194 749
210 749
219 749
749 1200
125 750
187 750
195 750
196 750
212 750
220 750
221 750
750 1202
750 1208
750 1209
126 590
126 591
126 592
126 615
126 617
126 618
126 632
126 641
126 751
127 590
151 590
152 590
590 1145
590 1575
590 1600
590 1608
590 1632
590 1657
590 1665
141 591
151 591
166 591
591 1146
591 1560
591 1571
591 1586
591 1596
591 1601
591 1617
591 1628
591 1643
591 1653
591 1658
150 592
151 592
175 592
592 1147
592 1563
592 1576
592 1602
592 1608
592 1620
592 1633
592 1659
592 1665
615 1632
615 1657
615 1665
615 1689
615 1714
615 1722
127 617
141 617
150 617
151 617
152 617
166 617
175 617
617 1145
617 1146
617 1147
617 1620
617 1633
617 1659
617 1665
617 1677
617 1690
617 1716
617 1722
127 618
151 618
152 618
618 1145
618 1626
618 1631
618 1634
618 1652
618 1655
618 1660
618 1663
618 1683
618 1688
618 1691
618 1709
618 1712
618 1717
618 1720
136 632
141 632
151 632
161 632
166 632
632 1146
632 1681
632 1711
632 1738
632 1768
133 641
150 641
151 641
158 641
175 641
641 1147
641 1154
641 1674
641 1685
641 1700
641 1710
641 1715
641 1731
641 1742
641 1757
641 1767
641 1772
193 751
195 751
196 751
218 751
220 751
221 751
751 1207
751 1208
751 1209
127 752
187 752
197 752
212 752
222 752
752 1203
128 593
128 627
128 753
136 593
153 593
161 593
593 1148
593 1569
593 1574
593 1577
593 1595
593 1598
593 1603
593 1606
593 1626
593 1631
593 1634
593 1652
593 1655
593 1660
593 1663
136 627
141 627
153 627
161 627
166 627
627 1148
627 1673
627 1700
627 1701
627 1730
627 1757
627 1758
190 753
192 753
198 753
199 753
215 753
217 753
223 753
224 753
753 1205
753 1206
753 1210
129 594
129 633
129 754
142 594
154 594
167 594
594 1149
594 1570
594 1595
594 1604
594 1627
594 1652
594 1661
142 633
148 633
154 633
167 633
173 633
633 1149
633 1162
633 1682
633 1724
633 1739
633 1781
198 754
199 754
223 754
224 754
754 1210
130 595
130 621
130 628
130 755
137 595
155 595
162 595
595 1150
595 1572
595 1578
595 1579
595 1597
595 1605
595 1606
595 1629
595 1635
595 1636
595 1654
595 1662
595 1663
137 621
155 621
162 621
621 1150
621 1634
621 1635
621 1636
621 1660
621 1662
621 1663
621 1691
621 1692
621 1693
621 1717
621 1719
621 1720
132 628
137 628
145 628
147 628
155 628
157 628
162 628
170 628
172 628
628 1150
628 1153
628 1158
628 1159
628 1676
628 1710
628 1733
628 1767
176 755
183 755
200 755
201 755
208 755
225 755
755 1191
755 1198
131 596
131 597
131 630
134 596
156 596
159 596
596 1151
596 1577
596 1578
596 1579
596 1603
596 1605
596 1606
596 1634
596 1635
596 1636
596 1660
596 1662
596 1663
139 597
156 597
164 597
597 1152
597 1573
597 1597
597 1607
597 1630
597 1654
597 1664
139 630
156 630
164 630
630 1152
630 1678
630 1704
630 1711
630 1735
630 1761
630 1768
132 598
137 598
157 598
162 598
598 1153
598 1575
598 1576
598 1580
598 1600
598 1602
598 1608
598 1609
598 1632
598 1633
598 1637
598 1657
598 1659
598 1665
598 1666
133 599
150 599
158 599
175 599
599 1154
599 1580
599 1608
599 1609
599 1637
599 1665
599 1666
134 759
759 808
135 600
135 601
135 626
135 634
135 635
135 760
143 600
160 600
168 600
600 1561
600 1568
600 1586
600 1610
600 1618
600 1625
600 1643
600 1667
144 601
160 601
169 601
601 1616
601 1617
601 1618
601 1643
601 1644
601 1658
601 1667
601 1673
601 1674
601 1675
601 1698
601 1700
601 1701
601 1715
601 1724
143 626
144 626
160 626
168 626
169 626
626 1673
626 1674
626 1675
626 1700
626 1701
626 1715
626 1724
626 1730
626 1731
626 1732
626 1755
626 1757
626 1758
626 1772
626 1781
138 634
143 634
146 634
160 634
163 634
168 634
171 634
634 1160
634 1163
634 1679
634 1736
144 635
160 635
169 635
635 1683
635 1684
635 1709
635 1717
635 1718
635 1740
635 1741
635 1766
635 1774
635 1775
760 810
136 602
136 761
141 602
161 602
166 602
602 1616
602 1643
602 1644
602 1673
602 1700
602 1701
201 761
202 761
226 761
227 761
761 1211
137 603
137 604
137 636
137 638
137 762
145 603
162 603
170 603
603 1158
603 1619
603 1653
603 1676
603 1710
147 604
162 604
172 604
604 1159
604 1620
604 1659
604 1677
604 1716
145 636
146 636
162 636
170 636
171 636
636 1158
636 1164
636 1165
636 1676
636 1685
636 1710
636 1715
636 1733
636 1742
636 1767
636 1772
147 638
162 638
172 638
638 1159
638 1688
638 1712
638 1717
638 1745
638 1756
638 1769
638 1774
201 762
216 762
226 762
241 762
138 605
138 616
138 629
138 763
143 605
163 605
168 605
605 1160
605 1621
605 1647
605 1654
605 1678
605 1704
605 1711
616 1617
616 1628
616 1643
616 1653
616 1658
616 1674
616 1685
616 1700
616 1710
616 1715
143 629
163 629
168 629
629 1160
629 1677
629 1716
629 1734
629 1773
201 763
225 763
226 763
250 763
139 764
203 764
211 764
228 764
236 764
140 606
140 631
140 639
140 765
148 606
165 606
173 606
606 1161
606 1622
606 1623
606 1656
606 1679
606 1680
606 1713
148 631
165 631
173 631
631 1161
631 1679
631 1680
631 1713
631 1736
631 1737
631 1770
142 639
148 639
149 639
165 639
167 639
173 639
174 639
639 1161
639 1162
639 1166
639 1680
639 1713
639 1737
639 1770
204 765
217 765
229 765
242 765
765 1215
141 766
205 766
212 766
230 766
237 766
766 1216
142 607
142 767
148 607
167 607
173 607
607 1162
607 1624
607 1654
607 1681
607 1711
206 767
209 767
231 767
234 767
767 1217
143 608
143 637
143 768
146 608
168 608
171 608
608 1163
608 1625
608 1667
608 1682
608 1724
145 637
146 637
168 637
170 637
171 637
637 1163
637 1164
637 1165
637 1678
637 1681
637 1686
637 1687
637 1704
637 1711
637 1719
637 1721
637 1735
637 1738
637 1743
637 1744
637 1761
637 1768
637 1776
637 1778
206 768
214 768
231 768
239 768
768 1218
144 769
207 769
212 769
232 769
237 769
769 1219
145 609
145 610
145 770
146 609
170 609
171 609
609 1164
609 1622
609 1679
146 610
170 610
171 610
610 1165
610 1626
610 1627
610 1652
610 1660
610 1661
610 1683
610 1684
610 1709
610 1717
610 1718
208 770
225 770
233 770
250 770
770 1220
146 771
210 771
218 771
235 771
243 771
771 1221
147 772
210 772
219 772
235 772
244 772
772 1222
148 611
148 640
148 773
149 611
173 611
174 611
611 1166
611 1619
611 1628
611 1653
611 1658
611 1676
611 1685
611 1710
611 1715
149 640
173 640
174 640
640 1166
640 1689
640 1714
640 1722
640 1746
640 1771
640 1779
211 773
216 773
236 773
241 773
773 1223
149 774
212 774
220 774
237 774
245 774
774 1224
150 775
212 775
222 775
237 775
247 775
775 1225
151 647
151 648
151 649
151 672
151 674
151 675
151 689
151 698
151 776
152 647
176 647
177 647
647 1167
647 1687
647 1711
647 1721
647 1744
647 1768
647 1778
166 648
176 648
191 648
648 1168
648 1689
648 1690
648 1694
648 1714
648 1716
648 1722
648 1723
648 1746
648 1747
648 1751
648 1771
648 1773
648 1779
648 1780
175 649
176 649
200 649
649 1169
649 1694
649 1722
649 1723
649 1751
649 1779
649 1780
672 800
672 801
672 1744
672 1768
672 1778
672 1801
672 1825
672 1835
152 674
166 674
175 674
176 674
177 674
191 674
200 674
674 1167
674 1168
674 1169
674 1751
674 1779
674 1780
674 1808
674 1836
674 1837
152 675
176 675
177 675
675 1167
675 1732
675 1739
675 1757
675 1781
675 1789
675 1796
675 1814
675 1838
161 689
166 689
176 689
186 689
191 689
689 1168
689 1179
689 1794
689 1827
689 1851
689 1884
158 698
175 698
176 698
183 698
200 698
698 1169
698 1176
698 1803
698 1804
698 1808
698 1828
698 1830
698 1836
698 1837
698 1860
698 1861
698 1865
698 1885
698 1887
698 1893
698 1894
213 776
218 776
238 776
243 776
776 1226
152 777
215 777
223 777
240 777
248 777
777 1227
153 650
153 684
153 778
161 650
178 650
186 650
650 1170
650 1675
650 1682
650 1700
650 1724
650 1732
650 1739
650 1757
650 1781
161 684
166 684
178 684
186 684
191 684
684 1170
684 1179
684 1793
684 1850
217 778
223 778
242 778
248 778
778 1228
154 651
154 690
154 779
167 651
179 651
192 651
651 1171
651 1730
651 1731
651 1732
651 1757
651 1758
651 1772
651 1781
651 1787
651 1788
651 1789
651 1812
651 1814
651 1815
651 1829
651 1838
167 690
173 690
179 690
192 690
198 690
690 1171
690 1803
690 1828
690 1836
690 1860
690 1885
690 1893
218 779
221 779
243 779
246 779
779 1229
155 652
155 678
155 685
155 780
162 652
180 652
187 652
652 1172
652 1730
652 1757
652 1758
652 1787
652 1814
652 1815
162 678
180 678
187 678
678 1172
678 1790
678 1824
678 1847
678 1881
157 685
162 685
170 685
172 685
180 685
182 685
187 685
195 685
197 685
685 1172
685 1175
685 1180
685 1181
685 1797
685 1798
685 1823
685 1831
685 1832
685 1854
685 1855
685 1880
685 1888
685 1889
220 780
221 780
245 780
246 780
531 780
780 1230
156 653
156 654
156 687
156 781
159 653
181 653
184 653
653 1173
653 1733
653 1767
653 1790
653 1824
164 654
181 654
189 654
654 1174
654 1734
654 1773
654 1791
654 1830
164 687
181 687
189 687
687 1174
687 1792
687 1795
687 1800
687 1801
687 1818
687 1825
687 1833
687 1835
687 1849
687 1852
687 1857
687 1858
687 1875
687 1882
687 1890
687 1892
220 781
221 781
245 781
246 781
781 1231
157 655
157 782
162 655
182 655
187 655
655 1175
655 1735
655 1761
655 1768
655 1792
655 1818
655 1825
223 782
224 782
248 782
249 782
532 782
782 1232
158 656
175 656
183 656
200 656
656 1176
656 1736
656 1737
656 1770
656 1793
656 1794
656 1827
160 657
160 658
160 683
160 691
160 692
168 657
185 657
193 657
657 1177
657 1738
657 1768
657 1795
657 1825
169 658
185 658
194 658
658 1178
658 1739
658 1781
658 1796
658 1838
168 683
169 683
185 683
193 683
194 683
683 1177
683 1178
683 1796
683 1838
683 1853
683 1895
163 691
168 691
171 691
185 691
188 691
193 691
196 691
691 1177
691 1185
691 1788
691 1799
691 1814
691 1824
691 1829
691 1845
691 1856
691 1871
691 1881
691 1886
169 692
185 692
194 692
692 1178
692 1791
692 1804
692 1830
692 1836
692 1848
692 1861
692 1887
692 1893
161 659
161 786
166 659
186 659
191 659
659 1179
659 1736
659 1793
201 786
162 660
162 661
162 693
162 695
162 787
170 660
187 660
195 660
660 1180
660 1740
660 1741
660 1766
660 1774
660 1775
660 1797
660 1798
660 1823
660 1831
660 1832
172 661
187 661
197 661
661 1181
661 1733
661 1742
661 1767
661 1772
661 1790
661 1799
661 1824
661 1829
170 693
171 693
187 693
195 693
196 693
693 1180
693 1186
693 1187
693 1797
693 1802
693 1805
693 1823
693 1826
693 1831
693 1834
693 1854
693 1859
693 1862
693 1880
693 1883
693 1888
693 1891
172 695
187 695
197 695
695 1181
695 1800
695 1806
695 1807
695 1825
695 1833
695 1834
695 1857
695 1863
695 1864
695 1882
695 1890
695 1891
213 787
588 787
787 816
787 817
163 662
163 673
163 686
163 788
168 662
188 662
193 662
662 1735
662 1738
662 1743
662 1744
662 1761
662 1768
662 1776
662 1778
662 1792
662 1795
662 1800
662 1801
662 1818
662 1825
662 1833
662 1835
673 802
673 803
673 1746
673 1747
673 1751
673 1771
673 1773
673 1779
673 1780
673 1803
673 1804
673 1808
673 1828
673 1830
673 1836
673 1837
168 686
188 686
193 686
686 1790
686 1799
686 1824
686 1829
686 1847
686 1856
686 1881
686 1886
201 788
202 788
216 788
225 788
226 788
227 788
241 788
250 788
788 1211
164 789
201 789
202 789
226 789
227 789
589 789
789 1211
165 663
165 688
165 696
173 663
190 663
198 663
663 1745
663 1769
663 1774
663 1802
663 1813
663 1826
663 1831
173 688
190 688
198 688
688 1802
688 1826
688 1831
688 1859
688 1870
688 1883
688 1888
167 696
173 696
174 696
190 696
192 696
198 696
199 696
696 1188
696 1805
696 1806
696 1807
696 1831
696 1833
696 1834
696 1862
696 1863
696 1864
696 1888
696 1890
696 1891
167 664
167 792
173 664
192 664
198 664
664 1737
664 1770
664 1794
664 1827
205 792
212 792
230 792
237 792
792 1216
168 665
168 694
171 665
193 665
196 665
665 1185
665 1746
665 1771
665 1779
665 1803
665 1828
665 1836
170 694
171 694
193 694
195 694
196 694
694 1185
694 1186
694 1187
694 1798
694 1823
694 1832
694 1855
694 1880
694 1889
170 666
170 667
171 666
195 666
196 666
666 1186
666 1731
666 1742
666 1757
666 1767
666 1772
666 1788
666 1799
666 1814
666 1824
666 1829
171 667
195 667
196 667
667 1187
667 1734
667 1747
667 1773
667 1779
667 1791
667 1804
667 1830
667 1836
172 797
210 797
218 797
219 797
235 797
243 797
244 797
797 1221
797 1222
173 668
173 697
173 798
174 668
198 668
199 668
668 1188
668 1740
668 1745
668 1748
668 1766
668 1769
668 1774
668 1777
668 1797
668 1802
668 1805
668 1823
668 1826
668 1831
668 1834
174 697
198 697
199 697
697 1188
697 1801
697 1825
697 1835
697 1858
697 1882
697 1892
203 798
211 798
216 798
228 798
236 798
241 798
798 1223
174 799
205 799
207 799
212 799
220 799
222 799
230 799
232 799
237 799
245 799
247 799
799 1216
799 1219
799 1224
799 1225
175 800
213 800
218 800
238 800
243 800
800 1226
176 801
206 801
214 801
231 801
239 801
801 1218
177 802
215 802
223 802
240 802
248 802
802 1227
178 803
201 803
211 803
216 803
226 803
236 803
241 803
803 1223
179 804
204 804
217 804
223 804
229 804
242 804
248 804
804 1215
804 1228
180 805
210 805
213 805
218 805
221 805
235 805
238 805
243 805
246 805
805 1221
805 1226
805 1229
181 806
210 806
219 806
235 806
244 806
806 1222
182 807
212 807
220 807
221 807
237 807
245 807
246 807
807 1224
807 1230
807 1231
183 808
218 808
220 808
221 808
243 808
245 808
246 808
808 1229
808 1230
808 1231
184 809
212 809
222 809
237 809
247 809
809 1225
185 810
215 810
217 810
223 810
224 810
240 810
242 810
248 810
249 810
810 1227
810 1228
810 1232
186 811
223 811
224 811
248 811
249 811
811 1232
187 812
201 812
208 812
225 812
226 812
233 812
250 812
812 1220
191 816
192 817
193 818
226 818
227 818
251 818
252 818
818 1233
194 819
226 819
241 819
251 819
266 819
819 1234
195 820
226 820
250 820
251 820
275 820
820 1235
196 821
228 821
236 821
253 821
261 821
821 843
821 1236
197 822
229 822
242 822
254 822
267 822
822 843
822 873
822 1237
198 823
230 823
237 823
255 823
262 823
823 844
823 1238
199 824
231 824
234 824
256 824
259 824
824 844
824 874
200 825
231 825
239 825
256 825
264 825
201 826
232 826
237 826
257 826
262 826
202 827
233 827
250 827
258 827
275 827
827 1242
203 828
235 828
243 828
260 828
268 828
828 900
828 1243
204 829
235 829
244 829
260 829
269 829
829 900
829 930
829 1244
205 830
236 830
241 830
261 830
266 830
830 901
830 1245
206 831
237 831
245 831
262 831
270 831
831 901
831 931
207 832
237 832
247 832
262 832
272 832
208 833
238 833
243 833
263 833
268 833
833 1248
209 834
240 834
248 834
265 834
273 834
210 835
242 835
248 835
267 835
273 835
835 957
211 836
243 836
246 836
268 836
271 836
836 957
836 987
212 837
245 837
246 837
270 837
271 837
837 958
213 838
245 838
246 838
270 838
271 838
838 958
838 988
838 1253
214 839
248 839
249 839
273 839
274 839
839 1254
218 843
226 843
843 1014
843 1044
219 844
238 844
844 1015
220 845
226 845
227 845
241 845
250 845
251 845
252 845
266 845
275 845
845 1015
845 1045
845 1233
845 1234
845 1235
221 846
226 846
227 846
251 846
252 846
846 1233
224 849
230 849
237 849
255 849
262 849
849 1071
849 1238
226 860
226 869
235 860
236 860
241 860
251 860
261 860
266 860
860 1234
860 1245
233 869
244 869
250 869
251 869
258 869
275 869
869 1235
869 1242
228 855
230 855
236 855
241 855
253 855
261 855
266 855
855 1236
855 1245
229 854
229 861
235 854
243 854
244 854
260 854
268 854
269 854
854 1243
854 1244
236 861
242 861
248 861
254 861
267 861
273 861
861 1237
230 856
231 856
232 856
237 856
245 856
247 856
255 856
257 856
262 856
270 856
272 856
856 1128
856 1238
231 858
233 858
239 858
256 858
264 858
858 1129
232 857
238 857
243 857
263 857
268 857
857 1128
857 1158
857 1248
234 859
240 859
248 859
265 859
273 859
859 1129
859 1159
235 862
235 863
237 862
238 862
243 862
246 862
260 862
263 862
268 862
271 862
862 1243
862 1248
238 863
244 863
260 863
269 863
863 1185
863 1244
237 864
237 866
239 864
245 864
246 864
262 864
270 864
271 864
864 1185
864 1215
864 1253
241 866
247 866
262 866
272 866
866 1186
866 1216
240 865
240 867
243 865
245 865
246 865
268 865
270 865
271 865
865 1186
865 1253
242 867
248 867
249 867
265 867
267 867
273 867
274 867
867 1254
243 868
248 868
249 868
273 868
274 868
868 1254
248 873
873 1243
873 1273
249 874
250 875
251 875
252 875
276 875
277 875
875 1255
251 876
251 877
251 900
251 902
251 903
251 917
251 926
266 876
276 876
291 876
876 1256
252 877
275 877
276 877
300 877
877 1257
877 1299
275 900
900 1471
252 902
266 902
275 902
276 902
277 902
291 902
300 902
902 1255
902 1256
902 1257
252 903
276 903
277 903
278 903
903 1255
261 917
266 917
276 917
286 917
291 917
292 917
917 1256
917 1267
258 926
275 926
276 926
283 926
300 926
301 926
926 1257
926 1264
926 1698
253 878
253 912
261 878
278 878
286 878
878 1258
878 1299
878 1329
261 912
266 912
278 912
286 912
287 912
291 912
912 1258
912 1267
912 1584
254 879
254 918
267 879
279 879
292 879
879 1259
879 1300
267 918
273 918
279 918
292 918
293 918
298 918
918 1259
918 1272
255 880
255 906
255 913
262 880
280 880
287 880
880 1260
880 1300
880 1330
262 906
280 906
281 906
287 906
906 1260
906 1527
906 1557
257 913
262 913
270 913
272 913
280 913
282 913
287 913
288 913
295 913
297 913
913 1260
913 1263
913 1268
913 1584
913 1614
256 881
256 882
256 915
259 881
281 881
284 881
881 1261
257 882
264 882
281 882
289 882
882 1262
264 915
281 915
289 915
290 915
915 1262
915 1585
915 1615
257 883
258 883
262 883
282 883
287 883
883 1263
258 884
259 884
275 884
283 884
300 884
884 1264
884 1356
260 885
260 886
260 911
260 919
260 920
268 885
285 885
293 885
885 1265
885 1356
885 1386
261 886
269 886
285 886
294 886
886 1266
886 1357
268 911
269 911
285 911
286 911
293 911
294 911
911 1265
911 1266
263 919
268 919
271 919
285 919
288 919
293 919
294 919
296 919
919 1265
919 1273
919 1641
269 920
285 920
294 920
295 920
920 1266
920 1641
920 1671
261 887
262 887
266 887
286 887
291 887
887 1267
887 1357
887 1387
262 888
262 889
262 921
262 923
263 888
270 888
287 888
295 888
888 1268
264 889
272 889
287 889
297 889
270 921
271 921
287 921
295 921
296 921
921 1268
921 1274
921 1275
921 1642
272 923
287 923
297 923
298 923
263 890
263 901
263 914
265 890
268 890
288 890
293 890
276 901
901 1471
901 1501
268 914
288 914
289 914
293 914
914 1585
265 891
265 916
265 924
266 891
273 891
290 891
298 891
891 1413
273 916
290 916
291 916
298 916
267 924
273 924
274 924
290 924
292 924
298 924
299 924
924 1272
924 1276
267 892
273 892
292 892
298 892
892 1272
892 1413
892 1443
268 893
268 922
271 893
293 893
296 893
893 1273
893 1414
270 922
271 922
293 922
295 922
296 922
297 922
922 1273
922 1274
922 1275
922 1642
922 1672
269 894
270 894
271 894
295 894
296 894
894 1274
894 1414
894 1444
270 895
271 895
295 895
296 895
895 1275
271 896
273 896
274 896
298 896
299 896
896 1276
273 925
274 925
298 925
299 925
300 925
925 1276
276 932
276 933
276 934
276 957
276 959
276 960
276 974
276 983
277 932
301 932
302 932
307 932
932 1277
291 933
301 933
308 933
316 933
933 1278
933 1755
300 934
301 934
309 934
325 934
934 1279
934 1755
934 1785
332 957
277 959
291 959
300 959
301 959
302 959
316 959
325 959
334 959
959 1277
959 1278
959 1279
277 960
301 960
302 960
335 960
960 1277
286 974
291 974
301 974
311 974
316 974
349 974
974 1278
974 1289
283 983
300 983
301 983
308 983
325 983
358 983
983 1279
983 1286
278 935
278 969
286 935
303 935
310 935
311 935
935 1280
935 1756
286 969
291 969
303 969
311 969
316 969
344 969
969 1280
969 1289
279 936
279 975
292 936
304 936
311 936
317 936
936 1281
936 1756
936 1786
292 975
298 975
304 975
317 975
323 975
350 975
975 1281
975 1294
280 937
280 963
280 970
287 937
305 937
312 937
937 1282
287 963
305 963
312 963
338 963
963 1282
282 970
287 970
295 970
297 970
305 970
307 970
312 970
320 970
322 970
345 970
970 1282
970 1285
970 1290
970 1291
281 938
281 939
281 972
284 938
306 938
309 938
313 938
938 1283
289 939
306 939
314 939
939 1284
289 972
306 972
314 972
347 972
972 1284
282 940
287 940
307 940
312 940
315 940
940 1285
940 1812
283 941
300 941
308 941
316 941
325 941
941 1286
941 1812
941 1842
285 942
285 943
285 968
285 976
285 977
293 942
310 942
317 942
318 942
942 1287
942 1813
294 943
310 943
318 943
319 943
943 1288
943 1813
943 1843
293 968
294 968
310 968
318 968
319 968
343 968
968 1287
968 1288
288 976
293 976
296 976
310 976
313 976
318 976
321 976
351 976
976 1287
976 1292
976 1295
294 977
310 977
319 977
352 977
977 1288
286 944
291 944
311 944
316 944
319 944
944 1289
287 945
287 946
287 978
287 980
295 945
312 945
320 945
945 1290
297 946
312 946
321 946
322 946
946 1291
295 978
296 978
312 978
320 978
321 978
353 978
978 1290
297 980
312 980
322 980
355 980
980 1291
288 947
288 958
288 971
293 947
313 947
318 947
322 947
947 1292
947 1869
333 958
293 971
313 971
318 971
346 971
971 1292
290 948
290 973
290 981
298 948
315 948
323 948
948 1293
948 1869
948 1899
298 973
315 973
323 973
348 973
973 1293
292 981
298 981
299 981
315 981
317 981
323 981
324 981
356 981
981 1293
981 1294
292 949
298 949
317 949
323 949
324 949
949 1294
949 1870
293 950
293 979
296 950
318 950
321 950
325 950
950 1295
950 1870
950 1900
295 979
296 979
318 979
320 979
321 979
354 979
979 1295
295 951
295 952
296 951
320 951
321 951
326 951
296 952
320 952
321 952
327 952
298 953
298 982
299 953
323 953
324 953
328 953
299 982
323 982
324 982
357 982
301 989
301 990
301 991
301 1014
301 1016
301 1017
301 1031
301 1040
302 989
326 989
327 989
364 989
989 1299
316 990
326 990
341 990
365 990
990 1300
325 991
326 991
350 991
366 991
991 1301
389 1014
302 1016
316 1016
325 1016
326 1016
327 1016
341 1016
350 1016
391 1016
1016 1299
1016 1300
1016 1301
302 1017
326 1017
327 1017
392 1017
1017 1299
311 1031
316 1031
326 1031
336 1031
341 1031
406 1031
1031 1300
1031 1311
308 1040
325 1040
326 1040
333 1040
350 1040
415 1040
1040 1301
303 992
303 1026
311 992
328 992
336 992
367 992
992 1302
311 1026
316 1026
328 1026
336 1026
341 1026
401 1026
1026 1302
1026 1311
304 993
304 1032
317 993
329 993
342 993
368 993
317 1032
323 1032
329 1032
342 1032
348 1032
407 1032
1032 1316
305 930
305 994
305 1020
305 1027
312 994
330 994
337 994
369 994
312 1020
330 1020
337 1020
395 1020
307 1027
312 1027
320 1027
322 1027
330 1027
332 1027
337 1027
345 1027
347 1027
402 1027
1027 1312
1027 1313
306 931
306 995
306 996
306 1029
309 995
331 995
334 995
370 995
995 1305
314 996
331 996
339 996
371 996
314 1029
331 1029
339 1029
404 1029
307 997
312 997
332 997
337 997
372 997
308 998
325 998
333 998
350 998
373 998
310 999
310 1000
310 1025
310 1033
310 1034
318 999
335 999
343 999
374 999
319 1000
335 1000
344 1000
375 1000
1000 1310
318 1025
319 1025
335 1025
343 1025
344 1025
400 1025
1025 1310
313 1033
318 1033
321 1033
335 1033
338 1033
343 1033
346 1033
408 1033
1033 1314
1033 1317
319 1034
335 1034
344 1034
409 1034
1034 1310
311 1001
316 1001
336 1001
341 1001
376 1001
1001 1311
312 1002
312 1003
312 1035
312 1037
320 1002
337 1002
345 1002
377 1002
1002 1312
322 1003
337 1003
347 1003
378 1003
1003 1313
320 1035
321 1035
337 1035
345 1035
346 1035
410 1035
1035 1312
1035 1318
1035 1319
322 1037
337 1037
347 1037
412 1037
1037 1313
313 1004
313 1015
313 1028
318 1004
338 1004
343 1004
379 1004
1004 1314
390 1015
318 1028
338 1028
343 1028
403 1028
1028 1314
315 1005
315 1030
315 1038
323 1005
340 1005
348 1005
380 1005
1005 1315
323 1030
340 1030
348 1030
405 1030
1030 1315
317 1038
323 1038
324 1038
340 1038
342 1038
348 1038
349 1038
413 1038
1038 1315
1038 1316
1038 1320
317 1006
323 1006
342 1006
348 1006
381 1006
1006 1316
318 1007
318 1036
321 1007
343 1007
346 1007
382 1007
1007 1317
320 1036
321 1036
343 1036
345 1036
346 1036
411 1036
1036 1317
1036 1318
1036 1319
320 1008
320 1009
321 1008
345 1008
346 1008
383 1008
1008 1318
321 1009
345 1009
346 1009
384 1009
1009 1319
323 1010
323 1039
324 1010
348 1010
349 1010
385 1010
1010 1320
324 1039
348 1039
349 1039
414 1039
1039 1320
326 1046
326 1047
326 1048
326 1071
326 1073
326 1074
326 1088
326 1097
327 1046
351 1046
352 1046
421 1046
1046 1321
341 1047
351 1047
366 1047
422 1047
1047 1322
350 1048
351 1048
375 1048
423 1048
1048 1323
446 1071
327 1073
341 1073
350 1073
351 1073
352 1073
366 1073
375 1073
448 1073
1073 1321
1073 1322
1073 1323
327 1074
351 1074
352 1074
449 1074
1074 1321
336 1088
341 1088
351 1088
361 1088
366 1088
463 1088
1088 1322
1088 1333
333 1097
350 1097
351 1097
358 1097
375 1097
472 1097
1097 1323
1097 1330
328 1049
328 1083
336 1049
353 1049
361 1049
424 1049
1049 1324
336 1083
341 1083
353 1083
361 1083
366 1083
458 1083
1083 1324
1083 1333
329 1050
329 1089
342 1050
354 1050
367 1050
425 1050
1050 1325
342 1089
348 1089
354 1089
367 1089
373 1089
464 1089
1089 1325
1089 1338
330 1051
330 1077
330 1084
337 1051
355 1051
362 1051
426 1051
337 1077
355 1077
362 1077
452 1077
332 1084
337 1084
345 1084
347 1084
355 1084
357 1084
362 1084
370 1084
372 1084
459 1084
1084 1329
1084 1334
1084 1335
331 1052
331 1053
331 1086
334 1052
356 1052
359 1052
427 1052
339 1053
356 1053
364 1053
428 1053
339 1086
356 1086
364 1086
461 1086
332 1054
337 1054
357 1054
362 1054
429 1054
1054 1329
333 1055
350 1055
358 1055
375 1055
430 1055
1055 1330
335 1056
335 1057
335 1082
335 1090
335 1091
343 1056
360 1056
368 1056
431 1056
1056 1331
344 1057
360 1057
369 1057
432 1057
1057 1332
343 1082
344 1082
360 1082
368 1082
369 1082
457 1082
1082 1331
1082 1332
338 1090
343 1090
346 1090
360 1090
363 1090
368 1090
371 1090
465 1090
1090 1331
1090 1336
1090 1339
344 1091
360 1091
369 1091
466 1091
1091 1332
336 1058
341 1058
361 1058
366 1058
433 1058
1058 1333
337 1059
337 1060
337 1092
337 1094
345 1059
362 1059
370 1059
434 1059
1059 1334
347 1060
362 1060
372 1060
435 1060
1060 1335
345 1092
346 1092
362 1092
370 1092
371 1092
467 1092
1092 1334
1092 1340
1092 1341
347 1094
362 1094
372 1094
469 1094
1094 1335
338 1061
338 1072
338 1085
343 1061
363 1061
368 1061
436 1061
1061 1336
447 1072
343 1085
363 1085
368 1085
460 1085
1085 1336
340 1062
340 1087
340 1095
348 1062
365 1062
373 1062
437 1062
1062 1337
348 1087
365 1087
373 1087
462 1087
1087 1337
342 1095
348 1095
349 1095
365 1095
367 1095
373 1095
374 1095
470 1095
1095 1337
1095 1338
1095 1342
342 1063
348 1063
367 1063
373 1063
438 1063
1063 1338
343 1064
343 1093
346 1064
368 1064
371 1064
439 1064
1064 1339
345 1093
346 1093
368 1093
370 1093
371 1093
468 1093
1093 1339
1093 1340
1093 1341
345 1065
345 1066
346 1065
370 1065
371 1065
440 1065
1065 1340
346 1066
370 1066
371 1066
441 1066
1066 1341
348 1067
348 1096
349 1067
373 1067
374 1067
442 1067
1067 1342
349 1096
373 1096
374 1096
471 1096
1096 1342
351 1103
351 1104
351 1105
351 1128
351 1130
351 1131
351 1145
351 1154
352 1103
376 1103
377 1103
1103 1343
366 1104
376 1104
391 1104
1104 1344
375 1105
376 1105
400 1105
1105 1345
352 1130
366 1130
375 1130
376 1130
377 1130
391 1130
400 1130
1130 1343
1130 1344
1130 1345
352 1131
376 1131
377 1131
1131 1343
361 1145
366 1145
376 1145
386 1145
391 1145
1145 1344
358 1154
375 1154
376 1154
383 1154
400 1154
1154 1345
1154 1352
353 1106
353 1140
361 1106
378 1106
386 1106
1106 1346
361 1140
366 1140
378 1140
386 1140
391 1140
1140 1346
354 1107
354 1146
367 1107
379 1107
392 1107
1107 1347
367 1146
373 1146
379 1146
392 1146
398 1146
1146 1347
355 1108
355 1134
355 1141
362 1108
380 1108
387 1108
1108 1348
362 1134
380 1134
387 1134
1134 1348
357 1141
362 1141
370 1141
372 1141
380 1141
382 1141
387 1141
395 1141
397 1141
1141 1348
1141 1351
1141 1356
1141 1357
356 1109
356 1110
356 1143
359 1109
381 1109
384 1109
1109 1349
364 1110
381 1110
389 1110
1110 1350
364 1143
381 1143
389 1143
1143 1350
357 1111
362 1111
382 1111
387 1111
1111 1351
358 1112
375 1112
383 1112
400 1112
1112 1352
360 1113
360 1114
360 1139
360 1147
360 1148
368 1113
385 1113
393 1113
369 1114
385 1114
394 1114
368 1139
369 1139
385 1139
393 1139
394 1139
363 1147
368 1147
371 1147
385 1147
388 1147
393 1147
396 1147
1147 1358
369 1148
385 1148
394 1148
361 1115
366 1115
386 1115
391 1115
362 987
362 1116
362 1117
362 1149
362 1151
370 1116
387 1116
395 1116
1116 1356
372 1117
387 1117
397 1117
1117 1357
370 1149
371 1149
387 1149
395 1149
396 1149
1149 1356
1149 1362
372 1151
387 1151
397 1151
1151 1357
363 988
363 1118
363 1129
363 1142
368 1118
388 1118
393 1118
1118 1358
368 1142
388 1142
393 1142
1142 1358
365 1119
365 1144
365 1152
373 1119
390 1119
398 1119
1119 1359
373 1144
390 1144
398 1144
1144 1359
367 1152
373 1152
374 1152
390 1152
392 1152
398 1152
399 1152
1152 1359
367 1120
373 1120
392 1120
398 1120
368 1121
368 1150
371 1121
393 1121
396 1121
370 1150
371 1150
393 1150
395 1150
396 1150
1150 1362
370 1122
370 1123
371 1122
395 1122
396 1122
1122 1362
371 1123
395 1123
396 1123
373 1124
373 1153
374 1124
398 1124
399 1124
374 1153
398 1153
399 1153
376 1160
376 1161
376 1162
376 1185
376 1187
376 1188
376 1202
376 1211
377 1160
401 1160
402 1160
391 1161
401 1161
416 1161
400 1162
401 1162
425 1162
1162 1367
377 1187
391 1187
400 1187
401 1187
402 1187
416 1187
425 1187
1187 1367
377 1188
401 1188
402 1188
386 1202
391 1202
401 1202
411 1202
416 1202
1202 1377
383 1211
400 1211
401 1211
408 1211
425 1211
1211 1367
1211 1374
378 1163
378 1197
386 1163
403 1163
411 1163
1163 1368
386 1197
391 1197
403 1197
411 1197
416 1197
1197 1368
1197 1377
379 1164
379 1203
392 1164
404 1164
417 1164
1164 1369
392 1203
398 1203
404 1203
417 1203
423 1203
1203 1369
1203 1382
380 1165
380 1191
380 1198
387 1165
405 1165
412 1165
1165 1370
387 1191
405 1191
412 1191
1191 1370
382 1198
387 1198
395 1198
397 1198
405 1198
407 1198
412 1198
420 1198
422 1198
1198 1370
1198 1373
1198 1378
1198 1379
381 1166
381 1167
381 1200
384 1166
406 1166
409 1166
1166 1371
389 1167
406 1167
414 1167
1167 1372
389 1200
406 1200
414 1200
1200 1372
382 1168
387 1168
407 1168
412 1168
1168 1373
383 1169
400 1169
408 1169
425 1169
1169 1374
385 1170
385 1171
385 1196
385 1204
385 1205
393 1170
410 1170
418 1170
1170 1375
394 1171
410 1171
419 1171
1171 1376
393 1196
394 1196
410 1196
418 1196
419 1196
1196 1375
1196 1376
388 1204
393 1204
396 1204
410 1204
413 1204
418 1204
421 1204
1204 1375
1204 1380
394 1205
410 1205
419 1205
1205 1376
386 1172
391 1172
411 1172
416 1172
1172 1377
387 1173
387 1174
387 1206
387 1208
395 1173
412 1173
420 1173
1173 1378
397 1174
412 1174
422 1174
1174 1379
395 1206
396 1206
412 1206
420 1206
421 1206
1206 1378
397 1208
412 1208
422 1208
1208 1379
388 1175
388 1186
388 1199
393 1175
413 1175
418 1175
1175 1380
393 1199
413 1199
418 1199
1199 1380
390 1176
390 1201
390 1209
398 1176
415 1176
423 1176
1176 1381
398 1201
415 1201
423 1201
1201 1381
392 1209
398 1209
399 1209
415 1209
417 1209
423 1209
424 1209
1209 1381
1209 1382
1209 1386
392 1177
398 1177
417 1177
423 1177
1177 1382
393 1178
393 1207
396 1178
418 1178
421 1178
395 1207
396 1207
418 1207
420 1207
421 1207
395 1179
395 1180
396 1179
420 1179
421 1179
396 1180
420 1180
421 1180
398 1181
398 1210
399 1181
423 1181
424 1181
1181 1386
399 1210
423 1210
424 1210
1210 1386
401 1217
401 1218
401 1219
401 1242
401 1244
401 1245
401 1259
401 1268
402 1217
426 1217
427 1217
1217 1387
416 1218
426 1218
441 1218
1218 1388
425 1219
426 1219
450 1219
1219 1389
402 1244
416 1244
425 1244
426 1244
427 1244
441 1244
450 1244
1244 1387
1244 1388
1244 1389
402 1245
426 1245
427 1245
1245 1387
411 1259
416 1259
426 1259
436 1259
441 1259
1259 1388
1259 1399
408 1268
425 1268
426 1268
433 1268
450 1268
1268 1389
1268 1396
403 1220
403 1254
411 1220
428 1220
436 1220
1220 1390
411 1254
416 1254
428 1254
436 1254
441 1254
1254 1390
1254 1399
404 1221
404 1260
417 1221
429 1221
442 1221
1221 1391
417 1260
423 1260
429 1260
442 1260
448 1260
1260 1391
1260 1404
405 1222
405 1248
405 1255
412 1222
430 1222
437 1222
1222 1392
412 1248
430 1248
437 1248
1248 1392
407 1255
412 1255
420 1255
422 1255
430 1255
432 1255
437 1255
445 1255
447 1255
1255 1392
1255 1395
1255 1400
1255 1401
406 1223
406 1224
406 1257
409 1223
431 1223
434 1223
1223 1393
414 1224
431 1224
439 1224
1224 1394
414 1257
431 1257
439 1257
1257 1394
407 1225
412 1225
432 1225
437 1225
1225 1395
408 1226
425 1226
433 1226
450 1226
1226 1396
410 1227
410 1228
410 1253
410 1261
410 1262
418 1227
435 1227
443 1227
1227 1397
419 1228
435 1228
444 1228
1228 1398
418 1253
419 1253
435 1253
443 1253
444 1253
1253 1397
1253 1398
413 1261
418 1261
421 1261
435 1261
438 1261
443 1261
446 1261
1261 1397
1261 1402
1261 1405
419 1262
435 1262
444 1262
1262 1398
411 1229
416 1229
436 1229
441 1229
1229 1399
412 1230
412 1231
412 1263
412 1265
420 1230
437 1230
445 1230
1230 1400
422 1231
437 1231
447 1231
1231 1401
420 1263
421 1263
437 1263
445 1263
446 1263
1263 1400
1263 1406
1263 1407
422 1265
437 1265
447 1265
1265 1401
413 1232
413 1243
413 1256
418 1232
438 1232
443 1232
1232 1402
418 1256
438 1256
443 1256
1256 1402
415 1233
415 1258
415 1266
423 1233
440 1233
448 1233
1233 1403
423 1258
440 1258
448 1258
1258 1403
417 1266
423 1266
424 1266
440 1266
442 1266
448 1266
449 1266
1266 1403
1266 1404
1266 1408
417 1234
423 1234
442 1234
448 1234
1234 1404
418 1235
418 1264
421 1235
443 1235
446 1235
1235 1405
420 1264
421 1264
443 1264
445 1264
446 1264
1264 1405
1264 1406
1264 1407
419 1044
420 1045
420 1236
420 1237
421 1236
445 1236
446 1236
1236 1406
421 1237
445 1237
446 1237
1237 1407
423 1238
423 1267
424 1238
448 1238
449 1238
1238 1408
424 1267
448 1267
449 1267
1267 1408
426 1274
426 1275
426 1276
426 1299
426 1301
426 1302
426 1316
426 1325
427 1274
451 1274
452 1274
1274 1409
441 1275
451 1275
466 1275
450 1276
451 1276
475 1276
427 1301
441 1301
450 1301
451 1301
452 1301
466 1301
475 1301
1301 1409
427 1302
451 1302
452 1302
1302 1409
436 1316
441 1316
451 1316
461 1316
466 1316
433 1325
450 1325
451 1325
458 1325
475 1325
428 1277
428 1311
436 1277
453 1277
461 1277
436 1311
441 1311
453 1311
461 1311
466 1311
429 1278
429 1317
442 1278
454 1278
467 1278
1278 1413
442 1317
448 1317
454 1317
467 1317
473 1317
1317 1413
1317 1426
430 1279
430 1305
430 1312
437 1279
455 1279
462 1279
1279 1414
437 1305
455 1305
462 1305
1305 1414
432 1312
437 1312
445 1312
447 1312
455 1312
457 1312
462 1312
470 1312
472 1312
1312 1414
431 1280
431 1281
431 1314
434 1280
456 1280
459 1280
1280 1415
439 1281
456 1281
464 1281
1281 1416
439 1314
456 1314
464 1314
1314 1416
432 1282
437 1282
457 1282
462 1282
433 1283
450 1283
458 1283
475 1283
435 1284
435 1285
435 1310
435 1318
435 1319
443 1284
460 1284
468 1284
1284 1419
444 1285
460 1285
469 1285
443 1310
444 1310
460 1310
468 1310
469 1310
1310 1419
438 1318
443 1318
446 1318
460 1318
463 1318
468 1318
471 1318
1318 1419
1318 1424
1318 1427
444 1319
460 1319
469 1319
436 1286
441 1286
461 1286
466 1286
437 1287
437 1288
437 1320
437 1322
445 1287
462 1287
470 1287
447 1288
462 1288
472 1288
445 1320
446 1320
462 1320
470 1320
471 1320
1320 1428
1320 1429
447 1322
462 1322
472 1322
438 1289
438 1300
438 1313
443 1289
463 1289
468 1289
1289 1424
443 1313
463 1313
468 1313
1313 1424
440 1290
440 1315
440 1323
448 1290
465 1290
473 1290
1290 1425
448 1315
465 1315
473 1315
1315 1425
442 1323
448 1323
449 1323
465 1323
467 1323
473 1323
474 1323
1323 1425
1323 1426
1323 1430
442 1291
448 1291
467 1291
473 1291
1291 1426
443 1292
443 1321
446 1292
468 1292
471 1292
1292 1427
445 1321
446 1321
468 1321
470 1321
471 1321
1321 1427
1321 1428
1321 1429
445 1293
445 1294
446 1293
470 1293
471 1293
1293 1428
446 1294
470 1294
471 1294
1294 1429
448 1295
448 1324
449 1295
473 1295
474 1295
1295 1430
449 1324
473 1324
474 1324
1324 1430
451 1331
451 1332
451 1333
451 1356
451 1358
451 1359
451 1373
451 1382
452 1331
1331 1431
466 1332
1332 1432
475 1333
1333 1433
452 1358
466 1358
475 1358
1358 1431
1358 1432
1358 1433
452 1359
1359 1431
461 1373
466 1373
1373 1432
1373 1443
458 1382
475 1382
1382 1433
453 1334
453 1368
461 1334
1334 1434
461 1368
466 1368
1368 1434
1368 1443
454 1335
454 1374
467 1335
1335 1435
467 1374
473 1374
1374 1435
1374 1448
455 1336
455 1362
455 1369
462 1336
1336 1436
462 1362
1362 1436
457 1369
462 1369
470 1369
472 1369
1369 1436
1369 1439
1369 1444
1369 1445
456 1337
456 1338
456 1371
459 1337
1337 1437
464 1338
1338 1438
464 1371
1371 1438
457 1339
462 1339
1339 1439
458 1340
475 1340
460 1341
460 1342
460 1367
460 1375
460 1376
468 1341
469 1342
468 1367
469 1367
463 1375
468 1375
471 1375
1375 1446
1375 1449
469 1376
461 1343
466 1343
1343 1443
462 1344
462 1345
462 1377
462 1379
470 1344
1344 1444
472 1345
1345 1445
470 1377
471 1377
1377 1444
1377 1450
1377 1451
472 1379
1379 1445
463 1346
463 1357
463 1370
468 1346
1346 1446
468 1370
1370 1446
465 1347
465 1372
465 1380
473 1347
1347 1447
473 1372
1372 1447
467 1380
473 1380
474 1380
1380 1447
1380 1448
1380 1452
467 1348
473 1348
1348 1448
468 1349
468 1378
471 1349
1349 1449
470 1378
471 1378
1378 1449
1378 1450
1378 1451
470 1350
470 1351
471 1350
1350 1450
471 1351
1351 1451
473 1352
473 1381
474 1352
1352 1452
474 1381
1381 1452
1388 1453
1389 1454
1390 1455
1415 1453
1415 1454
1415 1455
1416 1453
1430 1454
1430 1465
1439 1455
1439 1462
1391 1456
1425 1456
1425 1465
1392 1457
1431 1457
1431 1470
1393 1458
1419 1458
1426 1458
1426 1461
1426 1466
1394 1459
1395 1460
1428 1460
1396 1461
1397 1462
1398 1463
1399 1464
1424 1463
1424 1464
1432 1463
1432 1471
1433 1464
1400 1465
1401 1466
1434 1466
1434 1472
1434 1473
1437 1470
1405 1470
1406 1471
1435 1471
1435 1472
1435 1473
1407 1472
1408 1473
1446 1476
1472 1476
1457 1487
1476 1487
1482 1487
1466 1496
1484 1496
1494 1496
1495 1496
1452 1482
1482 1485
1458 1488
1483 1488
1488 1491
1488 1492
532 1483
1453 1483
1483 1489
531 1451
1451 1481
531 1452
531 1485
1455 1485
1481 1485
1485 1489
532 1453
1454 1484
1456 1486
1481 1486
1459 1489
1489 1490
1489 1493
1460 1490
1484 1490
1486 1490
1461 1491
1486 1491
1491 1494
1491 1495
1463 1493
1492 1493
1464 1494
1492 1494
1462 1492
1492 1495
1465 1495
1502 1507
1502 1533
1502 1540
1503 1508
1504 1509
1504 1542
1527 1567
1527 1597
1529 1569
1529 1595
1529 1603
1530 1570
1530 1595
1530 1604
1509 1544
1544 1619
1544 1653
1506 1553
1553 1628
1553 1653
1553 1658
1500 1505
1505 1510
1505 1540
1500 1539
1509 1539
1539 1579
1539 1605
1539 1606
1501 1506
1506 1511
1501 1545
1514 1545
1545 1620
1545 1659
1507 1512
1507 1538
1507 1546
1533 1573
1533 1597
1533 1607
532 1540
1510 1540
1511 1540
1540 1580
1540 1608
1540 1609
531 1508
531 1509
531 1542
1508 1513
1508 1538
1508 1547
1509 1514
1542 1617
1542 1643
1542 1658
532 1510
1510 1515
1510 1548
1511 1516
1511 1550
1512 1517
1512 1541
1512 1546
1513 1518
1513 1543
1513 1551
1538 1578
1538 1605
1538 1606
1515 1546
1546 1621
1546 1647
1546 1654
1547 1622
1514 1519
1514 1551
1515 1520
1515 1549
1516 1521
1516 1548
1516 1549
1517 1548
1548 1623
1548 1656
1550 1625
1550 1667
1517 1522
1517 1549
1528 1568
1528 1610
1541 1616
1541 1643
1541 1644
1518 1523
1518 1551
1518 1552
1543 1618
1543 1643
1543 1667
1551 1626
1551 1652
1551 1660
1519 1559
1519 1586
1519 1587
1520 1560
1520 1586
1520 1601
1549 1624
1549 1654
1521 1561
1521 1586
1521 1610
1522 1562
1522 1596
1523 1563
1523 1602
1552 1627
1552 1652
1552 1661
1559 1634
1559 1660
1559 1663
1560 1635
1560 1662
1560 1663
1561 1636
1561 1662
1561 1663
1584 1694
1584 1722
1584 1723
1586 1731
1586 1757
1586 1772
1587 1732
1587 1757
1587 1781
1601 1746
1601 1771
1601 1779
1610 1790
1610 1824
1562 1637
1562 1665
1562 1666
1596 1741
1596 1766
1596 1775
1563 1673
1563 1700
1563 1701
1602 1747
1602 1773
1602 1779
1564 1674
1564 1700
1564 1715
1590 1735
1590 1761
1590 1768
1597 1742
1597 1767
1597 1772
1565 1675
1565 1700
1565 1724
589 1566
1566 1676
1566 1710
589 1599
1599 1744
1599 1768
1599 1778
1567 1677
1567 1716
1568 1678
1568 1704
1568 1711
1569 1679
1570 1680
1570 1713
1595 1740
1595 1766
1595 1774
588 1603
1603 1748
1603 1774
1603 1777
1604 1749
1604 1776
1604 1777
1571 1681
1571 1711
1572 1682
1572 1724
1573 1683
1573 1709
1573 1717
1605 1750
1605 1776
1605 1777
1607 1787
1607 1814
1607 1815
588 1574
1574 1684
1574 1709
1574 1718
1585 1730
1585 1757
1585 1758
588 1598
1598 1743
1598 1768
1598 1776
1575 1685
1575 1710
1575 1715
1600 1745
1600 1769
1600 1774
1608 1788
1608 1814
1608 1829
1576 1686
1576 1711
1576 1719
1577 1687
1577 1711
1577 1721
1606 1751
1606 1779
1606 1780
1578 1688
1578 1712
1578 1717
1579 1689
1579 1714
1579 1722
1580 1690
1580 1716
1580 1722
1609 1789
1609 1814
1609 1838
1616 1796
1616 1838
1617 1797
1617 1823
1617 1831
1618 1798
1618 1823
1618 1832
1641 1856
1641 1881
1641 1886
1643 1858
1643 1882
1643 1892
1644 1859
1644 1883
1644 1888
1619 1799
1619 1824
1619 1829
1620 1800
1620 1825
1620 1833
1558 1659
1621 1801
1621 1825
1621 1835
1647 1862
1647 1888
1647 1891
1622 1802
1622 1826
1622 1831
589 1623
1623 1803
1623 1828
1623 1836
589 1656
1624 1804
1624 1830
1624 1836
1625 1805
1625 1831
1625 1834
1626 1806
1626 1833
1626 1834
1627 1807
1627 1833
1627 1834
588 1660
1628 1808
1628 1836
1628 1837
1629 1844
1629 1871
1629 1872
1630 1845
1630 1871
1630 1886
588 1631
588 1642
588 1655
1631 1846
1631 1871
1631 1895
1642 1857
1642 1882
1642 1890
1557 1632
1632 1847
1632 1881
1557 1657
1557 1665
1558 1665
1558 1633
1633 1848
1633 1887
1634 1849
1634 1875
1634 1882
1635 1850
1636 1851
1636 1884
1637 1852
1637 1882
645 1711
646 1717
645 1686
645 1719
646 1719
646 1691
645 1720
646 1720
645 1692
646 1692
645 1693
646 1693
645 1768
646 1774
645 1743
645 1776
646 1776
646 1748
645 1777
646 1777
645 1749
645 1750
646 1749
646 1750
1615 1825
1614 1794
1614 1827
1615 1795
