1 2
2 3
3 270
3 271
270 271
270 272
233 271
271 272
271 273
271 274
271 275
4 5
4 6
4 7
6 8
8 34
8 254
8 255
8 256
8 257
8 258
8 259
11 34
15 34
17 34
19 34
34 91
34 127
34 209
34 215
34 260
182 255
255 261
255 262
255 263
255 264
182 257
257 261
257 262
257 263
257 264
182 258
258 261
258 262
258 263
258 264
182 259
259 261
259 262
259 263
259 264
9 10
9 11
9 12
9 13
9 14
9 15
9 16
9 17
9 18
9 19
10 20
10 21
10 22
10 23
10 24
10 25
10 26
10 27
10 28
10 29
10 30
10 31
10 32
11 15
11 19
11 20
11 21
11 22
11 23
11 24
11 25
11 26
11 27
11 28
11 29
11 30
11 31
11 32
11 33
12 20
12 21
12 22
12 23
12 24
12 25
12 26
12 27
12 28
12 29
12 30
12 31
12 32
12 35
12 36
12 37
12 38
12 39
12 40
12 41
12 42
12 43
12 44
12 45
13 20
13 21
13 22
13 23
13 24
13 25
13 26
13 27
13 28
13 29
13 30
13 31
13 32
13 46
14 20
14 21
14 22
14 23
14 24
14 25
14 26
14 27
14 28
14 29
14 30
14 31
14 32
14 35
14 36
14 37
14 38
14 39
14 40
14 41
14 42
14 43
14 44
14 45
15 20
15 21
15 22
15 23
15 24
15 25
15 26
15 27
15 28
15 29
15 30
15 31
15 32
15 33
16 20
16 21
16 22
16 23
16 24
16 25
16 26
16 27
16 28
16 29
16 30
16 31
16 32
16 47
16 48
16 49
16 50
16 51
16 52
16 53
17 20
17 21
17 22
17 23
17 24
17 25
17 26
17 27
17 28
17 29
17 30
17 31
17 32
17 54
17 55
17 56
17 57
17 58
17 59
17 60
17 61
17 62
18 20
18 21
18 22
18 23
18 24
18 25
18 26
18 27
18 28
18 29
18 30
18 31
18 32
18 63
18 64
18 65
18 66
18 67
18 68
18 69
18 70
18 71
18 72
18 73
18 74
18 75
18 76
18 77
18 78
18 79
18 80
18 81
18 82
18 83
19 20
19 21
19 22
19 23
19 24
19 25
19 26
19 27
19 28
19 29
19 30
19 31
19 32
19 84
19 85
19 86
33 168
36 54
36 88
36 151
36 152
36 153
36 154
41 383
41 385
41 435
46 316
46 320
46 321
46 322
46 323
46 324
46 325
46 326
46 328
48 49
48 128
48 238
48 241
48 411
48 412
49 426
51 426
51 454
52 426
52 454
53 426
53 454
54 81
54 126
55 56
55 168
55 174
56 168
57 151
57 191
57 315
57 414
57 415
57 416
57 417
57 418
57 419
57 420
57 421
58 211
63 89
63 90
63 91
63 133
63 150
64 89
64 90
64 91
64 133
64 150
65 89
65 90
65 91
65 133
65 150
66 89
66 90
66 91
66 133
66 150
67 89
67 90
67 91
67 133
67 150
68 89
68 90
68 91
68 133
68 150
69 89
69 90
69 91
69 133
69 150
70 89
70 90
70 91
70 133
70 150
71 89
71 90
71 91
71 133
71 150
72 89
72 90
72 91
72 133
72 150
73 89
73 90
73 91
73 133
73 150
74 89
74 90
74 91
74 133
74 150
75 89
75 90
75 91
75 133
75 150
76 89
76 90
76 91
76 133
76 150
77 89
77 90
77 91
77 133
77 150
78 89
78 90
78 91
78 133
78 150
80 449
80 467
81 126
81 272
84 86
84 132
84 135
84 136
84 142
84 391
85 86
85 132
85 142
85 143
85 144
85 237
85 239
85 403
85 404
168 169
168 170
168 171
87 91
89 91
90 91
91 93
91 95
91 97
91 100
91 101
91 103
91 106
91 108
91 109
91 113
91 115
91 117
91 120
91 121
91 122
91 124
91 126
91 127
91 128
91 129
91 130
91 131
127 172
127 173
127 392
204 209
205 209
209 214
209 215
209 216
209 217
215 433
87 88
88 92
88 93
88 94
88 95
88 96
88 97
88 98
88 99
88 100
88 101
88 102
88 103
88 104
88 105
88 106
88 107
88 108
88 109
88 110
88 111
88 112
88 113
88 114
88 115
88 116
88 117
88 118
88 119
88 120
88 121
88 122
88 123
88 124
88 125
151 155
152 156
111 153
382 383
383 384
383 385
383 386
384 385
385 386
385 456
434 435
316 317
316 318
317 320
318 320
317 321
318 321
317 322
318 322
317 323
318 323
317 324
318 324
317 325
318 325
317 326
318 326
128 409
128 410
135 238
136 238
236 238
237 238
238 240
238 241
238 242
238 243
411 425
412 425
397 454
454 475
126 131
126 175
126 193
126 224
126 237
126 239
126 246
126 248
126 250
126 251
126 252
126 253
185 191
191 292
191 315
191 387
314 315
201 211
202 211
205 211
211 214
211 265
211 266
211 267
211 268
211 269
87 89
89 92
89 93
89 94
89 95
89 96
89 97
89 98
89 99
89 100
89 101
89 102
89 103
89 104
89 105
89 106
89 107
89 108
89 109
89 110
89 112
89 113
89 115
89 116
89 117
89 118
89 119
89 120
89 121
89 122
89 123
89 124
89 125
87 90
90 92
90 93
90 94
90 95
90 96
90 97
90 98
90 99
90 100
90 101
90 102
90 103
90 104
90 105
90 106
90 107
90 108
90 109
90 110
90 112
90 113
90 115
90 116
90 117
90 118
90 119
90 120
90 121
90 122
90 123
90 124
90 125
92 133
94 133
96 133
98 133
99 133
102 133
104 133
105 133
107 133
110 133
112 133
116 133
118 133
119 133
123 133
125 133
131 133
133 146
133 147
133 148
133 149
448 449
449 450
467 481
175 272
272 276
272 277
92 132
94 132
96 132
98 132
99 132
102 132
104 132
105 132
107 132
110 132
112 132
116 132
118 132
119 132
123 132
125 132
132 134
132 135
132 136
132 137
132 138
132 139
132 140
132 141
132 142
132 143
132 144
132 145
135 136
135 137
135 236
135 237
136 137
136 236
136 237
136 240
136 242
142 143
142 171
144 391
144 483
236 237
237 239
403 459
403 460
114 131
114 427
114 428
129 130
129 131
130 131
131 427
131 428
427 428
170 175
172 175
173 175
175 186
175 187
175 305
175 364
175 365
175 366
175 367
175 368
175 369
175 370
175 371
175 372
175 373
186 193
187 193
193 246
193 247
193 248
193 249
219 224
220 224
223 224
224 279
224 440
224 441
224 442
251 338
194 253
253 464
253 476
253 477
253 478
169 172
172 375
169 173
173 375
409 413
134 197
137 313
138 197
139 197
140 197
141 197
145 197
156 439
157 158
158 159
159 267
159 352
159 353
267 468
351 352
352 362
351 353
353 362
160 161
160 162
160 163
160 164
160 165
161 162
162 163
162 164
162 165
164 166
164 167
167 207
167 378
204 207
207 208
207 212
184 186
186 194
186 195
186 196
184 187
187 194
187 195
187 196
302 305
303 305
305 308
305 309
305 310
305 311
367 374
176 177
176 178
177 179
177 180
177 181
177 182
177 183
179 180
179 334
180 181
180 183
180 234
180 327
180 335
180 336
180 337
181 329
181 466
227 234
228 234
233 234
318 327
327 376
327 377
230 329
329 332
329 333
184 185
185 188
185 189
185 190
185 192
188 387
190 388
190 389
190 390
194 196
194 294
194 295
194 296
194 297
194 298
194 299
194 300
194 301
195 222
195 223
195 297
195 393
195 394
196 306
196 395
196 396
388 444
388 445
286 292
292 293
292 314
297 452
297 453
298 457
298 458
299 479
219 222
220 222
222 223
219 223
220 223
394 452
302 306
306 312
312 395
198 199
198 200
200 201
200 202
200 203
203 471
203 472
442 471
442 472
204 205
204 206
204 208
204 210
208 213
212 347
266 443
347 348
218 219
218 220
219 221
220 225
225 230
225 330
225 331
278 279
279 280
279 281
279 282
440 465
333 441
441 447
441 469
227 230
228 230
226 227
226 228
227 228
227 229
227 231
227 232
227 233
227 235
228 229
228 231
228 232
228 233
228 235
229 244
229 245
231 338
233 339
233 340
233 341
233 342
233 343
233 344
233 345
233 346
338 359
338 360
338 361
339 379
339 380
340 341
340 357
341 357
343 379
343 380
344 429
344 430
344 431
344 432
460 464
464 476
464 477
464 478
464 482
476 477
477 478
273 408
274 408
275 408
281 358
356 358
283 284
283 285
283 286
284 287
285 288
285 289
285 290
285 291
286 293
287 422
287 423
287 424
293 474
302 303
302 304
303 307
312 397
397 455
317 319
319 406
319 473
405 406
332 351
350 351
351 354
379 380
356 357
429 436
429 437
429 438
430 436
430 437
430 438
431 436
431 437
431 438
431 470
348 349
362 363
355 356
363 381
374 398
398 399
398 400
382 384
386 456
400 401
400 402
401 402
401 451
459 461
459 462
459 463
405 407
446 447
461 462
462 463
480 481
