1 2
1 3
1 4
1 5
1 6
1 7
1 8
3 9
4 8
4 9
4 10
4 11
4 12
4 13
4 14
4 15
4 16
4 17
4 18
4 19
6 9
6 20
7 9
7 20
7 21
8 9
8 18
9 18
9 544
9 545
9 546
9 547
9 548
9 549
9 550
10 118
10 131
10 331
10 332
10 333
10 334
12 21
12 175
12 336
12 606
12 607
12 608
12 609
16 594
17 18
17 540
18 169
18 614
18 615
18 616
18 617
18 618
18 619
20 169
20 334
21 911
114 118
128 131
131 132
131 150
131 300
131 301
131 302
131 303
313 334
334 845
334 849
334 850
170 175
174 175
175 176
175 178
175 179
175 180
175 181
175 182
175 183
175 184
175 185
175 186
175 187
175 188
175 189
291 336
336 907
221 606
606 607
606 667
606 747
607 906
608 887
609 908
609 909
609 910
41 594
592 594
594 650
594 651
594 653
594 654
594 655
594 656
132 540
300 540
540 541
540 542
540 543
150 169
169 289
169 290
169 291
169 292
169 293
169 294
169 295
169 296
169 297
169 298
169 299
614 629
614 901
614 902
614 903
298 618
22 23
23 24
23 25
24 355
24 359
24 360
24 361
24 362
24 363
24 364
24 365
24 366
24 367
24 368
24 369
24 370
24 371
24 372
24 373
24 374
24 375
24 376
24 377
24 378
24 379
24 380
24 381
24 382
24 383
24 384
24 385
355 356
355 357
365 480
365 904
366 921
302 367
367 627
367 923
369 933
26 27
26 28
27 29
27 30
27 31
27 32
27 33
27 34
27 35
27 36
27 37
27 38
27 39
28 30
28 40
28 41
28 42
28 43
30 494
30 495
30 498
40 455
40 457
40 459
40 460
40 462
40 471
40 472
40 473
42 572
42 575
42 576
280 494
494 495
494 552
494 553
494 730
280 495
495 552
495 553
495 730
280 498
498 552
498 553
455 456
455 457
455 458
455 459
455 460
457 458
457 459
457 460
457 462
457 463
457 464
458 459
459 460
456 460
460 462
460 469
460 470
148 462
462 471
462 472
462 473
462 674
462 675
462 676
472 773
569 572
570 572
571 572
572 573
572 574
572 575
572 576
572 577
283 575
284 575
349 575
575 734
575 735
575 736
575 737
575 738
575 739
575 740
575 741
44 45
45 46
45 47
45 48
45 49
45 50
45 51
45 52
45 53
45 54
45 55
45 56
45 57
45 58
45 59
45 60
45 61
45 62
45 63
45 64
45 65
45 66
45 67
45 68
45 69
45 70
45 71
45 72
45 73
45 74
45 75
45 76
45 77
45 78
45 79
45 80
45 81
45 82
45 83
45 84
45 85
45 86
45 87
45 88
45 89
45 90
45 91
45 92
45 93
45 94
45 95
45 96
45 97
45 98
45 99
45 100
45 101
45 102
45 103
45 104
45 105
45 106
45 107
45 108
45 109
45 110
45 111
45 112
49 782
63 952
116 782
202 782
736 782
782 783
782 784
782 785
782 786
782 787
113 114
114 115
114 116
114 117
114 119
114 120
114 121
114 122
114 123
115 130
115 171
115 173
120 277
120 559
120 808
122 390
122 392
127 130
130 149
130 150
130 151
130 152
130 153
130 154
130 155
130 156
130 157
130 158
130 159
130 160
130 161
130 162
130 163
130 164
130 165
130 166
135 171
156 171
171 302
171 875
173 963
206 277
208 277
209 277
210 277
212 277
213 277
214 277
219 277
220 277
226 277
227 277
228 277
231 277
234 277
235 277
236 277
242 277
243 277
244 277
248 277
250 277
273 277
274 277
275 277
277 506
277 602
277 603
277 604
556 559
558 559
559 659
559 660
559 661
209 808
210 808
212 808
214 808
219 808
223 808
232 808
234 808
235 808
240 808
250 808
603 808
389 390
390 391
390 392
392 972
392 973
124 125
124 126
124 127
124 128
126 129
128 132
128 133
128 134
128 135
128 136
128 137
128 138
128 139
128 140
128 141
129 726
129 727
132 133
132 293
132 302
132 537
132 637
132 638
132 639
133 627
133 777
133 778
133 779
133 780
134 254
134 256
134 301
134 849
134 873
135 156
135 301
135 302
135 785
136 302
141 254
141 849
727 728
727 729
149 167
150 168
156 170
156 172
293 300
300 537
300 538
300 539
301 302
301 303
301 868
301 869
301 870
301 871
301 872
302 871
302 872
170 303
303 874
557 627
627 690
780 781
170 254
253 254
254 255
254 256
254 257
254 258
170 256
873 912
142 143
142 144
142 145
142 146
143 144
144 145
144 146
145 147
145 148
146 148
147 339
147 342
147 343
147 344
148 990
339 340
339 341
339 342
340 342
341 342
170 343
344 449
989 990
167 286
167 287
167 288
168 289
168 290
170 605
291 335
291 337
291 338
292 311
292 450
292 451
292 452
292 453
292 454
296 348
296 524
605 719
605 880
605 881
605 882
605 883
605 884
605 885
871 875
872 875
174 176
174 177
176 177
177 190
184 610
184 611
185 276
185 610
185 611
185 612
185 613
190 533
610 611
610 751
611 751
272 276
273 276
274 276
275 276
276 279
276 280
276 281
276 282
276 283
276 284
276 285
612 939
612 941
613 983
533 534
191 192
191 193
191 194
191 195
191 196
191 197
192 198
193 199
193 200
193 201
194 202
195 196
195 197
196 197
196 203
201 759
202 564
203 801
285 759
758 759
759 760
759 761
759 762
759 763
759 764
759 765
759 766
759 767
759 768
759 769
556 564
797 801
798 801
799 801
801 802
204 205
205 206
205 207
205 208
205 209
205 210
205 211
205 212
205 213
205 214
205 215
205 216
205 217
205 218
205 219
205 220
205 221
205 222
205 223
205 224
205 225
205 226
205 227
205 228
205 229
205 230
205 231
205 232
205 233
205 234
205 235
205 236
205 237
205 238
205 239
205 240
205 241
205 242
205 243
205 244
205 245
205 246
205 247
205 248
205 249
205 250
205 251
205 252
207 641
207 746
218 949
221 667
222 631
269 641
326 641
386 641
596 641
603 641
640 641
641 642
641 643
641 644
641 645
641 646
641 647
641 648
641 649
643 746
949 950
949 951
255 667
258 667
433 631
631 632
631 633
631 634
631 635
631 636
255 265
255 279
255 285
255 662
255 663
255 664
255 665
255 666
255 668
257 260
258 621
260 265
265 926
275 279
279 282
279 285
279 532
279 597
279 751
662 663
350 665
482 665
561 665
665 837
665 838
665 839
665 840
665 841
665 842
525 666
666 828
666 858
666 860
666 861
259 260
260 261
260 262
260 263
260 264
260 266
260 267
260 268
260 269
260 270
260 271
620 621
267 926
267 970
269 970
269 991
467 926
968 970
970 974
272 273
272 274
272 275
273 275
274 278
280 436
280 487
280 493
280 496
280 497
282 321
282 532
282 597
282 687
282 688
283 447
283 846
283 847
284 470
284 922
491 506
530 532
532 553
321 597
592 597
597 688
748 751
749 751
751 754
751 756
429 436
436 466
436 553
465 487
487 488
487 489
487 490
487 491
487 492
466 493
493 551
493 552
493 553
493 554
496 553
496 953
497 553
311 321
313 321
688 748
429 447
846 847
847 848
469 470
337 791
304 311
306 311
310 311
311 317
311 318
311 319
311 320
311 322
311 323
311 324
311 325
311 326
311 327
311 328
311 329
311 330
452 678
452 680
347 348
348 349
348 350
348 351
348 352
348 353
348 354
523 524
524 525
524 526
304 305
304 306
304 307
304 308
304 309
304 310
304 312
305 313
305 314
306 313
306 314
306 315
307 316
308 316
310 313
310 314
310 315
312 316
313 319
313 330
313 397
313 402
313 405
313 430
313 512
313 515
313 516
313 517
313 518
313 519
313 520
313 521
313 522
314 400
314 700
314 836
315 327
315 330
315 397
315 405
315 475
315 696
315 697
315 698
315 699
315 700
315 701
315 702
315 703
315 704
315 705
315 706
315 707
315 708
315 709
315 710
315 711
316 318
316 319
316 326
316 327
316 393
316 394
316 395
316 396
316 397
316 398
316 399
316 400
316 401
316 402
316 403
316 404
316 405
316 406
316 407
316 408
316 409
316 410
316 411
316 412
316 413
316 414
316 415
316 416
316 417
316 418
316 419
316 420
316 421
316 422
316 423
316 424
316 425
316 426
316 427
320 556
322 898
322 899
322 900
324 429
324 742
429 430
430 507
430 508
507 512
515 742
515 743
515 744
516 956
449 520
474 475
475 476
475 477
475 478
395 556
406 944
414 980
417 744
424 814
391 556
555 556
556 557
556 558
556 560
556 561
556 562
556 563
556 565
556 566
556 567
556 568
428 429
429 431
429 432
429 433
429 434
429 435
429 437
429 438
429 439
429 440
429 441
429 442
429 443
429 444
429 445
429 446
429 448
742 743
742 744
843 845
850 966
790 791
341 345
341 346
349 738
349 843
349 844
350 851
843 844
851 859
851 977
356 357
356 358
357 358
357 386
357 387
357 388
358 964
386 387
387 788
479 480
480 481
480 482
480 483
480 484
480 485
480 486
904 905
923 984
391 585
391 586
391 587
391 588
391 589
391 590
587 886
587 887
860 944
943 944
980 981
743 744
813 814
814 815
814 816
435 932
441 957
507 509
507 510
507 511
507 513
507 514
458 466
466 500
466 501
466 502
466 835
553 732
553 733
677 678
678 679
678 680
678 681
678 682
678 683
678 684
678 685
678 686
680 684
456 461
458 465
458 467
458 468
461 776
463 464
463 852
463 853
464 529
464 852
464 853
464 854
465 500
465 501
465 502
465 503
465 504
465 505
467 761
467 924
467 925
776 914
674 761
852 853
852 855
852 856
852 857
527 529
528 529
529 531
500 501
501 574
501 598
761 916
761 917
761 918
761 919
761 920
771 773
481 535
481 536
482 748
482 755
748 749
748 750
748 752
748 753
748 754
490 499
492 499
552 731
571 574
573 574
592 598
598 810
511 859
858 859
859 862
859 863
859 864
859 865
859 866
859 867
525 719
525 825
525 828
525 829
525 830
525 831
526 690
526 693
632 719
718 719
719 720
719 721
719 722
719 723
719 724
719 725
825 826
825 827
828 861
828 960
689 690
690 691
690 692
690 693
690 694
690 695
527 528
527 530
531 713
712 713
713 715
534 745
731 978
731 979
733 985
557 620
557 628
557 629
558 658
620 622
620 623
620 624
620 625
620 626
659 660
660 757
569 570
569 571
571 573
734 735
578 579
579 580
579 581
579 582
579 583
579 584
580 583
580 803
580 804
581 805
581 806
581 807
583 803
583 804
584 804
647 803
803 879
805 938
806 938
807 938
591 592
591 593
592 595
592 596
593 599
593 600
593 601
595 809
595 810
595 811
595 812
599 810
600 876
600 975
650 651
650 652
653 669
656 670
656 671
656 672
656 673
796 810
810 876
810 877
812 878
876 958
975 976
881 935
906 945
906 946
939 940
939 941
941 942
622 625
623 625
624 625
624 630
625 626
648 988
986 988
987 988
652 657
657 927
657 929
657 930
657 931
670 725
671 672
672 959
673 959
673 961
927 928
860 954
860 955
725 896
712 714
714 716
714 717
716 717
717 888
888 993
721 889
721 890
721 891
721 892
721 893
721 894
721 895
749 750
749 752
749 753
749 754
750 754
752 754
753 754
770 771
771 772
771 774
771 775
913 914
914 915
781 897
786 793
793 832
789 790
790 792
832 833
832 834
794 795
795 796
796 947
796 948
797 798
797 799
797 800
797 802
798 802
799 802
800 802
878 965
815 817
815 821
816 962
817 818
817 819
817 820
818 819
819 820
820 822
820 823
820 824
857 992
958 982
934 935
935 936
935 937
967 968
968 969
968 971
986 987
