1 393
1 480
106 480
2 89
2 90
2 91
2 330
2 363
2 364
2 365
2 384
2 394
2 420
2 431
2 459
2 496
2 497
89 90
89 91
89 420
89 431
90 91
90 420
91 420
137 330
330 363
330 364
330 365
330 496
363 364
363 365
363 380
363 496
364 365
364 496
365 496
3 4
3 64
3 94
3 227
3 229
3 230
3 231
3 395
3 453
4 392
4 395
4 511
62 64
64 68
64 71
64 72
64 354
64 357
64 415
64 427
92 94
93 94
94 95
94 96
94 97
94 98
94 227
94 231
94 421
94 453
227 231
227 453
229 453
230 453
231 453
231 498
53 453
228 453
392 511
5 6
5 75
5 396
6 396
46 75
75 76
75 77
75 78
7 8
7 9
7 10
7 11
7 397
8 9
8 10
8 11
8 14
8 128
8 397
9 10
9 11
9 397
10 11
10 49
10 295
10 298
10 397
10 505
11 397
12 14
13 14
14 128
14 332
14 333
14 398
128 430
49 50
49 144
49 162
49 163
49 164
49 165
49 244
49 262
49 285
49 286
49 287
49 288
49 289
49 290
49 291
49 292
49 293
49 294
49 295
49 296
49 297
49 298
49 409
49 439
295 298
12 13
12 140
12 141
12 398
13 398
140 141
15 16
15 17
15 18
15 19
15 20
15 21
15 43
15 83
15 173
15 176
15 177
15 178
15 179
15 180
15 399
16 17
16 18
16 19
16 20
16 21
16 399
17 18
17 19
17 20
17 21
17 29
17 30
17 32
17 33
17 34
17 36
17 37
17 38
17 39
17 43
17 83
17 138
17 139
17 149
17 153
17 173
17 174
17 175
17 178
17 194
17 195
17 197
17 198
17 202
17 203
17 210
17 211
17 212
17 250
17 251
17 252
17 253
17 254
17 255
17 256
17 257
17 258
17 259
17 399
17 403
17 404
17 443
17 449
17 451
18 19
18 20
18 21
18 29
18 117
18 118
18 119
18 120
18 121
18 122
18 399
18 426
19 20
19 21
19 399
20 21
20 399
21 399
41 43
42 43
43 44
43 83
43 85
43 149
43 152
43 153
43 154
43 155
43 156
43 157
43 176
43 178
43 194
43 195
43 197
43 198
43 202
43 203
43 345
43 406
43 436
43 494
29 83
32 83
34 83
82 83
83 84
83 85
83 138
83 139
83 149
83 153
83 173
83 177
83 178
83 180
83 193
83 194
83 195
83 196
83 197
83 198
83 199
83 200
83 201
83 202
83 203
83 418
83 433
93 173
135 173
158 173
173 177
173 178
173 180
173 212
173 251
173 259
173 319
173 341
173 342
173 343
173 371
173 372
173 373
173 374
173 375
173 442
173 472
173 479
173 486
173 501
177 178
177 180
177 200
32 178
85 178
149 178
178 180
178 193
178 194
178 195
178 197
178 198
178 201
178 202
178 203
178 267
178 376
178 382
178 499
178 503
29 30
29 33
29 34
29 36
29 37
29 38
29 39
29 85
29 117
29 118
29 119
29 120
29 121
29 122
29 150
29 153
29 196
29 337
29 338
29 339
29 403
29 404
29 426
29 435
30 34
30 62
30 134
30 137
30 138
30 210
30 211
30 212
30 221
30 311
30 403
30 449
32 33
32 376
32 382
32 403
32 503
33 337
33 338
33 339
33 403
34 138
34 149
34 153
34 196
34 199
34 210
34 211
34 212
34 256
34 403
34 449
34 451
36 37
36 38
36 39
36 404
37 38
37 39
37 404
38 39
38 404
39 211
39 254
39 404
39 449
85 138
138 139
138 210
138 211
138 212
138 251
138 253
138 258
138 433
138 449
139 433
62 149
149 175
149 194
149 195
149 197
149 198
149 202
149 203
149 256
149 313
149 435
85 153
152 153
153 154
153 155
153 156
153 157
153 196
153 436
153 451
174 175
174 443
175 218
175 259
175 350
175 443
175 487
194 195
194 197
194 198
194 202
194 203
85 195
195 197
195 198
195 202
195 203
197 198
197 202
197 203
85 198
198 202
198 203
202 203
210 211
210 212
210 449
211 212
211 449
155 212
212 372
212 373
212 375
212 383
212 449
250 252
251 253
251 258
251 341
251 342
251 343
251 479
253 258
218 259
259 350
259 487
31 403
35 403
117 118
117 119
117 120
117 121
117 122
117 426
118 119
118 120
118 121
118 122
118 426
119 120
119 121
119 122
119 273
119 426
120 121
120 122
120 367
120 426
121 122
121 367
121 426
122 426
22 192
22 334
22 335
22 400
22 460
22 467
22 477
77 192
190 192
191 192
192 207
192 208
192 260
192 261
192 262
192 368
192 445
192 447
192 460
192 475
192 509
192 513
334 335
334 477
335 477
190 460
208 460
260 460
261 460
278 467
279 467
280 467
281 467
66 477
23 145
23 204
23 205
23 206
23 401
23 434
23 446
145 434
204 205
204 206
204 446
205 206
205 446
206 446
50 434
143 434
144 434
24 25
24 26
24 27
24 28
24 402
25 26
25 27
25 28
25 402
26 27
26 28
26 127
26 402
27 28
27 402
28 402
127 429
82 85
84 85
85 152
85 154
85 155
85 156
85 157
85 193
85 201
85 418
85 436
85 508
150 435
337 338
337 339
338 339
151 435
60 62
62 66
62 69
62 72
62 134
62 158
62 221
62 306
62 307
62 308
62 309
62 310
62 311
62 312
62 313
62 314
62 315
62 316
62 317
62 318
62 415
58 134
131 134
134 221
134 311
134 314
134 500
137 266
137 331
137 432
82 221
144 221
220 221
221 311
221 377
31 35
35 61
35 236
35 275
35 471
376 503
58 61
59 61
61 67
61 133
61 136
61 299
61 300
61 301
61 415
232 236
233 236
236 275
236 454
274 275
275 276
275 277
275 466
40 160
40 209
40 405
40 510
158 160
160 437
209 448
41 42
41 44
41 226
41 406
42 44
42 406
44 406
152 154
152 155
152 156
152 157
152 267
152 436
154 155
154 156
154 157
154 436
155 156
155 157
155 305
155 383
155 436
155 470
156 157
156 436
157 436
345 346
345 482
345 485
345 494
45 86
45 88
45 133
45 181
45 182
45 183
45 407
45 428
86 88
86 181
86 183
86 326
86 419
88 181
88 183
88 326
88 419
58 133
59 133
133 135
133 136
181 183
181 336
181 352
181 478
181 481
46 47
46 54
46 73
46 74
46 76
46 77
46 78
46 408
46 415
46 416
47 48
47 320
47 408
52 54
53 54
54 55
54 411
54 415
54 492
73 74
73 416
74 416
76 77
76 78
76 263
76 264
76 265
77 78
48 408
60 415
63 415
65 415
66 415
67 415
68 415
69 415
70 415
71 415
72 415
48 66
48 320
48 327
48 353
48 489
60 66
63 66
66 69
66 70
66 72
66 388
327 353
327 474
351 353
353 390
50 143
50 409
56 144
144 161
144 171
144 172
144 219
144 220
144 222
144 223
144 224
144 225
144 438
144 441
162 163
162 164
162 165
162 439
163 164
163 165
163 439
164 165
164 439
165 289
165 439
244 247
244 323
244 457
262 461
285 286
287 296
288 290
288 292
288 297
290 292
290 297
291 294
292 297
143 146
143 147
143 148
51 200
51 410
51 465
51 516
200 465
52 53
52 55
52 411
53 55
53 228
53 411
53 424
55 411
56 57
56 369
56 370
56 412
56 483
57 412
57 483
58 59
58 129
58 130
58 131
58 132
58 135
58 136
58 413
59 136
59 238
59 414
59 476
130 135
130 142
135 158
237 238
238 239
238 455
238 476
60 69
60 72
69 72
72 354
72 493
299 300
299 301
300 301
158 316
158 349
158 437
158 484
307 313
308 313
312 315
313 317
313 491
63 70
68 71
354 490
357 502
263 265
79 417
80 417
81 417
82 417
80 81
81 512
82 84
82 377
82 418
82 456
82 514
84 418
240 456
241 456
242 456
243 456
193 201
201 302
201 303
201 304
201 469
201 515
87 419
92 93
92 95
92 96
92 97
92 98
92 355
92 356
92 421
93 95
93 96
93 97
93 98
93 378
93 379
93 421
95 96
95 97
95 98
95 421
96 97
96 98
96 421
97 98
97 421
98 421
355 356
378 379
99 100
99 101
99 102
99 103
99 104
99 105
99 106
99 107
99 172
99 422
99 423
100 101
100 102
100 103
100 104
100 105
100 106
100 107
100 167
100 249
100 422
101 102
101 103
101 104
101 105
101 106
101 107
101 113
101 114
101 115
101 116
101 422
101 425
102 103
102 104
102 105
102 106
102 107
102 422
103 104
103 105
103 106
103 107
103 422
104 105
104 106
104 107
104 422
105 106
105 107
105 422
106 107
106 422
107 422
172 219
172 222
172 223
172 225
172 441
172 463
172 506
108 423
109 423
110 423
111 423
112 423
167 170
167 249
167 440
113 114
113 115
113 116
113 187
113 214
113 215
113 425
114 115
114 116
114 425
115 116
115 425
116 425
108 110
108 111
108 112
110 111
110 112
110 366
111 112
112 366
184 187
185 187
186 187
187 188
187 189
187 213
187 214
187 215
187 391
187 444
187 450
213 214
214 215
214 324
214 325
214 450
213 215
215 450
123 124
123 125
123 126
123 429
124 125
124 126
124 222
124 321
124 322
124 328
124 429
124 473
125 126
125 282
125 283
125 284
125 429
125 468
126 429
219 222
222 223
222 385
222 386
222 506
321 322
321 473
322 473
282 283
282 284
282 329
282 468
283 284
283 329
283 361
283 362
283 468
283 495
284 468
266 462
146 147
146 148
147 148
161 438
171 441
219 223
225 359
267 499
305 470
349 484
159 437
166 169
166 440
169 440
168 440
170 440
319 472
341 342
341 343
341 479
342 343
342 479
343 479
371 501
372 373
372 375
373 375
340 479
216 218
217 218
218 350
218 452
218 487
350 387
350 487
350 507
336 478
184 185
184 186
184 188
184 189
184 248
184 444
184 458
185 186
185 188
185 189
185 444
186 188
186 189
186 444
188 189
188 444
189 444
248 458
213 450
190 191
190 208
190 261
190 445
191 445
207 208
208 261
208 381
208 447
208 504
207 447
260 368
302 303
302 304
302 469
303 304
303 469
304 469
381 504
216 217
216 452
217 452
269 359
359 360
232 233
232 454
233 454
234 454
235 454
234 235
237 239
237 455
239 455
240 241
240 242
241 242
247 457
245 457
246 457
245 246
245 358
268 269
268 270
268 271
268 272
268 464
269 270
269 271
269 272
269 360
269 464
270 271
270 272
270 464
271 272
271 464
272 464
274 276
274 277
274 466
276 277
276 466
277 466
278 279
280 281
361 495
344 347
344 348
344 482
347 348
347 482
348 482
346 482
387 507
351 389
351 390
351 488
