1 6
1 13
1 18
1 27
1 28
1 36
1 39
1 41
1 45
1 51
1 52
1 63
1 66
1 67
1 70
1 71
1 72
1 73
1 79
1 80
1 82
1 83
1 85
1 86
1 87
1 88
1 90
1 99
1 100
1 102
1 103
1 104
1 105
1 108
1 109
1 112
1 113
1 114
1 115
1 117
1 118
1 121
1 123
1 134
1 150
1 151
1 154
1 157
1 158
1 159
1 161
1 163
1 164
1 166
1 169
1 171
1 176
1 181
1 188
1 189
1 190
1 191
1 192
1 193
1 197
1 204
1 205
1 223
1 226
1 230
1 236
1 240
1 252
1 254
1 258
1 259
1 260
1 263
1 270
1 275
1 276
1 277
1 279
1 280
1 284
1 301
1 339
1 343
1 347
2 6
5 6
6 7
6 8
6 9
6 13
6 14
6 16
6 18
6 22
6 24
6 27
6 28
6 29
6 30
6 33
6 34
6 35
6 36
6 37
6 38
6 39
6 40
6 41
6 42
6 43
6 51
6 52
6 53
6 54
6 58
6 59
6 62
6 63
6 65
6 66
6 67
6 70
6 71
6 72
6 77
6 78
6 79
6 80
6 88
6 90
6 91
6 93
6 94
6 95
6 97
6 98
6 99
6 100
6 101
6 102
6 103
6 104
6 105
6 106
6 111
6 124
6 125
6 140
6 141
6 142
6 144
6 147
6 149
6 150
6 151
6 153
6 154
6 155
6 156
6 157
6 160
6 162
6 163
6 164
6 165
6 166
6 167
6 169
6 170
6 171
6 174
6 176
6 178
6 181
6 183
6 186
6 188
6 189
6 192
6 193
6 195
6 197
6 198
6 200
6 204
6 210
6 216
6 219
6 220
6 221
6 223
6 224
6 225
6 226
6 230
6 233
6 236
6 237
6 242
6 245
6 248
6 249
6 250
6 251
6 253
6 254
6 257
6 266
6 267
6 270
6 271
6 275
6 276
6 277
6 279
6 280
6 285
6 299
6 300
6 301
6 302
6 303
6 308
6 309
6 311
6 312
6 315
6 317
6 318
6 320
6 321
6 324
6 325
6 326
6 327
6 331
6 332
6 333
6 337
6 339
6 340
6 342
6 344
6 345
6 346
6 347
6 348
6 349
6 357
6 364
2 13
3 13
5 13
7 13
8 13
9 13
13 14
13 16
13 18
13 21
13 22
13 24
13 27
13 28
13 29
13 30
13 31
13 33
13 34
13 35
13 36
13 37
13 38
13 39
13 40
13 41
13 42
13 43
13 51
13 52
13 53
13 54
13 58
13 59
13 60
13 62
13 63
13 65
13 66
13 67
13 70
13 71
13 72
13 77
13 78
13 79
13 80
13 88
13 90
13 91
13 93
13 94
13 95
13 97
13 98
13 99
13 100
13 101
13 102
13 103
13 104
13 105
13 106
13 111
13 124
13 125
13 140
13 141
13 142
13 144
13 147
13 149
13 150
13 151
13 153
13 154
13 155
13 156
13 157
13 160
13 162
13 163
13 164
13 165
13 166
13 167
13 169
13 170
13 171
13 174
13 176
13 178
13 181
13 183
13 186
13 188
13 189
13 192
13 193
13 195
13 197
13 198
13 200
13 204
13 210
13 216
13 219
13 220
13 221
13 223
13 224
13 225
13 226
13 230
13 233
13 236
13 237
13 242
13 245
13 248
13 249
13 250
13 251
13 253
13 254
13 257
13 266
13 267
13 270
13 271
13 275
13 276
13 277
13 279
13 280
13 285
13 299
13 300
13 301
13 302
13 303
13 308
13 309
13 311
13 312
13 315
13 317
13 318
13 320
13 321
13 322
13 324
13 325
13 326
13 327
13 331
13 332
13 333
13 337
13 339
13 340
13 342
13 344
13 345
13 346
13 347
13 348
13 349
13 357
13 364
18 22
18 27
18 28
18 36
18 39
18 41
18 51
18 52
18 62
18 66
18 70
18 71
18 72
18 73
18 76
18 82
18 83
18 85
18 86
18 87
18 88
18 90
18 99
18 100
18 103
18 107
18 108
18 109
18 112
18 113
18 114
18 115
18 117
18 118
18 121
18 123
18 134
18 150
18 151
18 154
18 157
18 158
18 159
18 160
18 161
18 163
18 164
18 166
18 169
18 170
18 171
18 176
18 177
18 181
18 188
18 189
18 190
18 191
18 192
18 193
18 197
18 204
18 205
18 223
18 226
18 230
18 236
18 240
18 241
18 244
18 252
18 253
18 254
18 255
18 256
18 258
18 259
18 260
18 263
18 270
18 271
18 275
18 276
18 277
18 279
18 280
18 282
18 284
18 301
18 343
18 347
9 27
22 27
27 28
27 31
27 36
27 39
27 41
27 51
27 52
27 62
27 66
27 70
27 71
27 72
27 73
27 76
27 82
27 83
27 85
27 86
27 87
27 88
27 90
27 99
27 100
27 103
27 107
27 108
27 109
27 112
27 113
27 114
27 115
27 117
27 118
27 121
27 123
27 134
27 150
27 151
27 157
27 158
27 159
27 160
27 161
27 163
27 164
27 166
27 169
27 170
27 171
27 177
27 181
27 188
27 189
27 190
27 191
27 192
27 193
27 197
27 204
27 205
27 223
27 240
27 241
27 244
27 252
27 253
27 254
27 255
27 256
27 258
27 259
27 260
27 263
27 270
27 271
27 275
27 276
27 277
27 279
27 280
27 282
27 284
27 301
27 343
27 347
2 28
3 28
5 28
7 28
8 28
9 28
14 28
16 28
21 28
22 28
24 28
28 29
28 30
28 31
28 33
28 34
28 35
28 36
28 37
28 38
28 39
28 40
28 41
28 42
28 43
28 51
28 52
28 53
28 54
28 58
28 59
28 60
28 62
28 63
28 65
28 66
28 67
28 70
28 71
28 72
28 77
28 78
28 79
28 80
28 88
28 90
28 91
28 93
28 94
28 95
28 97
28 98
28 99
28 100
28 101
28 102
28 103
28 104
28 105
28 106
28 111
28 124
28 125
28 140
28 141
28 142
28 144
28 147
28 149
28 150
28 151
28 153
28 154
28 155
28 156
28 157
28 160
28 162
28 163
28 164
28 165
28 166
28 167
28 169
28 170
28 171
28 174
28 176
28 178
28 181
28 183
28 186
28 188
28 189
28 192
28 193
28 195
28 197
28 200
28 204
28 210
28 216
28 219
28 220
28 223
28 224
28 225
28 226
28 230
28 233
28 236
28 237
28 242
28 245
28 248
28 249
28 250
28 251
28 253
28 254
28 257
28 266
28 267
28 270
28 271
28 275
28 276
28 277
28 279
28 280
28 285
28 299
28 300
28 301
28 302
28 303
28 308
28 309
28 311
28 312
28 315
28 317
28 318
28 320
28 321
28 322
28 324
28 325
28 326
28 327
28 331
28 332
28 333
28 337
28 339
28 342
28 344
28 345
28 346
28 347
28 348
28 349
28 357
28 364
2 36
5 36
7 36
8 36
9 36
14 36
16 36
22 36
24 36
29 36
30 36
33 36
34 36
35 36
36 37
36 38
36 39
36 40
36 41
36 42
36 43
36 51
36 52
36 53
36 54
36 59
36 62
36 63
36 65
36 66
36 67
36 70
36 71
36 72
36 77
36 78
36 79
36 80
36 88
36 90
36 93
36 94
36 95
36 97
36 98
36 99
36 100
36 101
36 102
36 103
36 104
36 105
36 106
36 111
36 124
36 125
36 140
36 142
36 144
36 147
36 149
36 150
36 151
36 153
36 154
36 155
36 156
36 157
36 160
36 162
36 163
36 164
36 165
36 166
36 167
36 169
36 170
36 171
36 174
36 176
36 178
36 181
36 183
36 186
36 188
36 189
36 192
36 193
36 195
36 197
36 200
36 204
36 210
36 216
36 219
36 220
36 223
36 224
36 225
36 226
36 233
36 236
36 237
36 242
36 245
36 248
36 249
36 250
36 251
36 253
36 254
36 257
36 266
36 267
36 270
36 271
36 275
36 276
36 277
36 280
36 285
36 299
36 300
36 301
36 302
36 303
36 308
36 309
36 311
36 312
36 315
36 317
36 318
36 320
36 321
36 324
36 325
36 326
36 327
36 331
36 332
36 333
36 337
36 339
36 342
36 344
36 345
36 346
36 347
36 348
36 349
36 357
36 364
2 39
5 39
7 39
8 39
9 39
14 39
16 39
22 39
24 39
29 39
30 39
33 39
34 39
35 39
37 39
38 39
39 40
39 41
39 42
39 43
39 51
39 52
39 53
39 54
39 58
39 59
39 62
39 63
39 65
39 66
39 67
39 70
39 71
39 72
39 77
39 78
39 79
39 80
39 88
39 90
39 91
39 93
39 94
39 95
39 97
39 98
39 99
39 100
39 101
39 102
39 103
39 104
39 105
39 106
39 111
39 124
39 125
39 140
39 141
39 142
39 144
39 147
39 149
39 150
39 151
39 153
39 154
39 155
39 156
39 157
39 160
39 162
39 163
39 164
39 165
39 166
39 167
39 169
39 170
39 171
39 174
39 176
39 178
39 181
39 183
39 186
39 188
39 189
39 192
39 193
39 195
39 197
39 198
39 200
39 204
39 210
39 216
39 219
39 220
39 221
39 223
39 224
39 225
39 226
39 230
39 233
39 236
39 237
39 242
39 245
39 248
39 249
39 250
39 251
39 253
39 254
39 257
39 266
39 267
39 270
39 271
39 275
39 276
39 277
39 279
39 280
39 285
39 299
39 300
39 301
39 302
39 303
39 308
39 309
39 311
39 312
39 315
39 317
39 318
39 320
39 321
39 324
39 325
39 326
39 327
39 331
39 332
39 333
39 337
39 339
39 340
39 342
39 344
39 345
39 346
39 347
39 348
39 349
39 357
39 364
2 41
5 41
7 41
8 41
9 41
14 41
16 41
22 41
24 41
29 41
30 41
33 41
34 41
35 41
37 41
38 41
40 41
41 42
41 43
41 51
41 52
41 53
41 54
41 58
41 59
41 62
41 63
41 65
41 66
41 67
41 70
41 71
41 72
41 77
41 78
41 79
41 80
41 88
41 90
41 91
41 93
41 94
41 95
41 97
41 98
41 99
41 100
41 101
41 102
41 103
41 104
41 105
41 106
41 111
41 124
41 125
41 140
41 141
41 142
41 144
41 147
41 149
41 150
41 151
41 153
41 154
41 155
41 156
41 157
41 160
41 162
41 163
41 164
41 165
41 166
41 167
41 169
41 170
41 171
41 174
41 176
41 178
41 181
41 183
41 186
41 188
41 189
41 192
41 193
41 195
41 197
41 198
41 200
41 204
41 210
41 216
41 219
41 220
41 221
41 223
41 224
41 225
41 226
41 230
41 233
41 236
41 237
41 242
41 245
41 248
41 249
41 250
41 251
41 253
41 254
41 257
41 266
41 267
41 270
41 271
41 275
41 276
41 277
41 279
41 280
41 285
41 299
41 300
41 301
41 302
41 303
41 308
41 309
41 311
41 312
41 315
41 317
41 318
41 320
41 321
41 324
41 325
41 326
41 327
41 331
41 332
41 333
41 337
41 339
41 340
41 342
41 344
41 345
41 346
41 347
41 348
41 349
41 357
41 364
3 45
4 45
5 45
11 45
15 45
17 45
20 45
21 45
30 45
31 45
38 45
44 45
45 46
45 47
45 48
45 49
45 50
45 58
45 60
45 63
45 64
45 68
45 78
45 79
45 91
45 96
45 97
45 98
45 100
45 102
45 104
45 111
45 116
45 124
45 126
45 127
45 129
45 132
45 138
45 139
45 141
45 145
45 152
45 162
45 168
45 174
45 181
45 184
45 185
45 186
45 188
45 194
45 198
45 201
45 202
45 207
45 208
45 211
45 212
45 214
45 215
45 221
45 229
45 230
45 237
45 246
45 247
45 257
45 273
45 274
45 279
45 283
45 287
45 288
45 289
45 290
45 293
45 298
45 307
45 319
45 322
45 333
45 336
45 338
45 340
45 350
45 352
45 353
45 359
22 51
51 52
51 62
51 66
51 70
51 71
51 72
51 73
51 76
51 79
51 80
51 82
51 83
51 85
51 86
51 87
51 88
51 90
51 93
51 99
51 100
51 103
51 104
51 105
51 107
51 108
51 109
51 112
51 113
51 114
51 115
51 117
51 118
51 121
51 123
51 134
51 150
51 151
51 157
51 158
51 159
51 160
51 161
51 163
51 164
51 166
51 169
51 170
51 171
51 177
51 181
51 188
51 189
51 190
51 191
51 192
51 193
51 197
51 204
51 205
51 223
51 240
51 241
51 244
51 252
51 253
51 254
51 255
51 256
51 258
51 259
51 260
51 263
51 270
51 271
51 275
51 276
51 277
51 280
51 282
51 284
51 301
51 339
51 343
51 347
22 52
52 62
52 66
52 70
52 71
52 72
52 73
52 76
52 82
52 83
52 85
52 86
52 87
52 88
52 90
52 93
52 99
52 100
52 103
52 105
52 107
52 108
52 109
52 112
52 113
52 114
52 115
52 117
52 118
52 121
52 123
52 134
52 150
52 151
52 157
52 158
52 159
52 160
52 161
52 163
52 164
52 166
52 169
52 170
52 171
52 177
52 181
52 188
52 189
52 190
52 191
52 192
52 193
52 197
52 204
52 205
52 223
52 240
52 241
52 244
52 252
52 253
52 254
52 255
52 256
52 258
52 259
52 260
52 263
52 270
52 271
52 275
52 276
52 277
52 280
52 282
52 284
52 301
52 343
52 347
2 63
5 63
7 63
8 63
14 63
15 63
16 63
20 63
21 63
30 63
31 63
34 63
35 63
38 63
40 63
42 63
43 63
46 63
50 63
53 63
54 63
56 63
57 63
63 64
63 66
63 67
63 71
63 72
63 80
63 91
63 94
63 100
63 102
63 106
63 109
63 111
63 112
63 121
63 126
63 133
63 135
63 137
63 143
63 145
63 146
63 152
63 154
63 155
63 156
63 168
63 176
63 181
63 183
63 188
63 190
63 191
63 192
63 194
63 197
63 205
63 210
63 216
63 223
63 224
63 225
63 226
63 230
63 233
63 236
63 261
63 265
63 269
63 279
63 290
63 301
2 66
5 66
7 66
8 66
9 66
14 66
15 66
16 66
22 66
23 66
24 66
29 66
30 66
33 66
34 66
35 66
37 66
38 66
40 66
42 66
43 66
53 66
54 66
56 66
57 66
59 66
62 66
64 66
65 66
66 67
66 70
66 71
66 72
66 73
66 76
66 77
66 78
66 79
66 80
66 82
66 83
66 85
66 86
66 88
66 90
66 93
66 94
66 95
66 97
66 98
66 99
66 100
66 101
66 102
66 103
66 104
66 105
66 106
66 107
66 108
66 109
66 111
66 112
66 117
66 118
66 121
66 123
66 124
66 125
66 126
66 133
66 135
66 137
66 140
66 142
66 143
66 144
66 145
66 146
66 147
66 149
66 150
66 151
66 153
66 154
66 155
66 156
66 157
66 158
66 159
66 160
66 161
66 162
66 163
66 164
66 165
66 166
66 167
66 169
66 170
66 171
66 174
66 175
66 176
66 177
66 178
66 181
66 183
66 186
66 188
66 189
66 190
66 191
66 192
66 193
66 195
66 197
66 200
66 204
66 205
66 210
66 216
66 219
66 220
66 223
66 224
66 225
66 226
66 227
66 228
66 233
66 236
66 237
66 240
66 241
66 242
66 244
66 245
66 248
66 249
66 250
66 251
66 252
66 253
66 254
66 257
66 259
66 260
66 261
66 263
66 265
66 266
66 267
66 269
66 270
66 271
66 275
66 276
66 277
66 280
66 282
66 285
66 299
66 300
66 301
66 302
66 303
66 308
66 309
66 311
66 312
66 315
66 317
66 318
66 320
66 321
66 324
66 325
66 326
66 327
66 331
66 332
66 333
66 337
66 339
66 342
66 343
66 344
66 345
66 346
66 347
66 348
66 349
66 357
66 364
5 67
7 67
15 67
16 67
30 67
34 67
38 67
40 67
42 67
56 67
64 67
67 71
67 72
67 80
67 102
67 106
67 109
67 111
67 126
67 133
67 135
67 143
67 145
67 146
67 154
67 155
67 176
67 183
67 188
67 190
67 192
67 197
67 210
67 216
67 223
67 224
67 225
67 226
67 233
67 236
67 261
67 265
67 269
67 301
62 70
70 71
70 72
70 73
70 76
70 79
70 80
70 82
70 83
70 85
70 86
70 87
70 88
70 90
70 93
70 99
70 100
70 103
70 104
70 105
70 108
70 109
70 112
70 113
70 114
70 115
70 117
70 118
70 121
70 123
70 134
70 150
70 151
70 157
70 158
70 159
70 161
70 163
70 164
70 166
70 169
70 171
70 181
70 188
70 189
70 190
70 191
70 192
70 193
70 197
70 204
70 205
70 223
70 236
70 240
70 241
70 244
70 252
70 253
70 254
70 255
70 256
70 258
70 259
70 260
70 263
70 270
70 275
70 276
70 277
70 280
70 284
70 301
70 339
70 343
70 347
2 71
3 71
5 71
7 71
8 71
9 71
14 71
15 71
16 71
21 71
22 71
23 71
24 71
29 71
30 71
31 71
33 71
34 71
35 71
37 71
38 71
40 71
42 71
43 71
53 71
54 71
56 71
57 71
58 71
59 71
60 71
62 71
64 71
65 71
71 72
71 73
71 76
71 77
71 78
71 79
71 80
71 82
71 83
71 85
71 86
71 88
71 90
71 91
71 93
71 94
71 95
71 97
71 98
71 99
71 100
71 101
71 102
71 103
71 104
71 105
71 106
71 107
71 108
71 109
71 111
71 112
71 117
71 118
71 121
71 123
71 124
71 125
71 126
71 133
71 135
71 137
71 140
71 141
71 142
71 143
71 144
71 145
71 146
71 147
71 149
71 150
71 151
71 153
71 154
71 155
71 156
71 157
71 158
71 159
71 160
71 161
71 162
71 163
71 164
71 165
71 166
71 167
71 168
71 169
71 170
71 171
71 174
71 175
71 176
71 177
71 178
71 181
71 183
71 186
71 188
71 189
71 190
71 191
71 192
71 193
71 194
71 195
71 197
71 200
71 204
71 205
71 210
71 216
71 219
71 220
71 223
71 224
71 225
71 226
71 227
71 228
71 230
71 233
71 236
71 237
71 240
71 241
71 242
71 244
71 245
71 248
71 249
71 250
71 251
71 252
71 253
71 254
71 257
71 259
71 260
71 261
71 263
71 265
71 266
71 267
71 269
71 270
71 271
71 275
71 276
71 277
71 279
71 280
71 282
71 285
71 290
71 299
71 300
71 301
71 302
71 303
71 308
71 309
71 311
71 312
71 315
71 317
71 318
71 320
71 321
71 322
71 324
71 325
71 326
71 327
71 331
71 332
71 333
71 335
71 337
71 339
71 342
71 343
71 344
71 345
71 346
71 347
71 348
71 349
71 357
71 364
2 72
5 72
7 72
8 72
9 72
14 72
15 72
16 72
22 72
23 72
24 72
29 72
30 72
33 72
34 72
35 72
37 72
38 72
40 72
42 72
43 72
53 72
54 72
56 72
57 72
59 72
62 72
64 72
65 72
72 73
72 76
72 77
72 78
72 79
72 80
72 82
72 83
72 85
72 86
72 87
72 88
72 90
72 93
72 94
72 95
72 97
72 98
72 99
72 100
72 101
72 102
72 103
72 104
72 105
72 106
72 107
72 108
72 109
72 111
72 112
72 113
72 114
72 115
72 117
72 118
72 121
72 123
72 124
72 125
72 126
72 133
72 134
72 135
72 137
72 140
72 142
72 143
72 144
72 145
72 146
72 147
72 149
72 150
72 151
72 153
72 154
72 155
72 156
72 157
72 158
72 159
72 160
72 161
72 162
72 163
72 164
72 165
72 166
72 167
72 169
72 170
72 171
72 174
72 175
72 176
72 177
72 178
72 181
72 183
72 186
72 188
72 189
72 190
72 191
72 192
72 193
72 195
72 197
72 200
72 204
72 205
72 210
72 216
72 219
72 220
72 223
72 224
72 225
72 226
72 227
72 228
72 233
72 236
72 237
72 240
72 241
72 242
72 244
72 245
72 248
72 249
72 250
72 251
72 252
72 253
72 254
72 255
72 256
72 257
72 259
72 260
72 261
72 263
72 265
72 266
72 267
72 269
72 270
72 271
72 275
72 276
72 277
72 280
72 282
72 284
72 285
72 299
72 300
72 301
72 302
72 303
72 308
72 309
72 311
72 312
72 315
72 317
72 318
72 320
72 321
72 324
72 325
72 326
72 327
72 331
72 332
72 333
72 337
72 339
72 342
72 343
72 344
72 345
72 346
72 347
72 348
72 349
72 357
72 364
14 73
53 73
73 80
73 82
73 83
73 85
73 86
73 87
73 88
73 90
73 99
73 100
73 103
73 108
73 112
73 114
73 115
73 117
73 118
73 121
73 123
73 134
73 150
73 151
73 154
73 156
73 157
73 159
73 161
73 163
73 164
73 166
73 169
73 171
73 176
73 181
73 188
73 189
73 191
73 192
73 193
73 204
73 205
73 223
73 226
73 236
73 240
73 252
73 254
73 258
73 260
73 263
73 270
73 275
73 276
73 277
73 280
73 343
73 347
14 79
16 79
48 79
53 79
58 79
59 79
68 79
77 79
78 79
79 80
79 88
79 90
79 91
79 93
79 94
79 95
79 97
79 98
79 100
79 101
79 103
79 104
79 105
79 106
79 124
79 141
79 142
79 149
79 151
79 154
79 155
79 156
79 162
79 164
79 165
79 167
79 171
79 174
79 176
79 181
79 183
79 186
79 188
79 192
79 195
79 197
79 198
79 200
79 210
79 212
79 216
79 221
79 223
79 224
79 225
79 226
79 230
79 233
79 236
79 237
79 242
79 245
79 251
79 257
79 267
79 279
79 283
79 285
79 288
79 293
79 301
79 302
79 303
79 308
79 311
79 312
79 315
79 317
79 321
79 325
79 327
79 332
79 333
79 339
79 340
79 345
79 346
79 348
79 349
79 357
79 364
14 80
15 80
16 80
22 80
33 80
40 80
53 80
54 80
56 80
57 80
59 80
64 80
77 80
78 80
80 82
80 83
80 85
80 86
80 88
80 90
80 93
80 94
80 95
80 97
80 98
80 99
80 100
80 101
80 102
80 103
80 104
80 105
80 106
80 117
80 118
80 121
80 123
80 124
80 125
80 126
80 133
80 135
80 137
80 142
80 143
80 144
80 145
80 146
80 147
80 149
80 151
80 154
80 155
80 156
80 158
80 159
80 161
80 162
80 164
80 165
80 167
80 170
80 171
80 174
80 176
80 177
80 181
80 183
80 186
80 188
80 192
80 195
80 197
80 200
80 210
80 216
80 219
80 223
80 224
80 225
80 226
80 233
80 236
80 237
80 242
80 245
80 251
80 257
80 259
80 261
80 265
80 267
80 269
80 285
80 301
80 302
80 303
80 308
80 311
80 312
80 315
80 317
80 321
80 324
80 325
80 327
80 331
80 332
80 333
80 337
80 339
80 343
80 345
80 346
80 347
80 348
80 349
80 357
80 364
22 82
62 82
76 82
82 83
82 85
82 86
82 87
82 88
82 90
82 99
82 100
82 103
82 107
82 108
82 109
82 112
82 113
82 114
82 115
82 117
82 118
82 121
82 123
82 134
82 150
82 151
82 154
82 155
82 157
82 158
82 159
82 160
82 161
82 163
82 164
82 166
82 169
82 170
82 171
82 176
82 177
82 181
82 188
82 189
82 190
82 191
82 192
82 193
82 204
82 205
82 223
82 226
82 236
82 240
82 241
82 244
82 252
82 253
82 254
82 255
82 256
82 258
82 259
82 260
82 263
82 270
82 271
82 275
82 276
82 277
82 280
82 282
82 284
82 343
82 347
14 83
53 83
62 83
83 85
83 86
83 87
83 88
83 90
83 99
83 100
83 103
83 108
83 112
83 113
83 114
83 115
83 117
83 118
83 121
83 123
83 134
83 150
83 151
83 154
83 156
83 157
83 159
83 161
83 163
83 164
83 166
83 169
83 171
83 176
83 181
83 188
83 189
83 191
83 192
83 193
83 204
83 205
83 223
83 226
83 236
83 240
83 252
83 253
83 254
83 255
83 258
83 260
83 263
83 270
83 275
83 276
83 277
83 280
83 343
83 347
14 85
24 85
53 85
62 85
76 85
85 86
85 87
85 88
85 90
85 99
85 100
85 103
85 108
85 112
85 114
85 115
85 117
85 118
85 121
85 123
85 134
85 150
85 151
85 154
85 156
85 157
85 159
85 161
85 163
85 164
85 166
85 169
85 171
85 176
85 181
85 188
85 189
85 191
85 192
85 193
85 204
85 205
85 223
85 226
85 236
85 240
85 241
85 244
85 252
85 253
85 254
85 256
85 258
85 260
85 263
85 270
85 275
85 276
85 277
85 280
85 343
85 347
62 86
76 86
86 87
86 88
86 90
86 99
86 100
86 103
86 107
86 108
86 112
86 114
86 115
86 117
86 118
86 121
86 123
86 134
86 150
86 151
86 157
86 159
86 160
86 161
86 163
86 164
86 166
86 169
86 171
86 181
86 188
86 189
86 191
86 192
86 193
86 204
86 205
86 223
86 240
86 241
86 244
86 252
86 253
86 254
86 256
86 258
86 260
86 263
86 270
86 271
86 275
86 276
86 277
86 280
86 343
86 347
53 87
62 87
87 88
87 90
87 99
87 100
87 103
87 105
87 108
87 112
87 113
87 115
87 117
87 118
87 121
87 123
87 134
87 150
87 151
87 157
87 159
87 163
87 164
87 166
87 169
87 171
87 181
87 188
87 189
87 191
87 193
87 204
87 205
87 223
87 236
87 240
87 252
87 253
87 254
87 255
87 258
87 260
87 263
87 270
87 275
87 276
87 277
87 280
87 343
87 347
88 90
88 99
88 100
88 103
88 104
88 105
88 108
88 109
88 112
88 113
88 114
88 115
88 117
88 118
88 121
88 123
88 134
88 150
88 151
88 157
88 158
88 159
88 161
88 163
88 164
88 166
88 169
88 171
88 181
88 188
88 189
88 190
88 191
88 192
88 193
88 197
88 204
88 205
88 223
88 240
88 252
88 254
88 258
88 260
88 263
88 270
88 275
88 276
88 277
88 280
88 284
88 301
88 339
88 343
88 347
22 90
62 90
76 90
90 93
90 99
90 100
90 103
90 104
90 105
90 107
90 108
90 109
90 112
90 113
90 114
90 115
90 117
90 118
90 121
90 123
90 134
90 150
90 151
90 154
90 155
90 157
90 158
90 159
90 160
90 161
90 163
90 164
90 166
90 169
90 170
90 171
90 176
90 177
90 181
90 188
90 189
90 190
90 191
90 192
90 193
90 197
90 204
90 205
90 223
90 226
90 236
90 240
90 241
90 244
90 252
90 253
90 254
90 255
90 256
90 258
90 259
90 260
90 263
90 270
90 271
90 275
90 276
90 277
90 280
90 282
90 284
90 301
90 339
90 343
90 347
22 99
33 99
62 99
76 99
99 100
99 103
99 107
99 108
99 109
99 112
99 113
99 114
99 115
99 117
99 118
99 121
99 123
99 134
99 150
99 151
99 154
99 157
99 158
99 159
99 160
99 161
99 163
99 164
99 166
99 169
99 170
99 171
99 176
99 177
99 181
99 188
99 189
99 190
99 191
99 192
99 193
99 197
99 204
99 205
99 223
99 226
99 230
99 236
99 240
99 241
99 244
99 252
99 253
99 254
99 255
99 256
99 258
99 259
99 260
99 263
99 270
99 271
99 275
99 276
99 277
99 279
99 280
99 282
99 284
99 301
99 343
99 347
53 100
54 100
100 102
100 103
100 104
100 105
100 108
100 109
100 112
100 113
100 114
100 115
100 117
100 118
100 121
100 123
100 134
100 150
100 151
100 154
100 157
100 158
100 159
100 161
100 163
100 164
100 166
100 169
100 171
100 176
100 181
100 188
100 189
100 190
100 191
100 192
100 193
100 197
100 204
100 205
100 223
100 226
100 230
100 236
100 240
100 252
100 254
100 258
100 260
100 263
100 270
100 275
100 276
100 277
100 279
100 280
100 284
100 301
100 339
100 343
100 347
2 102
5 102
7 102
8 102
14 102
15 102
16 102
20 102
21 102
30 102
31 102
34 102
35 102
38 102
40 102
43 102
46 102
50 102
53 102
54 102
56 102
57 102
64 102
91 102
94 102
102 106
102 109
102 111
102 112
102 121
102 126
102 133
102 135
102 137
102 143
102 145
102 146
102 152
102 154
102 156
102 168
102 176
102 181
102 183
102 188
102 190
102 191
102 192
102 194
102 197
102 205
102 210
102 216
102 223
102 224
102 225
102 226
102 230
102 233
102 236
102 261
102 265
102 269
102 279
102 290
102 301
62 103
76 103
93 103
103 104
103 105
103 108
103 109
103 112
103 113
103 114
103 115
103 117
103 118
103 121
103 123
103 134
103 150
103 151
103 157
103 158
103 159
103 161
103 163
103 164
103 166
103 169
103 171
103 181
103 188
103 189
103 190
103 191
103 192
103 193
103 197
103 204
103 205
103 223
103 240
103 241
103 244
103 252
103 253
103 254
103 255
103 256
103 258
103 260
103 263
103 270
103 275
103 276
103 277
103 280
103 284
103 301
103 339
103 343
103 347
14 104
16 104
48 104
53 104
58 104
59 104
68 104
77 104
78 104
91 104
93 104
94 104
95 104
97 104
98 104
101 104
104 105
104 106
104 124
104 141
104 142
104 149
104 151
104 154
104 155
104 156
104 162
104 164
104 165
104 167
104 171
104 174
104 176
104 181
104 183
104 186
104 188
104 192
104 195
104 197
104 198
104 200
104 210
104 212
104 216
104 221
104 223
104 224
104 225
104 226
104 230
104 233
104 236
104 237
104 242
104 245
104 251
104 257
104 267
104 279
104 283
104 285
104 288
104 293
104 301
104 302
104 303
104 308
104 311
104 312
104 315
104 317
104 321
104 325
104 327
104 332
104 333
104 339
104 340
104 345
104 346
104 348
104 349
104 357
104 364
14 105
16 105
24 105
53 105
59 105
62 105
77 105
78 105
93 105
94 105
95 105
97 105
98 105
101 105
105 106
105 124
105 142
105 149
105 151
105 154
105 155
105 156
105 162
105 164
105 165
105 167
105 171
105 174
105 176
105 178
105 181
105 183
105 186
105 188
105 192
105 195
105 197
105 200
105 204
105 205
105 210
105 216
105 223
105 224
105 225
105 226
105 233
105 236
105 237
105 242
105 245
105 248
105 249
105 250
105 251
105 253
105 257
105 267
105 285
105 301
105 302
105 303
105 308
105 311
105 312
105 315
105 317
105 321
105 325
105 327
105 332
105 333
105 339
105 345
105 346
105 348
105 349
105 357
105 364
22 108
62 108
76 108
107 108
108 109
108 112
108 113
108 114
108 115
108 117
108 118
108 121
108 123
108 134
108 150
108 151
108 154
108 157
108 158
108 159
108 160
108 161
108 163
108 164
108 166
108 169
108 170
108 171
108 176
108 177
108 181
108 188
108 189
108 190
108 191
108 192
108 193
108 204
108 205
108 223
108 226
108 236
108 240
108 241
108 244
108 252
108 253
108 254
108 255
108 256
108 258
108 259
108 260
108 263
108 270
108 271
108 275
108 276
108 277
108 280
108 282
108 284
108 343
108 347
109 113
109 117
109 118
109 150
109 151
109 154
109 157
109 158
109 163
109 164
109 166
109 169
109 171
109 176
109 181
109 188
109 189
109 190
109 192
109 193
109 204
109 223
109 226
109 236
109 240
109 252
109 254
109 258
109 259
109 260
109 263
109 270
109 275
109 276
109 277
109 280
109 284
109 343
109 347
53 112
54 112
112 114
112 115
112 117
112 118
112 121
112 123
112 134
112 150
112 151
112 154
112 157
112 159
112 161
112 163
112 164
112 166
112 169
112 171
112 176
112 181
112 188
112 189
112 191
112 192
112 193
112 204
112 205
112 223
112 226
112 236
112 240
112 252
112 254
112 258
112 260
112 263
112 270
112 275
112 276
112 277
112 280
112 343
112 347
62 113
113 114
113 117
113 118
113 150
113 151
113 157
113 158
113 163
113 164
113 166
113 169
113 171
113 181
113 188
113 189
113 190
113 193
113 204
113 205
113 223
113 236
113 240
113 252
113 253
113 254
113 255
113 258
113 259
113 260
113 263
113 270
113 275
113 276
113 277
113 280
113 284
113 343
113 347
53 114
62 114
114 115
114 117
114 118
114 121
114 123
114 134
114 150
114 151
114 157
114 159
114 163
114 164
114 166
114 169
114 171
114 181
114 188
114 189
114 191
114 193
114 204
114 205
114 223
114 236
114 240
114 252
114 253
114 254
114 255
114 258
114 260
114 263
114 270
114 275
114 276
114 277
114 280
114 343
114 347
62 115
76 115
115 117
115 118
115 121
115 123
115 134
115 150
115 151
115 157
115 159
115 161
115 163
115 164
115 166
115 169
115 171
115 181
115 188
115 189
115 191
115 193
115 204
115 205
115 223
115 240
115 241
115 244
115 252
115 253
115 254
115 256
115 258
115 260
115 263
115 270
115 275
115 276
115 277
115 280
115 343
115 347
22 117
62 117
76 117
107 117
117 118
117 121
117 123
117 134
117 150
117 151
117 154
117 155
117 157
117 158
117 159
117 160
117 161
117 163
117 164
117 166
117 169
117 170
117 171
117 176
117 177
117 181
117 188
117 189
117 190
117 191
117 192
117 193
117 204
117 205
117 223
117 226
117 236
117 240
117 241
117 244
117 252
117 253
117 254
117 255
117 256
117 258
117 259
117 260
117 263
117 270
117 271
117 275
117 276
117 277
117 280
117 282
117 284
117 343
117 347
22 118
62 118
76 118
107 118
118 121
118 123
118 134
118 150
118 151
118 154
118 155
118 157
118 158
118 159
118 160
118 161
118 163
118 164
118 166
118 169
118 170
118 171
118 176
118 177
118 181
118 188
118 189
118 190
118 191
118 192
118 193
118 204
118 205
118 223
118 226
118 236
118 240
118 241
118 244
118 252
118 253
118 254
118 255
118 256
118 258
118 259
118 260
118 263
118 270
118 271
118 275
118 276
118 277
118 280
118 282
118 284
118 343
118 347
14 121
53 121
54 121
121 123
121 134
121 150
121 151
121 154
121 156
121 157
121 159
121 161
121 163
121 164
121 166
121 169
121 171
121 176
121 181
121 188
121 189
121 191
121 192
121 193
121 204
121 205
121 223
121 226
121 236
121 240
121 252
121 254
121 258
121 260
121 263
121 270
121 275
121 276
121 277
121 280
121 343
121 347
14 123
24 123
53 123
62 123
76 123
123 134
123 150
123 151
123 154
123 156
123 157
123 159
123 161
123 163
123 164
123 166
123 169
123 171
123 176
123 181
123 188
123 189
123 191
123 192
123 193
123 204
123 205
123 223
123 226
123 236
123 240
123 241
123 244
123 252
123 253
123 254
123 256
123 258
123 260
123 263
123 270
123 275
123 276
123 277
123 280
123 343
123 347
134 150
134 151
134 157
134 159
134 161
134 163
134 164
134 166
134 169
134 171
134 181
134 188
134 189
134 191
134 193
134 204
134 205
134 240
134 252
134 254
134 258
134 260
134 263
134 270
134 275
134 276
134 277
134 280
134 343
134 347
9 150
22 150
31 150
62 150
76 150
107 150
150 151
150 157
150 158
150 159
150 160
150 161
150 163
150 164
150 166
150 169
150 170
150 171
150 177
150 181
150 188
150 189
150 190
150 191
150 192
150 193
150 197
150 204
150 205
150 223
150 240
150 241
150 244
150 252
150 253
150 254
150 255
150 256
150 258
150 259
150 260
150 263
150 270
150 271
150 275
150 276
150 277
150 279
150 280
150 282
150 284
150 301
150 343
150 347
22 151
107 151
151 157
151 158
151 159
151 160
151 161
151 163
151 164
151 166
151 169
151 170
151 171
151 177
151 181
151 188
151 189
151 190
151 191
151 192
151 193
151 197
151 204
151 205
151 223
151 240
151 244
151 252
151 254
151 258
151 259
151 260
151 263
151 270
151 271
151 275
151 276
151 277
151 280
151 282
151 284
151 301
151 339
151 343
151 347
2 154
5 154
7 154
8 154
9 154
14 154
15 154
16 154
21 154
23 154
24 154
29 154
30 154
31 154
33 154
34 154
35 154
37 154
38 154
40 154
42 154
43 154
53 154
54 154
56 154
57 154
64 154
76 154
91 154
93 154
94 154
95 154
97 154
98 154
106 154
111 154
125 154
126 154
133 154
135 154
137 154
140 154
142 154
143 154
144 154
145 154
146 154
147 154
149 154
153 154
154 155
154 156
154 157
154 158
154 159
154 163
154 164
154 165
154 168
154 174
154 175
154 176
154 178
154 181
154 183
154 186
154 188
154 189
154 190
154 191
154 192
154 193
154 194
154 195
154 197
154 204
154 205
154 210
154 216
154 219
154 220
154 223
154 224
154 225
154 226
154 227
154 228
154 230
154 233
154 236
154 240
154 241
154 245
154 248
154 250
154 252
154 254
154 259
154 260
154 261
154 263
154 265
154 266
154 269
154 270
154 279
154 290
154 301
154 337
154 339
154 343
154 344
154 347
22 157
62 157
76 157
107 157
157 158
157 159
157 160
157 161
157 163
157 164
157 166
157 169
157 170
157 171
157 176
157 177
157 181
157 188
157 189
157 190
157 191
157 192
157 193
157 197
157 204
157 205
157 223
157 226
157 230
157 236
157 240
157 241
157 244
157 252
157 253
157 254
157 255
157 256
157 258
157 259
157 260
157 263
157 270
157 271
157 275
157 276
157 277
157 279
157 280
157 282
157 284
157 301
157 343
157 347
22 158
155 158
158 163
158 164
158 166
158 169
158 170
158 171
158 176
158 177
158 181
158 188
158 189
158 190
158 192
158 193
158 204
158 223
158 226
158 236
158 240
158 252
158 254
158 258
158 259
158 260
158 263
158 270
158 275
158 276
158 277
158 280
158 282
158 284
158 343
158 347
14 159
53 159
156 159
159 161
159 163
159 164
159 166
159 169
159 171
159 176
159 181
159 188
159 189
159 191
159 192
159 193
159 204
159 205
159 223
159 226
159 236
159 240
159 252
159 254
159 258
159 260
159 263
159 270
159 275
159 276
159 277
159 280
159 343
159 347
107 161
160 161
161 163
161 164
161 166
161 169
161 171
161 181
161 188
161 189
161 191
161 192
161 193
161 204
161 205
161 223
161 240
161 244
161 252
161 254
161 258
161 260
161 263
161 270
161 271
161 275
161 276
161 277
161 280
161 343
161 347
22 163
31 163
62 163
76 163
107 163
160 163
163 164
163 166
163 169
163 170
163 171
163 176
163 177
163 181
163 188
163 189
163 190
163 191
163 192
163 193
163 197
163 204
163 205
163 223
163 226
163 230
163 236
163 240
163 241
163 244
163 252
163 253
163 254
163 255
163 256
163 258
163 259
163 260
163 263
163 270
163 271
163 275
163 276
163 277
163 279
163 280
163 282
163 284
163 301
163 343
163 347
22 164
155 164
164 166
164 169
164 170
164 171
164 176
164 177
164 181
164 188
164 189
164 190
164 191
164 192
164 193
164 197
164 204
164 205
164 223
164 226
164 236
164 240
164 252
164 254
164 258
164 259
164 260
164 263
164 270
164 275
164 276
164 277
164 280
164 282
164 284
164 301
164 339
164 343
164 347
22 166
31 166
62 166
76 166
107 166
160 166
166 169
166 170
166 171
166 177
166 181
166 188
166 189
166 190
166 191
166 192
166 193
166 197
166 204
166 205
166 223
166 240
166 241
166 244
166 252
166 253
166 254
166 255
166 256
166 258
166 259
166 260
166 263
166 270
166 271
166 275
166 276
166 277
166 279
166 280
166 282
166 284
166 301
166 343
166 347
22 169
31 169
62 169
76 169
107 169
160 169
169 170
169 171
169 177
169 181
169 188
169 189
169 190
169 191
169 192
169 193
169 197
169 204
169 205
169 223
169 240
169 241
169 244
169 252
169 253
169 254
169 255
169 256
169 258
169 259
169 260
169 263
169 270
169 271
169 275
169 276
169 277
169 279
169 280
169 282
169 284
169 301
169 343
169 347
171 181
171 188
171 189
171 190
171 191
171 192
171 193
171 197
171 204
171 205
171 223
171 240
171 252
171 254
171 258
171 259
171 260
171 263
171 270
171 275
171 276
171 277
171 280
171 284
171 301
171 339
171 343
171 347
2 176
5 176
7 176
8 176
9 176
14 176
15 176
16 176
21 176
23 176
24 176
29 176
30 176
31 176
33 176
34 176
35 176
37 176
38 176
40 176
42 176
43 176
53 176
54 176
56 176
57 176
64 176
76 176
91 176
93 176
94 176
95 176
97 176
98 176
106 176
111 176
125 176
126 176
133 176
135 176
137 176
140 176
142 176
143 176
144 176
145 176
146 176
147 176
149 176
153 176
155 176
156 176
165 176
168 176
174 176
175 176
176 178
176 181
176 183
176 186
176 188
176 189
176 190
176 191
176 192
176 193
176 194
176 195
176 197
176 204
176 205
176 210
176 216
176 219
176 220
176 223
176 224
176 225
176 226
176 227
176 228
176 230
176 233
176 236
176 240
176 241
176 245
176 248
176 250
176 252
176 254
176 259
176 260
176 261
176 263
176 265
176 266
176 269
176 270
176 279
176 290
176 301
176 337
176 339
176 343
176 344
176 347
53 181
54 181
181 188
181 189
181 190
181 191
181 192
181 193
181 197
181 204
181 205
181 223
181 226
181 230
181 236
181 240
181 252
181 254
181 258
181 260
181 263
181 270
181 275
181 276
181 277
181 279
181 280
181 284
181 301
181 339
181 343
181 347
188 189
188 190
188 191
188 192
188 193
188 197
188 204
188 205
188 223
188 226
188 230
188 236
188 240
188 252
188 254
188 258
188 259
188 260
188 263
188 270
188 275
188 276
188 277
188 279
188 280
188 284
188 301
188 339
188 343
188 347
22 189
62 189
76 189
107 189
160 189
170 189
177 189
189 190
189 191
189 192
189 193
189 197
189 204
189 205
189 223
189 226
189 236
189 240
189 241
189 244
189 252
189 253
189 254
189 255
189 256
189 258
189 259
189 260
189 263
189 270
189 271
189 275
189 276
189 277
189 280
189 282
189 284
189 301
189 343
189 347
190 192
190 193
190 204
190 223
190 226
190 236
190 240
190 252
190 254
190 258
190 259
190 260
190 263
190 270
190 275
190 276
190 277
190 280
190 284
190 343
190 347
53 191
54 191
191 192
191 193
191 204
191 205
191 223
191 226
191 236
191 240
191 252
191 254
191 258
191 260
191 263
191 270
191 275
191 276
191 277
191 280
191 343
191 347
2 192
3 192
5 192
7 192
8 192
9 192
14 192
15 192
16 192
21 192
22 192
23 192
24 192
29 192
30 192
31 192
33 192
34 192
35 192
37 192
38 192
40 192
42 192
43 192
53 192
54 192
56 192
57 192
58 192
59 192
60 192
62 192
64 192
65 192
76 192
77 192
78 192
91 192
93 192
94 192
95 192
97 192
98 192
101 192
106 192
107 192
111 192
124 192
125 192
126 192
133 192
135 192
137 192
140 192
141 192
142 192
143 192
144 192
145 192
146 192
147 192
149 192
153 192
155 192
156 192
160 192
162 192
165 192
167 192
168 192
170 192
174 192
175 192
177 192
178 192
183 192
186 192
192 193
192 194
192 195
192 197
192 200
192 204
192 205
192 210
192 216
192 219
192 220
192 223
192 224
192 225
192 226
192 227
192 228
192 230
192 233
192 236
192 237
192 240
192 241
192 242
192 244
192 245
192 248
192 249
192 250
192 251
192 252
192 253
192 254
192 257
192 259
192 260
192 261
192 263
192 265
192 266
192 267
192 269
192 270
192 271
192 275
192 276
192 277
192 279
192 280
192 282
192 285
192 290
192 299
192 300
192 301
192 302
192 303
192 308
192 309
192 311
192 312
192 315
192 317
192 318
192 320
192 321
192 322
192 324
192 325
192 326
192 327
192 331
192 332
192 333
192 335
192 337
192 339
192 342
192 343
192 344
192 345
192 346
192 347
192 348
192 349
192 357
192 364
22 193
31 193
62 193
76 193
107 193
160 193
170 193
177 193
193 197
193 204
193 205
193 223
193 226
193 230
193 236
193 240
193 241
193 244
193 252
193 253
193 254
193 255
193 256
193 258
193 259
193 260
193 263
193 270
193 271
193 275
193 276
193 277
193 279
193 280
193 282
193 284
193 301
193 343
193 347
2 197
3 197
5 197
7 197
8 197
9 197
14 197
16 197
21 197
22 197
24 197
29 197
30 197
31 197
33 197
34 197
35 197
37 197
38 197
40 197
42 197
43 197
53 197
54 197
58 197
59 197
60 197
62 197
65 197
77 197
78 197
91 197
93 197
94 197
95 197
97 197
98 197
101 197
106 197
111 197
124 197
125 197
140 197
141 197
142 197
144 197
147 197
149 197
153 197
155 197
156 197
160 197
162 197
165 197
167 197
170 197
174 197
178 197
183 197
186 197
195 197
197 200
197 204
197 210
197 216
197 219
197 220
197 223
197 224
197 225
197 226
197 230
197 233
197 236
197 237
197 242
197 245
197 248
197 249
197 250
197 251
197 253
197 254
197 257
197 266
197 267
197 270
197 271
197 275
197 276
197 277
197 279
197 280
197 285
197 299
197 300
197 301
197 302
197 303
197 308
197 309
197 311
197 312
197 315
197 317
197 318
197 320
197 321
197 322
197 324
197 325
197 326
197 327
197 331
197 332
197 333
197 337
197 339
197 342
197 344
197 345
197 346
197 347
197 348
197 349
197 357
197 364
22 204
62 204
76 204
93 204
107 204
160 204
170 204
177 204
204 205
204 223
204 226
204 236
204 240
204 241
204 244
204 252
204 253
204 254
204 255
204 256
204 258
204 259
204 260
204 263
204 270
204 271
204 275
204 276
204 277
204 280
204 282
204 284
204 301
204 343
204 347
53 205
54 205
62 205
205 223
205 226
205 236
205 240
205 252
205 253
205 254
205 255
205 258
205 260
205 263
205 270
205 275
205 276
205 277
205 280
205 343
205 347
2 223
5 223
7 223
8 223
9 223
14 223
15 223
16 223
22 223
23 223
24 223
29 223
30 223
33 223
34 223
35 223
37 223
38 223
40 223
42 223
43 223
53 223
54 223
56 223
57 223
59 223
62 223
64 223
65 223
76 223
77 223
78 223
93 223
94 223
95 223
97 223
98 223
101 223
106 223
107 223
111 223
124 223
125 223
126 223
133 223
135 223
137 223
140 223
142 223
143 223
144 223
145 223
146 223
147 223
149 223
153 223
155 223
156 223
160 223
162 223
165 223
167 223
170 223
174 223
175 223
177 223
178 223
183 223
186 223
195 223
200 223
210 223
216 223
219 223
220 223
223 224
223 225
223 226
223 227
223 228
223 233
223 236
223 237
223 240
223 241
223 242
223 244
223 245
223 248
223 249
223 250
223 251
223 252
223 253
223 254
223 255
223 256
223 257
223 259
223 260
223 261
223 263
223 265
223 266
223 267
223 269
223 270
223 271
223 275
223 276
223 277
223 280
223 282
223 284
223 285
223 299
223 300
223 301
223 302
223 303
223 308
223 309
223 311
223 312
223 315
223 317
223 318
223 320
223 321
223 324
223 325
223 326
223 327
223 331
223 332
223 333
223 337
223 339
223 342
223 343
223 344
223 345
223 346
223 347
223 348
223 349
223 357
223 364
2 226
5 226
7 226
8 226
9 226
14 226
15 226
16 226
23 226
24 226
29 226
30 226
33 226
34 226
35 226
37 226
38 226
40 226
42 226
43 226
53 226
54 226
56 226
57 226
64 226
76 226
93 226
94 226
95 226
97 226
98 226
106 226
111 226
125 226
126 226
133 226
135 226
137 226
140 226
142 226
143 226
144 226
145 226
146 226
147 226
149 226
153 226
155 226
156 226
165 226
174 226
175 226
178 226
183 226
186 226
195 226
210 226
216 226
219 226
220 226
224 226
225 226
226 227
226 228
226 233
226 236
226 240
226 241
226 245
226 248
226 250
226 252
226 254
226 259
226 260
226 261
226 263
226 265
226 266
226 269
226 270
226 301
226 337
226 339
226 343
226 344
226 347
3 230
4 230
5 230
7 230
8 230
11 230
15 230
16 230
17 230
20 230
21 230
23 230
25 230
29 230
30 230
31 230
32 230
38 230
40 230
42 230
43 230
44 230
46 230
47 230
48 230
49 230
50 230
55 230
58 230
60 230
64 230
68 230
78 230
84 230
91 230
92 230
96 230
97 230
98 230
106 230
111 230
116 230
124 230
125 230
126 230
127 230
128 230
129 230
131 230
132 230
133 230
138 230
139 230
140 230
141 230
143 230
144 230
145 230
146 230
152 230
153 230
162 230
168 230
172 230
173 230
174 230
175 230
179 230
182 230
183 230
185 230
186 230
194 230
196 230
198 230
200 230
207 230
208 230
210 230
211 230
212 230
213 230
214 230
215 230
216 230
221 230
222 230
225 230
229 230
230 231
230 232
230 233
230 237
230 238
230 246
230 251
230 254
230 257
230 265
230 267
230 269
230 270
230 274
230 279
230 281
230 283
230 288
230 289
230 290
230 291
230 292
230 293
230 297
230 299
230 301
230 302
230 303
230 304
230 305
230 307
230 312
230 314
230 316
230 319
230 322
230 325
230 326
230 333
230 335
230 336
230 338
230 340
230 341
230 344
230 346
230 347
230 350
230 351
230 352
230 355
230 359
230 362
2 236
5 236
7 236
8 236
9 236
14 236
15 236
16 236
23 236
24 236
29 236
30 236
33 236
34 236
35 236
37 236
38 236
40 236
42 236
43 236
53 236
54 236
56 236
57 236
64 236
76 236
93 236
94 236
95 236
97 236
98 236
106 236
111 236
125 236
126 236
133 236
135 236
137 236
140 236
142 236
143 236
144 236
145 236
146 236
147 236
149 236
153 236
155 236
156 236
165 236
174 236
175 236
178 236
183 236
186 236
195 236
210 236
216 236
219 236
220 236
224 236
225 236
227 236
228 236
233 236
236 240
236 241
236 245
236 248
236 250
236 252
236 253
236 254
236 255
236 259
236 260
236 261
236 263
236 265
236 266
236 269
236 270
236 301
236 337
236 339
236 343
236 344
236 347
22 240
62 240
76 240
107 240
160 240
170 240
177 240
240 241
240 244
240 252
240 253
240 254
240 255
240 256
240 258
240 259
240 260
240 263
240 270
240 271
240 275
240 276
240 277
240 280
240 282
240 284
240 343
240 347
22 252
62 252
76 252
107 252
160 252
170 252
177 252
241 252
244 252
252 253
252 254
252 255
252 256
252 258
252 259
252 260
252 263
252 270
252 271
252 275
252 276
252 277
252 280
252 282
252 284
252 343
252 347
22 254
62 254
76 254
107 254
160 254
170 254
177 254
241 254
244 254
253 254
254 255
254 256
254 258
254 259
254 260
254 263
254 270
254 271
254 275
254 276
254 277
254 279
254 280
254 282
254 284
254 301
254 343
254 347
22 258
62 258
76 258
107 258
160 258
170 258
177 258
241 258
244 258
253 258
255 258
256 258
258 259
258 260
258 263
258 270
258 271
258 275
258 276
258 277
258 280
258 282
258 284
258 343
258 347
22 259
155 259
170 259
177 259
259 260
259 263
259 270
259 275
259 276
259 277
259 280
259 282
259 284
259 343
259 347
22 260
62 260
76 260
107 260
160 260
170 260
177 260
241 260
244 260
253 260
255 260
256 260
260 263
260 270
260 271
260 275
260 276
260 277
260 280
260 282
260 284
260 343
260 347
22 263
62 263
76 263
107 263
160 263
170 263
177 263
241 263
244 263
253 263
255 263
256 263
263 270
263 271
263 275
263 276
263 277
263 280
263 282
263 284
263 343
263 347
22 270
62 270
76 270
107 270
160 270
170 270
177 270
241 270
244 270
253 270
255 270
256 270
270 271
270 275
270 276
270 277
270 279
270 280
270 282
270 284
270 301
270 343
270 347
22 275
62 275
76 275
107 275
160 275
170 275
177 275
241 275
244 275
253 275
255 275
256 275
271 275
275 276
275 277
275 280
275 282
275 284
275 301
275 343
275 347
22 276
62 276
76 276
107 276
160 276
170 276
177 276
241 276
244 276
253 276
255 276
256 276
271 276
276 277
276 280
276 282
276 284
276 301
276 343
276 347
22 277
31 277
62 277
76 277
107 277
160 277
170 277
177 277
241 277
244 277
253 277
255 277
256 277
271 277
277 279
277 280
277 282
277 284
277 301
277 343
277 347
2 279
3 279
4 279
5 279
7 279
8 279
9 279
11 279
15 279
16 279
17 279
20 279
21 279
22 279
23 279
25 279
29 279
30 279
31 279
32 279
33 279
38 279
40 279
42 279
43 279
44 279
46 279
47 279
48 279
49 279
50 279
55 279
58 279
60 279
64 279
65 279
68 279
78 279
84 279
91 279
92 279
96 279
97 279
98 279
101 279
106 279
111 279
116 279
124 279
125 279
126 279
127 279
128 279
129 279
131 279
132 279
133 279
138 279
139 279
140 279
141 279
143 279
144 279
145 279
146 279
152 279
153 279
160 279
162 279
168 279
170 279
172 279
173 279
174 279
175 279
179 279
182 279
183 279
185 279
186 279
194 279
196 279
198 279
200 279
207 279
208 279
210 279
211 279
212 279
213 279
214 279
215 279
216 279
219 279
220 279
221 279
222 279
225 279
229 279
231 279
232 279
233 279
237 279
238 279
239 279
243 279
246 279
251 279
257 279
262 279
265 279
267 279
269 279
271 279
274 279
279 281
279 283
279 288
279 289
279 290
279 291
279 292
279 293
279 295
279 296
279 297
279 299
279 300
279 301
279 302
279 303
279 304
279 305
279 307
279 308
279 309
279 310
279 312
279 314
279 315
279 316
279 319
279 322
279 323
279 324
279 325
279 326
279 327
279 331
279 332
279 333
279 335
279 336
279 337
279 338
279 340
279 341
279 342
279 344
279 345
279 346
279 347
279 349
279 350
279 351
279 352
279 354
279 355
279 356
279 359
279 362
279 364
22 280
62 280
76 280
107 280
160 280
170 280
177 280
241 280
244 280
253 280
255 280
256 280
271 280
280 282
280 284
280 301
280 343
280 347
284 343
284 347
2 301
3 301
5 301
7 301
8 301
9 301
14 301
16 301
21 301
22 301
24 301
29 301
30 301
31 301
33 301
34 301
35 301
37 301
38 301
40 301
42 301
43 301
53 301
54 301
58 301
59 301
60 301
62 301
65 301
77 301
78 301
91 301
93 301
94 301
95 301
97 301
98 301
101 301
106 301
111 301
124 301
125 301
140 301
141 301
142 301
144 301
147 301
149 301
153 301
155 301
156 301
160 301
162 301
165 301
167 301
170 301
174 301
178 301
183 301
186 301
195 301
200 301
210 301
216 301
219 301
220 301
224 301
225 301
233 301
237 301
242 301
245 301
248 301
249 301
250 301
251 301
253 301
257 301
266 301
267 301
271 301
285 301
299 301
300 301
301 302
301 303
301 308
301 309
301 311
301 312
301 315
301 317
301 318
301 320
301 321
301 322
301 324
301 325
301 326
301 327
301 331
301 332
301 333
301 337
301 339
301 342
301 344
301 345
301 346
301 347
301 348
301 349
301 357
301 364
14 339
16 339
53 339
59 339
77 339
78 339
93 339
94 339
95 339
97 339
98 339
101 339
106 339
124 339
142 339
149 339
155 339
156 339
162 339
165 339
167 339
174 339
183 339
186 339
195 339
200 339
210 339
216 339
224 339
225 339
233 339
237 339
242 339
245 339
251 339
257 339
267 339
285 339
302 339
303 339
308 339
311 339
312 339
315 339
317 339
321 339
325 339
327 339
332 339
333 339
339 345
339 346
339 348
339 349
339 357
339 364
22 343
155 343
170 343
177 343
282 343
343 347
22 347
33 347
62 347
76 347
107 347
160 347
170 347
177 347
241 347
244 347
253 347
255 347
256 347
271 347
282 347
2 5
2 8
2 9
2 16
2 30
2 35
2 38
2 40
2 43
2 53
2 54
2 91
2 106
2 111
2 152
2 183
2 210
2 216
2 220
2 224
2 225
2 233
5 7
5 8
5 16
5 20
5 21
5 29
5 30
5 31
5 34
5 35
5 37
5 38
5 40
5 42
5 43
5 53
5 54
5 91
5 94
5 106
5 111
5 152
5 183
5 207
5 210
5 216
5 221
5 224
5 225
5 233
5 337
5 344
8 16
8 30
8 35
8 38
8 40
8 43
8 53
8 54
8 91
8 94
8 106
8 111
8 152
8 183
8 185
8 210
8 216
8 221
8 224
8 225
8 233
9 16
9 58
9 77
9 91
9 101
9 106
9 111
9 141
9 160
9 183
9 200
9 210
9 216
9 220
9 224
9 225
9 233
9 251
9 267
9 271
9 285
9 300
9 302
9 303
9 308
9 312
9 315
9 317
9 325
9 327
9 332
9 342
9 345
9 346
9 348
9 349
9 357
9 364
7 16
14 16
16 21
16 24
16 29
16 30
16 31
16 33
16 34
16 35
16 37
16 38
16 40
16 42
16 43
16 53
16 54
16 91
16 93
16 94
16 95
16 97
16 98
16 106
16 111
16 140
16 142
16 153
16 155
16 156
16 165
16 174
16 178
16 183
16 186
16 195
16 210
16 216
16 219
16 220
16 224
16 225
16 233
16 245
16 248
16 250
16 266
16 337
16 344
7 30
20 30
21 30
30 31
30 34
30 35
30 38
30 40
30 43
30 53
30 54
30 91
30 94
30 106
30 111
30 152
30 183
30 210
30 216
30 224
30 225
30 233
35 38
35 40
35 43
35 53
35 54
35 94
35 106
35 111
35 183
35 210
35 216
35 224
35 225
35 233
7 38
20 38
21 38
31 38
34 38
38 40
38 42
38 43
38 53
38 54
38 91
38 94
38 106
38 111
38 152
38 183
38 210
38 216
38 224
38 225
38 233
7 40
29 40
33 40
34 40
37 40
40 42
40 43
40 53
40 54
40 91
40 94
40 106
40 111
40 152
40 155
40 183
40 207
40 210
40 216
40 219
40 221
40 224
40 225
40 233
40 337
40 344
43 53
43 54
43 91
43 94
43 106
43 111
43 152
43 183
43 185
43 210
43 216
43 221
43 224
43 225
43 233
14 53
15 53
53 54
53 57
53 64
53 93
53 94
53 95
53 98
53 106
53 111
53 126
53 133
53 137
53 142
53 143
53 145
53 146
53 156
53 165
53 174
53 183
53 195
53 210
53 216
53 224
53 225
53 233
53 248
53 261
53 265
53 269
14 54
15 54
54 57
54 64
54 94
54 106
54 111
54 126
54 133
54 137
54 143
54 145
54 146
54 156
54 183
54 210
54 216
54 224
54 225
54 233
54 261
54 265
54 269
3 91
4 91
7 91
11 91
17 91
20 91
21 91
25 91
29 91
31 91
32 91
33 91
42 91
44 91
46 91
47 91
48 91
50 91
55 91
58 91
60 91
68 91
84 91
91 92
91 96
91 97
91 98
91 106
91 111
91 116
91 127
91 128
91 129
91 131
91 139
91 140
91 141
91 152
91 153
91 168
91 172
91 173
91 174
91 182
91 183
91 185
91 186
91 194
91 196
91 198
91 207
91 208
91 210
91 211
91 212
91 214
91 215
91 216
91 219
91 220
91 221
91 222
91 225
91 229
91 231
91 232
91 233
91 238
91 246
91 289
91 290
91 291
91 304
91 305
91 307
91 314
91 316
91 319
91 322
91 335
91 337
91 340
91 341
91 344
91 350
91 352
91 359
91 362
7 106
14 106
24 106
29 106
33 106
34 106
37 106
42 106
93 106
94 106
95 106
97 106
98 106
106 111
106 140
106 142
106 153
106 155
106 156
106 165
106 174
106 178
106 183
106 186
106 195
106 210
106 216
106 219
106 220
106 221
106 224
106 225
106 233
106 245
106 248
106 250
106 266
106 337
106 344
7 111
20 111
21 111
29 111
31 111
34 111
37 111
42 111
94 111
111 152
111 183
111 210
111 216
111 220
111 224
111 225
111 233
111 337
111 344
3 152
4 152
7 152
11 152
17 152
20 152
21 152
25 152
29 152
31 152
32 152
42 152
44 152
47 152
48 152
55 152
58 152
60 152
68 152
84 152
92 152
96 152
127 152
128 152
131 152
139 152
141 152
152 168
152 172
152 173
152 184
152 185
152 194
152 196
152 198
152 201
152 202
152 207
152 208
152 211
152 212
152 214
152 215
152 221
152 246
152 247
152 273
152 283
152 287
152 288
152 290
152 293
152 298
152 307
152 314
152 319
152 322
152 335
152 337
152 340
152 344
152 350
152 352
152 353
152 359
152 362
7 183
14 183
21 183
24 183
29 183
31 183
33 183
34 183
37 183
42 183
93 183
94 183
95 183
97 183
98 183
140 183
142 183
153 183
155 183
156 183
165 183
174 183
178 183
183 186
183 195
183 210
183 216
183 219
183 220
183 221
183 224
183 225
183 233
183 245
183 248
183 250
183 266
183 337
183 344
7 210
14 210
21 210
24 210
29 210
31 210
33 210
34 210
37 210
42 210
93 210
94 210
95 210
97 210
98 210
140 210
142 210
153 210
155 210
156 210
165 210
174 210
178 210
186 210
195 210
210 216
210 219
210 220
210 224
210 225
210 233
210 245
210 248
210 250
210 266
210 337
210 344
7 216
14 216
24 216
29 216
33 216
34 216
37 216
42 216
93 216
94 216
95 216
97 216
98 216
140 216
142 216
153 216
155 216
156 216
165 216
174 216
178 216
186 216
195 216
216 219
216 220
216 221
216 224
216 225
216 233
216 245
216 248
216 250
216 266
216 337
216 344
220 224
220 225
220 233
7 224
14 224
24 224
29 224
33 224
34 224
37 224
42 224
93 224
94 224
95 224
97 224
98 224
140 224
142 224
153 224
155 224
156 224
165 224
174 224
178 224
186 224
195 224
219 224
224 225
224 233
224 245
224 248
224 250
224 266
224 337
224 344
7 225
14 225
21 225
24 225
29 225
31 225
33 225
34 225
37 225
42 225
93 225
94 225
95 225
97 225
98 225
140 225
142 225
153 225
155 225
156 225
165 225
174 225
178 225
186 225
195 225
219 225
225 233
225 245
225 248
225 250
225 266
225 337
225 344
7 233
14 233
24 233
29 233
33 233
34 233
37 233
42 233
93 233
94 233
95 233
97 233
98 233
140 233
142 233
153 233
155 233
156 233
165 233
174 233
178 233
186 233
195 233
219 233
221 233
233 245
233 248
233 250
233 266
233 337
233 344
3 4
3 10
3 20
3 21
3 31
3 32
3 44
3 47
3 48
3 55
3 58
3 60
3 65
3 68
3 89
3 96
3 101
3 125
3 128
3 141
3 144
3 182
3 198
3 211
3 213
3 238
3 239
3 243
3 246
3 262
3 267
3 286
3 291
3 295
3 296
3 297
3 302
3 304
3 305
3 307
3 308
3 309
3 310
3 314
3 315
3 316
3 319
3 322
3 323
3 327
3 330
3 332
3 335
3 340
3 341
3 345
3 349
3 350
3 352
3 354
3 356
3 359
3 364
4 10
4 19
4 20
4 21
4 31
4 32
4 47
4 55
4 58
4 60
4 89
4 141
4 198
4 211
4 246
4 307
4 314
4 322
4 340
4 350
10 12
10 19
10 26
10 44
10 55
10 60
10 61
10 74
10 75
10 89
10 130
10 136
10 148
10 173
10 179
10 184
10 187
10 194
10 199
10 201
10 206
10 218
10 234
10 239
10 262
10 264
10 268
10 272
10 273
10 274
10 278
10 286
10 288
10 290
10 292
10 293
10 294
10 295
10 296
10 306
10 307
10 308
10 310
10 313
10 315
10 323
10 328
10 329
10 330
10 332
10 334
10 336
10 349
10 350
10 352
10 353
10 360
10 361
10 362
10 363
11 20
17 20
20 21
20 31
20 44
20 47
20 48
20 58
20 60
20 68
20 96
20 139
20 141
20 184
20 185
20 198
20 201
20 202
20 207
20 211
20 212
20 215
20 221
20 246
20 247
20 273
20 283
20 287
20 288
20 293
20 298
20 307
20 319
20 322
20 340
20 350
20 352
20 353
20 359
11 21
17 21
21 25
21 29
21 31
21 32
21 44
21 47
21 48
21 55
21 58
21 60
21 68
21 96
21 128
21 139
21 140
21 141
21 153
21 182
21 185
21 198
21 207
21 211
21 212
21 215
21 221
21 222
21 238
21 246
21 291
21 304
21 305
21 307
21 314
21 316
21 319
21 322
21 335
21 340
21 341
21 344
21 350
21 352
21 359
11 31
17 31
25 31
29 31
31 32
31 44
31 47
31 48
31 55
31 58
31 60
31 65
31 68
31 96
31 101
31 125
31 128
31 139
31 140
31 141
31 144
31 153
31 182
31 185
31 198
31 207
31 211
31 212
31 213
31 215
31 221
31 222
31 238
31 239
31 243
31 246
31 262
31 267
31 291
31 295
31 296
31 297
31 302
31 304
31 305
31 307
31 308
31 309
31 310
31 314
31 315
31 316
31 319
31 322
31 323
31 327
31 332
31 335
31 340
31 341
31 344
31 345
31 349
31 350
31 352
31 354
31 356
31 359
31 364
25 32
29 32
32 55
32 58
32 60
32 141
32 198
32 207
32 211
32 215
32 221
32 307
32 314
32 322
32 340
32 344
32 350
44 48
44 58
44 60
44 68
44 89
44 96
44 130
44 141
44 184
44 198
44 199
44 201
44 202
44 211
44 234
44 247
44 273
44 283
44 287
44 288
44 293
44 298
44 307
44 319
44 322
44 340
44 350
44 352
44 353
44 359
46 47
47 49
47 50
47 55
47 58
47 60
47 138
47 141
47 168
47 194
47 198
47 211
47 237
47 246
47 257
47 274
47 283
47 288
47 290
47 293
47 297
47 307
47 322
47 336
47 338
47 340
47 350
46 48
48 50
48 58
48 60
48 68
48 78
48 96
48 124
48 132
48 141
48 162
48 168
48 184
48 194
48 198
48 201
48 202
48 211
48 247
48 273
48 274
48 283
48 287
48 288
48 290
48 293
48 298
48 307
48 319
48 322
48 333
48 336
48 338
48 340
48 350
48 352
48 353
48 359
19 55
55 58
55 60
55 89
55 141
55 198
55 211
55 246
55 307
55 314
55 322
55 340
55 350
33 58
46 58
49 58
50 58
58 60
58 65
58 68
58 78
58 96
58 101
58 124
58 125
58 128
58 129
58 132
58 138
58 141
58 144
58 162
58 168
58 179
58 182
58 194
58 198
58 200
58 211
58 212
58 213
58 229
58 237
58 238
58 239
58 243
58 246
58 251
58 257
58 262
58 267
58 274
58 281
58 283
58 288
58 290
58 291
58 292
58 293
58 295
58 296
58 297
58 299
58 300
58 302
58 303
58 304
58 305
58 307
58 308
58 309
58 310
58 312
58 314
58 315
58 316
58 319
58 322
58 323
58 324
58 325
58 326
58 327
58 331
58 332
58 333
58 335
58 336
58 338
58 340
58 341
58 342
58 345
58 346
58 349
58 350
58 351
58 352
58 354
58 355
58 356
58 359
58 364
60 65
60 68
60 89
60 96
60 101
60 125
60 128
60 141
60 144
60 182
60 198
60 211
60 213
60 238
60 239
60 243
60 246
60 262
60 267
60 286
60 291
60 295
60 296
60 297
60 302
60 304
60 305
60 307
60 308
60 309
60 310
60 314
60 315
60 316
60 319
60 322
60 323
60 327
60 330
60 332
60 335
60 340
60 341
60 345
60 349
60 350
60 352
60 354
60 356
60 359
60 364
59 65
65 77
65 78
65 101
65 141
65 198
65 200
65 238
65 251
65 267
65 285
65 299
65 300
65 302
65 303
65 308
65 309
65 312
65 315
65 317
65 318
65 320
65 322
65 325
65 326
65 327
65 332
65 345
65 346
65 348
65 349
65 357
65 364
46 68
50 68
59 68
68 78
68 96
68 124
68 132
68 141
68 162
68 168
68 184
68 194
68 198
68 201
68 202
68 211
68 238
68 247
68 273
68 274
68 283
68 287
68 288
68 290
68 293
68 298
68 304
68 307
68 319
68 322
68 333
68 336
68 338
68 340
68 350
68 352
68 353
68 359
12 89
19 89
26 89
61 89
74 89
75 89
89 130
89 148
89 187
89 199
89 218
89 234
89 264
89 268
89 272
89 278
89 307
89 328
89 350
89 352
89 360
89 361
89 363
96 141
96 184
96 198
96 201
96 202
96 211
96 238
96 247
96 273
96 283
96 287
96 288
96 293
96 298
96 304
96 307
96 322
96 340
96 350
96 352
96 353
96 359
33 101
59 101
77 101
78 101
93 101
97 101
101 124
101 125
101 141
101 144
101 147
101 149
101 155
101 162
101 167
101 186
101 200
101 237
101 238
101 242
101 245
101 249
101 251
101 257
101 267
101 285
101 299
101 300
101 302
101 303
101 308
101 309
101 311
101 312
101 315
101 317
101 318
101 320
101 321
101 322
101 324
101 325
101 326
101 327
101 331
101 332
101 333
101 342
101 345
101 346
101 348
101 349
101 357
101 364
77 125
125 133
125 141
125 143
125 144
125 146
125 147
125 149
125 155
125 168
125 194
125 200
125 251
125 261
125 265
125 267
125 269
125 285
125 290
125 302
125 303
125 308
125 312
125 315
125 317
125 322
125 325
125 327
125 332
125 335
125 345
125 346
125 348
125 349
125 357
125 364
127 128
128 141
128 168
128 194
128 198
128 208
128 211
128 214
128 221
128 290
128 307
128 319
128 322
128 335
128 340
128 350
17 141
33 141
46 141
49 141
50 141
59 141
77 141
78 141
97 141
124 141
129 141
131 141
132 141
138 141
141 144
141 162
141 168
141 173
141 179
141 182
141 184
141 186
141 194
141 198
141 200
141 201
141 202
141 203
141 207
141 211
141 212
141 213
141 229
141 237
141 238
141 239
141 242
141 243
141 246
141 247
141 249
141 251
141 257
141 262
141 267
141 273
141 274
141 281
141 283
141 287
141 288
141 290
141 291
141 292
141 293
141 295
141 296
141 297
141 298
141 299
141 300
141 302
141 303
141 304
141 305
141 307
141 308
141 309
141 310
141 311
141 312
141 314
141 315
141 316
141 317
141 318
141 319
141 320
141 321
141 322
141 323
141 324
141 325
141 326
141 327
141 331
141 332
141 333
141 335
141 336
141 338
141 340
141 341
141 342
141 345
141 346
141 348
141 349
141 350
141 351
141 352
141 353
141 354
141 355
141 356
141 357
141 358
141 359
141 362
141 364
77 144
133 144
143 144
144 146
144 147
144 149
144 155
144 168
144 194
144 200
144 251
144 261
144 265
144 267
144 269
144 285
144 290
144 302
144 303
144 308
144 312
144 315
144 317
144 322
144 325
144 327
144 332
144 335
144 345
144 346
144 348
144 349
144 357
144 364
168 182
179 182
182 194
182 198
182 211
182 238
182 274
182 283
182 288
182 290
182 292
182 293
182 299
182 305
182 307
182 316
182 322
182 326
182 336
182 338
182 340
182 350
182 355
17 198
46 198
49 198
50 198
59 198
77 198
78 198
97 198
124 198
129 198
131 198
132 198
138 198
162 198
168 198
173 198
179 198
184 198
186 198
194 198
198 200
198 201
198 202
198 203
198 207
198 211
198 212
198 213
198 229
198 237
198 238
198 239
198 242
198 246
198 247
198 249
198 251
198 257
198 267
198 273
198 274
198 281
198 283
198 287
198 288
198 290
198 291
198 292
198 293
198 296
198 297
198 298
198 299
198 302
198 303
198 304
198 305
198 307
198 308
198 311
198 312
198 314
198 315
198 316
198 317
198 318
198 319
198 322
198 325
198 326
198 331
198 332
198 333
198 335
198 336
198 338
198 340
198 341
198 346
198 348
198 349
198 350
198 351
198 352
198 353
198 354
198 355
198 357
198 358
198 359
198 362
211 238
211 246
211 291
211 304
211 305
211 307
211 314
211 316
211 319
211 322
211 335
211 340
211 341
211 350
211 352
211 359
168 213
194 213
213 262
213 274
213 283
213 288
213 290
213 293
213 295
213 297
213 310
213 322
213 323
213 335
213 336
213 338
213 340
213 356
184 238
201 238
202 238
238 239
238 243
238 247
238 262
238 273
238 283
238 287
238 288
238 293
238 295
238 296
238 297
238 298
238 302
238 304
238 305
238 307
238 309
238 310
238 316
238 322
238 323
238 340
238 350
238 353
238 354
238 356
130 239
184 239
201 239
202 239
234 239
239 247
239 262
239 272
239 273
239 283
239 286
239 287
239 288
239 293
239 295
239 296
239 297
239 298
239 310
239 322
239 323
239 330
239 353
239 354
239 356
243 262
243 286
243 295
243 310
243 322
243 323
243 356
246 307
246 322
246 340
246 350
262 286
262 295
262 296
262 297
262 310
262 322
262 323
262 330
262 335
262 354
262 356
33 267
59 267
77 267
78 267
93 267
97 267
124 267
147 267
149 267
155 267
162 267
167 267
186 267
200 267
237 267
242 267
245 267
249 267
251 267
257 267
267 285
267 299
267 300
267 302
267 303
267 308
267 309
267 311
267 312
267 315
267 317
267 318
267 320
267 321
267 322
267 324
267 325
267 326
267 327
267 331
267 332
267 333
267 340
267 342
267 345
267 346
267 348
267 349
267 357
267 364
19 286
26 286
61 286
74 286
75 286
130 286
136 286
206 286
264 286
272 286
286 294
286 295
286 296
286 306
286 310
286 313
286 323
286 329
286 330
286 334
286 360
286 363
140 291
153 291
215 291
221 291
222 291
291 307
291 316
291 322
291 340
291 341
291 350
295 296
295 297
295 310
295 322
295 323
295 330
295 335
295 354
295 356
130 296
184 296
201 296
202 296
234 296
247 296
272 296
273 296
283 296
287 296
288 296
293 296
296 297
296 298
296 310
296 322
296 323
296 330
296 353
296 354
296 356
49 297
77 297
138 297
168 297
184 297
194 297
200 297
201 297
202 297
247 297
273 297
274 297
283 297
287 297
288 297
290 297
293 297
297 298
297 310
297 311
297 322
297 323
297 331
297 335
297 336
297 338
297 340
297 353
297 354
297 356
297 358
33 302
59 302
77 302
78 302
93 302
97 302
124 302
147 302
149 302
155 302
162 302
167 302
186 302
200 302
237 302
242 302
245 302
249 302
251 302
257 302
285 302
299 302
300 302
302 303
302 308
302 309
302 311
302 312
302 315
302 317
302 318
302 320
302 321
302 322
302 324
302 325
302 326
302 327
302 331
302 332
302 333
302 340
302 342
302 345
302 346
302 348
302 349
302 357
302 364
184 304
201 304
202 304
247 304
273 304
283 304
287 304
288 304
293 304
298 304
304 307
304 322
304 340
304 350
304 353
305 307
305 316
305 322
305 340
305 350
307 314
307 316
307 319
307 322
307 335
307 340
307 341
307 350
307 352
307 359
33 308
59 308
77 308
78 308
93 308
97 308
124 308
147 308
149 308
155 308
162 308
167 308
186 308
200 308
237 308
242 308
245 308
249 308
251 308
257 308
283 308
285 308
288 308
293 308
299 308
300 308
303 308
308 309
308 311
308 312
308 315
308 317
308 318
308 320
308 321
308 322
308 324
308 325
308 326
308 327
308 331
308 332
308 333
308 342
308 345
308 346
308 348
308 349
308 357
308 364
59 309
77 309
78 309
200 309
251 309
285 309
299 309
300 309
303 309
309 312
309 315
309 317
309 318
309 320
309 322
309 325
309 326
309 327
309 332
309 345
309 346
309 348
309 349
309 357
309 364
310 322
310 323
310 330
310 335
310 354
310 356
314 322
314 340
314 350
33 315
59 315
77 315
78 315
93 315
97 315
124 315
147 315
149 315
155 315
162 315
167 315
186 315
200 315
237 315
242 315
245 315
249 315
251 315
257 315
283 315
285 315
288 315
293 315
299 315
300 315
303 315
311 315
312 315
315 317
315 318
315 320
315 321
315 322
315 324
315 325
315 326
315 327
315 331
315 332
315 333
315 342
315 345
315 346
315 348
315 349
315 357
315 364
316 322
316 340
316 341
316 350
127 319
131 319
168 319
173 319
184 319
194 319
201 319
202 319
207 319
208 319
214 319
221 319
247 319
273 319
283 319
287 319
288 319
290 319
293 319
298 319
319 322
319 335
319 340
319 350
319 352
319 353
319 359
319 362
322 323
322 327
322 332
322 335
322 340
322 341
322 345
322 349
322 350
322 352
322 354
322 356
322 359
322 364
323 330
323 335
323 354
323 356
33 327
59 327
77 327
78 327
93 327
97 327
124 327
147 327
149 327
155 327
162 327
167 327
186 327
200 327
237 327
242 327
245 327
249 327
251 327
257 327
285 327
299 327
300 327
303 327
311 327
312 327
317 327
318 327
320 327
321 327
324 327
325 327
326 327
327 331
327 332
327 333
327 342
327 345
327 346
327 348
327 349
327 357
327 364
19 330
26 330
61 330
74 330
75 330
130 330
136 330
206 330
264 330
272 330
294 330
306 330
313 330
329 330
330 334
330 360
330 363
33 332
59 332
77 332
78 332
93 332
97 332
124 332
147 332
149 332
155 332
162 332
167 332
186 332
200 332
237 332
242 332
245 332
249 332
251 332
257 332
283 332
285 332
288 332
293 332
299 332
300 332
303 332
311 332
312 332
317 332
318 332
320 332
321 332
324 332
325 332
326 332
331 332
332 333
332 342
332 345
332 346
332 348
332 349
332 357
332 364
127 335
168 335
194 335
208 335
214 335
221 335
274 335
283 335
288 335
290 335
293 335
335 336
335 338
335 340
335 350
335 356
46 340
49 340
50 340
78 340
124 340
129 340
132 340
138 340
162 340
168 340
179 340
194 340
200 340
212 340
229 340
237 340
251 340
257 340
274 340
281 340
283 340
288 340
290 340
292 340
293 340
299 340
303 340
312 340
325 340
326 340
333 340
336 340
338 340
340 341
340 346
340 350
340 351
340 352
340 355
340 359
341 350
33 345
59 345
77 345
78 345
93 345
97 345
124 345
147 345
149 345
155 345
162 345
167 345
186 345
200 345
237 345
242 345
245 345
249 345
251 345
257 345
285 345
299 345
300 345
303 345
311 345
312 345
317 345
318 345
320 345
321 345
324 345
325 345
326 345
331 345
333 345
342 345
345 346
345 348
345 349
345 357
345 364
33 349
59 349
77 349
78 349
93 349
97 349
124 349
147 349
149 349
155 349
162 349
167 349
186 349
200 349
237 349
242 349
245 349
249 349
251 349
257 349
283 349
285 349
288 349
293 349
299 349
300 349
303 349
311 349
312 349
317 349
318 349
320 349
321 349
324 349
325 349
326 349
331 349
333 349
342 349
346 349
348 349
349 357
349 364
350 352
350 359
130 352
184 352
199 352
201 352
202 352
234 352
247 352
273 352
283 352
287 352
288 352
293 352
298 352
352 353
352 359
184 354
201 354
202 354
247 354
273 354
283 354
287 354
288 354
293 354
298 354
353 354
354 356
184 359
201 359
202 359
247 359
273 359
283 359
287 359
288 359
293 359
298 359
353 359
33 364
59 364
77 364
78 364
93 364
97 364
124 364
147 364
149 364
155 364
162 364
167 364
186 364
200 364
237 364
242 364
245 364
249 364
251 364
257 364
285 364
299 364
300 364
303 364
311 364
312 364
317 364
318 364
320 364
321 364
324 364
325 364
326 364
331 364
333 364
342 364
346 364
348 364
357 364
19 26
19 61
19 74
19 75
19 130
19 148
19 206
19 234
19 268
19 272
19 294
19 313
19 328
19 360
19 363
7 29
7 34
7 37
7 42
7 207
7 221
7 337
7 344
29 37
29 42
29 337
29 344
34 42
37 42
37 337
37 344
42 207
42 221
42 337
42 344
14 94
93 94
94 95
94 98
94 156
94 165
94 174
94 195
94 248
17 207
25 207
92 207
127 207
131 207
168 207
172 207
173 207
184 207
194 207
201 207
202 207
207 208
207 212
207 214
207 215
207 221
207 247
207 273
207 283
207 287
207 288
207 290
207 293
207 298
207 353
207 362
11 221
17 221
25 221
46 221
50 221
84 221
92 221
97 221
98 221
116 221
127 221
129 221
131 221
139 221
168 221
172 221
173 221
174 221
185 221
186 221
194 221
196 221
208 221
212 221
214 221
215 221
221 222
221 229
221 231
221 232
221 289
221 290
221 362
33 337
155 337
219 337
337 344
14 15
14 23
14 24
14 57
14 64
14 76
14 93
14 95
14 98
14 126
14 133
14 137
14 142
14 143
14 145
14 146
14 156
14 165
14 174
14 175
14 178
14 195
14 228
14 241
14 250
14 261
14 265
14 269
22 33
22 170
22 177
22 282
15 24
23 24
24 57
24 64
24 76
24 93
24 95
24 133
24 143
24 146
24 175
24 178
24 195
24 228
24 241
24 250
24 261
24 265
24 269
33 77
33 155
33 170
33 200
33 219
33 251
33 285
33 303
33 311
33 312
33 317
33 324
33 325
33 331
33 346
33 348
33 357
59 77
59 78
59 93
59 124
59 162
59 167
59 200
59 242
59 249
59 251
59 285
59 303
59 312
59 317
59 318
59 325
59 333
59 346
59 348
59 357
62 76
62 93
62 241
62 244
62 253
62 255
62 256
77 78
77 93
77 97
77 124
77 147
77 149
77 155
77 162
77 167
77 186
77 200
77 237
77 242
77 245
77 249
77 251
77 257
77 283
77 285
77 288
77 293
77 299
77 300
77 303
77 311
77 312
77 317
77 318
77 320
77 321
77 324
77 325
77 326
77 331
77 333
77 342
77 346
77 348
77 357
78 93
78 124
78 149
78 162
78 167
78 200
78 242
78 249
78 251
78 283
78 285
78 288
78 293
78 303
78 312
78 317
78 318
78 325
78 333
78 346
78 348
78 357
93 95
93 97
93 155
93 178
93 186
93 195
93 200
93 242
93 245
93 248
93 249
93 250
93 251
93 253
93 285
93 303
93 312
93 317
93 325
93 346
93 348
93 357
95 98
95 142
95 156
95 165
95 174
95 178
95 195
95 250
97 155
97 186
97 200
97 212
97 245
97 251
97 283
97 285
97 288
97 293
97 303
97 312
97 317
97 325
97 346
97 348
97 357
98 139
98 142
98 156
98 165
98 174
98 195
124 149
124 162
124 167
124 200
124 251
124 283
124 285
124 288
124 293
124 303
124 312
124 317
124 325
124 333
124 346
124 348
124 357
140 142
140 153
140 178
140 195
140 266
142 153
142 156
142 165
142 174
142 178
142 195
142 266
133 147
143 147
146 147
147 149
147 155
147 200
147 251
147 261
147 265
147 269
147 285
147 303
147 312
147 317
147 325
147 346
147 348
147 357
133 149
143 149
146 149
149 155
149 162
149 167
149 200
149 251
149 261
149 265
149 269
149 285
149 303
149 312
149 317
149 325
149 333
149 346
149 348
149 357
153 178
153 195
153 266
56 155
64 155
133 155
135 155
143 155
145 155
146 155
155 186
155 200
155 219
155 245
155 251
155 261
155 265
155 269
155 285
155 303
155 312
155 317
155 325
155 346
155 348
155 357
15 156
57 156
64 156
126 156
133 156
137 156
143 156
145 156
146 156
156 165
156 174
156 195
156 261
156 265
156 269
107 160
160 244
160 271
162 167
162 200
162 251
162 283
162 285
162 288
162 293
162 303
162 312
162 317
162 325
162 333
162 346
162 348
162 357
165 174
165 195
167 200
167 251
167 285
167 303
167 312
167 317
167 325
167 333
167 346
167 348
167 357
170 177
170 282
139 174
174 195
178 195
178 250
178 266
186 200
186 212
186 245
186 251
186 283
186 285
186 288
186 293
186 303
186 312
186 317
186 325
186 346
186 348
186 357
195 250
195 266
200 237
200 242
200 245
200 249
200 251
200 257
200 283
200 285
200 288
200 293
200 299
200 300
200 303
200 311
200 312
200 317
200 318
200 320
200 321
200 324
200 325
200 326
200 331
200 333
200 342
200 346
200 348
200 357
237 242
237 251
237 257
237 285
237 303
237 311
237 312
237 317
237 321
237 325
237 331
237 346
237 348
237 357
242 249
242 251
242 257
242 285
242 303
242 311
242 312
242 317
242 321
242 325
242 331
242 346
242 348
242 357
245 251
245 285
245 303
245 312
245 317
245 325
245 346
245 348
245 357
249 251
249 285
249 303
249 312
249 317
249 325
249 346
249 348
249 357
251 257
251 285
251 299
251 300
251 303
251 311
251 312
251 317
251 318
251 320
251 321
251 324
251 325
251 326
251 331
251 333
251 342
251 346
251 348
251 357
76 253
241 253
244 253
253 255
253 256
257 285
257 303
257 311
257 312
257 317
257 321
257 325
257 331
257 346
257 348
257 357
107 271
244 271
285 299
285 300
285 303
285 311
285 312
285 317
285 318
285 320
285 321
285 324
285 325
285 326
285 331
285 333
285 342
285 346
285 348
285 357
299 300
299 303
299 312
299 317
299 320
299 325
299 326
299 346
299 348
299 357
300 303
300 312
300 317
300 320
300 325
300 326
300 342
300 346
300 348
300 357
303 311
303 312
303 317
303 318
303 320
303 321
303 324
303 325
303 326
303 331
303 333
303 342
303 346
303 348
303 357
283 311
288 311
293 311
311 312
311 317
311 321
311 324
311 325
311 331
311 346
311 348
311 357
312 317
312 318
312 320
312 321
312 324
312 325
312 326
312 331
312 333
312 342
312 346
312 348
312 357
283 317
288 317
293 317
317 318
317 320
317 321
317 324
317 325
317 326
317 331
317 333
317 342
317 346
317 348
317 357
318 325
318 346
318 348
318 357
320 325
320 326
320 346
320 348
320 357
321 325
321 331
321 346
321 348
321 357
324 325
324 331
324 346
324 348
324 357
283 325
288 325
293 325
325 326
325 331
325 333
325 342
325 346
325 348
325 357
326 346
326 348
326 357
283 331
288 331
293 331
331 346
331 348
331 357
283 333
288 333
293 333
333 346
333 348
333 357
342 346
342 348
342 357
346 348
346 357
283 348
288 348
293 348
348 357
283 357
288 357
293 357
11 185
84 185
127 185
139 185
168 185
172 185
185 194
185 196
185 208
185 214
185 215
185 290
12 74
12 130
12 199
12 234
12 268
26 61
26 74
26 130
26 148
26 173
26 187
26 206
26 209
26 234
26 268
26 294
26 313
26 328
26 360
26 362
26 363
61 148
61 179
61 194
61 199
61 218
61 264
61 272
61 274
61 278
61 288
61 290
61 292
61 293
61 328
61 329
61 334
61 336
61 360
61 361
61 363
74 75
74 130
74 136
74 173
74 184
74 187
74 199
74 201
74 206
74 234
74 268
74 272
74 273
74 288
74 293
74 294
74 306
74 313
74 353
74 362
74 363
75 130
75 206
75 234
75 268
75 272
75 294
75 313
69 130
119 130
122 130
130 136
130 173
130 184
130 187
130 199
130 201
130 202
130 203
130 206
130 218
130 234
130 235
130 247
130 264
130 268
130 272
130 273
130 278
130 288
130 293
130 294
130 298
130 306
130 313
130 329
130 353
130 358
130 361
130 362
130 363
69 136
119 136
122 136
136 206
136 234
136 294
136 313
127 148
148 172
148 173
148 187
148 194
148 196
148 199
148 208
148 209
148 218
148 235
148 264
148 278
148 290
148 328
148 360
148 361
148 362
148 363
127 173
131 173
168 173
173 184
173 194
173 201
173 202
173 208
173 214
173 247
173 273
173 283
173 287
173 288
173 290
173 293
173 298
173 353
173 360
173 362
168 179
179 194
179 264
179 274
179 281
179 283
179 288
179 290
179 292
179 293
179 336
179 338
179 355
179 360
17 184
131 184
184 201
184 202
184 203
184 212
184 247
184 273
184 283
184 287
184 288
184 293
184 298
184 353
184 358
184 362
187 209
187 234
187 268
187 360
15 194
23 194
46 194
49 194
50 194
64 194
84 194
92 194
116 194
126 194
127 194
129 194
131 194
132 194
133 194
138 194
139 194
143 194
145 194
146 194
168 194
172 194
175 194
194 196
194 208
194 212
194 214
194 229
194 231
194 232
194 265
194 269
194 274
194 281
194 283
194 288
194 289
194 290
194 292
194 293
194 336
194 338
194 351
194 355
194 360
194 362
69 199
119 199
122 199
199 234
199 268
199 278
199 328
199 360
199 361
17 201
131 201
201 202
201 203
201 212
201 234
201 247
201 273
201 283
201 287
201 288
201 293
201 298
201 353
201 358
201 362
120 206
206 272
206 294
206 306
206 313
206 363
69 218
119 218
122 218
218 234
218 264
218 328
218 360
69 234
119 234
122 234
202 234
234 235
234 247
234 264
234 268
234 272
234 278
234 298
234 329
234 361
69 264
119 264
122 264
264 272
264 292
264 328
264 329
264 334
264 360
268 272
69 272
119 272
122 272
272 294
272 313
272 329
272 334
272 360
17 273
131 273
202 273
203 273
212 273
247 273
273 283
273 287
273 288
273 293
273 298
273 353
273 358
273 362
46 274
49 274
50 274
129 274
132 274
138 274
168 274
212 274
229 274
274 281
274 283
274 288
274 290
274 292
274 293
274 336
274 338
274 351
274 355
274 360
69 278
119 278
122 278
172 278
196 278
209 278
235 278
278 328
278 360
278 361
17 288
46 288
49 288
50 288
129 288
131 288
132 288
138 288
168 288
202 288
203 288
212 288
229 288
247 288
281 288
283 288
287 288
288 290
288 292
288 293
288 298
288 336
288 338
288 351
288 353
288 355
288 358
288 360
288 362
15 290
23 290
46 290
49 290
50 290
64 290
84 290
92 290
116 290
126 290
127 290
129 290
131 290
132 290
133 290
138 290
139 290
143 290
145 290
146 290
168 290
172 290
175 290
196 290
208 290
212 290
214 290
229 290
231 290
232 290
265 290
269 290
281 290
283 290
289 290
290 292
290 293
290 336
290 338
290 351
290 355
290 360
290 362
168 292
281 292
283 292
292 293
292 336
292 338
292 355
292 360
17 293
46 293
49 293
50 293
129 293
131 293
132 293
138 293
168 293
202 293
203 293
212 293
229 293
247 293
281 293
283 293
287 293
293 298
293 336
293 338
293 351
293 353
293 355
293 358
293 360
293 362
120 294
294 306
294 313
294 363
306 313
313 363
328 360
328 361
328 363
69 329
119 329
122 329
329 334
329 360
334 360
46 336
49 336
50 336
129 336
132 336
138 336
168 336
212 336
229 336
281 336
283 336
336 338
336 351
336 355
336 360
17 353
131 353
202 353
203 353
212 353
247 353
283 353
287 353
298 353
353 358
353 362
127 360
133 360
143 360
172 360
196 360
208 360
209 360
235 360
269 360
360 361
360 362
360 363
69 361
119 361
122 361
127 362
131 362
168 362
202 362
208 362
214 362
247 362
283 362
287 362
298 362
11 139
11 215
46 139
50 139
116 139
127 139
139 168
139 208
139 214
139 215
139 289
17 215
25 215
212 215
215 222
15 23
15 46
15 50
15 56
15 57
15 64
15 126
15 133
15 135
15 137
15 143
15 145
15 146
15 168
15 175
15 227
15 228
15 229
15 261
15 265
15 269
23 46
23 56
23 57
23 64
23 133
23 143
23 146
23 168
23 175
23 227
23 228
23 229
23 261
23 265
23 269
57 64
57 126
57 133
57 137
57 143
57 145
57 146
57 175
57 228
57 261
57 265
57 269
46 64
50 64
56 64
64 126
64 133
64 135
64 137
64 143
64 145
64 146
64 168
64 175
64 227
64 228
64 229
64 261
64 265
64 269
76 241
76 244
76 256
46 126
50 126
56 126
126 133
126 135
126 137
126 143
126 145
126 146
126 168
126 261
126 265
126 269
56 133
133 135
133 137
133 143
133 145
133 146
133 168
133 175
133 227
133 228
133 261
133 265
133 269
137 143
137 145
137 146
137 261
137 265
137 269
56 143
135 143
143 145
143 146
143 168
143 175
143 227
143 228
143 261
143 265
143 269
46 145
50 145
56 145
135 145
145 146
145 168
145 261
145 265
145 269
56 146
135 146
146 168
146 175
146 227
146 228
146 261
146 265
146 269
46 175
56 175
168 175
175 227
175 228
175 229
175 261
175 265
175 269
228 261
228 265
228 269
241 244
241 256
56 261
135 261
227 261
261 265
261 269
56 265
135 265
168 265
227 265
265 269
56 269
135 269
168 269
227 269
46 49
46 50
46 116
46 127
46 129
46 132
46 138
46 168
46 208
46 212
46 214
46 229
46 231
46 232
46 283
46 289
46 338
46 351
49 50
50 116
50 127
50 129
50 132
50 138
50 168
50 208
50 212
50 214
50 229
50 283
50 289
50 338
56 135
56 227
49 168
84 168
92 168
116 168
127 168
129 168
131 168
132 168
138 168
168 172
168 196
168 208
168 212
168 214
168 229
168 231
168 232
168 281
168 283
168 289
168 338
168 351
168 355
49 229
127 229
129 229
208 229
212 229
214 229
229 231
229 232
229 283
229 289
229 338
229 351
17 202
17 212
17 247
17 283
17 287
17 298
131 202
202 203
202 212
202 247
202 283
202 287
202 298
202 358
127 212
129 212
208 212
212 214
212 247
212 283
212 287
212 298
212 338
131 247
203 247
247 283
247 287
247 298
247 358
49 283
129 283
131 283
132 283
138 283
203 283
281 283
283 287
283 298
283 338
283 351
283 355
283 358
131 287
203 287
287 298
287 358
131 298
203 298
298 358
107 244
177 282
244 256
209 235
49 138
49 338
49 351
116 127
116 208
116 214
116 289
84 127
92 127
127 129
127 131
127 172
127 196
127 208
127 214
127 231
127 232
127 289
129 208
129 214
129 338
132 338
138 338
84 208
92 208
131 208
172 208
196 208
208 214
208 231
208 232
208 289
84 214
92 214
131 214
172 214
196 214
214 231
214 232
214 289
232 289
281 338
338 351
338 355
69 81
69 119
69 122
69 235
81 110
81 119
81 120
81 180
119 122
119 235
122 235
110 120
120 217
84 172
84 196
92 172
172 196
92 196
