1 2
1 3
2 15
2 34
2 37
2 46
2 57
2 67
2 79
2 90
2 124
2 157
2 222
2 232
2 443
2 459
2 815
2 889
3 12
3 15
3 28
3 30
3 32
3 37
3 42
3 51
3 54
3 58
3 59
3 75
3 104
3 108
3 117
3 127
3 139
3 145
3 163
3 175
3 178
3 181
3 235
3 237
3 238
3 240
3 254
3 262
3 277
3 299
3 305
3 328
3 338
3 341
3 350
3 419
3 424
3 437
3 451
3 461
3 543
3 545
3 547
3 568
3 574
3 576
3 590
3 600
3 692
3 697
3 713
3 823
3 836
3 847
3 872
12 15
14 15
15 19
15 25
15 26
15 34
15 37
15 42
15 47
15 51
15 54
15 58
15 59
15 60
15 64
15 66
15 68
15 70
15 76
15 84
15 90
15 91
15 112
15 116
15 117
15 120
15 126
15 134
15 139
15 140
15 143
15 145
15 175
15 178
15 218
15 221
15 222
15 223
15 224
15 225
15 229
15 231
15 247
15 250
15 262
15 278
15 324
15 328
15 341
15 347
15 378
15 389
15 390
15 441
15 524
15 525
15 542
15 563
15 564
15 565
15 566
15 567
15 568
15 569
15 570
15 571
15 572
15 573
15 574
15 575
15 576
27 34
33 34
34 51
34 58
34 60
34 66
34 67
34 76
34 94
34 102
34 151
34 249
34 269
34 275
34 284
34 319
34 352
34 364
34 412
34 519
34 684
34 780
34 822
34 823
12 37
17 37
24 37
26 37
37 38
37 39
37 40
37 41
37 42
37 43
37 44
37 45
37 46
37 47
37 48
37 49
37 50
37 51
37 52
37 53
37 54
37 55
37 56
37 57
37 58
37 59
37 60
37 61
37 62
37 63
37 64
37 65
37 66
37 67
37 68
37 69
37 70
37 71
37 72
37 73
37 74
37 75
37 76
37 77
37 78
37 79
37 80
37 81
37 82
37 83
37 84
37 85
37 86
37 87
37 88
37 89
37 90
37 91
37 92
37 93
37 94
37 95
37 96
37 97
37 98
26 46
46 51
46 58
46 126
46 137
46 187
46 188
46 222
46 245
46 247
46 270
46 287
46 374
46 375
46 376
46 377
46 378
46 379
8 57
17 57
32 57
51 57
57 58
57 64
57 98
57 175
57 222
57 231
57 262
57 449
57 557
57 561
57 663
8 67
48 67
51 67
67 76
67 115
67 148
67 164
67 229
67 245
67 277
67 362
67 412
67 413
67 417
67 420
67 443
67 476
67 495
67 582
67 590
67 781
67 832
67 833
67 834
5 79
12 79
17 79
26 79
48 79
51 79
58 79
59 79
60 79
64 79
66 79
70 79
79 83
79 90
79 91
79 97
79 104
79 115
79 116
79 133
79 139
79 145
79 169
79 175
79 178
79 184
79 222
79 231
79 254
79 262
79 265
79 270
79 279
79 305
79 361
79 381
79 418
79 443
79 528
79 555
79 707
79 731
79 755
79 758
79 786
79 807
79 812
79 823
79 862
26 90
28 90
42 90
51 90
54 90
58 90
60 90
63 90
64 90
66 90
68 90
76 90
80 90
90 95
90 122
90 139
90 140
90 155
90 171
90 180
90 229
90 231
90 232
90 237
90 262
90 265
90 268
90 272
90 276
90 277
90 278
90 343
90 384
90 397
90 400
90 401
90 414
90 418
90 495
90 518
90 590
90 713
90 736
90 758
90 773
90 784
90 788
90 820
90 869
90 871
124 125
124 126
124 127
17 157
26 157
60 157
66 157
92 157
93 157
95 157
115 157
116 157
156 157
157 160
157 161
157 162
157 163
157 164
157 165
157 166
157 167
157 168
157 169
157 170
157 171
157 172
11 222
12 222
17 222
26 222
27 222
28 222
42 222
51 222
54 222
58 222
59 222
60 222
64 222
66 222
68 222
76 222
111 222
112 222
120 222
139 222
140 222
145 222
155 222
158 222
175 222
187 222
211 222
218 222
221 222
222 226
222 229
222 235
222 236
222 237
222 238
222 239
222 240
222 241
222 242
222 243
222 244
222 245
222 246
222 247
222 248
222 249
222 250
222 251
222 252
222 253
222 254
222 255
222 256
222 257
222 258
222 259
222 260
222 261
222 262
222 263
222 264
222 265
222 266
222 267
222 268
222 269
222 270
8 232
11 232
12 232
65 232
89 232
139 232
151 232
182 232
195 232
232 237
232 790
232 895
51 443
59 443
66 443
202 443
231 443
443 861
11 459
446 459
459 566
459 724
66 815
229 815
262 815
305 815
327 815
411 815
100 889
167 889
278 889
7 12
10 12
12 26
12 28
12 32
12 39
12 42
12 51
12 55
12 58
12 59
12 60
12 64
12 68
12 74
12 75
12 80
12 83
12 86
12 96
12 102
12 108
12 115
12 117
12 129
12 132
12 137
12 145
12 154
12 155
12 165
12 167
12 170
12 174
12 182
12 198
12 204
12 211
12 214
12 226
12 229
12 231
12 236
12 242
12 247
12 249
12 262
12 273
12 291
12 299
12 313
12 327
12 346
12 347
12 350
12 354
12 372
12 418
12 433
12 465
12 471
12 483
12 491
12 500
12 509
12 546
12 601
12 609
12 640
12 641
12 642
12 643
12 644
12 645
12 646
12 647
12 648
12 649
12 650
12 651
9 28
25 28
26 28
28 36
28 40
28 54
28 58
28 60
28 62
28 64
28 66
28 75
28 76
28 82
28 95
28 96
28 115
28 133
28 139
28 145
28 149
28 178
28 198
28 218
28 229
28 252
28 262
28 270
28 275
28 277
28 283
28 284
28 295
28 305
28 327
28 344
28 358
28 477
28 531
28 582
28 588
28 593
28 620
28 627
28 675
28 709
28 733
28 791
28 798
28 826
28 827
25 30
30 137
30 243
30 425
30 531
30 852
30 853
8 32
11 32
25 32
26 32
27 32
32 36
32 48
32 51
32 54
32 58
32 60
32 64
32 66
32 68
32 84
32 97
32 98
32 117
32 129
32 151
32 163
32 172
32 175
32 184
32 203
32 204
32 208
32 216
32 237
32 254
32 277
32 293
32 305
32 339
32 354
32 400
32 410
32 418
32 532
32 602
32 622
32 628
32 640
32 644
32 703
32 713
32 717
32 756
32 759
32 806
32 807
32 891
32 892
32 893
26 42
27 42
42 51
42 58
42 60
42 64
42 65
42 76
42 80
42 88
42 96
42 115
42 126
42 128
42 139
42 144
42 155
42 178
42 212
42 221
42 229
42 247
42 249
42 254
42 258
42 262
42 277
42 290
42 298
42 299
42 315
42 316
42 317
42 318
42 319
42 320
42 321
42 322
42 323
42 324
42 325
42 326
42 327
42 328
42 329
42 330
42 331
42 332
42 333
42 334
42 335
42 336
42 337
7 51
8 51
17 51
19 51
21 51
26 51
51 58
51 59
51 60
51 62
51 64
51 65
51 66
51 68
51 75
51 76
51 80
51 93
51 103
51 104
51 117
51 123
51 129
51 130
51 139
51 140
51 143
51 159
51 167
51 172
51 175
51 178
51 183
51 192
51 195
51 199
51 211
51 218
51 220
51 221
51 229
51 255
51 263
51 270
51 275
51 277
51 284
51 297
51 299
51 311
51 313
51 319
51 352
51 354
51 365
51 384
51 386
51 392
51 418
51 419
51 421
51 436
51 453
51 462
51 473
51 484
51 485
51 486
51 487
51 488
51 489
51 490
51 491
51 492
51 493
51 494
51 495
51 496
51 497
51 498
51 499
51 500
51 501
51 502
51 503
51 504
51 505
51 506
51 507
51 508
51 509
51 510
51 511
13 54
26 54
43 54
47 54
54 59
54 60
54 64
54 74
54 96
54 117
54 155
54 179
54 218
54 220
54 231
54 238
54 262
54 277
54 307
54 311
54 312
54 319
54 335
54 352
54 367
54 387
54 505
54 511
54 609
54 610
54 611
54 612
54 613
54 614
54 615
8 58
17 58
26 58
43 58
44 58
45 58
58 60
58 64
58 66
58 68
58 70
58 74
58 76
58 80
58 95
58 97
58 107
58 113
58 115
58 116
58 117
58 118
58 123
58 129
58 139
58 144
58 146
58 151
58 152
58 168
58 173
58 175
58 202
58 218
58 229
58 244
58 251
58 254
58 256
58 259
58 262
58 269
58 277
58 278
58 280
58 298
58 315
58 317
58 319
58 348
58 354
58 357
58 364
58 384
58 390
58 397
58 410
58 458
58 479
58 507
58 552
58 576
58 586
58 588
58 606
58 638
58 643
58 644
58 654
58 659
58 689
58 690
58 691
58 692
58 693
58 694
58 695
58 696
58 697
58 698
58 699
58 700
58 701
58 702
58 703
58 704
26 59
27 59
53 59
59 60
59 64
59 68
59 76
59 81
59 91
59 92
59 99
59 115
59 139
59 167
59 195
59 218
59 229
59 237
59 240
59 251
59 254
59 263
59 275
59 277
59 285
59 287
59 292
59 371
59 385
59 434
59 495
59 511
59 637
59 666
59 692
59 725
59 726
36 75
44 75
60 75
65 75
68 75
75 145
75 261
75 883
103 104
104 149
104 251
104 323
104 426
104 529
17 108
26 108
68 108
86 108
108 109
108 110
108 111
108 112
108 113
108 114
108 115
108 116
108 117
108 118
108 119
108 120
108 121
17 117
26 117
48 117
60 117
76 117
95 117
102 117
117 139
117 147
117 249
117 262
117 277
117 335
117 446
117 456
117 458
117 491
117 586
117 604
117 618
117 630
117 673
117 756
117 864
115 127
127 628
24 139
26 139
39 139
60 139
68 139
83 139
97 139
139 140
139 142
139 143
139 154
139 155
139 167
139 178
139 200
139 207
139 210
139 211
139 229
139 240
139 254
139 259
139 262
139 277
139 284
139 295
139 305
139 316
139 335
139 344
139 354
139 355
139 423
139 444
139 470
139 566
139 590
139 592
139 628
139 631
139 653
139 665
139 670
139 703
139 723
139 761
139 764
139 773
139 795
139 849
139 880
26 145
39 145
60 145
62 145
68 145
72 145
95 145
98 145
145 154
145 166
145 172
145 231
145 249
145 252
145 268
145 272
145 295
145 299
145 402
145 418
145 427
145 626
145 641
145 682
145 691
145 745
145 761
145 812
145 848
145 851
145 890
40 163
163 187
163 360
60 175
64 175
68 175
149 175
169 175
173 175
175 284
175 805
9 178
43 178
45 178
48 178
60 178
64 178
66 178
76 178
83 178
102 178
126 178
171 178
177 178
178 228
178 247
178 309
178 348
178 409
178 410
178 411
178 412
178 413
178 414
178 415
155 181
181 182
181 183
181 184
88 235
131 235
60 237
64 237
66 237
68 237
98 237
151 237
155 237
160 237
211 237
229 237
237 254
237 265
237 283
237 293
237 303
237 352
237 354
237 395
237 436
237 531
237 532
237 533
237 534
237 535
237 536
237 537
237 538
237 539
237 540
60 238
64 238
131 238
154 238
167 238
171 238
174 238
238 277
238 283
238 621
238 622
238 623
238 624
238 625
68 240
80 240
240 387
240 406
240 498
240 642
240 676
17 254
19 254
26 254
47 254
60 254
64 254
66 254
68 254
95 254
155 254
229 254
254 259
254 277
254 283
254 300
254 305
254 348
254 389
254 399
254 402
254 418
254 424
254 500
254 594
254 606
254 629
254 705
17 262
60 262
91 262
114 262
155 262
187 262
236 262
249 262
259 262
262 284
262 289
262 299
262 303
262 319
262 354
262 396
262 398
262 412
262 427
262 437
262 473
262 481
262 495
262 541
262 588
262 611
262 752
262 780
262 890
19 277
26 277
60 277
64 277
74 277
84 277
96 277
154 277
155 277
202 277
210 277
224 277
229 277
253 277
276 277
277 278
277 292
277 348
277 352
277 399
277 445
277 446
277 573
277 588
277 596
277 614
277 615
277 667
277 705
277 709
277 710
277 711
277 712
277 713
277 714
277 715
277 716
277 717
11 299
23 299
26 299
72 299
229 299
296 299
299 728
299 738
60 305
66 305
229 305
304 305
305 309
305 382
305 427
305 478
305 627
305 641
144 328
187 328
328 354
328 458
328 578
43 338
65 338
118 338
229 338
275 338
338 339
338 340
338 341
5 341
49 341
172 341
341 792
19 350
44 350
95 350
96 350
140 350
229 350
247 350
259 350
278 350
350 408
350 437
350 580
350 631
350 719
350 900
66 419
313 419
419 432
419 745
419 854
64 424
266 424
301 424
423 424
424 435
424 529
424 531
424 628
424 656
428 437
437 508
450 451
26 461
236 461
410 543
68 545
174 545
372 545
425 545
544 545
545 577
545 632
545 686
68 547
281 547
64 568
557 568
60 574
563 576
68 590
76 590
98 590
382 590
495 590
119 600
68 692
195 692
692 842
501 697
66 713
68 713
229 713
247 713
483 713
662 713
626 823
80 836
835 836
836 879
172 847
95 872
4 5
5 100
5 291
5 335
5 409
5 418
5 572
99 100
100 371
100 539
100 896
100 903
84 291
96 291
290 291
291 710
8 335
36 335
82 335
91 335
111 335
245 335
335 374
335 761
399 409
409 434
13 418
27 418
60 418
68 418
93 418
97 418
102 418
120 418
270 418
313 418
354 418
418 452
418 500
418 530
418 705
418 706
6 7
6 8
6 9
7 17
7 21
7 96
7 523
7 670
8 17
8 60
8 61
8 66
8 76
8 115
8 116
8 129
8 171
8 218
8 229
8 245
8 314
8 348
8 522
8 525
8 603
8 708
8 709
8 773
9 96
14 17
17 26
17 41
17 45
17 60
17 64
17 76
17 86
17 158
17 210
17 229
17 247
17 259
17 282
17 345
17 377
17 408
17 414
17 420
17 478
17 575
17 673
17 719
17 722
17 735
17 765
17 784
17 794
17 864
18 21
21 216
21 319
21 391
21 631
21 750
26 96
60 96
76 96
83 96
96 102
96 126
96 148
96 155
96 180
96 259
96 278
96 606
96 717
96 837
96 881
147 523
247 670
403 670
670 779
19 60
20 60
23 60
26 60
27 60
48 60
60 64
60 66
60 68
60 73
60 76
60 78
60 80
60 99
60 102
60 115
60 118
60 126
60 131
60 133
60 137
60 149
60 171
60 190
60 205
60 211
60 218
60 229
60 231
60 245
60 246
60 249
60 251
60 253
60 256
60 268
60 270
60 275
60 306
60 307
60 314
60 318
60 319
60 320
60 346
60 348
60 351
60 377
60 380
60 388
60 390
60 412
60 420
60 432
60 435
60 440
60 456
60 458
60 468
60 470
60 483
60 500
60 503
60 509
60 511
60 514
60 522
60 525
60 531
60 537
60 548
60 554
60 563
60 567
60 573
60 575
60 594
60 607
60 617
60 618
60 631
60 651
60 652
60 688
60 695
60 701
60 709
60 710
60 721
60 723
60 727
60 734
60 735
60 736
60 737
60 738
60 739
60 740
60 741
60 742
60 743
60 744
60 745
60 746
60 747
60 748
60 749
60 750
60 751
11 66
19 66
26 66
41 66
47 66
48 66
64 66
66 68
66 76
66 115
66 129
66 140
66 149
66 174
66 202
66 229
66 231
66 247
66 270
66 289
66 326
66 342
66 348
66 393
66 436
66 463
66 474
66 678
66 702
66 724
66 757
66 828
66 829
66 830
24 76
76 132
76 133
76 192
76 199
76 260
76 275
76 279
76 293
76 308
76 427
76 503
76 621
76 675
76 688
76 733
76 777
76 785
76 799
76 884
76 885
52 115
81 115
98 115
115 140
115 167
115 312
115 432
115 438
115 446
115 476
115 478
115 833
116 137
116 155
116 169
116 289
116 323
116 825
97 129
129 130
129 131
129 132
129 133
27 171
102 171
164 171
171 195
171 213
171 271
171 385
171 491
171 684
171 816
64 218
68 218
83 218
118 218
158 218
215 218
218 278
218 425
218 488
218 516
218 531
218 583
218 591
218 640
26 229
45 229
64 229
88 229
89 229
131 229
136 229
140 229
143 229
164 229
200 229
210 229
211 229
227 229
229 259
229 278
229 281
229 296
229 297
229 309
229 344
229 400
229 455
229 460
229 476
229 477
229 481
229 493
229 598
229 602
229 611
229 613
229 618
229 672
229 731
229 735
229 768
229 794
229 796
229 806
229 859
229 885
229 886
26 245
68 245
97 245
245 288
245 337
245 754
245 756
64 314
144 314
293 314
312 314
314 454
314 504
314 525
13 348
44 348
98 348
102 348
166 348
192 348
348 351
348 381
348 766
348 791
89 522
147 522
211 522
522 855
19 525
183 525
353 525
525 550
327 603
336 603
436 603
593 603
603 758
772 773
10 11
10 13
11 26
11 149
11 172
11 223
11 318
11 399
11 415
11 456
11 457
11 458
13 95
13 296
13 755
25 26
26 39
26 64
26 65
26 68
26 74
26 80
26 120
26 126
26 142
26 144
26 149
26 155
26 164
26 167
26 186
26 195
26 210
26 212
26 226
26 231
26 293
26 296
26 323
26 354
26 370
26 373
26 427
26 449
26 491
26 504
26 512
26 524
26 535
26 559
26 578
26 580
26 592
26 608
26 610
26 611
26 614
26 633
26 636
26 673
26 674
26 675
26 676
26 677
26 678
26 679
26 680
26 681
26 682
26 683
26 684
26 685
26 686
26 687
26 688
146 149
149 166
149 172
149 253
149 352
149 684
149 704
149 865
172 407
172 447
172 564
172 768
172 811
64 223
221 223
126 399
275 399
398 399
344 415
415 464
456 549
456 687
140 458
39 64
39 68
39 135
39 136
39 137
39 138
39 140
39 141
39 142
39 143
39 144
43 64
47 64
48 64
62 64
64 68
64 81
64 155
64 164
64 167
64 177
64 212
64 253
64 270
64 275
64 281
64 342
64 352
64 364
64 367
64 432
64 460
64 485
64 504
64 519
64 550
64 639
64 661
64 662
64 676
64 710
64 721
64 748
64 793
64 794
64 795
64 796
64 797
64 798
64 799
45 68
62 68
68 74
68 95
68 103
68 130
68 147
68 155
68 182
68 187
68 190
68 210
68 233
68 259
68 269
68 276
68 294
68 300
68 319
68 327
68 339
68 347
68 358
68 388
68 412
68 427
68 428
68 471
68 479
68 688
68 764
68 813
68 840
62 74
74 143
74 177
74 479
74 592
74 604
74 609
74 673
74 787
74 882
80 130
80 140
80 813
83 553
83 843
83 865
83 894
83 899
48 86
86 144
86 155
86 377
86 410
65 102
101 102
102 190
102 284
102 385
102 651
102 727
102 728
120 132
132 247
132 275
132 310
132 316
132 391
132 513
132 553
132 611
137 182
137 247
137 474
153 154
154 856
19 155
85 155
95 155
153 155
155 220
155 239
155 253
155 260
155 266
155 307
155 340
155 386
155 425
155 434
155 473
155 485
155 736
155 795
155 863
155 897
24 167
105 167
164 167
167 288
167 290
167 617
167 643
170 743
173 174
174 620
174 654
47 182
182 230
182 231
196 198
198 671
198 672
203 204
204 605
95 211
209 211
211 231
211 304
211 319
211 346
211 349
211 354
211 633
211 735
211 743
211 769
211 868
151 214
97 231
231 499
231 628
231 691
231 749
231 793
231 820
236 342
236 387
236 462
93 247
247 353
247 435
247 480
247 588
247 701
247 775
19 249
249 342
249 555
249 591
272 273
273 401
273 520
273 521
44 313
312 313
313 324
313 416
313 417
313 420
327 858
44 346
44 347
347 841
184 354
289 354
351 354
354 558
333 372
371 372
432 433
433 588
433 818
433 819
471 472
482 483
483 578
483 758
483 821
24 491
89 491
118 491
357 491
391 491
491 513
491 528
491 715
321 500
360 500
496 500
500 704
183 509
493 509
426 546
130 601
261 641
275 641
319 641
549 641
391 644
259 646
646 677
95 648
195 648
478 648
594 650
65 95
95 140
95 290
95 387
95 436
95 488
95 492
95 508
95 760
95 820
95 849
296 297
296 298
296 300
296 301
296 302
296 303
63 755
14 16
18 19
19 146
19 159
19 495
19 558
19 561
19 586
19 605
19 627
19 712
19 761
19 762
25 27
25 29
25 31
47 48
47 309
47 382
47 383
47 384
84 309
84 393
84 404
84 434
91 187
112 160
120 185
120 734
120 873
126 176
126 184
126 319
126 342
126 455
38 134
134 179
134 180
29 140
140 187
140 309
140 374
140 377
140 386
140 796
140 887
89 143
143 201
143 287
143 389
221 224
221 225
27 224
224 344
224 527
250 710
24 278
48 278
260 278
275 278
276 278
278 317
278 352
278 392
278 469
278 575
278 732
278 771
278 803
336 378
378 617
378 687
389 390
389 391
166 390
390 616
200 441
440 441
441 628
110 524
345 542
220 564
567 592
567 602
89 573
323 573
517 573
573 620
573 744
151 575
539 575
45 275
45 359
45 360
156 158
158 289
158 371
158 511
136 210
209 210
210 749
29 259
147 259
161 259
259 440
259 495
259 514
259 518
259 580
259 693
259 805
259 849
280 282
44 345
345 518
345 541
200 420
230 478
275 478
477 478
478 495
478 718
478 749
718 719
187 722
319 722
733 735
735 752
93 794
18 20
27 146
146 147
146 148
146 150
146 151
146 152
156 159
159 176
24 495
31 495
164 495
495 801
558 559
561 562
109 586
444 586
496 586
65 605
270 605
605 626
605 627
605 628
540 627
627 807
215 216
261 319
319 397
319 729
275 391
391 589
391 723
391 887
265 631
275 631
750 844
22 23
22 24
23 380
23 381
24 166
24 284
166 859
48 284
284 285
284 286
27 133
27 330
27 682
27 777
27 778
29 850
31 800
65 352
65 514
65 515
65 517
65 801
144 393
144 680
144 890
164 811
185 186
93 195
194 195
195 315
195 632
195 677
195 688
195 690
195 776
209 212
212 233
212 239
212 359
212 435
212 681
212 704
212 824
292 293
293 763
323 473
369 370
85 427
427 428
427 429
49 449
512 513
349 559
162 578
579 580
592 593
592 594
606 608
488 610
98 614
634 636
325 674
676 831
677 766
680 888
329 684
444 686
89 688
255 688
541 688
596 688
688 888
121 133
133 617
118 330
730 777
261 778
35 36
36 62
36 368
36 464
62 258
82 358
82 430
270 597
270 628
270 845
274 275
275 552
275 820
48 283
43 344
344 387
356 358
470 531
531 632
582 583
582 584
109 588
343 588
733 734
789 791
791 857
827 898
97 243
147 243
423 425
425 705
853 874
48 230
48 297
48 385
48 386
48 387
48 388
97 251
97 342
97 493
97 668
97 808
98 193
98 482
98 783
151 220
151 263
151 385
151 597
184 423
184 774
184 894
207 208
187 339
339 517
398 400
532 655
130 602
73 628
192 628
508 703
703 730
717 759
693 759
807 808
364 891
351 352
352 368
285 364
363 364
230 412
56 368
141 368
200 368
266 368
355 368
368 658
368 820
368 821
89 464
38 113
43 342
43 343
44 265
44 349
52 560
53 599
56 219
56 396
71 263
73 555
77 220
78 337
78 505
87 480
89 148
89 187
89 886
92 789
92 890
93 436
135 279
136 263
136 401
258 301
317 342
317 530
322 581
326 814
332 595
333 607
309 342
342 444
342 445
342 446
265 880
349 388
349 511
349 596
360 879
131 187
185 187
187 205
187 720
187 721
188 189
374 413
253 375
379 876
308 309
309 671
309 700
384 607
384 860
111 385
387 505
387 652
387 653
388 454
103 105
191 192
199 200
215 220
263 353
263 493
310 311
365 366
421 422
435 436
161 453
462 489
131 473
168 484
169 486
405 487
487 577
493 745
493 802
496 846
497 591
498 803
501 877
442 506
507 553
507 888
510 728
118 511
560 634
560 860
306 307
615 811
215 219
422 557
555 557
557 626
106 107
201 202
202 442
244 730
251 804
280 281
356 357
552 553
606 607
654 812
659 660
690 817
695 857
700 790
131 767
205 206
169 253
253 402
268 594
268 788
268 901
351 353
351 355
466 468
468 866
469 470
548 549
594 856
150 617
618 619
738 745
541 739
740 805
743 854
413 744
114 748
550 839
541 661
661 662
288 289
289 770
393 394
757 758
475 476
781 782
658 833
833 878
233 234
197 300
813 814
555 556
261 758
448 785
776 785
706 707
862 863
430 431
402 404
480 481
180 653
705 871
789 790
667 668
423 426
109 587
111 658
587 900
657 658
658 669
438 439
541 630
513 584
200 656
355 626
355 875
353 423
664 665
402 403
402 405
626 824
150 353
353 526
353 527
595 597
162 577
521 577
209 213
538 816
447 448
227 228
429 776
196 197
442 466
824 902
215 217
267 616
540 790
790 870
625 874
619 730
753 754
301 809
752 867
595 596
286 551
551 844
366 706
422 585
422 810
431 448
819 878
466 467
838 839
634 635
