1 2
1 3
1 4
1 5
1 6
1 7
1 8
1 9
2 8
2 11
2 14
2 27
2 29
2 32
2 34
2 35
2 51
2 53
2 72
2 86
2 105
2 121
2 148
2 161
2 169
2 196
2 206
2 243
2 248
2 252
2 276
2 355
2 366
2 367
2 410
2 412
2 417
2 419
2 424
2 436
2 437
2 438
2 439
2 440
2 441
2 442
2 443
2 444
2 445
2 446
3 7
3 50
3 56
3 72
3 105
3 111
3 155
3 186
3 219
3 235
3 244
3 317
3 397
3 485
3 500
4 26
4 221
4 547
4 548
4 549
5 48
5 58
5 91
5 141
5 176
5 178
5 186
5 235
5 269
5 276
5 335
5 381
5 422
5 495
5 497
5 641
5 769
6 14
6 672
7 11
7 14
7 16
7 21
7 24
7 27
7 29
7 32
7 35
7 45
7 56
7 67
7 68
7 78
7 83
7 84
7 85
7 86
7 94
7 99
7 100
7 102
7 112
7 119
7 121
7 130
7 131
7 145
7 177
7 181
7 185
7 186
7 191
7 197
7 198
7 200
7 209
7 214
7 222
7 235
7 238
7 239
7 247
7 248
7 249
7 253
7 254
7 255
7 261
7 269
7 276
7 296
7 317
7 329
7 341
7 352
7 358
7 394
7 407
7 415
7 419
7 447
7 451
7 485
7 495
7 524
7 534
7 559
7 607
7 609
7 650
7 668
7 696
7 701
7 722
7 804
7 883
7 894
8 29
8 276
9 13
9 14
9 16
9 21
9 23
9 30
9 34
9 35
9 37
9 42
9 45
9 56
9 72
9 86
9 89
9 91
9 101
9 122
9 143
9 177
9 180
9 185
9 186
9 191
9 195
9 199
9 229
9 240
9 248
9 249
9 271
9 282
9 318
9 335
9 337
9 347
9 393
9 402
9 409
9 412
9 480
9 548
9 599
9 609
9 617
9 641
9 781
9 787
9 816
9 819
9 878
9 898
10 11
11 16
11 39
11 40
11 56
11 73
11 88
11 90
11 94
11 110
11 145
11 186
11 201
11 441
11 796
11 797
13 14
14 16
14 17
14 21
14 22
14 27
14 29
14 30
14 34
14 35
14 36
14 39
14 45
14 48
14 52
14 58
14 60
14 68
14 83
14 86
14 88
14 91
14 98
14 101
14 105
14 119
14 122
14 131
14 132
14 133
14 153
14 169
14 171
14 174
14 175
14 178
14 186
14 191
14 214
14 219
14 221
14 228
14 230
14 235
14 244
14 254
14 269
14 272
14 273
14 278
14 280
14 305
14 315
14 358
14 363
14 391
14 399
14 412
14 415
14 440
14 459
14 506
14 526
14 542
14 545
14 546
14 547
14 549
14 550
14 574
14 595
14 610
14 716
14 777
14 778
14 779
16 27
20 27
21 27
26 27
27 30
27 31
27 39
27 44
27 45
27 52
27 55
27 57
27 60
27 63
27 67
27 68
27 72
27 74
27 84
27 91
27 94
27 99
27 101
27 105
27 107
27 113
27 119
27 121
27 125
27 150
27 169
27 171
27 177
27 178
27 180
27 181
27 186
27 195
27 205
27 215
27 222
27 224
27 227
27 235
27 248
27 249
27 262
27 269
27 277
27 278
27 293
27 301
27 305
27 312
27 320
27 327
27 329
27 331
27 335
27 341
27 365
27 378
27 380
27 386
27 410
27 412
27 448
27 457
27 464
27 490
27 557
27 562
27 587
27 589
27 594
27 606
27 624
27 630
27 645
27 647
27 690
27 707
27 734
27 774
27 795
27 798
27 799
27 857
27 866
27 868
16 29
26 29
28 29
29 34
29 35
29 39
29 45
29 50
29 56
29 58
29 67
29 86
29 87
29 89
29 91
29 105
29 132
29 141
29 166
29 176
29 185
29 186
29 219
29 280
29 296
29 322
29 341
29 345
29 352
29 353
29 373
29 391
29 397
29 419
29 420
29 428
29 440
29 473
29 482
29 490
29 574
29 575
29 576
29 577
29 578
29 579
29 580
29 581
29 582
29 583
22 32
28 32
32 72
32 89
32 91
32 105
32 115
32 119
32 176
32 177
32 206
32 222
32 229
32 322
32 329
32 341
32 370
32 431
32 472
32 570
32 678
32 681
32 801
32 854
32 884
32 910
15 34
16 34
18 34
21 34
22 34
30 34
33 34
34 35
34 58
34 86
34 91
34 97
34 101
34 105
34 121
34 156
34 167
34 192
34 237
34 240
34 248
34 261
34 325
34 351
34 352
34 443
34 453
34 454
34 455
34 456
34 457
34 458
34 459
21 35
22 35
26 35
33 35
35 39
35 42
35 58
35 60
35 72
35 74
35 86
35 87
35 89
35 90
35 91
35 92
35 93
35 95
35 101
35 111
35 119
35 121
35 122
35 123
35 130
35 131
35 143
35 167
35 169
35 176
35 177
35 186
35 191
35 195
35 196
35 198
35 202
35 206
35 214
35 221
35 235
35 247
35 248
35 251
35 252
35 298
35 301
35 330
35 341
35 342
35 378
35 391
35 393
35 442
35 453
35 471
35 491
35 523
35 536
35 546
35 548
35 616
35 617
35 618
35 619
35 620
21 51
30 51
49 51
51 66
51 195
51 327
51 333
51 367
51 373
51 383
51 417
51 439
51 465
51 497
51 502
51 503
51 504
51 505
51 506
51 507
30 53
37 53
39 53
48 53
49 53
53 58
53 73
53 74
53 83
53 86
53 105
53 144
53 161
53 176
53 192
53 219
53 249
53 312
53 420
53 456
53 629
53 715
53 889
15 72
16 72
21 72
22 72
24 72
26 72
30 72
37 72
39 72
40 72
45 72
48 72
50 72
52 72
56 72
58 72
64 72
65 72
67 72
68 72
70 72
72 73
72 74
72 81
72 86
72 91
72 92
72 105
72 115
72 122
72 123
72 131
72 138
72 141
72 144
72 145
72 158
72 166
72 167
72 168
72 176
72 177
72 180
72 183
72 184
72 186
72 191
72 193
72 195
72 200
72 201
72 203
72 206
72 207
72 218
72 222
72 234
72 235
72 238
72 248
72 257
72 266
72 276
72 278
72 296
72 301
72 305
72 309
72 315
72 326
72 327
72 336
72 337
72 341
72 343
72 352
72 379
72 398
72 409
72 412
72 413
72 415
72 431
72 432
72 438
72 439
72 442
72 467
72 471
72 472
72 473
72 478
72 499
72 505
72 508
72 512
72 522
72 526
72 542
72 547
72 548
72 594
72 643
72 648
72 674
72 675
72 727
72 752
72 756
72 795
72 827
72 843
72 857
72 883
16 86
21 86
26 86
39 86
45 86
58 86
66 86
67 86
81 86
85 86
86 91
86 98
86 101
86 105
86 108
86 119
86 128
86 131
86 164
86 177
86 191
86 192
86 215
86 217
86 235
86 239
86 240
86 248
86 299
86 312
86 320
86 324
86 367
86 380
86 390
86 413
86 607
86 641
86 642
86 643
86 644
86 645
86 646
86 647
86 648
86 649
86 650
16 105
18 105
21 105
22 105
26 105
39 105
40 105
41 105
45 105
50 105
56 105
58 105
60 105
66 105
67 105
74 105
79 105
83 105
94 105
98 105
101 105
104 105
105 119
105 121
105 128
105 131
105 143
105 145
105 157
105 173
105 176
105 190
105 191
105 195
105 200
105 201
105 203
105 204
105 206
105 210
105 215
105 219
105 222
105 235
105 236
105 240
105 244
105 245
105 257
105 258
105 260
105 261
105 262
105 276
105 278
105 294
105 298
105 306
105 307
105 312
105 319
105 322
105 329
105 339
105 352
105 373
105 381
105 382
105 397
105 400
105 412
105 415
105 432
105 433
105 455
105 469
105 474
105 480
105 485
105 512
105 559
105 563
105 569
105 590
105 597
105 604
105 606
105 626
105 654
105 685
105 698
105 706
105 708
105 712
105 721
105 736
105 737
105 747
105 778
105 793
105 794
105 802
105 822
105 855
105 857
105 906
105 918
21 121
24 121
26 121
30 121
39 121
47 121
52 121
56 121
64 121
66 121
85 121
91 121
94 121
98 121
101 121
102 121
112 121
117 121
119 121
121 128
121 131
121 135
121 141
121 143
121 166
121 169
121 177
121 186
121 192
121 201
121 206
121 209
121 214
121 218
121 219
121 222
121 225
121 235
121 246
121 248
121 257
121 260
121 276
121 278
121 286
121 296
121 315
121 329
121 334
121 346
121 361
121 367
121 370
121 409
121 412
121 414
121 415
121 439
121 442
121 464
121 479
121 485
121 495
121 510
121 542
121 544
121 548
121 556
121 593
121 605
121 624
121 662
121 663
121 664
121 665
121 666
121 667
121 668
121 669
121 670
121 671
121 672
121 673
121 674
45 148
91 148
94 148
119 148
130 148
146 148
148 222
148 248
148 388
148 552
30 161
40 161
56 161
58 161
68 161
91 161
94 161
137 161
158 161
161 169
161 192
161 193
161 200
161 244
161 245
161 259
161 329
161 337
161 803
161 804
21 169
30 169
39 169
47 169
64 169
88 169
99 169
118 169
119 169
123 169
150 169
168 169
169 181
169 182
169 183
169 184
169 185
169 186
169 187
169 188
169 189
169 190
169 191
169 192
169 193
169 194
169 195
169 196
169 197
169 198
169 199
169 200
169 201
169 202
169 203
169 204
21 196
30 196
68 196
91 196
123 196
190 196
196 202
196 436
196 620
196 631
196 661
196 806
16 206
21 206
22 206
26 206
30 206
40 206
45 206
56 206
58 206
74 206
98 206
100 206
101 206
119 206
141 206
143 206
174 206
186 206
195 206
205 206
206 224
206 235
206 236
206 247
206 248
206 276
206 288
206 292
206 301
206 310
206 312
206 329
206 359
206 360
206 361
206 362
206 363
206 364
206 365
206 366
206 367
206 368
206 369
206 370
206 371
206 372
206 373
206 374
206 375
206 376
206 377
239 243
16 248
21 248
30 248
52 248
56 248
82 248
91 248
94 248
112 248
119 248
130 248
131 248
142 248
143 248
185 248
186 248
191 248
195 248
246 248
248 311
248 329
248 372
248 412
248 434
248 470
248 485
248 505
248 522
248 527
248 545
248 554
248 582
248 615
248 637
248 720
248 736
248 779
248 817
248 861
248 902
248 903
248 904
30 252
42 252
58 252
91 252
116 252
124 252
176 252
218 252
252 253
252 254
21 276
39 276
42 276
45 276
50 276
56 276
68 276
122 276
145 276
184 276
275 276
276 301
276 307
276 309
276 365
276 419
276 432
276 439
276 588
276 604
276 615
276 674
273 355
39 366
131 366
186 366
285 366
366 387
366 419
366 448
366 479
366 548
366 609
366 686
366 816
366 817
366 853
30 367
45 367
83 367
119 367
180 367
191 367
204 367
209 367
222 367
235 367
249 367
305 367
367 370
367 666
367 682
367 765
367 777
367 784
367 878
40 410
91 410
101 410
143 410
176 410
237 410
332 410
403 410
410 411
410 810
16 412
30 412
39 412
40 412
60 412
64 412
101 412
119 412
131 412
132 412
133 412
150 412
204 412
221 412
235 412
238 412
261 412
301 412
361 412
373 412
380 412
412 439
412 443
412 480
412 531
412 639
412 686
412 704
412 714
412 715
415 417
16 419
45 419
95 419
98 419
119 419
131 419
191 419
195 419
215 419
244 419
261 419
301 419
415 419
419 432
16 437
67 438
185 438
191 438
193 438
347 438
377 438
438 479
438 706
15 439
16 439
91 439
439 451
439 671
439 716
42 440
45 440
56 440
329 440
330 440
440 745
16 441
22 441
74 441
91 441
94 441
131 441
135 441
166 441
176 441
186 441
203 441
301 441
441 691
441 824
19 442
39 442
143 442
191 442
235 442
373 442
442 467
442 833
442 842
39 444
123 444
30 445
39 445
45 445
88 445
133 445
193 445
202 445
445 490
445 720
445 756
373 446
381 446
446 866
16 50
49 50
50 58
50 68
50 74
50 89
50 91
50 133
50 141
50 143
50 168
50 186
50 198
50 219
50 229
50 239
50 240
50 289
50 329
50 341
50 346
50 363
50 381
50 455
50 494
50 496
50 497
50 498
50 499
21 56
31 56
39 56
45 56
49 56
56 58
56 66
56 91
56 94
56 119
56 131
56 143
56 176
56 185
56 190
56 219
56 239
56 246
56 269
56 285
56 309
56 312
56 325
56 343
56 373
56 415
56 432
56 449
56 458
56 480
56 502
56 503
56 544
56 697
56 796
56 800
56 877
56 878
56 912
110 111
111 859
68 155
154 155
15 186
16 186
21 186
30 186
39 186
52 186
58 186
67 186
91 186
94 186
97 186
116 186
128 186
131 186
143 186
145 186
153 186
173 186
176 186
183 186
186 200
186 214
186 215
186 221
186 229
186 238
186 240
186 263
186 299
186 301
186 312
186 343
186 409
186 415
186 460
186 514
186 536
186 547
186 555
186 556
186 557
186 558
186 559
186 560
186 561
186 562
186 563
186 564
186 565
16 219
21 219
22 219
25 219
91 219
101 219
219 220
219 221
219 222
219 223
219 224
219 225
219 226
219 227
26 235
30 235
39 235
45 235
66 235
68 235
74 235
83 235
89 235
92 235
94 235
100 235
112 235
119 235
131 235
191 235
222 235
225 235
229 235
235 238
235 249
235 281
235 301
235 306
235 312
235 320
235 330
235 331
235 359
235 370
235 393
235 395
235 397
235 399
235 415
235 453
235 456
235 482
235 514
235 572
235 581
235 596
235 619
235 652
235 653
235 656
235 665
235 667
235 707
235 718
235 744
235 747
235 771
235 817
235 831
235 861
235 870
235 879
235 904
235 906
235 907
31 244
52 244
58 244
193 244
239 244
244 467
244 605
244 684
244 891
21 317
39 317
45 317
317 415
16 397
30 397
42 397
64 397
67 397
83 397
102 397
125 397
237 397
373 397
380 397
397 586
397 715
397 888
397 900
91 485
119 485
191 485
238 485
485 534
485 535
485 536
74 500
91 500
288 500
500 709
500 838
20 26
21 26
26 30
26 41
26 60
26 101
26 131
26 143
26 185
26 218
26 329
26 391
26 400
26 432
26 547
26 558
26 587
26 601
26 638
26 660
26 679
26 739
26 837
15 221
17 221
39 221
45 221
52 221
58 221
64 221
73 221
88 221
89 221
91 221
101 221
122 221
139 221
166 221
174 221
221 224
221 240
221 278
221 302
221 309
221 311
221 326
221 498
221 533
221 541
221 542
221 543
221 544
221 545
221 546
279 547
16 548
23 548
30 548
91 548
112 548
269 548
309 548
341 548
548 551
548 858
548 870
548 896
47 549
351 549
44 48
48 91
48 128
48 432
48 553
48 849
48 893
16 58
22 58
39 58
57 58
58 74
58 79
58 91
58 94
58 96
58 98
58 112
58 143
58 158
58 166
58 193
58 245
58 325
58 373
58 422
58 471
58 472
58 522
58 526
58 604
58 615
58 618
58 719
58 759
58 776
58 847
16 91
18 91
19 91
21 91
22 91
24 91
30 91
39 91
40 91
43 91
45 91
52 91
60 91
66 91
67 91
68 91
73 91
74 91
79 91
80 91
81 91
83 91
91 94
91 100
91 109
91 122
91 127
91 128
91 130
91 131
91 143
91 153
91 174
91 193
91 195
91 202
91 204
91 222
91 240
91 249
91 261
91 269
91 274
91 286
91 296
91 298
91 301
91 314
91 326
91 327
91 341
91 346
91 359
91 363
91 364
91 373
91 386
91 391
91 393
91 415
91 416
91 431
91 448
91 458
91 473
91 475
91 480
91 482
91 494
91 495
91 497
91 508
91 526
91 530
91 532
91 534
91 538
91 575
91 582
91 627
91 631
91 644
91 649
91 651
91 683
91 697
91 705
91 722
91 733
91 762
91 793
91 805
91 806
91 807
91 808
91 809
91 810
91 811
91 812
91 813
91 814
91 815
16 141
30 141
66 141
74 141
80 141
93 141
94 141
119 141
125 141
128 141
131 141
140 141
141 166
141 175
141 176
141 202
141 240
141 256
141 257
141 258
141 259
141 260
141 261
141 262
141 263
141 264
141 265
141 266
16 176
21 176
22 176
30 176
39 176
66 176
79 176
92 176
94 176
112 176
115 176
119 176
131 176
166 176
175 176
176 178
176 195
176 215
176 294
176 393
176 409
176 415
176 431
176 432
176 479
176 496
176 566
176 569
176 580
176 587
176 598
176 613
176 707
176 708
176 709
176 710
67 178
68 178
94 178
100 178
131 178
166 178
175 178
178 283
178 347
178 382
178 409
178 532
178 566
178 734
178 763
178 841
178 873
178 890
21 269
40 269
112 269
143 269
181 269
191 269
203 269
268 269
269 543
269 760
269 829
269 897
21 335
200 335
335 780
335 873
335 897
335 916
16 381
40 381
82 381
213 381
341 381
381 530
381 531
60 422
131 422
261 422
422 423
119 495
261 495
278 495
495 725
74 497
88 497
222 497
329 497
45 641
193 641
215 641
363 672
464 672
672 761
13 16
15 16
16 21
16 45
16 52
16 60
16 64
16 67
16 68
16 74
16 83
16 89
16 90
16 94
16 101
16 122
16 129
16 143
16 191
16 195
16 210
16 211
16 217
16 257
16 260
16 266
16 267
16 288
16 301
16 314
16 322
16 331
16 343
16 350
16 390
16 402
16 432
16 451
16 473
16 475
16 479
16 493
16 514
16 544
16 618
16 647
16 660
16 685
16 702
16 733
16 736
16 771
16 810
19 21
20 21
21 30
21 39
21 40
21 42
21 45
21 67
21 73
21 74
21 79
21 83
21 88
21 89
21 94
21 98
21 101
21 117
21 118
21 119
21 131
21 143
21 157
21 168
21 182
21 188
21 191
21 193
21 204
21 222
21 225
21 233
21 238
21 253
21 266
21 272
21 274
21 282
21 283
21 284
21 285
21 286
21 287
21 288
21 289
21 290
21 291
21 292
21 293
21 294
21 295
21 296
21 297
21 298
21 299
21 300
21 301
21 302
21 303
21 304
21 305
21 306
21 307
21 308
21 309
21 310
21 311
21 312
21 313
21 314
21 315
21 316
21 318
21 319
21 320
21 321
21 322
21 323
21 324
21 325
21 326
21 327
21 328
21 329
21 330
21 331
21 332
21 333
21 334
21 336
21 337
21 338
21 339
21 340
21 341
21 342
21 343
21 344
20 24
24 128
24 752
22 45
30 45
44 45
45 89
45 98
45 101
45 145
45 202
45 205
45 216
45 238
45 261
45 262
45 305
45 331
45 361
45 415
45 435
45 508
45 779
45 791
45 810
45 823
45 826
45 827
45 828
45 829
45 830
22 67
62 67
64 67
67 68
67 74
67 117
67 129
67 180
67 239
67 268
67 309
67 522
67 640
67 745
67 836
62 68
68 74
68 85
68 101
68 122
68 137
68 174
68 175
68 250
68 266
68 329
68 336
68 432
68 473
68 573
68 757
68 838
77 78
78 329
81 83
83 87
83 92
83 94
83 101
83 143
83 147
83 180
83 211
83 301
83 309
83 315
83 322
83 370
83 389
83 390
83 391
83 392
83 393
83 394
83 395
83 396
83 398
83 399
83 400
83 401
81 84
84 94
84 112
84 566
81 85
85 109
85 150
85 193
85 200
85 487
85 621
30 94
39 94
52 94
66 94
74 94
81 94
89 94
94 98
94 100
94 101
94 122
94 133
94 143
94 160
94 168
94 185
94 191
94 224
94 226
94 234
94 261
94 263
94 271
94 274
94 282
94 306
94 307
94 318
94 328
94 333
94 343
94 353
94 456
94 466
94 473
94 478
94 530
94 536
94 615
94 649
94 652
94 661
94 676
94 681
94 698
94 733
94 736
94 775
94 797
94 819
94 830
94 860
81 99
99 164
99 261
99 299
99 322
30 100
39 100
52 100
81 100
100 101
100 132
100 158
100 214
100 217
100 222
100 274
100 322
100 338
100 341
100 380
100 471
100 555
100 626
100 712
100 750
100 819
100 845
100 903
15 102
39 102
47 102
81 102
102 143
102 150
102 173
102 234
102 299
102 451
102 478
102 480
102 586
102 617
102 776
102 914
22 112
31 112
39 112
42 112
74 112
110 112
112 119
112 143
112 153
112 201
112 211
112 234
112 258
112 286
112 288
112 348
112 374
112 400
112 409
112 509
112 618
112 674
112 736
112 861
112 870
39 119
46 119
90 119
98 119
117 119
119 180
119 182
119 237
119 271
119 288
119 319
119 322
119 352
119 409
119 432
119 448
119 486
119 487
119 488
119 489
119 490
119 491
119 492
119 493
119 494
37 130
122 130
129 130
130 198
130 404
130 513
130 514
130 515
130 516
130 517
130 518
130 519
30 131
39 131
64 131
74 131
98 131
123 131
129 131
131 143
131 191
131 193
131 195
131 202
131 229
131 247
131 261
131 272
131 280
131 288
131 291
131 296
131 301
131 329
131 336
131 358
131 363
131 393
131 409
131 413
131 434
131 435
131 460
131 482
131 499
131 508
131 515
131 527
131 529
131 544
131 567
131 604
131 605
131 606
131 607
22 145
74 145
143 145
144 145
145 199
145 214
145 258
145 301
145 305
145 320
145 336
145 408
145 527
145 661
145 717
30 177
118 177
175 177
177 321
177 480
177 658
177 698
181 246
181 282
181 309
181 329
181 349
181 350
181 351
42 185
135 185
185 189
185 301
185 370
185 409
185 418
185 521
185 522
23 191
30 191
39 191
42 191
52 191
60 191
82 191
98 191
101 191
122 191
123 191
133 191
191 194
191 202
191 228
191 229
191 239
191 240
191 262
191 278
191 301
191 319
191 427
191 434
191 493
191 506
191 555
191 562
191 676
191 723
191 771
191 790
191 791
191 792
191 793
74 197
197 655
52 198
73 198
122 198
198 214
198 288
198 361
198 415
198 872
183 200
200 489
200 506
200 575
200 844
200 876
42 209
205 209
209 478
19 214
39 214
40 214
47 214
52 214
143 214
211 214
214 278
214 329
214 373
214 409
214 465
214 568
214 606
214 675
214 678
214 729
214 782
214 787
214 920
19 222
30 222
39 222
98 222
128 222
142 222
194 222
222 251
222 257
222 321
222 333
222 409
222 517
222 519
222 545
222 584
222 597
222 598
22 238
201 238
236 238
238 329
238 459
238 616
238 619
238 774
238 874
239 240
239 241
239 242
239 245
47 247
246 247
247 671
40 249
143 249
246 249
249 352
249 411
249 451
249 473
249 486
249 517
249 694
249 899
240 253
253 526
253 767
254 391
254 819
254 896
61 261
73 261
89 261
90 261
118 261
143 261
199 261
220 261
261 280
261 343
261 391
261 409
261 415
261 420
261 562
261 690
261 713
261 801
261 857
261 878
98 296
263 296
296 311
30 329
39 329
40 329
74 329
116 329
133 329
240 329
320 329
326 329
329 352
329 359
329 558
329 614
329 627
329 665
329 679
329 688
329 703
19 341
30 341
47 341
60 341
79 341
82 341
101 341
139 341
233 341
263 341
278 341
332 341
341 421
341 426
341 481
341 587
341 613
341 802
341 869
64 352
182 352
204 352
326 352
352 380
352 779
357 358
358 537
394 539
52 407
89 407
101 407
406 407
407 534
407 892
88 415
180 415
223 415
322 415
395 415
415 416
415 418
415 420
30 447
447 448
118 451
137 451
299 451
322 451
451 480
451 715
66 524
135 524
171 524
225 524
523 524
524 606
524 713
524 830
39 534
52 534
534 684
534 685
30 559
39 559
74 559
101 559
166 559
190 559
463 559
466 559
533 559
559 673
559 695
559 862
87 607
314 607
458 607
320 609
322 609
608 609
609 711
609 712
202 650
190 668
333 668
391 696
73 701
316 701
616 701
720 722
722 757
98 883
263 883
13 15
13 17
13 18
13 19
20 23
23 448
23 653
19 30
28 30
30 37
30 39
30 46
30 52
30 60
30 63
30 66
30 75
30 79
30 98
30 101
30 107
30 116
30 117
30 122
30 128
30 140
30 150
30 175
30 210
30 215
30 229
30 246
30 260
30 272
30 288
30 302
30 305
30 321
30 322
30 326
30 408
30 432
30 467
30 499
30 501
30 516
30 522
30 539
30 587
30 590
30 591
30 667
30 723
30 724
30 725
30 726
30 727
30 728
30 729
30 730
30 731
30 732
30 733
30 734
30 735
30 736
33 37
37 39
37 52
37 89
37 180
37 298
37 413
37 432
37 658
37 663
33 42
42 52
42 66
42 89
42 101
42 109
42 110
42 180
42 215
42 319
42 347
42 458
42 479
42 545
42 590
42 594
42 745
42 807
42 856
42 874
42 903
60 89
81 89
89 93
89 132
89 143
89 157
89 166
89 224
89 260
89 314
89 478
89 566
89 681
89 745
89 754
89 755
15 101
39 101
40 101
69 101
81 101
101 122
101 125
101 174
101 180
101 199
101 202
101 215
101 251
101 271
101 330
101 350
101 361
101 371
101 380
101 383
101 389
101 392
101 471
101 685
101 704
101 706
101 771
101 823
101 848
101 859
101 882
73 122
74 122
76 122
117 122
120 122
122 150
122 480
122 627
122 816
122 817
39 143
52 143
65 143
66 143
73 143
74 143
88 143
98 143
123 143
140 143
143 224
143 288
143 305
143 342
143 375
143 386
143 435
143 479
143 555
143 558
143 587
143 683
143 700
143 719
143 726
143 750
143 892
143 905
87 180
90 180
179 180
180 195
180 251
180 539
180 647
180 697
180 742
39 195
46 195
74 195
98 195
113 195
195 260
195 292
195 325
195 391
195 460
195 597
195 729
195 733
195 740
39 199
199 347
22 229
39 229
193 229
229 230
229 231
229 232
229 233
229 234
39 240
123 240
202 240
240 320
240 393
240 481
240 482
240 483
39 282
173 282
282 301
282 346
282 347
289 337
337 819
166 347
215 347
347 871
38 393
90 393
234 393
393 614
393 649
393 698
393 836
132 402
402 403
153 409
166 409
210 409
215 409
294 409
400 409
403 409
409 453
409 506
409 596
409 652
409 676
409 697
409 698
409 699
409 700
60 480
88 480
193 480
480 503
480 839
98 599
39 781
706 787
787 788
787 789
150 878
830 878
10 12
22 39
33 39
39 40
39 49
39 60
39 66
39 73
39 74
39 132
39 137
39 188
39 192
39 216
39 251
39 284
39 288
39 322
39 343
39 370
39 372
39 373
39 390
39 430
39 506
39 526
39 556
39 574
39 598
39 603
39 621
39 638
39 657
39 750
39 754
39 755
39 771
39 779
39 793
39 849
39 854
39 866
39 868
39 869
39 885
39 893
33 40
40 166
40 168
40 193
40 215
40 224
40 272
40 312
40 320
40 330
40 353
40 505
40 539
40 652
40 826
40 861
70 73
73 104
73 133
73 322
73 382
73 515
73 523
73 533
73 648
73 788
73 805
73 915
22 88
47 88
81 88
88 98
88 156
88 193
88 285
88 360
88 361
88 716
79 90
81 90
90 98
90 322
90 324
90 348
90 756
90 757
90 758
307 796
98 797
15 286
15 640
15 703
15 747
15 759
15 841
15 869
17 246
17 530
17 909
18 81
18 302
18 435
19 327
19 387
19 679
19 849
19 913
20 22
22 33
22 52
22 76
22 132
22 217
22 298
22 432
22 435
22 454
22 484
22 514
22 530
22 561
22 590
22 611
22 612
22 613
22 614
22 615
33 36
49 52
52 74
52 128
52 137
52 175
52 202
52 205
52 234
52 251
52 280
52 373
52 408
52 432
52 460
52 511
52 543
52 551
52 566
52 572
52 619
52 771
52 777
52 854
59 60
60 132
60 307
60 477
60 478
60 479
74 98
81 98
98 118
98 158
98 203
98 218
98 266
98 281
98 285
98 286
98 320
98 324
98 353
98 432
98 455
98 522
98 569
98 682
98 691
98 717
98 745
98 820
98 835
98 865
98 877
129 132
132 153
132 175
132 189
132 298
132 322
132 339
132 356
132 631
123 133
129 133
133 158
133 516
133 674
133 817
151 153
153 606
168 171
171 817
172 174
174 242
174 301
174 835
187 230
272 273
272 274
273 354
74 278
224 278
277 278
278 380
278 634
278 635
260 280
277 280
280 399
280 585
74 305
245 305
305 322
305 382
305 676
305 710
215 315
315 586
315 590
315 791
260 363
375 391
391 469
391 473
391 499
391 640
391 691
399 604
506 705
506 758
526 527
80 542
301 542
542 760
542 839
215 545
373 545
546 726
546 743
546 778
289 550
574 761
521 595
595 657
595 658
562 716
777 849
777 885
777 886
771 779
779 865
286 470
286 471
286 472
286 473
286 474
116 640
639 640
640 908
600 703
74 747
301 747
47 759
401 759
471 759
215 869
322 869
670 869
62 64
64 77
64 189
64 519
64 842
63 74
70 74
74 79
74 81
74 93
74 138
74 162
74 166
74 242
74 251
74 262
74 277
74 292
74 320
74 323
74 325
74 343
74 380
74 401
74 448
74 464
74 517
74 521
74 543
74 667
74 671
74 767
74 810
74 812
74 911
74 919
129 134
129 135
129 136
129 137
205 210
210 301
211 212
211 213
211 215
47 217
66 217
79 217
216 217
217 483
257 312
257 340
260 812
260 864
260 865
66 266
31 288
288 322
288 431
79 301
134 301
164 301
166 301
274 301
284 301
301 320
301 322
301 333
301 472
301 570
301 606
301 655
301 686
301 708
301 741
301 742
301 743
301 744
301 745
301 746
301 748
301 749
301 750
66 314
215 314
314 514
314 571
314 592
314 850
103 322
183 322
322 343
322 404
322 473
322 533
322 590
322 645
322 658
322 697
322 708
322 741
322 824
322 875
331 348
343 406
343 539
350 830
350 847
47 432
431 432
432 740
163 473
215 473
473 587
473 674
473 745
475 476
66 479
476 479
479 622
479 661
471 514
544 622
79 647
606 647
307 702
697 733
733 801
66 736
613 736
606 771
683 771
693 771
770 771
365 530
342 909
81 82
81 87
81 92
81 93
81 95
81 96
81 97
81 103
66 302
302 767
431 435
435 755
263 679
320 679
324 679
662 679
628 849
20 25
77 79
79 204
79 458
79 606
79 822
117 118
117 120
117 123
117 124
117 125
117 126
118 336
118 449
118 450
118 452
154 157
157 333
168 170
182 353
188 573
190 193
193 202
193 333
204 731
204 861
225 403
225 522
233 467
274 405
274 496
71 285
285 336
285 466
292 353
294 370
294 603
297 688
298 431
298 476
298 568
298 689
299 693
299 694
299 695
107 300
66 306
306 464
306 824
307 482
307 517
307 755
218 309
309 384
309 740
251 310
310 319
31 311
311 606
194 312
312 346
312 489
312 603
313 846
66 319
107 319
319 625
319 725
166 320
320 332
320 406
320 605
320 656
320 659
320 689
320 824
324 360
107 325
325 458
135 326
326 520
328 842
332 478
333 339
333 744
333 875
336 508
150 339
339 481
340 478
342 489
33 38
33 41
33 43
75 76
370 454
128 484
80 590
359 590
245 613
80 615
116 615
373 615
615 697
448 466
448 527
448 794
47 128
127 128
128 156
93 752
752 753
41 263
41 579
156 218
216 218
218 541
218 560
218 661
215 587
476 587
586 587
587 669
256 601
263 638
636 638
597 739
598 739
28 31
31 832
44 46
44 47
49 55
62 63
63 113
106 107
107 573
107 661
113 823
146 150
150 478
150 622
150 656
150 658
205 207
205 208
215 697
215 751
215 897
47 224
224 404
224 579
224 863
66 227
277 279
277 281
135 365
82 380
164 380
380 411
380 413
380 414
385 386
462 464
464 522
490 582
490 867
490 873
418 594
606 675
606 693
627 630
689 690
707 782
707 783
856 857
97 866
87 163
87 584
87 626
87 692
47 166
165 166
166 525
166 818
353 785
223 373
373 481
92 428
413 428
427 428
482 760
482 845
123 575
576 652
580 853
62 66
66 540
66 608
66 627
66 632
66 768
66 833
66 863
114 116
116 460
116 681
116 834
140 142
466 499
223 516
505 522
522 822
453 539
149 591
711 724
553 726
728 862
832 881
114 115
115 751
370 682
431 433
431 434
472 513
472 687
568 570
675 678
680 681
450 801
536 801
800 801
661 910
154 156
156 852
192 471
236 237
237 502
237 512
351 551
203 453
453 538
453 540
455 686
455 687
456 867
458 882
93 103
93 359
93 543
47 123
123 671
202 349
202 806
202 888
250 251
471 528
471 555
471 629
434 536
413 817
658 708
49 54
137 403
372 416
372 527
372 830
346 556
598 895
657 714
755 872
515 652
537 652
652 879
652 891
263 520
263 622
263 673
263 720
263 721
263 802
108 109
109 124
109 170
170 807
708 807
836 874
47 684
361 705
361 706
120 508
508 509
827 870
212 830
830 845
684 689
552 553
82 383
61 465
245 502
460 461
543 593
232 566
627 629
426 697
697 772
158 159
158 160
158 162
158 163
158 164
775 776
59 61
62 65
62 69
69 82
77 80
434 608
396 627
627 628
627 631
268 270
124 250
648 838
82 146
82 382
70 71
138 139
183 404
203 712
203 871
207 414
401 512
675 676
675 677
382 840
382 899
492 533
532 533
533 802
649 915
162 569
401 887
466 521
103 765
146 147
146 149
392 818
584 585
481 626
626 748
159 348
364 596
364 825
376 538
682 683
160 673
160 773
142 466
135 661
426 661
173 281
241 569
568 569
820 821
126 706
172 173
173 425
173 426
764 765
258 851
563 665
527 597
720 721
737 738
452 535
452 636
488 656
135 742
513 568
434 766
527 655
527 656
528 529
529 633
139 850
142 468
256 600
256 602
264 463
375 786
375 917
852 892
622 623
426 656
151 152
426 714
212 565
427 429
377 720
223 462
462 463
535 831
879 880
241 571
636 637
585 901
633 746
746 908
