1 2
1 3
2 3
2 6
2 8
2 18
2 21
2 32
2 33
2 35
2 36
2 37
2 39
2 42
2 45
2 47
2 48
2 60
2 65
2 76
2 81
2 90
2 93
2 104
2 108
2 112
2 118
2 129
2 130
2 131
2 133
2 135
2 138
2 148
2 150
2 151
2 167
2 171
2 184
2 190
2 191
2 196
2 206
2 207
2 210
2 213
2 219
2 241
2 244
2 248
2 263
2 271
2 272
2 274
2 276
2 283
2 308
2 317
2 336
2 338
2 341
2 354
2 356
2 360
2 369
2 385
2 402
2 414
2 429
2 431
2 434
2 464
2 465
2 499
2 503
2 504
2 509
2 529
2 542
2 546
2 548
2 557
2 561
2 595
2 596
2 694
2 698
2 708
2 709
2 710
2 711
2 712
2 713
2 714
2 715
2 716
2 717
3 13
3 18
3 23
3 28
3 32
3 33
3 37
3 45
3 50
3 60
3 69
3 93
3 102
3 113
3 118
3 124
3 128
3 130
3 132
3 150
3 151
3 162
3 204
3 209
3 213
3 217
3 221
3 263
3 266
3 270
3 338
3 362
3 363
3 375
3 391
3 414
3 425
3 438
3 442
3 444
3 473
3 513
3 542
3 631
3 639
3 652
3 667
3 717
3 759
3 799
3 808
3 809
4 6
6 8
6 11
6 21
6 28
6 32
6 33
6 34
6 36
6 37
6 39
6 45
6 47
6 48
6 55
6 56
6 58
6 60
6 62
6 68
6 74
6 76
6 81
6 90
6 93
6 104
6 105
6 112
6 113
6 118
6 124
6 129
6 130
6 147
6 150
6 151
6 158
6 159
6 179
6 190
6 195
6 196
6 207
6 213
6 215
6 221
6 224
6 236
6 249
6 256
6 260
6 268
6 272
6 276
6 300
6 306
6 307
6 312
6 322
6 330
6 334
6 336
6 343
6 360
6 373
6 388
6 389
6 452
6 467
6 481
6 485
6 499
6 508
6 518
6 559
6 562
6 593
6 595
6 596
6 607
6 608
6 613
6 622
6 636
6 652
6 660
6 674
6 678
6 679
6 687
6 694
6 702
6 706
6 712
6 716
6 718
6 737
6 742
6 754
6 766
6 776
6 789
6 812
6 815
6 817
6 832
6 896
6 897
7 8
8 16
8 18
8 21
8 22
8 28
8 33
8 34
8 39
8 45
8 60
8 69
8 74
8 76
8 77
8 86
8 95
8 111
8 112
8 144
8 145
8 146
8 147
8 148
8 149
8 150
8 151
8 152
8 153
8 154
8 155
8 156
8 157
8 158
8 159
8 160
8 161
8 162
8 163
8 164
8 165
8 166
8 167
11 18
18 32
18 34
18 42
18 45
18 47
18 60
18 73
18 112
18 124
18 130
18 133
18 148
18 150
18 181
18 185
18 231
18 247
18 249
18 260
18 268
18 276
18 287
18 326
18 330
18 343
18 369
18 376
18 441
18 481
18 505
18 576
18 636
18 649
18 673
18 713
18 741
18 768
18 780
18 834
18 839
18 853
18 854
11 21
21 24
21 26
21 32
21 33
21 39
21 47
21 60
21 65
21 69
21 76
21 105
21 112
21 131
21 133
21 149
21 150
21 171
21 175
21 177
21 182
21 260
21 278
21 293
21 302
21 344
21 446
21 450
21 458
21 513
21 550
21 596
21 643
21 683
21 721
21 769
21 801
21 842
21 847
21 886
21 898
20 32
23 32
28 32
32 37
32 39
32 40
32 43
32 45
32 47
32 48
32 51
32 53
32 54
32 55
32 60
32 65
32 68
32 74
32 76
32 81
32 90
32 93
32 98
32 105
32 109
32 110
32 112
32 113
32 115
32 116
32 118
32 121
32 124
32 127
32 131
32 142
32 150
32 151
32 152
32 154
32 157
32 159
32 162
32 165
32 166
32 167
32 180
32 189
32 190
32 192
32 196
32 205
32 213
32 220
32 231
32 232
32 237
32 240
32 257
32 264
32 266
32 271
32 272
32 274
32 276
32 278
32 288
32 293
32 296
32 297
32 302
32 305
32 307
32 312
32 321
32 330
32 331
32 335
32 343
32 354
32 358
32 359
32 360
32 370
32 381
32 441
32 444
32 448
32 449
32 450
32 451
32 452
32 453
32 454
32 455
32 456
32 457
32 458
32 459
32 460
32 461
32 462
32 463
32 464
32 465
32 466
32 467
32 468
32 469
32 470
32 471
32 472
32 473
32 474
32 475
32 476
32 477
32 478
32 479
32 480
32 481
32 482
32 483
32 484
32 485
32 486
32 487
32 488
32 489
5 33
16 33
22 33
23 33
28 33
33 34
33 37
33 39
33 43
33 45
33 47
33 49
33 52
33 58
33 60
33 61
33 65
33 68
33 73
33 74
33 93
33 96
33 108
33 112
33 113
33 118
33 129
33 130
33 133
33 134
33 138
33 149
33 151
33 162
33 166
33 171
33 177
33 178
33 189
33 190
33 197
33 204
33 206
33 215
33 220
33 231
33 240
33 265
33 268
33 271
33 283
33 289
33 297
33 303
33 307
33 312
33 325
33 328
33 330
33 337
33 338
33 349
33 354
33 360
33 373
33 383
33 391
33 421
33 439
33 443
33 467
33 498
33 506
33 534
33 541
33 542
33 543
33 544
33 545
33 546
33 547
33 548
33 549
33 550
33 551
33 552
33 553
33 554
33 555
33 556
33 557
33 558
33 559
33 560
33 561
33 562
33 563
28 35
35 41
35 42
35 81
35 93
35 148
35 150
35 162
35 165
35 187
35 190
35 225
35 247
35 265
35 336
35 364
35 369
35 492
35 526
35 675
35 687
35 756
35 761
35 762
17 36
20 36
28 36
36 37
36 45
36 48
36 79
36 93
36 188
36 196
36 204
36 231
36 301
36 307
36 311
36 354
36 511
36 557
36 572
36 634
36 660
36 734
36 782
17 37
19 37
28 37
37 39
37 41
37 45
37 53
37 55
37 60
37 76
37 78
37 86
37 94
37 103
37 108
37 112
37 129
37 151
37 180
37 196
37 197
37 206
37 240
37 287
37 321
37 325
37 338
37 353
37 360
37 391
37 429
37 441
37 479
37 586
37 614
37 635
37 649
37 759
37 776
37 789
37 790
28 39
34 39
39 42
39 45
39 48
39 55
39 60
39 76
39 77
39 93
39 98
39 103
39 106
39 118
39 129
39 131
39 142
39 150
39 162
39 175
39 190
39 213
39 230
39 240
39 262
39 272
39 283
39 302
39 325
39 358
39 375
39 393
39 394
39 487
39 520
39 668
39 685
39 773
39 790
39 793
39 826
39 827
39 828
39 829
28 42
42 45
42 60
42 90
42 159
42 271
42 274
42 288
42 330
42 347
42 596
42 694
5 45
16 45
17 45
23 45
28 45
34 45
41 45
43 45
45 47
45 51
45 60
45 65
45 73
45 75
45 76
45 77
45 93
45 104
45 110
45 112
45 113
45 118
45 125
45 130
45 133
45 138
45 140
45 142
45 159
45 171
45 175
45 177
45 179
45 183
45 191
45 195
45 196
45 227
45 232
45 237
45 240
45 252
45 260
45 262
45 269
45 271
45 280
45 290
45 309
45 325
45 326
45 327
45 332
45 336
45 337
45 360
45 376
45 377
45 386
45 402
45 404
45 411
45 412
45 420
45 440
45 444
45 446
45 449
45 458
45 461
45 468
45 470
45 481
45 497
45 520
45 528
45 543
45 544
45 557
45 559
45 574
45 584
45 594
45 595
45 602
45 604
45 609
45 620
45 631
45 635
45 636
45 644
45 660
45 665
45 667
45 690
45 697
45 698
45 709
45 715
45 720
45 726
45 791
45 802
45 830
45 832
45 838
45 860
45 867
45 872
45 877
22 47
28 47
47 48
47 60
47 65
47 67
47 76
47 81
47 105
47 106
47 108
47 112
47 118
47 124
47 134
47 149
47 151
47 241
47 260
47 264
47 307
47 326
47 343
47 385
47 387
47 429
47 430
47 444
47 453
47 459
47 467
47 531
47 551
47 562
47 569
47 611
47 619
47 622
47 630
47 707
47 780
47 810
47 844
16 48
20 48
28 48
48 55
48 60
48 66
48 68
48 93
48 112
48 124
48 159
48 162
48 167
48 192
48 195
48 343
48 346
48 358
48 360
48 389
48 439
48 452
48 520
48 542
48 560
48 562
48 579
48 615
48 629
48 712
48 722
48 745
48 747
48 775
48 800
48 813
48 829
48 855
16 60
17 60
20 60
23 60
34 60
41 60
43 60
46 60
53 60
57 60
58 60
59 60
60 65
60 69
60 73
60 76
60 77
60 90
60 93
60 102
60 105
60 107
60 111
60 114
60 118
60 131
60 138
60 150
60 159
60 162
60 164
60 171
60 174
60 175
60 178
60 196
60 221
60 231
60 241
60 260
60 261
60 267
60 271
60 272
60 289
60 307
60 321
60 336
60 338
60 341
60 343
60 358
60 366
60 368
60 372
60 390
60 398
60 402
60 410
60 414
60 419
60 429
60 431
60 437
60 448
60 467
60 473
60 477
60 495
60 499
60 521
60 542
60 547
60 550
60 559
60 573
60 585
60 588
60 595
60 596
60 610
60 613
60 619
60 623
60 645
60 661
60 668
60 684
60 695
60 707
60 711
60 726
60 728
60 733
60 734
60 735
60 736
60 737
60 738
60 739
60 740
60 741
60 742
60 743
60 744
60 745
60 746
60 747
60 748
60 749
30 65
34 65
38 65
58 65
64 65
65 67
65 69
65 93
65 110
65 118
65 134
65 150
65 151
65 159
65 160
65 177
65 192
65 213
65 219
65 227
65 232
65 250
65 274
65 307
65 330
65 339
65 359
65 384
65 410
65 447
65 453
65 480
65 489
65 530
65 542
65 632
65 756
65 762
65 779
65 780
16 76
20 76
53 76
68 76
75 76
76 77
76 93
76 107
76 109
76 118
76 123
76 133
76 138
76 156
76 162
76 176
76 190
76 192
76 195
76 196
76 240
76 246
76 249
76 254
76 261
76 274
76 283
76 325
76 330
76 341
76 360
76 384
76 450
76 509
76 517
76 520
76 562
76 572
76 587
76 588
76 589
76 590
76 591
76 592
76 593
76 594
76 595
76 596
76 597
76 598
78 81
81 90
81 111
81 149
81 162
81 168
81 403
81 542
81 554
23 90
34 90
89 90
90 93
90 150
90 162
90 215
90 229
90 230
90 231
90 232
90 233
90 234
90 235
10 93
16 93
23 93
38 93
40 93
41 93
52 93
53 93
55 93
77 93
92 93
93 94
93 108
93 112
93 118
93 129
93 140
93 150
93 151
93 159
93 165
93 174
93 192
93 223
93 231
93 241
93 249
93 253
93 268
93 272
93 283
93 321
93 324
93 325
93 336
93 337
93 371
93 375
93 387
93 403
93 416
93 442
93 467
93 535
93 539
93 556
93 596
93 620
93 676
93 693
93 741
93 745
93 756
93 767
93 813
93 902
53 104
73 104
102 104
104 129
104 134
104 165
104 572
102 108
108 178
108 240
108 343
108 347
108 353
108 358
108 628
108 644
108 749
108 857
5 112
16 112
17 112
19 112
23 112
34 112
43 112
73 112
102 112
112 129
112 134
112 148
112 150
112 151
112 154
112 161
112 162
112 179
112 187
112 196
112 204
112 214
112 221
112 260
112 278
112 318
112 330
112 336
112 341
112 343
112 355
112 385
112 429
112 430
112 441
112 573
112 576
112 604
112 611
112 613
112 686
112 715
112 731
112 743
112 750
112 751
112 768
112 783
112 795
112 803
112 840
112 885
16 118
23 118
27 118
29 118
53 118
55 118
73 118
99 118
113 118
115 118
118 130
118 131
118 159
118 162
118 175
118 224
118 238
118 240
118 247
118 270
118 272
118 274
118 321
118 343
118 482
118 515
118 699
118 764
118 787
118 832
15 129
20 129
22 129
41 129
43 129
74 129
77 129
103 129
111 129
128 129
129 142
129 152
129 171
129 182
129 189
129 190
129 200
129 211
129 217
129 231
129 240
129 241
129 260
129 264
129 265
129 268
129 292
129 336
129 377
129 467
129 520
129 521
129 522
129 523
129 524
129 525
129 526
129 527
129 528
129 529
129 530
129 531
129 532
130 131
130 132
130 133
130 134
130 135
130 136
130 137
130 138
130 139
17 131
111 131
131 152
131 213
131 235
131 246
131 247
131 248
131 249
131 250
131 251
131 252
131 253
77 133
133 147
133 159
133 180
133 195
133 222
133 235
133 265
133 293
133 338
133 367
133 428
133 455
133 467
133 511
133 569
133 608
133 680
133 681
133 682
133 683
133 684
133 685
133 686
133 687
53 135
135 150
135 338
23 138
138 163
138 165
138 175
138 207
138 221
138 566
138 805
138 901
16 148
127 148
134 148
148 175
148 238
148 305
148 307
148 402
148 631
148 632
148 633
16 150
19 150
59 150
69 150
73 150
134 150
139 150
149 150
150 164
150 177
150 178
150 262
150 263
150 270
150 291
150 356
150 403
150 464
150 487
150 617
150 621
150 632
150 658
150 700
150 701
150 702
150 703
150 704
150 705
5 151
23 151
67 151
68 151
77 151
105 151
113 151
142 151
149 151
151 152
151 177
151 196
151 237
151 246
151 307
151 321
151 332
151 358
151 387
151 419
151 516
151 665
151 671
151 693
151 701
151 756
151 786
151 787
23 167
167 421
19 171
23 171
88 171
159 171
168 171
171 240
171 263
171 265
171 268
171 278
171 283
171 359
171 394
171 423
171 435
171 467
171 516
171 661
171 715
171 728
171 784
171 791
171 792
175 184
177 184
63 190
143 190
190 191
190 192
190 193
190 194
190 195
190 196
190 197
190 198
190 199
191 209
191 348
191 349
23 196
34 196
38 196
40 196
43 196
46 196
105 196
140 196
159 196
175 196
182 196
196 202
196 206
196 213
196 219
196 231
196 278
196 286
196 319
196 339
196 358
196 360
196 370
196 402
196 412
196 426
196 460
196 467
196 468
196 501
196 502
196 511
196 554
196 557
196 619
196 636
196 658
196 667
196 687
196 690
196 715
196 721
196 724
196 741
196 747
196 752
196 774
196 843
196 867
196 889
196 906
16 206
30 206
41 206
86 206
134 206
144 206
162 206
206 212
206 217
206 218
206 219
30 207
159 207
187 207
207 242
207 263
207 315
207 350
207 351
207 352
207 353
207 354
27 210
30 210
113 210
142 210
210 218
210 321
210 374
210 614
210 619
210 781
23 213
30 213
162 213
175 213
187 213
213 222
213 338
213 523
219 232
219 272
219 288
219 425
52 241
74 241
80 241
111 241
113 241
134 241
140 241
180 241
197 241
241 257
241 268
241 279
241 310
241 347
241 565
241 647
241 697
241 830
241 855
241 856
52 244
162 244
244 330
244 366
244 508
244 595
159 248
248 358
19 263
40 263
69 263
74 263
86 263
95 263
113 263
186 263
237 263
263 264
263 265
263 266
263 267
222 271
268 271
271 338
271 679
43 272
68 272
111 272
113 272
162 272
268 272
272 302
272 354
272 456
272 534
272 544
272 715
272 723
272 754
272 813
124 274
165 274
268 274
274 327
274 362
274 389
274 403
274 463
274 608
134 276
268 276
276 449
282 283
283 520
283 642
283 655
144 308
316 317
164 336
232 336
335 336
336 337
336 449
336 600
336 608
336 651
336 741
336 768
16 338
38 338
41 338
152 338
246 338
337 338
338 475
338 866
23 341
73 341
341 342
341 343
341 344
16 354
44 354
189 354
330 354
354 360
354 425
354 435
354 607
354 703
354 831
354 845
354 892
19 356
149 356
343 356
355 356
356 430
356 452
356 729
356 813
13 360
40 360
68 360
134 360
243 360
327 360
360 412
360 583
360 606
360 619
360 743
360 786
360 811
172 369
369 370
383 385
385 652
385 759
385 844
34 402
105 402
124 402
149 402
247 402
402 403
402 404
402 405
402 406
402 407
250 414
376 414
414 440
414 467
414 735
41 429
162 429
247 429
311 429
427 429
429 458
429 627
429 742
429 819
247 431
430 431
431 606
17 434
68 434
182 434
434 435
434 436
434 437
160 464
312 464
54 465
80 465
465 688
465 772
465 793
181 499
185 499
406 499
247 503
503 695
19 504
247 504
116 509
509 510
43 542
441 542
243 548
307 548
23 557
231 557
455 557
557 839
557 880
561 640
74 595
113 595
182 595
186 595
562 595
595 770
595 894
595 900
16 596
23 596
113 596
412 596
459 596
489 596
576 596
589 596
596 598
596 744
596 752
596 792
73 694
240 694
394 694
694 760
694 833
694 866
265 698
697 698
698 780
278 708
709 725
473 712
15 713
468 713
530 714
637 714
162 715
204 715
307 715
715 869
195 717
717 899
11 13
13 98
13 330
13 361
11 23
16 23
23 34
23 43
23 73
23 86
23 87
23 89
23 106
23 159
23 160
23 162
23 177
23 180
23 225
23 233
23 243
23 247
23 264
23 289
23 340
23 343
23 444
23 501
23 505
23 513
23 632
23 643
23 650
23 720
23 776
23 804
23 908
28 29
28 30
28 31
28 34
28 38
28 40
28 41
28 43
28 44
28 46
49 50
38 69
66 69
68 69
69 105
69 147
69 168
69 265
69 307
69 325
69 366
69 445
69 583
69 587
69 617
5 102
96 102
102 103
102 105
102 106
102 107
102 109
102 110
102 111
102 113
102 114
16 113
17 113
41 113
73 113
113 185
113 189
113 217
113 228
113 230
113 264
113 310
113 348
113 388
113 400
113 424
113 467
113 545
113 547
113 567
113 646
113 700
113 701
113 731
113 747
113 757
113 780
113 789
113 802
30 124
107 124
123 124
124 178
124 208
124 327
124 330
124 346
124 742
124 769
124 780
124 814
53 128
43 132
132 255
132 592
132 644
26 162
43 162
73 162
98 162
117 162
162 200
162 231
162 234
162 245
162 289
162 321
162 323
162 325
162 398
162 452
162 518
162 552
162 585
162 616
162 783
162 855
162 888
162 889
162 890
26 204
59 204
74 204
203 204
204 238
204 240
204 306
204 311
204 330
204 387
204 466
204 527
204 544
204 742
30 209
58 217
142 217
217 302
217 647
16 221
220 221
221 488
221 602
221 603
266 615
268 270
270 574
270 606
165 362
192 362
260 362
362 363
215 375
321 375
374 375
140 391
391 392
391 393
425 426
107 438
438 439
174 442
260 442
442 566
442 795
43 444
260 444
444 452
444 627
43 473
473 848
511 513
513 881
513 907
300 631
583 631
105 652
182 652
652 770
652 819
652 865
20 667
240 667
667 668
366 759
74 799
231 799
273 799
43 809
809 897
4 5
5 26
5 53
5 73
5 105
5 115
5 142
5 146
5 176
5 199
5 226
5 240
5 247
5 278
5 441
5 519
5 871
5 874
25 26
26 68
26 84
26 172
26 178
26 345
26 346
26 347
51 53
53 74
53 166
53 280
53 297
53 320
53 348
53 659
53 878
22 73
34 73
44 73
72 73
73 98
73 101
73 153
73 211
73 231
73 260
73 289
73 325
73 343
73 383
73 516
73 576
73 588
73 623
73 745
73 773
73 870
73 871
105 174
105 177
105 212
105 218
105 242
105 254
105 260
105 420
105 651
105 653
105 654
115 116
115 117
140 142
141 142
142 165
142 231
142 394
142 395
142 396
142 397
142 398
146 154
168 176
220 226
40 240
52 240
134 240
159 240
179 240
195 240
215 240
240 247
240 256
240 297
240 328
240 403
240 446
240 617
240 752
240 755
71 247
225 247
247 252
247 316
247 358
247 478
247 487
247 501
247 502
38 278
166 278
268 278
278 294
278 687
278 817
278 905
17 441
27 441
178 441
214 441
260 441
277 441
343 441
413 441
424 441
441 449
441 524
441 527
441 577
441 681
441 691
441 695
441 751
441 752
441 753
441 754
11 12
11 14
11 15
11 16
11 17
11 19
11 20
11 22
34 43
34 51
34 134
34 187
34 231
34 368
34 388
34 455
34 500
34 578
34 579
34 580
34 581
34 582
34 583
34 584
16 55
43 55
51 55
55 74
55 178
55 260
55 311
55 501
55 579
55 870
55 875
55 886
55 903
51 56
57 58
58 390
43 62
57 62
62 237
62 721
38 68
66 68
68 72
68 160
68 180
68 195
68 220
68 231
68 279
68 343
68 358
68 374
68 547
68 593
68 617
68 618
68 619
68 620
16 74
54 74
70 74
72 74
74 116
74 246
74 249
74 388
74 458
74 501
74 523
74 528
74 847
134 147
147 159
147 321
147 352
147 599
147 600
147 601
159 168
159 178
159 211
159 231
159 289
159 330
159 343
159 536
159 564
159 612
159 696
111 179
134 179
177 179
179 260
179 330
179 450
43 195
175 195
180 195
195 259
195 260
195 397
195 624
195 740
195 847
195 890
30 215
52 215
215 249
215 343
215 805
178 224
220 224
224 807
52 236
236 310
249 262
249 280
249 370
249 533
20 260
152 260
259 260
260 321
260 440
260 443
260 445
268 269
268 273
268 275
268 277
268 279
299 300
300 306
300 337
300 814
144 306
306 311
31 307
41 307
144 307
293 307
307 428
307 539
307 678
307 684
307 734
307 756
307 757
307 758
178 312
229 312
312 746
19 322
322 323
14 330
140 330
165 330
180 330
181 330
185 330
238 330
262 330
327 330
329 330
330 378
330 383
330 415
330 443
330 545
330 598
330 609
330 610
330 611
330 612
330 613
330 614
332 334
153 343
182 343
232 343
311 343
326 343
343 467
343 619
343 751
343 755
343 886
359 373
175 388
386 388
388 796
388 826
180 389
389 390
370 452
452 585
452 586
17 467
77 467
178 467
277 467
366 467
467 487
467 549
467 591
467 604
467 742
107 481
481 521
481 806
173 485
16 508
507 508
508 562
439 518
517 518
518 520
518 627
518 647
518 746
559 850
559 904
593 625
593 886
161 607
319 607
180 608
453 608
580 608
608 656
608 725
576 622
660 661
660 662
458 674
678 679
43 687
665 687
706 707
602 718
71 742
527 742
598 742
733 742
742 816
742 872
742 873
182 754
412 754
789 794
80 812
289 815
290 815
243 817
787 817
816 817
359 832
831 832
16 17
16 106
16 290
16 293
16 297
16 298
16 321
16 409
16 495
16 578
16 619
16 647
16 756
16 804
22 40
22 177
20 77
61 77
75 77
77 223
41 86
67 86
85 86
86 140
86 326
86 617
86 761
86 858
86 859
94 95
95 232
61 111
111 399
111 408
111 598
111 861
111 887
99 144
144 309
149 160
149 182
149 198
149 379
149 413
149 656
149 663
149 664
149 665
149 666
19 152
152 175
152 387
152 525
152 770
152 798
153 800
98 154
154 747
154 757
156 838
157 182
157 734
161 216
161 576
161 591
161 649
161 707
161 862
12 164
96 164
164 231
164 293
165 193
165 399
165 437
165 780
165 825
165 841
166 177
166 577
166 746
9 10
12 30
17 289
17 294
17 658
17 836
19 140
19 436
19 801
20 43
20 324
20 689
20 779
20 814
30 75
30 185
30 187
30 208
30 211
30 212
30 214
30 216
97 98
98 370
98 882
106 703
41 290
288 290
290 420
290 435
290 486
290 574
291 293
293 344
293 640
293 891
246 321
320 321
321 368
321 449
321 450
321 818
192 495
225 495
246 495
495 521
495 627
578 734
40 619
615 619
619 765
619 791
187 647
647 794
647 852
61 289
231 289
288 289
289 436
294 295
294 296
392 658
836 853
177 181
181 232
181 767
177 185
79 231
88 231
174 231
231 672
231 857
286 287
192 326
324 326
326 394
326 506
326 657
325 376
192 576
648 649
672 673
234 741
637 741
175 768
463 768
43 780
813 839
854 898
27 140
29 140
114 436
134 436
736 801
27 43
43 170
43 211
43 239
43 418
43 468
43 469
43 490
43 645
43 745
43 787
43 829
43 852
43 863
43 864
324 325
324 327
324 328
342 689
689 690
40 175
168 175
175 380
175 475
175 777
79 177
114 177
177 178
177 180
177 182
177 183
177 186
177 187
177 188
177 189
182 246
182 265
182 368
182 417
182 616
182 734
302 303
302 304
358 446
446 447
450 565
450 566
469 550
550 848
614 643
234 683
675 721
845 847
40 61
40 600
40 625
40 666
87 88
89 91
180 250
180 346
180 648
180 675
180 676
180 677
220 225
225 367
225 573
233 751
52 243
243 733
264 579
381 501
482 632
547 720
25 27
82 84
168 172
172 740
178 187
178 534
178 604
178 605
31 345
267 346
347 598
31 313
31 386
31 433
38 80
38 430
41 57
41 577
41 663
41 830
41 849
46 189
46 507
46 751
61 187
187 314
187 491
187 515
187 588
187 627
187 668
187 864
187 889
208 627
214 251
214 856
214 868
313 314
386 387
51 52
51 54
109 201
110 328
116 393
119 121
125 127
189 412
189 480
189 528
189 646
186 192
192 573
192 574
192 575
192 577
220 222
220 223
220 227
227 232
232 327
232 520
232 876
52 237
99 237
174 237
237 421
237 422
237 423
237 424
257 258
329 331
357 358
358 538
358 727
357 359
359 640
370 568
325 381
448 537
449 540
395 453
410 453
174 455
459 587
459 637
460 477
462 549
440 466
466 802
466 803
139 468
134 470
470 540
470 685
470 733
328 475
476 627
476 884
477 693
480 824
384 482
482 527
281 487
52 107
52 238
52 239
52 242
52 245
57 61
61 64
61 66
61 72
61 122
61 668
94 96
96 524
134 325
134 496
134 640
134 823
265 497
303 611
325 332
325 377
325 378
325 379
325 380
325 382
337 339
383 384
421 763
387 439
551 666
551 813
551 867
553 755
553 875
555 828
563 625
367 368
368 788
412 580
581 627
281 583
583 746
490 492
78 79
79 410
79 411
79 412
79 413
188 329
99 311
426 511
511 512
252 634
665 734
78 80
353 798
310 635
591 635
80 605
261 262
262 638
262 840
393 672
393 783
218 394
394 695
239 520
685 806
603 773
624 625
57 59
57 63
323 663
663 785
168 170
239 615
418 419
418 420
490 491
174 852
863 883
125 126
280 281
327 760
332 333
412 872
440 637
524 574
594 654
604 620
604 747
604 750
617 644
218 726
707 791
384 860
428 507
173 751
437 751
66 67
67 137
387 626
387 705
387 757
387 843
387 844
569 570
605 611
66 70
66 71
527 615
120 629
747 750
747 893
202 775
107 772
107 784
242 401
242 637
242 700
63 837
390 758
168 174
174 612
267 424
365 366
371 372
735 774
740 862
744 850
319 746
119 122
122 432
250 592
384 719
277 447
423 530
71 603
496 617
91 168
168 169
168 173
246 445
193 587
603 606
515 516
246 496
254 255
589 657
598 778
82 83
83 729
83 730
416 417
538 539
692 693
693 851
97 99
97 100
653 696
494 654
626 628
627 628
201 202
316 318
731 732
310 840
400 401
435 700
757 763
117 879
565 699
119 120
120 350
126 835
291 292
379 532
427 428
627 640
141 143
601 806
664 820
704 851
798 895
405 696
626 627
627 637
627 641
627 642
575 771
316 319
723 724
752 788
565 797
401 806
273 514
284 285
285 765
845 846
406 626
392 571
670 824
493 494
820 821
820 822
669 670
