1 2
1 3
1 4
1 5
1 6
2 8
2 9
2 17
2 22
2 26
2 32
2 34
2 35
2 58
2 59
2 60
2 66
2 100
2 103
2 104
2 121
2 126
2 128
2 137
2 151
2 159
2 167
2 208
2 248
2 263
2 323
2 364
2 370
2 400
2 420
2 563
2 594
2 600
2 601
2 602
2 603
2 604
2 605
2 606
3 61
3 336
4 9
4 52
4 61
4 66
4 73
4 126
4 133
4 168
4 383
4 408
4 763
5 8
5 16
5 21
5 22
5 27
5 30
5 52
5 58
5 66
5 69
5 96
5 99
5 103
5 106
5 121
5 128
5 142
5 178
5 210
5 321
5 349
5 356
5 364
5 375
5 563
5 807
5 828
5 829
6 8
6 17
6 18
6 21
6 22
6 24
6 27
6 34
6 37
6 52
6 66
6 69
6 81
6 89
6 95
6 103
6 109
6 119
6 121
6 124
6 126
6 133
6 162
6 165
6 189
6 232
6 249
6 269
6 306
6 323
6 350
6 366
6 383
6 421
6 573
6 610
6 635
6 660
6 808
6 818
6 881
6 884
6 919
7 8
8 9
8 10
8 12
8 15
8 16
8 17
8 21
8 22
8 25
8 26
8 35
8 38
8 41
8 45
8 46
8 47
8 52
8 53
8 54
8 58
8 59
8 66
8 69
8 70
8 71
8 72
8 73
8 74
8 84
8 95
8 96
8 97
8 99
8 103
8 104
8 106
8 113
8 114
8 118
8 120
8 121
8 124
8 128
8 129
8 133
8 137
8 142
8 149
8 152
8 154
8 162
8 167
8 168
8 169
8 180
8 188
8 189
8 208
8 214
8 215
8 231
8 232
8 233
8 234
8 235
8 239
8 266
8 289
8 293
8 297
8 301
8 304
8 320
8 335
8 341
8 343
8 353
8 356
8 364
8 376
8 387
8 394
8 405
8 407
8 415
8 424
8 431
8 450
8 451
8 491
8 492
8 514
8 563
8 583
8 589
8 596
8 604
8 608
8 633
8 651
8 662
8 730
8 741
8 745
8 746
8 747
8 748
8 749
8 750
8 751
8 752
8 753
8 754
7 9
9 12
9 14
9 15
9 16
9 17
9 22
9 25
9 27
9 30
9 32
9 34
9 35
9 38
9 41
9 46
9 52
9 54
9 57
9 59
9 60
9 61
9 66
9 69
9 70
9 72
9 74
9 85
9 91
9 95
9 96
9 101
9 103
9 104
9 106
9 112
9 113
9 114
9 117
9 121
9 124
9 127
9 128
9 129
9 130
9 131
9 133
9 137
9 142
9 143
9 146
9 152
9 157
9 164
9 167
9 180
9 186
9 188
9 193
9 201
9 204
9 210
9 211
9 212
9 233
9 238
9 240
9 243
9 244
9 255
9 279
9 290
9 293
9 297
9 305
9 315
9 317
9 328
9 332
9 337
9 342
9 344
9 350
9 370
9 385
9 396
9 401
9 405
9 427
9 437
9 445
9 454
9 478
9 480
9 492
9 512
9 518
9 520
9 535
9 538
9 542
9 550
9 562
9 567
9 608
9 613
9 626
9 627
9 647
9 653
9 687
9 693
9 756
9 766
9 773
9 779
9 786
9 788
9 800
9 814
9 817
9 860
10 17
12 17
13 17
16 17
17 21
17 25
17 27
17 30
17 32
17 35
17 36
17 41
17 45
17 48
17 49
17 52
17 56
17 57
17 59
17 66
17 70
17 72
17 73
17 81
17 91
17 92
17 96
17 99
17 100
17 103
17 104
17 106
17 109
17 117
17 118
17 120
17 121
17 126
17 137
17 142
17 143
17 148
17 149
17 165
17 167
17 178
17 183
17 188
17 189
17 193
17 208
17 217
17 234
17 242
17 243
17 258
17 269
17 275
17 278
17 288
17 289
17 295
17 309
17 317
17 344
17 353
17 367
17 374
17 377
17 383
17 394
17 395
17 435
17 444
17 473
17 511
17 594
17 604
17 606
17 607
17 627
17 632
17 641
17 652
17 671
17 679
17 682
17 709
17 715
17 716
17 718
17 770
17 778
17 841
17 846
17 847
17 848
17 849
17 850
17 851
10 22
12 22
16 22
18 22
19 22
22 26
22 27
22 31
22 32
22 35
22 37
22 38
22 41
22 49
22 52
22 53
22 61
22 62
22 66
22 69
22 72
22 74
22 77
22 81
22 85
22 91
22 95
22 99
22 100
22 103
22 104
22 106
22 109
22 110
22 113
22 114
22 116
22 117
22 120
22 121
22 126
22 127
22 128
22 130
22 132
22 133
22 142
22 143
22 162
22 164
22 167
22 176
22 188
22 191
22 198
22 204
22 208
22 210
22 215
22 231
22 233
22 243
22 246
22 249
22 265
22 267
22 269
22 270
22 275
22 279
22 280
22 305
22 348
22 350
22 362
22 366
22 377
22 381
22 383
22 387
22 396
22 416
22 420
22 431
22 434
22 436
22 437
22 446
22 454
22 465
22 468
22 475
22 478
22 497
22 498
22 519
22 526
22 530
22 555
22 588
22 590
22 611
22 617
22 631
22 637
22 655
22 663
22 668
22 722
22 749
22 755
22 764
22 790
22 803
22 864
19 26
24 26
25 26
26 30
26 32
26 33
26 41
26 45
26 52
26 53
26 57
26 59
26 70
26 74
26 85
26 87
26 103
26 106
26 120
26 121
26 128
26 133
26 142
26 164
26 167
26 168
26 178
26 188
26 208
26 210
26 225
26 232
26 239
26 284
26 454
26 463
26 538
26 640
26 653
26 663
26 878
10 32
12 32
15 32
16 32
18 32
25 32
27 32
30 32
32 35
32 37
32 41
32 42
32 47
32 49
32 50
32 53
32 58
32 59
32 66
32 70
32 72
32 77
32 78
32 86
32 87
32 91
32 95
32 96
32 99
32 103
32 104
32 106
32 110
32 112
32 116
32 118
32 119
32 120
32 121
32 125
32 126
32 128
32 133
32 137
32 141
32 142
32 143
32 149
32 152
32 160
32 165
32 167
32 184
32 187
32 201
32 208
32 210
32 211
32 212
32 215
32 232
32 233
32 234
32 237
32 238
32 240
32 243
32 249
32 255
32 257
32 260
32 265
32 270
32 280
32 289
32 297
32 309
32 317
32 339
32 343
32 354
32 360
32 369
32 377
32 389
32 390
32 391
32 392
32 393
32 394
32 395
32 396
32 397
32 398
32 399
32 400
32 401
32 402
32 403
32 404
32 405
32 406
32 407
32 408
32 409
32 410
32 411
32 412
32 413
32 414
32 415
32 416
32 417
32 418
32 419
32 420
32 421
32 422
32 423
32 424
32 425
32 426
32 427
32 428
27 34
34 52
34 56
34 66
34 69
34 91
34 108
34 120
34 142
34 204
34 215
34 258
34 355
34 378
34 394
34 438
34 467
34 472
34 473
34 474
34 475
12 35
15 35
18 35
27 35
35 41
35 52
35 56
35 58
35 59
35 62
35 70
35 74
35 95
35 96
35 103
35 104
35 106
35 109
35 120
35 121
35 125
35 128
35 137
35 139
35 142
35 149
35 164
35 167
35 169
35 193
35 204
35 206
35 208
35 230
35 249
35 260
35 269
35 279
35 280
35 294
35 336
35 338
35 349
35 356
35 363
35 368
35 370
35 383
35 403
35 455
35 482
35 486
35 487
35 488
35 489
35 490
35 491
35 492
35 493
35 494
35 495
35 496
35 497
35 498
35 499
35 500
35 501
35 502
35 503
12 58
15 58
16 58
27 58
41 58
52 58
53 58
56 58
58 59
58 66
58 70
58 72
58 99
58 106
58 121
58 124
58 126
58 133
58 143
58 148
58 164
58 167
58 169
58 178
58 180
58 193
58 215
58 230
58 232
58 265
58 276
58 305
58 343
58 345
58 349
58 366
58 453
58 461
58 475
58 480
58 520
58 532
58 596
58 634
58 638
58 673
58 685
58 687
58 713
58 733
58 734
58 735
10 59
12 59
15 59
25 59
27 59
37 59
41 59
52 59
54 59
59 66
59 70
59 73
59 77
59 81
59 85
59 86
59 94
59 99
59 103
59 104
59 106
59 112
59 113
59 117
59 120
59 121
59 128
59 133
59 139
59 147
59 148
59 149
59 159
59 162
59 165
59 169
59 170
59 188
59 193
59 208
59 226
59 227
59 243
59 246
59 260
59 275
59 297
59 305
59 318
59 337
59 363
59 366
59 413
59 436
59 438
59 441
59 449
59 457
59 483
59 488
59 520
59 529
59 554
59 577
59 584
59 615
59 631
59 736
59 737
59 738
59 739
59 740
59 741
59 742
27 60
37 60
60 101
60 106
60 117
60 162
60 700
60 721
12 66
15 66
21 66
27 66
30 66
41 66
48 66
52 66
53 66
55 66
56 66
61 66
62 66
66 69
66 70
66 73
66 76
66 81
66 85
66 86
66 92
66 95
66 96
66 98
66 103
66 104
66 106
66 109
66 113
66 114
66 117
66 118
66 120
66 121
66 124
66 126
66 128
66 130
66 133
66 137
66 139
66 143
66 148
66 149
66 151
66 159
66 167
66 168
66 193
66 194
66 204
66 208
66 211
66 214
66 215
66 232
66 238
66 239
66 243
66 249
66 256
66 266
66 274
66 275
66 279
66 280
66 290
66 297
66 305
66 314
66 332
66 363
66 366
66 367
66 373
66 391
66 399
66 426
66 429
66 437
66 445
66 447
66 451
66 457
66 462
66 483
66 492
66 495
66 500
66 506
66 514
66 530
66 546
66 554
66 560
66 587
66 591
66 594
66 595
66 596
66 598
66 607
66 617
66 620
66 637
66 640
66 645
66 652
66 672
66 686
66 736
66 739
66 788
66 795
66 796
66 797
66 798
66 799
66 800
10 100
27 100
31 100
53 100
71 100
100 104
100 106
100 107
100 142
100 143
100 160
100 348
100 351
100 367
100 396
100 686
12 103
15 103
25 103
27 103
41 103
52 103
61 103
70 103
72 103
78 103
80 103
81 103
85 103
92 103
103 112
103 116
103 121
103 126
103 128
103 131
103 133
103 137
103 142
103 148
103 160
103 164
103 165
103 168
103 177
103 184
103 187
103 188
103 189
103 208
103 230
103 232
103 238
103 249
103 260
103 269
103 279
103 280
103 290
103 291
103 297
103 328
103 330
103 337
103 339
103 348
103 354
103 363
103 370
103 372
103 381
103 394
103 404
103 416
103 427
103 437
103 438
103 445
103 449
103 468
103 481
103 488
103 489
103 492
103 550
103 563
103 586
103 598
103 603
103 619
103 624
103 637
103 667
103 700
103 769
103 780
103 784
103 786
103 804
103 812
103 822
103 872
103 903
103 904
103 905
25 104
27 104
41 104
52 104
61 104
62 104
99 104
104 112
104 117
104 118
104 121
104 128
104 133
104 136
104 143
104 167
104 172
104 189
104 208
104 260
104 264
104 400
104 483
104 490
104 515
104 540
104 653
104 711
104 747
104 773
104 906
10 121
12 121
15 121
27 121
31 121
33 121
36 121
38 121
52 121
53 121
61 121
70 121
71 121
72 121
85 121
86 121
91 121
95 121
97 121
106 121
109 121
120 121
121 126
121 127
121 133
121 137
121 142
121 147
121 149
121 160
121 164
121 167
121 168
121 180
121 184
121 188
121 189
121 191
121 198
121 201
121 208
121 209
121 220
121 225
121 229
121 232
121 234
121 260
121 266
121 276
121 298
121 300
121 326
121 328
121 337
121 344
121 345
121 353
121 359
121 372
121 377
121 394
121 398
121 405
121 468
121 479
121 482
121 502
121 503
121 509
121 541
121 561
121 586
121 590
121 592
121 635
121 685
121 688
121 694
121 696
121 713
121 737
121 740
121 742
121 753
121 758
121 777
121 784
121 814
121 850
121 856
121 864
121 869
12 126
16 126
25 126
27 126
31 126
41 126
47 126
52 126
54 126
71 126
72 126
76 126
78 126
85 126
95 126
99 126
106 126
109 126
112 126
117 126
118 126
120 126
124 126
126 133
126 137
126 143
126 159
126 162
126 167
126 185
126 187
126 188
126 190
126 193
126 196
126 201
126 208
126 225
126 233
126 238
126 242
126 256
126 257
126 260
126 293
126 297
126 312
126 326
126 340
126 348
126 349
126 350
126 359
126 364
126 366
126 383
126 404
126 416
126 440
126 454
126 475
126 479
126 490
126 498
126 584
126 637
126 652
126 664
126 678
126 702
126 770
126 813
126 814
126 827
126 836
126 859
126 905
126 916
10 128
12 128
15 128
18 128
23 128
25 128
27 128
28 128
30 128
37 128
41 128
45 128
46 128
47 128
52 128
61 128
69 128
72 128
73 128
86 128
99 128
106 128
113 128
117 128
118 128
120 128
124 128
128 130
128 133
128 137
128 142
128 157
128 162
128 164
128 167
128 168
128 169
128 188
128 210
128 215
128 221
128 223
128 233
128 234
128 257
128 280
128 289
128 297
128 298
128 302
128 323
128 326
128 328
128 337
128 349
128 350
128 354
128 363
128 369
128 385
128 386
128 399
128 409
128 417
128 421
128 432
128 440
128 453
128 456
128 465
128 469
128 473
128 496
128 534
128 557
128 573
128 677
128 688
128 693
128 703
128 725
128 736
128 759
128 930
10 137
20 137
25 137
27 137
37 137
38 137
41 137
50 137
56 137
79 137
86 137
106 137
109 137
112 137
113 137
117 137
124 137
133 137
135 137
137 147
137 149
137 167
137 233
137 279
137 320
137 359
137 369
137 378
137 420
137 424
137 440
137 454
137 499
137 503
137 571
137 590
137 636
137 772
137 830
137 838
137 843
137 851
137 880
137 922
16 151
72 151
85 151
139 151
149 151
151 187
151 188
151 189
151 190
151 191
151 192
151 193
41 159
53 159
57 159
118 159
124 159
130 159
149 159
159 160
159 202
159 234
159 239
159 265
159 269
159 297
159 353
159 369
159 451
159 470
159 477
159 596
159 641
159 687
159 781
159 840
12 167
24 167
41 167
53 167
61 167
62 167
69 167
72 167
82 167
86 167
88 167
106 167
107 167
113 167
114 167
117 167
124 167
127 167
133 167
141 167
143 167
148 167
149 167
150 167
160 167
162 167
164 167
165 167
167 175
167 180
167 189
167 195
167 198
167 214
167 215
167 217
167 234
167 238
167 239
167 255
167 260
167 273
167 338
167 348
167 383
167 386
167 453
167 463
167 477
167 481
167 482
167 492
167 553
167 559
167 589
167 591
167 628
167 635
167 651
167 656
167 666
167 693
167 698
167 817
167 856
10 208
15 208
16 208
25 208
33 208
52 208
61 208
62 208
70 208
72 208
80 208
86 208
91 208
93 208
95 208
96 208
99 208
109 208
113 208
118 208
141 208
146 208
157 208
168 208
169 208
189 208
193 208
198 208
201 208
204 208
206 208
208 212
208 225
208 233
208 254
208 257
208 258
208 275
208 284
208 297
208 298
208 345
208 381
208 420
208 426
208 454
208 455
208 485
208 489
208 492
208 505
208 549
208 592
208 696
208 716
208 721
208 754
208 802
208 803
208 804
208 805
208 806
20 248
25 248
118 263
133 263
227 263
262 263
12 323
25 323
86 323
117 323
130 323
176 323
322 323
323 337
323 364
323 381
323 399
323 646
15 364
16 364
101 364
106 364
168 364
215 364
253 364
345 364
362 364
364 369
364 726
31 370
86 370
143 370
279 370
370 431
370 777
106 420
143 420
420 637
420 693
420 834
25 563
120 563
188 563
563 568
563 638
563 664
18 594
73 594
106 594
238 594
255 594
340 594
383 594
594 595
70 600
176 600
238 600
600 657
91 601
189 601
305 601
494 601
92 602
133 602
138 602
56 603
243 603
353 603
41 604
78 604
146 604
455 604
572 604
52 606
99 606
244 606
606 933
15 61
16 61
25 61
27 61
41 61
51 61
52 61
53 61
61 69
61 70
61 72
61 73
61 86
61 95
61 106
61 113
61 117
61 120
61 124
61 127
61 139
61 142
61 148
61 176
61 180
61 183
61 188
61 189
61 198
61 214
61 232
61 275
61 277
61 279
61 297
61 305
61 350
61 355
61 383
61 386
61 399
61 414
61 454
61 461
61 491
61 566
61 640
61 650
61 662
61 724
61 755
61 756
61 757
61 758
61 759
61 760
61 761
61 762
106 336
118 336
324 336
335 336
336 590
336 591
336 592
10 52
12 52
16 52
18 52
25 52
27 52
37 52
41 52
43 52
46 52
49 52
52 55
52 69
52 70
52 72
52 73
52 77
52 85
52 91
52 94
52 96
52 98
52 99
52 106
52 107
52 109
52 112
52 113
52 114
52 116
52 120
52 124
52 133
52 141
52 142
52 146
52 162
52 164
52 165
52 168
52 170
52 174
52 175
52 188
52 189
52 190
52 193
52 199
52 201
52 210
52 212
52 213
52 214
52 215
52 233
52 234
52 250
52 253
52 272
52 280
52 289
52 298
52 300
52 303
52 320
52 328
52 343
52 344
52 354
52 366
52 368
52 374
52 376
52 430
52 436
52 446
52 447
52 454
52 462
52 471
52 473
52 475
52 482
52 515
52 540
52 552
52 588
52 597
52 620
52 633
52 653
52 666
52 672
52 697
52 698
52 699
52 700
52 701
52 702
52 703
52 704
52 705
52 706
52 707
52 708
52 709
12 73
15 73
16 73
27 73
33 73
41 73
49 73
50 73
56 73
69 73
70 73
73 99
73 113
73 133
73 142
73 164
73 215
73 282
73 301
73 304
73 316
73 318
73 332
73 337
73 340
73 358
73 376
73 381
73 383
73 394
73 404
73 409
73 427
73 434
73 445
73 455
73 464
73 468
73 475
73 512
73 529
73 579
73 693
73 845
12 133
14 133
15 133
21 133
27 133
41 133
57 133
62 133
65 133
71 133
79 133
89 133
91 133
106 133
112 133
117 133
133 142
133 164
133 168
133 180
133 188
133 206
133 210
133 212
133 214
133 233
133 254
133 260
133 270
133 272
133 298
133 300
133 338
133 348
133 350
133 385
133 431
133 459
133 468
133 473
133 487
133 492
133 534
133 706
133 774
133 805
133 831
133 840
133 904
12 168
24 168
41 168
70 168
101 168
106 168
118 168
120 168
124 168
130 168
139 168
142 168
147 168
149 168
164 168
166 168
168 178
168 193
168 214
168 232
168 273
168 279
168 282
168 302
168 328
168 386
168 404
168 423
168 430
168 489
168 577
168 667
168 676
168 686
168 741
168 808
168 896
49 383
99 383
113 383
115 383
120 383
140 383
148 383
180 383
233 383
238 383
287 383
296 383
340 383
383 431
383 438
383 474
383 626
383 648
383 687
383 724
383 776
383 792
376 408
627 763
763 865
13 16
14 16
16 21
16 25
16 27
16 30
16 41
16 49
16 62
16 69
16 81
16 85
16 91
16 106
16 114
16 117
16 118
16 120
16 124
16 130
16 142
16 148
16 150
16 169
16 189
16 212
16 229
16 234
16 237
16 239
16 255
16 260
16 289
16 297
16 328
16 351
16 380
16 407
16 416
16 424
16 428
16 475
16 496
16 571
16 643
16 646
16 671
16 682
16 688
16 708
16 723
16 759
16 764
16 765
16 766
16 767
16 768
12 21
19 21
21 24
21 25
21 29
21 41
21 62
21 70
21 72
21 86
21 95
21 106
21 109
21 112
21 142
21 148
21 163
21 186
21 189
21 249
21 316
21 492
21 501
21 537
21 650
21 670
21 693
21 824
21 825
21 826
21 827
10 27
12 27
14 27
15 27
24 27
25 27
27 28
27 29
27 30
27 31
27 33
27 36
27 37
27 38
27 39
27 40
27 41
27 42
27 43
27 44
27 45
27 46
27 47
27 48
27 49
27 50
27 51
27 53
27 54
27 55
27 56
27 57
27 62
27 63
27 64
27 65
27 67
27 68
27 69
27 70
27 71
27 72
27 74
27 75
27 76
27 77
27 78
27 79
27 80
27 81
27 82
27 83
27 84
27 85
27 86
27 87
27 88
27 89
27 90
27 91
27 92
27 93
27 94
27 95
27 96
27 97
27 98
27 99
27 101
27 102
27 105
27 106
27 107
27 108
27 109
27 110
27 111
27 112
27 113
27 114
27 115
27 116
27 117
27 118
27 119
27 120
27 122
27 123
27 124
27 125
27 127
27 129
27 130
27 131
27 132
27 134
27 135
27 136
27 138
27 139
27 140
27 141
27 142
27 143
10 30
12 30
15 30
30 41
30 45
30 72
30 85
30 90
30 99
30 106
30 124
30 156
30 163
30 232
30 269
30 340
30 341
30 342
30 343
30 344
30 345
30 346
30 347
30 348
33 69
41 69
69 78
69 85
69 109
69 120
69 143
69 249
69 258
69 318
69 320
69 463
69 475
69 484
69 509
69 582
69 686
12 96
18 96
25 96
41 96
46 96
78 96
96 99
96 140
96 148
96 164
96 195
96 280
96 430
96 454
96 499
96 596
96 653
96 728
96 838
96 887
96 892
12 99
15 99
25 99
38 99
39 99
41 99
45 99
47 99
50 99
72 99
80 99
91 99
95 99
99 106
99 113
99 115
99 117
99 123
99 177
99 178
99 204
99 206
99 260
99 269
99 279
99 287
99 325
99 350
99 356
99 366
99 376
99 399
99 403
99 445
99 454
99 464
99 472
99 485
99 514
99 524
99 549
99 550
99 590
99 623
99 627
99 646
99 657
99 729
99 740
99 747
99 857
99 900
12 106
24 106
25 106
33 106
36 106
38 106
41 106
44 106
47 106
53 106
54 106
56 106
62 106
65 106
70 106
72 106
74 106
76 106
85 106
86 106
89 106
92 106
95 106
97 106
105 106
106 109
106 112
106 113
106 114
106 118
106 127
106 141
106 142
106 143
106 148
106 149
106 155
106 162
106 163
106 164
106 165
106 178
106 183
106 188
106 189
106 190
106 192
106 193
106 198
106 201
106 205
106 212
106 234
106 240
106 242
106 243
106 246
106 249
106 257
106 260
106 269
106 279
106 282
106 283
106 289
106 295
106 297
106 329
106 337
106 340
106 345
106 349
106 353
106 355
106 377
106 378
106 417
106 438
106 443
106 446
106 449
106 451
106 468
106 469
106 483
106 485
106 493
106 494
106 509
106 515
106 535
106 561
106 573
106 584
106 599
106 637
106 660
106 686
106 693
106 752
106 783
106 801
106 826
106 855
106 881
106 896
106 897
106 904
106 910
106 911
106 912
18 142
25 142
39 142
40 142
41 142
45 142
46 142
49 142
53 142
62 142
72 142
78 142
82 142
85 142
86 142
95 142
98 142
120 142
124 142
142 146
142 148
142 162
142 183
142 184
142 190
142 193
142 201
142 204
142 214
142 232
142 238
142 240
142 269
142 280
142 289
142 305
142 320
142 337
142 344
142 354
142 355
142 366
142 376
142 381
142 394
142 406
142 431
142 432
142 436
142 468
142 473
142 474
142 479
142 493
142 497
142 533
142 564
142 635
142 684
142 691
142 693
142 727
142 745
142 751
142 761
142 804
142 848
142 904
142 914
142 935
25 178
38 178
113 178
117 178
118 178
120 178
177 178
178 193
178 233
178 243
178 280
178 369
178 376
178 475
178 528
178 529
178 530
178 531
12 210
14 210
15 210
46 210
85 210
113 210
183 210
188 210
190 210
204 210
210 219
210 233
210 265
210 270
210 328
210 343
210 355
210 369
210 468
210 475
210 509
210 607
210 641
210 744
210 758
210 866
210 894
112 349
124 349
141 349
233 349
237 349
243 349
317 349
349 356
349 357
349 358
349 359
72 356
163 356
206 375
233 375
375 568
556 807
635 807
769 807
112 828
445 829
12 18
13 18
18 33
18 41
18 44
18 46
18 72
18 78
18 85
18 95
18 117
18 136
18 141
18 143
18 166
18 222
18 226
18 255
18 483
18 509
18 582
18 852
18 877
19 24
20 24
24 25
24 54
24 56
24 70
24 92
24 109
24 332
24 431
24 461
24 473
24 479
24 488
24 495
24 690
24 746
24 846
24 865
24 893
37 41
37 53
37 112
37 118
37 130
37 188
37 193
37 243
37 259
37 270
37 280
37 340
37 344
37 350
37 415
37 426
37 509
37 554
37 555
12 81
41 81
53 81
72 81
76 81
81 85
81 86
81 98
81 143
81 162
81 215
81 260
81 317
81 368
81 377
81 405
81 720
81 725
81 775
81 835
81 844
81 859
81 869
81 870
81 871
31 89
67 89
89 260
89 477
15 95
25 95
41 95
53 95
54 95
70 95
95 112
95 130
95 134
95 149
95 164
95 194
95 201
95 211
95 246
95 249
95 260
95 320
95 330
95 413
95 471
95 588
95 652
95 717
95 722
95 743
95 821
95 878
95 883
10 109
12 109
20 109
25 109
41 109
62 109
70 109
72 109
78 109
80 109
85 109
86 109
109 112
109 113
109 183
109 188
109 193
109 198
109 201
109 246
109 253
109 273
109 297
109 387
109 389
109 458
109 492
109 503
109 516
109 520
109 523
109 643
109 780
119 389
119 571
15 124
20 124
41 124
42 124
45 124
54 124
62 124
71 124
72 124
75 124
90 124
91 124
110 124
113 124
114 124
118 124
124 139
124 155
124 164
124 202
124 214
124 222
124 228
124 233
124 238
124 249
124 251
124 255
124 270
124 287
124 297
124 320
124 337
124 352
124 354
124 394
124 407
124 434
124 435
124 492
124 573
124 654
124 687
124 761
124 793
124 803
124 878
124 929
56 162
70 162
74 162
84 162
118 162
139 162
149 162
157 162
162 165
162 189
162 203
162 213
162 544
162 637
162 771
162 802
162 808
88 165
101 165
117 165
120 165
149 165
165 185
165 214
165 240
165 249
165 315
165 317
165 328
165 474
165 522
165 552
165 826
165 903
41 189
86 189
189 201
189 211
189 233
189 238
189 257
189 264
189 277
189 295
189 297
189 376
189 377
189 398
189 416
189 483
189 518
189 620
189 630
189 637
189 724
189 752
189 772
189 815
189 816
12 232
25 232
53 232
72 232
113 232
116 232
127 232
130 232
147 232
193 232
229 232
232 233
232 234
232 235
232 236
232 237
232 238
232 239
232 240
232 241
232 242
232 243
232 244
25 249
31 249
70 249
112 249
113 249
120 249
180 249
205 249
214 249
215 249
249 279
249 297
249 298
249 299
249 300
249 301
249 302
249 303
249 304
249 305
249 306
249 307
10 269
49 269
78 269
86 269
211 269
228 269
260 269
269 270
269 271
269 272
269 273
269 274
269 275
269 276
269 277
269 278
269 279
269 280
269 281
269 282
269 283
269 284
269 285
306 475
25 350
33 350
38 350
53 350
113 350
136 350
280 350
284 350
317 350
318 350
350 493
350 515
350 556
12 366
50 366
54 366
65 366
70 366
80 366
85 366
112 366
113 366
118 366
120 366
136 366
147 366
148 366
153 366
180 366
188 366
193 366
201 366
233 366
234 366
297 366
301 366
328 366
341 366
362 366
365 366
366 376
366 399
366 639
366 660
366 726
366 789
366 801
366 862
366 924
366 927
72 421
139 421
180 421
280 421
405 421
112 573
571 573
12 635
41 635
44 635
112 635
414 635
478 635
607 635
44 660
113 660
239 660
247 660
343 660
556 808
7 10
10 41
10 57
10 169
10 345
10 386
10 500
10 558
10 703
11 12
12 14
12 25
12 41
12 44
12 62
12 70
12 72
12 114
12 117
12 143
12 148
12 149
12 164
12 188
12 201
12 206
12 224
12 239
12 241
12 255
12 258
12 260
12 268
12 280
12 281
12 297
12 302
12 305
12 319
12 320
12 345
12 359
12 362
12 381
12 391
12 405
12 412
12 418
12 437
12 440
12 465
12 475
12 477
12 483
12 487
12 492
12 530
12 621
12 631
12 655
12 693
12 752
12 759
12 820
12 834
12 837
12 852
12 895
12 908
12 917
12 925
13 15
14 15
15 41
15 49
15 50
15 54
15 65
15 78
15 117
15 118
15 146
15 149
15 166
15 182
15 183
15 193
15 206
15 211
15 212
15 228
15 233
15 265
15 302
15 320
15 373
15 428
15 474
15 494
15 539
15 540
15 541
15 542
15 543
15 544
15 545
15 546
15 547
19 25
25 31
25 33
25 36
25 45
25 48
25 62
25 70
25 72
25 78
25 98
25 113
25 143
25 146
25 164
25 173
25 177
25 181
25 195
25 257
25 260
25 270
25 279
25 293
25 297
25 305
25 320
25 335
25 343
25 344
25 348
25 353
25 369
25 424
25 439
25 443
25 475
25 483
25 494
25 503
25 509
25 532
25 633
25 639
25 652
25 654
25 664
25 687
25 690
25 727
25 728
25 736
25 764
25 766
25 769
25 783
25 786
25 803
25 880
25 915
25 928
38 118
38 125
38 127
38 143
38 164
38 193
38 214
38 215
38 270
38 280
38 316
38 345
38 376
38 440
38 503
38 586
33 41
41 53
41 54
41 56
41 65
41 70
41 72
41 78
41 85
41 86
41 90
41 110
41 112
41 113
41 118
41 120
41 127
41 130
41 147
41 149
41 187
41 195
41 212
41 226
41 229
41 233
41 255
41 272
41 317
41 318
41 344
41 359
41 369
41 377
41 398
41 414
41 436
41 447
41 454
41 475
41 495
41 498
41 514
41 516
41 520
41 528
41 566
41 571
41 579
41 597
41 615
41 617
41 624
41 625
41 626
41 627
41 628
41 629
41 630
41 631
41 632
41 633
41 634
41 636
41 637
41 638
45 72
45 163
45 237
45 297
45 305
45 328
45 454
46 78
46 147
46 225
46 246
46 293
46 376
46 498
46 532
46 633
46 673
47 413
47 586
47 607
53 70
53 72
53 78
53 85
53 112
53 120
53 146
53 150
53 185
53 199
53 215
53 275
53 280
53 297
53 305
53 317
53 327
53 373
53 379
53 386
53 405
53 492
53 533
53 678
53 693
53 698
53 710
54 82
54 93
54 114
54 149
54 170
54 193
54 201
54 211
54 212
54 215
54 250
54 367
54 475
54 486
54 504
54 509
54 512
54 544
54 588
54 694
54 715
54 716
54 717
31 70
55 70
70 72
70 77
70 78
70 86
70 112
70 113
70 118
70 120
70 125
70 136
70 141
70 148
70 149
70 163
70 183
70 187
70 265
70 280
70 297
70 308
70 328
70 344
70 348
70 376
70 431
70 445
70 468
70 492
70 516
70 561
70 566
70 576
70 579
70 620
70 641
70 645
70 655
70 701
70 749
70 765
70 832
70 833
49 71
71 149
71 789
40 72
72 78
72 85
72 97
72 110
72 112
72 113
72 132
72 157
72 188
72 193
72 195
72 196
72 199
72 204
72 211
72 215
72 218
72 229
72 233
72 234
72 238
72 245
72 246
72 260
72 277
72 279
72 290
72 328
72 342
72 344
72 352
72 354
72 376
72 380
72 389
72 393
72 396
72 417
72 423
72 431
72 434
72 436
72 475
72 531
72 562
72 579
72 626
72 653
72 686
72 736
72 741
72 749
72 774
72 780
72 801
72 827
72 844
74 500
84 164
84 252
84 444
84 536
56 113
113 116
113 118
113 131
113 148
113 160
113 183
113 220
113 268
113 297
113 301
113 348
113 377
113 416
113 430
113 473
113 506
113 520
113 521
113 544
113 642
113 687
113 724
113 805
113 820
113 851
113 855
113 896
113 920
113 921
55 114
78 114
114 143
114 154
114 188
114 204
114 279
114 387
114 396
114 436
114 455
114 494
114 677
114 687
114 764
114 888
57 118
78 118
86 118
112 118
118 120
118 154
118 188
118 238
118 257
118 260
118 273
118 284
118 309
118 313
118 341
118 369
118 431
118 436
118 445
118 475
118 511
118 577
118 641
118 642
118 780
118 823
118 839
85 120
86 120
110 120
112 120
120 139
120 154
120 164
120 175
120 183
120 188
120 211
120 215
120 221
120 234
120 238
120 255
120 297
120 326
120 388
120 454
120 474
120 549
120 551
120 596
120 633
120 649
120 667
120 678
120 686
120 719
120 861
120 900
129 233
129 431
51 149
112 149
141 149
149 150
149 152
149 153
149 154
149 155
149 156
149 157
149 158
149 160
149 161
149 163
149 164
149 166
149 169
149 170
149 171
154 170
154 180
154 238
154 373
44 169
107 169
112 169
117 169
169 317
169 355
169 509
169 646
169 656
55 180
62 180
117 180
139 180
150 180
164 180
180 204
180 233
180 252
180 257
180 303
180 320
180 454
180 462
180 489
180 516
180 560
180 577
180 578
180 579
180 580
180 581
180 582
33 188
36 188
92 188
105 188
117 188
148 188
188 243
188 253
188 305
188 337
188 363
188 376
188 377
188 393
188 399
188 440
188 445
188 447
188 451
188 473
188 475
188 564
188 565
127 214
201 214
204 214
206 214
214 233
214 261
214 455
33 215
86 215
91 215
164 215
173 215
204 215
211 215
215 223
215 343
215 473
215 507
215 562
215 697
215 830
215 844
78 233
92 233
116 233
131 233
184 233
228 233
233 257
233 265
233 272
233 317
233 337
233 340
233 369
233 373
233 374
233 376
233 377
233 378
233 379
233 380
233 381
233 382
233 384
233 385
233 386
233 387
233 388
211 234
234 243
234 256
234 369
234 404
234 468
234 478
234 479
234 480
234 481
102 239
170 239
239 247
239 279
239 520
239 567
239 587
79 266
91 266
262 266
266 318
266 494
146 289
187 289
203 289
260 289
289 430
289 439
289 440
289 441
187 293
293 298
293 588
293 773
50 297
85 297
127 297
139 297
206 297
260 297
297 359
297 376
297 398
297 411
297 427
297 431
297 448
297 449
297 450
297 451
297 452
297 453
297 454
297 455
297 456
297 457
297 458
297 459
91 301
163 304
304 677
29 320
56 320
57 320
320 432
320 695
265 335
335 337
141 341
125 343
253 343
343 453
343 461
343 478
343 511
343 569
343 788
343 789
31 353
94 353
317 353
342 353
353 468
353 889
353 890
117 376
130 376
143 376
201 376
211 376
243 376
270 376
376 377
376 394
376 471
376 547
376 555
376 612
376 613
376 614
376 615
376 616
376 617
85 387
85 394
247 394
331 394
355 394
394 445
394 475
394 490
394 662
394 675
112 405
372 405
397 415
398 415
56 424
130 424
136 424
260 424
424 455
65 431
101 431
107 431
143 431
158 431
238 431
328 431
373 431
431 462
431 483
431 499
431 520
431 577
431 648
431 772
431 877
85 450
112 450
176 450
355 450
450 640
367 451
44 492
85 492
164 492
238 492
265 492
344 492
369 492
483 492
492 633
492 825
492 834
492 899
270 514
514 809
369 596
596 597
226 608
265 608
139 633
257 633
586 633
44 651
363 651
367 651
44 662
381 730
588 741
693 749
475 750
516 751
751 869
13 14
14 538
57 112
57 337
57 342
57 532
57 706
57 721
33 85
85 117
85 135
85 204
85 291
85 298
85 318
85 365
85 454
85 455
85 487
85 767
85 874
85 875
85 876
78 91
91 110
91 130
91 140
91 183
91 332
91 337
62 101
101 112
101 148
101 200
101 455
33 112
40 112
44 112
86 112
112 117
112 130
112 136
112 141
112 146
112 222
112 230
112 265
112 282
112 302
112 303
112 328
112 339
112 340
112 471
112 475
112 586
112 593
112 677
112 700
112 724
112 755
112 831
112 907
112 909
44 117
56 117
83 117
93 117
117 138
117 143
117 156
117 187
117 204
117 211
117 223
117 260
117 265
117 279
117 302
117 309
117 345
117 355
117 358
117 359
117 369
117 430
117 440
117 483
117 528
117 572
117 634
117 789
117 810
117 886
117 902
117 915
117 923
127 148
127 163
127 216
127 240
127 398
127 525
127 564
49 130
62 130
87 130
130 139
130 183
130 201
130 204
130 268
130 274
130 300
130 344
130 354
130 411
130 413
130 494
130 616
130 709
130 869
130 913
130 933
131 287
29 143
56 143
76 143
87 143
143 243
143 246
143 274
143 278
143 296
143 386
143 404
143 440
143 463
143 493
143 503
143 509
143 555
143 572
143 663
143 698
143 734
143 736
143 761
143 769
143 931
36 146
136 146
144 146
146 411
146 440
146 479
146 858
157 195
157 240
157 433
20 164
50 164
56 164
164 194
164 204
164 247
164 299
164 328
164 344
164 469
164 473
164 475
164 483
164 498
164 528
164 593
164 713
164 788
164 789
164 805
148 193
193 272
193 345
193 455
193 508
193 537
193 637
193 791
56 201
147 201
190 201
200 201
201 225
201 291
201 454
201 538
201 545
201 688
201 706
201 714
116 204
204 205
204 206
204 207
204 209
204 211
204 212
204 213
62 211
211 355
211 565
211 567
211 717
211 779
50 212
147 212
212 257
212 597
212 879
33 238
44 238
78 238
82 238
116 238
184 238
203 238
238 354
238 363
238 483
238 617
238 693
238 811
238 895
238 896
240 416
240 619
139 243
173 243
243 260
243 348
243 352
243 413
243 442
243 487
243 523
243 653
243 852
243 892
243 926
195 244
244 909
86 255
254 255
255 272
255 317
255 378
255 380
76 279
279 462
279 467
279 468
279 473
279 475
279 590
279 713
279 736
187 290
62 305
190 305
305 499
305 713
305 738
305 918
314 315
195 317
226 317
245 317
246 317
265 317
317 351
317 352
317 354
317 355
141 328
184 328
206 328
246 328
273 328
327 328
328 455
328 472
328 538
181 332
332 333
332 334
141 337
222 337
241 337
337 354
337 474
337 686
337 740
337 773
337 774
342 503
86 344
139 344
282 344
344 571
141 396
396 565
396 718
401 443
427 936
437 438
33 445
50 445
270 445
44 454
454 466
454 509
478 509
478 555
478 777
195 512
517 518
173 520
348 520
519 520
520 654
520 655
520 656
183 538
538 724
173 550
176 550
550 574
550 704
550 716
355 562
440 562
217 567
490 567
567 571
627 729
195 653
185 687
625 687
687 804
78 693
265 693
363 693
561 693
636 693
693 770
693 887
355 766
284 773
710 773
275 779
318 779
300 786
260 788
540 788
788 820
440 800
764 814
354 860
302 345
345 500
345 790
136 386
148 386
386 455
386 471
386 494
386 805
386 867
148 703
44 78
44 257
44 661
62 83
62 86
62 199
62 338
62 367
62 440
62 649
62 774
86 148
144 148
148 190
148 362
148 381
148 393
148 505
148 770
49 206
67 206
76 206
206 294
206 326
206 433
206 534
206 781
241 498
258 259
258 260
49 260
50 260
191 260
260 355
260 369
260 398
260 461
260 534
260 618
260 646
260 671
260 858
67 280
280 453
280 631
280 714
50 302
82 302
86 302
302 886
354 359
359 367
359 497
359 652
362 363
362 365
362 367
190 381
226 381
348 381
381 425
381 436
381 484
381 553
381 599
381 731
381 732
56 391
418 599
87 440
161 440
190 440
464 465
78 475
242 475
282 475
472 475
475 539
475 644
475 780
475 934
333 477
446 477
477 598
477 770
477 804
291 483
438 483
482 483
483 623
483 772
483 774
483 804
483 879
621 622
92 631
631 704
265 655
273 655
655 825
296 759
358 759
819 820
213 834
369 834
222 837
891 895
903 917
49 195
49 272
49 273
49 324
49 354
49 675
49 683
50 140
50 325
50 331
50 423
50 574
50 598
50 611
50 628
65 422
65 691
65 736
65 791
65 793
33 78
67 78
78 123
78 270
78 374
78 417
78 680
78 780
78 792
166 287
166 708
166 785
150 182
86 183
150 183
183 230
183 532
183 554
183 826
225 228
228 274
228 455
134 265
161 265
262 265
265 270
265 355
265 399
265 499
265 509
265 637
265 790
373 430
428 744
56 494
139 494
230 494
272 494
494 581
494 809
494 897
499 541
355 544
545 617
282 547
150 179
150 181
150 184
150 185
225 229
229 585
86 237
237 360
237 473
237 669
76 380
369 380
380 657
282 416
355 416
416 532
136 571
447 571
571 572
571 574
363 643
643 644
643 645
643 646
395 646
646 706
646 761
646 767
681 682
439 688
555 688
495 708
644 723
723 724
738 764
56 76
56 479
56 489
56 652
92 225
92 259
216 217
217 566
153 275
275 617
275 778
278 354
278 684
278 694
278 697
187 295
295 793
309 310
367 466
354 377
377 618
377 619
377 620
433 435
33 444
86 444
354 473
473 566
473 641
473 642
509 511
226 607
641 664
641 842
195 652
506 652
770 771
170 778
227 778
614 778
326 851
733 851
33 409
33 442
33 443
33 446
33 447
136 139
136 271
136 291
136 326
136 900
136 932
28 141
141 163
141 727
141 772
141 784
125 222
221 222
222 516
80 226
225 226
110 509
298 509
413 509
509 510
185 582
19 20
19 23
20 245
20 246
20 247
23 438
245 318
43 246
247 774
67 86
86 218
86 318
86 378
86 425
86 466
86 479
86 590
86 696
86 701
86 792
86 858
87 163
163 599
163 685
163 700
31 316
161 537
618 670
670 719
140 826
826 853
31 354
31 371
31 372
77 862
77 863
94 110
110 548
116 253
116 273
116 426
116 469
116 882
175 176
176 482
176 891
197 198
198 455
270 372
270 513
270 515
270 516
105 348
433 434
160 436
334 436
433 436
467 468
468 564
497 705
498 557
472 526
526 701
555 740
555 901
507 588
587 588
326 590
590 599
590 853
413 611
617 721
617 885
107 637
251 637
273 637
283 637
637 885
637 921
667 668
190 790
528 790
43 438
333 438
479 794
273 495
298 690
515 865
98 552
125 173
172 173
173 287
80 181
181 599
194 195
195 368
195 472
195 554
256 257
257 774
298 369
368 369
369 515
369 564
369 620
369 789
443 584
404 503
503 569
138 532
532 533
426 654
276 664
489 769
782 783
783 805
107 915
87 482
87 878
225 227
225 230
28 79
28 203
39 352
42 513
43 368
64 784
67 185
76 253
76 327
76 472
76 861
79 486
80 549
80 552
80 667
88 223
107 298
107 429
115 855
122 638
135 560
138 313
139 311
139 533
156 720
307 340
340 665
346 365
190 347
347 868
354 499
354 516
354 792
300 372
160 493
184 784
187 291
187 292
187 294
187 296
360 361
390 527
382 398
398 775
404 761
406 875
411 570
411 902
413 456
413 462
413 784
413 812
298 417
417 710
417 890
287 423
355 490
355 565
467 469
230 771
363 460
363 499
363 691
363 692
147 455
482 484
486 557
489 586
490 499
493 698
287 586
352 593
144 147
147 689
185 516
298 516
566 761
566 819
566 855
298 638
273 432
273 674
322 324
324 726
675 725
325 326
330 331
331 898
190 901
213 649
213 744
205 250
250 287
250 684
250 838
185 253
205 253
253 379
253 761
253 913
298 711
298 712
298 713
298 714
300 787
430 609
552 553
704 793
705 873
572 707
185 686
327 329
685 686
713 740
733 838
735 922
457 932
724 812
648 649
691 720
793 898
252 506
505 506
506 905
559 560
560 776
560 854
591 787
559 561
575 576
789 794
282 291
282 902
271 464
464 466
205 252
221 223
743 744
553 838
286 287
287 719
657 658
200 202
822 823
262 264
264 732
205 251
329 659
897 898
744 911
452 810
810 811
388 885
144 145
505 507
578 726
292 334
333 476
361 794
