1 2
2 14
2 19
2 25
2 28
2 45
2 54
2 64
2 67
2 88
2 101
2 136
2 157
2 158
2 200
2 218
2 223
2 252
2 264
2 303
2 314
2 336
2 368
2 369
2 370
2 371
2 372
2 373
2 374
13 14
14 23
14 25
14 28
14 32
14 36
14 37
14 39
14 40
14 42
14 45
14 51
14 53
14 59
14 64
14 65
14 68
14 81
14 84
14 96
14 100
14 105
14 137
14 147
14 157
14 178
14 181
14 194
14 199
14 201
14 202
14 205
14 224
14 227
14 241
14 247
14 249
14 253
14 259
14 270
14 271
14 272
14 273
14 274
14 275
14 276
14 277
14 278
14 279
14 280
14 281
14 282
14 283
14 284
14 285
14 286
14 287
14 288
14 289
14 290
14 291
14 292
14 293
14 294
14 295
14 296
14 297
14 298
14 299
14 300
14 301
14 302
14 303
14 304
14 305
14 306
14 307
14 308
14 309
14 310
13 19
19 305
13 25
16 25
21 25
23 25
25 28
25 32
25 34
25 39
25 42
25 44
25 45
25 46
25 50
25 51
25 58
25 59
25 63
25 64
25 66
25 67
25 68
25 76
25 77
25 82
25 87
25 96
25 105
25 106
25 120
25 128
25 142
25 147
25 148
25 157
25 165
25 167
25 172
25 175
25 178
25 181
25 184
25 194
25 203
25 206
25 209
25 213
25 216
25 221
25 223
25 224
25 227
25 228
25 229
25 234
25 244
25 245
25 247
25 248
25 252
25 276
25 277
25 281
25 284
25 288
25 290
25 291
25 317
25 323
25 326
25 335
25 337
25 349
25 353
25 377
25 390
25 418
25 449
25 456
25 462
25 484
25 489
25 496
25 506
25 523
25 540
25 559
25 581
25 582
25 604
25 631
25 645
25 655
25 661
25 689
25 746
25 759
25 768
25 770
25 797
25 837
25 838
25 839
25 840
25 841
4 28
13 28
16 28
21 28
22 28
24 28
28 32
28 34
28 36
28 39
28 45
28 50
28 51
28 54
28 57
28 58
28 59
28 64
28 65
28 66
28 67
28 68
28 77
28 82
28 89
28 90
28 91
28 96
28 100
28 103
28 105
28 108
28 115
28 119
28 130
28 132
28 148
28 157
28 158
28 166
28 178
28 181
28 191
28 194
28 196
28 200
28 201
28 205
28 209
28 213
28 217
28 221
28 222
28 223
28 224
28 225
28 226
28 227
28 228
28 233
28 234
28 239
28 242
28 252
28 264
28 281
28 282
28 284
28 285
28 288
28 294
28 305
28 323
28 337
28 361
28 408
28 422
28 426
28 429
28 451
28 460
28 473
28 481
28 484
28 500
28 503
28 567
28 568
28 578
28 588
28 603
28 612
28 617
28 619
28 622
28 624
28 637
28 645
28 673
28 691
28 702
28 715
28 736
28 749
28 751
28 768
28 779
28 784
28 790
28 802
28 810
28 842
28 855
28 863
28 875
28 876
28 877
28 878
28 879
28 880
4 45
16 45
17 45
20 45
24 45
27 45
32 45
36 45
39 45
43 45
45 46
45 50
45 51
45 58
45 59
45 64
45 65
45 66
45 67
45 76
45 77
45 81
45 82
45 90
45 92
45 96
45 125
45 133
45 137
45 148
45 150
45 152
45 172
45 189
45 200
45 204
45 213
45 223
45 227
45 228
45 233
45 245
45 252
45 258
45 259
45 264
45 265
45 274
45 275
45 285
45 288
45 309
45 315
45 317
45 358
45 368
45 390
45 392
45 429
45 433
45 438
45 445
45 453
45 456
45 462
45 470
45 516
45 526
45 547
45 549
45 555
45 631
45 634
45 685
45 719
45 779
45 785
45 797
45 804
45 811
45 812
45 815
45 828
45 843
45 845
45 846
45 847
45 848
45 849
45 850
45 851
49 54
52 54
54 59
54 244
54 288
54 317
54 382
54 429
54 567
16 64
20 64
21 64
32 64
34 64
35 64
36 64
39 64
42 64
51 64
57 64
58 64
59 64
64 65
64 66
64 72
64 77
64 78
64 82
64 88
64 90
64 96
64 101
64 103
64 105
64 108
64 111
64 113
64 127
64 128
64 140
64 141
64 147
64 157
64 158
64 179
64 181
64 188
64 223
64 224
64 225
64 232
64 249
64 253
64 259
64 277
64 280
64 282
64 285
64 288
64 306
64 308
64 314
64 319
64 320
64 328
64 330
64 338
64 345
64 354
64 361
64 362
64 372
64 393
64 408
64 412
64 414
64 417
64 426
64 427
64 428
64 429
64 430
64 431
64 432
64 433
64 434
64 435
64 436
64 437
64 438
64 439
64 440
64 441
64 442
64 443
64 444
64 445
64 446
64 447
64 448
64 449
64 450
64 451
64 452
64 453
64 454
64 455
21 67
23 67
32 67
37 67
39 67
42 67
51 67
59 67
65 67
66 67
67 76
67 81
67 105
67 145
67 148
67 155
67 181
67 189
67 191
67 199
67 203
67 213
67 228
67 231
67 245
67 247
67 252
67 266
67 275
67 281
67 285
67 288
67 354
67 374
67 382
67 390
67 410
67 534
67 581
67 584
67 610
67 651
67 694
67 721
67 740
67 741
67 742
67 743
67 744
67 745
18 88
29 88
42 88
65 88
86 88
88 148
88 159
88 191
88 285
88 288
88 512
88 513
88 514
98 101
101 658
21 136
32 136
42 136
51 136
55 136
68 136
75 136
121 136
133 136
136 148
136 158
136 172
136 195
136 252
136 259
136 321
136 452
136 465
136 639
136 665
136 731
136 736
136 744
136 796
136 847
136 885
8 157
16 157
24 157
30 157
36 157
42 157
50 157
51 157
57 157
65 157
76 157
148 157
152 157
157 158
157 181
157 189
157 222
157 226
157 228
157 230
157 235
157 240
157 259
157 272
157 281
157 285
157 317
157 336
157 382
157 397
157 471
157 481
157 506
157 509
157 517
157 522
157 542
157 555
157 558
157 629
157 641
157 658
157 739
157 785
157 840
157 842
157 882
157 883
18 158
23 158
32 158
34 158
51 158
65 158
69 158
82 158
107 158
152 158
158 167
158 169
158 181
158 182
158 203
158 206
158 229
158 288
158 301
158 307
158 315
158 329
158 364
158 382
158 384
158 429
158 454
158 581
158 637
158 656
158 796
158 884
32 200
34 200
58 200
59 200
65 200
66 200
77 200
96 200
105 200
116 200
124 200
163 200
200 234
200 285
200 286
200 331
200 369
200 372
200 415
200 540
200 541
200 542
200 543
200 544
34 218
32 223
34 223
37 223
42 223
51 223
65 223
79 223
96 223
128 223
141 223
209 223
216 223
223 228
223 248
223 283
223 288
223 309
223 311
223 315
223 340
223 371
223 407
223 418
223 452
223 453
223 497
223 545
223 636
18 252
32 252
36 252
51 252
58 252
59 252
73 252
113 252
137 252
181 252
228 252
248 252
250 252
252 279
252 317
252 325
252 402
252 530
252 580
252 634
252 779
252 833
36 264
65 264
82 264
134 264
203 264
264 391
264 542
264 722
264 726
90 303
303 393
303 576
32 314
105 314
147 314
203 314
270 314
278 314
314 382
314 388
314 606
314 607
314 608
314 609
314 610
103 336
275 368
32 369
82 369
369 401
369 584
369 694
369 748
369 755
105 370
370 601
51 371
51 372
201 372
266 372
372 693
181 373
224 373
373 615
89 374
3 4
3 5
4 22
4 32
4 36
4 129
4 148
4 226
5 90
5 290
5 509
13 22
22 644
13 32
16 32
18 32
20 32
32 34
32 36
32 37
32 42
32 51
32 53
32 57
32 58
32 65
32 66
32 68
32 69
32 70
32 72
32 76
32 79
32 82
32 83
32 89
32 96
32 103
32 108
32 125
32 137
32 139
32 148
32 151
32 159
32 166
32 179
32 181
32 186
32 196
32 224
32 225
32 228
32 229
32 230
32 233
32 237
32 243
32 244
32 245
32 265
32 270
32 281
32 283
32 285
32 290
32 323
32 344
32 362
32 367
32 382
32 388
32 402
32 404
32 420
32 425
32 449
32 464
32 485
32 521
32 528
32 542
32 545
32 560
32 565
32 581
32 586
32 601
32 635
32 645
32 651
32 655
32 681
32 693
32 704
32 720
32 739
32 767
32 768
32 786
32 818
32 872
32 888
16 36
21 36
23 36
31 36
33 36
34 36
36 39
36 42
36 51
36 57
36 59
36 66
36 73
36 82
36 86
36 87
36 89
36 96
36 105
36 113
36 147
36 175
36 181
36 201
36 209
36 213
36 216
36 224
36 228
36 230
36 231
36 234
36 236
36 244
36 270
36 288
36 323
36 337
36 354
36 361
36 380
36 381
36 384
36 387
36 424
36 511
36 515
36 559
36 562
36 625
36 656
36 676
36 686
36 717
36 730
36 731
36 732
36 733
36 734
36 735
36 736
36 737
36 738
89 129
129 130
129 131
51 148
58 148
65 148
82 148
90 148
96 148
146 148
148 173
148 189
148 203
148 241
148 258
148 266
148 288
148 309
148 337
148 484
148 487
148 498
148 519
148 539
148 628
148 630
148 659
148 672
148 724
148 756
148 820
148 823
34 226
50 226
100 226
164 226
179 226
206 226
226 288
226 323
226 364
226 483
37 90
44 90
70 90
76 90
86 90
90 108
90 113
90 131
90 137
90 143
90 181
90 209
90 215
90 227
90 230
90 234
90 248
90 278
90 285
90 288
90 313
90 337
90 349
90 379
90 384
90 394
90 438
90 481
90 511
90 558
90 577
90 635
90 656
90 749
90 778
23 290
65 290
68 290
174 290
228 290
290 710
290 830
6 7
6 8
6 9
6 10
7 96
7 116
8 58
8 774
9 453
10 224
51 96
57 96
65 96
66 96
68 96
77 96
79 96
81 96
96 113
96 137
96 151
96 159
96 166
96 171
96 181
96 188
96 194
96 203
96 224
96 225
96 228
96 229
96 230
96 242
96 250
96 256
96 259
96 262
96 278
96 285
96 288
96 388
96 410
96 438
96 463
96 480
96 542
96 570
96 583
96 587
96 617
96 719
96 744
96 782
96 805
96 806
96 811
96 818
96 878
57 116
116 230
116 352
39 58
51 58
56 58
57 58
58 59
58 65
58 68
58 70
58 82
58 98
58 105
58 137
58 168
58 178
58 203
58 213
58 229
58 230
58 233
58 242
58 281
58 282
58 288
58 366
58 479
58 515
58 516
58 577
58 589
58 594
58 610
58 629
58 636
58 723
58 812
58 831
58 848
58 865
58 868
58 869
390 774
774 871
774 892
68 453
181 453
266 453
279 453
453 540
453 612
453 805
34 224
42 224
51 224
82 224
108 224
113 224
115 224
182 224
196 224
224 227
224 276
224 307
224 323
224 600
224 700
224 809
224 810
11 12
12 227
12 239
18 227
34 227
37 227
50 227
59 227
68 227
105 227
108 227
137 227
147 227
184 227
199 227
217 227
222 227
227 228
227 245
227 247
227 256
227 320
227 323
227 335
227 403
227 463
227 505
227 523
227 538
227 665
227 742
227 766
227 793
227 810
227 861
227 867
227 870
227 886
227 887
238 239
239 285
239 479
239 523
239 721
239 722
13 15
13 16
13 17
13 18
13 20
13 21
13 23
13 24
13 26
13 27
13 29
13 30
13 31
15 51
15 59
15 102
15 209
15 394
15 540
16 18
16 23
16 34
16 37
16 51
16 59
16 65
16 66
16 73
16 105
16 137
16 181
16 189
16 194
16 201
16 202
16 211
16 234
16 245
16 256
16 259
16 265
16 272
16 282
16 288
16 317
16 365
16 385
16 387
16 441
16 471
16 480
16 525
16 557
16 560
16 578
16 579
16 580
16 581
16 582
17 37
17 57
17 595
18 37
18 55
18 57
18 76
18 82
18 98
18 100
18 151
18 165
18 169
18 178
18 230
18 242
18 272
18 356
18 418
18 421
18 493
18 578
18 662
18 663
18 664
20 137
20 268
20 288
20 461
21 37
21 70
21 164
21 351
21 445
21 790
23 37
23 65
23 117
23 118
23 189
23 277
23 281
23 349
23 384
23 428
23 435
23 481
23 683
23 785
24 46
24 59
24 128
24 532
26 196
26 230
27 120
29 48
29 68
29 150
29 724
30 51
30 70
30 506
30 612
30 715
30 818
31 51
31 329
31 623
31 834
33 37
37 51
37 65
37 82
37 108
37 181
37 186
37 188
37 243
37 404
37 505
37 521
37 629
37 711
37 728
37 850
38 39
39 50
39 62
39 63
39 65
39 66
39 68
39 69
39 70
39 71
39 72
39 73
39 74
39 75
39 76
39 77
39 78
39 79
38 40
40 278
40 288
40 384
40 585
41 42
42 46
42 51
42 57
42 59
42 68
42 76
42 105
42 109
42 113
42 115
42 137
42 171
42 201
42 219
42 242
42 285
42 311
42 328
42 330
42 382
42 405
42 408
42 471
42 481
42 542
42 562
42 571
42 615
42 636
42 670
42 677
42 727
42 728
42 729
34 51
47 51
48 51
50 51
51 57
51 59
51 69
51 76
51 79
51 82
51 84
51 89
51 100
51 105
51 115
51 117
51 120
51 121
51 139
51 156
51 166
51 169
51 191
51 203
51 205
51 213
51 221
51 225
51 230
51 233
51 247
51 285
51 291
51 305
51 310
51 322
51 335
51 354
51 359
51 382
51 410
51 417
51 422
51 469
51 474
51 484
51 523
51 528
51 549
51 561
51 562
51 569
51 578
51 600
51 621
51 629
51 642
51 643
51 656
51 668
51 704
51 766
51 777
51 818
51 835
51 839
51 852
51 868
51 882
52 53
53 106
53 137
53 319
53 323
53 777
53 782
53 797
53 805
48 59
50 59
56 59
59 65
59 77
59 81
59 92
59 104
59 108
59 113
59 137
59 149
59 167
59 172
59 179
59 181
59 188
59 194
59 199
59 278
59 288
59 305
59 315
59 323
59 338
59 343
59 360
59 363
59 382
59 430
59 435
59 437
59 466
59 484
59 487
59 495
59 505
59 522
59 530
59 546
59 565
59 573
59 584
59 600
59 620
59 621
59 635
59 637
59 643
59 649
59 654
59 709
59 710
59 776
59 782
59 818
59 838
59 842
59 871
59 873
59 874
34 65
48 65
50 65
57 65
65 68
65 76
65 77
65 82
65 85
65 89
65 103
65 105
65 113
65 118
65 137
65 149
65 151
65 166
65 169
65 179
65 180
65 181
65 191
65 215
65 228
65 240
65 242
65 243
65 259
65 265
65 270
65 278
65 285
65 288
65 296
65 309
65 317
65 319
65 326
65 331
65 345
65 352
65 360
65 363
65 382
65 386
65 397
65 403
65 419
65 456
65 458
65 471
65 497
65 498
65 525
65 542
65 580
65 624
65 625
65 626
65 627
65 628
65 629
65 630
65 631
65 632
65 633
65 634
65 635
65 636
65 637
65 638
65 639
34 68
57 68
68 89
68 93
68 113
68 189
68 205
68 229
68 242
68 251
68 266
68 272
68 288
68 346
68 380
68 387
68 440
68 514
68 611
68 657
68 733
80 81
81 92
81 93
81 94
81 95
81 97
80 84
84 316
91 100
98 100
100 228
100 362
100 382
100 495
100 523
100 552
100 760
34 105
50 105
66 105
76 105
82 105
104 105
105 108
105 125
105 137
105 147
105 179
105 181
105 213
105 255
105 272
105 274
105 275
105 281
105 284
105 285
105 288
105 299
105 304
105 338
105 361
105 378
105 481
105 619
105 635
105 655
105 700
105 730
105 757
105 850
105 855
105 859
35 137
50 137
66 137
76 137
82 137
108 137
133 137
137 162
137 176
137 179
137 194
137 214
137 229
137 251
137 259
137 263
137 270
137 288
137 304
137 309
137 382
137 409
137 435
137 600
137 615
137 617
137 619
137 642
137 671
137 758
137 778
137 788
137 791
50 147
146 147
147 261
147 272
147 384
147 473
147 497
147 576
147 601
147 664
147 761
72 178
125 178
177 178
178 247
178 281
178 483
178 832
34 181
57 181
63 181
82 181
97 181
127 181
139 181
166 181
170 181
172 181
176 181
180 181
181 209
181 213
181 217
181 247
181 270
181 288
181 291
181 305
181 309
181 346
181 379
181 387
181 405
181 442
181 447
181 450
181 485
181 586
181 593
181 660
181 675
181 676
181 677
181 678
181 679
181 680
181 681
181 682
181 683
181 684
181 685
181 686
181 687
181 688
181 689
57 194
78 194
166 194
194 211
194 247
194 322
194 452
194 521
194 749
194 767
194 852
194 853
194 854
62 199
124 199
199 496
199 500
199 501
199 502
66 201
124 201
201 206
201 228
201 229
201 281
201 306
201 515
201 673
201 709
124 202
202 259
202 296
202 763
76 205
204 205
205 230
205 285
205 462
205 483
205 712
205 718
205 776
205 777
50 241
78 241
113 241
241 242
241 243
241 244
241 245
241 246
241 247
241 248
241 249
115 247
125 247
141 247
182 247
247 259
247 283
247 285
247 288
247 337
247 403
247 549
247 590
247 724
247 733
247 800
247 847
247 870
249 542
249 826
250 253
66 259
103 259
173 259
251 259
254 259
259 268
259 341
259 380
259 382
259 390
259 481
259 539
259 553
259 581
259 701
259 733
259 840
259 850
259 894
196 270
213 270
251 270
255 270
270 315
270 316
270 317
270 318
270 319
271 327
271 328
271 329
189 273
273 282
273 364
274 282
274 402
125 275
275 288
275 327
275 524
275 564
276 337
276 433
276 569
276 570
277 537
111 278
231 278
233 278
244 278
255 278
278 476
278 568
278 584
278 585
278 586
161 279
279 288
279 431
279 529
279 530
279 536
279 594
73 280
280 703
77 281
228 281
281 285
281 713
281 714
282 657
282 719
282 720
284 545
153 285
162 285
184 285
213 285
242 285
285 288
285 323
285 382
285 435
285 481
285 484
285 488
285 496
285 501
285 545
285 727
285 730
285 806
285 807
49 288
73 288
77 288
89 288
103 288
108 288
115 288
120 288
125 288
206 288
213 288
217 288
230 288
243 288
288 319
288 325
288 326
288 327
288 382
288 465
288 472
288 483
288 496
288 498
288 542
288 547
288 561
288 608
288 610
288 631
288 638
288 651
288 652
288 659
288 711
288 716
288 726
288 779
288 795
288 820
288 821
288 822
188 289
228 291
291 586
293 322
108 294
63 296
297 444
125 298
189 298
298 382
299 452
299 456
228 300
237 300
300 736
113 301
50 302
302 514
302 646
75 304
230 304
304 325
304 344
304 532
304 540
82 305
173 305
305 357
230 306
306 316
111 308
308 390
308 727
82 309
309 581
309 655
309 857
309 881
310 567
102 103
73 209
94 209
173 209
208 209
209 248
209 315
209 323
209 483
209 510
209 530
209 580
209 587
209 598
209 707
209 823
209 860
228 394
337 394
540 568
33 34
34 66
34 73
34 77
34 78
34 89
34 117
34 128
34 171
34 191
34 192
34 213
34 215
34 216
34 217
34 219
34 220
34 221
34 222
34 225
34 228
34 229
34 230
34 231
34 232
34 233
34 234
66 79
66 108
66 185
66 221
66 222
66 228
66 250
66 321
66 347
66 364
66 382
66 409
66 449
66 553
66 588
66 666
66 667
66 668
73 257
73 543
73 688
57 189
108 189
189 629
189 717
189 718
210 211
82 234
155 234
234 245
234 382
234 433
234 675
234 731
234 866
111 245
125 245
213 245
245 255
245 505
245 510
245 511
125 256
254 256
256 537
256 705
256 706
115 265
185 265
216 265
265 266
265 267
265 268
265 269
77 317
113 317
203 317
315 317
317 429
317 530
317 673
203 365
383 385
77 387
360 387
386 387
387 462
387 656
387 667
387 718
387 827
97 471
151 471
470 471
471 552
82 480
477 480
480 799
524 525
172 557
578 586
450 581
581 742
582 586
56 57
57 82
57 108
57 150
57 184
57 185
57 186
57 187
57 188
57 190
57 191
57 192
57 193
57 195
57 196
57 197
57 198
52 55
76 156
76 179
76 203
76 221
76 366
76 554
76 679
76 715
76 842
78 82
80 82
82 108
82 115
82 144
82 165
82 191
82 216
82 228
82 242
82 324
82 337
82 349
82 381
82 428
82 483
82 503
82 548
82 610
82 627
82 693
82 694
82 695
82 696
82 697
82 698
98 99
149 151
151 553
151 554
151 685
165 166
165 167
165 168
169 170
169 171
169 172
169 173
169 174
169 175
78 230
89 230
134 230
221 230
230 350
230 403
230 452
230 481
230 501
230 505
230 523
230 534
230 553
230 623
230 795
230 814
230 891
184 242
242 261
242 377
242 378
242 379
242 380
354 356
356 733
78 418
418 419
418 420
225 421
421 422
492 493
113 662
268 795
364 461
404 461
460 461
70 382
70 583
97 164
159 164
164 203
213 351
228 644
333 644
117 118
79 118
62 349
323 349
349 364
349 520
349 862
77 384
113 384
188 384
383 384
384 751
384 801
364 428
379 428
108 435
435 564
435 604
477 481
481 611
542 683
436 785
784 785
43 46
126 128
128 564
128 625
43 44
47 50
50 172
50 179
50 225
50 228
50 326
50 337
50 401
50 456
50 501
50 542
50 685
50 766
50 797
50 810
50 819
63 388
77 115
77 179
77 193
77 246
77 260
77 382
77 530
77 586
77 657
77 674
77 754
77 832
86 87
87 184
106 107
106 108
119 120
156 167
167 362
167 542
172 229
172 334
172 558
172 559
175 438
175 456
175 696
175 788
184 337
184 338
184 339
113 203
124 203
125 203
150 203
203 216
203 332
203 362
203 400
203 479
203 587
203 632
203 712
204 206
206 405
115 213
210 213
213 222
213 434
213 482
213 549
213 585
213 762
213 882
213 887
216 222
216 261
216 415
216 416
89 221
113 221
179 221
221 243
221 518
221 534
221 542
221 596
221 736
221 740
221 768
221 769
125 228
179 228
228 240
228 408
228 410
228 561
228 684
228 695
228 856
122 229
229 375
229 390
229 423
229 615
229 777
244 429
244 466
244 467
244 468
244 469
320 323
323 511
323 562
323 655
323 869
83 326
325 326
326 449
215 335
337 390
337 392
337 393
337 395
337 396
377 587
156 390
389 390
390 495
390 511
390 574
390 599
355 456
456 627
462 463
484 485
488 489
489 541
191 496
319 496
496 497
496 498
496 499
266 506
494 506
506 615
522 523
539 604
440 631
631 844
501 645
655 656
660 661
108 689
643 746
71 759
768 889
729 770
584 797
594 797
714 797
469 838
840 864
196 693
48 89
86 89
89 458
89 459
89 460
89 534
89 598
89 600
89 751
89 752
89 753
89 754
86 91
91 103
103 125
103 609
103 643
108 125
108 182
108 332
108 553
108 567
108 782
108 783
72 115
114 115
115 414
115 515
115 835
119 121
119 122
166 334
166 549
191 767
217 225
222 328
222 432
222 538
225 519
113 233
233 328
233 812
78 361
237 361
187 408
243 408
408 538
408 624
408 678
92 429
429 474
429 553
429 554
429 555
125 460
266 460
466 473
434 503
566 567
182 568
587 588
602 603
570 612
600 612
612 665
187 622
430 624
637 751
35 691
376 691
701 702
542 736
736 806
722 810
817 863
863 895
635 880
47 48
48 60
48 388
48 465
48 597
149 150
150 334
150 362
723 724
724 781
60 818
329 750
187 623
69 549
79 125
79 816
80 83
83 152
123 125
125 152
125 215
125 219
125 348
125 403
125 469
125 528
125 699
125 705
125 750
125 757
125 758
125 775
125 833
125 850
138 139
139 498
159 160
159 161
159 162
159 163
177 179
179 639
179 648
179 861
186 601
235 237
237 362
111 243
243 404
243 405
243 406
243 407
343 344
344 526
185 362
362 530
207 382
381 382
382 515
382 553
382 636
382 651
382 811
382 812
382 813
266 388
402 706
364 425
518 521
521 812
521 813
122 542
542 680
542 688
542 733
542 794
542 795
113 545
171 545
364 545
545 636
545 787
545 831
586 613
601 766
601 861
113 635
549 635
651 652
651 653
651 654
469 693
669 693
407 720
113 767
516 767
33 35
35 690
78 121
78 354
78 895
171 393
171 431
219 501
219 531
220 706
95 231
231 324
231 366
111 113
112 113
113 149
113 322
113 381
113 411
113 454
113 491
113 517
113 530
113 600
113 804
113 848
235 236
354 355
354 357
251 515
515 583
515 647
562 563
656 709
731 866
465 733
510 733
530 733
546 733
127 505
266 505
364 629
393 629
629 825
62 348
71 572
75 190
109 110
109 111
311 312
251 328
328 348
330 331
615 616
93 677
678 727
727 858
92 423
133 134
133 135
121 152
152 153
152 154
152 155
152 156
204 207
254 258
315 555
392 458
324 433
251 516
526 527
176 549
497 555
494 634
412 828
828 829
440 843
447 847
47 49
49 747
56 60
331 465
465 695
596 597
747 748
266 501
501 765
682 819
156 439
156 534
156 564
156 650
131 322
320 322
359 360
446 469
599 600
668 808
240 319
442 782
261 805
56 61
187 333
197 606
447 479
477 479
393 589
594 780
723 725
666 865
338 447
338 803
127 363
414 430
437 798
486 487
529 530
530 534
530 556
154 546
573 574
573 575
483 584
400 649
606 649
111 411
111 639
126 127
140 141
141 240
154 320
320 321
320 324
345 346
376 393
393 488
251 412
411 412
413 414
414 836
431 692
436 789
452 618
180 182
180 183
238 240
240 324
240 551
240 614
397 398
419 507
458 543
458 605
497 726
250 251
321 507
364 680
667 773
143 145
145 541
266 502
533 534
93 587
251 396
346 598
514 787
657 658
94 257
254 257
554 890
679 706
260 261
173 674
608 754
97 764
143 144
144 718
153 483
176 548
548 669
558 696
512 640
512 641
416 570
658 807
254 255
255 590
699 700
757 758
182 817
332 333
123 124
647 750
162 712
160 176
176 399
176 550
791 792
791 793
318 718
518 519
538 539
823 824
399 400
591 593
682 707
687 708
333 504
544 893
707 708
210 212
518 520
375 376
396 602
396 716
341 342
269 477
477 478
475 476
535 536
488 490
789 857
607 669
507 508
355 457
492 494
563 708
591 592
771 773
771 772
