1 2
1 3
1 4
1 5
1 6
2 470
3 10
4 15
4 16
4 48
4 74
4 83
4 91
4 156
4 166
4 172
4 175
4 184
4 347
4 366
4 426
4 484
4 493
4 556
4 598
4 612
4 670
4 730
4 790
4 829
4 830
4 831
5 136
5 215
5 341
6 51
6 55
6 73
6 100
6 203
6 209
6 377
6 412
6 456
6 504
6 520
6 711
6 790
6 801
38 470
195 470
335 470
443 470
447 470
470 763
7 10
10 128
10 163
10 205
10 323
10 363
7 15
9 15
15 19
15 26
15 38
15 43
15 44
15 48
15 51
15 53
15 55
15 60
15 78
15 83
15 88
15 109
15 128
15 137
15 149
15 163
15 172
15 247
15 274
15 288
15 370
15 389
15 419
15 439
15 584
15 635
15 683
15 739
15 744
15 768
7 16
9 16
16 34
16 38
16 41
16 52
16 61
16 69
16 71
16 73
16 75
16 79
16 80
16 83
16 94
16 98
16 101
16 115
16 130
16 140
16 149
16 151
16 156
16 163
16 166
16 177
16 181
16 182
16 198
16 201
16 202
16 229
16 253
16 254
16 261
16 267
16 345
16 366
16 377
16 386
16 400
16 427
16 447
16 456
16 478
16 511
16 517
16 524
16 540
16 547
16 561
16 577
16 587
16 628
16 632
16 635
16 647
16 656
16 672
16 678
16 724
16 743
16 774
16 777
16 781
16 815
16 818
16 819
16 820
16 821
19 48
22 48
44 48
48 51
48 60
48 72
48 73
48 74
48 75
48 80
48 83
48 88
48 98
48 100
48 105
48 128
48 134
48 140
48 141
48 149
48 151
48 163
48 186
48 201
48 208
48 234
48 248
48 274
48 294
48 296
48 297
48 298
48 299
48 300
48 301
48 302
48 303
48 304
48 305
48 306
48 307
48 308
48 309
48 310
19 74
27 74
51 74
56 74
69 74
73 74
74 83
74 88
74 91
74 109
74 115
74 138
74 163
74 174
74 179
74 185
74 186
74 196
74 205
74 236
74 250
74 282
74 297
74 335
74 366
74 377
74 459
74 469
74 605
74 629
74 662
74 688
74 700
74 772
74 806
74 847
74 870
13 83
29 83
55 83
73 83
79 83
81 83
83 88
83 97
83 100
83 104
83 106
83 111
83 123
83 128
83 145
83 167
83 181
83 195
83 209
83 220
83 238
83 260
83 280
83 288
83 306
83 347
83 350
83 354
83 364
83 395
83 401
83 417
83 422
83 473
83 514
83 523
83 535
83 539
83 564
83 607
83 633
83 699
83 702
83 783
83 808
83 813
83 832
83 837
83 890
53 91
90 91
91 163
91 198
91 205
91 231
91 297
91 344
91 345
91 376
91 417
91 469
91 479
91 509
91 672
91 677
91 703
91 716
71 156
154 156
156 198
156 318
156 611
156 758
44 166
164 166
8 172
99 172
149 172
172 374
172 423
172 432
172 469
172 520
172 769
172 796
172 811
172 893
73 175
174 175
175 205
175 363
27 184
163 184
177 184
183 184
28 347
100 347
107 347
129 347
274 347
347 901
51 366
52 366
82 366
109 366
128 366
169 366
234 366
274 366
307 366
342 366
364 366
366 378
366 446
366 502
366 636
366 707
366 788
366 884
75 426
181 426
426 427
38 484
53 484
484 485
493 494
493 495
458 556
163 598
212 598
345 598
597 598
301 612
81 670
100 670
190 730
436 730
615 730
158 790
163 790
194 830
696 830
708 831
53 136
56 136
77 136
94 136
136 138
136 685
47 215
53 215
151 215
179 215
201 215
215 216
215 217
215 218
215 219
215 220
107 341
109 341
201 341
341 405
341 446
341 607
22 51
38 51
51 73
51 94
51 100
51 140
51 141
51 163
51 241
51 274
51 317
51 328
51 349
51 487
51 578
51 584
51 629
51 678
51 679
51 680
51 681
51 682
51 683
22 55
26 55
34 55
38 55
55 73
55 94
55 107
55 138
55 151
55 177
55 178
55 181
55 198
55 201
55 246
55 250
55 269
55 351
55 356
55 365
55 401
55 447
55 487
55 500
55 541
55 548
55 642
55 648
55 679
55 685
55 763
55 788
55 794
55 803
55 822
13 73
26 73
34 73
38 73
53 73
56 73
59 73
63 73
69 73
70 73
73 75
73 77
73 81
73 88
73 95
73 97
73 98
73 100
73 101
73 109
73 117
73 123
73 131
73 132
73 140
73 151
73 154
73 163
73 190
73 193
73 201
73 205
73 217
73 222
73 265
73 274
73 276
73 318
73 322
73 331
73 332
73 335
73 351
73 364
73 399
73 409
73 414
73 415
73 431
73 446
73 468
73 514
73 558
73 565
73 595
73 671
73 683
73 774
73 808
73 836
73 839
73 842
73 844
73 890
73 891
26 100
38 100
49 100
53 100
61 100
71 100
81 100
88 100
95 100
100 149
100 240
100 250
100 316
100 443
100 458
100 502
100 649
100 651
100 667
100 668
100 669
100 671
75 203
107 203
117 203
203 204
203 205
203 206
203 207
203 208
209 210
209 211
209 212
108 377
64 412
109 412
412 828
44 456
98 456
140 456
456 775
456 794
456 801
58 520
97 520
132 520
163 520
198 520
440 520
478 520
710 711
711 762
53 801
801 802
801 803
7 8
7 9
7 11
7 12
7 13
7 14
7 17
7 18
7 19
7 20
8 72
8 168
8 169
8 170
8 171
9 38
9 53
9 63
9 95
9 98
9 105
9 107
9 133
9 163
9 169
9 178
9 181
9 198
9 201
9 242
9 357
9 368
9 440
9 441
9 442
9 443
9 444
11 217
12 102
12 582
13 42
13 53
13 128
13 133
13 177
13 766
14 811
14 812
17 109
17 158
17 163
17 274
18 94
18 845
19 22
19 53
19 56
19 58
19 71
19 106
19 299
19 301
19 326
19 327
19 440
19 503
19 529
19 648
19 861
20 140
20 278
20 561
20 840
69 72
72 85
72 141
72 707
168 201
35 169
44 169
97 169
98 169
129 169
151 169
169 182
169 216
169 306
169 330
169 370
169 401
169 458
169 461
169 498
169 535
169 641
169 753
169 763
169 764
169 765
170 302
38 171
70 171
115 171
128 171
171 355
171 374
171 534
171 560
171 864
21 38
26 38
38 44
38 53
38 71
38 76
38 86
38 88
38 106
38 107
38 109
38 110
38 118
38 121
38 126
38 128
38 132
38 138
38 149
38 155
38 161
38 163
38 174
38 177
38 181
38 201
38 205
38 237
38 242
38 265
38 284
38 306
38 333
38 370
38 431
38 455
38 459
38 464
38 478
38 535
38 543
38 557
38 592
38 597
38 601
38 617
38 621
38 626
38 647
38 722
38 740
38 743
38 755
38 776
38 794
38 810
38 813
38 815
38 838
38 846
38 848
38 857
38 873
38 883
38 885
38 900
22 53
28 53
31 53
34 53
47 53
53 81
53 82
53 88
53 94
53 98
53 102
53 109
53 115
53 118
53 124
53 126
53 132
53 138
53 149
53 167
53 177
53 201
53 210
53 218
53 219
53 242
53 261
53 274
53 282
53 301
53 303
53 320
53 326
53 345
53 351
53 415
53 418
53 425
53 437
53 492
53 519
53 524
53 558
53 564
53 601
53 683
53 687
53 694
53 775
53 793
53 816
53 818
53 824
53 825
53 826
62 63
63 92
63 250
63 286
63 629
70 95
95 96
95 97
95 98
95 99
95 101
95 102
95 103
26 98
34 98
75 98
94 98
98 126
98 127
98 140
98 143
98 149
98 152
98 241
98 288
98 388
98 450
98 548
98 571
98 589
98 590
98 591
98 592
98 593
98 594
98 595
98 596
104 105
105 127
105 198
88 107
94 107
107 145
107 249
107 332
107 335
107 340
107 342
107 343
107 344
107 345
107 346
94 133
133 467
133 477
133 553
133 699
29 163
30 163
34 163
45 163
50 163
56 163
88 163
115 163
127 163
128 163
134 163
140 163
145 163
158 163
162 163
163 167
163 189
163 201
163 208
163 240
163 274
163 284
163 290
163 293
163 327
163 346
163 350
163 351
163 378
163 415
163 417
163 428
163 440
163 454
163 463
163 466
163 480
163 489
163 514
163 577
163 584
163 585
163 601
163 607
163 629
163 679
163 689
163 710
163 719
163 816
163 888
75 178
109 178
174 178
178 746
47 181
88 181
102 181
109 181
126 181
128 181
157 181
174 181
181 199
181 213
181 242
181 299
181 367
181 419
181 615
181 641
181 703
181 733
181 777
181 782
181 832
181 869
59 198
75 198
88 198
197 198
198 201
198 205
198 244
198 274
198 345
198 348
198 360
198 542
198 543
198 544
198 545
198 546
198 547
198 548
198 549
198 550
28 201
29 201
47 201
56 201
70 201
109 201
128 201
132 201
138 201
140 201
141 201
151 201
157 201
159 201
179 201
189 201
194 201
200 201
201 205
201 220
201 242
201 250
201 268
201 273
201 278
201 306
201 314
201 318
201 354
201 368
201 396
201 440
201 448
201 508
201 510
201 513
201 565
201 576
201 583
201 597
201 609
201 621
201 632
201 661
201 690
201 691
201 692
201 693
201 694
201 695
201 696
201 697
201 698
201 699
201 700
201 701
34 242
102 242
241 242
242 308
242 337
242 558
242 622
242 808
242 850
242 851
26 357
58 440
82 440
138 440
274 440
402 440
440 451
440 536
440 568
440 580
440 581
440 582
440 583
440 584
386 441
127 443
333 443
443 584
443 750
443 818
443 852
444 855
26 128
47 128
58 128
59 128
75 128
94 128
127 128
128 140
128 151
128 158
128 177
128 186
128 189
128 195
128 250
128 303
128 318
128 339
128 354
128 364
128 386
128 398
128 401
128 461
128 462
128 472
128 502
128 584
128 640
128 649
128 664
128 712
128 756
128 759
128 796
128 840
128 867
128 868
58 205
71 205
115 205
117 205
138 205
205 247
205 327
205 332
205 370
205 408
205 446
205 527
205 653
205 661
205 662
205 663
205 664
205 665
75 323
323 324
323 325
323 326
323 327
101 363
363 386
363 630
363 691
196 217
217 250
217 274
217 345
217 408
217 433
217 624
217 653
217 654
217 655
75 102
102 108
102 115
102 127
102 588
102 667
54 582
259 582
41 42
42 75
42 449
42 483
42 518
29 177
34 177
59 177
87 177
109 177
127 177
174 177
177 179
177 225
177 263
177 454
177 494
177 498
177 499
177 500
75 766
766 878
766 894
21 26
26 34
26 235
26 297
26 350
26 351
26 352
26 353
26 354
26 355
26 356
26 358
26 359
43 44
43 45
43 46
43 47
44 60
44 75
44 82
44 138
44 165
44 213
44 316
44 398
44 454
44 455
44 457
44 458
44 459
60 61
59 78
50 88
58 88
71 88
75 88
84 88
88 94
88 117
88 127
88 129
88 131
88 141
88 157
88 167
88 266
88 274
88 278
88 288
88 301
88 335
88 365
88 396
88 401
88 409
88 471
88 518
88 536
88 679
88 700
88 737
88 814
88 817
88 854
88 864
29 109
34 109
56 109
94 109
109 127
109 138
109 139
109 141
109 143
109 186
109 187
109 231
109 235
109 239
109 250
109 252
109 255
109 277
109 299
109 303
109 306
109 346
109 349
109 355
109 401
109 402
109 403
109 404
109 405
109 406
109 407
109 408
109 409
109 410
109 411
109 413
109 414
109 415
109 416
109 417
109 418
109 419
109 420
109 421
109 422
109 423
94 137
137 479
56 149
106 149
131 149
148 149
149 151
149 214
149 365
149 415
149 435
149 561
149 573
149 628
149 713
47 247
59 247
70 247
247 350
247 401
59 274
61 274
75 274
81 274
82 274
115 274
123 274
126 274
129 274
130 274
140 274
141 274
159 274
211 274
250 274
265 274
273 274
274 304
274 335
274 337
274 345
274 378
274 381
274 415
274 438
274 448
274 514
274 516
274 519
274 536
274 545
274 551
274 608
274 625
274 638
274 639
274 640
274 641
274 642
274 643
274 644
274 645
274 646
35 370
47 370
101 370
123 370
138 370
185 370
252 370
301 370
369 370
370 457
370 461
370 467
370 717
370 724
245 389
30 419
103 419
151 419
231 419
266 419
413 419
419 625
419 718
188 439
32 584
47 584
303 584
584 683
584 855
635 636
117 683
297 683
577 683
629 683
630 683
683 791
683 839
32 739
469 739
744 745
21 34
34 65
34 94
34 141
34 145
34 199
34 574
34 844
22 52
52 380
52 588
61 66
61 93
61 250
61 480
61 858
58 69
69 70
69 71
69 75
28 71
71 81
71 94
71 134
71 231
71 266
71 327
71 345
71 379
71 380
71 381
71 382
71 383
71 384
71 385
71 386
71 387
71 388
28 75
29 75
75 81
75 82
75 101
75 138
75 186
75 227
75 251
75 281
75 301
75 303
75 335
75 364
75 417
75 552
75 593
75 632
75 689
75 699
75 713
75 777
75 818
75 819
75 822
75 834
75 870
75 886
75 896
75 897
79 80
79 81
79 82
80 355
24 94
28 94
94 108
94 110
94 111
94 112
94 113
94 114
94 115
94 116
94 117
94 118
94 119
94 120
94 121
94 122
94 123
94 124
94 125
94 126
94 127
94 129
94 130
94 131
94 132
94 134
94 135
94 138
94 139
94 140
94 141
94 142
101 115
101 223
101 259
101 290
101 327
101 349
28 115
58 115
115 123
115 129
115 161
115 167
115 197
115 240
115 294
115 318
115 392
115 473
115 535
115 569
115 644
115 656
115 657
115 658
115 659
127 130
130 345
77 140
108 140
134 140
140 157
140 179
140 364
140 397
140 514
140 515
140 761
140 777
28 151
134 151
150 151
151 158
151 211
151 304
151 313
151 393
151 515
151 567
151 723
174 182
182 191
182 282
182 302
182 417
182 485
182 798
194 202
228 229
229 401
253 254
237 254
254 599
167 261
267 268
267 269
86 345
250 345
292 345
345 380
345 462
345 606
345 632
345 679
345 696
345 788
345 794
345 813
56 386
194 386
195 386
386 722
386 783
427 480
427 602
58 447
340 447
404 447
447 749
401 478
478 579
97 517
50 540
406 540
56 561
290 561
356 561
408 561
449 561
559 561
561 651
561 728
561 734
561 757
574 577
577 797
303 587
333 587
28 628
355 628
28 632
214 632
240 632
306 632
59 647
106 647
451 672
724 732
701 743
704 743
157 774
774 823
814 815
815 875
682 820
32 158
154 158
158 333
158 394
158 613
158 621
158 762
158 787
158 788
158 789
158 791
21 22
22 49
22 50
22 54
22 56
56 173
56 361
56 450
56 492
56 501
56 557
56 641
56 651
56 708
56 856
56 899
57 58
58 106
58 306
58 310
58 624
30 106
104 106
106 111
106 127
106 147
106 176
106 186
106 231
106 250
106 252
106 263
106 337
106 475
106 645
106 660
106 838
106 877
299 420
299 446
299 555
299 563
299 729
299 771
29 301
47 301
301 401
301 435
301 778
327 825
327 835
501 503
86 529
381 529
528 529
529 750
29 648
47 648
334 648
365 648
648 674
190 861
266 861
47 278
218 278
277 278
278 337
335 840
839 840
21 23
21 24
21 25
21 27
21 28
21 29
21 30
21 31
21 32
21 33
21 35
21 36
21 37
23 64
23 65
27 144
27 303
27 410
27 438
27 538
28 121
28 127
28 144
28 186
28 199
28 268
28 304
28 318
28 381
28 395
28 446
28 621
28 622
28 623
28 624
28 625
28 626
28 627
28 629
28 630
28 631
28 633
29 270
29 413
29 466
29 568
30 674
30 706
31 750
32 86
32 238
33 652
35 81
35 248
35 318
35 495
36 117
36 188
36 434
36 738
49 521
54 199
64 458
59 65
65 350
65 455
216 235
81 297
121 297
297 335
297 446
297 714
297 736
350 356
350 399
350 479
350 616
350 617
82 351
351 479
351 624
194 352
138 353
353 392
353 417
250 354
303 354
144 355
303 355
355 401
306 356
143 144
144 258
144 509
132 303
292 303
303 365
303 480
303 763
303 826
126 410
410 703
437 438
141 538
538 555
121 411
121 539
121 760
117 127
127 138
127 154
127 250
127 548
127 700
127 721
127 783
127 796
186 187
186 188
186 189
186 190
186 191
99 199
197 199
199 222
199 259
199 372
199 514
199 546
86 268
268 506
268 588
304 536
304 685
59 318
317 318
318 329
318 330
318 331
318 332
318 333
318 334
318 335
318 336
318 337
318 338
134 446
212 446
240 446
287 446
333 446
445 446
446 460
446 530
446 531
446 532
446 533
59 621
408 624
537 624
624 729
307 625
626 637
626 773
425 627
629 852
629 866
214 630
417 631
469 631
135 633
459 633
270 271
413 468
413 608
413 772
465 466
362 568
320 706
706 822
588 750
666 750
84 86
86 154
86 481
86 505
86 786
238 239
238 240
97 141
134 141
138 141
141 306
141 429
141 454
141 467
141 560
143 145
145 360
145 772
250 574
259 574
574 575
574 576
212 844
47 81
81 135
81 157
81 164
81 214
81 240
81 241
81 279
81 551
81 679
81 741
81 880
70 248
248 763
495 607
117 132
117 505
117 609
117 700
117 709
188 489
76 77
118 719
47 126
87 126
126 391
126 430
132 445
132 548
132 634
132 823
138 190
138 250
138 312
138 378
138 480
138 507
138 516
138 525
138 554
138 572
138 796
138 847
138 848
154 155
155 190
155 527
59 161
160 161
161 686
161 720
174 176
174 179
174 180
216 237
237 802
264 265
157 284
283 284
284 591
284 726
284 793
47 306
306 309
306 375
306 392
306 393
306 663
306 698
306 795
97 333
134 333
250 333
307 333
333 416
333 787
333 813
431 432
455 608
47 459
195 459
459 583
459 716
459 760
534 535
300 543
527 543
557 558
592 675
592 715
387 601
399 601
601 602
601 603
618 722
721 722
300 740
120 755
179 776
420 776
758 776
219 813
548 813
662 813
835 838
59 846
206 857
393 873
618 873
39 40
40 134
112 134
134 236
134 409
134 451
134 516
134 643
134 745
134 881
340 449
97 518
46 179
46 487
47 212
47 250
47 307
47 310
47 325
47 560
47 852
82 99
82 179
82 294
82 527
82 618
82 662
82 671
82 822
164 165
165 196
213 214
398 399
146 457
190 458
458 814
123 179
179 190
179 594
314 487
372 487
479 487
480 487
487 551
212 852
212 853
70 250
96 250
190 250
240 250
250 266
250 390
250 401
250 450
250 473
250 480
250 708
250 784
218 307
307 390
307 735
307 799
307 847
220 310
310 785
231 325
325 783
269 560
314 560
559 560
852 879
99 208
142 208
232 234
294 295
157 296
298 450
308 895
309 605
309 673
521 767
317 319
317 320
113 578
453 679
679 854
380 565
588 659
588 699
164 167
131 210
210 663
218 219
218 731
70 219
219 643
219 825
281 282
282 314
320 544
320 616
59 415
415 490
415 826
418 501
424 425
425 472
425 482
411 492
432 492
97 519
263 519
114 558
421 558
558 786
157 564
593 775
792 793
816 817
335 824
602 825
194 826
70 246
246 272
246 365
246 474
269 365
269 448
269 726
269 747
269 796
364 365
365 401
365 480
365 620
365 814
365 841
401 479
401 480
384 500
500 692
227 548
498 548
803 884
723 822
196 361
360 361
343 450
450 451
450 452
450 453
190 501
501 502
593 641
641 751
114 651
707 708
708 849
57 59
59 211
59 240
59 602
59 727
211 240
211 335
211 606
211 765
211 841
240 533
240 782
602 778
726 727
90 93
93 334
93 364
480 713
760 858
90 92
92 549
92 735
92 827
67 68
68 232
68 752
232 233
70 245
70 249
70 251
70 252
249 339
249 604
228 231
231 277
231 448
231 545
231 638
231 677
231 741
264 266
266 837
227 382
384 565
385 565
387 800
387 882
387 898
388 859
84 85
85 677
129 707
77 285
97 260
97 514
97 515
97 516
123 406
123 805
131 639
131 659
154 157
154 159
129 190
146 190
190 214
190 227
190 403
190 507
192 193
193 780
221 222
222 669
295 322
321 322
157 335
364 367
227 409
275 409
409 445
414 723
414 734
467 468
468 662
468 691
468 843
514 551
285 565
430 671
430 839
315 890
421 890
393 891
891 892
183 185
216 236
236 486
236 566
467 469
604 605
605 754
662 700
448 700
700 809
700 874
422 847
226 227
227 465
417 655
552 553
593 735
159 713
834 835
285 796
285 797
135 390
157 716
157 770
214 807
497 741
473 618
618 655
111 258
192 195
195 823
129 422
244 422
471 473
522 523
498 607
607 639
783 887
84 87
84 89
89 125
89 129
481 482
505 506
758 786
129 570
129 778
396 397
471 472
534 536
536 795
655 854
703 704
734 735
334 336
334 646
108 378
142 606
142 872
96 373
103 586
515 562
143 146
152 153
649 650
668 876
669 894
255 259
259 888
289 290
290 673
585 586
176 491
262 263
475 476
406 660
660 728
762 877
287 340
314 340
340 448
346 691
346 804
346 889
187 287
255 256
255 257
255 258
402 610
406 528
408 416
408 657
416 420
416 453
416 494
392 393
608 609
701 719
429 430
189 513
460 461
461 507
460 462
640 742
338 664
778 779
778 780
315 477
372 451
451 762
311 312
525 526
572 573
397 698
544 606
146 608
360 362
435 436
313 314
313 315
206 567
159 646
613 614
646 860
194 216
330 725
374 375
534 537
180 833
224 225
375 494
746 798
233 615
798 799
512 513
513 684
192 194
194 705
243 244
371 372
372 488
273 275
576 600
275 655
228 230
233 531
850 862
747 748
291 292
714 715
338 675
324 666
619 620
453 871
532 704
476 865
496 497
575 676
878 879
862 863
