1 2
1 3
1 4
1 5
1 6
1 7
1 8
1 9
1 10
1 11
1 12
1 13
1 14
1 15
1 16
1 17
1 18
1 19
2 3
2 5
2 7
2 19
2 20
2 21
2 22
2 23
2 24
2 25
2 26
2 27
2 28
2 29
2 30
2 31
2 32
3 7
3 8
3 11
3 20
3 32
3 33
3 34
3 35
3 36
3 37
3 38
3 39
3 40
3 41
3 42
3 43
3 44
3 45
3 46
4 34
4 47
4 48
4 49
4 50
4 51
4 52
4 53
4 54
4 55
4 56
4 57
4 58
4 59
4 60
4 61
4 62
4 63
4 64
5 35
5 47
5 51
5 55
5 65
5 66
5 67
5 68
5 69
5 70
5 71
5 72
5 73
5 74
5 75
5 76
5 77
5 78
5 79
5 80
5 81
6 7
6 34
6 38
6 47
6 66
6 82
6 83
6 84
6 85
6 86
6 87
6 88
6 89
6 90
6 91
6 92
6 93
6 94
6 95
6 96
6 97
6 98
7 55
7 87
7 99
7 100
7 101
7 102
7 103
7 104
7 105
7 106
7 107
7 108
8 10
8 12
8 18
8 66
8 68
8 82
8 101
8 114
8 148
8 202
8 204
8 252
8 253
8 260
8 276
8 300
8 301
8 302
8 303
8 304
8 305
9 29
9 33
9 40
9 100
9 190
9 200
9 270
9 289
9 290
9 314
9 341
9 361
10 21
10 23
10 42
10 58
10 63
10 69
10 82
10 99
10 114
10 119
10 120
10 134
10 135
10 283
10 313
10 356
10 368
10 410
10 411
11 103
11 132
11 226
11 234
11 356
12 34
12 51
12 70
13 20
13 165
13 190
13 225
14 24
14 37
14 69
14 70
15 36
15 38
15 66
15 266
16 37
16 40
16 166
17 37
17 42
17 47
17 54
17 226
18 34
18 51
18 99
19 53
19 72
19 83
19 109
20 21
20 31
20 46
20 47
20 50
20 83
20 109
20 110
20 111
20 112
20 113
21 38
21 42
21 47
21 59
21 71
21 72
21 86
21 87
21 96
21 102
21 103
21 107
21 110
21 111
21 112
21 114
21 126
21 140
21 146
21 156
21 157
21 159
21 160
21 166
21 169
21 182
21 191
21 197
21 201
21 207
21 230
21 231
21 232
21 233
21 234
21 235
21 236
21 237
21 238
21 239
21 240
21 241
21 242
21 243
21 244
21 245
21 246
21 247
21 248
21 249
21 250
21 251
21 252
21 253
21 254
21 255
21 256
21 257
21 258
21 259
21 260
22 38
22 47
22 65
22 71
22 87
22 101
22 110
22 111
22 114
22 146
22 153
22 225
22 233
22 237
22 240
22 248
22 257
22 260
22 261
22 262
22 263
22 264
22 265
23 34
23 55
23 56
23 61
23 72
23 73
23 84
23 95
23 102
23 117
23 124
23 164
23 184
23 210
23 215
23 271
23 277
23 278
23 279
23 280
23 281
24 46
24 51
24 101
24 107
24 111
24 126
24 127
24 156
24 157
24 159
24 160
24 244
24 263
24 267
24 269
24 322
25 37
25 55
25 63
25 68
25 126
25 214
25 217
25 266
25 280
25 289
25 324
25 325
25 326
25 328
25 329
25 371
25 394
25 412
25 413
25 414
25 415
25 416
25 417
25 418
25 419
26 36
26 53
26 54
26 85
26 110
26 140
27 47
27 111
27 261
27 266
28 37
28 53
28 84
28 103
28 109
29 37
29 38
29 87
29 183
30 34
30 43
30 86
30 102
30 226
31 53
31 110
31 139
31 226
31 286
32 54
32 86
32 102
32 406
33 37
33 47
33 51
33 56
33 57
33 70
33 75
33 97
33 114
33 115
33 116
33 117
33 118
33 119
33 120
33 121
33 122
33 123
34 36
34 41
34 43
34 48
34 83
34 99
34 109
34 110
34 112
34 124
34 125
34 126
34 127
34 128
34 129
35 37
35 55
35 67
35 70
35 88
35 103
35 104
35 128
35 199
35 202
35 212
35 221
35 241
35 248
35 250
35 254
35 270
35 275
35 276
36 38
36 48
36 85
36 113
36 127
36 130
36 185
36 236
36 286
37 42
37 45
37 50
37 101
37 125
37 126
37 128
37 131
37 138
37 185
38 49
38 53
38 57
38 66
38 88
38 92
38 101
38 117
38 122
38 177
38 182
38 184
38 190
38 266
38 298
38 369
38 371
39 47
39 68
39 101
39 114
39 151
39 160
39 174
39 177
39 183
39 199
39 203
39 245
39 275
39 281
39 304
39 325
39 337
39 349
39 352
39 376
39 378
39 379
40 57
40 61
40 65
40 71
40 78
40 80
40 166
40 167
40 175
40 179
40 184
40 224
40 227
40 271
40 380
40 393
41 66
41 70
41 81
41 82
41 87
41 101
41 138
41 143
41 150
41 157
41 205
41 232
41 258
41 264
41 298
41 303
41 304
41 353
41 382
41 395
41 399
42 83
42 86
42 130
42 191
42 196
42 207
42 286
42 306
42 307
42 308
42 358
42 359
43 72
43 94
43 111
43 129
43 166
43 211
43 212
43 236
43 240
43 273
43 276
43 401
43 422
44 47
44 54
44 171
44 271
44 406
45 51
45 114
45 356
46 51
46 182
46 225
46 286
47 68
47 99
47 129
47 130
47 131
48 52
48 53
48 56
48 83
48 90
48 117
48 121
48 124
48 132
48 133
48 134
48 135
48 136
48 137
49 86
49 102
49 138
49 139
49 140
49 141
49 142
49 143
49 144
49 145
50 66
50 103
50 140
50 173
50 191
50 207
50 230
50 231
50 234
50 235
50 240
50 241
50 247
50 250
50 266
50 267
50 268
50 269
51 55
51 69
51 74
51 82
51 85
51 89
51 104
51 124
51 127
51 131
51 132
51 134
51 137
51 147
51 167
51 192
51 198
51 199
51 204
51 205
51 212
51 216
51 220
51 262
51 263
51 266
51 267
51 269
51 272
51 283
51 287
51 288
51 290
51 292
51 293
51 295
51 307
51 308
51 312
51 315
51 318
51 320
51 321
51 322
51 323
51 324
51 325
51 326
51 327
51 328
51 329
51 330
51 331
51 332
51 333
51 334
52 79
52 80
52 82
52 115
52 122
52 126
52 132
52 164
52 166
52 167
52 168
52 178
52 179
52 187
52 271
52 321
52 356
52 374
52 380
53 83
53 84
53 197
53 201
53 287
53 288
53 291
53 310
53 314
53 341
53 360
54 83
54 101
54 111
54 128
54 155
54 163
54 191
54 202
54 222
54 269
54 272
54 286
54 309
54 396
54 401
55 70
55 72
55 81
55 83
55 88
55 151
55 152
55 165
55 168
55 173
55 174
55 183
55 188
55 208
55 222
55 226
55 228
55 262
55 265
55 268
55 270
55 273
55 275
55 286
55 294
55 297
55 300
55 301
55 302
55 305
55 358
55 359
55 373
55 399
55 404
55 422
56 139
56 190
58 84
58 101
58 110
58 139
58 164
58 266
59 69
59 84
59 170
59 190
60 99
60 124
60 231
61 190
61 270
61 343
62 189
62 192
62 240
62 286
62 356
63 70
63 86
64 100
64 146
64 156
64 238
65 69
65 86
65 102
65 141
65 143
65 146
65 147
65 148
65 149
65 150
65 151
65 152
65 153
65 154
66 101
66 125
66 139
66 155
66 156
66 157
66 158
66 159
66 160
66 161
66 162
66 163
67 82
67 99
67 106
67 131
67 189
67 200
67 217
67 219
67 271
67 292
67 295
67 306
67 307
67 308
67 309
67 310
68 84
68 96
68 99
68 102
68 122
68 125
68 140
68 145
68 149
68 169
68 189
68 209
68 213
68 214
68 220
68 221
68 236
68 241
68 259
68 260
68 274
68 276
68 289
68 303
68 329
68 342
68 343
68 344
68 345
68 346
68 347
68 348
68 349
68 350
68 351
68 352
68 353
68 354
68 355
69 82
69 101
69 182
69 235
69 236
69 380
70 72
70 74
70 101
70 131
70 180
70 186
70 198
70 225
70 226
70 299
70 321
70 368
70 371
70 387
70 393
71 82
71 111
71 139
71 193
71 197
71 201
71 202
71 203
71 206
71 230
71 231
71 294
71 297
71 307
71 308
71 343
71 358
71 359
71 398
72 100
72 108
72 128
72 139
72 163
72 193
72 207
72 244
72 269
72 397
72 403
72 406
73 82
73 84
73 190
73 286
75 100
75 170
75 286
76 234
76 356
77 190
77 224
77 286
78 262
78 356
79 271
80 157
80 236
81 82
81 167
81 236
82 84
82 88
82 96
82 100
82 125
82 164
82 165
82 166
82 167
82 168
82 169
83 96
83 109
83 110
83 134
83 164
83 173
83 181
83 182
83 190
83 224
83 225
83 226
83 227
83 228
83 229
84 137
84 169
84 181
84 188
84 224
84 226
84 227
84 240
84 268
84 271
84 298
84 299
85 95
85 96
85 115
85 118
85 127
85 132
85 133
85 164
85 170
85 177
85 187
85 235
85 261
85 284
85 298
85 311
86 89
86 195
86 196
86 279
86 280
86 283
86 315
86 361
86 371
86 391
86 409
86 410
87 89
87 119
87 120
87 130
87 135
87 137
87 158
87 186
87 190
87 311
87 371
87 409
87 411
88 231
90 139
90 240
90 286
91 100
91 230
91 234
91 240
91 356
92 262
92 356
93 156
93 173
93 238
93 286
94 140
95 192
95 230
95 236
96 182
97 124
97 157
97 236
98 140
98 271
99 101
99 128
99 170
99 171
99 172
99 173
99 174
99 175
99 176
99 177
99 178
99 179
99 180
99 181
100 103
100 117
100 134
100 164
100 170
100 182
100 183
100 184
100 185
100 186
100 187
100 188
101 112
101 125
101 147
101 155
101 158
101 161
101 162
101 163
101 165
101 167
101 189
101 190
101 191
101 192
101 193
101 194
101 195
101 196
101 197
101 198
101 199
101 200
101 201
101 202
101 203
101 204
101 205
101 206
101 207
101 208
101 209
101 210
101 211
101 212
101 213
101 214
101 215
101 216
101 217
101 218
101 219
101 220
101 221
101 222
101 223
102 130
102 197
102 200
102 201
102 287
102 288
102 289
102 290
102 291
103 107
103 130
103 131
103 139
103 161
103 191
103 202
103 222
103 267
103 395
103 397
103 401
103 406
104 172
104 226
105 166
105 183
106 174
106 226
107 172
108 155
108 197
114 193
114 205
114 229
114 237
114 243
114 249
114 259
114 262
114 274
114 301
114 351
114 375
114 383
114 399
114 404
148 194
202 271
138 204
155 204
191 252
194 252
196 252
198 252
193 253
253 262
231 260
165 300
170 300
182 300
193 300
155 302
231 302
158 304
167 304
198 305
271 305
110 190
115 190
137 190
140 190
164 190
172 190
190 228
190 229
190 266
190 368
190 369
190 370
174 200
132 270
184 270
270 335
270 338
270 366
270 386
270 429
270 430
270 431
172 289
197 290
164 314
197 314
170 341
172 341
232 341
111 361
174 361
266 361
110 134
134 225
134 232
124 283
109 313
164 313
286 313
171 356
175 356
176 356
181 356
268 356
356 370
356 374
356 387
109 368
232 368
139 410
238 411
124 132
132 140
132 193
132 198
132 213
132 216
132 222
132 240
132 247
132 254
132 255
132 271
132 272
132 273
132 274
111 226
129 226
155 226
156 226
161 226
173 226
193 226
207 226
226 267
226 396
226 403
140 234
222 234
234 243
234 250
234 332
234 348
234 377
234 389
234 404
234 405
165 170
165 172
165 175
165 254
165 256
165 261
165 271
165 281
165 287
165 317
165 337
165 338
165 384
165 385
165 386
127 225
137 225
185 225
189 225
210 225
215 225
218 225
225 235
225 266
225 296
225 299
225 310
112 266
210 266
218 266
235 266
266 279
266 296
266 299
266 343
266 392
113 166
158 166
162 166
166 193
166 263
166 322
166 343
166 396
166 397
109 167
109 172
109 186
109 197
109 215
109 235
109 271
109 280
109 310
109 311
109 315
109 391
109 392
110 137
110 155
110 215
110 279
110 360
110 392
111 130
111 310
111 360
111 406
112 124
112 193
113 238
117 140
123 140
136 140
140 188
140 409
146 191
146 194
146 278
146 342
146 343
146 369
146 384
146 388
146 394
146 400
156 192
156 218
156 235
156 278
156 284
156 369
156 391
156 402
138 157
157 227
157 251
157 257
157 258
157 350
157 352
157 365
157 366
157 377
157 379
157 397
157 406
157 427
157 428
138 159
155 159
160 235
124 169
169 182
169 286
127 182
170 182
173 182
182 197
182 201
182 239
182 242
182 245
182 246
182 251
182 254
182 256
182 262
182 268
138 191
147 191
149 191
150 191
151 191
171 191
191 192
191 235
191 236
191 243
191 346
191 372
191 373
155 197
164 197
196 197
197 292
197 294
197 295
197 297
197 323
197 327
197 395
164 201
171 207
175 230
185 230
229 230
230 245
230 254
230 262
230 271
230 288
230 316
230 335
230 336
230 370
230 386
230 388
230 389
144 231
162 231
179 231
231 237
231 248
231 326
231 338
231 344
231 352
231 355
231 376
231 379
231 384
231 390
137 232
186 232
193 232
232 279
232 280
232 287
232 288
232 312
232 316
232 317
232 318
232 319
232 394
193 233
233 246
167 235
194 235
198 235
199 235
208 235
220 235
235 299
235 319
235 330
235 331
118 236
167 236
168 236
175 236
193 236
194 236
195 236
236 281
236 343
236 374
236 396
236 407
236 408
237 291
237 320
237 391
237 394
116 238
124 238
136 238
155 238
158 238
193 238
238 284
238 369
158 239
167 239
189 239
239 291
239 320
239 391
239 394
172 240
173 240
177 240
181 240
240 268
240 277
240 296
240 315
240 360
240 402
198 241
158 242
167 242
189 242
194 243
196 243
172 244
183 244
224 245
198 247
248 343
192 249
193 249
189 251
193 255
255 262
255 343
192 256
224 256
155 257
167 257
167 258
193 258
193 259
259 262
153 194
153 196
161 261
163 261
193 261
194 261
211 261
223 261
261 271
261 292
261 331
261 358
261 359
261 392
261 413
261 415
261 420
261 421
141 262
158 262
170 262
262 328
262 335
262 345
262 350
262 354
262 376
262 377
262 388
262 399
262 405
155 264
193 264
264 343
193 265
122 124
124 172
124 229
124 281
124 282
124 284
124 285
164 311
164 312
164 315
164 316
164 317
164 318
164 319
164 320
184 343
170 210
215 224
129 271
150 271
173 271
174 271
193 271
195 271
268 271
271 282
271 334
271 340
271 347
271 372
271 377
271 379
271 402
271 404
170 277
281 286
193 322
138 214
167 214
172 217
174 217
192 324
343 419
155 183
158 183
183 272
183 309
183 395
123 139
136 139
139 228
139 282
139 285
118 286
133 286
158 286
286 370
216 406
223 406
274 406
275 406
285 406
403 406
406 422
115 170
118 189
129 171
138 147
138 155
138 192
138 194
138 195
138 205
138 220
138 292
138 293
138 294
138 295
138 296
138 297
177 189
151 167
174 196
174 292
174 295
174 307
174 308
174 309
174 357
170 337
189 337
198 349
343 352
192 376
192 378
198 379
167 168
167 220
167 327
167 330
167 339
167 343
167 373
167 375
175 189
187 224
188 224
189 224
224 228
224 318
224 319
224 339
224 340
224 385
224 389
224 400
193 380
143 194
150 158
150 194
155 353
158 353
155 382
158 196
196 381
172 307
172 308
171 358
171 359
192 273
171 189
171 219
171 292
171 357
171 360
142 155
142 194
142 195
144 195
145 195
173 218
173 284
173 291
173 320
173 342
173 384
173 388
173 400
173 402
192 195
192 198
192 206
192 336
192 348
192 350
192 373
192 374
192 375
192 377
172 198
178 198
198 333
198 385
198 390
172 272
158 293
170 312
172 323
172 327
155 168
155 351
155 372
155 375
152 195
208 343
158 294
172 294
158 297
172 297
195 373
170 335
170 336
170 338
170 339
170 340
170 342
158 343
162 343
195 343
343 350
343 390
343 405
343 423
343 424
343 425
343 426
189 299
189 336
189 362
189 363
189 364
189 365
189 366
189 367
154 158
154 195
158 372
158 375
195 346
193 381
195 372
195 381
195 383
172 357
194 372
194 381
194 383
