1 2
1 3
1 4
1 5
1 6
1 7
1 8
1 9
1 10
1 11
1 12
1 13
1 14
1 15
1 16
1 17
1 18
1 19
1 20
1 21
2 4
2 5
2 6
2 22
2 23
2 24
2 25
2 26
2 27
2 28
2 29
2 30
2 31
2 32
2 33
2 34
2 35
2 36
2 37
2 38
2 39
2 40
2 41
2 42
3 5
3 7
3 22
3 26
3 43
3 44
3 45
3 46
3 47
3 48
3 49
3 50
3 51
3 52
3 53
3 54
3 55
3 56
3 57
3 58
4 6
4 7
4 22
4 23
4 27
4 55
4 56
4 59
4 60
4 61
4 62
4 63
4 64
4 65
4 66
4 67
4 68
5 23
5 26
5 43
5 49
5 60
5 69
5 70
5 71
5 72
5 73
5 74
5 75
5 76
5 77
5 78
5 79
5 80
5 81
5 82
5 83
5 84
6 27
6 44
6 46
6 59
6 89
6 90
6 101
6 102
6 103
6 104
6 105
6 106
6 107
6 108
6 109
6 110
6 111
6 112
6 113
6 114
6 115
7 28
7 47
7 49
7 116
7 134
7 159
7 160
7 161
7 162
7 163
7 164
7 165
7 166
7 167
7 168
7 169
7 170
7 171
7 172
7 173
7 174
7 175
7 176
7 177
8 29
8 32
8 70
8 93
8 129
8 132
8 133
8 135
8 169
8 193
8 219
8 291
8 295
8 335
8 353
8 378
8 386
8 399
8 502
8 519
8 557
8 584
8 585
8 586
9 33
9 39
9 47
9 55
9 103
9 106
9 138
9 139
9 165
9 171
9 177
9 224
9 272
9 275
9 284
9 291
9 300
9 304
9 306
9 317
9 319
9 322
9 332
9 339
9 342
9 355
9 368
9 375
9 380
9 383
9 386
9 388
9 391
9 407
9 446
9 448
9 458
9 465
9 480
9 506
9 519
9 522
9 553
9 587
9 589
9 594
9 609
9 614
9 620
9 624
9 635
9 650
9 660
9 664
9 665
9 668
9 678
9 688
9 692
9 693
9 700
9 703
9 704
9 705
9 706
9 707
9 708
9 709
9 710
9 711
9 712
9 713
10 19
10 77
10 146
10 183
10 285
10 314
10 322
10 384
10 470
10 478
10 560
10 568
10 602
10 603
10 668
10 705
10 717
10 786
10 793
10 858
10 868
10 879
11 17
11 147
11 169
11 181
11 213
11 246
11 248
11 261
11 268
11 270
11 380
11 388
11 490
11 521
11 528
11 588
11 615
11 732
11 739
11 857
12 50
12 61
12 64
12 68
12 85
12 120
12 182
12 191
12 206
12 218
12 241
12 302
12 326
12 330
12 363
12 367
12 371
12 413
12 450
12 455
12 735
12 820
12 870
12 872
13 26
13 30
13 48
13 71
13 97
13 322
13 401
13 452
13 453
13 478
13 514
13 666
13 681
13 744
13 754
13 764
13 816
13 831
13 890
13 915
13 939
13 940
13 941
14 22
14 63
14 67
14 121
14 173
14 187
14 221
14 290
14 296
14 305
14 312
14 313
14 424
14 425
14 455
14 485
14 599
14 636
14 638
14 645
14 746
14 826
14 911
14 912
15 51
15 184
15 491
15 492
15 665
16 74
16 170
16 334
16 415
16 533
17 35
17 63
17 151
17 295
17 331
18 28
18 106
18 334
18 419
18 519
18 561
19 53
19 211
19 254
19 358
19 485
20 35
20 44
20 51
20 170
20 195
20 408
21 33
21 61
21 129
21 130
21 137
21 273
21 433
21 687
22 24
22 43
22 59
22 68
22 69
22 85
22 86
22 87
22 88
22 89
22 90
22 91
22 92
22 93
22 94
22 95
22 96
22 97
22 98
22 99
22 100
23 70
23 81
23 99
23 116
23 117
23 118
23 119
23 120
23 121
23 122
23 123
23 124
23 125
23 126
23 127
23 128
24 25
24 44
24 45
24 73
24 91
24 109
24 129
24 130
24 131
24 132
24 133
24 134
24 135
24 136
24 137
24 138
24 139
24 140
24 141
24 142
24 143
24 144
24 145
24 146
25 27
25 29
25 43
25 46
25 59
25 92
25 118
25 130
25 147
25 148
25 149
25 150
25 151
25 152
25 153
25 154
25 155
25 156
25 157
25 158
26 28
26 50
26 92
26 95
26 129
26 137
26 153
26 178
26 179
26 180
26 181
26 182
26 183
26 184
26 185
26 186
26 187
26 188
26 189
26 190
26 191
27 28
27 33
27 72
27 83
27 102
27 116
27 129
27 181
27 195
27 242
27 243
27 244
27 245
27 246
27 247
27 248
27 249
27 250
27 251
28 69
28 100
28 102
28 109
28 110
28 218
28 265
28 281
28 287
28 296
28 317
28 318
28 319
28 320
28 321
28 322
28 323
28 324
29 49
29 60
29 61
29 62
29 71
29 76
29 88
29 90
29 95
29 101
29 102
29 112
29 129
29 133
29 140
29 143
29 161
29 165
29 183
29 193
29 207
29 211
29 225
29 283
29 295
29 296
29 303
29 305
29 318
29 320
29 381
29 405
29 421
29 444
29 467
29 482
29 516
29 520
29 526
29 527
29 530
29 543
29 545
29 548
29 550
29 555
29 565
29 566
29 567
29 568
29 569
29 570
29 571
29 572
29 573
29 574
29 575
29 576
29 577
29 578
29 579
29 580
29 581
29 582
29 583
30 53
30 54
30 85
30 151
30 252
30 305
30 347
30 354
30 356
30 485
30 492
30 535
30 585
30 619
30 681
30 682
30 683
30 684
30 685
31 33
31 36
31 67
31 69
31 76
31 94
31 109
31 118
31 135
31 140
31 147
31 381
31 390
31 463
31 515
31 516
31 526
31 572
31 645
31 720
32 117
32 139
32 193
32 198
32 212
32 226
32 237
32 320
32 367
32 398
32 403
32 411
32 451
32 457
32 483
32 527
32 548
32 560
32 727
32 745
32 746
33 101
33 119
33 244
33 417
33 489
33 492
33 527
33 539
33 554
33 717
33 784
33 790
33 791
33 792
33 793
34 131
34 179
34 246
34 350
34 381
34 399
34 442
34 444
34 476
34 515
34 526
34 541
34 626
34 715
34 815
34 820
34 822
34 823
34 824
34 825
34 826
34 827
34 828
35 44
35 46
35 52
35 99
35 105
35 124
35 153
35 254
35 277
35 279
35 301
35 319
35 399
35 401
35 464
35 472
35 583
35 599
35 729
35 735
35 805
35 916
36 41
36 116
36 262
36 369
36 373
36 401
36 422
36 473
36 545
36 561
36 720
36 741
36 804
36 823
36 825
36 853
36 939
36 941
36 943
36 944
37 86
37 139
37 206
37 208
37 487
37 505
37 519
37 533
37 539
37 541
37 544
37 547
37 562
37 570
37 580
37 904
38 107
38 138
38 170
38 253
38 290
38 291
38 467
39 136
39 193
39 198
39 527
39 565
40 46
40 103
40 180
40 212
40 276
40 433
40 515
40 594
41 139
41 184
41 314
41 540
41 622
41 643
42 95
42 548
42 551
42 599
42 624
43 85
43 116
43 159
43 160
43 178
43 192
43 193
43 194
43 195
43 196
43 197
43 198
43 199
43 200
43 201
43 202
44 74
44 80
44 101
44 102
44 249
44 252
44 253
44 254
44 255
44 256
44 257
44 258
44 259
44 260
44 261
45 46
45 59
45 86
45 95
45 118
45 151
45 154
45 186
45 201
45 265
45 290
45 294
45 302
45 303
45 304
45 305
45 306
45 307
45 308
45 309
45 310
45 311
46 47
46 67
46 101
46 129
46 133
46 206
46 218
46 219
46 312
46 313
46 314
46 315
46 316
47 71
47 103
47 118
47 130
47 143
47 193
47 304
47 372
47 391
47 399
47 458
47 459
47 460
47 461
47 462
48 138
48 184
48 250
48 294
48 302
48 313
48 354
48 488
48 495
48 536
48 540
48 572
48 599
48 609
48 625
48 628
48 682
48 686
48 697
48 698
49 57
49 90
49 99
49 107
49 118
49 154
49 158
49 200
49 206
49 234
49 265
49 304
49 338
49 417
49 484
49 517
49 518
49 561
49 622
49 734
49 735
50 79
50 82
50 84
50 101
50 124
50 143
50 168
50 245
50 246
50 249
50 280
50 285
50 386
50 387
50 449
50 538
50 599
50 645
50 810
51 54
51 69
51 101
51 109
51 111
51 120
51 146
51 186
51 194
51 224
51 275
51 322
51 400
51 408
51 449
51 464
51 545
51 546
51 734
51 791
51 805
52 86
52 129
52 170
52 181
52 195
52 241
52 353
52 400
52 495
52 500
52 589
52 618
52 643
52 661
52 665
52 675
52 684
52 690
52 692
52 713
52 723
52 751
52 802
53 97
53 136
53 148
53 175
53 179
53 192
53 209
53 285
53 296
53 333
53 560
53 630
53 744
53 764
53 844
53 884
53 899
53 928
54 71
54 77
54 96
54 112
54 146
54 192
54 219
54 420
54 465
54 514
54 536
54 667
54 681
54 745
54 764
54 819
54 827
54 855
54 915
54 921
55 76
55 280
55 320
55 398
55 417
55 460
56 91
56 151
56 254
56 392
56 518
56 557
56 599
57 93
57 184
57 313
57 325
57 589
57 602
58 184
58 318
58 522
59 132
59 160
59 161
59 167
59 203
59 204
59 205
59 206
59 207
59 208
59 209
59 210
59 211
59 212
59 213
59 214
59 215
59 216
59 217
60 149
60 168
60 190
60 207
60 239
60 286
60 301
60 321
60 435
60 466
60 476
60 478
60 493
60 579
60 654
60 716
61 80
61 181
61 193
61 242
61 244
61 251
61 254
61 260
61 263
61 269
61 279
61 281
61 284
61 391
61 407
61 521
61 541
61 612
61 740
61 766
61 808
62 98
62 106
62 194
62 248
62 310
62 334
62 335
62 342
62 351
62 412
62 476
62 484
62 485
62 627
62 630
62 805
62 815
62 816
62 817
62 818
62 819
62 820
62 821
63 89
63 103
63 180
63 212
63 276
63 433
63 446
63 449
63 536
63 604
63 700
63 714
63 734
63 742
63 784
63 786
63 790
63 834
63 848
63 868
63 879
63 903
64 69
64 77
64 120
64 148
64 244
64 250
64 285
64 333
64 418
64 442
64 459
64 493
64 528
64 539
64 566
64 742
64 792
64 849
64 850
64 903
65 127
65 192
65 274
65 304
65 316
65 324
65 352
65 458
65 459
65 460
65 476
65 609
65 630
65 744
65 777
65 843
65 927
65 942
66 449
66 561
66 584
66 674
67 184
67 466
68 283
68 364
69 101
69 105
69 133
69 134
69 159
69 161
69 187
69 218
69 219
69 220
69 221
69 222
69 223
69 224
69 225
69 226
69 227
69 228
69 229
69 230
69 231
70 72
70 192
70 218
70 225
70 243
70 252
70 254
70 262
70 263
70 264
70 265
70 266
70 267
70 268
70 269
70 270
70 271
70 272
71 216
71 222
71 254
71 268
71 356
71 358
71 388
71 446
71 493
71 494
71 495
71 617
71 620
71 662
71 674
71 677
71 683
71 698
71 711
71 714
72 96
72 193
72 222
72 232
72 279
72 282
72 290
72 317
72 337
72 357
72 403
72 429
72 450
72 515
72 586
72 587
72 616
72 622
72 653
72 658
72 687
72 699
72 708
72 805
73 119
73 211
73 223
73 342
73 433
73 435
73 449
73 477
73 574
73 593
73 741
73 815
73 833
73 834
73 835
73 836
73 837
73 838
73 839
73 840
73 841
74 194
74 317
74 334
74 342
74 350
74 417
74 443
74 489
74 586
74 604
74 667
74 668
74 705
74 727
74 785
74 805
74 834
74 847
74 848
74 849
74 850
74 851
75 137
75 170
75 200
75 273
75 334
75 341
75 363
75 386
75 410
75 589
75 646
75 652
75 881
75 897
76 77
76 92
76 255
76 383
76 389
76 390
76 420
76 484
76 513
76 570
76 657
76 699
76 727
76 791
76 898
77 104
77 139
77 181
77 193
77 218
77 272
77 378
77 393
77 443
77 570
77 580
77 582
77 607
77 701
77 709
78 129
78 253
78 295
78 377
78 410
78 599
79 117
79 147
79 377
79 433
79 588
79 697
80 119
80 206
80 641
80 658
80 727
81 170
81 195
81 255
81 296
81 410
82 153
82 184
82 520
82 716
83 281
83 334
83 428
83 445
83 561
84 107
84 377
84 433
84 541
89 97
89 134
89 182
89 246
89 264
89 274
89 307
89 317
89 322
89 326
89 376
89 503
89 706
89 720
89 729
89 737
89 802
89 804
90 169
90 291
90 317
90 334
90 393
90 405
90 406
90 520
90 586
90 640
90 658
90 667
90 669
90 709
90 712
90 737
90 756
85 101
101 119
101 122
101 132
101 148
101 160
101 161
101 167
101 232
101 233
101 234
101 235
101 236
101 237
101 238
101 239
101 240
101 241
102 119
102 123
102 141
102 144
102 196
102 209
102 215
102 232
102 233
102 353
102 387
102 401
102 405
102 415
102 426
102 427
102 428
102 429
102 430
91 103
103 104
103 107
103 122
103 137
103 147
103 195
103 202
103 264
103 268
103 270
103 281
103 282
103 321
103 354
103 356
103 377
103 385
103 387
103 393
103 406
103 427
103 434
103 443
103 445
103 480
103 518
103 540
103 546
103 551
103 588
103 603
103 613
103 621
103 627
103 656
103 666
103 687
103 690
103 700
103 701
103 702
88 104
104 118
104 147
104 165
104 172
104 181
104 263
104 273
104 349
104 401
104 467
104 515
104 614
104 618
104 700
104 728
104 760
104 767
104 768
104 769
104 770
85 105
105 151
105 154
105 164
105 233
105 249
105 260
105 269
105 354
105 458
105 479
105 523
105 533
105 539
105 592
105 670
105 682
105 686
105 766
105 791
105 934
106 170
106 193
106 235
106 268
106 354
106 359
106 381
106 411
106 432
106 443
106 495
106 545
106 555
106 576
106 624
106 665
106 686
106 711
106 716
106 807
106 948
107 118
107 164
107 199
107 261
107 263
107 264
107 265
107 267
107 283
107 303
107 326
107 411
107 460
107 470
107 500
107 524
107 543
107 592
107 594
107 597
107 737
107 754
107 808
108 131
108 192
108 253
108 304
108 333
108 356
108 472
108 566
108 621
108 634
108 750
108 772
108 780
108 793
108 862
108 944
108 955
108 957
108 960
108 961
108 962
98 109
109 114
109 124
109 148
109 156
109 200
109 290
109 328
109 335
109 435
109 453
109 466
109 476
109 482
109 520
109 578
109 655
109 665
109 734
86 110
110 194
110 203
110 264
110 358
110 384
110 424
110 468
110 469
110 555
110 557
110 566
110 586
110 642
110 828
110 872
110 912
94 111
111 444
111 519
111 585
111 622
112 152
112 164
112 211
112 235
112 276
112 279
112 560
113 169
113 181
113 206
113 218
113 294
113 433
113 637
95 114
114 313
114 365
114 409
114 449
114 494
114 541
114 568
115 212
115 291
115 364
115 380
115 448
86 116
98 116
116 125
116 138
116 147
116 148
116 150
116 157
116 168
116 223
116 242
116 273
116 274
116 275
116 276
116 277
116 278
134 141
134 153
134 218
134 249
134 262
134 277
134 279
134 283
134 287
134 390
134 395
134 398
134 414
134 447
134 451
134 464
134 514
134 645
134 672
134 737
147 159
159 170
159 303
159 317
159 325
159 326
159 327
159 328
159 329
147 160
160 199
160 302
160 306
160 330
160 331
160 332
160 333
160 334
160 335
160 336
160 337
160 338
160 339
160 340
160 341
92 161
161 234
161 252
161 274
161 306
161 330
161 332
161 333
161 384
161 396
161 397
161 398
161 399
161 400
161 401
161 402
161 403
161 404
162 192
162 197
162 292
162 312
162 409
162 465
162 487
162 490
162 525
162 547
162 548
162 549
162 550
162 551
162 552
151 163
163 164
163 200
163 243
163 250
163 262
163 263
163 305
163 357
163 417
163 419
163 460
163 467
163 489
163 493
163 528
163 541
163 548
163 550
117 164
133 164
164 171
164 193
164 225
164 237
164 350
164 351
164 357
164 376
164 383
164 385
164 393
164 442
164 445
164 463
164 476
164 545
164 587
164 588
164 647
164 659
164 687
165 167
165 170
165 198
165 199
165 219
165 227
165 302
165 308
165 309
165 320
165 337
165 398
165 476
165 477
165 491
165 513
165 578
165 670
165 734
165 915
166 180
166 215
166 219
166 226
166 290
166 304
166 367
166 368
166 394
166 397
166 399
166 400
166 416
166 423
166 424
166 432
166 546
166 553
166 558
166 572
166 603
166 686
166 804
166 825
166 911
167 193
167 275
167 281
167 290
167 358
167 380
167 406
167 408
167 434
167 526
167 570
167 577
167 712
167 900
130 168
133 168
168 213
168 253
168 280
168 312
168 468
168 510
168 533
168 557
168 600
168 655
168 718
168 931
93 169
120 169
141 169
143 169
169 183
169 200
169 219
169 222
169 236
169 264
169 270
169 282
169 410
169 458
169 471
169 564
169 594
169 735
169 900
100 170
127 170
156 170
170 312
170 318
170 323
170 405
170 449
170 481
170 484
170 495
170 608
170 690
170 916
149 171
171 399
171 418
171 491
171 513
94 172
172 314
172 491
173 213
173 222
173 546
173 557
173 558
174 182
174 208
174 305
174 352
174 619
174 637
122 175
139 175
175 355
175 405
175 665
176 305
176 318
176 479
176 495
176 693
93 177
177 198
177 411
177 415
177 435
177 458
93 94
93 198
93 208
93 223
93 232
93 279
93 308
93 341
93 387
93 399
93 425
93 444
93 455
93 644
93 708
93 743
93 765
93 816
93 871
93 892
127 129
129 198
129 250
129 277
129 279
129 280
129 281
129 282
129 283
129 284
129 285
129 286
129 287
129 288
129 289
118 132
132 205
132 224
132 234
132 294
132 361
132 466
132 525
132 569
132 573
132 673
132 678
132 681
132 752
132 779
133 205
133 223
133 234
133 335
133 337
133 339
133 353
133 378
133 386
133 388
133 403
133 497
133 602
133 642
133 644
133 657
133 659
133 687
122 135
135 274
135 279
135 303
135 308
135 336
135 340
135 464
135 477
135 622
135 676
135 743
135 817
135 870
87 193
131 193
193 219
193 243
193 319
193 376
193 377
193 378
193 379
193 380
193 381
193 382
193 383
95 219
122 219
183 219
195 219
219 296
219 300
219 307
219 321
219 355
219 358
219 385
219 396
219 405
219 406
87 291
88 291
92 291
127 291
146 291
158 291
204 291
218 291
222 291
291 296
291 517
291 539
291 542
291 583
291 609
291 729
124 295
130 295
198 295
223 295
295 323
295 407
295 437
295 452
295 536
295 571
295 612
295 654
295 655
295 744
295 815
295 842
295 845
295 899
295 921
265 335
335 649
87 353
155 353
179 353
182 353
190 353
205 353
250 353
310 353
314 353
318 353
331 353
353 400
353 433
353 437
353 486
353 514
353 606
353 777
353 821
353 827
353 830
353 831
353 884
95 378
142 378
181 378
245 378
257 378
288 378
378 417
378 458
378 467
378 472
378 541
378 548
378 581
378 599
378 670
378 784
378 809
378 811
378 812
378 813
183 386
203 386
220 386
262 386
294 386
386 419
386 449
386 459
386 505
386 559
386 564
386 587
386 597
386 599
386 600
386 601
121 399
205 399
208 399
209 399
222 399
264 399
305 399
363 399
387 399
399 403
399 416
399 501
399 620
399 637
399 638
399 639
117 502
120 502
213 502
290 502
411 502
502 603
502 715
147 519
250 519
314 519
384 519
448 519
468 519
493 519
519 536
519 545
519 554
519 602
519 700
519 714
519 785
519 847
519 851
519 858
97 557
186 557
330 557
376 557
379 557
398 557
400 557
407 557
438 557
557 616
557 644
557 734
557 815
557 870
557 871
557 872
557 873
123 584
189 584
210 584
314 584
332 584
389 584
398 584
413 584
424 584
432 584
438 584
451 584
477 584
540 584
584 737
584 824
87 585
138 585
140 585
204 585
216 585
356 585
360 585
444 585
495 585
534 585
540 585
566 585
576 585
585 614
585 643
585 651
585 658
585 704
585 716
585 757
585 947
143 586
146 586
152 586
224 586
227 586
275 586
447 586
458 586
488 586
493 586
509 586
544 586
586 634
586 691
586 709
586 710
138 274
138 373
138 435
138 643
138 667
138 729
138 741
138 744
138 745
138 750
138 818
138 830
138 899
138 903
138 915
138 949
96 139
136 139
139 178
139 209
139 274
139 285
139 331
139 348
139 357
139 373
139 434
139 443
139 459
139 466
139 468
139 498
139 503
139 509
139 606
139 621
139 626
139 737
139 740
139 759
139 767
139 780
139 789
139 800
139 804
139 814
139 827
139 841
139 858
139 859
139 861
139 864
139 865
139 869
139 918
139 930
139 934
153 224
194 224
224 273
224 299
224 442
224 467
224 483
224 496
224 599
224 630
224 640
224 644
224 649
224 652
224 655
224 699
224 715
180 272
272 284
272 297
272 358
272 472
272 485
272 666
92 275
180 275
190 275
223 275
230 275
275 284
275 350
275 370
275 451
275 517
275 560
275 627
275 671
275 681
275 742
275 749
275 932
275 949
284 317
284 333
284 370
284 401
284 461
284 468
284 506
284 526
284 534
284 555
284 582
284 611
284 640
284 717
130 300
280 300
300 417
300 460
300 647
300 670
137 304
211 304
235 304
304 377
304 379
304 384
304 402
304 443
304 445
304 516
304 543
304 588
304 594
304 635
304 688
304 690
304 709
304 714
304 716
142 306
192 306
210 306
242 306
283 306
289 306
306 440
306 606
306 624
306 628
306 646
306 662
306 776
306 892
306 896
306 901
306 902
306 906
306 911
306 958
91 317
118 317
119 317
152 317
178 317
197 317
252 317
279 317
280 317
307 317
317 361
317 363
317 365
317 366
317 376
317 393
317 406
317 411
317 434
317 461
317 470
317 472
317 480
317 526
317 544
317 602
317 631
317 647
317 666
317 702
317 717
317 725
317 761
317 768
317 779
317 780
317 781
317 782
317 783
118 319
142 319
158 319
190 319
280 319
319 324
319 434
319 443
319 470
319 533
319 562
319 634
319 647
319 671
319 889
121 322
320 322
86 332
180 332
207 332
212 332
232 332
237 332
298 332
332 400
332 411
332 416
332 479
332 490
332 606
332 637
332 716
332 746
332 762
332 786
332 837
332 875
332 877
332 883
332 905
131 339
192 339
262 339
339 365
339 409
339 411
339 606
339 635
122 342
178 342
281 342
282 342
321 342
342 390
342 403
342 405
342 431
342 486
342 490
342 524
342 540
342 541
342 542
342 543
342 544
179 355
294 355
314 355
355 401
355 459
355 465
355 534
355 547
355 621
355 827
355 835
355 836
355 837
355 838
355 858
355 887
355 939
355 941
355 959
355 960
131 368
192 368
196 368
207 368
368 416
368 490
368 717
368 752
192 375
196 375
290 375
314 375
375 421
375 494
375 528
375 624
375 705
125 380
230 380
278 380
297 380
307 380
334 380
380 435
380 443
380 517
380 558
380 565
380 701
380 889
118 383
383 418
383 460
383 715
141 388
142 388
203 388
208 388
243 388
282 388
287 388
290 388
318 388
388 389
388 391
388 431
388 460
388 469
388 494
388 528
388 546
388 559
388 589
388 606
388 607
388 608
117 391
150 391
197 391
203 391
385 391
391 394
391 469
391 481
391 485
391 551
391 588
391 593
391 610
391 637
391 677
391 690
391 697
391 715
94 407
183 407
205 407
242 407
252 407
333 407
389 407
404 407
407 411
407 416
407 463
407 503
407 508
407 515
407 518
407 561
407 641
407 643
407 644
88 446
125 446
233 446
247 446
251 446
252 446
280 446
281 446
331 446
446 495
446 672
446 690
446 693
99 448
194 448
249 448
252 448
261 448
358 448
442 448
448 478
448 524
448 534
448 547
448 672
448 889
448 900
448 904
86 458
117 458
147 458
184 458
200 458
223 458
276 458
384 458
409 458
417 458
427 458
429 458
458 471
458 479
458 506
458 627
458 647
458 662
458 668
458 699
123 465
140 465
184 465
222 465
276 465
313 465
314 465
381 465
463 465
465 470
465 521
465 602
465 606
465 631
465 665
465 678
465 697
465 704
465 721
100 480
117 480
147 480
158 480
191 480
264 480
303 480
311 480
396 480
440 480
449 480
480 497
480 658
480 660
480 747
480 821
480 873
480 892
117 506
460 506
471 506
488 506
506 613
147 522
148 522
199 522
220 522
256 522
289 522
297 522
338 522
497 522
522 752
522 898
149 553
268 553
320 553
419 553
444 553
470 553
488 553
491 553
494 553
540 553
549 553
553 554
553 555
553 556
235 587
263 587
280 587
384 587
429 587
451 587
459 587
474 587
523 587
541 587
548 587
550 587
552 587
554 587
587 717
587 808
587 850
206 589
220 589
286 589
289 589
384 589
417 589
443 589
469 589
472 589
489 589
520 589
541 589
589 599
589 611
589 667
589 784
589 790
589 880
589 881
589 882
86 594
120 594
206 594
281 594
385 594
443 594
451 594
518 594
550 594
581 594
594 598
594 619
594 667
594 813
91 609
330 609
356 609
357 609
359 609
389 609
392 609
415 609
428 609
435 609
526 609
527 609
530 609
569 609
609 678
609 707
609 799
609 874
389 614
614 643
142 620
298 620
369 620
390 620
396 620
435 620
473 620
477 620
516 620
563 620
572 620
620 644
620 651
620 715
620 727
620 903
149 624
157 624
199 624
200 624
241 624
256 624
334 624
390 624
434 624
479 624
499 624
595 624
624 690
624 694
624 736
624 756
624 874
202 635
316 635
330 635
426 635
434 635
456 635
482 635
489 635
578 635
608 635
628 635
635 643
635 654
635 693
635 778
121 650
240 650
363 650
413 650
435 650
439 650
443 650
444 650
526 650
595 650
608 650
627 650
650 738
650 874
650 905
650 925
650 954
142 660
233 660
411 660
479 660
199 664
426 664
489 664
496 664
518 664
664 693
94 665
357 665
401 665
434 665
435 665
466 665
477 665
665 815
665 827
665 833
665 891
665 926
665 939
665 940
665 941
665 942
136 668
297 668
432 668
559 668
668 719
668 749
668 750
668 789
668 841
668 869
668 879
668 919
668 921
668 924
668 928
668 933
128 678
150 678
204 678
301 678
484 678
514 678
563 678
630 678
655 678
678 748
678 749
678 850
678 949
142 688
199 688
205 688
331 688
365 688
419 688
148 692
199 692
643 692
659 692
142 693
222 693
357 693
365 693
451 693
471 693
472 693
477 693
657 693
679 693
693 721
693 762
693 769
693 783
693 841
693 873
693 879
693 902
693 906
122 700
286 700
447 700
535 700
547 700
548 700
581 700
611 700
621 700
666 700
667 700
674 700
700 813
86 703
467 703
468 703
469 703
478 703
490 703
528 703
563 703
601 703
703 748
703 931
703 945
703 946
222 704
466 704
475 704
514 704
704 729
704 930
704 943
704 956
704 961
136 705
307 705
345 705
470 705
488 705
559 705
627 705
643 705
705 713
705 724
705 770
705 794
705 868
705 869
705 947
136 706
280 706
526 706
527 706
612 706
351 707
619 707
630 707
667 707
673 707
681 707
142 708
320 708
435 708
488 708
612 708
357 709
402 709
418 709
603 709
212 710
256 710
358 710
467 710
478 710
199 711
435 711
447 711
222 712
352 712
358 712
518 712
603 712
670 712
256 713
643 713
146 223
98 183
183 230
183 235
183 239
183 412
183 437
183 477
183 536
183 602
183 651
183 694
183 785
183 787
183 830
183 832
183 836
183 837
183 919
183 922
183 925
121 285
130 285
137 285
221 285
285 443
285 569
285 571
285 593
285 605
285 606
285 699
285 840
215 314
216 314
226 314
314 374
314 408
314 423
314 451
314 460
314 637
314 645
314 853
314 911
314 912
203 384
242 384
260 384
273 384
282 384
290 384
384 410
384 431
384 505
384 534
384 588
384 590
384 591
384 592
136 470
248 470
264 470
286 470
405 470
417 470
418 470
463 470
470 512
470 513
470 574
470 595
470 667
470 669
470 714
88 478
261 478
281 478
303 478
307 478
325 478
400 478
405 478
406 478
410 478
419 478
478 491
478 504
478 521
478 559
478 643
478 729
186 560
230 560
247 560
249 560
280 560
296 560
318 560
363 560
376 560
400 560
408 560
410 560
464 560
487 560
498 560
504 560
525 560
526 560
560 580
560 670
137 568
211 568
277 568
297 568
323 568
418 568
517 568
520 568
568 590
568 627
568 714
568 729
568 787
568 788
568 790
568 810
568 847
568 868
568 869
95 602
225 602
338 602
387 602
421 602
464 602
517 602
520 602
543 602
602 645
602 671
602 766
602 889
236 603
237 603
387 603
414 603
416 603
427 603
431 603
494 603
508 603
593 603
603 606
603 663
603 732
603 736
603 738
276 717
354 717
393 717
424 717
440 717
441 717
449 717
460 717
464 717
486 717
521 717
546 717
559 717
645 717
666 717
717 761
717 782
717 866
717 878
717 905
152 786
186 786
253 786
752 786
123 793
264 793
567 858
186 868
558 868
676 868
686 879
88 147
147 206
147 260
147 263
147 277
147 479
147 518
147 520
147 521
147 523
147 524
88 181
99 181
156 181
181 206
181 248
181 289
181 377
181 385
181 493
181 541
181 791
181 810
117 213
157 213
213 220
213 228
213 234
213 235
213 309
213 357
213 371
213 404
213 411
213 425
213 472
213 485
213 516
213 517
213 743
213 747
213 818
117 246
123 246
91 248
248 410
248 593
223 261
263 268
268 418
268 526
268 627
270 387
270 421
270 451
270 471
270 670
270 729
117 490
156 490
180 490
195 490
282 490
325 490
376 490
434 490
460 490
486 490
490 565
490 591
490 595
490 610
490 658
490 675
490 687
490 691
490 714
490 738
490 754
180 521
247 521
461 521
474 521
521 537
521 548
521 550
521 593
521 658
521 670
521 742
274 528
277 528
325 528
377 528
410 528
428 528
445 528
476 528
500 528
525 528
528 590
528 596
528 643
528 701
528 736
528 739
122 588
156 588
260 588
281 588
283 588
286 588
387 588
442 588
472 588
520 588
535 588
565 588
588 598
588 621
588 627
588 670
588 672
588 808
389 615
444 615
492 615
540 615
567 615
95 732
206 732
365 732
485 732
599 732
485 739
541 739
737 739
334 857
434 857
520 857
545 857
645 857
85 87
85 94
85 120
85 127
85 136
85 149
85 155
85 218
85 223
85 242
85 274
85 283
85 316
85 405
85 433
85 561
119 120
120 303
120 364
120 419
120 509
120 510
120 526
120 533
120 541
120 564
120 569
120 570
120 595
120 641
120 715
120 730
130 182
182 188
182 201
182 276
182 286
182 334
182 374
182 389
182 406
182 417
182 428
182 432
182 463
182 496
182 565
182 743
182 765
182 844
182 901
191 495
191 723
88 206
140 206
141 206
156 206
206 221
206 273
206 303
206 376
206 377
206 390
206 416
206 432
206 447
206 513
206 524
206 645
88 218
126 218
154 218
156 218
218 242
218 257
218 262
218 277
218 283
218 287
218 290
218 292
218 293
196 241
222 241
241 398
241 411
192 302
197 302
205 302
302 320
302 398
302 400
302 439
302 442
302 451
302 452
302 453
302 454
302 455
302 456
302 457
91 326
125 326
131 326
240 326
294 326
309 326
326 549
326 558
326 856
326 885
305 330
312 330
330 402
330 415
330 420
330 565
330 612
330 617
330 621
330 627
330 629
330 633
330 634
137 363
153 363
192 363
243 363
255 363
257 363
262 363
363 409
363 551
363 561
363 611
363 649
363 651
363 652
363 653
363 654
363 655
192 367
221 367
357 367
367 473
192 371
210 371
356 371
371 619
371 637
242 413
196 450
252 450
392 450
450 634
450 729
455 473
455 551
207 735
265 735
283 735
294 735
356 735
185 820
255 820
197 870
305 870
551 870
305 872
551 872
662 872
97 151
97 331
197 401
211 401
313 401
397 401
401 427
401 469
401 498
401 572
401 661
401 666
153 452
186 452
255 452
186 453
196 453
197 453
296 453
453 716
118 514
185 514
197 514
256 514
281 514
294 514
333 514
464 514
509 514
514 516
514 525
514 566
514 574
514 622
514 637
514 656
514 702
514 720
514 752
151 666
199 666
216 666
234 666
313 666
359 666
466 666
471 666
612 666
657 666
666 674
666 699
666 751
666 797
666 800
666 878
666 909
137 681
199 681
209 681
234 681
276 681
360 681
392 681
402 681
459 681
479 681
497 681
541 681
555 681
681 686
681 753
681 801
681 814
681 910
195 744
312 744
121 754
188 754
223 754
225 754
228 754
530 754
570 754
696 754
754 756
754 781
754 782
754 796
754 863
153 764
491 764
527 816
533 816
559 816
200 831
405 831
527 831
716 831
318 890
682 890
195 915
255 915
364 915
117 121
121 257
121 288
121 414
121 434
121 449
121 471
121 510
121 540
121 542
121 546
121 592
121 612
121 670
121 755
187 200
187 491
187 493
117 221
198 221
201 221
221 228
221 308
221 334
221 393
221 397
221 398
221 408
221 429
221 438
221 440
221 471
221 653
221 657
221 729
221 765
221 819
212 290
226 290
230 290
282 290
290 303
290 358
290 406
290 421
290 608
290 645
290 651
290 656
290 659
130 296
155 296
239 296
265 296
274 296
276 296
277 296
279 296
296 328
296 333
296 476
296 477
296 578
296 579
296 655
296 658
296 676
296 687
123 305
204 305
205 305
227 305
238 305
279 305
297 305
305 337
305 451
305 463
305 567
305 593
305 746
305 833
117 312
186 312
198 312
199 312
312 350
312 390
312 418
312 435
312 441
312 476
312 485
312 492
312 513
312 567
312 578
312 634
312 657
312 743
125 313
127 313
194 313
242 313
278 313
286 313
301 313
313 321
313 338
313 420
313 447
313 536
313 608
313 671
262 424
200 425
210 425
234 425
257 425
262 425
425 571
92 485
117 485
225 485
245 485
247 485
257 485
282 485
389 485
476 485
485 566
485 737
485 740
98 599
137 599
148 599
273 599
287 599
298 599
299 599
410 599
436 599
561 599
599 608
599 898
198 636
398 636
420 636
434 636
636 659
420 638
612 638
638 659
638 729
95 645
184 645
207 645
225 645
234 645
400 645
417 645
489 645
520 645
529 645
630 645
645 755
645 797
645 799
645 801
645 848
645 930
257 746
320 746
357 746
122 826
153 826
527 826
716 826
234 911
496 911
628 911
208 912
210 912
421 912
94 184
131 184
142 184
184 214
184 298
184 398
184 400
184 415
184 501
184 727
184 804
184 822
184 916
86 491
117 491
204 491
454 491
457 491
467 491
491 616
491 648
491 658
491 715
491 737
491 765
117 492
225 492
258 492
266 492
281 492
492 525
492 542
492 555
492 626
492 766
131 334
196 334
234 334
250 334
259 334
262 334
267 334
271 334
334 389
334 408
334 541
334 542
334 808
92 415
136 415
137 415
194 415
196 415
198 415
204 415
210 415
217 415
235 415
239 415
262 415
358 415
403 415
415 428
415 496
415 612
415 621
415 622
415 626
119 533
155 533
288 533
301 533
333 533
376 533
515 533
533 697
533 817
533 830
533 833
533 842
533 843
533 844
533 845
533 846
151 214
151 220
151 255
151 263
151 299
151 382
151 387
151 444
151 447
151 449
151 593
151 687
151 802
151 822
185 331
195 331
202 331
205 331
217 331
264 331
276 331
299 331
331 376
331 449
331 616
331 733
117 419
149 419
189 419
196 419
201 419
262 419
385 419
419 432
419 441
419 554
419 610
419 647
419 714
419 883
419 884
86 561
205 561
226 561
234 561
254 561
376 561
390 561
392 561
405 561
417 561
430 561
436 561
561 657
561 672
561 687
561 803
561 804
88 211
99 211
211 244
211 256
211 278
211 283
211 318
211 324
211 405
211 432
211 545
211 671
211 729
96 254
141 254
148 254
235 254
245 254
254 323
254 350
254 381
254 430
254 501
254 536
254 687
254 699
254 802
254 803
87 358
179 358
194 358
198 358
252 358
257 358
280 358
358 376
358 447
358 498
358 545
358 621
358 643
358 725
124 195
195 205
195 243
195 256
195 310
195 327
195 494
195 518
195 578
195 674
195 817
195 843
195 926
195 927
92 408
94 408
207 408
208 408
223 408
234 408
242 408
262 408
307 408
328 408
408 427
408 578
408 622
408 634
408 637
408 647
408 648
130 137
130 194
130 223
130 226
130 262
130 276
130 294
130 297
130 298
130 299
130 301
95 137
137 260
137 451
137 488
137 581
137 791
137 811
137 813
137 880
137 935
137 936
128 273
244 273
273 281
273 286
273 292
273 293
273 297
273 387
273 488
273 494
273 539
273 641
273 656
273 791
99 433
127 433
226 433
243 433
245 433
287 433
365 433
433 524
433 622
433 672
433 791
205 687
271 687
280 687
282 687
395 687
447 687
484 687
510 687
564 687
565 687
597 687
641 687
687 725
687 808
687 904
86 94
86 117
86 122
86 303
86 406
86 417
86 550
86 606
86 673
86 736
87 117
87 142
87 215
87 232
87 280
87 345
87 348
87 349
87 359
87 364
87 405
87 411
87 680
87 684
87 685
87 753
87 757
88 91
88 418
88 421
88 468
88 486
88 494
88 505
88 529
88 541
88 591
88 597
88 671
88 726
88 784
88 794
88 795
88 796
88 797
91 157
91 265
91 297
91 351
91 385
91 387
91 404
91 414
91 442
91 451
91 497
91 516
91 526
91 657
91 699
92 119
92 232
92 255
92 267
92 279
92 343
92 346
92 351
92 362
92 531
92 535
92 683
92 757
92 878
94 201
94 229
94 232
94 307
94 309
94 385
94 400
94 411
94 513
94 855
94 886
94 929
95 157
95 220
95 223
95 274
95 276
95 283
95 288
95 350
95 460
95 477
95 572
95 612
95 640
96 447
98 405
99 364
100 233
100 354
100 682
100 686
117 131
117 141
117 149
117 156
117 157
117 220
117 242
117 250
117 263
117 266
117 269
117 277
117 390
117 417
117 418
117 435
117 464
117 469
117 477
117 486
117 487
117 488
117 489
117 493
117 494
117 495
117 496
117 497
117 498
117 499
117 500
117 501
117 503
117 504
117 505
117 507
117 508
117 509
117 510
117 511
117 512
118 140
118 149
118 150
118 220
118 493
118 513
118 515
118 516
118 517
119 154
119 178
119 179
119 243
119 280
119 288
119 435
119 493
119 534
119 535
119 536
119 537
119 538
119 539
122 140
122 214
122 264
122 376
122 422
122 501
122 644
122 651
122 673
122 828
122 833
122 845
122 852
122 853
123 204
123 205
123 392
123 398
123 459
123 467
123 474
123 475
123 555
123 630
123 633
123 740
123 795
123 809
123 903
123 930
123 934
124 410
125 140
125 409
126 140
126 410
126 697
127 727
128 307
131 157
131 200
131 398
131 418
131 477
131 590
131 639
131 643
131 661
131 690
131 694
131 701
131 738
131 751
131 756
136 369
136 459
136 472
136 507
136 511
136 527
136 573
136 667
136 800
136 814
136 930
140 156
140 198
140 277
140 280
140 286
140 372
140 477
140 742
140 850
141 194
141 457
141 555
141 566
141 877
141 953
141 958
141 965
142 238
142 264
142 321
142 406
142 487
142 508
142 623
142 639
142 640
142 647
143 515
143 673
144 445
144 622
145 622
145 641
148 149
148 255
148 256
148 397
148 445
148 479
148 486
148 495
148 623
148 639
148 689
148 690
148 691
149 409
149 550
149 606
149 622
149 623
149 728
149 758
149 759
149 760
149 761
149 762
149 763
150 178
150 311
150 321
150 376
150 417
150 441
150 562
150 777
150 778
152 232
152 279
152 280
152 498
152 507
152 515
152 576
152 622
152 641
152 658
152 759
152 825
152 837
152 862
152 865
152 866
152 884
152 918
152 919
152 920
153 227
153 400
153 652
153 745
153 802
153 825
153 832
153 853
153 899
154 410
155 294
155 406
156 243
156 253
156 606
157 257
157 265
158 354
158 481
158 686
178 320
178 325
178 343
178 344
178 345
178 346
178 347
178 348
178 349
179 267
179 344
179 350
179 351
179 352
179 354
179 356
179 357
179 359
179 360
179 361
179 362
180 243
180 410
180 447
180 460
180 486
180 487
180 497
180 517
180 524
180 546
180 670
180 671
180 672
185 226
185 352
185 373
185 392
185 400
185 418
185 482
185 499
185 579
185 601
185 839
185 845
185 848
185 923
185 925
185 931
185 932
185 933
186 325
186 486
186 652
186 745
186 788
186 837
186 838
186 895
186 899
186 922
186 952
186 965
188 210
188 257
188 402
188 486
189 460
189 497
190 207
190 406
190 658
232 242
242 265
242 279
242 308
242 400
242 409
242 410
242 411
242 412
242 414
233 243
243 264
243 280
243 287
243 350
243 431
243 432
243 434
243 435
243 436
243 437
243 438
243 439
243 440
243 441
244 610
245 263
245 449
247 449
249 445
250 417
251 376
251 610
251 697
253 265
265 333
265 370
265 372
265 416
265 449
265 483
265 563
265 608
265 654
265 748
265 932
239 281
280 281
281 350
281 382
281 417
281 469
281 487
281 507
281 536
281 554
281 555
281 576
281 723
281 798
281 800
281 801
225 318
318 329
318 454
318 873
318 891
318 892
318 893
320 438
320 442
320 463
320 487
320 495
320 513
320 546
320 634
320 690
320 827
320 873
320 886
264 321
321 417
321 432
321 643
226 323
256 323
212 324
324 727
207 237
207 303
207 357
207 396
207 481
207 508
207 543
207 634
207 642
207 682
207 715
207 729
207 733
207 734
198 225
225 437
225 460
225 504
225 555
225 657
225 824
225 864
225 866
225 920
225 925
202 283
240 283
283 337
283 416
283 456
283 467
283 468
283 483
283 515
283 578
283 579
283 701
194 303
230 303
303 409
303 476
303 477
303 479
303 481
303 482
303 483
303 484
381 612
381 657
230 405
256 405
405 416
405 493
405 545
405 550
405 818
405 843
405 846
405 854
405 855
405 856
262 421
263 421
309 421
356 421
406 421
416 421
421 486
421 500
421 518
421 540
421 541
421 564
421 702
421 753
421 768
421 781
421 860
421 876
421 901
252 444
259 444
271 444
282 444
444 493
444 513
444 523
444 538
444 651
444 673
444 731
444 737
444 755
444 805
257 467
393 467
396 467
460 467
463 467
467 505
467 567
467 583
467 593
467 627
467 647
467 670
467 691
233 482
481 482
482 623
482 690
482 723
516 540
516 659
234 520
253 520
258 520
289 520
400 520
416 520
486 520
494 520
500 520
520 559
520 564
520 724
520 726
520 755
520 889
520 916
194 526
269 526
276 526
382 526
476 526
487 526
496 526
526 647
526 680
526 689
526 696
526 698
526 808
336 527
403 527
422 527
476 527
503 527
527 534
527 548
527 766
527 818
527 823
527 829
527 830
527 832
476 530
525 530
530 621
210 543
486 543
494 543
543 545
543 554
214 545
280 545
350 545
416 545
481 545
486 545
497 545
517 545
531 545
542 545
545 572
545 695
545 698
545 723
545 804
297 548
464 548
548 577
548 613
548 714
548 809
548 814
548 818
548 823
548 835
548 844
548 859
548 860
548 861
548 862
548 863
310 550
370 550
373 550
437 550
550 583
550 593
550 613
550 627
550 714
550 741
550 819
550 843
550 844
550 849
550 850
550 854
550 867
233 555
282 555
325 555
354 555
436 555
497 555
555 674
555 675
555 874
555 878
267 565
269 565
396 565
523 565
531 565
540 565
565 640
565 653
565 657
565 696
565 698
565 723
209 566
233 566
282 566
325 566
356 566
566 752
566 753
266 567
420 567
466 567
474 567
475 567
542 567
567 605
567 630
567 716
567 834
194 569
294 569
569 606
569 715
569 745
569 772
569 861
569 865
569 887
569 899
569 920
569 937
569 963
208 570
220 570
297 570
556 570
570 610
570 649
570 676
570 719
570 721
570 774
570 888
570 898
570 902
570 906
570 938
570 954
570 963
570 964
194 571
220 571
340 571
534 571
571 621
571 647
571 829
237 572
257 572
411 572
417 572
439 572
518 572
572 659
572 756
572 788
572 877
572 883
572 922
403 573
525 573
549 573
573 621
253 574
256 574
518 574
554 574
297 575
575 627
575 714
282 576
536 576
576 676
212 577
276 577
577 610
577 658
197 578
233 579
481 579
495 579
579 623
579 723
212 580
276 580
549 580
581 593
581 714
194 582
220 582
525 582
582 621
582 658
582 715
256 583
263 583
432 583
494 583
583 622
202 252
204 252
212 252
252 255
252 263
252 397
252 398
252 442
252 443
252 445
252 447
252 449
199 347
209 347
333 347
347 547
278 354
351 354
354 621
354 729
354 749
354 750
354 792
354 821
354 846
354 867
354 921
354 928
354 932
356 434
356 439
356 535
356 590
356 736
356 778
356 876
356 913
356 923
356 938
263 535
362 535
387 535
389 535
429 535
494 535
532 535
535 612
535 613
535 633
535 697
535 731
535 753
535 779
333 619
390 619
596 619
619 626
619 736
619 752
619 781
619 859
619 900
274 682
289 682
327 682
328 682
626 682
633 682
682 821
682 846
682 891
682 921
682 927
682 928
274 683
293 683
311 683
333 683
365 683
440 683
556 683
656 683
683 867
683 885
683 901
547 684
633 684
542 685
630 685
633 685
643 685
203 390
204 390
232 390
263 390
264 390
352 390
390 402
390 427
390 469
390 542
390 610
390 611
390 621
390 622
390 623
390 625
200 463
220 463
264 463
357 463
443 463
463 464
463 466
463 468
463 469
463 471
463 472
463 473
463 474
463 475
279 515
464 515
515 524
515 537
515 657
210 720
540 720
622 720
198 216
198 234
198 238
198 264
198 337
198 387
198 513
198 546
212 418
212 722
196 226
226 233
226 234
226 379
226 431
226 442
226 486
226 558
226 634
226 637
226 639
226 651
226 658
226 778
237 398
237 518
208 398
264 398
392 398
394 398
398 403
398 427
403 420
403 546
403 613
403 621
403 626
403 633
403 679
403 757
403 806
403 807
403 907
222 411
234 411
274 411
307 411
352 411
379 411
393 411
404 411
411 460
411 558
255 451
365 451
404 451
451 496
451 510
451 558
451 694
451 695
451 696
457 546
196 483
255 483
471 483
473 483
483 649
257 727
294 727
477 727
524 727
558 727
598 727
607 727
672 727
727 889
727 904
255 745
262 417
417 436
417 497
417 640
417 671
220 489
256 489
432 489
488 489
489 497
489 593
489 628
489 661
489 662
489 663
286 554
428 554
449 554
460 554
499 554
500 554
517 554
554 596
554 724
554 790
554 794
554 796
554 799
554 801
554 809
253 784
377 784
402 784
352 790
377 790
593 790
235 791
410 792
623 792
686 792
194 350
264 350
269 350
271 350
280 350
350 447
350 476
350 513
350 540
350 542
350 546
263 442
267 442
392 442
428 442
429 442
442 558
442 643
442 673
442 674
442 675
325 476
364 476
436 476
466 476
476 525
476 529
476 531
476 532
257 541
387 541
410 541
486 541
523 541
541 672
541 729
196 626
274 626
346 626
352 626
361 626
362 626
396 626
626 680
626 753
626 807
626 908
352 715
395 715
525 715
596 715
715 725
715 740
392 822
540 822
210 823
641 823
445 824
445 825
449 828
277 606
277 637
223 279
262 279
279 280
279 376
279 402
279 447
279 640
235 301
253 464
282 464
294 464
389 464
464 498
464 509
464 606
464 718
464 719
299 472
397 472
416 472
472 503
472 546
472 597
472 653
472 694
472 696
472 699
472 730
238 729
511 729
610 729
611 729
640 729
662 729
729 751
729 753
729 755
729 909
196 916
216 262
228 262
262 416
262 418
262 420
262 422
262 423
192 369
369 634
369 656
192 373
422 445
422 549
374 473
439 473
456 473
473 479
473 486
473 652
473 654
473 656
473 751
473 756
473 776
473 876
473 895
473 905
473 958
486 741
199 804
641 853
676 853
208 209
208 229
208 315
208 392
208 852
208 913
199 487
235 487
263 487
365 487
376 487
396 487
487 659
487 714
487 747
487 748
487 749
487 750
220 505
505 714
235 544
264 544
443 544
544 647
544 714
209 547
232 547
264 547
343 547
525 547
534 547
547 612
547 647
547 658
547 679
547 731
547 798
547 806
547 807
376 562
235 904
307 904
610 904
253 499
253 513
253 593
253 595
253 671
253 677
253 785
253 787
253 788
253 789
276 294
276 613
276 622
276 656
276 718
276 749
276 945
276 955
276 956
276 957
220 540
297 540
481 540
500 540
540 670
540 671
540 680
540 689
540 698
540 730
540 755
315 622
382 622
524 622
536 622
538 622
197 643
511 643
643 651
643 670
643 702
643 910
217 551
231 551
316 551
337 551
374 551
551 608
551 639
551 659
551 845
551 913
192 364
192 365
192 366
192 370
192 372
192 374
194 325
194 357
194 364
194 387
194 427
194 731
196 209
196 210
196 217
196 365
196 630
196 639
196 646
196 648
196 652
196 654
197 199
197 329
197 341
197 379
197 648
197 893
197 926
199 495
199 501
199 507
199 690
199 909
200 238
200 309
200 352
200 379
200 402
200 439
200 441
200 488
200 886
200 889
200 892
201 379
201 409
202 662
255 294
255 352
255 412
255 449
255 655
255 810
255 833
255 854
255 928
256 325
256 426
256 445
256 496
256 723
256 797
256 801
256 806
256 947
256 948
234 257
257 308
257 441
257 508
257 671
257 747
257 830
257 883
258 493
259 536
260 385
260 429
260 714
294 297
294 404
294 414
294 734
294 810
307 494
307 552
307 600
307 946
307 956
307 957
309 637
310 364
311 481
315 449
315 673
372 410
209 459
351 459
364 459
376 459
387 459
459 494
459 531
459 621
459 674
459 676
459 697
229 460
385 460
460 468
460 658
460 679
460 716
460 771
460 773
460 883
460 886
460 887
460 888
387 461
428 461
264 462
462 697
204 488
222 488
351 488
387 488
402 488
428 488
488 613
488 627
488 628
488 657
488 679
488 751
235 495
297 495
328 495
396 495
454 495
495 901
495 928
361 536
432 536
518 536
536 611
536 627
536 696
396 625
625 659
297 628
396 628
426 628
434 628
628 658
628 661
628 663
628 747
628 769
628 869
628 877
628 901
628 902
628 924
628 929
628 938
205 686
210 686
278 686
392 686
512 686
612 686
686 789
686 851
686 869
420 697
552 697
613 698
234 387
234 427
234 432
234 439
234 612
234 765
234 832
234 883
338 481
238 518
263 518
264 518
376 518
469 518
471 518
518 674
518 679
518 690
518 716
518 874
223 734
235 280
280 395
280 404
280 501
280 503
203 387
387 389
387 409
387 546
387 604
387 605
449 481
449 532
449 537
449 630
449 641
449 777
449 780
449 798
449 839
449 856
449 860
449 866
449 867
282 538
428 538
538 641
377 810
410 810
210 400
222 400
397 400
400 456
400 646
205 546
298 546
374 546
418 546
434 546
471 546
546 654
546 733
546 883
546 899
263 500
389 618
447 618
426 661
512 661
661 719
661 723
661 821
661 841
661 846
661 851
661 867
661 919
661 924
661 932
661 933
204 675
633 675
670 675
231 690
328 690
379 690
440 690
454 690
658 690
659 690
662 690
690 873
690 898
690 921
690 929
231 723
365 723
420 723
477 723
719 723
721 723
723 748
723 783
723 933
723 938
723 954
558 751
634 751
392 802
676 802
205 209
209 215
209 333
209 357
209 360
209 364
209 531
209 758
209 807
209 878
209 917
209 918
215 333
333 649
333 676
333 878
333 907
392 630
397 630
532 630
630 757
630 806
630 908
559 844
641 844
445 884
297 420
351 420
352 420
396 420
420 513
420 613
420 627
420 677
420 689
420 716
420 909
420 910
344 667
379 667
382 667
432 667
466 667
623 667
667 908
667 948
445 819
549 819
559 819
641 855
676 855
203 392
215 392
351 392
392 396
392 397
392 616
392 733
227 325
325 456
325 889
325 893
325 942
203 376
203 385
203 389
203 393
203 394
203 395
204 352
204 364
204 427
204 613
204 673
204 676
204 677
204 679
204 680
205 216
205 382
205 397
205 445
205 447
210 423
210 432
210 466
210 641
210 871
210 886
215 633
217 434
217 634
239 409
239 656
286 376
286 494
346 435
361 435
435 779
435 800
435 814
435 909
435 910
456 466
466 702
493 611
493 648
493 761
493 768
493 775
493 776
471 654
649 654
507 716
511 716
558 716
669 716
716 775
716 860
716 861
716 865
716 866
716 895
716 896
235 263
236 263
263 282
263 376
263 525
263 672
263 725
263 731
269 428
264 612
357 612
379 612
389 612
397 612
427 612
612 621
377 808
429 808
351 361
351 362
351 389
351 427
351 428
351 513
351 621
351 677
351 779
351 798
351 878
412 445
396 627
397 627
409 627
627 797
627 799
627 812
627 813
406 818
604 634
604 649
604 662
282 714
297 714
406 714
669 714
714 725
714 796
714 811
486 742
634 848
410 903
364 418
394 418
418 498
418 663
418 674
418 691
418 695
410 849
428 849
656 849
410 850
656 850
274 346
274 359
274 360
274 529
274 532
274 633
274 679
274 779
274 798
274 799
228 352
352 402
352 513
352 765
352 835
352 871
352 875
352 876
352 902
409 843
364 927
481 927
364 942
240 674
469 674
497 674
534 674
674 679
364 659
364 670
364 856
220 426
220 479
220 498
220 508
220 559
220 590
220 623
220 651
220 695
222 374
222 724
222 760
222 768
222 782
222 861
222 886
222 902
222 910
223 266
223 414
223 510
223 537
223 731
223 934
227 409
227 486
227 765
227 882
227 894
227 897
227 958
228 486
229 651
231 479
264 344
264 389
264 397
264 513
264 525
264 607
264 725
264 728
264 794
264 900
266 389
266 477
266 513
266 670
267 525
235 271
236 494
406 494
429 494
494 613
494 656
494 701
389 617
617 659
366 662
426 662
563 662
632 662
662 783
662 839
662 876
662 905
468 677
474 677
677 949
677 955
677 956
232 377
232 385
232 406
232 427
232 637
232 641
232 642
282 344
282 385
282 511
282 532
282 689
282 797
282 814
337 634
357 639
357 726
357 760
357 761
357 781
357 865
357 906
357 909
429 523
429 597
429 621
429 787
429 788
429 796
429 935
429 950
429 951
389 616
606 653
641 653
653 656
233 658
509 658
537 658
593 658
297 477
477 564
477 680
477 695
477 724
477 728
385 593
406 593
432 593
592 593
593 795
593 811
593 812
593 813
406 835
559 835
402 836
549 836
559 836
406 838
558 838
676 838
634 840
649 840
724 841
443 447
443 525
443 534
443 724
443 725
443 726
406 847
288 410
410 468
559 652
389 471
389 610
389 611
389 613
513 613
513 621
513 631
513 670
513 718
513 728
513 760
513 761
513 768
513 771
513 772
513 773
513 774
298 657
416 657
501 657
531 657
559 657
613 657
656 657
657 689
657 726
657 728
657 730
657 898
496 898
623 898
393 416
393 469
393 953
393 966
393 967
607 611
468 701
637 701
235 377
376 377
377 523
377 592
377 647
377 795
377 809
430 641
641 832
641 842
641 852
641 854
641 914
416 428
428 475
428 552
428 930
376 445
382 445
409 445
416 445
437 445
445 496
445 637
445 673
445 803
445 832
445 914
406 694
406 787
406 832
406 842
406 854
406 922
406 923
406 924
233 606
397 606
496 606
606 656
606 679
651 673
670 673
673 679
673 702
673 778
348 676
359 379
525 680
633 753
376 468
397 468
434 468
468 598
468 722
365 486
366 486
370 486
397 486
297 529
529 621
591 611
591 647
385 597
726 752
379 794
752 794
549 795
293 376
376 395
376 549
376 558
376 559
376 563
376 564
503 549
469 737
737 852
737 854
737 859
737 860
737 923
737 937
432 669
559 669
297 623
297 731
297 801
297 812
297 813
236 385
385 409
385 534
385 595
385 596
385 598
426 497
497 623
497 691
497 761
497 782
497 920
497 954
343 447
346 542
434 878
365 743
409 743
402 765
365 871
479 892
365 929
479 929
288 432
238 447
447 947
233 235
233 396
233 637
233 649
233 656
233 659
235 479
235 496
235 523
235 559
236 637
426 427
426 663
427 432
427 914
379 434
416 434
434 479
434 507
434 610
434 611
434 910
396 613
532 613
613 798
613 800
613 814
360 621
621 679
292 656
370 656
409 656
416 656
436 656
496 656
556 656
379 760
676 767
651 768
558 769
689 769
278 479
479 634
479 659
479 747
479 846
479 885
479 901
509 670
637 670
663 670
670 730
670 733
647 934
365 432
432 499
432 512
432 590
752 948
370 634
632 634
634 721
634 874
379 862
549 862
676 862
724 962
469 504
469 549
469 738
365 642
439 637
637 854
637 901
365 842
365 883
365 913
409 416
409 441
409 647
409 885
278 481
440 496
496 659
496 663
496 747
496 762
496 789
496 877
496 906
496 919
496 954
504 647
508 647
509 676
511 676
534 779
471 564
595 649
379 730
396 471
402 471
471 559
471 649
361 542
542 758
542 908
542 917
542 918
402 651
651 781
651 937
651 938
436 633
633 676
633 752
633 874
633 907
299 402
590 649
649 694
611 738
344 525
525 610
525 731
525 798
525 799
647 752
691 752
752 763
752 789
752 917
659 907
676 860
676 861
676 924
676 937
549 800
559 880
549 830
549 864
611 864
549 865
558 877
689 877
689 953
293 623
556 623
623 649
623 748
623 932
416 647
397 605
397 610
397 631
397 632
454 689
689 762
689 776
689 952
549 866
559 832
481 885
481 893
396 629
402 438
402 679
402 875
402 883
402 905
402 906
549 679
549 863
416 431
379 423
558 610
558 733
558 875
558 876
649 931
360 379
601 649
724 933
559 895
370 649
379 695
379 747
379 781
379 782
379 875
679 773
679 964
559 894
559 896
438 611
724 945
724 959
724 963
611 782
649 719
598 610
610 725
