1 2
1 3
1 5
1 13
1 14
1 33
1 103
1 130
1 131
1 132
1 181
1 182
1 196
1 198
1 200
1 214
1 253
1 304
1 305
1 328
1 332
1 511
1 518
2 3
2 4
2 5
2 6
2 12
2 24
2 26
2 35
2 144
2 146
2 152
2 169
2 180
2 217
2 262
2 322
2 448
2 499
2 500
2 524
2 587
2 612
2 622
2 674
2 741
2 747
3 4
3 6
3 7
3 13
3 30
3 34
3 97
3 106
3 115
3 130
3 149
3 164
3 171
3 177
3 253
3 255
3 259
3 267
3 268
3 270
3 304
3 305
3 318
3 320
3 321
3 394
3 419
3 431
3 438
3 444
3 464
3 465
3 468
3 485
4 5
5 7
5 8
5 9
5 15
5 26
5 27
5 30
5 104
5 116
5 127
5 136
5 149
5 152
5 181
5 209
5 212
5 229
5 232
5 324
5 330
5 381
5 386
5 393
5 455
5 468
5 558
5 559
5 575
5 608
5 639
5 698
5 759
12 13
13 14
13 15
13 18
13 30
13 70
13 75
13 76
13 91
13 144
13 180
13 242
13 350
13 354
13 363
13 370
13 373
13 377
13 402
13 432
13 433
13 438
13 441
13 443
13 471
13 473
13 523
13 612
4 14
14 15
14 16
14 17
14 19
14 35
14 36
14 85
14 96
14 97
14 98
14 99
14 148
14 168
14 308
14 504
14 625
14 753
14 755
9 33
26 33
33 35
33 38
33 50
33 88
33 98
33 99
33 101
33 103
33 146
33 156
33 162
33 173
33 180
33 206
33 212
33 213
33 217
33 254
33 262
33 324
33 412
33 464
33 502
33 508
33 518
33 551
33 614
33 627
33 695
33 755
29 103
31 103
32 103
36 103
70 103
74 103
92 103
103 117
103 136
103 137
103 149
103 229
103 250
103 255
103 264
103 269
103 271
103 289
103 302
103 305
103 311
103 325
103 377
103 419
103 464
103 466
103 473
103 474
103 476
103 528
103 680
103 730
15 130
45 130
78 130
90 130
91 130
100 130
122 130
127 130
130 132
130 137
130 138
130 139
130 148
130 163
130 168
130 169
130 171
130 205
130 300
130 362
130 366
130 464
130 466
130 484
130 501
130 512
130 572
130 600
130 604
130 614
130 630
130 713
130 728
130 753
9 131
47 131
90 131
92 131
99 131
101 131
112 131
113 131
115 131
116 131
131 132
131 145
131 153
131 156
131 165
131 181
131 212
131 232
131 237
131 240
131 243
131 304
131 597
131 688
131 695
131 712
131 789
131 791
32 132
41 132
46 132
48 132
60 132
93 132
94 132
97 132
132 145
132 191
132 192
132 193
132 207
132 277
132 408
132 439
132 456
132 654
132 655
132 659
132 671
132 689
132 705
132 778
132 806
9 181
47 181
51 181
121 181
141 181
161 181
181 195
181 204
181 211
181 218
181 227
181 235
181 236
181 272
181 322
181 501
181 530
181 567
181 716
181 724
181 752
181 758
181 761
181 764
32 182
73 182
74 182
110 182
139 182
140 182
141 182
182 217
182 224
182 229
182 236
182 237
182 333
182 340
182 365
182 374
182 530
182 536
182 581
36 196
58 196
67 196
92 196
145 196
148 196
150 196
163 196
183 196
184 196
185 196
196 199
196 227
196 239
196 242
196 245
196 371
196 496
196 544
196 545
196 646
196 650
196 693
196 707
196 753
196 755
196 756
196 760
196 791
196 802
76 198
93 198
94 198
139 198
146 198
165 198
198 242
198 246
198 331
198 402
198 416
198 447
198 471
198 713
34 200
57 200
93 200
124 200
147 200
170 200
176 200
200 243
200 322
200 323
200 338
200 436
200 438
200 527
200 741
200 747
6 214
8 214
31 214
32 214
77 214
104 214
121 214
138 214
156 214
157 214
158 214
179 214
214 247
214 249
214 251
214 252
214 270
214 273
214 274
214 365
214 390
214 425
214 534
214 535
214 537
214 539
214 546
214 549
214 552
214 583
214 648
214 734
214 777
20 253
44 253
122 253
126 253
127 253
138 253
215 253
218 253
219 253
222 253
231 253
249 253
253 267
253 273
253 275
253 293
253 294
253 420
253 428
253 431
253 441
253 670
253 675
253 686
253 694
253 727
253 779
253 793
21 304
30 304
41 304
48 304
88 304
91 304
125 304
242 304
271 304
273 304
281 304
295 304
304 332
304 333
304 336
304 340
304 341
304 345
304 347
304 350
304 351
304 377
304 414
304 415
304 416
304 432
304 433
304 442
304 452
30 305
57 305
87 305
121 305
193 305
244 305
290 305
305 321
305 332
305 334
305 346
305 352
305 426
305 437
305 453
26 328
30 328
127 328
149 328
156 328
167 328
192 328
206 328
229 328
328 381
328 397
328 399
328 408
328 421
328 422
328 429
328 452
328 581
328 588
328 605
328 658
328 672
328 718
328 791
120 332
150 332
155 332
176 332
229 332
230 332
233 332
240 332
332 399
332 412
332 484
332 572
332 695
332 698
332 706
332 794
121 511
125 511
138 511
152 511
215 511
288 511
381 511
29 518
41 518
47 518
121 518
145 518
155 518
190 518
193 518
383 518
4 6
4 8
4 25
4 63
4 64
4 74
4 107
4 109
4 110
4 122
4 133
4 148
4 150
4 155
4 173
4 222
4 224
4 225
4 238
4 271
4 292
4 314
4 329
4 339
4 383
4 418
4 537
4 775
6 7
6 9
6 10
6 16
6 86
6 109
6 120
6 129
6 184
6 193
6 209
6 210
6 211
6 249
6 292
6 298
6 312
6 354
6 355
6 364
6 393
6 456
6 458
6 575
6 644
6 653
6 659
6 678
6 686
8 12
11 12
12 15
12 23
12 29
12 72
12 74
12 76
12 85
12 110
12 113
12 157
12 167
12 188
12 191
12 244
12 249
12 290
12 294
12 314
12 361
12 362
12 386
12 387
12 458
12 521
12 542
12 685
21 24
23 24
24 27
24 28
24 29
24 32
24 34
24 61
24 74
24 118
24 121
24 129
24 160
24 161
24 171
24 173
24 174
24 178
24 251
24 252
24 260
24 263
24 270
24 272
24 299
24 312
24 317
24 341
24 345
24 361
24 364
24 365
24 390
24 391
24 431
24 444
24 455
24 476
24 510
24 519
24 522
24 553
24 602
24 633
24 634
24 645
24 680
24 774
24 779
17 26
23 26
26 34
26 35
26 85
26 91
26 111
26 152
26 155
26 160
26 171
26 173
26 174
26 188
26 234
26 250
26 258
26 269
26 318
26 326
26 330
26 500
26 524
26 551
26 558
26 638
26 670
26 697
26 720
20 35
35 39
35 45
35 52
35 157
35 165
35 191
35 223
35 226
35 228
35 249
35 251
35 255
35 264
35 266
35 267
35 270
35 271
35 277
35 278
35 284
35 289
35 300
35 315
35 336
35 353
35 392
35 419
35 552
35 595
35 600
35 621
35 625
35 648
35 696
77 144
92 144
110 144
120 144
125 144
138 144
139 144
140 144
144 150
144 151
144 156
144 170
144 173
144 187
144 188
144 189
144 190
144 206
144 219
144 230
144 236
144 242
144 274
144 330
144 339
144 387
144 404
144 411
144 417
144 448
144 455
144 459
144 475
144 509
144 510
144 521
144 551
144 779
31 146
83 146
100 146
110 146
115 146
129 146
134 146
141 146
146 157
146 188
146 191
146 194
146 197
146 222
146 228
146 235
146 246
146 249
146 266
146 273
146 274
146 275
146 300
146 323
146 334
146 335
146 358
146 418
146 456
146 459
146 530
146 535
146 537
146 556
146 579
146 607
146 734
146 777
19 152
92 152
97 152
114 152
120 152
135 152
152 173
152 188
152 189
152 192
152 201
152 206
152 207
152 209
152 232
152 239
152 269
152 270
152 281
152 284
152 302
152 310
152 325
152 331
152 345
152 389
152 391
152 465
152 505
152 544
152 550
152 551
152 555
152 568
152 623
101 169
169 173
169 205
169 207
169 209
169 210
169 211
169 231
169 233
169 290
169 291
169 295
169 439
169 442
169 485
169 579
169 669
169 680
169 685
169 697
169 720
169 727
169 736
169 775
52 180
73 180
139 180
140 180
165 180
177 180
180 207
180 228
180 233
180 234
180 251
180 270
180 306
180 353
180 368
180 398
180 402
180 411
180 417
180 529
180 546
180 589
180 793
39 217
69 217
75 217
158 217
170 217
172 217
217 227
217 228
217 238
217 257
217 259
217 266
217 273
217 274
217 278
217 287
217 289
217 334
217 335
217 355
217 356
217 359
217 382
217 419
217 428
217 537
217 577
217 584
217 724
31 262
89 262
108 262
118 262
143 262
219 262
221 262
222 262
223 262
226 262
227 262
238 262
239 262
240 262
252 262
262 279
262 283
262 333
262 340
262 359
262 390
262 418
262 456
262 536
262 539
262 546
262 561
262 579
262 724
19 322
87 322
96 322
231 322
237 322
293 322
322 338
322 376
322 391
322 399
322 403
322 413
322 566
322 578
322 599
322 700
322 702
322 798
101 448
174 448
207 448
209 448
211 448
325 448
364 448
448 737
448 752
448 753
448 756
448 770
448 782
448 783
448 790
448 791
448 797
10 499
36 499
109 499
129 499
167 499
205 499
209 499
298 499
312 499
326 499
368 499
96 500
97 500
101 500
189 500
203 500
219 500
252 500
303 500
364 500
78 524
96 524
97 524
101 524
126 524
189 524
205 524
285 524
310 524
88 587
97 587
106 587
115 587
135 587
215 587
259 587
270 587
297 587
300 587
41 612
50 612
52 612
120 612
170 612
188 612
189 612
230 612
399 612
87 622
96 622
97 622
280 622
293 622
354 622
362 622
367 622
392 622
100 674
120 674
164 674
242 674
281 674
362 674
414 674
29 741
129 741
189 741
209 741
428 741
429 741
430 741
436 741
440 741
129 747
145 747
189 747
209 747
429 747
430 747
434 747
435 747
438 747
7 8
7 9
7 16
7 18
7 27
7 39
7 45
7 47
7 62
7 84
7 86
7 87
7 94
7 111
7 127
7 187
7 188
7 205
7 291
7 295
7 302
7 325
7 326
7 343
7 379
7 387
7 455
7 459
7 537
7 569
7 600
7 644
7 697
7 710
19 30
21 30
30 36
30 38
30 44
30 49
30 52
30 87
30 96
30 118
30 134
30 154
30 160
30 163
30 165
30 185
30 205
30 237
30 239
30 321
30 338
30 390
30 414
30 447
30 457
30 474
30 485
30 508
30 528
30 544
30 634
30 646
31 34
34 38
34 51
34 87
34 97
34 99
34 108
34 134
34 199
34 205
34 211
34 212
34 222
34 223
34 403
34 467
34 514
34 515
34 624
34 756
34 760
34 801
11 97
23 97
27 97
28 97
31 97
72 97
75 97
83 97
84 97
94 97
97 165
97 176
97 177
97 191
97 231
97 246
97 267
97 329
97 330
97 335
97 336
97 341
97 345
97 353
97 361
97 363
97 376
97 418
97 420
97 439
97 475
11 106
31 106
32 106
37 106
71 106
72 106
76 106
78 106
79 106
84 106
106 114
106 123
106 127
106 139
106 140
106 178
106 187
106 206
106 288
106 321
106 329
106 333
106 340
106 341
106 342
106 345
106 349
106 357
106 378
106 398
106 477
60 115
75 115
78 115
82 115
86 115
95 115
115 116
115 118
115 123
115 125
115 148
115 151
115 153
115 154
115 172
115 177
115 225
115 244
115 323
115 351
115 352
115 358
115 451
115 477
18 149
31 149
45 149
64 149
113 149
114 149
118 149
149 190
149 193
149 212
149 283
149 331
149 368
149 412
149 496
149 502
149 624
107 164
122 164
123 164
164 183
164 191
164 206
164 215
164 218
164 222
164 224
164 225
164 238
164 432
164 433
164 442
164 452
164 460
164 461
164 462
164 477
164 532
164 533
164 580
51 171
87 171
99 171
118 171
137 171
142 171
145 171
148 171
162 171
171 202
171 211
171 218
171 222
171 223
171 238
171 308
171 649
171 693
75 177
87 177
114 177
139 177
140 177
157 177
177 223
177 224
177 226
177 229
177 230
177 233
177 249
177 264
177 275
177 367
177 371
177 379
177 424
177 463
177 552
177 556
177 576
177 590
177 625
177 648
15 255
20 255
45 255
58 255
87 255
121 255
204 255
220 255
225 255
227 255
255 276
255 280
255 323
255 398
255 506
255 525
255 716
255 717
255 724
255 734
255 777
119 259
215 259
220 259
239 259
244 259
250 259
259 268
259 282
259 294
259 297
259 552
259 553
259 560
259 586
259 642
259 645
259 648
259 714
259 742
41 267
54 267
56 267
89 267
101 267
204 267
227 267
230 267
241 267
267 277
267 390
267 409
267 417
267 423
267 433
267 643
267 644
267 663
267 697
267 736
267 774
267 776
66 268
147 268
229 268
233 268
234 268
239 268
241 268
244 268
260 268
268 270
268 297
268 299
268 303
268 307
268 531
268 552
268 553
268 610
268 636
268 651
268 694
268 699
268 714
268 734
268 743
70 270
71 270
74 270
83 270
127 270
128 270
178 270
212 270
224 270
235 270
240 270
242 270
248 270
270 272
270 349
270 350
270 369
270 371
270 383
270 460
270 532
270 533
41 318
52 318
77 318
78 318
190 318
219 318
236 318
318 369
318 370
318 371
318 383
318 461
318 807
27 320
46 320
89 320
93 320
102 320
118 320
122 320
123 320
155 320
197 320
320 374
320 404
320 415
320 478
320 479
320 480
320 484
320 496
320 501
320 510
320 520
320 546
320 567
320 588
320 763
21 321
36 321
45 321
47 321
58 321
62 321
104 321
108 321
127 321
221 321
278 321
287 321
302 321
321 376
321 381
321 398
321 489
321 539
321 545
321 548
321 549
321 561
321 621
321 696
42 394
44 394
45 394
48 394
75 394
123 394
126 394
145 394
190 394
220 394
229 394
258 394
271 394
281 394
297 394
300 394
325 394
394 456
394 460
394 574
394 583
394 584
394 643
394 667
394 699
394 701
394 720
394 724
394 777
122 419
236 419
260 419
302 419
315 419
340 419
419 519
419 670
419 679
419 695
419 718
419 792
419 796
67 431
78 431
176 431
226 431
238 431
346 431
352 431
354 431
356 431
431 742
431 743
431 745
431 803
209 438
220 438
226 438
229 438
230 438
370 438
374 438
438 737
438 754
438 755
438 757
438 759
438 761
438 765
438 770
438 779
438 788
438 791
176 444
219 444
226 444
238 444
352 444
354 444
360 444
363 444
371 444
375 444
444 734
444 743
444 774
444 776
444 777
444 779
444 803
444 805
444 806
444 809
41 464
45 464
105 464
254 464
128 465
150 465
206 465
222 465
238 465
240 465
252 465
254 465
277 465
302 465
18 468
126 468
128 468
150 468
156 468
222 468
238 468
277 468
279 468
302 468
58 485
137 485
190 485
191 485
208 485
281 485
350 485
351 485
377 485
8 9
8 11
8 19
8 25
8 73
8 81
8 88
8 116
8 147
8 167
8 213
8 235
8 623
21 25
23 25
25 153
25 360
44 63
49 63
51 63
63 84
63 85
63 86
63 88
63 118
63 446
63 447
63 472
63 496
63 650
63 786
63 801
63 810
9 64
11 64
18 64
53 64
54 64
56 64
64 69
64 79
64 85
64 87
64 89
64 117
64 136
64 166
64 167
64 223
64 226
64 239
64 242
64 269
64 272
64 287
64 293
64 296
64 326
64 362
64 382
64 417
64 441
64 476
64 529
64 647
18 74
23 74
51 74
56 74
58 74
74 93
74 98
74 104
74 108
74 127
74 143
74 251
74 280
74 285
74 336
74 355
74 356
74 366
74 376
74 398
74 548
74 566
74 608
67 107
71 107
73 107
107 139
107 154
107 172
107 178
107 183
107 227
107 232
107 247
107 263
107 291
107 343
107 347
107 349
107 355
107 356
107 369
107 385
107 395
107 397
107 425
107 429
107 435
107 571
107 583
107 611
107 659
107 663
107 724
28 109
32 109
71 109
84 109
85 109
86 109
88 109
95 109
109 127
109 141
109 142
109 143
109 165
109 178
109 242
109 329
109 334
109 336
109 338
109 349
109 350
109 415
109 432
109 433
109 436
109 451
109 492
29 110
72 110
73 110
87 110
88 110
94 110
110 120
110 145
110 147
110 156
110 166
110 173
110 189
110 206
110 219
110 245
110 355
110 413
110 563
110 569
110 570
110 573
110 584
110 613
110 648
110 658
110 694
66 122
81 122
83 122
86 122
95 122
122 143
122 161
122 162
122 237
122 254
122 256
122 257
122 269
122 287
122 290
122 291
122 323
122 349
122 429
122 435
122 437
122 457
122 458
122 519
122 602
122 607
9 133
36 133
38 133
44 133
93 133
95 133
98 133
105 133
113 133
133 139
133 142
133 145
133 159
133 197
133 206
133 240
133 242
133 285
133 395
133 396
133 399
133 401
133 406
133 430
133 605
133 608
133 702
133 704
9 148
48 148
62 148
77 148
99 148
102 148
112 148
114 148
117 148
148 154
148 191
148 199
148 202
148 203
148 234
148 239
148 250
148 265
148 283
148 302
148 347
148 480
148 624
148 634
148 654
148 676
148 722
9 150
52 150
88 150
92 150
113 150
134 150
150 173
150 201
150 202
150 283
150 307
150 337
150 374
150 430
150 466
150 479
150 480
150 490
150 497
150 505
150 597
150 614
150 632
150 711
9 155
50 155
82 155
99 155
104 155
108 155
116 155
126 155
134 155
155 156
155 173
155 190
155 193
155 204
155 207
155 211
155 258
155 266
155 307
155 326
155 400
155 401
155 402
155 505
155 507
155 614
155 615
155 639
155 662
155 665
155 752
155 758
27 173
47 173
136 173
138 173
140 173
142 173
158 173
167 173
173 174
173 194
173 221
173 223
173 225
173 229
173 231
173 235
173 237
173 279
173 317
173 344
173 350
173 351
173 387
173 404
173 411
173 466
173 509
173 568
173 589
173 613
173 774
23 222
32 222
37 222
46 222
75 222
86 222
135 222
166 222
174 222
215 222
222 239
222 260
222 263
222 266
222 278
222 287
222 288
222 290
222 311
222 316
222 361
222 368
222 388
222 389
222 390
222 392
222 395
222 408
222 458
222 478
222 539
222 549
222 638
222 646
222 656
222 663
15 224
165 224
168 224
224 240
224 251
224 260
224 264
224 265
224 266
224 389
224 400
224 405
224 406
224 415
224 420
224 559
224 565
224 572
224 623
224 632
224 665
224 707
23 225
56 225
86 225
87 225
114 225
117 225
174 225
178 225
179 225
185 225
187 225
188 225
225 229
225 252
225 256
225 263
225 264
225 284
225 288
225 300
225 302
225 312
225 315
225 319
225 325
225 361
225 364
225 374
225 378
225 381
225 392
225 478
225 520
225 535
225 633
225 635
225 686
225 692
49 238
61 238
69 238
70 238
161 238
166 238
168 238
184 238
186 238
191 238
216 238
238 271
238 272
238 275
238 278
238 287
238 311
238 384
238 395
238 412
238 563
238 593
238 655
238 663
238 678
36 271
118 271
163 271
215 271
232 271
233 271
237 271
240 271
249 271
269 271
271 273
271 280
271 285
271 291
271 295
271 308
271 343
271 350
271 417
271 484
271 595
271 671
271 697
271 713
271 721
271 773
19 292
95 292
123 292
137 292
145 292
153 292
211 292
236 292
292 295
292 296
292 298
292 308
292 311
292 314
292 527
292 528
292 601
292 746
61 314
79 314
136 314
143 314
203 314
205 314
293 314
314 338
314 365
314 377
314 390
314 467
314 489
314 513
314 529
314 548
314 578
314 628
314 650
17 329
120 329
142 329
160 329
167 329
207 329
216 329
240 329
329 397
329 400
329 435
329 474
329 502
329 516
329 550
329 624
329 704
329 705
329 718
329 756
329 772
329 789
329 812
119 339
160 339
202 339
241 339
339 417
339 418
339 420
339 425
339 429
339 432
339 434
339 460
339 484
339 509
339 519
339 581
339 598
339 606
339 673
339 680
86 383
160 383
165 383
213 383
247 383
311 383
312 383
383 558
44 418
46 418
57 418
208 418
249 418
260 418
273 418
286 418
341 418
412 418
418 472
418 508
418 690
418 691
418 810
116 537
142 537
223 537
237 537
279 537
286 537
223 775
278 775
280 775
297 775
432 775
434 775
455 775
9 10
9 11
9 20
9 94
9 95
9 100
9 111
9 125
9 141
9 145
9 156
9 210
9 289
9 356
9 516
9 573
15 16
15 20
15 45
15 57
15 112
15 184
15 226
15 227
15 233
15 325
15 709
15 793
20 27
21 27
22 27
27 38
27 40
27 46
27 89
27 90
27 108
27 128
27 142
27 157
27 158
27 205
27 212
27 487
27 554
27 557
27 731
27 739
27 799
50 104
68 104
85 104
99 104
104 114
104 124
104 139
104 156
104 219
104 245
104 247
104 256
104 282
104 287
104 288
104 302
104 319
104 347
104 398
104 399
104 407
104 505
104 553
104 626
104 685
104 710
104 720
44 116
45 116
46 116
61 116
66 116
76 116
77 116
112 116
116 124
116 127
116 136
116 178
116 179
116 183
116 192
116 273
116 277
116 300
116 357
116 359
116 365
116 367
116 368
116 379
116 409
116 520
116 531
116 546
10 127
31 127
86 127
87 127
88 127
89 127
94 127
96 127
102 127
126 127
127 165
127 223
127 250
127 251
127 252
127 256
127 269
127 278
127 284
127 287
127 288
127 315
127 316
127 341
127 345
127 359
127 385
127 392
127 415
127 549
127 643
28 136
85 136
86 136
90 136
95 136
96 136
105 136
136 139
136 147
136 151
136 235
136 237
136 240
136 243
136 274
136 279
136 285
136 289
136 307
136 354
136 381
136 387
136 401
136 404
136 453
136 459
136 507
136 508
136 527
136 567
136 603
136 631
136 639
136 686
136 761
41 209
137 209
141 209
145 209
153 209
170 209
183 209
209 213
209 216
209 248
209 441
209 442
209 443
209 452
209 461
209 471
209 481
209 719
28 212
156 212
158 212
161 212
191 212
193 212
206 212
208 212
212 251
212 272
212 274
212 289
212 317
212 331
212 455
212 503
212 540
212 568
212 805
212 806
41 229
44 229
81 229
89 229
124 229
125 229
156 229
161 229
168 229
174 229
187 229
206 229
218 229
229 245
229 246
229 250
229 266
229 272
229 344
229 381
229 385
229 395
229 402
229 421
229 508
229 558
229 575
229 663
18 232
77 232
87 232
138 232
156 232
176 232
179 232
191 232
201 232
206 232
232 254
232 272
232 288
232 289
232 296
232 312
232 313
232 342
232 565
232 566
232 573
232 616
232 632
232 633
44 324
52 324
108 324
175 324
204 324
218 324
221 324
284 324
295 324
315 324
324 325
324 340
324 366
324 382
324 390
324 392
324 414
324 416
324 422
324 489
324 506
324 545
324 546
324 566
324 577
324 591
324 595
324 600
324 608
19 330
58 330
120 330
188 330
195 330
202 330
207 330
303 330
330 398
330 400
330 436
330 490
330 494
330 497
330 498
330 548
330 629
330 665
330 704
330 707
330 756
330 760
11 381
20 381
128 381
167 381
202 381
213 381
216 381
240 381
272 381
381 504
381 505
381 559
381 771
29 386
145 386
206 386
323 386
386 494
386 498
386 529
386 531
386 548
386 617
386 730
386 781
126 393
208 393
213 393
219 393
325 393
393 425
393 450
393 528
393 567
393 569
393 603
393 604
393 609
393 631
393 633
393 671
393 688
393 702
393 728
393 769
20 455
53 455
128 455
142 455
235 455
236 455
366 455
455 734
455 779
455 793
455 794
455 795
455 796
455 797
21 558
29 558
145 558
206 558
23 559
156 559
201 559
216 559
236 559
23 575
124 575
125 575
134 575
138 575
159 575
252 575
16 608
31 608
47 608
112 608
114 608
227 608
315 608
82 639
170 639
176 639
187 639
274 639
382 639
388 639
391 639
40 698
193 698
289 698
294 698
382 698
412 698
421 698
78 759
128 759
140 759
220 759
226 759
399 759
434 759
440 759
450 759
453 759
10 11
10 21
10 28
10 72
10 75
10 88
10 90
10 123
10 126
10 128
10 170
10 185
10 192
10 248
10 264
10 288
10 338
10 342
10 358
10 442
10 452
16 22
16 73
16 90
16 154
16 163
16 202
16 204
16 215
16 221
16 246
16 249
16 291
16 316
16 325
16 379
16 397
16 502
16 503
16 563
16 567
16 600
16 601
16 611
11 86
62 86
65 86
66 86
68 86
71 86
86 87
86 91
86 118
86 123
86 125
86 140
86 151
86 179
86 219
86 237
86 244
86 311
86 312
86 363
86 460
86 466
86 530
86 553
86 581
86 626
49 120
80 120
83 120
84 120
95 120
120 125
120 141
120 153
120 159
120 166
120 189
120 215
120 242
120 246
120 264
120 334
120 335
120 346
120 347
120 350
120 351
120 370
120 378
120 420
120 432
120 433
120 439
120 453
120 481
120 486
18 129
23 129
32 129
46 129
49 129
91 129
95 129
129 141
129 147
129 172
129 185
129 247
129 288
129 311
129 336
129 337
129 341
129 345
129 346
129 361
129 377
129 414
129 421
129 445
129 447
129 451
129 453
129 469
129 486
129 492
129 523
129 527
129 604
129 713
32 184
56 184
95 184
141 184
142 184
166 184
184 323
184 396
184 398
184 432
184 435
184 479
184 597
184 628
184 630
184 665
184 756
184 769
11 193
17 193
44 193
98 193
101 193
154 193
193 202
193 205
193 211
193 213
193 215
193 233
193 291
193 307
193 344
193 412
193 502
193 505
193 507
193 516
193 753
41 210
108 210
135 210
154 210
168 210
203 210
210 237
210 245
210 249
210 279
210 280
210 396
210 399
210 501
210 502
210 589
210 599
210 601
210 605
210 618
210 688
210 711
210 757
210 784
49 211
93 211
95 211
111 211
125 211
138 211
157 211
183 211
190 211
211 213
211 218
211 244
211 248
211 249
211 265
211 294
211 298
211 310
211 451
211 476
211 551
211 649
211 680
211 795
143 249
166 249
202 249
207 249
243 249
247 249
249 260
249 290
249 395
249 426
249 435
249 477
249 584
249 653
249 658
249 678
249 686
249 701
249 734
51 298
65 298
66 298
77 298
208 298
298 312
298 346
298 354
298 377
298 403
298 494
298 496
298 498
298 513
298 541
298 609
298 610
298 628
298 633
298 676
298 739
298 746
298 763
79 312
91 312
118 312
128 312
142 312
226 312
291 312
293 312
312 358
312 368
312 369
312 377
312 460
312 525
312 532
312 719
20 354
90 354
91 354
126 354
134 354
192 354
215 354
240 354
248 354
252 354
279 354
310 354
354 429
354 434
354 435
354 436
354 491
354 601
354 607
354 736
354 737
354 738
36 355
59 355
108 355
114 355
216 355
260 355
279 355
311 355
355 429
355 502
355 528
355 619
355 624
355 626
355 627
355 629
355 662
355 665
355 712
355 722
355 760
355 787
355 790
79 364
82 364
153 364
227 364
263 364
294 364
364 380
364 529
364 540
364 542
364 543
364 544
364 547
364 550
364 552
364 556
364 613
364 649
364 721
364 737
364 746
364 762
55 456
85 456
247 456
263 456
266 456
291 456
360 456
456 733
456 774
456 778
456 779
456 793
456 794
456 797
456 805
456 806
456 810
123 458
134 458
145 458
163 458
269 458
273 458
336 458
424 458
458 732
458 735
458 778
458 810
458 814
135 644
151 644
240 644
250 644
260 644
290 644
297 644
398 644
417 644
44 653
163 653
215 653
348 653
351 653
408 653
409 653
23 659
163 659
216 659
281 659
287 659
295 659
141 678
163 678
215 678
351 678
377 678
408 678
424 678
28 686
123 686
244 686
279 686
336 686
343 686
417 686
18 19
18 20
18 22
18 73
18 82
18 96
18 197
18 205
18 216
18 226
18 227
18 236
18 237
18 243
18 277
18 303
18 474
18 483
18 503
18 555
18 593
18 596
18 600
18 705
18 737
20 39
28 39
29 39
36 39
39 40
39 44
39 60
39 102
39 141
39 190
39 192
39 204
39 216
39 227
39 240
39 252
39 279
39 284
39 290
39 398
39 503
39 645
39 646
39 691
39 695
39 772
39 778
39 797
39 806
36 45
40 45
41 45
43 45
45 90
45 117
45 118
45 126
45 168
45 254
45 256
45 284
45 291
45 315
45 325
45 333
45 360
45 368
45 388
45 389
45 397
45 401
45 414
45 447
45 487
45 492
45 545
45 562
45 619
45 632
45 650
45 772
45 787
29 47
32 47
42 47
47 50
47 51
47 52
47 53
47 54
47 55
47 58
47 89
47 91
47 100
47 102
47 108
47 254
47 316
47 366
47 398
47 400
47 536
47 643
38 62
49 62
50 62
62 84
62 85
62 117
62 203
62 308
62 309
62 325
62 490
62 492
62 496
62 497
62 507
62 534
62 632
17 84
84 88
84 119
84 121
84 138
84 142
84 143
84 160
84 216
84 279
84 582
65 87
81 87
83 87
87 89
87 90
87 117
87 124
87 125
87 167
87 170
87 247
87 256
87 257
87 258
87 279
87 293
87 326
87 434
87 482
87 521
87 736
40 94
67 94
92 94
94 128
94 135
94 281
94 311
94 360
94 368
94 706
94 709
94 814
44 111
61 111
68 111
69 111
73 111
89 111
90 111
91 111
92 111
99 111
102 111
111 117
111 142
111 166
111 167
111 239
111 277
111 299
111 316
111 325
111 359
111 362
111 365
111 378
111 407
111 466
111 505
111 554
111 555
111 557
111 563
111 571
111 593
111 643
111 646
111 710
11 187
20 187
128 187
145 187
151 187
187 192
187 201
187 206
187 216
187 272
187 279
187 296
187 513
187 597
187 599
187 609
187 647
187 708
187 722
187 751
187 769
187 802
167 188
188 190
188 201
188 202
188 236
188 240
188 279
188 286
188 346
188 453
188 679
188 684
188 713
21 205
32 205
145 205
151 205
163 205
205 244
205 260
205 275
205 529
205 540
205 543
205 547
205 626
205 648
205 649
205 673
205 738
205 746
205 762
42 291
61 291
138 291
145 291
236 291
248 291
291 450
291 452
291 479
291 481
291 513
291 530
291 532
291 550
291 560
291 606
291 620
291 676
291 763
291 764
43 295
91 295
168 295
252 295
278 295
287 295
295 299
295 301
295 310
295 311
295 422
295 481
295 483
295 569
295 579
295 618
295 619
295 655
295 658
295 682
295 764
19 302
37 302
124 302
163 302
207 302
250 302
275 302
297 302
302 319
302 343
302 399
302 504
302 544
302 549
302 557
302 561
302 563
302 593
302 635
302 662
302 804
118 325
186 325
218 325
227 325
325 396
325 399
325 417
325 491
325 493
325 502
325 567
325 597
325 652
325 702
325 757
325 770
32 326
58 326
93 326
142 326
145 326
168 326
190 326
227 326
237 326
277 326
311 326
326 396
326 400
326 429
326 430
326 433
326 480
326 513
326 530
326 630
326 711
326 760
326 788
90 343
91 343
95 343
141 343
167 343
239 343
309 343
343 420
343 422
343 425
343 430
343 460
343 475
343 506
343 552
343 572
343 574
343 642
343 683
343 722
343 777
40 379
90 379
98 379
99 379
108 379
279 379
315 379
316 379
379 490
379 493
379 496
379 497
379 501
379 503
379 514
379 515
379 541
379 567
379 688
379 780
379 783
379 785
167 387
192 387
365 387
387 525
387 533
387 725
53 459
73 459
81 459
178 459
235 459
272 459
366 459
459 780
459 808
459 814
20 569
108 569
118 569
159 569
167 569
203 569
208 569
285 569
368 569
46 600
186 600
191 600
202 600
340 600
41 697
52 697
137 697
218 697
258 697
336 697
412 697
118 710
208 710
250 710
277 710
296 710
297 710
327 710
375 710
414 710
11 22
11 96
11 101
11 143
11 159
11 160
11 404
11 412
11 413
11 483
11 505
11 746
19 21
19 23
19 31
19 32
19 37
19 78
19 153
19 165
19 176
19 231
19 334
19 361
19 378
19 380
19 414
19 416
19 420
19 439
19 475
19 478
19 481
19 523
37 73
38 73
42 73
44 73
46 73
56 73
57 73
73 80
73 81
73 93
73 102
73 112
73 114
73 134
73 141
73 228
73 233
73 235
73 402
73 730
73 762
49 81
52 81
61 81
66 81
81 114
81 121
81 123
81 124
81 233
81 235
81 252
81 260
81 338
81 352
81 374
81 522
81 762
81 793
29 88
65 88
82 88
88 98
88 119
88 128
88 174
88 176
88 183
88 194
88 227
88 231
88 273
88 303
88 363
88 542
88 551
88 579
88 771
54 147
55 147
101 147
147 158
147 189
147 192
147 195
147 197
147 199
147 207
147 219
147 221
147 228
147 246
147 248
147 266
147 274
147 286
147 411
147 554
147 590
147 733
38 167
98 167
117 167
126 167
143 167
167 204
167 223
167 234
167 235
167 240
167 241
167 254
167 256
167 258
167 273
167 288
167 289
167 299
167 317
167 367
167 510
167 523
167 595
167 699
48 213
99 213
137 213
138 213
156 213
159 213
162 213
190 213
202 213
213 240
213 250
213 269
213 280
213 285
213 362
213 555
213 568
213 572
213 618
213 620
213 647
213 654
213 694
213 708
92 235
95 235
118 235
174 235
178 235
191 235
192 235
235 251
235 265
235 272
235 274
235 294
235 317
235 368
235 404
235 410
235 451
235 466
235 484
235 491
235 541
235 601
235 731
235 746
235 794
23 623
202 623
206 623
216 623
236 623
20 23
20 31
20 55
20 135
20 160
20 252
20 258
20 276
20 278
20 279
20 284
20 287
20 315
20 317
20 319
20 327
20 361
20 362
20 391
20 510
20 543
20 547
20 555
20 563
20 593
20 634
20 635
20 654
20 687
20 689
68 95
69 95
90 95
95 101
95 121
95 125
95 183
95 206
95 233
95 275
95 344
95 351
95 424
95 463
95 556
95 642
95 666
37 100
70 100
71 100
83 100
100 102
100 137
100 190
100 231
100 242
100 311
100 323
100 349
100 350
100 369
100 370
100 380
100 432
100 433
100 437
100 442
100 452
100 475
100 580
100 713
29 125
41 125
69 125
85 125
101 125
114 125
125 145
125 160
125 189
125 233
125 247
125 252
125 277
125 278
125 299
125 550
125 551
125 568
125 574
125 635
125 645
125 658
125 670
125 685
44 141
55 141
85 141
98 141
118 141
141 159
141 174
141 178
141 185
141 289
141 384
141 389
141 474
141 505
141 508
141 528
141 571
141 642
141 655
93 145
112 145
124 145
145 194
145 195
145 206
145 236
145 289
145 382
145 404
145 453
145 556
145 577
114 156
117 156
135 156
156 159
156 163
156 166
156 176
156 192
156 204
156 243
156 250
156 251
156 315
156 331
156 341
156 347
156 362
156 388
156 391
156 466
156 504
156 626
156 646
156 662
28 289
41 289
60 289
101 289
126 289
265 289
281 289
283 289
284 289
289 290
289 401
289 457
289 466
289 487
289 493
289 505
289 568
289 572
289 693
289 711
289 790
289 792
289 802
289 812
46 356
48 356
114 356
118 356
159 356
215 356
216 356
240 356
260 356
356 430
356 469
356 470
356 490
356 495
356 498
356 528
356 547
356 609
356 630
356 704
356 711
356 760
65 516
72 516
121 516
258 516
377 516
117 573
202 573
252 573
279 573
390 573
21 36
21 38
21 102
21 134
21 154
21 230
21 319
21 405
21 406
21 486
21 510
21 536
21 635
21 638
21 643
21 771
22 28
28 40
28 82
28 112
28 114
28 208
28 280
28 285
28 301
28 385
28 400
28 410
28 413
28 588
28 631
28 665
28 687
28 689
28 692
50 72
55 72
58 72
72 85
72 101
72 105
72 143
72 160
72 277
72 299
72 469
72 512
72 560
72 601
72 619
72 661
72 672
72 731
72 736
72 739
72 772
56 75
59 75
60 75
75 96
75 113
75 114
75 126
75 234
75 247
75 407
75 420
75 598
75 654
75 655
75 656
75 662
75 687
75 778
75 805
66 90
68 90
71 90
77 90
83 90
90 113
90 128
90 160
90 186
90 197
90 203
90 204
90 241
90 244
90 256
90 277
90 280
90 301
90 397
90 450
90 628
90 701
67 123
96 123
123 161
123 163
123 183
123 248
123 290
123 334
123 362
123 405
123 406
123 576
123 692
123 703
36 126
46 126
85 126
92 126
126 128
126 153
126 159
126 190
126 215
126 219
126 230
126 241
126 245
126 281
126 294
126 313
126 351
126 411
126 482
126 570
126 647
126 656
126 685
46 128
85 128
92 128
96 128
128 160
128 165
128 237
128 240
128 252
128 288
128 301
128 317
128 334
128 337
128 376
128 457
128 466
128 486
128 487
128 510
128 562
128 566
128 572
128 631
128 632
128 640
128 751
96 170
137 170
138 170
170 185
170 215
170 220
170 226
170 275
170 389
170 556
170 603
170 615
170 620
170 642
170 649
170 673
170 708
170 721
170 773
185 230
185 391
185 494
185 498
185 525
185 530
185 548
185 762
185 781
44 192
50 192
158 192
174 192
192 240
192 279
192 280
192 281
192 301
192 346
192 404
192 451
192 457
192 487
192 501
192 603
192 614
192 615
192 692
192 764
56 248
60 248
207 248
208 248
221 248
231 248
233 248
237 248
245 248
248 263
248 266
248 279
248 280
248 281
248 290
248 382
248 406
248 658
248 663
248 689
248 690
248 696
124 264
179 264
230 264
264 617
264 725
264 800
89 288
91 288
98 288
117 288
124 288
159 288
226 288
240 288
280 288
282 288
288 351
288 506
288 591
197 338
338 409
338 411
338 467
338 522
338 531
338 536
338 578
338 716
79 342
98 342
119 342
342 420
342 421
342 668
342 679
179 358
234 358
306 358
315 358
358 432
358 433
358 436
358 440
358 469
358 473
358 525
358 580
358 604
358 610
68 442
174 442
311 442
349 442
359 442
362 442
442 764
442 768
442 784
442 785
442 788
442 791
442 806
46 452
273 452
349 452
362 452
372 452
452 746
452 757
452 769
452 783
452 788
452 789
452 790
452 794
22 83
22 221
22 254
22 360
36 96
71 96
79 96
83 96
91 96
96 134
96 153
96 215
96 247
96 252
96 349
96 363
96 369
96 377
96 477
96 481
96 523
96 525
96 580
96 610
37 101
48 101
49 101
70 101
80 101
82 101
101 137
101 176
101 189
101 337
101 347
101 351
101 421
101 441
101 443
101 445
101 451
101 527
29 143
61 143
119 143
121 143
142 143
143 157
143 172
143 186
143 244
143 294
143 521
143 542
143 585
143 651
143 666
143 742
29 159
48 159
124 159
134 159
151 159
159 190
159 206
159 215
159 216
159 221
159 311
159 313
159 344
159 347
159 413
159 428
159 552
159 568
159 570
159 571
159 593
159 647
51 160
124 160
160 166
160 176
160 194
160 218
160 246
160 274
160 335
160 351
160 371
160 427
160 461
29 404
157 404
333 404
404 548
404 707
404 716
404 767
48 412
137 412
234 412
336 412
410 412
412 509
412 642
412 668
412 672
412 695
412 728
412 795
151 413
216 413
284 413
316 413
413 671
413 672
413 676
413 682
413 711
413 726
413 789
413 792
54 483
157 483
158 483
208 483
254 483
374 483
376 483
29 505
206 505
218 505
54 746
199 746
428 746
429 746
434 746
450 746
17 23
23 29
23 31
23 240
23 245
23 247
23 283
23 310
23 388
23 389
23 392
23 553
23 554
23 561
23 641
23 645
23 771
23 804
29 38
29 41
29 51
29 98
29 118
29 183
29 254
29 258
29 275
29 290
29 344
29 346
29 351
29 382
29 658
57 76
58 76
76 113
76 308
76 316
76 398
76 399
76 409
76 617
76 716
76 732
66 85
69 85
77 85
85 89
85 92
85 117
85 121
85 139
85 221
85 252
85 294
85 300
85 349
85 477
85 532
85 550
85 581
85 613
85 633
85 645
59 113
80 113
113 218
113 272
113 277
113 336
113 366
113 370
113 380
113 594
113 750
51 157
134 157
157 166
157 191
157 201
157 215
157 260
157 403
157 437
157 479
157 480
157 484
157 486
157 510
157 522
157 578
157 640
157 754
157 763
157 778
157 801
17 191
191 207
191 231
191 233
191 234
191 240
191 241
191 242
191 250
191 254
191 279
191 457
191 484
191 589
191 598
191 673
191 773
38 244
43 244
195 244
201 244
223 244
244 252
244 278
244 280
244 287
244 300
244 301
244 360
244 376
244 377
244 385
244 400
244 436
244 437
244 487
244 519
244 602
244 631
244 665
244 692
89 290
108 290
201 290
215 290
280 290
285 290
287 290
290 352
290 359
290 376
290 377
290 410
290 424
290 535
290 664
290 699
290 701
290 716
223 294
237 294
258 294
280 294
283 294
294 297
294 301
294 307
294 317
294 346
294 515
294 517
294 599
294 689
294 711
294 723
294 769
294 792
17 361
279 361
283 361
303 361
361 439
361 445
361 668
361 684
108 362
201 362
227 362
240 362
254 362
362 380
362 436
362 440
362 441
362 443
362 469
362 477
362 604
98 521
105 521
204 521
223 521
252 521
279 521
79 542
199 542
285 542
293 542
390 542
65 685
252 685
273 685
334 685
335 685
336 685
410 685
54 70
70 93
70 102
70 119
70 216
70 218
31 91
66 91
69 91
82 91
91 179
91 197
91 283
91 285
91 309
91 349
91 367
91 407
91 450
91 451
91 506
91 513
91 619
91 631
91 634
91 664
46 242
50 242
172 242
195 242
207 242
242 277
242 407
242 430
242 507
242 605
242 652
242 662
242 715
242 732
242 791
242 802
105 350
172 350
183 350
207 350
311 350
350 424
350 463
350 471
350 472
350 474
350 502
350 528
350 672
350 728
350 753
350 755
17 363
98 363
99 363
221 363
310 363
363 443
363 445
363 463
363 469
363 472
363 476
363 491
363 585
363 596
363 671
363 673
363 738
67 370
315 370
340 370
370 473
370 479
370 480
370 496
370 541
370 707
370 754
370 808
82 373
112 373
172 373
178 373
179 373
186 373
194 373
274 373
277 373
315 373
317 373
373 472
373 473
373 484
373 503
373 590
154 377
237 377
293 377
310 377
377 482
377 627
377 666
377 727
377 740
377 795
204 402
284 402
333 402
402 490
402 497
402 624
402 706
402 707
402 730
402 731
402 808
46 432
172 432
275 432
300 432
303 432
432 734
432 742
432 743
432 774
432 776
432 777
432 779
432 813
168 433
172 433
311 433
357 433
433 744
433 745
203 441
231 441
346 441
367 441
369 441
375 441
441 765
441 766
441 768
441 809
67 443
105 443
231 443
285 443
360 443
367 443
369 443
443 761
443 768
443 769
443 770
443 785
443 802
443 805
41 471
68 471
190 471
369 471
372 471
207 473
276 473
367 473
82 523
105 523
197 523
227 523
254 523
277 523
310 523
17 31
17 37
17 71
17 151
17 189
17 307
17 308
17 331
17 341
17 345
17 347
17 349
17 357
17 372
17 426
17 478
17 610
17 641
36 42
36 65
36 265
36 293
36 299
36 313
36 451
36 627
37 98
98 151
98 163
98 183
98 223
98 226
98 247
98 260
98 263
98 365
98 367
98 374
98 429
98 435
98 520
98 530
98 531
98 544
98 550
98 561
98 613
98 626
41 99
46 99
49 99
68 99
69 99
78 99
89 99
93 99
99 134
99 138
99 139
99 140
99 206
99 215
99 227
99 344
99 359
99 367
99 378
99 409
99 434
99 536
99 551
99 553
99 560
99 645
99 714
99 724
99 736
31 168
48 168
50 168
112 168
168 204
168 206
168 221
168 226
168 227
168 230
168 243
168 445
168 572
168 588
168 589
168 619
168 648
168 728
168 793
52 308
102 308
137 308
308 357
308 372
308 811
308 815
199 504
219 504
254 504
380 504
236 625
293 625
398 625
52 753
372 753
414 753
434 753
436 753
437 753
451 753
31 755
68 755
77 755
414 755
428 755
437 755
449 755
451 755
41 57
48 57
49 57
52 57
57 65
57 77
57 114
57 190
57 284
57 331
57 335
57 489
57 512
57 650
57 707
58 112
92 112
112 296
112 366
112 396
112 401
112 403
112 421
112 454
112 492
112 493
112 562
112 563
112 566
112 571
112 593
112 597
112 605
112 632
112 652
112 688
112 693
112 700
112 711
112 798
114 226
166 226
176 226
178 226
216 226
226 257
226 311
226 429
226 435
226 474
226 528
226 580
226 633
226 751
37 227
108 227
117 227
135 227
178 227
227 258
227 311
227 319
227 365
227 366
227 400
227 420
227 430
227 494
227 498
227 520
227 549
227 555
227 635
227 665
227 718
227 722
54 233
82 233
231 233
233 273
233 351
233 420
233 451
233 475
233 703
102 709
281 709
284 709
374 709
420 709
56 793
275 793
360 793
425 793
450 793
454 793
44 154
77 154
105 154
154 175
154 201
154 206
154 208
154 275
154 300
154 374
154 489
154 494
154 498
154 534
154 539
154 545
154 556
154 707
51 163
82 163
124 163
153 163
163 220
163 256
163 281
163 426
163 428
163 429
163 579
163 662
163 663
163 664
163 692
163 777
37 202
52 202
78 202
153 202
158 202
202 296
202 382
202 406
202 555
202 556
202 574
202 642
52 204
55 204
82 204
151 204
161 204
186 204
204 206
204 245
204 246
204 247
204 256
204 265
204 266
204 272
204 337
204 344
204 410
204 491
204 540
204 549
204 551
204 568
204 601
204 613
204 797
183 215
215 245
215 247
215 250
215 251
215 252
215 256
215 360
215 692
215 699
117 221
162 221
179 221
221 252
221 254
221 260
221 311
221 366
221 367
221 487
221 491
221 501
221 502
221 503
221 506
221 571
221 593
221 595
221 611
221 619
207 246
236 246
246 286
246 399
246 506
246 533
246 590
246 617
246 717
246 735
117 316
236 316
277 316
284 316
315 316
316 367
316 368
316 372
316 392
316 546
316 557
316 611
316 637
48 397
61 397
105 397
124 397
195 397
208 397
275 397
327 397
348 397
397 440
397 512
397 607
397 617
397 621
397 664
397 696
397 701
397 715
78 502
219 502
378 502
40 503
158 503
254 503
352 503
216 563
254 563
31 567
55 567
176 567
374 567
258 601
346 601
378 601
216 611
340 611
31 38
31 42
31 48
31 92
31 137
31 140
31 240
31 307
31 469
31 484
31 487
31 555
31 595
31 630
31 672
37 42
37 68
37 69
37 162
37 570
37 571
37 630
37 661
37 672
37 690
37 691
37 728
55 71
71 108
71 142
71 742
71 776
71 795
71 797
71 803
46 151
114 151
140 151
151 203
151 278
151 287
151 300
151 359
151 409
151 531
151 535
151 554
151 557
151 637
151 664
151 699
151 701
153 189
166 189
189 218
189 230
189 231
189 239
189 303
189 469
189 475
189 481
189 527
189 604
189 668
52 307
80 307
140 307
195 307
299 307
307 335
307 382
307 462
307 533
307 594
307 807
207 331
303 331
310 331
331 399
331 400
331 410
331 529
331 588
331 624
331 629
331 665
331 704
331 706
331 767
331 782
153 341
240 341
341 417
341 424
341 425
341 427
341 461
341 463
341 579
341 580
341 581
341 583
341 589
341 590
341 607
153 345
279 345
345 420
345 421
345 426
345 427
345 439
345 440
345 445
345 462
55 347
166 347
230 347
239 347
310 347
347 421
347 430
347 476
347 507
347 512
347 598
347 605
347 654
347 705
347 706
347 791
347 792
118 349
142 349
349 423
349 424
349 429
349 435
349 463
349 582
349 606
349 666
349 673
349 721
349 773
306 357
357 435
357 439
357 476
357 484
357 509
357 532
357 579
357 581
357 583
357 589
357 602
357 606
357 671
357 721
357 736
319 372
372 400
372 474
372 482
372 529
372 591
372 620
372 626
372 630
372 673
372 675
372 696
372 758
372 787
92 426
352 426
426 737
426 738
426 740
426 743
426 744
426 766
426 791
426 802
158 478
207 478
108 610
118 610
231 610
297 610
352 610
367 610
158 641
241 641
61 82
68 82
69 82
82 92
82 93
82 121
82 124
82 230
82 374
82 454
82 466
82 467
82 479
82 480
82 494
82 496
82 498
82 539
82 544
82 609
82 615
82 673
82 676
82 721
82 752
82 758
60 197
178 197
183 197
186 197
197 243
197 449
197 469
197 527
197 604
197 668
197 713
197 740
40 216
44 216
158 216
166 216
206 216
216 223
216 247
216 250
216 254
216 257
216 274
216 311
216 344
216 593
32 236
51 236
54 236
77 236
140 236
166 236
183 236
236 250
236 254
236 256
236 269
236 274
236 311
236 317
236 382
236 486
236 719
78 237
174 237
194 237
237 256
237 258
237 273
237 334
43 243
51 243
134 243
195 243
208 243
243 261
243 410
243 437
243 578
243 588
46 277
58 277
108 277
203 277
230 277
239 277
240 277
258 277
261 277
277 283
277 287
277 299
277 306
277 309
277 334
277 378
277 398
277 401
277 407
277 408
277 454
277 467
277 522
277 535
277 646
223 303
273 303
278 303
280 303
303 428
303 454
303 679
32 474
199 474
203 474
368 474
371 474
105 555
118 555
279 555
380 555
53 596
166 596
208 596
296 596
352 596
396 596
406 596
49 705
52 705
66 705
137 705
219 705
336 705
351 705
401 705
65 737
346 737
391 737
427 737
434 737
32 38
32 43
32 44
32 54
32 68
32 69
32 223
32 258
32 449
32 508
32 509
32 528
32 727
32 740
58 78
59 78
78 117
78 119
78 223
78 272
78 311
78 319
78 618
78 662
78 663
78 665
78 758
92 153
153 174
153 183
153 203
153 206
153 208
153 239
153 300
153 333
153 344
153 368
153 374
153 390
153 415
153 429
153 435
153 466
153 534
153 544
153 771
165 178
165 207
165 340
51 176
89 176
139 176
140 176
176 223
176 230
176 231
176 501
176 562
176 565
176 566
176 568
176 588
176 598
176 615
176 620
176 634
176 671
176 708
178 231
231 239
231 245
231 269
231 336
231 352
231 416
231 437
231 447
178 334
334 407
334 408
334 409
334 434
334 477
334 581
334 656
334 664
334 701
334 736
50 378
378 490
378 491
378 497
378 507
378 540
378 597
378 711
378 712
378 782
378 812
42 380
199 380
283 380
337 380
380 493
380 562
380 565
380 609
380 629
380 676
380 688
380 704
299 414
317 414
414 597
414 607
414 609
414 673
414 676
414 711
414 718
414 719
414 721
414 722
414 730
53 416
317 416
416 574
416 679
416 682
416 687
416 690
416 694
416 806
269 420
273 420
286 420
323 420
344 420
409 420
420 533
420 590
420 724
420 733
245 439
287 439
344 439
360 439
439 739
439 756
439 757
439 760
439 763
439 778
439 780
439 785
134 475
239 475
273 475
287 475
360 475
201 481
239 481
252 481
285 481
40 55
43 55
51 55
55 65
55 69
55 137
55 263
55 449
55 454
55 490
55 494
55 506
55 526
55 544
55 635
55 704
55 763
55 767
55 772
55 788
102 135
135 220
135 282
135 297
135 425
135 428
135 477
135 532
135 664
135 667
135 670
135 734
190 252
223 252
252 293
252 306
252 408
252 411
252 551
252 570
252 694
41 258
56 258
105 258
218 258
241 258
258 281
258 395
258 410
258 421
258 508
258 604
258 661
258 694
258 794
258 797
44 276
67 276
102 276
239 276
240 276
276 279
276 323
276 508
276 553
276 572
276 643
276 645
276 646
276 716
276 717
276 732
276 772
276 774
276 779
276 787
60 278
105 278
108 278
241 278
257 278
278 297
278 323
278 434
278 580
278 736
40 279
134 279
139 279
158 279
172 279
251 279
261 279
263 279
279 315
279 327
279 389
279 407
279 417
279 560
279 564
279 645
279 663
279 694
279 699
80 284
240 284
266 284
275 284
284 411
284 529
284 556
284 557
284 576
284 621
284 696
60 287
118 287
282 287
286 287
287 306
287 463
287 584
287 585
287 621
287 656
287 660
287 663
287 733
199 315
315 366
315 367
315 376
315 382
315 417
315 422
315 454
315 577
315 578
315 589
315 591
315 599
315 617
315 702
315 717
142 317
206 317
274 317
286 317
317 368
317 390
317 403
317 424
317 446
317 454
317 463
317 467
317 489
317 545
317 786
108 319
203 319
220 319
256 319
299 319
319 353
319 371
319 725
319 750
48 327
240 327
327 398
327 407
327 434
327 491
327 507
327 604
327 627
327 661
327 714
327 728
327 731
327 739
327 787
327 797
260 391
263 391
391 541
391 545
391 548
391 553
391 615
391 640
391 645
391 650
391 738
391 739
391 761
391 764
142 510
158 510
206 510
195 543
388 543
371 547
51 634
53 634
59 634
124 634
166 634
118 635
219 635
220 635
285 635
299 635
58 654
218 654
336 654
408 654
410 654
92 687
134 687
366 687
385 687
417 687
92 689
384 689
406 689
417 689
38 43
38 60
38 142
38 203
38 218
38 254
38 309
38 571
38 683
38 712
38 812
42 102
46 102
102 138
102 230
102 299
102 300
102 306
102 571
102 576
102 673
102 721
51 134
60 134
93 134
124 134
134 208
134 219
134 254
134 395
134 405
134 457
134 577
134 621
134 662
134 691
49 230
77 230
93 230
190 230
230 251
230 269
230 410
230 421
230 445
230 469
230 492
230 604
41 405
48 405
183 405
201 405
405 592
405 749
137 406
190 406
282 406
406 647
406 675
406 684
406 691
406 805
117 536
286 638
40 643
138 643
299 643
311 643
40 83
49 83
51 83
61 83
83 124
83 179
83 260
83 487
83 490
83 497
83 514
83 515
83 562
83 700
83 706
83 782
83 798
83 801
42 254
59 254
61 254
223 254
254 281
254 457
254 528
254 571
254 595
254 682
254 738
53 360
80 360
301 360
313 360
360 482
360 508
360 584
360 647
360 692
360 720
360 727
360 774
140 240
172 240
174 240
195 240
240 245
240 260
240 272
240 273
240 274
240 275
240 313
240 367
240 388
240 395
240 553
240 564
240 647
240 692
240 714
105 245
124 245
138 245
206 245
245 282
245 532
245 583
245 591
245 642
245 648
245 683
245 692
245 718
245 734
208 247
223 247
247 269
247 281
247 285
247 422
247 574
183 283
186 283
194 283
261 283
272 283
283 348
283 592
283 677
283 729
51 310
52 310
199 310
310 335
310 401
310 684
44 388
272 388
388 470
388 480
388 495
388 526
388 527
388 572
388 614
388 665
388 688
388 693
388 757
388 767
388 769
388 770
388 782
389 529
389 530
389 531
389 533
389 730
389 762
392 540
392 548
392 550
392 560
392 620
392 626
392 707
392 708
392 714
392 715
392 719
392 752
392 758
392 781
40 553
158 554
89 561
297 645
390 804
50 61
60 61
61 142
61 203
61 309
61 401
61 449
61 507
61 514
61 515
61 619
61 766
77 118
79 118
118 158
118 172
118 311
118 367
118 425
118 564
118 701
118 736
42 121
121 265
121 627
121 670
121 719
121 720
54 161
105 161
161 195
161 203
161 219
161 220
161 434
161 476
161 477
161 582
161 585
161 586
161 636
161 666
161 667
161 669
161 680
161 736
161 742
105 174
138 174
142 174
174 223
174 450
174 460
174 480
174 606
174 609
174 626
174 628
174 633
174 708
174 714
174 761
174 763
105 178
119 178
139 178
140 178
158 178
178 195
178 223
178 251
178 274
178 336
178 425
178 454
178 494
178 498
178 513
178 530
178 562
178 565
178 566
178 578
178 583
178 628
178 716
178 724
60 251
218 251
251 272
251 306
251 661
251 668
251 690
251 691
79 260
89 260
219 260
220 260
256 260
260 382
260 428
260 461
260 576
260 577
260 579
260 584
260 699
66 263
67 263
79 263
89 263
105 263
220 263
263 462
263 715
263 733
263 735
54 272
220 272
272 280
272 285
272 385
272 479
272 480
272 490
272 493
272 497
272 572
272 599
272 688
272 702
272 767
272 769
272 788
67 299
108 299
199 299
250 299
296 299
299 436
299 479
299 480
299 493
299 614
299 640
299 688
299 716
299 756
299 760
60 365
79 365
175 365
365 449
365 450
365 488
365 509
365 517
365 538
365 603
365 809
313 390
390 576
166 476
273 476
281 476
408 476
410 476
53 519
352 519
385 519
417 519
274 602
352 602
384 602
417 602
421 602
79 633
108 633
142 633
293 633
58 680
105 680
166 680
281 680
336 680
346 680
408 680
250 774
281 774
336 774
436 774
454 774
250 779
281 779
300 779
410 779
43 234
48 234
77 234
190 234
234 273
234 300
234 410
234 461
234 725
234 807
105 250
138 250
220 250
250 311
250 642
250 647
250 651
250 677
250 694
250 699
250 803
46 269
138 269
218 269
241 269
269 286
269 395
269 407
269 408
269 424
269 428
269 574
269 585
269 660
269 696
269 733
41 551
50 670
138 670
273 670
336 670
138 720
140 720
410 720
421 720
40 58
40 92
40 239
40 506
40 508
40 572
40 690
40 724
40 778
40 787
40 805
42 46
43 46
46 56
46 219
46 256
46 282
46 385
46 577
46 696
46 724
52 89
65 89
89 266
89 296
89 560
89 616
89 714
79 108
108 117
108 166
108 172
108 179
108 256
108 300
108 434
108 530
108 564
108 583
108 664
77 142
142 158
142 175
142 179
142 183
142 186
142 220
142 273
142 274
142 348
142 375
142 425
142 538
142 564
142 583
142 642
142 667
158 208
158 541
158 546
158 549
158 778
158 799
186 487
51 731
54 731
337 731
376 731
337 739
429 739
446 739
333 799
77 114
114 139
114 179
114 201
114 218
114 223
114 366
114 369
114 376
114 422
114 425
114 428
114 583
114 584
114 591
114 717
124 208
166 208
208 333
208 591
208 631
208 655
208 761
60 280
139 280
183 280
280 293
280 427
280 482
60 285
139 285
275 285
285 428
285 528
285 613
285 621
285 626
285 669
285 675
285 714
285 762
124 301
140 301
301 368
301 384
48 385
138 385
311 385
385 515
385 628
385 629
385 631
385 702
385 726
385 768
195 400
219 400
220 400
400 515
400 614
400 615
400 629
400 690
400 693
400 695
400 784
400 785
400 790
43 410
54 410
59 410
65 410
124 410
282 410
335 410
337 410
410 656
410 673
410 684
410 692
275 588
337 588
359 588
374 588
376 588
50 631
124 631
366 631
68 665
220 665
417 692
41 42
41 43
41 44
41 53
41 137
41 281
41 306
41 382
41 411
41 482
41 570
49 51
51 52
51 53
51 59
51 68
51 69
51 194
51 265
51 274
51 337
51 492
51 539
51 541
51 544
51 598
51 671
51 797
48 183
56 183
140 183
183 344
183 366
183 396
183 399
183 451
183 572
183 599
183 629
183 652
183 663
183 693
77 275
201 275
241 275
275 281
275 306
275 398
275 417
275 421
275 506
275 507
275 512
275 552
275 672
124 344
344 423
344 636
344 677
344 679
344 681
344 684
344 729
274 346
309 346
346 421
346 424
346 472
346 585
346 598
346 604
346 682
346 721
59 351
190 351
207 351
351 423
351 621
351 655
351 662
351 669
351 696
351 773
351 776
42 382
44 382
311 382
382 514
382 691
382 704
382 770
382 785
382 789
65 658
162 658
336 658
43 44
44 384
44 401
44 422
44 571
44 577
44 591
44 603
43 49
49 54
49 59
49 306
49 690
49 691
49 727
50 52
52 60
52 306
52 556
52 630
52 754
69 239
190 239
239 257
239 677
239 681
447 762
447 781
447 800
59 457
366 457
457 744
457 766
457 773
457 791
457 802
457 803
190 508
195 508
68 528
220 544
69 646
105 646
218 646
257 646
297 646
42 43
42 48
42 54
42 384
42 424
42 449
42 463
42 509
42 571
42 577
42 660
48 50
48 56
48 58
48 59
48 60
66 92
92 172
92 430
92 778
92 792
92 794
137 172
137 256
140 179
140 282
140 296
140 512
140 598
140 675
140 708
140 728
140 761
43 469
368 469
376 484
186 595
201 595
311 595
340 595
68 630
77 630
371 630
401 630
403 630
50 672
194 672
368 672
401 672
411 672
43 93
43 186
43 218
43 311
43 445
43 491
43 627
43 647
43 661
43 663
43 794
54 69
54 105
54 261
54 286
54 300
54 472
54 527
54 529
54 748
53 68
68 93
68 105
68 293
68 422
68 529
68 550
68 621
68 708
68 721
68 752
68 772
69 93
69 218
69 651
69 744
69 795
69 797
65 223
105 223
223 273
223 333
223 434
223 736
186 449
309 449
449 738
449 758
449 760
449 782
449 783
449 784
449 789
449 802
175 509
186 509
261 509
66 727
162 727
273 727
296 727
411 727
427 740
430 740
437 740
50 53
50 58
50 175
50 574
50 613
50 614
50 616
50 620
50 671
50 751
50 764
77 162
124 162
162 218
162 219
162 655
162 657
162 660
162 681
124 206
206 265
206 366
206 401
206 615
206 618
206 695
206 751
77 614
366 614
335 627
366 695
60 199
93 199
166 199
199 241
199 398
199 491
199 616
59 403
403 605
403 629
403 661
403 673
403 706
403 708
403 728
403 770
403 783
403 812
59 514
175 514
366 514
376 514
384 514
175 515
194 515
376 515
218 624
376 624
371 756
435 756
437 756
446 756
437 760
440 760
446 760
228 265
56 266
93 266
139 266
257 266
266 462
266 607
266 621
266 664
266 696
266 701
266 734
266 777
60 300
93 300
172 300
218 300
300 306
300 395
300 407
300 409
300 423
300 434
300 589
300 699
300 724
300 776
281 336
306 336
336 408
336 574
336 679
336 721
207 353
241 353
306 353
353 422
353 427
353 428
353 461
353 552
353 584
353 591
353 648
353 715
353 717
353 800
166 552
179 552
311 621
335 621
166 648
179 648
297 648
65 696
203 696
53 65
65 79
65 117
65 293
65 421
65 656
65 661
65 662
265 594
265 637
265 725
190 293
293 296
293 297
293 375
293 607
293 616
117 313
201 313
451 773
451 789
451 790
451 795
190 570
66 661
335 661
401 661
59 690
194 691
59 728
359 728
396 728
411 728
58 60
60 175
60 201
60 261
60 398
60 494
60 498
60 512
60 513
60 562
60 566
60 599
60 628
60 702
60 767
53 203
93 203
203 550
203 556
203 560
203 584
203 669
203 762
218 309
218 430
218 479
218 609
218 718
218 792
93 309
309 348
309 453
309 681
309 729
186 683
296 683
348 683
411 683
175 712
401 712
175 812
190 411
190 577
190 675
219 398
375 398
398 513
398 556
398 599
398 607
398 617
398 628
398 640
398 699
398 702
398 715
220 772
375 772
58 797
335 797
53 806
261 806
58 59
58 67
58 105
58 445
58 652
58 671
58 706
58 802
186 506
67 787
220 787
256 787
261 805
274 805
53 66
53 67
53 453
53 454
53 517
53 598
53 609
53 615
53 628
53 713
53 723
53 764
257 281
261 281
281 408
281 427
281 656
93 306
306 335
306 369
306 440
306 525
306 594
306 750
139 411
411 606
411 668
411 669
411 673
411 718
411 721
411 722
67 482
105 482
335 482
323 384
384 512
384 513
384 599
384 704
384 726
384 768
340 424
348 424
424 666
424 729
424 813
340 463
348 463
105 577
201 577
66 660
348 660
56 93
67 93
93 105
93 201
93 311
93 605
93 629
93 652
93 693
93 704
93 718
93 722
117 186
186 375
186 454
186 488
186 493
186 564
186 597
186 688
186 711
186 766
105 311
311 574
311 579
335 445
359 445
395 445
445 748
445 757
445 780
445 782
445 785
445 810
297 647
454 794
124 401
401 620
401 652
401 704
401 706
401 721
401 783
401 784
67 422
348 422
422 723
422 726
348 591
359 591
375 591
172 603
175 603
368 603
77 117
79 117
117 179
117 297
117 359
117 535
256 497
256 498
256 501
256 526
256 527
256 530
256 629
256 763
256 767
256 769
333 703
333 748
333 810
368 450
368 493
368 501
368 583
368 598
368 599
368 676
368 788
124 619
348 619
359 619
56 66
56 67
56 195
56 257
56 440
56 512
56 732
166 219
179 219
207 219
219 395
219 751
219 752
201 282
261 282
282 745
282 749
282 813
366 453
366 517
366 597
366 702
366 723
366 788
59 66
59 77
59 454
59 693
59 713
59 726
59 791
138 175
175 507
175 605
175 652
399 613
105 616
201 616
399 616
369 620
399 620
274 671
220 751
428 751
435 751
436 751
450 751
453 751
429 764
436 764
440 764
119 194
194 201
194 241
194 512
194 726
194 802
201 274
274 513
274 517
274 676
274 682
274 723
274 761
195 337
207 337
337 409
337 436
337 531
337 716
79 539
396 598
77 754
374 754
429 754
436 754
450 754
66 297
66 655
66 668
66 675
67 139
67 423
67 531
67 664
67 714
67 722
67 776
453 789
453 790
453 796
172 454
179 454
454 777
454 795
454 796
172 609
369 609
396 609
195 615
399 615
179 628
399 628
105 139
105 172
105 369
105 375
105 529
105 589
105 675
105 694
220 261
257 261
261 407
261 681
79 286
273 286
286 297
374 472
207 527
429 748
460 748
369 494
371 494
195 526
435 763
440 763
450 763
460 763
139 767
195 767
195 788
399 788
435 788
450 788
195 470
195 479
195 493
195 495
195 757
195 782
195 784
124 257
257 776
257 803
423 440
440 758
440 762
440 765
440 769
440 773
440 777
371 512
425 732
446 732
77 79
77 179
77 507
124 335
207 335
335 408
335 675
335 738
220 707
348 652
359 652
359 802
436 802
399 693
396 726
399 791
179 201
201 642
369 498
179 513
399 702
348 766
437 766
371 497
79 534
446 781
446 782
446 808
79 179
79 560
79 714
138 166
166 172
166 564
166 568
166 642
166 649
166 651
166 669
166 682
166 803
296 667
296 681
296 682
296 792
296 795
340 417
417 664
417 699
417 701
417 729
417 809
395 421
421 684
421 722
421 796
124 656
359 656
409 656
138 662
297 531
297 560
297 636
297 651
297 743
297 777
408 655
409 655
395 668
375 675
80 139
139 179
139 399
139 520
139 565
375 423
395 423
423 462
423 725
375 531
408 664
359 722
375 776
437 776
369 708
369 752
429 752
435 752
437 752
407 651
395 744
427 744
119 340
119 407
119 415
119 460
119 532
407 742
427 742
408 803
409 803
375 560
374 730
429 762
435 762
450 762
124 376
376 479
376 480
376 493
376 688
376 780
376 783
376 785
220 548
407 408
407 745
359 399
399 676
399 694
399 711
399 718
408 409
409 586
409 657
409 666
409 669
409 677
179 369
179 578
179 580
179 581
179 640
179 715
369 758
429 758
437 758
124 359
124 408
124 640
124 715
124 717
352 425
352 583
352 682
374 501
374 590
172 466
172 479
172 480
172 676
369 676
371 676
450 782
138 207
348 582
375 477
367 532
359 581
367 460
460 735
460 781
460 808
273 434
241 273
273 669
241 703
450 769
375 701
408 701
367 461
367 462
367 525
172 375
172 488
172 606
172 642
375 430
430 813
348 605
371 629
375 718
369 540
429 733
429 761
359 435
435 734
435 761
435 765
435 773
323 348
323 657
437 770
437 784
340 589
340 371
340 590
395 586
395 677
395 681
425 733
425 734
425 735
425 777
425 800
415 586
415 636
415 677
415 745
415 749
436 738
436 757
436 765
436 769
436 784
396 597
396 790
371 597
428 738
220 717
408 606
408 636
408 667
408 677
408 743
371 604
220 781
371 470
371 495
427 738
427 773
