1 2
1 3
1 97
1 98
1 100
1 682
2 3
2 4
2 5
3 4
3 5
3 100
3 682
96 97
97 98
97 99
97 100
98 99
98 100
98 104
98 248
98 250
98 549
98 682
99 100
100 139
100 140
100 682
4 682
4 5
4 776
5 226
5 776
5 777
226 776
776 777
222 226
224 226
225 226
224 777
6 7
6 8
6 9
6 227
7 8
7 9
7 10
7 11
7 12
8 9
8 72
8 176
9 176
9 227
105 227
106 227
227 228
227 229
227 377
227 748
10 11
10 12
11 12
11 195
11 196
12 196
12 668
69 72
70 72
72 176
72 878
150 195
195 196
195 204
195 229
195 377
195 748
150 196
196 668
23 668
668 827
13 14
13 15
13 16
13 374
13 375
14 15
14 16
14 17
14 18
14 19
15 16
15 17
15 374
15 375
16 18
16 19
16 464
173 374
372 374
374 375
374 376
17 375
173 375
372 375
373 375
375 376
17 19
18 19
18 464
18 465
18 679
19 464
19 465
19 466
464 465
464 679
465 679
675 679
676 679
677 679
678 679
679 680
679 802
359 466
466 701
466 857
20 21
20 22
20 23
21 22
21 23
21 357
21 358
22 303
22 357
22 498
23 358
357 498
357 604
357 708
358 638
358 639
358 640
358 827
303 304
303 305
303 498
303 604
498 604
24 25
24 26
25 146
25 147
25 148
25 564
26 575
26 875
146 147
146 148
146 562
146 564
147 148
148 559
148 574
148 576
148 623
563 564
574 575
575 841
575 875
760 875
27 28
27 29
27 30
27 31
27 32
27 33
28 263
28 292
28 293
28 294
29 30
29 542
29 543
29 545
30 32
30 33
30 542
30 545
30 603
31 292
31 294
32 600
32 601
32 602
32 603
33 288
33 603
236 263
237 263
262 263
263 293
263 294
263 609
263 610
292 293
292 294
262 293
293 294
293 609
293 610
294 609
294 610
336 542
542 543
542 544
542 545
542 546
543 828
545 546
290 603
600 603
601 603
602 603
600 601
600 602
601 602
601 741
59 602
602 637
602 741
288 289
288 290
34 35
34 36
34 37
34 38
34 39
34 40
35 36
35 37
35 62
36 37
36 38
36 62
36 510
36 511
37 38
37 39
37 40
37 62
38 39
38 40
38 729
39 40
39 729
40 729
62 510
62 511
399 510
510 511
728 729
729 731
729 732
41 42
41 394
42 43
42 44
141 394
43 44
43 799
799 800
799 801
45 46
45 47
45 48
45 49
46 49
46 635
46 725
46 726
46 727
47 48
47 343
47 344
47 537
47 538
47 725
48 343
48 344
48 346
49 635
49 727
633 635
537 725
725 791
725 792
726 867
265 727
727 868
343 344
343 345
343 346
344 345
344 346
344 537
344 538
537 538
537 849
537 850
538 779
538 851
207 346
345 346
50 51
50 52
50 92
50 93
50 353
50 354
50 362
51 52
51 53
51 54
51 55
51 56
52 53
52 54
52 92
52 93
52 94
52 787
91 92
92 93
92 94
92 95
93 94
93 787
56 353
353 354
353 355
353 356
354 355
354 360
354 361
354 362
354 363
354 736
95 362
360 362
53 55
53 787
54 55
54 570
54 816
55 68
55 663
56 246
56 355
56 356
56 548
56 570
56 571
91 94
94 735
94 838
785 787
786 787
548 570
570 571
570 693
570 694
570 736
570 816
68 816
71 816
663 816
694 816
68 69
68 663
96 246
246 247
246 249
246 356
246 541
246 547
246 571
355 571
355 736
356 547
356 571
356 894
102 548
248 548
547 548
548 549
548 571
57 58
57 59
57 423
58 59
58 60
58 61
59 61
59 145
59 741
422 423
60 61
60 145
61 145
145 637
637 741
63 64
63 65
63 66
63 67
64 380
64 557
64 565
65 66
65 580
66 119
66 175
67 118
67 119
67 380
118 380
378 380
379 380
380 565
456 557
556 557
557 565
557 744
557 745
378 565
565 745
579 580
580 752
117 119
118 119
170 175
172 175
173 175
174 175
175 372
175 376
117 118
118 120
118 379
69 70
69 71
70 71
70 218
70 219
70 220
70 719
70 878
71 218
71 220
218 219
218 220
218 221
122 219
219 220
219 221
219 719
220 221
220 692
220 694
121 719
719 878
73 74
73 75
73 514
73 516
73 643
74 75
74 76
74 77
75 76
75 515
75 761
513 514
514 515
514 516
515 516
77 643
513 643
535 643
536 643
643 654
643 655
76 759
76 761
77 655
515 756
515 761
515 887
759 761
761 886
761 887
759 760
535 655
536 655
78 79
78 80
78 81
78 82
79 739
79 740
80 81
80 667
81 425
81 426
81 427
81 737
82 424
82 425
82 428
82 429
82 767
739 740
740 810
667 831
424 425
425 426
425 427
425 429
424 426
426 427
426 737
424 427
438 737
737 738
737 884
424 428
424 429
428 429
428 767
428 768
428 770
429 770
518 767
767 768
767 769
767 770
83 84
83 85
83 86
83 87
83 88
83 89
83 90
84 85
84 86
84 88
84 89
84 164
85 86
85 88
85 164
85 530
86 88
86 89
86 164
87 88
87 89
87 90
87 862
87 863
88 90
89 90
89 862
89 863
90 318
90 862
90 863
164 530
530 858
854 862
862 863
315 318
318 319
318 650
91 95
91 503
91 735
95 381
378 503
381 503
502 503
503 733
733 735
734 735
735 832
786 838
832 838
359 381
378 381
379 381
381 382
381 502
96 247
96 248
96 249
96 250
247 248
247 249
247 547
247 549
102 248
248 250
248 547
248 549
248 870
249 541
99 250
101 104
102 104
103 104
104 549
104 870
102 549
547 549
549 870
138 139
139 140
139 141
138 140
101 102
101 103
101 105
101 106
102 870
103 105
103 106
103 228
103 870
105 106
105 228
105 229
106 228
106 229
228 229
228 377
229 377
229 748
107 108
107 109
107 110
107 111
108 109
108 111
108 509
108 684
109 110
109 111
109 508
109 509
110 508
110 606
110 608
111 509
111 684
509 683
509 684
509 685
683 684
684 685
202 508
508 606
605 606
606 607
606 608
607 608
608 627
112 113
112 114
112 615
112 616
112 617
112 865
113 114
113 115
113 116
114 115
114 616
615 616
615 617
615 835
615 865
615 871
616 617
616 618
616 619
617 618
617 619
617 813
617 815
617 835
496 865
819 865
820 865
823 865
865 871
115 116
115 582
115 583
116 497
116 531
531 582
532 582
582 583
582 584
582 585
583 584
583 664
583 665
412 497
413 497
459 497
496 497
267 531
531 532
531 585
117 120
117 121
117 122
120 122
120 382
120 701
120 702
121 122
122 674
122 702
378 379
379 382
359 382
382 701
382 702
359 701
701 702
701 857
359 702
221 674
123 124
123 125
123 155
123 157
124 125
124 126
124 127
124 128
125 154
125 155
125 156
125 157
154 155
155 157
154 157
156 157
157 363
126 127
126 128
126 142
127 128
127 142
154 156
154 361
156 361
156 363
142 143
142 183
129 130
129 131
129 132
129 133
129 134
130 277
130 278
130 279
130 280
130 281
131 132
131 280
131 281
132 133
132 134
133 598
134 190
134 550
134 551
134 598
277 278
277 317
277 319
277 636
278 279
278 280
278 317
278 319
278 636
279 280
279 281
279 319
279 636
280 281
190 598
551 598
188 190
189 190
190 550
190 551
189 550
191 550
550 551
189 551
135 136
135 137
135 411
135 415
136 137
137 414
137 462
137 463
137 866
411 412
411 413
411 414
411 415
415 879
413 414
414 459
414 460
414 461
414 462
414 463
460 462
461 462
462 463
462 704
462 705
460 463
461 463
463 704
463 705
463 797
826 866
138 882
882 885
143 144
144 183
181 183
182 183
183 184
183 185
183 187
144 184
144 185
144 539
181 184
182 184
184 185
184 187
181 185
185 539
185 894
539 540
539 894
561 562
562 563
286 559
558 559
559 560
559 576
559 623
574 576
574 577
558 576
576 623
558 623
560 623
149 150
149 151
149 152
149 153
150 151
150 204
151 152
151 153
151 204
151 748
152 153
152 204
153 223
204 377
377 748
222 223
223 224
223 225
360 361
361 363
360 363
158 159
158 160
158 161
158 162
158 163
159 160
159 161
159 690
159 691
159 762
159 763
160 161
160 162
160 163
160 804
161 162
161 163
162 163
162 214
162 804
163 214
163 804
686 690
688 690
689 690
690 691
690 762
690 763
686 691
688 691
689 691
691 762
691 763
689 762
762 763
652 804
804 836
804 837
211 214
213 214
214 683
165 166
165 370
165 386
165 387
165 388
166 167
166 168
369 370
386 387
386 388
386 472
386 474
386 475
387 388
387 472
387 473
387 474
387 475
388 475
167 475
167 517
168 893
474 475
475 517
475 581
473 517
517 581
881 893
169 170
169 171
169 642
169 778
169 803
170 171
170 172
170 173
170 174
171 803
171 861
350 642
392 642
642 669
642 778
669 778
773 778
778 861
420 803
803 861
172 174
172 420
172 750
172 751
172 752
173 174
173 372
173 373
173 376
174 372
773 861
845 861
847 861
417 420
418 420
420 421
420 750
420 751
420 752
418 750
421 750
750 751
750 752
421 751
751 752
372 376
373 593
373 594
373 597
373 772
177 178
177 717
178 179
178 180
716 717
179 180
180 671
180 672
671 672
672 673
181 182
182 186
182 187
186 187
186 712
186 713
186 714
186 715
187 714
242 712
243 712
245 712
712 713
712 714
242 713
243 713
245 713
713 714
713 715
714 715
245 715
188 189
188 191
188 192
188 193
188 194
189 192
191 192
191 193
192 193
192 194
192 383
193 194
193 383
193 384
193 385
194 383
194 384
383 384
383 385
384 385
384 499
385 449
385 450
385 451
197 198
197 201
197 202
197 703
197 710
197 711
198 199
198 200
198 201
198 202
198 203
200 201
201 202
201 203
200 202
202 607
310 703
313 703
670 703
703 710
703 711
310 710
710 711
310 711
670 711
199 203
199 644
199 647
200 203
200 625
200 644
203 644
203 647
625 644
644 645
644 646
644 647
644 649
520 647
625 647
646 647
647 648
647 649
520 625
521 625
522 625
605 625
625 626
625 627
605 607
607 626
607 627
205 206
205 207
205 208
205 209
205 210
206 207
206 259
206 391
206 393
206 628
207 209
207 628
208 259
208 261
208 309
208 311
208 312
210 467
210 468
258 259
259 260
259 261
390 391
391 393
391 410
391 572
390 393
392 393
393 628
393 669
572 628
573 628
261 311
261 312
309 310
309 311
309 312
309 313
311 312
311 313
311 670
312 313
312 469
454 467
467 468
467 469
467 470
467 471
468 470
468 471
211 212
211 213
211 215
211 216
211 217
212 216
212 217
212 656
212 657
212 658
213 215
213 683
213 685
215 421
216 217
216 658
656 657
656 658
599 657
657 658
416 658
683 685
417 421
418 421
419 421
221 441
221 692
441 692
692 693
692 694
692 695
693 694
694 695
694 736
235 441
441 695
222 224
222 225
224 225
230 231
230 232
230 233
230 234
230 235
230 236
230 237
231 232
231 233
231 234
231 235
231 291
232 235
232 291
232 695
233 234
233 236
233 237
233 291
234 236
234 237
234 262
236 237
236 262
237 262
693 695
695 885
262 609
262 610
238 239
238 240
238 241
238 242
238 244
238 245
239 240
239 241
239 366
239 430
240 241
240 244
240 364
240 366
241 364
241 366
242 243
242 245
242 430
244 245
244 430
243 245
245 430
364 366
243 430
364 365
364 367
364 368
540 541
251 252
251 253
251 256
251 257
251 646
252 253
252 254
252 255
252 256
252 257
253 256
253 257
253 648
256 646
256 648
256 649
254 257
255 257
645 646
646 648
646 649
646 721
646 723
254 255
254 439
254 507
255 435
255 439
255 507
645 648
648 649
648 811
435 439
436 439
439 440
439 507
435 507
440 507
435 436
435 440
258 260
258 409
258 410
409 410
410 620
609 610
264 265
264 266
265 781
265 782
266 283
266 287
266 720
779 781
780 781
781 782
781 851
781 868
599 782
780 782
282 283
283 284
283 285
283 287
283 706
283 707
282 287
284 287
287 706
287 707
287 720
706 720
707 720
267 268
267 532
268 269
268 270
532 585
532 825
269 487
269 488
270 512
270 753
270 754
270 755
487 488
487 753
479 512
480 512
512 754
512 755
753 809
754 755
422 755
755 855
271 272
271 273
271 275
271 276
271 334
271 337
271 544
271 771
272 273
272 274
272 275
272 276
273 274
273 275
273 276
273 337
275 336
275 337
275 544
274 276
332 334
333 334
334 336
334 337
334 771
332 337
336 337
336 544
544 771
544 828
336 771
640 771
771 827
771 828
331 336
332 336
333 336
314 317
315 317
316 317
317 319
317 636
314 319
315 319
316 319
319 636
319 651
314 636
282 284
282 285
282 286
284 285
284 458
284 707
285 286
285 458
286 458
286 558
286 560
706 707
558 560
289 290
290 629
290 718
546 629
629 630
629 718
295 296
295 297
295 298
296 297
296 298
296 624
296 883
297 883
298 332
298 482
298 486
331 624
333 624
335 624
331 332
332 333
332 335
306 482
307 482
308 482
482 483
482 484
482 486
483 486
484 486
485 486
299 300
299 302
299 586
299 588
299 589
300 301
300 302
302 434
302 586
431 586
586 587
586 588
586 589
584 588
585 588
588 742
587 589
589 742
301 764
764 765
431 434
432 434
433 434
304 305
304 306
304 307
304 308
305 306
305 308
604 708
306 307
306 308
307 308
310 670
313 670
453 469
469 471
314 315
314 316
315 316
650 651
650 652
651 652
651 653
320 321
320 322
320 323
320 324
321 322
321 323
321 700
322 323
322 696
322 698
322 700
323 700
324 444
324 445
696 700
697 700
698 700
696 697
696 698
697 698
442 444
443 444
444 445
444 446
444 447
444 555
442 445
443 445
445 447
445 552
445 553
445 554
445 555
325 326
325 801
800 801
327 328
327 529
328 329
328 330
528 529
329 330
329 743
578 743
331 333
331 335
333 335
338 339
338 341
338 342
338 756
339 340
339 341
339 342
341 342
341 523
341 524
341 525
341 757
341 758
340 342
342 523
342 525
724 756
756 757
340 788
757 788
758 788
788 789
788 805
523 524
523 525
523 526
523 527
524 525
525 526
525 527
724 757
757 758
724 758
758 789
347 348
347 349
347 351
347 876
348 349
348 350
348 351
348 352
349 350
349 351
349 641
350 351
351 352
351 365
351 641
351 876
352 876
365 876
367 876
368 876
350 641
352 365
352 368
392 641
470 641
620 641
621 641
365 367
365 368
367 368
359 360
693 736
407 708
422 638
638 639
638 640
422 639
639 827
639 896
640 827
827 828
369 371
371 888
709 888
888 897
593 594
593 595
593 596
593 597
594 595
594 596
594 597
596 597
597 772
596 772
772 890
772 891
378 501
378 502
501 502
501 745
449 499
450 499
451 499
499 500
449 450
449 451
450 451
450 478
450 500
451 477
451 478
451 500
472 473
472 474
473 581
389 390
389 592
390 392
567 592
392 470
392 669
572 573
572 669
470 471
470 620
573 669
669 773
395 396
395 399
395 673
395 724
396 397
396 398
396 399
396 400
396 401
398 399
399 401
399 673
399 835
398 673
397 724
397 400
397 653
398 835
400 401
400 880
401 871
652 653
653 836
815 835
819 880
820 880
820 871
402 403
402 504
402 505
402 506
403 404
403 405
504 505
504 793
504 794
505 506
505 793
405 506
404 405
404 872
405 889
872 873
872 889
874 889
406 407
406 408
471 620
620 621
412 413
412 459
412 496
412 746
412 747
413 459
413 460
413 461
459 460
459 461
496 746
496 747
496 820
496 823
496 824
746 747
746 820
746 824
460 461
809 879
416 417
416 418
416 419
417 418
417 419
418 419
422 896
518 768
768 769
768 770
769 770
431 432
431 433
432 433
436 437
436 438
436 440
437 440
438 440
437 438
438 738
738 774
738 806
442 443
442 553
442 554
443 446
443 447
443 448
552 553
553 554
553 766
447 554
552 554
554 766
446 448
446 783
447 448
447 555
447 783
447 807
448 783
448 807
448 808
555 783
552 766
783 807
783 808
476 478
477 478
478 480
478 500
477 500
500 765
476 477
477 479
477 480
477 481
452 453
452 454
452 455
452 456
452 457
453 454
453 455
453 622
454 457
454 471
455 456
455 556
456 457
456 556
471 622
622 744
622 839
622 895
471 621
527 704
661 704
662 704
704 705
704 796
704 797
704 798
527 705
705 796
705 797
705 798
662 797
796 797
797 798
830 857
621 839
476 479
476 480
476 481
479 480
479 481
480 481
483 484
483 485
484 485
489 490
489 491
489 492
489 590
490 491
490 492
490 493
490 494
490 495
491 492
491 493
491 495
491 590
492 493
492 590
492 722
590 591
493 494
493 495
494 495
494 806
494 884
591 722
721 722
806 884
817 820
819 820
820 821
817 823
819 823
823 824
817 824
765 766
744 745
733 734
793 794
793 795
794 795
794 805
513 654
533 654
535 654
632 654
843 887
518 519
518 520
518 521
518 769
519 520
519 521
519 522
520 521
520 522
521 522
521 626
522 626
522 627
605 626
626 627
605 627
526 527
526 660
526 661
526 662
526 796
527 660
527 661
660 661
660 662
661 662
662 796
662 798
796 798
528 599
716 858
825 826
533 534
533 535
533 536
533 631
533 632
534 535
534 536
535 536
631 632
687 849
848 849
849 850
687 850
848 850
779 780
779 851
749 851
851 852
546 630
744 895
561 563
561 749
561 867
561 868
563 749
749 868
566 567
566 568
566 569
567 568
569 659
595 659
596 659
573 773
773 845
577 842
760 841
840 841
841 843
841 886
840 842
578 579
584 611
619 664
664 665
664 666
611 665
665 666
611 742
587 730
587 732
587 742
587 844
728 730
730 731
730 732
730 844
728 732
731 732
732 844
731 742
731 844
595 596
612 613
612 681
613 614
681 869
681 877
614 709
709 897
618 619
618 813
812 813
813 814
813 815
812 815
814 815
815 833
815 834
633 634
634 859
634 864
790 859
859 864
645 723
645 811
721 723
723 811
810 811
652 836
666 699
697 699
775 831
675 676
675 677
675 678
676 677
676 678
676 680
677 678
677 680
680 802
802 829
802 830
822 869
860 869
869 877
860 877
686 687
686 688
686 689
687 688
687 689
687 848
688 689
790 791
791 792
728 731
734 832
774 775
855 856
789 795
789 805
760 886
843 886
890 891
890 892
845 846
845 847
784 785
784 786
785 786
795 805
829 830
812 814
812 833
812 834
814 833
814 834
833 834
817 818
817 819
817 821
817 822
818 819
818 821
818 822
818 860
819 821
819 822
821 822
821 860
822 860
840 843
846 847
847 892
852 853
852 854
853 854
856 881
873 874
