1 2
1 3
1 4
1 5
1 6
2 3
2 4
2 6
2 220
2 222
3 5
3 6
3 622
3 655
3 657
4 6
4 218
4 220
4 222
4 366
5 179
5 180
5 655
5 657
5 667
6 220
6 222
6 671
6 852
218 220
220 222
220 223
218 222
219 222
620 622
621 622
622 623
622 656
622 887
179 655
181 655
621 655
655 656
655 657
655 658
655 696
180 657
218 219
218 221
218 223
218 366
142 366
366 531
366 790
366 871
366 879
179 180
179 181
179 182
179 183
179 184
180 658
184 667
667 668
667 669
667 670
667 671
668 671
670 671
671 851
671 852
671 853
851 852
852 853
7 8
7 9
7 10
7 11
7 12
7 486
7 617
8 253
8 463
8 617
8 697
8 823
9 10
9 11
9 254
9 255
9 483
9 484
9 486
9 489
9 539
10 12
10 76
10 451
10 452
11 12
11 467
11 484
11 615
11 616
11 617
12 451
12 465
12 467
254 486
255 486
423 486
483 486
463 617
464 617
75 253
247 253
251 253
253 254
253 255
253 823
181 463
183 463
463 464
463 696
463 697
696 697
697 752
697 779
697 800
697 823
73 823
75 823
251 254
254 255
254 423
254 483
254 488
254 489
254 700
247 255
251 255
423 483
483 484
483 485
483 487
483 488
483 489
483 539
484 485
484 489
484 539
485 489
488 489
489 539
489 596
451 539
485 539
539 625
539 626
539 869
70 76
74 76
75 76
76 148
76 452
451 452
451 465
451 625
451 626
451 627
148 452
465 467
466 467
467 616
615 616
615 666
465 466
465 468
465 469
13 14
13 15
13 16
13 17
14 17
14 110
14 165
14 206
14 868
15 16
15 17
15 68
15 69
17 69
17 857
17 868
103 110
109 110
110 164
110 165
110 166
108 165
109 165
165 204
165 206
165 208
106 206
107 206
108 206
204 206
68 69
68 811
68 857
68 862
69 793
69 809
69 811
69 857
809 857
811 857
857 862
857 863
18 19
18 310
18 311
18 397
18 399
19 20
19 21
19 397
20 310
21 310
86 310
87 310
310 825
311 399
397 398
397 841
398 399
20 21
20 84
20 86
20 87
20 825
21 84
21 85
21 586
21 587
84 85
84 86
84 87
86 87
86 824
86 825
26 87
87 824
87 825
824 825
22 85
24 85
26 85
85 586
85 587
22 586
24 586
26 586
584 586
585 586
586 587
584 587
585 587
22 23
22 24
22 26
22 27
23 24
23 25
23 26
23 27
23 28
23 29
23 360
24 26
24 27
26 27
26 28
25 27
27 28
27 360
25 167
25 170
25 590
25 591
25 594
25 827
28 29
28 359
28 360
29 358
29 359
29 360
167 168
167 169
167 170
167 594
167 827
168 170
169 170
170 594
170 827
589 590
590 591
590 592
590 593
590 594
591 592
591 593
591 594
592 594
594 827
169 827
358 359
359 723
358 529
358 684
358 723
30 31
30 32
30 33
30 34
30 35
31 33
31 819
31 826
32 34
32 473
32 819
32 820
33 35
33 348
33 826
33 864
34 35
34 888
35 347
35 348
473 819
826 862
826 864
472 473
473 820
474 820
556 820
820 888
347 348
348 349
348 367
348 772
772 864
860 864
862 864
556 888
347 349
347 350
347 351
347 352
36 37
36 38
36 39
37 38
37 39
38 270
38 865
39 524
39 653
267 270
269 270
270 357
271 865
272 865
273 865
865 866
865 867
865 886
479 524
523 524
524 525
524 526
524 527
524 595
524 653
477 653
478 653
479 653
525 653
595 653
40 41
40 42
40 354
40 560
40 561
40 565
41 42
41 43
41 44
41 45
41 46
41 354
42 45
42 354
42 560
42 561
44 354
353 354
354 560
354 561
560 561
560 565
560 566
425 561
561 564
561 565
563 565
564 565
565 566
43 44
43 45
43 46
43 375
43 379
43 380
44 45
44 46
45 46
45 375
45 379
45 380
46 380
163 375
375 376
375 377
375 378
375 379
375 380
163 379
377 379
378 379
379 380
378 380
380 706
47 48
47 49
47 877
48 49
48 50
48 51
49 50
49 51
49 818
49 877
818 877
50 400
50 401
50 818
51 401
51 725
400 401
400 402
400 403
401 403
401 725
401 726
725 726
725 727
52 53
52 54
52 55
52 56
52 57
53 54
53 198
53 514
53 515
53 639
53 845
54 55
54 57
54 639
54 845
55 56
55 57
55 518
56 57
56 427
56 428
57 427
57 516
57 517
57 518
83 198
198 199
198 201
198 202
198 514
198 636
198 639
202 514
514 515
515 845
82 639
83 639
636 639
637 639
845 901
516 518
518 900
147 427
427 428
427 517
427 716
147 428
148 428
516 517
58 59
58 60
58 61
59 61
59 95
59 389
60 94
60 95
60 96
60 97
60 650
61 94
61 95
94 95
95 96
95 139
389 390
389 391
94 96
94 97
94 139
96 97
96 139
96 141
97 139
97 140
97 141
391 650
647 650
648 650
650 844
62 63
62 64
62 65
62 66
62 67
63 64
63 65
63 66
63 67
63 176
64 65
64 675
64 676
64 829
65 66
65 675
65 676
66 67
66 176
66 177
67 176
67 177
67 178
176 177
176 178
675 676
675 720
675 721
675 829
675 830
676 830
720 829
721 829
829 830
177 178
178 766
793 811
809 811
810 811
860 862
862 863
791 793
792 793
793 809
793 810
792 809
809 810
70 71
70 72
70 73
70 74
70 75
71 73
71 75
71 80
71 82
71 752
72 80
72 145
72 499
73 75
73 78
73 80
73 82
73 752
74 145
74 146
74 147
74 148
78 80
80 82
78 82
81 82
82 83
81 752
752 779
752 800
145 146
145 499
146 499
492 499
498 499
499 716
77 78
78 79
78 81
78 83
146 147
146 598
146 716
147 148
147 716
77 79
77 81
77 200
77 778
79 81
79 83
79 200
79 201
79 636
79 717
81 83
81 659
81 778
81 800
199 200
200 201
200 717
120 778
506 778
624 778
659 778
778 779
778 800
83 635
83 636
83 637
199 201
201 202
201 717
635 636
636 637
636 638
199 717
120 659
240 659
623 659
659 779
659 800
779 800
635 637
635 638
635 685
635 686
637 638
637 685
494 824
88 89
88 90
88 92
88 187
88 482
88 705
89 90
89 91
89 92
89 93
89 185
89 186
90 91
90 92
90 93
90 187
90 481
90 482
92 93
92 187
92 482
92 705
93 187
187 482
102 482
482 612
482 705
102 705
361 705
612 705
91 93
91 185
91 186
91 481
91 643
91 813
93 185
93 186
185 186
185 813
185 814
186 764
186 813
186 814
411 481
481 640
481 641
481 642
481 643
481 644
481 645
411 643
640 643
641 643
642 643
643 644
643 645
643 646
813 814
139 141
139 382
140 141
141 381
141 382
140 381
140 382
140 462
140 602
98 99
98 100
98 243
98 413
98 613
99 100
99 101
99 102
99 413
100 413
100 510
100 613
100 614
243 244
243 245
243 413
243 856
101 413
413 414
510 613
541 613
580 613
613 614
101 102
101 412
101 414
102 361
102 363
102 412
507 510
509 510
510 812
578 614
581 614
614 776
361 412
363 412
361 362
361 363
361 612
362 363
363 364
363 372
103 104
103 105
103 106
103 107
103 108
103 109
104 105
104 106
104 738
104 740
105 106
105 558
105 738
105 740
105 758
105 780
106 107
106 758
107 108
107 203
107 204
107 758
107 780
108 204
108 207
108 208
109 164
109 166
109 283
109 319
558 738
734 738
416 740
558 740
736 740
740 803
740 804
740 805
416 558
418 558
558 559
558 734
558 735
558 736
558 737
558 739
606 758
733 758
758 780
606 780
733 780
203 204
203 205
203 325
203 606
203 744
203 751
204 205
204 207
204 208
204 706
207 208
207 706
208 268
208 706
164 166
164 283
164 319
164 321
166 283
283 319
283 321
319 320
319 321
319 322
111 112
111 113
111 562
111 756
111 757
112 113
112 114
112 115
112 263
112 265
112 563
113 114
113 115
113 425
113 562
113 756
114 562
562 563
562 756
175 756
425 756
426 756
630 756
756 757
756 848
756 849
175 757
757 849
114 115
114 263
114 265
114 425
114 563
115 260
115 263
115 265
260 263
262 263
263 264
263 265
260 265
262 265
563 564
563 566
563 567
563 568
563 569
175 425
353 425
355 425
356 425
425 426
425 630
260 261
260 262
260 264
116 117
116 118
116 119
116 290
117 119
117 285
117 288
117 290
118 152
118 290
119 285
119 288
119 290
285 290
287 290
288 290
285 286
285 287
285 288
285 289
287 288
288 289
288 462
149 152
150 152
152 153
120 121
120 122
120 240
120 506
120 620
121 122
122 238
122 239
122 240
122 241
238 240
239 240
240 620
240 623
127 506
505 506
506 620
506 624
620 621
620 623
620 624
238 239
238 241
239 241
239 242
241 242
241 323
241 897
123 124
123 143
123 144
124 125
124 126
124 127
124 143
124 144
125 143
142 143
143 144
143 790
125 144
142 144
144 532
144 790
125 127
125 505
126 127
128 129
128 130
128 131
128 133
128 135
128 314
128 331
129 130
129 131
129 133
129 134
129 135
129 136
129 137
129 138
130 131
130 134
130 136
130 329
130 331
130 332
130 628
131 132
131 133
131 134
131 331
131 628
131 796
131 799
133 135
133 136
133 138
135 136
135 138
135 314
312 314
313 314
314 315
134 331
324 331
329 331
330 331
331 332
331 628
132 134
134 628
134 654
134 796
134 799
136 137
136 138
136 237
137 138
137 237
137 541
137 543
138 237
138 541
324 329
329 332
329 373
329 508
329 509
324 332
330 332
332 508
332 628
132 628
330 628
460 628
628 799
628 831
132 796
132 798
132 799
437 796
796 797
796 798
796 799
654 799
797 799
798 799
799 839
799 840
797 798
437 654
654 890
237 541
237 543
237 544
541 542
541 543
541 544
541 545
541 580
402 543
542 543
543 544
543 545
286 382
381 382
382 602
382 774
376 381
377 381
381 602
286 462
376 462
377 462
378 462
462 602
286 602
335 602
377 602
142 531
142 532
142 790
531 532
531 790
531 871
531 879
531 897
532 790
790 871
596 598
598 716
149 150
149 151
149 153
149 291
149 292
149 295
150 151
150 153
151 153
151 291
151 292
151 293
151 295
291 292
291 293
291 294
291 295
292 293
292 294
292 295
292 394
293 295
293 294
293 394
293 396
154 155
154 156
154 157
154 158
154 456
154 457
154 807
155 156
155 157
155 453
155 456
156 157
156 453
156 457
157 158
157 453
157 455
157 456
157 457
157 807
158 456
158 807
453 456
455 456
453 457
454 457
455 457
457 896
807 866
807 867
807 886
453 454
453 455
454 455
455 896
455 902
159 160
159 161
159 162
159 163
159 438
160 161
160 162
160 163
160 370
161 162
161 163
161 277
161 370
162 163
162 173
163 277
163 370
163 376
163 873
174 438
438 500
438 501
438 502
438 503
438 504
277 370
281 370
370 873
277 278
277 281
277 873
172 173
173 174
281 376
376 377
376 378
278 873
279 873
281 873
320 321
321 322
321 618
168 169
168 171
169 171
171 519
519 872
172 174
172 175
174 356
174 501
174 504
175 426
175 630
175 848
175 849
353 356
355 356
356 357
356 426
356 630
501 502
501 503
501 504
500 504
502 504
503 504
504 540
504 742
353 426
355 426
426 630
848 849
691 766
766 767
181 183
181 439
181 696
182 183
182 184
182 439
182 440
182 442
183 439
183 464
184 439
184 440
184 442
184 785
658 696
439 440
439 441
439 442
439 785
621 696
440 442
440 785
464 666
576 785
783 785
784 785
785 806
764 814
765 814
762 764
764 765
188 189
188 191
188 192
188 193
188 284
188 570
188 571
188 572
189 190
189 191
189 192
189 193
189 284
191 193
191 284
191 570
191 571
191 688
191 698
190 192
192 193
192 209
192 571
192 607
192 686
190 193
193 209
193 210
193 211
193 212
193 284
210 284
284 383
284 385
284 570
284 695
284 698
570 694
570 695
570 698
571 572
571 689
571 690
571 692
571 815
572 685
572 686
572 687
572 689
572 815
190 209
190 607
190 609
209 607
209 608
209 609
345 607
520 607
607 608
607 609
345 609
608 609
688 689
688 690
688 691
688 692
688 693
694 698
695 698
685 686
686 687
686 815
210 211
210 384
210 385
210 386
210 388
210 547
211 212
211 388
211 547
211 548
211 549
211 781
212 388
212 547
212 548
194 195
194 196
194 197
195 196
195 429
195 430
195 433
195 895
196 197
196 430
196 724
196 801
196 821
196 822
197 724
429 430
429 431
429 432
429 433
430 821
430 822
244 433
431 433
432 433
433 895
244 895
890 895
513 724
724 822
419 801
511 801
559 801
801 802
801 821
801 822
419 821
821 822
199 202
205 268
205 540
205 706
205 741
205 742
205 743
205 744
324 325
325 327
325 500
325 606
325 751
325 759
325 899
326 606
327 606
540 744
741 744
500 751
540 751
266 268
267 268
268 271
268 742
268 743
500 540
503 540
540 741
540 742
605 741
741 742
741 743
266 742
269 742
742 743
345 608
520 608
608 610
383 384
384 385
384 386
384 387
384 388
383 385
385 386
385 388
385 547
385 695
383 386
386 387
386 533
388 547
388 548
547 548
548 549
548 781
549 781
521 781
781 794
781 795
781 881
213 214
213 215
213 216
213 217
213 450
214 215
214 216
214 217
214 235
214 317
214 450
214 889
215 216
215 217
215 317
215 722
215 889
216 450
217 296
217 722
217 889
317 450
227 235
229 235
232 235
234 235
235 236
235 534
316 317
317 318
296 889
722 889
296 722
298 722
301 722
296 297
296 298
296 301
219 221
219 223
219 230
219 231
221 223
221 227
221 230
221 231
227 230
228 230
230 231
227 231
228 231
231 233
231 236
227 228
227 229
227 232
227 233
227 234
227 236
224 225
224 714
225 226
711 714
713 714
226 707
226 708
226 709
640 707
707 708
707 709
707 710
707 718
707 731
708 709
708 710
708 718
709 710
709 718
709 731
228 229
228 232
228 233
229 232
229 234
229 404
229 534
232 233
232 236
232 534
233 236
234 404
234 534
404 405
404 534
542 544
544 545
544 719
242 323
621 623
623 624
623 779
623 887
323 897
879 897
244 432
244 890
245 432
245 459
245 856
832 856
431 432
432 458
432 459
328 459
458 459
459 732
459 733
459 734
459 832
246 247
246 248
246 249
246 250
247 248
247 249
247 251
247 252
248 249
248 250
248 251
248 367
248 772
248 874
249 252
249 367
249 875
249 891
250 367
250 368
250 497
251 252
252 876
252 891
349 367
367 368
367 772
772 860
772 874
859 874
860 874
874 875
859 875
875 876
342 891
349 368
352 368
368 369
368 497
368 498
352 497
492 497
496 497
497 498
876 894
421 423
423 424
423 487
423 488
424 488
487 488
488 699
488 700
488 701
369 700
424 700
487 700
699 700
700 701
700 702
256 257
256 683
256 775
257 258
257 259
257 710
364 683
365 683
775 846
258 407
258 410
258 710
258 731
258 842
259 710
259 718
259 847
710 718
710 731
407 408
407 409
407 410
407 842
408 410
409 410
410 411
410 640
410 642
410 842
731 842
411 842
642 842
846 847
261 262
261 264
261 599
261 600
262 264
264 477
264 478
264 599
599 600
599 601
600 601
476 477
477 478
477 479
477 480
476 478
478 479
478 480
266 267
266 269
266 271
267 269
267 271
267 272
267 273
269 353
269 355
269 357
271 272
271 273
272 273
272 867
273 866
273 867
353 355
353 357
355 357
866 867
867 886
866 886
274 275
274 530
275 276
275 680
523 530
527 530
528 530
276 680
276 682
350 680
680 681
680 682
350 682
681 682
682 872
278 279
278 280
278 281
278 282
279 281
280 281
279 280
279 282
279 880
280 282
282 843
282 844
282 880
843 880
844 880
391 843
843 844
391 844
648 844
383 387
383 441
383 533
383 694
383 695
694 695
695 746
695 747
286 287
286 289
286 333
286 334
286 335
287 289
287 334
289 333
289 334
333 334
333 335
333 828
334 335
334 774
335 739
335 774
335 828
294 394
294 395
294 396
393 394
394 395
394 396
393 396
395 396
393 395
297 298
297 299
297 300
297 301
297 302
298 299
298 301
299 301
300 301
299 300
299 302
299 745
299 748
300 302
300 745
300 748
302 745
302 747
302 748
694 745
745 746
745 747
745 748
746 748
747 748
694 747
746 747
303 304
303 305
303 306
303 307
303 308
303 309
303 679
304 305
304 306
304 307
304 664
305 306
305 307
305 664
306 307
306 308
306 309
306 664
306 665
306 679
308 309
308 677
308 678
309 677
309 678
309 679
677 679
678 679
660 664
662 664
664 665
660 665
662 665
665 762
645 677
646 677
677 678
644 678
645 678
646 678
312 313
312 315
312 760
313 315
315 759
315 760
759 760
760 761
327 759
759 831
759 899
316 318
316 535
318 535
318 536
318 538
318 652
444 535
445 535
535 536
535 537
535 538
536 537
536 538
536 652
444 538
445 538
446 538
537 538
652 834
320 322
320 618
322 618
618 619
324 326
324 327
324 328
324 330
326 327
326 328
327 330
327 831
328 330
328 458
328 460
328 732
328 733
330 460
330 629
330 831
500 503
500 899
629 831
761 831
431 458
458 460
458 461
460 461
460 629
460 840
732 733
732 734
732 832
733 734
371 373
373 374
373 508
373 729
374 508
507 508
508 509
374 509
507 509
509 728
509 773
509 812
629 787
629 789
629 840
735 828
737 828
739 828
774 828
737 774
739 774
735 739
736 739
737 739
336 337
336 338
336 339
336 340
336 341
336 342
336 490
337 338
337 340
337 341
337 754
337 755
337 816
338 339
338 588
338 754
338 755
338 841
339 588
339 841
340 341
340 490
340 496
340 816
340 817
341 490
490 491
490 496
588 754
754 755
585 755
755 816
589 816
593 816
816 817
585 588
588 841
492 496
496 498
496 589
589 817
592 817
593 817
343 344
343 345
343 346
344 345
344 346
344 520
344 521
344 522
345 346
345 520
345 610
346 520
346 610
520 794
521 522
521 794
349 369
350 351
350 681
351 352
351 681
352 850
369 699
369 701
369 702
369 749
369 750
369 850
550 850
551 850
553 850
749 850
750 850
523 529
526 529
527 529
529 684
529 723
526 684
684 723
362 364
362 365
362 611
362 612
365 612
409 612
611 612
364 365
364 372
364 611
365 409
365 611
371 372
408 409
871 879
492 498
487 699
699 701
699 702
701 702
701 749
702 749
702 750
550 749
557 749
749 750
550 750
551 750
371 374
374 712
374 729
605 729
712 729
711 712
712 728
377 378
387 533
441 533
441 784
441 806
533 784
533 806
694 746
694 806
390 391
392 393
392 885
883 885
402 435
402 436
403 672
672 726
674 726
726 727
434 435
435 436
434 436
672 673
672 674
405 406
406 834
406 835
406 836
834 835
834 836
834 837
834 838
835 836
835 837
835 838
836 837
411 642
640 641
640 642
641 642
415 416
415 417
415 418
415 419
416 418
416 736
416 803
416 804
417 418
417 804
418 419
418 559
418 736
419 511
419 802
559 736
735 736
736 737
736 804
803 804
803 805
559 735
511 512
511 802
420 421
420 422
420 666
421 422
421 424
422 666
424 487
431 461
461 840
434 437
502 503
783 784
784 806
443 444
443 445
443 446
443 447
443 448
443 449
444 445
444 446
444 537
445 446
445 448
445 537
446 447
446 448
447 448
447 449
447 730
448 449
448 730
448 769
449 730
730 769
574 769
769 770
769 771
485 625
625 626
625 627
625 869
626 627
469 627
454 896
454 902
896 902
902 903
734 832
787 840
797 840
839 840
840 878
466 468
468 469
468 795
469 881
795 881
794 881
470 471
470 475
470 854
470 855
470 892
470 893
471 472
471 474
471 475
474 475
475 555
475 854
475 855
833 854
854 855
855 892
855 893
892 893
472 474
474 555
474 556
555 556
555 557
476 479
476 480
479 527
480 903
523 527
525 527
526 527
527 595
641 644
641 645
641 646
644 645
644 646
645 646
485 597
485 869
596 597
597 703
597 704
491 492
493 494
493 495
495 860
495 863
858 860
859 860
860 863
859 863
589 592
589 593
621 624
624 779
728 773
579 773
631 773
715 773
773 812
579 812
580 812
512 513
900 901
523 525
523 526
523 528
523 595
525 528
525 595
528 595
542 545
542 546
545 546
545 719
545 721
578 580
579 580
546 719
546 720
546 721
546 830
719 720
719 721
720 721
721 830
720 830
550 551
550 552
550 553
550 777
551 552
551 553
551 554
551 777
552 553
552 554
552 777
553 554
553 777
554 777
557 704
557 833
703 704
704 833
703 833
735 737
564 566
566 568
564 567
564 568
567 568
567 569
567 808
568 569
568 601
568 808
569 808
601 808
687 689
689 690
689 692
689 815
687 690
690 691
690 692
690 815
691 692
692 768
687 815
638 685
685 687
573 574
573 575
573 576
573 577
574 575
574 577
574 770
574 771
574 783
575 576
575 577
575 668
575 669
576 577
576 668
576 669
576 670
577 668
577 669
770 771
668 669
668 670
669 670
578 579
578 581
578 582
578 583
579 582
579 631
579 632
581 583
581 776
581 786
582 632
582 634
582 673
583 663
583 673
583 776
631 632
631 633
631 715
631 753
632 633
632 634
632 782
776 786
763 786
634 673
634 674
634 782
663 673
673 674
660 663
661 663
584 585
592 593
603 604
603 605
604 605
604 711
604 715
711 713
711 715
713 715
715 753
619 791
619 792
619 810
791 792
792 810
621 656
621 779
621 887
656 746
656 887
746 887
649 787
651 787
787 788
787 789
787 878
761 789
788 789
633 753
633 782
713 753
782 898
647 648
647 649
647 651
648 649
649 651
649 788
651 878
797 878
839 878
660 661
660 662
762 763
762 765
851 853
853 870
691 693
691 767
691 768
693 767
693 768
767 768
727 898
797 839
837 838
838 870
858 859
858 861
858 894
861 894
882 883
882 884
883 884
