1 2
1 641
1 749
1 760
2 3
2 4
2 5
638 641
639 641
640 641
641 749
641 760
5 749
639 760
640 760
3 4
3 5
3 280
3 447
3 448
4 5
4 280
4 448
145 280
146 280
278 280
279 280
280 541
280 678
446 447
447 449
447 567
446 448
6 7
6 8
6 9
6 10
6 52
6 247
6 248
6 294
6 635
7 8
7 9
7 10
7 11
7 12
7 13
7 14
7 245
7 246
7 247
7 248
7 249
8 9
8 11
8 55
8 246
8 248
8 383
8 635
9 55
9 210
9 635
10 11
10 12
10 13
10 139
10 334
10 336
10 366
10 368
51 52
52 53
52 54
52 55
52 56
52 57
11 247
245 247
247 303
247 574
247 617
247 687
247 689
246 248
248 249
248 294
248 367
249 294
294 343
294 366
294 367
294 368
294 512
55 635
210 635
211 635
635 649
635 698
635 754
11 13
11 139
11 249
11 334
11 568
12 13
12 14
12 138
12 141
12 438
12 587
13 141
13 365
13 366
13 367
13 368
14 138
14 438
14 587
14 754
245 302
245 303
245 305
245 443
245 568
245 688
246 365
246 438
246 587
246 698
249 367
249 368
55 210
55 649
379 383
381 383
382 383
383 521
383 523
383 524
137 210
207 210
210 211
210 300
210 301
81 139
138 139
139 141
139 334
139 335
139 336
139 568
334 568
141 336
366 367
366 368
366 438
367 368
368 421
34 568
79 568
305 568
416 568
568 688
137 138
138 140
138 141
138 754
140 141
42 438
250 438
367 438
433 438
438 587
251 587
365 587
367 587
525 587
587 698
253 365
300 365
365 367
365 525
365 649
365 650
365 698
242 367
367 433
140 754
15 16
15 17
15 19
15 310
15 662
16 17
16 18
16 19
16 20
16 21
16 22
16 135
16 409
17 19
17 20
17 310
17 662
18 19
19 20
19 22
19 310
19 312
18 310
122 310
308 310
309 310
310 311
310 662
125 662
252 662
253 662
308 662
311 662
650 662
662 768
18 309
18 312
18 345
18 346
18 347
18 516
20 21
20 22
20 133
20 134
20 135
20 136
20 369
20 370
21 22
21 136
21 223
21 235
21 244
21 370
21 410
21 423
22 133
22 136
22 235
22 370
22 421
22 423
134 135
135 428
135 450
135 451
135 452
135 457
135 685
159 409
228 409
293 409
391 409
407 409
408 409
409 410
122 309
309 312
309 345
309 347
309 533
122 312
312 345
312 346
312 347
312 516
345 346
345 533
346 516
346 533
347 397
347 516
51 516
56 516
133 134
133 576
133 757
133 758
133 759
134 451
134 456
134 457
134 759
136 234
136 235
136 391
136 410
51 369
369 483
369 507
369 508
369 515
369 611
225 370
244 370
370 421
370 422
370 423
202 223
223 224
223 225
223 423
223 458
234 235
235 236
235 391
235 407
241 244
242 244
243 244
244 421
244 423
391 410
407 410
224 423
225 423
227 423
229 423
423 483
240 421
421 422
421 657
23 24
23 25
23 27
23 569
24 25
24 26
24 27
25 27
25 35
25 605
26 27
27 604
27 605
27 606
27 607
38 569
569 605
26 733
34 35
35 37
35 38
35 39
35 199
35 267
35 268
35 420
35 537
35 554
35 686
604 605
605 607
273 733
375 604
604 606
604 607
604 744
606 607
606 721
606 744
607 721
607 744
28 29
28 377
28 378
28 402
28 404
29 30
29 31
29 32
29 33
165 377
166 377
377 378
33 378
165 378
166 378
402 403
402 404
30 404
30 31
30 500
30 773
31 32
31 499
31 773
32 33
32 89
499 500
500 502
500 773
499 501
499 502
89 90
34 36
34 37
34 38
34 39
36 38
36 39
36 335
37 38
37 39
37 267
37 268
37 351
37 537
37 630
38 39
39 351
196 199
197 199
198 199
199 200
199 201
199 462
199 463
267 268
267 351
267 360
267 419
267 420
267 462
267 537
267 630
268 351
268 360
268 419
268 420
268 463
420 537
537 630
551 554
553 554
554 686
81 335
196 335
198 335
351 360
630 718
40 41
40 42
40 43
40 197
40 198
40 200
41 42
41 43
41 197
41 251
42 43
42 124
42 200
42 250
42 251
42 253
43 197
43 198
43 250
196 197
197 198
197 200
79 198
196 198
198 200
196 200
200 201
200 463
250 251
251 252
251 253
251 308
123 124
124 126
124 161
124 406
124 453
124 480
124 481
250 252
250 253
252 253
253 308
253 525
44 45
44 46
44 47
44 48
44 49
44 50
45 47
45 48
45 540
46 49
46 50
46 155
47 48
47 50
47 540
47 541
48 50
48 540
48 541
49 50
49 155
540 541
155 328
278 541
279 541
541 678
51 53
51 54
51 227
51 229
51 483
53 54
53 56
53 483
54 57
54 483
224 227
225 227
227 229
227 483
224 229
225 229
229 483
229 611
483 611
56 57
56 276
56 277
57 276
57 299
300 649
301 649
525 649
649 698
276 277
276 299
276 316
276 320
276 321
276 322
276 489
277 322
277 487
277 488
277 489
277 511
80 299
58 59
58 62
58 222
58 342
59 60
59 61
59 62
62 269
62 342
218 222
220 222
221 222
222 269
221 342
269 342
60 61
60 352
61 332
61 352
61 353
331 352
332 352
352 573
331 332
332 333
332 353
333 353
221 269
63 64
63 65
63 67
63 68
63 69
63 306
63 307
63 439
64 65
64 66
64 67
64 68
64 69
64 439
64 555
64 663
65 66
65 67
65 68
65 306
65 307
65 439
66 67
67 69
67 439
67 555
67 663
66 68
68 69
68 187
68 188
68 306
68 307
69 168
69 439
69 555
69 656
69 663
69 743
186 306
187 306
188 306
306 307
306 555
306 663
184 307
186 307
187 307
188 307
307 555
307 668
66 439
189 555
213 555
408 555
555 663
168 663
408 663
556 663
656 663
184 187
185 187
187 188
187 190
187 668
184 188
185 188
186 188
167 168
168 169
168 170
168 656
168 753
213 656
656 743
656 753
469 743
732 743
743 753
70 71
70 72
70 73
70 74
70 75
70 313
70 344
70 514
71 74
71 125
71 348
71 349
71 350
71 479
71 480
72 73
72 75
72 313
72 344
72 514
72 609
73 75
73 344
73 679
74 241
74 243
74 349
74 454
74 479
74 480
75 313
75 314
75 361
75 513
75 679
313 314
313 343
313 344
343 344
344 422
361 514
513 514
514 609
122 125
123 125
125 349
125 444
125 453
125 454
125 495
125 616
125 650
125 707
348 350
348 388
348 650
348 690
348 706
349 443
349 444
349 453
349 454
349 455
243 350
302 350
305 350
319 350
350 387
350 388
350 433
350 496
240 479
241 479
453 479
454 479
479 480
479 481
361 480
453 480
480 481
480 513
399 609
513 609
524 609
608 609
679 680
679 748
240 241
241 242
241 243
241 665
242 243
243 433
243 496
243 497
208 454
443 454
453 454
240 314
314 361
314 657
314 748
361 362
361 364
361 481
361 490
361 513
361 657
481 513
76 77
76 78
76 79
76 80
76 82
76 393
76 394
77 393
77 394
77 408
77 688
77 689
78 79
78 80
78 81
78 82
78 83
78 394
78 496
78 497
79 80
79 81
79 688
80 81
80 83
82 83
82 526
391 393
392 393
393 407
393 687
393 689
394 497
394 664
228 408
389 408
391 408
407 408
408 556
408 557
595 688
645 688
687 688
688 689
645 689
687 689
81 157
81 160
81 196
83 517
83 520
83 570
496 497
496 702
497 664
156 157
157 158
157 159
157 160
157 161
156 160
158 160
159 160
160 161
160 406
196 201
526 527
517 518
517 519
517 520
520 570
84 85
84 708
84 709
85 86
85 87
85 88
326 708
238 709
86 87
86 88
86 286
86 327
86 328
87 88
87 327
281 286
285 286
286 449
286 567
326 327
327 328
90 501
90 578
501 502
501 578
501 579
501 636
337 578
578 579
91 92
91 93
91 94
91 95
91 96
91 97
91 98
92 94
92 95
92 730
93 94
93 95
93 97
95 96
95 97
95 730
96 97
96 98
96 503
96 504
97 98
97 504
98 339
98 503
98 504
648 730
339 503
503 504
339 504
338 339
339 340
339 601
99 100
99 101
99 102
99 103
99 104
99 105
100 101
100 102
100 625
100 627
101 102
101 625
101 627
102 625
102 626
102 627
103 104
103 116
103 119
103 121
103 475
103 476
104 116
104 117
104 118
104 121
105 121
105 571
105 572
534 625
625 626
625 627
625 666
625 756
534 627
626 627
627 666
626 666
116 117
116 118
116 119
116 120
116 121
119 120
119 474
119 475
119 476
121 476
121 482
474 475
475 476
120 476
128 476
117 118
117 536
117 620
118 120
118 263
118 619
529 571
571 572
571 710
571 711
482 572
106 107
106 108
106 109
106 110
106 111
107 108
107 109
107 110
107 695
107 696
108 110
108 206
108 427
108 631
108 695
109 110
109 111
109 696
109 723
109 745
110 427
111 713
111 723
206 695
695 696
696 746
202 206
203 206
204 206
205 206
206 631
427 775
204 631
713 723
722 723
723 745
723 763
745 746
745 747
376 713
713 721
112 113
112 315
113 114
113 115
115 315
315 509
315 510
114 287
114 528
114 530
114 531
115 287
115 289
115 290
115 684
287 288
287 289
287 290
287 291
528 529
528 530
528 531
528 532
529 530
530 531
530 532
530 710
530 742
289 531
531 532
288 289
289 290
289 542
289 684
289 685
288 290
290 741
457 684
509 684
684 685
120 128
120 564
535 536
619 620
620 621
620 623
260 263
261 263
263 265
263 564
261 619
619 621
619 622
127 128
128 129
128 131
128 323
128 564
265 564
323 564
130 482
122 123
122 252
122 308
122 311
123 126
123 252
123 311
126 252
252 308
252 311
252 525
252 616
308 311
308 616
308 650
311 616
311 650
311 768
126 406
126 453
126 661
156 161
158 161
161 207
161 406
161 692
161 694
161 735
158 406
405 406
208 453
443 453
444 453
445 453
481 490
481 657
137 444
207 444
209 444
416 444
443 444
444 574
444 650
415 495
416 495
493 495
494 495
495 525
495 597
304 616
525 616
616 650
304 650
525 650
574 650
415 707
493 707
494 707
595 707
596 707
597 707
690 707
706 707
395 661
618 661
658 661
659 661
660 661
127 129
127 132
129 130
129 131
131 132
132 324
131 323
131 324
131 325
265 323
323 325
323 628
324 325
324 331
324 573
325 329
325 330
325 331
325 628
512 576
575 576
757 758
757 759
546 758
451 759
450 451
456 457
456 755
457 685
457 755
384 428
428 429
428 431
428 450
428 452
428 498
428 685
450 498
431 452
452 505
452 506
452 507
452 508
292 685
234 236
234 390
234 407
386 391
389 391
390 391
391 392
391 407
391 633
137 207
137 209
137 211
137 212
137 574
207 208
207 209
207 211
207 212
207 574
208 209
209 211
209 212
209 443
211 300
211 301
211 304
208 212
212 443
212 445
304 574
574 617
142 143
142 144
142 145
143 144
143 145
143 146
144 145
144 146
145 146
145 278
145 279
146 278
146 279
278 279
279 678
147 148
147 149
147 150
147 151
147 152
147 153
147 154
148 149
148 150
148 297
148 298
148 548
148 549
148 565
148 566
149 150
149 151
149 153
149 566
150 151
150 565
150 566
151 152
151 153
151 154
152 153
152 154
152 230
152 231
153 154
153 231
154 230
154 231
154 232
295 297
296 297
297 298
297 548
297 565
297 566
295 298
296 298
298 547
298 548
298 549
298 566
262 548
547 548
548 622
295 549
521 549
547 549
549 667
565 566
230 231
230 232
230 233
231 232
231 771
232 233
232 771
156 159
156 226
156 228
156 293
156 693
159 226
159 228
159 293
159 484
159 485
224 226
226 228
226 293
224 228
228 293
228 557
174 693
214 693
215 693
255 693
692 693
693 703
158 405
256 405
259 405
405 432
484 485
484 600
484 704
484 731
484 732
485 600
485 704
174 692
255 692
692 694
175 694
694 735
175 735
473 735
162 163
162 164
162 165
162 166
163 164
163 165
163 467
164 165
164 683
165 166
466 467
642 683
167 169
167 170
167 171
167 172
167 173
167 174
167 175
169 170
169 171
170 471
170 610
170 753
171 172
171 173
171 712
172 173
172 255
172 256
172 712
172 761
173 174
173 255
174 175
174 255
175 471
175 610
469 753
471 753
468 471
471 473
471 610
473 610
712 761
254 255
255 258
254 256
256 258
256 432
256 563
256 761
176 177
176 178
176 738
176 772
177 178
178 731
178 737
178 739
178 740
737 738
738 772
731 732
737 739
737 740
469 739
470 739
739 740
469 740
470 740
179 180
179 181
179 384
179 385
179 682
180 181
180 182
180 183
180 358
180 359
180 385
181 183
181 426
181 720
292 384
384 385
384 425
384 429
384 430
384 498
385 424
385 425
385 426
385 430
430 682
182 358
182 359
182 533
183 720
183 766
183 767
183 768
355 358
358 359
355 359
359 464
424 426
425 426
675 720
720 766
720 767
720 768
720 769
634 766
766 767
766 768
766 769
675 767
701 767
767 769
184 185
184 186
184 190
184 194
184 629
185 186
185 189
185 190
185 191
185 629
185 653
186 189
190 295
192 194
193 194
194 195
194 629
629 652
629 653
189 191
189 214
189 215
191 214
191 216
191 538
191 539
652 653
653 654
653 655
477 668
667 668
213 214
214 215
214 216
214 703
213 215
215 216
215 257
215 556
215 703
295 296
216 257
216 259
538 539
538 546
539 714
192 193
192 195
193 195
193 677
651 677
201 419
201 462
201 463
360 462
419 462
462 463
360 419
419 430
202 203
202 205
202 458
202 460
203 204
203 205
205 458
205 459
205 460
205 461
458 459
458 460
271 460
459 460
460 461
204 441
204 590
204 594
440 441
441 590
441 594
590 591
590 592
590 593
590 594
271 459
272 459
459 461
271 461
272 461
208 443
208 445
416 443
443 445
305 445
416 445
445 494
300 301
300 302
300 698
301 302
301 303
301 304
301 698
304 617
213 556
213 557
556 557
556 703
389 557
557 703
257 703
254 257
257 259
257 714
254 259
259 432
259 563
259 575
259 577
259 580
259 581
259 714
217 218
217 219
217 562
217 598
217 599
218 219
218 220
218 221
219 220
219 221
219 598
219 599
559 562
561 562
562 598
562 599
560 598
561 598
598 599
560 599
561 599
220 221
224 225
507 611
515 611
545 611
233 632
233 771
633 771
518 632
632 633
236 389
236 390
386 390
389 390
390 407
389 407
392 407
407 633
386 389
237 238
237 239
239 412
239 414
411 412
412 413
412 414
240 657
240 665
240 716
422 657
512 657
657 716
657 725
664 665
665 716
716 725
242 433
387 433
302 303
302 305
302 388
303 388
303 617
303 618
303 691
305 415
305 416
617 618
617 687
617 691
319 687
388 687
392 687
645 687
687 690
687 691
254 258
258 432
563 580
563 714
580 714
581 714
422 575
512 575
575 577
575 580
575 581
577 580
577 581
580 581
260 261
260 262
260 264
260 265
260 266
261 262
261 622
262 264
262 477
262 547
262 622
264 266
264 477
264 478
265 266
265 669
266 669
266 705
621 622
363 477
477 478
477 547
477 667
363 478
478 589
583 669
628 669
669 705
583 705
585 705
589 705
270 271
270 272
270 273
270 274
270 275
271 272
272 274
272 275
273 274
273 275
274 275
274 744
721 744
316 317
316 318
316 319
316 320
316 321
316 322
317 320
320 321
320 322
320 511
317 321
318 321
319 321
321 624
322 487
322 489
322 511
486 489
487 489
488 489
489 511
486 487
487 488
487 511
486 488
488 490
488 491
488 492
281 282
281 283
281 284
281 285
282 283
282 285
282 337
282 567
282 579
282 717
283 285
283 337
284 326
285 449
285 567
337 579
449 567
579 636
636 717
446 449
288 291
288 292
291 354
291 603
291 637
292 356
292 542
356 542
542 729
582 741
354 355
354 357
354 603
354 637
341 603
602 603
603 637
357 637
637 751
355 356
343 422
343 512
422 512
319 388
386 388
387 388
388 690
388 691
388 702
395 618
618 658
618 659
618 660
618 774
319 691
392 691
690 691
691 702
415 416
415 493
415 494
416 493
416 494
725 748
509 510
509 755
317 318
317 624
317 645
318 624
318 645
319 624
319 645
319 702
624 645
330 628
583 628
329 331
331 333
331 573
329 330
329 333
330 583
583 584
583 585
338 340
338 341
340 341
340 601
340 602
341 601
341 602
601 602
395 397
396 397
397 398
397 400
690 706
595 706
596 706
597 706
372 455
373 455
375 455
435 455
436 455
386 387
355 357
357 464
464 465
362 363
362 364
364 582
486 490
490 491
490 492
505 507
506 507
507 508
507 515
507 545
505 508
506 508
508 515
506 515
371 372
371 373
371 374
371 375
371 376
372 373
372 374
372 375
372 376
373 375
373 376
373 436
374 376
374 588
375 434
434 436
435 436
436 634
588 593
434 435
434 437
379 380
379 381
379 382
379 521
380 381
380 417
380 418
380 521
381 382
381 418
381 521
382 521
382 522
382 523
382 524
418 521
521 522
521 523
417 418
418 774
398 522
522 523
522 524
522 608
399 523
523 524
523 608
399 524
524 608
424 425
425 498
429 430
429 431
386 392
518 633
395 396
395 398
395 660
396 398
396 399
396 400
396 401
398 399
398 400
658 660
659 660
399 608
400 401
401 440
401 442
440 442
442 491
442 734
403 612
612 613
612 614
612 615
411 413
411 728
727 728
493 494
493 595
493 596
493 597
658 774
700 775
431 505
431 506
505 506
435 437
435 552
435 553
435 634
435 715
437 552
437 634
437 715
550 552
551 552
552 553
552 634
552 715
550 553
551 553
553 634
634 715
486 491
491 492
491 734
465 751
465 752
751 752
751 764
585 752
586 752
466 615
613 615
614 615
468 469
468 470
468 472
468 473
469 470
472 473
472 600
600 704
585 589
589 764
486 492
595 596
595 597
596 597
502 636
543 545
544 545
518 519
518 697
519 697
527 719
718 719
529 532
529 742
532 710
532 711
532 729
532 742
710 742
711 770
729 770
534 535
534 666
534 756
666 756
543 544
544 673
544 750
670 673
671 673
672 673
673 750
550 551
558 559
558 560
558 561
558 765
559 560
559 561
560 561
561 765
654 765
655 765
584 585
584 586
585 586
586 726
586 736
726 727
726 736
591 593
592 593
591 592
721 722
721 724
613 614
658 659
621 647
623 646
623 647
623 654
623 762
646 647
647 648
646 648
652 654
654 655
654 762
651 652
652 655
638 639
638 640
639 644
640 643
640 644
643 644
642 643
670 671
670 672
671 672
671 674
671 676
672 674
672 675
672 676
674 675
674 676
675 676
676 701
675 701
701 769
680 681
681 699
699 700
722 724
724 763
747 763
