1 2
1 3
1 4
1 5
1 6
2 776
2 777
2 778
2 779
2 780
3 5
3 6
3 113
3 115
4 1999
4 2000
5 6
5 113
5 114
5 115
6 114
6 779
6 780
776 777
776 778
776 779
776 3733
777 779
777 780
777 3733
778 779
778 783
778 3675
778 3733
779 780
779 783
779 3733
780 3733
113 114
113 1574
113 1575
113 1578
114 115
115 1575
1072 1999
1999 2000
1999 3775
1072 2000
7 8
7 9
7 10
7 11
8 9
8 10
8 2511
8 2513
8 2514
8 2515
8 3000
8 3001
9 11
9 1215
9 1469
9 2952
9 3001
10 920
10 2515
10 2859
11 1760
11 4124
2511 2512
2511 2513
2511 2514
2511 2515
2512 2513
2513 2514
2513 2861
2513 3686
2514 2515
2514 3000
2514 3001
3000 3001
3000 3590
3000 3592
3000 3622
3000 3623
3001 3622
1213 1215
1214 1215
1215 1469
1215 1470
1469 1470
1469 1471
1470 2952
2950 2952
2951 2952
2952 3622
919 920
920 2859
920 2860
2242 2859
2244 2859
2859 2860
1756 1760
1760 3023
1760 3113
1760 4124
12 13
12 14
12 15
12 16
13 1754
13 2674
14 15
14 16
14 2510
14 2690
15 16
15 213
15 214
15 2510
16 214
1747 1754
1751 1754
1752 1754
1753 1754
1754 2674
1753 2674
213 2510
2507 2510
2510 2690
761 2690
2690 3323
2690 3324
213 214
213 1420
101 214
17 18
17 19
17 21
17 22
17 23
17 3453
17 3454
17 3669
18 19
18 20
18 21
18 22
18 23
18 24
18 25
18 26
18 27
19 20
19 24
19 1582
19 1835
21 22
21 23
21 26
21 3454
21 3669
22 23
22 26
22 3669
20 23
23 25
23 26
23 27
630 3453
3453 3454
630 3454
3454 3669
2477 3669
20 24
20 1581
20 1582
20 1583
24 27
24 1581
24 1582
25 26
25 27
25 2252
25 2253
26 27
26 2252
27 1583
27 2252
27 2253
27 2254
27 2255
1581 1582
1582 1835
1835 3485
1835 3580
1835 3581
1581 1583
1581 2622
1581 2623
1581 2624
1581 2625
1583 2623
1583 2625
1583 3008
2252 2253
2252 2254
2252 2255
2253 2254
2253 2255
2253 3914
2253 3915
2254 2255
2254 3914
2254 3915
2255 3914
2255 3915
28 29
28 30
28 31
28 32
28 33
29 30
29 1596
29 1597
29 1598
30 33
30 966
30 1598
31 32
31 451
31 452
31 454
32 33
32 451
32 452
32 968
32 3611
33 452
1596 1597
1596 2243
1596 2244
1596 3079
1596 3081
1597 1598
964 966
965 966
966 969
966 3405
966 3406
451 452
451 453
451 454
451 455
451 456
452 453
452 454
452 2628
453 454
454 456
454 2932
921 968
964 968
965 968
968 969
968 3722
921 3611
3611 3718
3611 3719
3611 3720
3611 3721
3611 3722
3611 3723
34 35
34 674
34 675
35 36
35 37
36 674
674 675
674 2488
674 3322
675 2839
36 3322
36 3526
37 3322
37 3526
3322 3599
3526 3527
38 39
38 40
38 2224
39 40
40 262
524 2224
2222 2224
2223 2224
262 529
262 2467
41 42
41 2595
41 2698
41 3887
42 43
43 2595
2593 2595
2595 3885
2595 3886
2595 3887
2595 3949
2698 2699
2698 2700
2698 2701
2698 2702
2698 2703
3885 3887
3886 3887
3887 3949
43 2933
43 3885
453 2933
456 2933
2932 2933
2596 3885
3885 3886
44 45
44 46
44 47
44 48
44 49
44 50
45 46
45 47
45 604
45 605
45 606
46 49
46 604
46 2394
46 2396
47 50
47 605
47 606
47 2415
48 49
48 50
48 761
48 2733
48 3323
49 761
49 2396
49 3323
49 3324
50 2415
50 2733
604 627
604 2394
403 605
605 1156
606 858
606 1350
2394 2395
2394 2396
2394 2475
2395 2396
2396 2400
1212 2415
1350 2415
758 761
759 761
761 764
761 3323
761 3324
1903 2733
764 3323
1901 3323
1903 3323
3323 3324
2400 3324
51 52
51 53
51 2114
51 3843
52 53
52 54
53 54
53 1961
53 3248
520 2114
2114 2116
2114 2117
2114 3248
2114 3249
2114 3843
2116 3843
54 1961
1961 3248
2117 3248
3248 3249
55 56
55 57
55 58
55 59
55 60
56 57
56 167
56 1311
56 1312
56 1314
57 1312
57 1315
57 3095
57 3689
57 3881
58 59
58 60
58 167
58 168
58 170
58 948
58 1314
59 169
59 1356
59 3095
60 948
60 950
60 951
60 1314
60 1315
167 168
167 170
1310 1311
1311 1312
1311 1313
1311 1314
1310 1312
1312 1313
1312 1314
1312 1315
170 1314
951 1315
1315 2864
1315 2865
1315 3689
1315 3881
3095 3839
3095 3841
3095 3881
2864 3689
3437 3689
3689 3824
3689 3839
3689 3881
3839 3881
3841 3881
168 169
168 170
168 171
168 172
948 949
948 950
948 952
169 171
1355 1356
949 950
950 951
950 953
950 954
951 953
951 2864
951 2865
61 62
61 63
61 66
61 67
61 68
62 63
62 64
62 65
62 66
62 67
62 68
63 64
63 65
63 67
63 68
64 66
66 67
66 1266
66 1267
66 1645
67 68
67 1266
67 1267
67 1268
68 1268
64 1643
64 1644
64 1645
64 2402
64 2403
64 3990
65 2404
65 3668
551 1643
552 1643
554 1643
1643 1644
1643 1645
554 1644
1644 1645
1644 2403
1644 3130
1644 3990
552 1645
553 1645
554 1645
1266 1645
1645 3990
2402 2403
2402 2404
2403 3863
2403 3990
554 3990
2404 3668
2404 3863
202 3668
1235 3668
553 1266
1266 1267
1266 3302
1266 3303
553 1267
1267 1444
1267 3302
1267 3303
1268 2231
1268 2234
1268 2235
1268 2236
69 70
69 71
69 72
69 73
69 3034
69 3367
70 71
70 72
70 73
70 74
70 75
71 72
71 73
71 74
71 75
72 73
72 74
72 1744
72 3034
72 3074
73 74
73 3034
73 3074
1742 3034
3029 3034
3033 3034
1526 3367
3032 3367
74 75
75 1360
75 1361
75 1362
1739 1744
1742 1744
1744 1745
3074 3253
3074 3678
1360 1361
1360 1362
1360 1363
1361 1362
1361 1363
1361 2257
976 1362
1362 1363
1362 2257
76 77
76 78
76 79
76 80
76 81
77 78
77 2490
77 3231
78 81
79 80
79 848
79 1979
79 1980
79 3186
80 1979
80 1980
80 1981
80 2095
80 3186
81 2562
81 3231
81 3232
2485 2490
2486 2490
2487 2490
2488 2490
2489 2490
2490 2839
2490 3232
2562 3231
2563 3231
3231 3232
842 848
843 848
844 848
845 848
846 848
847 848
673 1979
1979 1980
1979 1981
1980 1981
1980 2095
1980 3186
2095 3186
1794 1981
1796 1981
1981 2095
1981 2096
1981 2098
2095 2096
1566 2562
2562 2563
2562 2564
2562 2565
2562 3232
2563 3232
2564 3232
82 83
82 84
82 85
82 1016
82 1018
82 1734
82 1735
83 84
83 85
84 85
84 86
84 87
85 1734
85 1735
1016 1017
1016 1018
1016 1019
1016 1514
1016 1515
1017 1018
1018 1019
1018 1735
1512 1734
1733 1734
1734 1735
1512 1735
1733 1735
86 87
86 306
86 1130
86 2752
87 1130
87 2752
87 2754
304 306
305 306
306 2752
306 2753
306 2769
1130 1131
1130 1132
1299 2752
2752 2753
2752 2754
2752 2755
2752 2756
1131 2754
2754 2755
2754 2756
2754 2805
2754 3683
2754 3684
88 89
88 90
88 91
88 92
88 93
88 94
89 90
89 91
89 92
89 1504
90 91
90 92
90 93
90 551
91 92
91 94
91 3150
91 3778
92 93
92 551
92 552
92 1504
93 94
93 551
93 552
93 553
93 554
93 555
94 555
94 1806
94 1807
94 3149
94 3302
479 1504
1022 1504
1504 3224
1504 3225
551 552
551 553
1806 3150
3148 3150
3149 3150
3078 3778
3148 3778
552 554
553 555
553 1807
553 3302
553 3303
555 1806
555 1807
1806 3148
1806 3149
337 1807
1807 3149
1807 3302
1807 3303
3148 3149
95 96
95 97
95 1533
95 1534
96 97
96 98
96 99
96 100
97 98
97 99
97 100
97 3705
97 3826
100 1533
100 1534
1534 2364
98 99
98 100
98 3705
98 3826
99 3705
99 3826
99 3827
3705 3706
3594 3826
3706 3826
3826 3827
3594 3827
3706 3827
101 102
101 103
101 1420
102 103
102 104
103 1637
103 4088
1418 1420
1419 1420
1420 1422
1420 3459
104 2107
104 2108
104 2110
104 3071
1632 1637
1636 1637
1637 2640
1637 4088
4088 4090
2107 2109
2107 2110
2107 2111
2107 2112
2107 2113
2108 2109
2108 2110
2108 2956
2108 2958
2108 3071
2109 2110
2014 3071
2015 3071
3060 3071
105 106
105 107
105 108
105 109
105 110
105 111
105 112
106 108
106 109
106 110
106 527
106 530
106 531
107 111
107 112
107 1007
107 1008
108 109
108 110
108 111
108 112
109 110
109 530
109 2080
110 112
110 531
111 112
112 1767
523 527
527 528
527 530
523 530
528 530
530 531
523 531
528 531
1006 1007
1007 1008
535 1008
1006 1008
1008 2691
1766 2080
1767 2080
1768 2080
2080 2081
2080 3931
651 1767
652 1767
1765 1767
1767 1768
1767 2081
1767 3931
1574 1575
1574 1576
1574 1577
1574 1578
1574 1579
1574 1580
1575 1576
1575 1578
1576 1578
1577 1578
1578 1580
116 117
116 118
116 119
116 120
117 118
117 119
117 870
117 871
117 872
117 873
118 240
118 241
118 243
118 872
119 873
119 1473
119 1584
119 1585
119 3179
120 771
120 772
120 775
120 2689
870 871
870 872
870 1948
870 2546
870 2658
871 872
871 873
871 3319
871 3320
871 3938
241 872
872 2689
873 3179
240 241
240 242
240 243
241 242
241 2689
243 2439
243 3202
1472 1473
1473 1474
1473 1584
1473 1586
1473 3301
1584 1586
1584 1589
1585 1586
1585 1587
1585 2560
1585 3179
705 3179
2560 3179
770 771
771 772
771 2689
771 4064
770 772
772 773
772 2689
770 775
773 775
775 1588
775 1589
775 3093
775 4126
2689 4064
121 122
121 123
121 124
121 126
122 123
122 124
122 125
122 126
122 127
123 124
123 125
123 2127
123 2128
123 3091
124 125
124 126
124 2127
124 3091
126 3091
125 1484
125 2127
125 2128
127 1158
127 1160
127 1161
127 1162
127 3236
2127 2128
1482 2128
1484 2128
1485 2128
2128 3121
3091 3531
1483 1484
1157 1158
1158 1159
1158 1160
1158 1161
1158 1162
1160 1161
1160 3233
1160 3235
1160 3236
1159 1161
1161 1162
1159 1162
1162 2614
3233 3236
3235 3236
3236 3237
128 129
128 923
129 130
129 131
129 132
922 923
923 924
923 925
130 131
130 132
130 955
130 956
131 132
131 955
131 956
132 955
132 956
132 2716
411 955
955 956
955 2716
411 956
414 956
956 2716
411 2716
414 2716
415 2716
133 134
133 135
133 136
133 137
133 138
134 135
134 2357
134 2789
134 3127
134 3131
135 138
135 2357
135 3131
136 2270
136 2271
136 3289
137 138
137 2358
137 3289
137 3846
137 3847
137 3848
138 2358
2354 2357
2355 2357
2356 2357
2357 2358
2357 3902
2271 2789
2789 3127
2789 3129
2789 3130
2789 3131
2789 3132
3127 3128
3127 3129
3127 3130
3127 3131
3127 3132
3131 3132
2267 2270
2269 2270
2270 2271
2270 3289
2270 3740
2270 3741
2270 4012
2267 2271
3289 3846
3289 4012
2354 2358
2355 2358
2358 3848
3846 3847
3846 3848
3846 4012
2597 3847
3847 3848
139 140
139 141
139 142
139 1480
139 2470
140 141
140 142
140 143
140 144
141 142
141 989
141 990
141 1480
142 143
142 989
142 990
142 991
989 1480
1477 1480
1478 1480
1480 2468
1480 2470
1480 2471
2468 2470
2469 2470
143 991
143 1531
144 1779
144 1780
144 3238
144 3239
144 3523
144 3524
989 990
989 1478
989 1481
990 1614
991 1529
991 1531
1529 1531
1530 1531
1531 1532
1776 1779
1778 1779
1779 1780
1779 3238
1779 3239
1776 1780
1778 1780
1780 3238
2806 3238
2931 3238
3238 3239
3238 3524
3239 3523
3239 3524
3239 3525
3523 3524
3523 3525
3524 3525
145 146
145 1803
145 2517
145 2738
146 147
147 1803
1802 1803
1803 1804
1803 1969
1803 1970
1693 2517
1694 2517
2516 2517
2517 2738
1691 2738
1694 2738
2738 2739
2738 3908
147 1802
147 1804
1802 1852
1802 1969
1802 2331
1804 1970
1804 2516
1804 2519
148 149
148 150
148 151
149 150
149 384
149 386
149 1681
150 380
150 381
150 382
150 383
150 384
150 385
150 386
151 1763
380 384
381 384
382 384
383 384
384 385
384 386
382 386
383 386
386 1681
380 381
380 383
380 385
381 383
381 385
381 2203
381 2205
382 383
385 2205
385 2206
1762 1763
152 153
152 154
152 155
153 744
153 3817
153 3880
154 155
154 2809
438 744
743 744
744 745
744 1898
744 2808
1558 3817
2776 3817
2778 3817
3817 3818
3817 3880
3819 3880
745 2809
2809 4144
156 157
156 158
156 159
156 161
156 162
157 162
157 2736
157 3366
158 159
158 160
158 161
158 162
158 2087
158 2088
158 2090
159 160
159 161
159 162
161 162
161 2090
162 3366
186 2736
1175 2736
2736 2949
160 2087
160 2088
160 2090
2087 2088
2087 2089
2087 2090
2088 2089
2088 2090
2089 2090
163 164
163 166
163 2003
164 165
164 166
166 957
166 959
166 2003
166 2005
166 2062
2001 2003
2002 2003
2003 2004
2003 2005
165 2062
165 2063
957 2062
960 2062
2062 2063
1170 2063
957 958
957 959
957 960
958 959
959 961
959 1621
959 2005
1618 2005
1621 2005
2002 2005
171 172
172 3395
3395 3396
173 174
173 2492
173 3075
173 3076
174 175
174 176
2332 2492
2491 2492
2492 3075
2492 3076
2491 3075
175 3076
470 3076
2491 3076
175 3520
176 2641
176 2642
176 3520
473 3520
2642 3520
2641 2642
177 178
177 179
177 182
177 183
177 1269
177 1270
177 1272
178 179
178 180
178 181
178 182
178 183
178 184
178 185
178 186
179 182
179 183
179 1270
179 1272
179 3004
182 183
182 185
182 186
180 183
183 185
183 1270
183 1272
1269 1270
1269 1271
1269 1272
1269 1455
1269 1457
1269 2026
1269 2027
180 1270
1270 1271
1270 1272
1270 1273
1271 1272
1272 1458
180 181
180 793
180 794
180 795
180 796
181 184
181 795
181 796
181 2719
181 2721
184 186
184 795
184 796
184 2719
184 2721
184 2948
185 186
186 1175
369 3004
3004 3005
3004 3006
793 794
793 795
793 796
794 796
794 1273
794 2695
794 2697
795 796
795 2719
795 2720
795 2721
795 2722
2719 2721
2719 2948
2719 2949
2721 2948
2721 2949
2948 2949
371 1175
1174 1175
187 188
187 189
187 190
187 191
188 189
188 2313
188 3284
188 3490
189 190
189 2312
189 2433
190 556
190 557
190 2433
191 558
191 3261
191 3284
191 3285
516 2313
517 2313
2312 2313
2313 3319
2313 3490
2313 3491
3284 3285
3284 3401
3284 3490
3284 3492
3490 3491
3490 3492
515 2312
516 2312
2433 2434
2433 2435
556 557
556 558
556 559
557 558
557 559
558 3261
2559 3261
2561 3261
3261 3285
3162 3285
3285 3401
192 193
192 194
192 195
192 196
193 194
193 195
193 1197
193 2983
194 195
194 196
194 456
194 1197
195 1006
195 2983
195 3903
196 1376
196 1690
196 1693
456 1197
1197 2626
1197 2627
1197 2628
1197 2629
1197 2630
1197 2979
1006 2983
2978 2983
2982 2983
2983 3903
453 456
456 2628
456 2630
456 2932
535 1006
1006 2982
1006 3871
1293 1376
1294 1376
1376 1377
1376 1379
1293 1690
1294 1690
1690 1691
1690 1692
1690 1693
1690 1694
1293 1693
1691 1693
1692 1693
1693 1694
197 198
197 200
197 201
197 541
198 199
198 200
198 201
198 202
199 200
200 201
200 202
200 541
200 2211
201 202
201 1235
199 541
541 622
541 624
541 2211
199 624
199 2211
202 1235
620 624
621 624
622 624
623 624
624 2211
621 2211
622 2211
203 204
203 205
203 207
203 208
203 645
204 205
204 206
204 207
204 209
205 645
205 1066
205 2531
207 208
207 434
207 435
207 645
207 647
208 645
208 646
208 647
208 648
645 2529
645 2531
206 1065
206 1066
206 1067
209 434
1065 1066
1066 1726
1066 1730
1066 2531
1066 3309
1066 3691
2103 2531
2529 2531
2531 3691
1065 1067
1065 2603
1065 2688
1067 3309
434 435
434 436
435 647
647 2718
436 646
646 648
646 2300
646 2717
646 2718
648 2193
648 2197
648 2717
648 3513
210 211
210 2220
211 212
2220 2866
212 2939
212 4075
2934 2939
2935 2939
2936 2939
2938 2939
2939 3559
2939 4075
4075 4076
4075 4077
215 216
215 217
215 1105
215 3441
215 3708
215 3709
215 4037
216 217
216 218
216 219
217 219
217 3441
217 3708
217 3709
1099 1105
1103 1105
1104 1105
1105 3441
1105 3587
1105 3708
1105 3709
1105 4037
1103 3441
3441 3587
3441 3708
3441 3709
3441 4037
219 3708
3708 3709
219 3709
1101 4037
3586 4037
3587 4037
218 1554
218 1558
219 3969
1554 1555
1554 1556
1554 1558
1554 1843
1554 1847
1555 1558
1556 1558
1558 2776
3164 3969
3325 3969
3326 3969
3969 3970
220 221
220 222
220 223
221 842
221 843
221 847
221 1073
221 1074
222 1073
222 1074
223 1318
223 1319
223 1320
842 843
842 845
842 847
842 1073
842 1074
843 844
843 845
843 846
843 847
847 1073
847 1074
1073 1074
1318 1319
1318 1320
1318 2539
1319 1320
1319 2539
670 1320
224 225
224 562
224 618
224 755
225 226
225 227
225 228
225 229
226 562
227 562
560 562
562 563
562 566
562 618
618 755
618 756
618 4095
754 755
755 756
755 757
226 227
226 566
227 228
227 560
227 563
227 566
228 566
228 3304
228 3305
228 3306
228 3307
228 3308
228 3925
229 757
229 3229
229 3304
229 3305
229 3306
229 3700
560 566
563 566
565 566
560 561
560 563
560 564
560 565
561 563
563 564
563 565
3304 3305
3304 3306
3304 3307
3304 3308
3229 3305
3305 3306
3305 3700
3229 3306
3306 3307
3307 3308
3307 3925
710 3308
3308 3925
710 3925
3924 3925
757 3227
757 3229
757 3230
757 3700
3227 3229
3229 3700
3230 3700
230 231
230 232
230 233
231 233
231 2048
231 2049
231 2050
232 994
1907 2048
1909 2048
2048 2049
2048 2050
1907 2049
1908 2049
1909 2049
2049 2050
1907 2050
1908 2050
1909 2050
993 994
234 235
234 236
234 237
234 980
234 982
235 236
235 237
235 238
235 239
236 237
236 239
236 980
236 981
236 982
237 239
977 980
980 981
977 982
978 982
979 982
981 982
238 239
238 492
238 493
238 494
238 495
238 496
239 494
239 495
239 496
977 981
978 981
979 981
492 493
492 494
492 3517
492 3518
492 3519
493 494
494 495
494 496
495 496
242 2322
242 2984
242 3787
2234 2322
2322 2323
2322 2324
2322 2325
2322 2984
2322 3787
2325 2984
1446 3787
2234 3787
2316 2439
2436 2439
2437 2439
2439 3770
2439 3801
3202 4062
3202 4063
244 245
244 247
244 248
244 3014
245 246
245 247
245 248
245 249
246 247
247 248
247 249
247 3014
559 3014
246 249
246 3250
249 2168
249 3268
249 3269
1622 3250
2168 3250
3250 3268
3250 3269
2166 2168
2167 2168
2168 2171
2168 3268
2168 3269
2166 3268
2171 3268
3268 3269
250 251
250 252
250 1882
250 2767
250 2768
251 252
251 253
251 254
251 255
252 253
252 2055
252 2768
252 3276
252 3277
252 3440
1879 1882
1881 1882
1882 2016
1882 2767
2767 2768
2767 3274
2767 3275
2768 3276
2768 3277
2768 3440
253 254
253 2055
253 2056
253 3439
253 3440
254 255
254 1177
254 2336
254 2337
255 1176
255 1177
2052 2055
2055 2056
2055 3440
3274 3276
3276 3277
2428 3277
3274 3277
3277 3440
738 2056
2052 2056
2054 2056
2056 2874
2056 3439
2875 3439
3439 3692
1176 1177
1177 3601
2336 2337
2337 3692
1176 3850
256 257
256 258
256 259
256 260
256 261
257 258
257 602
257 603
257 3278
257 3279
258 260
258 261
258 602
259 260
259 261
259 663
259 665
259 3259
260 261
260 665
602 603
603 3278
2398 3278
3278 3279
2398 3279
662 663
663 664
663 665
663 667
663 3259
662 665
664 665
665 667
665 3259
664 3259
523 529
524 529
525 529
526 529
2467 2468
2467 2469
2467 3677
263 264
263 265
263 266
263 267
264 266
264 267
264 1097
265 266
265 267
265 3124
265 3125
265 3126
266 267
266 3126
267 3126
1093 1097
1097 3814
3124 3125
3124 3126
3124 4143
3125 3126
3125 4143
268 269
268 271
269 634
270 271
632 634
633 634
634 3977
270 3471
270 3472
864 3471
2722 3471
3471 3472
2720 3472
2722 3472
3472 3920
272 273
272 274
272 2180
272 2818
272 2819
272 3979
273 274
273 275
274 275
274 2180
274 3619
274 3979
274 4011
2178 2180
2179 2180
2180 2817
2180 2818
2813 2818
2817 2818
2813 2819
2815 2819
2816 2819
2817 2819
2245 3979
3619 3979
3979 4011
275 3619
275 3620
275 3621
2245 3619
3619 4011
2245 4011
2182 3620
3198 3620
3421 3620
3620 3621
2182 3621
3198 3621
3421 3621
276 277
276 278
276 279
276 280
276 281
276 282
276 283
277 280
277 2901
277 3068
277 3069
277 3791
277 3792
277 3994
278 280
278 281
278 282
278 283
278 1109
278 2901
278 2902
279 1755
279 1756
279 1757
279 1758
279 2071
279 3664
279 3791
279 3792
280 281
280 2901
280 2902
280 3627
281 2901
281 2902
282 283
282 2071
282 2076
282 3664
283 2071
283 3664
1109 2901
2901 2902
2901 3627
3068 3069
3068 3070
3069 3070
3069 3791
3069 3994
3791 3792
3791 3994
1755 3792
1757 3792
1827 3792
2639 3792
3792 3994
1757 3994
3070 3994
1106 1109
1107 1109
1108 1109
1109 1256
1109 2902
1755 1756
1755 1757
1755 1758
1755 1759
1756 1757
1756 1758
1756 1759
1213 1758
1758 1759
1758 2071
1758 3420
1759 2071
2070 2071
2071 2072
2071 2074
2071 2076
2071 3664
2074 3664
1434 3627
3070 3627
2070 2076
2072 2076
2074 2076
284 285
284 286
284 287
284 3212
284 3438
285 286
285 287
285 288
286 287
286 3212
287 3212
287 3213
3212 3436
3212 3437
3212 3438
3436 3438
3437 3438
288 3443
288 3726
1786 3213
3213 3786
3442 3443
3443 3725
3443 3726
2424 3726
2425 3726
3725 3726
289 290
289 291
289 292
289 293
290 291
290 1797
291 292
291 1117
291 1118
291 1797
292 2327
293 2064
293 2066
293 2328
293 3716
293 3717
1117 1797
336 1117
338 1117
375 1117
1117 1118
336 1118
337 1118
338 1118
377 2327
481 2327
2324 2327
2327 2328
2064 2065
2064 2066
2066 3716
2324 2328
2328 2329
1762 3716
3716 3717
2329 3717
294 295
294 296
294 4113
295 296
295 297
2393 4113
2892 4113
3052 4113
297 857
297 858
297 2891
636 857
857 858
857 859
636 858
858 859
858 860
1838 2891
1839 2891
2890 2891
2891 2892
2891 2894
298 299
298 301
298 874
298 4123
299 300
299 301
299 302
301 874
301 875
301 876
301 877
301 878
874 876
1648 4123
1649 4123
3752 4123
300 875
300 1321
300 1322
300 1323
302 943
302 945
302 1322
302 1323
875 1322
875 1649
875 1652
875 2811
1321 2634
1321 2635
1321 2636
1321 2637
1321 2638
943 1322
1322 1323
1322 2477
1322 2811
943 1323
945 1323
946 1323
1323 3671
876 877
876 1962
876 1965
876 3645
877 878
877 3767
878 3767
878 4003
878 4006
878 4065
943 944
943 945
943 3140
944 945
945 946
945 3671
303 304
303 2217
303 2218
303 2219
304 305
2217 2218
2217 2219
2217 3045
2217 3050
2218 2219
2218 3047
2218 3050
305 1777
305 2139
305 2769
1776 1777
1777 1778
1777 2139
1777 2469
1249 2139
2138 2139
2139 2469
2139 2769
1249 2769
1297 2769
1378 2769
2753 2769
1297 2753
1299 2753
307 308
307 309
307 310
308 309
308 310
308 625
308 3486
308 3488
308 3988
309 3988
310 1033
310 1034
310 1035
310 1036
625 626
625 3487
625 3489
3486 3487
3486 3488
3486 3489
3486 3988
3487 3488
3488 3489
1033 1034
1033 1035
1033 1036
1033 1037
1033 1038
1034 1035
1034 1036
1034 2810
1035 1036
402 1036
405 1036
1036 1038
1036 3260
311 312
311 313
311 314
312 313
312 314
312 2966
312 3712
313 314
313 2503
313 2504
313 2506
313 2966
314 3223
2504 2966
2831 2966
2966 3712
3329 3712
2503 2504
2503 2505
2503 2506
2504 2505
2504 2831
2504 2832
2505 2506
2506 3245
2506 3246
2448 3223
315 316
315 322
315 691
315 692
315 1183
316 317
316 318
316 319
316 320
316 321
316 322
320 322
321 322
322 1183
322 1185
322 2849
322 3155
691 692
321 692
692 693
321 1183
1183 1184
1183 1185
317 318
317 3747
317 3922
318 320
318 3085
318 3086
319 1193
320 2849
320 3085
321 1184
321 3155
3747 3748
3747 3749
3747 3750
3747 3922
3747 3923
3156 3922
3922 3923
1884 3085
3085 3086
3085 3087
3086 3087
3086 3156
3086 3872
3086 3873
693 1193
1193 1194
1193 1195
1193 1196
1185 2849
2848 2849
2849 2850
2849 2853
2849 3155
1184 1185
1184 2853
1184 3155
2140 3155
2853 3155
3155 3612
1185 2853
323 324
323 325
323 326
323 327
323 328
323 329
323 330
324 325
324 326
324 328
324 3133
324 3135
325 326
325 3133
325 3135
326 327
326 328
326 3133
326 3134
326 3135
327 328
327 329
327 4039
328 329
328 330
328 1403
328 1958
329 1958
329 3288
330 1401
330 1403
330 1404
330 1405
330 1958
330 3412
1015 3133
3133 3134
3133 3135
3134 3135
3134 3543
1958 4039
2827 4039
2828 4039
3288 4039
1401 1403
1402 1403
1403 1404
1403 1405
1403 1958
1403 3412
1958 3288
1958 3412
2826 3288
2827 3288
2828 3288
1277 1401
1400 1401
1401 1402
1401 1404
1401 1405
1401 1406
1400 1404
1402 1404
1404 1406
1404 2976
1200 1405
1277 1405
1405 3412
1200 3412
1277 3412
331 332
331 2526
331 2528
331 4119
332 333
332 334
332 335
332 336
332 337
2525 2526
2526 2527
2526 2528
2527 2528
2528 4064
2525 4119
2527 4119
333 334
333 335
333 336
333 337
333 338
334 335
334 337
335 1444
336 337
336 338
337 338
1444 1445
1444 1446
339 340
339 341
339 342
339 2021
339 2822
339 4035
339 4036
340 341
340 342
340 343
340 344
341 342
341 344
341 345
342 344
342 1699
342 4035
342 4036
2021 2022
2021 2023
2021 2820
2021 2822
2021 2823
2820 2822
2822 2823
2821 4035
4035 4036
2821 4036
343 2407
343 2409
343 3280
344 345
345 2132
1695 1699
1697 1699
1699 1700
1699 2164
1699 2165
2407 2408
2407 2409
671 2409
729 2409
730 2409
2409 3280
671 3280
672 3280
3280 3296
3280 3649
2132 2133
2132 2134
346 347
346 348
346 2243
346 3105
346 3106
347 348
347 349
347 350
347 351
348 349
348 350
348 351
2082 2243
2084 2243
2243 3081
2243 3105
2082 3105
3101 3105
3102 3105
3105 3106
350 3106
3102 3106
3104 3106
3106 3632
3106 4031
3106 4122
349 828
349 2675
349 3583
350 1027
350 1974
350 2997
350 3632
351 543
351 544
351 2675
351 2998
351 2999
583 828
825 828
828 1805
544 2675
2592 2675
2594 2675
1805 3583
3081 3583
1027 1028
1027 1976
1027 2997
1027 2998
1027 3567
1972 1974
1974 1975
1974 1976
1974 1977
1974 1978
1974 3933
543 2997
2997 2998
2997 3632
3104 3632
3632 4122
542 543
543 544
543 2998
543 2999
542 544
544 2998
544 2999
1029 2998
2998 2999
547 2999
1029 2999
2879 2999
352 353
352 354
352 355
352 356
353 354
353 355
353 3744
354 355
354 356
354 1541
354 1542
354 2468
355 356
355 1541
355 1542
356 1541
356 1542
356 2799
3742 3744
3743 3744
1540 1541
1541 1542
1541 1543
1540 1542
1542 1543
1542 1544
1542 2799
2468 2469
2468 2471
1168 2799
2799 2800
2799 2801
2799 2802
2799 2803
357 358
357 400
357 401
357 403
357 404
357 1156
358 359
358 360
358 361
358 362
358 363
400 401
400 402
400 403
400 404
400 405
400 406
401 403
401 404
401 1156
402 403
403 404
403 1156
402 404
404 405
359 360
359 1836
359 1837
359 1838
359 1839
360 361
360 362
360 363
360 1836
360 1837
361 362
361 363
361 1836
362 363
362 2912
363 2912
363 3356
1836 1837
1836 1838
1836 1839
1837 1838
1837 1839
1838 1839
1838 2892
1838 3502
1839 2890
1839 2892
2912 3356
2912 3357
1900 3356
1901 3356
3356 3357
3356 3365
364 365
364 366
364 367
364 368
364 369
364 370
364 371
365 366
365 368
365 717
365 2162
365 2165
365 3123
366 2162
366 3783
366 4058
367 1442
367 2987
367 3783
368 369
368 717
369 3006
370 371
370 1144
370 1442
371 1174
371 1442
717 3099
717 3100
717 3123
1700 2162
2162 2163
2162 2165
2162 4058
1700 2165
2163 2165
2164 2165
2165 3123
2164 3123
2988 3783
3614 3783
3783 4058
3313 4058
1145 1442
1439 1442
1441 1442
1442 2987
1441 2987
2987 2988
1141 1144
1142 1144
1144 3042
1144 3044
372 373
372 374
372 375
372 376
372 377
372 378
372 379
373 374
373 1025
373 1026
373 1283
374 375
374 377
374 480
374 1283
375 376
375 2669
376 379
376 2669
376 3565
376 4005
377 480
378 379
379 4005
983 1025
985 1025
1023 1025
1025 1026
1025 1283
1025 1506
1023 1026
1026 1506
985 1283
1283 1284
480 481
480 482
480 483
2669 3565
3565 4005
2203 2204
2203 2205
2203 2206
2203 2207
2204 2205
2205 2206
2205 2207
2205 2986
2206 2207
387 388
387 391
387 4079
388 389
388 390
388 391
390 391
391 1814
391 1815
391 3757
391 4079
1815 4079
389 390
389 612
389 613
389 614
612 613
612 1525
612 1561
613 614
613 1561
613 3951
614 3544
614 4072
1813 1814
1814 1815
1814 1816
1814 1817
1813 1815
1815 1817
1560 3757
1562 3757
1563 3757
2586 3757
3650 3757
3756 3757
392 393
392 394
392 395
392 397
392 3242
392 3511
393 394
393 396
393 397
393 398
393 399
394 395
394 2277
394 3616
394 3788
395 2277
395 3348
395 3352
396 397
397 3242
3242 3511
396 398
398 399
398 975
399 972
399 975
399 3557
399 3788
1300 2277
2276 2277
2277 2797
2277 3352
2277 3870
2079 3616
3615 3616
3616 3788
3616 3870
972 3788
3557 3788
3348 3349
3348 3350
3348 3351
3348 3352
2797 3352
3350 3352
971 975
972 975
973 975
971 972
972 3444
972 3556
972 3557
3556 3557
3557 3615
402 405
402 406
402 3273
405 406
405 3260
405 3273
406 759
406 3260
406 3272
406 3273
3260 3273
3272 3273
2810 3260
3260 3272
758 759
759 760
759 762
759 763
759 3272
760 3272
407 408
407 409
407 410
407 4040
407 4041
407 4105
408 409
408 410
409 410
409 4040
409 4041
410 3625
410 3626
410 3649
4040 4041
4040 4136
2814 4105
4105 4136
4105 4137
672 3625
884 3625
2790 3625
3296 3625
3625 3626
3625 3649
884 3626
2790 3626
3296 3649
411 412
411 414
411 415
412 413
412 414
412 415
412 416
412 417
412 418
413 414
414 415
413 415
415 417
413 417
413 418
416 418
416 1133
416 1134
416 1135
416 1138
417 4051
418 1135
418 1139
418 4013
418 4051
1133 1134
1133 1135
1133 1138
1133 2303
1133 2959
1134 1135
1134 1136
1134 1138
1134 1139
1135 1136
1135 1137
1135 1138
1135 1139
1138 1139
4013 4051
4015 4051
1136 1139
1137 1139
4013 4014
4013 4015
4013 4016
419 420
419 421
419 422
419 423
419 425
419 426
420 421
420 422
420 1204
420 2750
420 2751
421 424
421 425
421 426
422 423
422 1204
422 1338
423 426
423 443
423 2954
424 425
425 426
425 444
425 1081
425 1341
425 1345
426 443
426 444
1203 1204
1204 2750
1204 2751
2750 2751
424 1082
460 1338
461 1338
463 1338
443 444
443 2955
443 3254
2953 2954
2954 2955
1081 1082
1082 1083
1082 1084
444 1086
444 2046
444 2692
444 3028
444 3254
1081 1083
1081 1084
1081 1085
1081 1086
1339 1341
1341 1344
1341 1345
1339 1345
1344 1345
1345 1346
1345 1347
1345 3027
427 428
427 429
427 430
427 431
427 432
427 2647
428 429
428 430
428 431
428 432
428 433
429 430
429 432
429 2647
429 3094
430 432
430 433
430 3094
431 433
431 2159
432 433
2644 2647
2645 2647
2646 2647
2647 3094
1431 2159
1432 2159
2157 2159
2159 3569
436 2718
436 3512
436 3513
441 3512
2274 3512
3512 3513
3512 3514
3512 3515
2197 3513
3513 3514
3513 3515
437 438
437 439
437 440
437 441
437 442
438 439
438 442
438 741
438 742
438 743
438 745
439 440
439 441
439 442
439 2274
440 441
440 442
441 2274
441 3072
441 3514
741 1727
741 1728
741 1729
741 1730
741 1732
741 2808
742 1199
742 1280
742 1281
742 1282
743 745
743 1898
743 2808
745 1898
745 2808
2274 3514
1137 3072
1860 3072
3072 3073
3514 3515
2308 2955
2955 3254
2046 3254
2308 3254
1085 1086
1086 2692
1086 2693
1086 3027
1086 3028
2043 2046
2046 2692
2046 2693
2046 2694
2046 3028
2692 2693
2692 2694
1347 3028
2693 3028
2888 3028
3027 3028
445 446
445 447
445 448
445 449
445 450
446 447
446 1040
446 1960
447 448
447 449
448 449
448 2320
449 1231
450 1039
450 1040
450 1043
450 1231
1039 1040
1040 1041
1040 1043
1040 1231
1960 2931
1078 2320
1079 2320
1080 2320
2319 2320
2320 2321
2320 3521
1039 1041
1039 1042
1039 1043
1041 1043
1043 1052
453 2594
453 2628
453 2932
455 995
455 996
455 997
455 998
455 3713
455 3714
2594 2628
2626 2628
2627 2628
2628 2629
2628 2979
2592 2594
2593 2594
2594 2596
995 996
995 997
995 998
995 999
996 997
996 998
996 3713
996 3714
997 998
997 999
997 3048
997 3049
998 999
998 3049
3713 3714
3713 3723
3713 3897
3713 3952
3714 3897
1245 2630
2627 2630
2629 2630
2630 2631
457 458
457 459
457 460
457 1263
457 3888
458 459
458 460
458 461
458 462
458 463
459 460
459 462
459 1263
460 461
460 462
460 463
462 1263
1263 1264
1263 3789
1263 3888
3789 3888
461 1203
462 1264
462 1265
463 1702
463 2953
1264 1265
1264 1546
1265 1546
1265 1548
1265 1703
1265 3153
1701 1702
1702 1703
1702 1705
1702 2953
1705 2953
464 465
464 466
464 1260
464 1261
464 1262
464 2649
465 466
465 467
465 468
465 469
466 1260
466 2649
1257 1260
1258 1260
1260 1261
1260 1262
1260 2649
1257 1261
1258 1261
1259 1261
1261 1262
1257 1262
1258 1262
1262 2649
467 468
467 469
467 487
467 489
467 490
467 1202
468 469
468 1202
469 489
469 1202
487 488
487 489
487 490
487 491
487 1202
488 489
489 490
489 491
489 1202
489 1471
489 3566
488 490
490 491
490 1202
490 1471
490 3566
490 3829
1202 3298
470 471
470 472
470 2657
470 3013
471 472
471 473
471 474
472 474
472 3013
472 3507
2491 2657
2656 2657
2657 3010
3010 3013
3011 3013
3012 3013
3013 3507
473 474
473 2121
473 2123
474 2123
474 2264
474 3057
474 3188
3012 3507
3056 3507
3497 3507
3499 3507
3500 3507
2121 2122
2121 2123
2121 2124
2121 2125
2122 2123
2123 2264
2263 2264
2264 2265
2264 2266
2264 3188
2126 3057
3057 3058
3057 3188
3057 3189
3057 3500
2265 3188
2518 3188
3188 3189
475 476
475 477
475 1274
475 1275
476 477
476 478
476 479
477 478
477 3759
1274 1275
1274 1717
1274 1718
1274 1892
509 1275
1275 1717
1275 1891
1275 1892
1275 1893
1275 2441
478 1505
478 3759
479 1022
479 1505
479 1506
1505 3759
3759 4149
1505 1506
1022 1023
1022 1506
1022 3224
1022 3225
481 483
481 2324
482 483
482 2232
482 2233
483 2233
483 2323
2323 2324
2324 2325
2324 2326
2324 2329
1285 2232
2231 2232
2232 2233
2232 2520
2231 2233
2233 2234
2323 2325
2323 2326
484 485
484 486
484 811
484 3771
484 3772
484 3779
485 486
486 811
486 812
486 813
811 812
811 813
811 3311
811 3312
811 3532
3532 3771
3771 3772
3772 3779
812 813
812 3311
812 3312
812 3313
813 3312
813 3379
488 491
491 1471
491 3566
1471 2283
1471 3566
1471 3829
2282 3829
2283 3829
790 3517
792 3517
1192 3517
3517 3518
3517 3519
2259 3518
3518 3991
792 3519
497 498
497 499
497 500
497 3643
497 3644
498 499
498 500
498 501
498 502
498 503
498 504
499 500
499 501
499 3644
500 501
500 503
500 3644
3640 3643
3641 3643
3642 3643
3643 3644
3643 4061
3641 3644
501 503
501 504
501 4087
502 504
502 3161
502 3162
502 3163
502 4087
503 504
503 4087
504 4087
2297 3161
2298 3161
3161 3162
3161 3163
2298 3162
2559 3162
3162 3163
3162 3401
1588 3163
505 506
505 507
505 508
505 510
506 507
506 508
506 510
507 508
507 509
507 510
508 709
508 710
510 711
509 1891
509 1892
509 1893
509 1894
709 3096
710 711
710 3924
1717 1891
1891 1892
1891 1893
1891 3300
1717 1892
1892 1893
1892 2441
1893 2441
1893 3506
1894 2441
1894 3506
1894 3992
1894 4047
711 3924
511 512
511 513
511 514
511 515
511 516
511 517
512 513
512 615
512 616
512 617
512 1364
513 515
513 1364
514 1364
514 1520
514 1736
514 3479
515 516
515 2311
516 2311
517 3316
517 3317
517 3479
615 616
615 617
616 617
616 3496
617 3264
617 3496
1516 1520
1519 1520
1520 1521
1520 3317
1520 3318
1520 3479
1520 3724
1517 1736
1519 1736
1736 2449
1521 3479
3317 3479
1286 2311
1288 2311
1289 2311
2311 3264
3316 3317
3316 3318
3316 3319
3316 3320
3316 3321
3317 3318
3317 3319
3317 3321
3317 3724
518 519
518 520
518 521
518 522
519 1178
519 2131
519 2633
520 2115
520 2116
520 2117
521 1490
521 2115
521 4067
522 1486
522 1487
522 1488
522 1801
1178 1179
1178 1180
1178 1181
1178 1182
1801 2131
2129 2131
2130 2131
2131 2633
1179 2633
2115 2116
2115 2117
2115 3745
2115 3776
2115 4067
2116 2117
2116 3249
2116 3624
2116 3676
2116 3776
2117 3249
1011 1490
1012 1490
1486 1490
1489 1490
1490 1491
3460 4067
3745 4067
1012 1486
1486 1487
1486 1488
1486 1489
1486 1491
1487 1488
1487 1801
861 1801
1801 2129
523 524
523 525
523 526
523 528
524 525
524 526
524 528
525 526
525 814
525 815
526 814
526 815
526 816
528 3334
814 815
814 816
815 816
816 1244
816 2190
2648 3334
2879 3334
3334 3828
532 533
532 534
533 3844
534 3037
2152 3844
2837 3844
3036 3037
535 536
535 537
535 538
536 537
536 538
536 539
536 540
537 538
538 1536
539 1663
539 1664
539 1665
539 1666
539 1851
539 2691
540 1535
540 1538
540 1539
540 1666
1379 1536
1535 1536
1663 1664
1663 1665
1663 2691
650 1664
653 1664
1664 1665
1664 1666
1664 1667
1665 1851
1665 2691
1666 1851
1851 2691
1379 1535
1535 1537
1535 1538
1535 1539
1537 1538
1538 1539
1538 1770
1538 2804
1539 2523
1539 2805
619 622
620 622
621 622
622 623
542 545
542 546
542 547
545 546
545 1305
545 3874
545 4050
546 547
546 3658
546 3875
546 4050
547 1028
547 1029
1301 1305
1302 1305
1304 1305
1305 2796
2798 3874
3658 3874
3874 3875
3874 4050
3875 4050
2798 3658
3657 3658
3658 3766
3658 3875
3495 3875
1028 1029
1028 1030
1029 3828
548 549
548 550
549 550
549 2188
550 3214
550 3219
550 4053
2188 2189
3214 3215
3214 3219
3214 4053
1627 3219
3215 3219
3219 3686
3219 4053
2861 4053
561 564
561 565
561 1936
561 3207
564 565
564 1936
565 1936
565 1937
1936 1937
1941 3207
3108 3207
3207 3208
3207 3209
3207 3210
789 1937
933 1937
1937 2533
567 568
567 569
567 570
567 571
567 572
567 573
567 574
567 575
568 569
568 570
568 571
568 572
568 4073
569 570
569 571
569 4073
570 573
570 4073
571 572
571 573
571 575
572 575
572 3834
573 574
573 2019
573 2104
574 2019
574 2104
574 2105
574 2106
3544 4073
1124 3834
3025 3834
3026 3834
3834 4107
2017 2019
2019 2104
2019 2482
2019 2483
2019 2484
2104 2482
2104 2483
1121 2105
2105 2106
2105 2154
2105 3797
2105 3798
1124 2106
2106 3026
576 577
576 578
576 580
576 2784
576 2786
576 2788
577 578
577 579
577 580
577 581
577 582
577 583
578 579
578 594
580 826
580 827
580 1140
2783 2784
2784 2785
2784 2786
2784 2787
2784 2788
1005 2786
2786 2787
2786 2788
1140 2788
2787 2788
2788 3456
2788 3469
2788 4030
579 581
579 594
579 1069
581 582
581 1324
582 1993
582 1995
582 1997
583 825
583 827
583 1324
593 594
594 595
594 596
1068 1069
825 826
826 827
826 1060
826 1063
826 1140
825 827
827 1140
1060 1140
1140 3456
1324 1805
1324 3079
1324 3080
1993 1994
1993 1995
1993 1996
1993 1997
1994 1995
1995 1996
1995 3971
1995 3972
1995 3973
1994 1997
1996 1997
825 829
825 830
584 585
584 586
584 587
584 1459
585 586
585 587
585 588
586 587
586 2317
587 588
587 3172
587 3173
587 3175
928 1459
1238 1459
1459 2273
1459 2275
1459 3935
588 2440
588 3172
588 3175
1241 2317
2314 2317
2315 2317
2317 2318
2317 3993
3172 3173
3172 3174
3172 3175
2438 3173
3173 3175
3173 3769
3173 3935
3173 4032
2438 3175
2440 3175
3175 4032
2436 2440
2440 4062
589 590
589 591
589 592
589 1669
589 1672
589 3782
590 591
590 592
591 694
591 1672
591 3782
592 1668
592 1669
592 1671
592 1672
1668 1669
1669 1670
1669 1671
1669 1672
1668 1672
1671 1672
697 3782
694 695
694 697
694 698
1668 1670
1668 1671
1670 1671
593 595
593 2406
593 2512
593 3216
593 3217
593 3218
595 596
595 2405
595 2406
596 2406
2242 2406
2405 2406
2512 2861
3215 3216
3216 3217
3216 3218
3215 3217
3217 3218
1624 3218
3215 3218
596 2405
596 3080
2242 2405
2860 3080
3079 3080
597 598
597 599
597 699
597 3560
598 599
598 600
598 601
599 600
599 601
599 1166
695 699
696 699
698 699
699 3560
1862 3560
1863 3560
600 1169
600 1862
600 1863
600 1864
601 1166
601 1169
1163 1166
1164 1166
1166 1169
1166 2120
1166 3970
1163 1169
1164 1169
1169 1864
1862 1863
1862 3561
1862 3562
1863 3561
1863 3562
1863 3563
1863 3564
1163 1864
1864 2801
1864 3083
1864 3084
1864 3564
626 627
627 2475
860 1350
1211 1350
1212 1350
607 608
607 609
607 610
607 611
608 609
608 610
608 2236
608 2237
609 610
609 611
609 2236
609 3328
610 611
610 3558
611 3328
611 3558
2231 2236
2236 2237
2231 2237
2237 2520
3327 3328
1522 1525
1524 1525
1525 1564
1525 1790
1560 1561
1561 1562
1561 1563
1561 1564
1564 3951
1565 3951
2153 3951
2155 3951
3951 4068
3951 4072
3542 3544
3544 4072
2153 4072
3262 3496
3264 3496
1288 3264
3262 3264
3263 3264
3264 3265
3264 3266
756 1348
756 1349
756 1559
754 4095
3201 4095
619 620
619 621
619 3247
620 621
620 623
621 623
946 3247
3141 3247
3247 3962
1934 3487
3487 3489
2475 3063
2475 3064
2475 3065
2475 3066
2475 3067
628 629
628 3030
629 630
629 631
631 3030
3029 3030
630 3452
631 1740
631 1741
631 3029
631 3031
631 3033
631 3335
1572 3452
3452 3999
3452 4000
3452 4001
1739 1740
1740 1741
1740 3033
1740 3335
1739 1741
1741 1743
1741 3033
1741 3335
3029 3031
3029 3032
3029 3033
1593 3031
3031 3033
3031 3335
1742 3033
3033 3335
1742 3335
632 633
632 901
632 903
632 3854
632 3977
633 635
633 636
899 901
900 901
901 903
901 3854
901 3977
901 3978
901 4125
635 903
899 903
902 903
903 2728
767 3854
2695 3854
3853 3854
3854 3977
3854 3978
3977 3978
635 636
635 2728
635 2729
635 2732
635 3702
636 859
636 3702
902 2728
2728 2729
2728 2730
2728 2731
2729 2730
2729 2731
2729 2732
2731 2732
2732 3701
2732 3702
859 3702
859 860
859 3732
637 638
637 639
637 640
637 641
637 642
637 643
637 644
638 639
638 641
638 642
638 643
638 1454
639 640
639 643
639 1848
639 1850
639 2362
640 643
640 1848
641 643
641 644
642 1452
642 1453
642 1454
643 644
643 1848
644 1454
1726 1848
1848 1849
1848 1850
1726 1850
1849 1850
1850 2621
2359 2362
2360 2362
2361 2362
2362 2363
2362 3237
1452 1453
1452 1809
1452 1811
1452 1812
1452 2715
1452 3543
1452 3545
1453 1812
1453 3177
1453 3178
1453 3545
1453 3589
2103 2529
2529 2530
2194 2300
2299 2300
2300 2302
2192 2717
2194 2717
2191 2193
2192 2193
2193 2195
2193 2775
2191 2197
2192 2197
2194 2197
649 650
649 651
649 652
649 653
649 654
650 651
650 652
650 653
650 654
650 3931
651 652
651 1052
651 1768
651 3931
652 654
652 1052
652 3931
653 654
653 1667
654 807
1768 3931
2081 3931
805 1052
1041 1052
1042 1052
1051 1052
1765 1768
1766 1768
1768 2081
806 1667
804 807
805 807
806 807
807 810
807 1042
807 1051
655 656
655 657
655 658
655 3465
655 3466
655 3467
656 657
656 658
656 659
656 660
656 661
657 3997
658 660
658 661
658 3467
2401 3465
3252 3465
3383 3465
3465 3466
3466 4078
661 3467
659 660
659 1873
659 2791
659 2792
660 661
660 2791
660 2792
978 3997
3997 4128
1873 1874
1873 1876
1873 2705
1873 2791
1873 2792
2705 2791
2791 2792
1876 2792
2705 2792
662 664
662 666
662 667
662 668
664 666
664 667
666 667
666 668
666 2536
666 3956
666 4019
667 668
667 2640
668 3883
668 3956
1391 2536
1392 2536
2535 2536
2536 3956
2536 4017
1391 3956
2535 3956
3956 4017
3956 4019
3937 4019
4017 4019
4018 4019
1636 2640
1394 3883
1422 3883
669 670
669 671
669 672
669 673
670 3314
670 3315
671 673
672 884
672 3314
673 1232
673 1794
884 3314
3314 3315
884 3315
886 3315
887 3315
884 885
884 887
884 2704
884 2790
731 1232
1232 1233
1232 1234
1794 1795
1794 1796
1794 2096
1794 2097
1794 2098
1794 2834
2485 2488
2486 2488
2487 2488
2488 2839
2486 2839
2487 2839
676 677
676 678
676 1447
676 1448
677 678
677 679
677 680
677 681
678 680
678 681
678 2366
678 2367
1447 3015
1447 3016
1447 3164
1447 3165
679 680
679 1800
679 4104
680 2366
680 2367
680 3815
681 1687
681 1689
681 1959
681 2366
2366 2367
2366 2368
2367 2727
2367 2765
2367 3815
1479 1800
1799 1800
1800 3579
2779 4104
2781 4104
3815 4104
2577 3815
2727 3815
1686 1687
1687 1688
1687 1689
1686 1689
1689 1959
682 683
682 684
682 685
682 687
682 3429
683 684
683 685
683 686
683 687
683 688
683 689
683 690
684 685
684 688
684 2706
685 687
685 688
685 2706
685 3429
687 1793
1485 3429
686 689
686 690
686 1793
686 2614
688 690
688 2706
688 3361
689 690
689 2614
689 3358
689 3361
689 3428
690 3361
690 3428
1790 1793
1791 1793
1792 1793
1793 3428
1793 3823
1157 2614
2614 3397
3358 3361
3359 3361
3361 3397
3358 3359
3358 3360
3358 3362
3358 3363
3428 3823
693 1195
1194 1195
1195 1196
695 696
695 697
695 698
697 698
696 698
700 701
700 702
700 703
700 705
700 706
700 2558
701 702
701 703
701 704
701 705
701 706
701 707
701 708
702 703
702 706
702 707
702 708
703 706
703 2431
705 2560
706 2429
706 2431
706 2432
706 2558
706 2561
1587 2558
2558 2559
2558 2560
2558 2561
704 707
704 1781
704 1782
704 1783
704 1784
707 1784
707 2372
707 2431
708 2369
708 2370
708 2372
708 2373
2429 2431
2430 2431
897 1781
898 1781
1781 1782
1781 3777
897 1782
898 1782
1782 1783
1782 2388
1782 2389
1782 3777
1783 1784
1783 2388
1784 2372
1587 2560
1407 2429
2429 2430
2429 2432
1407 2432
1622 2432
2430 2432
2432 2561
1407 2561
1587 2561
2559 2561
2369 2372
2372 2373
2369 2370
2369 2371
2369 2373
2370 2371
2370 2373
2370 2876
2370 2878
2371 2373
2373 3301
2534 3096
3096 3097
712 713
712 714
712 716
712 2883
713 714
713 715
713 716
714 715
714 716
714 2883
714 3473
714 3474
716 1219
716 1222
716 2824
716 2825
715 2883
967 2883
970 2883
2882 2883
1220 3473
2387 3473
3046 3473
3473 3474
3046 3474
1218 1219
1219 1220
1219 1221
1219 1222
1219 3046
1218 1222
1220 1222
1221 1222
1222 2825
1222 3046
2824 2825
1221 2825
2632 3099
3099 3100
3099 3905
2134 3100
2632 3100
3098 3100
3100 3483
718 719
718 720
718 721
719 720
719 721
719 2583
719 3191
719 3193
720 721
720 2583
720 2584
721 3660
2583 2584
2583 3190
2583 3191
2583 3493
2583 3494
3138 3191
3190 3191
3191 3192
3191 3193
2501 3193
3138 3193
3192 3193
3193 3660
2584 3493
2501 3660
3192 3660
722 723
722 725
722 861
723 724
723 725
723 726
723 727
724 725
725 726
725 727
861 2129
724 726
724 727
724 1522
724 1523
724 3530
726 727
727 1945
727 1946
1522 1523
1522 1524
1523 1524
1523 3530
1523 3531
3530 4133
1945 1946
1945 2714
1945 2715
1946 2714
1946 2715
728 729
728 730
728 731
728 732
728 733
728 734
729 730
729 2563
729 2564
729 2566
730 733
731 734
731 1234
732 733
732 734
732 2632
732 3098
732 3953
733 2632
734 1234
1566 2563
2563 2564
2563 2565
1566 2564
2564 2565
2564 2566
1566 2566
2565 2566
1233 1234
1234 2550
2632 3098
2133 3098
2134 3098
3098 3953
1680 3953
2461 3953
2463 3953
2548 3953
735 736
735 737
735 738
735 739
735 740
736 737
737 1829
737 1830
737 1831
738 740
738 2054
738 2874
738 2875
739 740
739 2118
739 2119
740 2118
740 2119
740 2875
822 1829
1829 1830
1829 1831
822 1830
824 1830
1830 1831
822 1831
2051 2054
2052 2054
2054 2874
1828 2874
2119 2875
2875 3692
2118 2119
2119 3692
1726 1727
1727 1728
1727 1729
1727 1730
1727 1731
1727 1732
1726 1728
1728 1729
1728 1731
1728 1732
1728 3663
1726 1729
1729 1730
1729 3309
1726 1730
1730 2826
1730 3309
1557 1732
1731 1732
1732 3663
1895 2808
1897 2808
1898 2808
1198 1199
1199 1280
1199 1281
1199 1282
1199 2826
1199 2827
1280 1282
1280 1367
1280 2826
1280 2827
1280 2828
1281 1282
1281 1372
1282 1367
1895 1898
1896 1898
1897 1898
746 747
746 748
746 749
746 750
746 751
746 752
746 753
747 748
747 749
747 2007
747 2666
748 852
748 2666
749 2006
749 2008
749 2666
750 751
750 752
750 753
750 1889
751 752
751 850
751 855
751 856
751 2241
752 753
752 855
752 856
753 1889
753 1890
2006 2007
2007 2008
2007 2663
2007 2664
2007 2666
2008 2666
2660 2666
2664 2666
2665 2666
849 852
850 852
851 852
1890 2006
2006 2008
2006 2009
2008 2664
2008 2985
1889 1890
849 850
850 851
850 853
850 854
850 855
850 856
853 855
854 855
855 856
855 1373
854 856
856 1373
856 2241
2241 3140
2241 3141
2241 3962
1890 2009
1890 3570
754 1348
1348 1349
1349 1559
1349 2374
1349 2377
1349 2379
1349 3201
1559 2379
1559 2540
1559 2582
3226 3227
3227 3228
3227 3230
3226 3230
3228 3230
758 760
758 762
758 763
758 764
760 762
760 763
762 763
762 764
762 1902
763 764
763 1902
764 1899
764 1900
764 1901
764 1902
1899 1902
1901 1902
1902 3365
1899 1900
1899 1901
1899 1903
1900 1901
1900 1903
1900 3365
1900 3939
1901 1903
1901 3365
765 766
765 767
765 768
765 769
766 1455
766 1456
766 1457
767 769
767 1456
767 1458
767 2695
767 2696
767 3853
768 1492
768 1493
768 1494
769 1273
769 1458
769 2695
769 2696
769 3853
1271 1455
1455 1456
1455 1457
1455 1458
1456 1457
1456 1458
1271 1457
1457 1458
1271 1458
1273 1458
1273 2695
2695 2696
2695 3853
1273 2696
2696 2697
2696 3853
1492 1493
1492 1494
1492 1495
1492 1496
1493 1494
1494 1495
1494 1496
1494 3376
1273 2697
770 773
770 774
773 774
773 2065
773 3093
774 2065
774 3093
3628 4064
3938 4064
2065 3093
1586 1588
1588 1589
1586 1589
1589 4126
4126 4127
781 783
783 786
782 3675
1399 3675
2576 3675
3674 3675
3675 3987
781 782
781 784
781 785
781 786
782 2576
782 2578
782 3987
784 785
784 786
784 3598
784 3964
785 786
785 3598
786 3964
2574 2576
2575 2576
2576 2578
2576 2726
2576 3674
2576 3987
2575 2578
2578 3598
3353 3987
3674 3987
3986 3987
787 788
787 789
787 2540
788 789
788 790
788 791
788 792
789 791
789 2533
789 2534
790 2540
2094 2540
2540 2582
790 1189
790 1192
791 2534
791 3097
792 1875
792 1877
792 2705
933 2533
935 2533
2534 3097
1186 1189
1189 1190
1189 1192
1189 2094
1186 1192
1190 1192
1192 3991
2355 3097
2356 3097
3097 3902
1874 1875
1875 1876
1875 1877
1875 2705
1874 1877
1876 1877
1877 2705
1876 2705
2720 2722
2720 3243
2720 3920
2722 3243
2722 3920
797 798
797 799
797 800
797 801
797 802
797 803
798 799
798 800
798 801
799 801
799 802
799 803
799 2150
800 803
800 2785
800 3110
800 3112
801 802
801 803
801 2150
801 2151
802 803
802 2149
802 2150
802 2151
802 2152
803 2150
2149 2150
2150 2151
2785 3110
2785 3111
2785 3112
2783 3110
3110 3111
3110 3112
2783 3112
3111 3112
2149 2151
2149 2152
2152 2837
804 805
804 806
804 808
804 809
804 810
805 1042
805 1051
806 808
806 809
806 810
808 809
808 2209
808 2210
809 810
809 2147
809 2209
810 1051
1041 1042
1042 1051
1041 1051
2147 2209
2208 2209
2209 2210
2147 2210
2148 2210
2208 2210
2146 2147
2147 2148
2147 2208
3311 3312
3311 3313
3312 3313
3312 3379
3312 3380
3312 3381
3313 3380
900 3379
3379 3381
1242 1244
1243 1244
1244 1246
1244 1247
1244 1248
1866 2190
2190 2873
2190 3651
2190 3652
817 818
817 819
817 820
817 1675
817 3593
818 819
818 821
818 822
818 823
818 824
819 820
819 821
819 823
819 824
819 1600
819 1673
819 1675
820 823
820 824
820 1600
820 1675
820 3593
1673 1675
1674 1675
1675 3593
823 3593
824 3593
821 822
821 1828
821 2109
821 2956
821 2958
822 824
822 1828
823 824
823 2051
1599 1600
1600 1673
1600 2957
1600 2958
1673 1674
1828 2109
1828 2956
2109 2956
2956 2957
2956 2958
2957 2958
2051 2052
2051 2053
829 830
829 2068
829 2069
830 1063
830 2068
830 2069
830 2699
1057 1060
1060 1062
1060 1063
1057 1063
1062 1063
1063 2067
1063 2068
1063 2069
1805 3079
1805 3081
2067 2068
2068 2069
2067 2069
2069 2699
2069 2702
2699 2700
2699 2701
2699 2702
2699 3895
831 832
831 833
831 2618
831 3852
832 833
832 834
832 835
833 834
833 2618
833 3233
834 2618
2618 2619
2618 2620
2618 2621
835 3852
2100 3852
3478 3852
3852 4056
834 2620
834 2621
834 3585
835 2099
835 2100
835 2101
835 2102
835 3478
2360 3233
3233 3234
3233 3235
3233 3237
1101 2620
2620 2621
2620 3584
2620 3585
2620 3586
2621 3584
2621 3585
2621 3586
1101 3585
3584 3585
3585 3586
1844 2099
1846 2099
2099 2100
2099 2101
2099 2102
2099 2103
2100 2261
2100 3478
2100 3837
2100 4056
2101 2102
2101 3409
2101 3478
1846 2102
2102 2103
2102 3409
3478 3975
3478 4056
836 837
836 840
836 841
837 838
837 839
837 840
837 841
839 840
840 841
840 2042
840 3118
841 2042
841 3118
841 3119
838 839
838 2040
838 2041
838 2042
839 2041
839 2042
2040 2381
2040 2384
2040 2493
2040 3394
2040 3806
2040 3807
2040 3950
2041 2042
2042 4133
3117 3118
3118 3119
3117 3119
3119 3121
844 845
845 846
844 846
844 2489
846 2485
846 2489
2485 2489
2486 2489
2485 2486
2485 2487
849 851
853 4057
854 1373
1373 1374
860 1209
860 1211
860 1212
860 3732
1210 3732
3066 3732
3732 4134
3732 4135
1209 1210
1209 1211
1209 1212
1211 1212
1211 1351
1211 1352
1211 1353
1211 1354
1212 2416
1212 2417
2129 2130
862 863
862 864
862 865
862 866
862 867
862 868
862 869
863 864
863 866
863 867
864 865
864 866
864 867
865 867
865 1210
865 2478
866 867
866 869
867 869
868 869
868 926
868 927
869 926
869 927
869 928
1210 2478
2478 2479
2478 2480
2478 2990
2478 3937
926 927
926 928
926 1237
926 1238
926 2273
927 1236
927 1237
927 1238
927 1240
928 1056
928 2272
928 2273
928 2275
1947 1948
1948 1951
1948 2545
1948 2546
2543 2546
2544 2546
2545 2546
2546 2658
2544 2658
3319 3491
3320 3321
2527 3938
3491 3938
3628 3938
1646 1649
1648 1649
1649 1652
1649 3752
1646 1652
1652 2811
1652 3703
1652 4006
1652 4007
1652 4103
2477 2811
2811 2812
1962 1963
1962 1965
1962 3767
1963 1965
1964 1965
1965 1966
1965 1968
1964 3645
3767 4003
4003 4006
4003 4007
4003 4065
3703 4006
4006 4007
4006 4103
3270 4065
879 880
879 881
879 882
879 883
880 3475
880 3476
880 3477
881 883
881 1932
881 1934
881 1935
881 4020
881 4131
881 4132
881 4142
882 3476
882 3477
882 3978
882 4054
883 4020
3475 3477
3477 3978
3477 4054
1931 1932
1932 1933
1932 1934
1931 1934
1933 1934
1934 1935
1934 4131
1934 4132
1931 1935
1935 4020
1935 4131
1935 4132
4020 4132
4020 4142
4131 4132
4131 4142
4132 4142
3978 4054
3978 4125
4054 4125
885 886
885 887
885 888
885 889
887 889
887 2704
889 2704
1677 2704
2704 2790
886 888
886 2539
888 1678
888 2178
888 3533
888 3884
889 1676
889 1678
889 2178
2539 3533
1676 1678
1678 1679
1678 2178
1678 2992
1678 3018
1678 3755
1678 3884
2178 2179
2178 3884
3533 3534
3533 3535
2992 3884
1676 1677
1676 1679
1676 1680
890 891
890 892
890 893
891 892
891 3281
891 3790
891 3921
892 893
893 1342
893 1344
2451 3281
3281 3282
3281 3789
3281 3790
3790 3921
1339 1342
1342 1344
1342 2435
1339 1344
894 895
894 3318
894 3321
894 3724
895 896
895 897
895 898
1521 3318
3318 3724
1521 3724
1738 3724
896 898
896 1091
896 1092
897 898
898 1092
1091 1092
1091 1773
1091 1947
1091 2338
1091 2339
1091 2340
1091 2341
1092 1947
1092 3422
1092 3427
1092 3516
1092 4038
899 900
899 902
900 4125
902 1724
1719 1724
1720 1724
1722 1724
1724 3381
904 905
904 906
904 908
904 909
904 2391
904 2392
905 906
905 907
905 908
905 909
905 910
905 911
906 908
906 2391
906 2392
906 2893
906 3051
907 908
907 909
909 910
909 3690
2391 2392
2391 3051
2391 3943
2392 2393
907 910
910 3194
910 3195
910 3976
911 1325
911 1328
911 1329
911 3194
2393 2893
2890 2893
2893 3002
3051 3052
3051 3053
3051 3054
3051 3055
3002 3690
3665 3690
3666 3690
3667 3690
1328 3194
1329 3194
3194 3195
3194 3196
3194 3197
1328 3195
1329 3195
3195 3196
3195 3355
3355 3976
1325 1326
1325 1327
1325 1328
1325 1329
1325 3054
1326 1328
1328 1329
1328 1330
1328 2977
1326 1329
1329 1330
1329 3196
912 913
912 914
912 915
912 916
912 2260
912 2261
912 3811
913 914
913 915
913 916
913 917
914 916
914 917
915 916
915 917
915 2260
916 917
916 2260
916 2261
916 3509
916 3811
2260 2261
2261 3837
2261 4056
1045 3811
2710 3811
917 1044
917 1046
917 1788
1844 3509
1845 3509
1846 3509
3508 3509
3509 3837
1044 1045
1044 1046
1044 1047
1044 1048
1044 1049
1044 1050
1046 1047
1046 1048
1046 1049
1046 1788
1049 1788
918 919
918 3892
918 3893
919 921
3892 3893
3287 3893
921 964
921 3719
921 3722
2244 2860
2860 3079
964 965
964 969
964 3722
3718 3719
3719 3720
3719 3721
3719 3722
3287 3722
922 924
922 925
922 2287
924 925
924 1427
924 2285
924 2287
925 1427
925 2967
2285 2287
2287 3220
1424 1427
1425 1427
1426 1427
1427 1429
1427 2285
1427 2967
1425 2285
2285 2286
1429 2967
2196 2967
1236 1237
1237 1238
1237 1239
1237 1240
1237 1241
1237 2273
1236 1238
1238 1240
1054 2273
1056 2273
2273 2275
1236 1239
1236 1240
1236 1241
1240 1241
1240 2315
1053 1056
1054 1056
1056 2272
1056 2275
1056 3180
1054 2272
1055 2272
2272 3180
2275 3935
929 930
929 931
929 932
929 933
929 935
929 936
930 933
930 936
930 2581
930 3271
931 935
931 1658
931 1660
931 3901
932 936
932 944
932 947
932 1658
932 1659
933 934
933 935
933 2581
936 1659
936 1746
936 3271
934 2581
2580 2581
2581 3270
1743 3271
3270 3271
1658 1659
1658 1660
1658 1661
1658 1662
1660 1661
1660 3739
1660 3849
1660 3901
3849 3901
3901 4074
944 946
944 947
946 947
947 3671
1659 1662
1659 1746
1659 3916
934 2580
934 2582
2378 2580
2580 2582
1188 1746
1739 1746
1743 1746
1745 1746
1746 4042
937 938
937 1470
937 2281
937 2282
937 2283
937 2284
1470 2281
1470 2283
2281 2283
2281 2284
2281 2951
2282 2283
2282 2284
2283 2284
939 940
939 941
939 1306
939 1307
939 2866
939 2867
939 2868
940 941
940 942
1306 1307
1306 1308
1306 1309
1307 1308
1307 1309
1307 2867
1307 3035
2866 2868
2731 2867
2867 2868
2867 3035
2867 3715
2868 3715
942 3063
942 3064
942 3065
3063 3064
3063 3065
1309 3064
3064 3065
3064 3067
3065 3067
1940 3140
1943 3140
1944 3140
3140 3141
3140 3962
946 3671
949 952
949 954
953 954
954 2227
954 2229
954 2613
953 2421
953 2423
953 2865
2863 2864
2864 2865
2864 3181
2864 3688
2421 2865
2863 2865
2420 2421
2421 2422
2421 2423
2421 2863
2227 2423
2420 2423
2422 2423
2423 2425
2226 2227
2227 2229
2227 2230
2227 2424
2227 2425
1549 2229
1552 2229
2226 2229
2229 2230
2229 2613
2229 3833
1549 2613
2613 3833
958 960
958 961
958 962
958 963
960 962
960 1170
961 963
961 1621
961 2524
961 3088
962 1170
962 2772
962 2855
962 2856
962 2858
963 1952
963 2771
963 2773
963 3088
963 3089
1617 1621
1621 2524
1170 1171
1170 1172
1170 2856
2524 3822
1952 3088
3088 3822
1173 2772
2770 2772
2771 2772
2772 2773
2772 2858
1954 2855
2855 2856
2855 2857
2855 2858
2856 2857
2856 3687
1954 2858
1956 2858
1952 1953
1952 1956
1952 2278
1952 2279
1952 2771
1952 3089
1952 3090
2770 2771
2771 2773
2771 3089
1956 2773
2770 2773
2773 3090
2279 3089
3089 3090
965 967
965 969
965 970
969 970
967 970
967 2882
967 2884
967 3286
970 2882
970 2884
2723 3405
2724 3405
3405 3406
3405 3928
2724 3406
3406 3928
2882 2884
2882 3286
2882 4112
2386 2884
2387 2884
2884 3286
2884 4112
2386 3286
3286 3287
971 973
971 974
973 1031
973 1032
973 2745
974 1032
974 3444
974 3445
974 3657
974 3659
1316 3444
3444 3445
3444 3446
3444 3447
3446 3556
1031 1032
1032 2745
1032 3659
2742 2745
1316 3445
1317 3445
3445 3495
3445 3657
3445 3659
3495 3657
3657 3659
976 977
976 978
976 979
976 1363
976 3678
977 978
977 979
978 979
978 3253
978 3678
979 3678
1363 2256
1363 2257
1363 3678
3251 3253
3252 3253
983 984
983 985
983 1023
983 1024
984 985
984 986
984 987
984 988
985 986
985 1284
1023 1024
1024 2267
1024 3225
986 987
986 988
986 1284
986 1285
986 3122
987 988
987 1832
988 1832
988 3122
988 3158
1284 1285
1285 2520
1285 3122
1832 3122
2520 3122
3122 3158
1832 1833
1832 1834
3158 3159
3158 3160
1477 1478
1478 1479
1478 1481
1479 1481
1481 2779
1614 1615
1614 1616
1529 1530
1529 1532
1529 1615
1529 3525
1529 3889
992 993
992 1530
1530 1532
999 3045
999 3046
999 3048
999 3049
3045 3048
3047 3048
3048 3049
3048 3050
3045 3049
3047 3049
3045 3046
3045 3047
3045 3050
1220 3046
3046 3047
1000 1001
1000 1002
1000 3310
1001 1002
1001 1003
1001 1004
1001 1005
1002 1003
1002 3310
3310 3462
3310 3463
3310 3571
1003 1004
1003 1005
1004 1005
1005 2787
1005 4029
2787 3469
2787 4029
3468 4029
3469 4029
2980 2982
2981 2982
2982 3871
1009 1010
1009 1011
1009 1012
1009 1013
1009 1014
1009 1015
1010 1182
1010 1808
1010 1811
1010 3528
1010 3529
1011 1012
1011 1013
1011 1015
1011 2074
1012 1013
1012 1489
1012 1491
1013 1015
1013 2074
1013 2075
1014 1015
1014 3536
1014 3851
1015 3851
1180 1182
1181 1182
1182 3460
1182 3528
1182 3529
1808 1809
1808 1811
1808 2923
1809 1811
1811 2715
1811 3529
1108 3528
1110 3528
1181 3529
2715 3529
2070 2074
2072 2074
2073 2074
2074 2075
1489 1491
2070 2075
2072 2075
2073 2075
2075 3794
3536 3537
1017 1019
1017 1020
1017 1021
1019 1020
1019 1682
1296 1514
1298 1514
1508 1514
1514 1515
1508 1515
1020 1021
1020 2606
1020 2607
1020 3944
1021 2606
1021 2607
1021 3944
1682 1683
1682 1684
1682 1685
2606 2607
2606 2608
2606 2609
2606 2610
2607 2609
2607 2610
2607 3944
2610 3944
3224 3225
2268 3225
3225 3680
3225 3682
2267 2268
2267 2269
1972 1976
1976 1977
1976 1978
1976 3567
1976 3933
1977 3567
1978 3567
1030 3036
1030 3038
1030 3039
1030 3766
2648 3828
2879 3828
3036 3038
3036 3039
3038 3766
2798 3766
1037 1038
1037 1748
1037 1749
1037 2810
1038 1748
1038 2810
1748 2810
1747 1748
1748 1749
1748 1750
1747 1749
1749 1750
1045 1047
1045 2708
1045 2709
1047 1050
1047 2708
1047 2709
1047 2712
1048 1049
1048 1050
1048 1789
1049 1789
1050 1789
2707 2708
2708 2709
2708 2710
2708 2711
2708 2712
2708 2713
2709 2711
2709 2712
2711 2712
2712 2713
2712 3176
1789 3061
1789 3062
1053 1054
1053 1055
1055 3180
1055 4084
3180 3935
3180 4084
3180 4085
3180 4086
1057 1058
1057 1059
1057 1061
1057 1062
1057 1064
1058 1059
1058 1061
1058 1062
1058 1229
1059 1230
1059 3995
1059 4070
1061 1062
1061 1064
1061 2067
1062 1064
1064 2067
1224 1229
1227 1229
1229 1449
1229 1451
1229 4116
1224 1230
1230 1998
1230 3971
1230 3995
1230 4070
3971 3995
3972 3995
3973 3995
3995 4070
3971 4070
3972 4070
2067 2702
2601 2603
2602 2603
2603 2688
1849 2688
2530 2688
2602 2688
2688 3691
2688 4066
2688 4114
1726 3309
1726 3691
1849 3691
2530 3691
3691 4066
1068 1825
1819 1825
1821 1825
1825 3297
1825 3299
1070 1071
1070 1072
1070 3775
1070 4014
1070 4015
1070 4016
1071 1072
3773 3775
3775 4016
4014 4015
4014 4016
4015 4016
1075 1076
1075 1078
1075 1079
1075 1080
1076 1077
1076 1078
1076 1079
1076 1080
1078 1079
1078 1080
1078 2319
1077 1079
1079 1080
1079 2319
1079 2321
1079 2760
1080 2319
1080 2321
1080 3521
1077 2760
2760 2761
2760 2762
2319 2321
2321 2748
2321 2749
2748 3521
2749 3521
1083 1084
1083 1085
1084 1085
1085 3027
1347 3027
2693 2694
2693 2889
1087 1088
1087 1089
1087 1090
1088 1090
1088 2838
1089 1090
1089 2838
1089 3424
1089 3426
1089 3917
1089 3939
1089 3940
1090 3917
1090 3940
2340 2838
2341 2838
2838 3917
2340 3424
3423 3424
3424 3425
3424 3426
3424 3917
3423 3426
3425 3426
3426 3917
3917 3939
3917 3940
3364 3939
3365 3939
3939 3940
3364 3940
1771 1773
1773 1927
1773 1928
1773 2338
1773 2340
1773 3758
1947 1949
1947 1950
1947 1951
1927 2338
1928 2338
2338 2340
2338 3427
2338 3758
2339 2341
2339 3758
2340 2341
2340 3423
2340 3427
2340 3758
1949 3422
3422 3516
3423 3427
3427 3516
3427 4038
3516 4038
3777 4038
1093 1094
1093 1095
1093 1096
1094 1096
1094 2847
1094 3493
1094 3494
1095 1096
1095 3814
1096 2846
1096 2847
1096 3493
1096 3494
1096 3814
1921 2847
2845 2847
2846 2847
2847 3190
2847 3419
2847 3494
3493 3494
3190 3494
2460 3814
2846 3814
1921 2846
2459 2846
2460 2846
1098 1099
1098 1100
1098 1102
1098 1103
1098 1466
1098 3961
1099 1100
1099 1101
1099 1102
1099 1103
1099 1104
1100 1103
1100 3185
1100 3961
1102 1103
1102 1104
1102 1466
1102 1467
1102 1468
1101 1103
1466 3865
1466 3866
1466 3961
1466 4115
3185 3961
3864 3961
3866 3961
3898 3961
3960 3961
1101 3185
1101 3586
1101 3587
1104 1468
3182 3185
3584 3586
3586 3587
3584 3587
1467 1468
1467 4115
1106 1107
1106 1108
1106 1110
1107 1108
1107 1256
1107 3460
1107 3546
1108 1110
1108 3460
1110 3537
1251 1256
1255 1256
1256 3918
1180 3460
2567 3546
2569 3546
3546 3745
1111 1112
1111 1113
1111 1114
1111 2365
1111 3891
1112 1113
1112 1114
1112 1115
1112 1116
1113 2365
1114 1116
1605 2365
1606 2365
2365 3891
1605 3891
1115 1116
1115 1316
1115 1317
1116 1316
1116 1317
1116 3446
1116 3447
1316 1317
1316 3446
1316 3447
1317 3447
1317 3495
3446 3447
1119 1120
1119 1121
1119 1122
1119 1123
1119 1124
1120 1122
1120 1365
1120 3177
1120 3178
1121 2154
1121 2155
1121 3797
1121 3798
1122 1123
1122 1365
1122 3634
1122 3685
1123 1366
1123 1368
1123 1369
1124 1369
1124 3024
1124 3025
1124 3026
1365 1366
1365 1367
1365 3685
2156 3177
3177 3545
3178 3634
2153 2154
2154 2155
2154 2156
2153 2155
2155 3729
2155 3797
2155 4068
3731 3797
3797 3798
2604 3634
3589 3634
3633 3634
1368 3685
2604 3685
1366 1367
1366 1368
1366 1369
1366 1370
1366 1371
1366 1372
1367 1368
1368 1370
1368 1371
1369 1370
1369 3024
1369 3026
2413 3024
3024 3025
3024 3026
3025 3026
3025 4107
3026 4107
1125 1126
1125 1127
1125 1128
1125 1129
1126 1128
1126 2734
1126 2735
1126 3751
1126 4109
1127 1129
1127 2737
1127 2831
1127 2832
1127 4108
1127 4109
1128 2734
1128 2737
1129 2737
1196 2734
2734 2735
1194 2735
1196 2735
3157 3751
3330 3751
3748 3751
3750 3751
3751 3923
3330 4109
4108 4109
2737 2832
2737 2833
2831 2832
2831 3329
2831 3330
2144 2832
2832 2833
3330 4108
1131 1132
1131 2553
1131 2805
1131 2807
1132 2807
1132 3981
1132 4101
2552 2553
2553 2554
2553 2555
2553 2804
2553 2805
2553 2807
2804 2805
2805 3683
2804 2807
3980 3981
3981 3982
3981 4101
3982 4101
2194 2303
2198 2303
2299 2303
2301 2303
2302 2303
2303 2959
2198 2959
1136 1137
1136 1861
1136 3073
1137 1861
1137 3073
1137 3515
1858 1861
1860 1861
1861 3073
1860 3073
2334 3456
2335 3456
3456 4030
1141 1142
1141 2906
1141 3040
1141 3041
1141 3042
1141 3043
1141 3044
1141 3527
1142 1143
1142 1145
2904 2906
2906 2908
2906 3040
2906 3042
2906 3527
3040 3041
3040 3042
3040 3043
3040 3527
3041 3042
3041 3043
3041 3044
2907 3042
2908 3042
3042 3043
3042 3044
3042 3527
3043 3044
2907 3527
2908 3527
1143 1145
1143 1439
1143 1440
1143 1443
1145 1439
1145 1441
1145 1443
1439 1440
1439 1441
1439 1443
1441 1443
1146 1147
1146 1148
1146 1599
1146 3799
1147 1148
1147 1149
1147 1150
1147 1151
1148 1151
1148 2053
1150 1599
1674 3799
1149 2426
1149 2427
1151 2426
2052 2053
2426 2427
2426 2428
2427 2428
2427 3274
2427 3275
1152 1153
1152 1154
1152 1155
1153 1154
1153 1449
1153 1450
1153 1451
1155 1450
1155 2659
1227 1449
1449 1450
1449 1451
1449 4116
1450 1451
1450 4116
1451 4116
1383 2659
2335 2659
1157 1159
1157 3397
1159 3397
3359 3397
3234 3235
3235 3237
1163 1164
1163 1165
1163 1167
1163 1168
1163 2120
1164 1165
1164 1167
1164 1168
1165 1167
1165 1168
1165 2120
1165 3353
1165 3354
1165 3985
1167 1397
1167 2120
1167 3353
1167 3354
1168 2800
1168 2801
1168 2802
1168 2803
1168 3083
1168 3084
1168 3354
1387 3353
1388 3353
3353 3354
3353 3985
3353 3986
1387 3354
2803 3354
3354 3985
1387 3985
1388 3985
3985 3986
3016 3970
3164 3970
3165 3970
3325 3970
3326 3970
1396 1397
1397 1398
1397 1399
2800 2801
2800 2802
2800 2803
2800 3083
2800 3084
2801 2802
2801 3084
2802 2803
2802 3662
1387 2803
1388 2803
2803 3661
2803 3662
2803 4004
3083 3084
3083 3562
3083 3564
3084 3564
1171 1172
1171 1173
1172 1173
1173 2770
2016 3850
3600 3601
1179 1181
1180 1181
2848 2853
1186 1187
1186 1188
1186 1190
1186 1191
1187 1188
1187 3916
1187 3991
1187 4042
1188 1191
1188 1745
1188 4042
1190 2091
1190 2094
1190 2401
1191 3252
1662 3916
2259 3916
3916 4042
1739 1745
1745 3252
2091 2094
2093 2094
2091 2092
2091 2093
2093 2401
2401 3252
2401 3383
3251 3252
1194 1196
2626 2627
2626 2979
2627 2629
2627 2631
1245 2629
2629 2631
2978 2979
1198 1200
1198 1201
1200 1201
1201 3965
2826 2827
2826 2828
2827 2828
3813 3965
3862 3965
3965 4144
3965 4145
3297 3298
3298 3299
1205 1206
1205 1207
1205 1208
1206 1568
1206 1570
1206 1795
1206 2097
1206 2494
1207 1208
1207 1647
1207 1650
1207 2496
1208 1651
1567 1568
1568 1569
1568 1570
1568 1571
1568 1795
1567 1570
1569 1570
1570 1571
1570 1795
1571 1795
1795 1796
1796 2097
2096 2097
2097 2098
2097 2494
2097 2495
2494 2495
2494 2496
1646 1647
1647 1648
1647 1650
1647 1651
1647 2495
1647 2496
1646 1650
1648 1650
1650 1651
2495 2496
1646 1651
1651 4103
1351 1352
1351 1353
1351 1926
1352 1353
1352 1354
1352 1926
1352 1928
1352 1929
1353 1354
1353 1926
1353 1929
1354 1926
1354 1927
1354 1928
1354 1929
2416 2417
2416 2537
2416 2538
1419 2417
2417 2479
2417 2538
2417 3387
1213 1214
1213 1216
1213 1217
1213 1759
1213 3420
1214 1216
1214 1217
1216 1217
1216 1759
1216 2070
1216 3420
1217 2070
1217 3793
1217 3794
1759 2070
1759 2072
1759 3420
2070 2072
2070 2073
3596 3793
3793 3794
2073 3794
3794 4106
1218 1220
1218 1221
1223 1224
1223 1225
1223 1226
1223 1227
1223 1228
1223 4116
1224 1225
1224 1226
1224 1227
1224 1228
1225 1226
1225 1228
1225 1822
1225 1998
1226 1228
1226 1822
1226 1824
1226 1998
1227 1228
1819 1822
1821 1822
1822 1823
1822 1824
1822 1998
1823 1998
1824 1998
1998 3971
1998 3972
1819 1824
1823 1824
3971 3972
3971 3973
1233 1796
1233 2834
1796 2098
1796 2495
1796 2834
2098 2834
2549 2550
2550 2551
2550 3018
2550 3752
1239 1241
1239 1949
1239 2315
1241 2315
1949 1950
1949 1951
1949 2545
2314 2315
2315 2318
1242 1243
1242 1245
1242 1246
1242 1247
1242 2631
1243 1245
1243 1246
1243 1247
1243 1248
1243 1249
1245 2631
1246 1247
1246 2631
1247 1248
1248 1249
1249 1378
1294 1378
1297 1378
1377 1378
1378 2138
1250 1251
1250 1252
1250 1253
1250 1255
1251 1252
1251 1253
1251 1254
1251 1255
1252 1253
1252 1254
1252 3710
1253 1255
1253 3710
1255 3918
1254 2380
1254 2493
2380 2381
2380 2382
2380 2383
2381 2493
2383 2493
2384 2493
2493 3394
2493 3950
2567 3918
1257 1258
1257 1259
1258 1259
1258 3240
1258 3241
1259 3241
2189 3240
3240 3781
3240 3882
3241 3781
1546 1547
1546 1548
1340 1548
1548 1737
1548 2572
1548 2573
1548 3153
1548 3154
1701 1703
1703 3151
1703 3152
3151 3153
3152 3153
3153 3154
2231 2234
2231 2235
1446 2234
2234 2235
1446 2235
2235 3327
2022 2026
2024 2026
2025 2026
2026 2027
2026 3483
2026 3484
2022 2027
2025 2027
2027 3483
2027 3484
1717 1718
1717 3300
2441 3506
2441 3992
1276 1277
1276 1278
1276 1279
1277 1278
1277 1279
1277 1406
1277 2502
1278 1406
1278 2502
1279 2502
1279 3812
1279 3813
1279 3862
1406 2502
1406 2976
1406 2991
1897 3812
3812 3813
3812 3862
1897 3813
3813 3862
3862 4145
1367 1370
1367 1371
1367 1372
1370 1372
1371 1372
1286 1287
1286 1288
1286 1289
1286 1290
1287 1288
1287 1289
1287 1290
1287 1291
1288 1289
1288 3263
1289 1290
1289 2673
1290 2033
1290 2673
1291 2031
1291 2032
1291 2033
1291 2673
3262 3263
3263 3265
3263 3266
3263 3267
2031 2673
2033 2673
2031 2033
2032 2033
2033 2034
2033 2035
2031 2032
2031 2034
2031 2035
2032 2034
2032 2035
1292 1293
1292 1294
1292 1295
1292 1296
1292 1297
1292 1298
1292 1299
1293 1294
1293 1692
1294 1297
1294 1377
1295 1508
1295 2740
1296 1298
1296 2740
1298 2756
1298 2840
1299 2755
1299 2756
1691 1692
1692 1694
1692 2739
1692 2740
1692 3908
1507 1508
1508 1509
1508 1510
1508 1511
1508 1512
1508 1513
1694 2740
2740 2835
2755 2756
1683 2840
2840 2841
2840 2843
2840 2844
2755 3683
2755 3684
1300 1301
1300 1304
1300 1925
1300 2276
1301 1302
1301 1303
1301 1304
1302 1304
1304 2797
1303 1925
1601 1925
1922 1925
1923 1925
1925 2077
1925 2078
1925 2079
2077 2276
2078 2276
2276 3349
2276 3351
1302 2794
1302 2795
1302 2796
1302 2797
1302 2798
1303 1601
1303 1604
1303 3909
2793 2794
2794 2796
2794 2798
2795 2797
2795 3857
2796 2798
2797 3857
1601 1602
1601 1603
1601 1922
1601 1923
1601 1924
1602 1604
1603 1604
1604 1606
1603 3909
1924 3909
3909 3957
1308 1309
1308 3244
1309 3243
1309 3244
2730 3035
2731 3035
3243 3244
3244 3919
3244 3920
3243 3919
3243 3920
1310 1313
1310 3181
1313 3582
3181 3688
2250 3582
2687 3582
3582 3894
2634 2635
2634 2637
2634 2638
2634 2660
2634 2662
2634 2665
2635 2638
2635 2660
2635 2662
2635 2665
1938 2636
2636 2637
2636 2638
2636 3143
2636 3144
1938 2637
2637 2638
2637 3020
2637 3144
2638 2665
2466 2477
2476 2477
2477 2812
2477 3703
2244 3079
3079 3081
1326 1327
1326 1330
1326 1331
1326 1332
1327 1771
1327 2746
1327 3166
3053 3054
3054 3055
1330 1331
1330 1332
1330 2527
1330 2747
1330 2977
1331 1332
1331 1774
1331 2746
1331 2747
1331 2977
1332 1771
1332 1774
1332 2746
1332 2747
1771 1772
1771 1774
1772 2746
1774 2746
1772 3166
3055 3166
3166 3502
2525 2977
2527 2977
2747 2977
3196 3197
3196 3355
2525 2527
2527 2747
1774 2747
1333 1334
1333 1335
1333 1336
1333 1337
1334 2921
1335 1336
1335 1337
1335 3183
1335 3184
1336 1337
1336 3183
1336 3898
1336 3960
1336 4083
1337 2359
1337 3898
1337 3960
2921 2922
2619 3183
3182 3183
3183 3184
3183 3898
2619 3184
3182 3184
3864 3898
3866 3898
3898 3960
3864 3960
3866 3960
4082 4083
2359 2360
2359 2361
2359 2363
2359 2364
1339 1340
1339 1343
1339 1346
1339 1347
1340 1343
1340 2572
1340 2573
1343 1346
1343 2573
1343 3503
1346 1347
1346 2888
1346 3503
1347 2888
1547 2572
2573 3154
2573 3503
2434 2435
1737 3503
1738 3503
2044 2888
2887 2888
1968 2374
2374 2375
2374 2376
2374 2377
2374 2378
2374 2379
2375 2377
2377 2378
2377 2379
2377 3201
2375 2379
2376 2379
2378 2379
2379 3201
2375 3201
1926 1929
1926 3002
1927 1928
1928 1929
1928 2890
1927 1929
1927 3758
1355 1357
1355 1359
1357 1358
1357 1359
1357 3396
1357 3541
1359 3541
1358 3540
1358 3541
3540 3541
3541 4022
1551 3540
1553 3540
3540 4022
3540 4140
2256 2257
2257 2258
2256 2258
1370 1371
1370 2410
2410 2412
2410 2413
2410 2414
1374 1375
1375 4139
4074 4139
1379 1537
1379 3704
1775 2138
1537 1764
1537 1770
1764 3704
1380 1381
1380 1382
1380 1383
1380 1384
1381 1382
1381 1383
1381 2334
1381 2335
1382 2334
1382 3470
1382 4031
1382 4122
1383 2335
1384 2793
1384 2836
1384 4122
2334 2335
2334 3470
2334 4030
3101 3470
3469 3470
3470 4030
3470 4031
3469 4031
4031 4122
3104 4122
2793 2836
2836 2837
1385 1386
1385 1389
1385 2213
1385 2216
1386 1387
1386 1388
1386 1389
1389 3661
1389 4004
1872 2213
2212 2213
2213 2214
2213 2215
2213 2216
1387 1388
1387 3986
1388 3986
3661 3662
3662 4004
1390 1391
1390 1392
1390 1393
1390 1394
1390 1395
1391 1392
1391 1393
1391 1394
1391 2535
1391 4017
1392 1393
1392 1394
1392 2535
1393 1394
1393 1395
1393 3538
1394 1395
1394 3538
1394 3539
1395 3538
1395 3539
2535 4017
4017 4018
3538 3539
1423 3539
3388 3539
1396 3325
1396 3326
3325 3326
3326 3818
1398 1399
1399 3673
1399 3674
2886 3673
3673 3674
2726 3674
2886 3674
1400 1402
1400 2976
1402 2976
2976 2991
1407 1408
1407 1411
1407 1622
1407 2430
1408 1409
1408 1410
1408 1411
1408 1412
1408 1413
1411 1413
1411 1622
1411 1623
1622 2430
1409 1410
1409 1412
1409 1413
1409 1623
1409 2170
1409 3301
1410 1412
1410 1474
1410 1475
1410 1476
1410 3301
1412 1413
1412 1474
1412 2170
1412 3301
1413 1623
1623 2170
1623 2171
2166 2170
2167 2170
2169 2170
2170 2171
2170 2172
2170 2173
1474 3301
1475 3301
1476 3301
1472 1474
1474 1476
1472 1475
1475 1476
1475 2876
1472 1476
1414 1415
1414 1416
1414 1590
1414 1593
1414 2458
1414 2924
1414 2927
1415 1416
1415 1417
1416 1590
1416 1595
1590 1591
1590 1593
1590 2924
1590 2928
1591 1593
1592 1593
1593 2924
1593 2928
1417 2458
2458 2459
2458 2460
2924 2925
2924 2926
2924 2927
2924 2928
2459 2927
2926 2927
1417 3032
1591 1595
1594 1595
1595 2028
1595 2030
1526 3032
1418 1419
1418 1421
1418 1422
1418 1423
1419 1421
1419 2479
1419 2481
1419 3387
1419 3459
1421 1423
1421 2538
1421 3387
1422 2481
1423 3387
1423 3388
1423 3389
2479 2480
2479 2481
2480 2481
2481 3459
2537 3387
2538 3387
3384 3387
3386 3387
3387 3388
2509 3459
2537 2538
2538 3386
3384 3388
3386 3388
3388 3389
3388 3602
3388 3603
3384 3389
3386 3389
3389 3390
3389 3602
3389 3603
1424 1425
1424 1426
1424 1428
1424 1429
1424 1430
1424 1431
1424 1432
1425 1426
1425 1428
1425 1845
1425 2286
1426 1428
1426 1429
1428 1430
1428 1847
1428 3061
1428 3062
1428 3510
1429 1432
1430 1431
1430 3061
1430 3568
1431 1432
1431 3568
1431 3569
1432 2157
1432 2196
1843 1845
1845 1846
1845 2286
1845 3508
1845 3510
2286 3220
2286 3508
1843 1847
1847 3062
1847 3510
3061 3062
3061 3568
2710 3510
3568 3569
3569 4025
2157 2158
2157 2160
2157 2161
2158 2196
2191 2196
2195 2196
2196 2198
1433 1434
1433 1435
1433 1436
1433 1437
1433 1438
1434 1435
1434 1436
1434 3070
1435 1436
1436 1437
1436 1438
1437 1438
1437 2036
1438 2036
1438 2037
1438 2039
2036 2037
2036 2038
2036 2039
2037 2038
2037 2039
2037 2723
2038 2039
2039 2723
2039 2724
1445 1446
2965 3015
3015 3016
3015 3017
3016 3164
3016 3165
3164 3165
2965 3165
1809 1810
1809 1812
1810 1812
1812 3588
1812 3589
2714 2715
2715 3543
3542 3543
3543 3545
2156 3545
3542 3545
3588 3589
3589 3633
3935 4032
3935 4085
3935 4086
3935 4148
1460 1461
1460 1462
1460 1463
1460 1464
1460 1465
1461 1462
1461 1463
1461 2133
1462 1463
1462 1464
1463 1464
1463 1465
1463 2661
1463 2663
1464 1465
1464 2663
1465 2663
1465 2664
1680 2133
2133 2134
2660 2661
2661 2662
2661 2663
2661 2664
2662 2663
2663 2664
2660 2664
2662 2664
2664 2665
3864 3865
3865 3866
1586 1587
2371 2876
2876 2877
2876 2878
1477 2471
1477 3563
1477 3707
1477 3743
2471 3743
1799 3563
3561 3563
3563 3564
3563 3577
3563 3707
3742 3743
1479 1799
1799 3577
1799 3579
1616 2779
2779 2780
2779 2781
1482 1483
1482 1485
1482 2915
1482 3121
1483 1485
2913 2915
2914 2915
2915 2916
2915 2917
2915 2920
2915 3121
2914 3121
2916 3121
3117 3121
3120 3121
1495 1496
1495 3375
1495 3376
1496 3374
1496 3376
3374 3376
3375 3376
3376 3378
3374 3375
3375 3378
3374 3377
3374 3378
1497 1498
1497 1499
1497 1500
1497 1501
1497 1502
1497 1503
1498 1499
1498 1500
1498 1910
1498 1914
1498 1915
1498 2418
1499 1500
1499 1910
1499 1914
1499 1916
1499 2247
1499 2418
1499 2419
1500 1502
1500 1503
1500 2418
1501 1502
1501 2648
1501 2879
1502 1503
1502 2418
1502 2648
1503 2247
1503 2418
1503 2648
1910 1911
1910 1912
1910 1913
1910 1914
1910 1915
1910 1916
1911 1914
1914 1915
1911 1915
1913 1915
1915 1916
2418 2419
1916 2247
1916 2419
1916 2895
1916 2900
1916 4021
2247 2248
2247 4021
2419 2895
2419 2897
2419 2900
2249 2648
2648 2879
1507 1509
1507 1510
1507 2835
1509 1510
1509 1511
1509 2835
1510 1511
1510 1512
1510 1513
2739 2835
1511 1512
1511 1513
1512 1513
1512 1733
1513 1733
1516 1517
1516 1518
1516 1519
1516 1521
1517 1519
1517 3845
1518 1772
1518 3502
1518 3845
1519 1521
1519 1737
1519 1738
1521 1738
3502 3845
1772 3502
1737 1738
1737 4055
1524 1790
1524 3531
1524 3711
3531 3588
1790 1791
1790 1792
1791 3711
3588 3711
3633 3711
1564 1565
1564 1792
1564 3092
1526 1527
1527 1528
1528 3346
1528 3347
3346 3347
3346 4128
1532 3525
1545 1615
1615 3889
1615 3890
3525 3889
1545 3889
3889 3890
2361 2364
2363 2364
1764 1765
1764 1775
1765 1770
1769 1770
1770 2804
1770 2806
1770 3800
2804 2806
2521 2523
2523 3683
2523 3684
1540 1543
1540 1544
1540 1545
1543 1544
1543 1545
1544 3458
1545 3890
2579 3458
2780 3458
3458 3635
3458 3636
1547 2449
1547 2451
2449 2450
2449 2451
2450 2451
2451 3282
3152 3154
3154 4055
1549 1550
1549 1552
1549 1553
1549 2226
1549 3833
1550 1551
1550 1552
1550 1553
1552 1553
1552 3833
1551 1553
1553 3833
1553 4140
2225 2226
2226 2228
2226 2230
3833 4140
1551 2228
1551 4022
2225 2228
2228 3735
2228 4022
2456 4022
3735 4022
4022 4043
1555 1556
1555 1557
1556 1843
1556 2776
1556 3283
1843 1844
1843 1846
1557 1731
1557 3663
1857 2776
2774 2776
2776 2778
1844 3283
2532 3283
2774 3283
1731 3663
1560 1562
1562 1563
1562 3650
1562 3756
1563 2586
1563 2587
1563 2588
1563 3650
1563 3756
2586 3650
2587 3650
2588 3650
3650 3756
2585 2586
2586 2587
2586 2588
2585 2587
2587 2588
2587 2590
2585 2588
2588 2589
2588 2590
1565 3092
1565 3842
1565 4068
1792 3092
3092 3727
3092 3760
3727 3842
3729 3842
3760 3842
3842 4068
2153 4068
1566 1567
1566 2565
1567 1569
1567 1571
1567 1572
1567 1573
1569 1571
1569 1572
1569 1573
1571 1573
1572 1573
1572 3522
1573 3522
1573 3999
3522 3999
3522 4000
3999 4000
3999 4001
1576 1577
1576 1579
1576 1580
1576 4052
1577 1580
1577 1798
1579 1580
1579 3913
1579 4052
1580 3913
1580 4052
3913 4052
1798 2251
1798 3912
1798 3913
3912 3913
2622 2624
2622 3007
2622 3434
2622 3548
2622 3549
2622 4027
2623 2625
2623 3008
2624 2625
2624 3007
2624 3008
2624 3009
2625 3008
3008 3009
1587 2559
1591 1592
1591 1594
1592 2928
1594 2028
1594 2670
1594 2672
2028 2029
2028 2030
1609 2670
1613 2670
2670 2671
2670 2672
1613 2672
2029 2672
2672 3754
2030 4078
2084 2244
2242 2244
2244 3081
2957 3059
2957 3060
1602 1603
1602 1605
1602 1606
1603 1924
1603 3957
1922 1923
1922 1924
1923 1924
1924 3957
1605 1606
1607 1608
1607 1609
1607 1610
1607 1611
1607 1612
1607 1613
1608 1609
1608 1610
1608 1761
1609 1612
1609 1613
1609 2060
1609 3136
1609 3137
1610 1611
1611 1613
1612 1613
1612 3137
1612 3780
1613 3136
1613 3754
1613 3780
1761 2671
1761 3339
1761 3461
1761 3656
2058 2060
2059 2060
2060 2061
2060 3136
2061 3136
3136 3137
3136 3138
3136 3139
3137 3139
2499 3780
3139 3780
3754 3780
2029 3754
2499 3754
3192 3754
3753 3754
1616 2780
1616 2781
1616 2782
2579 2780
2780 2781
2780 2782
2577 2781
2579 2781
2781 2782
2579 2782
2782 3637
2782 4049
1617 1618
1617 1619
1617 1620
1618 1619
1618 1655
1618 2002
1618 2004
1618 3211
1619 1620
1619 1655
1619 3211
1619 3255
1620 3255
1620 3821
1620 3899
1620 3900
1653 1655
1654 1655
1655 3211
1655 3255
1655 3258
2001 2002
2002 2004
2001 2004
2004 2135
2004 2137
2004 3211
1653 3211
2135 3211
2137 3211
3255 3256
3255 3257
3255 3899
3607 3821
3653 3821
3821 3900
3899 3900
3257 3900
3653 3900
2166 2171
2167 2171
2171 2173
1624 1625
1624 1626
1624 1627
1625 1626
1625 1627
1625 1628
1625 1629
1625 1631
1626 1629
1626 1630
1626 1631
1627 1628
1628 3591
1629 1630
1629 1631
1629 1826
1629 1827
1630 1631
1631 1827
1631 2639
1630 1827
1630 2639
3590 3591
3591 3686
3591 4097
1826 2570
1826 3989
1827 2639
2639 3021
2639 3022
2639 3113
1632 1633
1632 1634
1632 1635
1632 1636
1633 1634
1633 1635
1633 1636
1633 2346
1634 1635
1634 2346
2342 2346
2344 2346
2345 2346
1638 1639
1638 1640
1638 1641
1638 1642
1639 2204
1639 2347
1639 2352
1639 2986
1640 1641
1640 1642
1640 3963
1641 1642
1641 2929
1641 3963
1642 3963
2204 2207
2204 2352
2204 2986
2347 2348
2347 2350
2347 2351
2347 2986
2347 3327
2347 3808
2348 2352
2351 2352
2352 2986
2207 2986
2929 3963
3963 4059
2172 2929
2929 3670
2929 4059
3128 3130
3129 3130
3130 3736
3130 3738
1646 1648
3019 3752
4007 4103
2812 3703
3703 4007
1653 1654
1653 2137
1654 1656
1654 1657
2001 2137
2135 2137
2136 2137
1656 1841
1656 1842
1656 4048
1657 3258
1657 3407
1657 3816
1657 3966
1657 3975
1657 4048
3256 3258
3258 3816
1840 1841
1841 2909
1841 2910
1840 1842
1842 4048
1842 4056
3966 4048
3407 3408
3407 3816
3407 3966
3816 3974
2857 3966
3410 3966
3966 4069
3409 3975
3974 3975
1661 1662
1661 3877
1661 3878
1661 3879
1662 3877
1662 4023
2268 3739
3739 3740
3739 3849
3739 3879
2268 3849
3682 3849
3877 3878
3877 3879
3878 3879
3878 3902
3879 3902
3914 4023
3915 4023
1677 1680
1677 2245
1677 2246
1679 1680
1679 2548
1679 2551
1679 3018
1679 3755
1680 2548
2245 2246
2454 2992
2992 2993
2992 2994
2992 3755
2455 3018
2551 3018
3018 3019
3018 3755
2551 3755
2548 2549
2549 2551
2551 3019
1683 2841
1684 1865
1685 1982
1685 2943
2262 2841
1865 3648
1982 1983
1982 1984
1982 1985
1984 2943
1985 2943
2943 2944
2943 2945
2943 2946
1686 1688
1691 1694
1691 2739
1691 3908
1694 2739
2739 3908
3908 3952
1695 1696
1695 1697
1695 1698
1695 1700
1696 2010
1696 2012
1696 2820
1696 2821
1696 2823
1697 1700
1697 2013
1698 1700
1698 2163
1698 2823
1700 2163
1700 2164
2010 2011
2010 2012
2010 2013
2012 2013
2012 2821
2820 2821
2820 2823
1701 1704
1701 1705
1704 2305
1704 2306
1704 3151
1704 3152
1705 2306
3151 3152
2305 3152
2304 2305
2305 2306
2305 2307
2304 2306
1706 1707
1706 1708
1706 1709
1706 1711
1706 2667
1706 2668
1707 1708
1707 1709
1707 1710
1707 1711
1707 1712
1708 1709
1708 1710
1708 2668
1709 1710
1709 1711
1709 2668
1711 1712
1711 2903
2667 2668
2667 3457
2667 3868
1710 2668
2668 3457
1712 3455
2903 2904
2903 2905
2903 3455
2905 3455
2907 3455
1713 1714
1713 1715
1713 1716
1714 1716
1714 2221
1714 2222
1714 2223
1714 2248
1714 2249
1714 2872
1716 2222
1716 2223
2221 2222
2221 2248
2221 2249
2222 2223
2223 2869
2223 2872
2248 2249
2869 2872
2870 2872
2871 2872
1719 1720
1719 1721
1719 1722
1720 1721
1720 1722
1720 1723
1720 1725
1721 1723
1721 3764
1721 4117
1721 4118
1722 1723
1722 3380
1722 3381
1722 3614
1723 1725
1723 2988
1723 3614
1725 3764
1725 3765
3763 3764
3764 3765
4117 4118
3762 4118
3380 3381
3380 3614
2988 3614
3763 3765
1739 1742
1739 1743
1742 3251
1743 3270
1747 1750
1747 1751
1747 1752
1747 1753
1750 1752
1751 1752
1751 1753
1752 1753
2072 2073
3021 3023
3022 3023
3023 3113
3022 3113
2671 3461
2057 3339
3337 3339
3338 3339
3339 3461
3339 3656
3461 3656
3337 3656
1765 1766
1765 1769
1775 1776
1775 3677
1766 2081
1769 3800
2806 3800
2931 3800
1776 1778
2469 3677
2390 3777
2388 2389
2388 2390
2389 2390
1785 1786
1785 1787
1786 1787
1786 3654
1787 3115
1787 3654
1787 3655
2225 3654
3654 3655
2994 3115
3114 3115
3115 3116
3655 3734
3655 3735
3633 3823
2096 2098
2250 2251
2761 3577
3577 3578
3577 3579
3578 3579
1852 1853
1852 1854
1852 1856
1852 2331
1969 2330
1969 2331
1969 2332
1969 3333
1856 2331
2330 2331
2331 2332
2331 2491
1970 2262
1970 2519
1970 3331
2516 2518
2516 2519
2265 2519
2518 2519
2922 2923
2923 3234
1810 3588
3588 3633
1813 1816
1813 1817
1813 1818
1816 1817
1816 1818
1816 2482
1816 2484
1817 1818
1817 2484
1818 2482
1818 2483
1818 2484
2482 2483
2482 2484
2483 2484
1819 1820
1819 1821
1819 1823
1820 1821
1820 4002
1821 1823
1821 3297
3297 4002
3299 4002
3297 3299
2568 2570
2570 2942
3391 3989
3392 3989
1833 1834
1834 3835
1834 3836
3159 3835
3835 3836
3159 3836
3160 3836
3432 3485
3433 3485
3434 3485
3485 3580
3485 3581
3485 4028
3580 3581
2393 2892
2890 2892
2892 2894
2393 2890
2890 2894
2909 2910
2910 2911
1844 1846
1844 2532
1846 2532
1846 3837
2103 2532
2532 2774
2532 2775
2710 3508
3508 3837
1849 2530
2530 4066
1853 1854
1853 1855
1853 1856
1854 1855
1854 1856
1854 2653
1854 2654
1854 3398
1856 2655
1855 2199
1855 3398
1855 3399
2653 2654
2654 2655
2654 2656
3398 3399
2199 2200
2199 3399
2199 3400
3399 3400
2491 2655
2655 2656
1857 1858
1857 1859
1857 2774
1857 2775
1857 2777
1857 2778
1858 1859
1858 1860
1859 2160
1859 2777
1859 4102
2774 2775
2195 2775
2775 2777
2160 2777
2195 2777
2158 2160
2160 2161
2160 4102
2161 4102
2964 4102
3774 4102
3561 3562
3561 3564
3562 3564
3404 3648
1866 1867
1866 1868
1866 1870
1866 3651
1866 3652
1867 1868
1867 1869
1867 1870
1867 1871
1867 1872
1868 1869
1868 1870
1868 1871
1870 3651
1870 3652
3651 3652
1869 1871
1869 1872
1869 2212
1871 1872
1871 2212
1871 2214
1872 2212
1872 2214
1872 2215
2212 2214
2212 2215
2214 2215
1874 1876
1878 1879
1878 1880
1878 1881
1878 3059
1878 3390
1879 1880
1879 1881
1880 3059
1880 3390
1881 2014
1881 2015
1881 2016
2015 3059
3059 3060
3059 3390
3384 3390
2014 3746
2015 3060
2016 3746
1883 1884
1883 1885
1883 1886
1883 1887
1883 1888
1884 1885
1884 1886
1884 2850
1884 3087
1884 3612
1885 1887
1885 3612
1885 3613
1886 1888
1886 2854
1887 1888
1887 3245
1887 3697
1887 3698
1888 3697
1888 3698
2848 2850
2850 2851
2850 2852
3087 3873
2143 3612
2143 3613
2144 3613
2505 3613
3245 3613
2848 2854
2851 2854
2852 2854
2505 3245
3245 3246
3246 3697
3697 3698
2447 3698
2009 2985
2009 3570
2678 3506
3506 3992
3506 4047
2677 3992
2678 3992
3992 4047
2677 4047
2678 4047
2679 4047
1895 1896
1895 1897
1896 1897
3357 3365
3364 3365
1904 1905
1904 1906
1904 1907
1904 1908
1904 1909
1905 1906
1905 1908
1905 2353
1905 2748
1905 2749
1906 1907
1906 1908
1906 2353
1906 2749
1907 1908
1907 1909
1908 1909
1908 2353
2353 2749
2748 2749
1911 1912
1911 2083
1911 2085
1911 2086
1912 1913
1912 2085
1912 2086
1913 2085
1913 2086
2082 2083
2083 2084
2083 2085
2083 2086
2085 2086
2895 2896
2895 2897
2895 2898
2895 2899
2895 2900
2871 2900
2896 2900
2897 2900
2898 2900
2871 4021
1917 1918
1917 1919
1917 1920
1917 1921
1918 1919
1918 2845
1918 3336
1919 1920
1919 2925
1919 2926
1919 3336
1919 3876
1920 1921
1920 2459
1920 2925
1920 2926
1920 3876
1921 2459
1921 2845
2845 3419
2057 3336
2925 3336
2057 2925
2925 2926
2925 3338
2926 3876
2077 2078
2077 3351
2078 2079
2078 3351
2079 3617
2079 3870
2894 3002
3002 3666
1930 1931
1930 1933
1930 2541
1930 2542
1931 1933
1933 2541
1933 2542
2541 2542
2541 2996
2542 2937
2542 2996
2542 3559
1938 1939
1938 3143
1938 3144
1939 1940
1939 1941
1939 1942
1939 1943
1939 1944
3020 3143
3116 3143
3143 3144
3020 3144
1940 1943
1940 1944
1940 3141
1941 1942
1941 3142
1941 3209
1941 3210
1942 1943
1942 1944
1942 3142
1943 1944
1943 3141
1943 4074
1944 3141
1944 3142
3108 3209
3208 3209
3209 3210
3108 3210
3109 3210
3208 3210
1950 1951
1950 2437
1950 2545
2543 2545
2544 2545
2436 2437
2437 2438
2437 3769
2437 3770
2437 3801
1953 1954
1953 1955
1953 1956
1953 1957
1956 2279
1956 3090
1957 2278
2278 2279
2278 2280
2278 3631
1957 2279
2279 2280
2279 3090
1954 2857
1954 3411
1955 3630
1955 3631
1957 2280
2857 3410
2857 3687
2857 4069
3408 3411
3410 3411
3610 3630
3609 3631
1963 1964
1963 1966
1963 1968
1964 3107
1966 1967
1966 1968
1967 1968
1968 2375
1967 3107
2376 3107
3107 3108
3107 3109
1967 2375
2375 2376
2330 2332
2330 2333
2332 2491
3331 3333
3332 3333
3333 3402
2262 2263
2262 2265
2262 2266
3331 3332
1971 1972
1971 3340
1971 3343
1971 3416
1971 3417
1971 3933
1972 1973
1972 1975
1972 1977
1972 1978
3340 3341
3340 3342
3340 3343
3340 3344
3340 3345
3341 3343
3343 3344
3343 3416
3343 3417
3343 3418
3413 3416
3416 3417
3413 3417
3415 3417
3417 3418
3104 3933
1973 1975
1973 3344
1973 3345
1975 1977
1975 1978
1977 1978
3342 3344
3344 3345
3103 3345
3341 3345
3342 3345
1983 1984
1983 1985
1984 1985
1984 2946
1985 2946
2944 2946
2945 2946
1986 1987
1986 1988
1986 1989
1986 1990
1986 1991
1986 1992
1987 1988
1987 1990
1987 1991
1987 3294
1987 4080
1988 1989
1988 1990
1988 1991
1988 3294
1989 1990
1989 1992
1989 2880
1989 2881
1990 1991
1990 1992
1991 3293
1991 3294
1991 3295
1991 3296
1992 2880
1992 2881
3293 3294
3294 3295
3294 4080
3293 4080
3295 4080
2880 3672
2881 3672
3293 3295
3293 3296
3295 3296
1994 1996
3972 3973
2001 2135
2001 2136
2135 2136
2136 3941
2011 3869
3867 3869
3746 4071
3746 4130
2017 2018
2017 2020
2018 2020
2018 3796
2020 2829
2589 3796
2591 3796
3795 3796
3796 4120
2443 2829
2829 2830
2022 2023
2022 2024
2022 2025
2023 2024
2023 2025
2024 2025
2025 3483
3005 3483
3483 3484
3483 4034
3005 3484
3484 4034
2029 3192
2029 3753
3138 3192
3192 3753
3753 4143
2034 2035
2034 2615
2034 2617
2034 4147
2035 2617
2297 2615
2615 2616
2615 2617
2297 2617
2616 2617
2617 3368
3368 4147
2038 2723
2038 2724
2038 2725
2723 2724
2723 2725
2723 3928
2724 2725
2724 3928
2725 3928
2381 2382
2381 2383
2381 2384
2381 3394
2381 3806
2381 3950
2382 2384
2383 2384
2384 3394
2383 3394
3802 3806
3804 3806
3806 3807
3806 3950
3802 3807
3804 3807
3805 3807
3807 3950
3804 3950
2043 2044
2043 2045
2043 2047
2044 2045
2044 2611
2045 2611
2045 2612
2047 2887
2047 2889
2309 2611
2310 2611
2611 2612
2309 2612
2310 2612
2694 2889
2887 2889
2057 2058
2057 3337
2057 3338
2058 2059
2058 2061
3337 3338
2059 2061
2061 3138
2061 3190
2061 3419
3190 3419
2702 2703
2702 3886
2073 4106
3349 3351
3350 3351
3615 3617
3617 3618
2082 3103
2082 3547
3102 3103
3103 3341
3103 3342
3103 3547
2084 2242
2089 3665
2089 3666
2089 3667
3665 3666
3665 3667
3666 3667
2092 2093
2092 3382
2092 3383
2093 3382
3382 3448
3408 3409
3409 3974
2111 2112
2111 2113
2112 2113
2112 4008
2113 4008
3600 4008
4008 4009
2950 3249
3249 3624
2569 3745
3745 3776
2569 3776
2571 3776
3676 3776
2950 3624
3622 3624
3623 3624
3624 3676
2571 3676
3592 3676
3623 3676
2122 2124
2122 2125
2122 2126
2124 2125
2124 2126
2125 2126
2126 3056
2126 3058
3056 3058
3056 3497
3056 3498
3056 3499
3056 3500
3058 3497
3058 3498
3058 3500
2130 3199
2130 3200
3199 3200
3200 3968
3551 3941
3552 3941
3941 4044
2140 2141
2140 2142
2140 2143
2141 2142
2141 2143
2142 2143
2142 2144
2144 2833
2145 2146
2145 2521
2145 2522
2145 2842
2146 2148
2521 2522
2522 2842
2522 2844
2842 2843
2148 2208
2153 2156
2153 3542
2156 3542
3727 3729
3728 3729
3729 3731
2158 2191
2158 2195
2161 2964
2191 2192
2191 2194
2191 2195
2191 2198
2176 2964
2960 2964
2961 2964
2962 2964
2963 2964
2964 3774
2166 2167
2167 2169
2167 2172
2167 2173
2169 2172
2169 2173
2172 2173
2172 2930
2173 2930
2930 3670
2174 2175
2174 2176
2174 2177
2175 2176
2175 2177
2175 3818
2176 2177
2176 2961
2176 2963
2177 2961
3818 3819
3818 3820
2960 2961
2961 2962
2961 2963
2600 2963
2960 2963
2962 2963
2179 2181
2179 2182
2181 2182
2181 2995
2181 3421
2182 2995
2182 3198
2182 3421
2813 2817
2815 2817
2817 3435
2993 2995
2995 3198
3198 3421
2183 2184
2183 2185
2183 2186
2183 2187
2184 2185
2184 3377
2184 3378
2185 2186
2185 2187
2185 2293
2186 2187
2186 2293
2186 3377
2187 3377
2187 3378
3377 3378
2288 2293
2292 2293
2293 2462
2869 2873
2870 2873
2871 2873
2873 3629
2194 2198
2194 2299
2194 2301
2198 2301
2299 2301
2299 2302
2301 2302
2200 2201
2200 2202
2202 3400
2201 2202
2201 3926
2201 3927
2202 3926
3926 3927
3926 3936
3187 3927
3047 3050
2869 2870
2869 2871
2225 3442
2225 3735
2456 3735
2457 3735
3734 3735
2230 2424
2420 2424
2424 2425
2424 3725
2420 2425
2425 3725
2349 3327
2351 3327
3327 3808
2238 2239
2238 2240
2238 2683
2238 2684
2238 2685
2238 2686
2238 2687
2239 2240
2240 2600
2683 2684
2683 2965
2683 3017
2368 2684
2684 2965
2684 3017
2685 2686
2685 2763
2685 2764
2685 3958
2686 2687
2686 3894
2686 3958
2687 3894
2600 2962
3914 3915
2258 2259
2263 2265
2263 2266
2265 2518
2265 3189
2266 3694
2266 3696
2518 3187
2518 3189
3187 3189
3693 3694
3694 3695
3694 3696
3694 3947
3694 3948
3693 3696
2268 2269
2268 3682
2268 3740
2269 3740
3680 3682
3740 3741
2356 3741
3741 4012
3349 3350
2950 2951
3220 3221
3220 3222
2288 2289
2288 2290
2288 2291
2288 2292
2289 2290
2289 2291
2289 2292
2289 3430
2289 3434
2290 2291
2290 2292
2290 2476
2290 4000
2290 4001
2291 3431
2291 4000
2291 4001
3430 3431
3430 3432
3430 3433
3430 3434
3433 3434
3434 3548
3434 3549
2461 2476
2466 2476
2476 2812
4000 4001
3431 3432
3431 3907
2461 2462
2462 2463
2462 2464
2462 2465
2462 2466
2294 2295
2294 2296
2294 2297
2294 2298
2295 3267
2295 3628
2296 2298
2296 3401
2296 3492
2297 2298
2297 2616
2298 3401
3265 3267
3266 3267
3267 3628
3491 3628
3492 3628
3401 3492
3491 3492
2304 2307
2304 2308
2304 2309
2304 2310
2307 2309
2307 2310
2309 2310
2314 2316
2314 2318
2316 2436
2316 2877
2316 2968
2316 2969
2316 3801
2318 3602
2318 3993
2436 2438
2877 2878
2877 2968
2877 2969
2877 3801
2878 2968
2968 2969
2968 3801
2878 2969
2969 3801
3604 3993
3602 3603
3602 3604
3602 3605
2325 2326
2326 2329
2333 3646
2333 3647
2333 3946
3646 3647
3646 3946
3945 3946
3469 4030
3423 3425
2342 2343
2342 2344
2342 2345
2343 2344
2343 2345
2343 2757
2343 2758
2343 2759
2344 2345
2344 2758
2344 2759
2345 2759
2757 2758
2757 2759
2757 3290
2757 3291
2757 3292
2397 2758
2758 2759
2758 3290
2758 3292
2759 3290
2759 3292
2348 2349
2348 2350
2348 2351
2349 2350
2350 2351
2349 2351
2351 3808
2349 3808
2354 2355
2354 2356
2355 2356
2356 3902
2360 2361
2360 3234
2360 3237
2361 2363
3234 3237
2368 2763
2368 2765
2574 2727
2577 2727
2726 2727
2727 2885
2763 2765
2765 2766
2765 2885
2763 2764
2763 2766
2371 2878
2376 3108
2376 3109
2376 3208
3108 3109
3108 3208
3109 3208
2382 2383
2385 2386
2385 2387
2386 2387
3942 3943
2393 2894
2395 2397
2395 2398
2395 2399
2395 2400
2397 2399
2397 2400
2397 3290
2397 3291
2398 2399
2398 3082
2399 2400
2399 2508
2399 2989
2399 3082
2400 2507
2400 2508
3290 3291
3290 3292
3291 3292
2989 3082
2480 2508
2507 2508
2508 2509
2508 2989
2480 2989
2989 2990
2989 3937
2507 2509
2408 3599
2411 2412
2412 2414
2413 2414
2414 2443
2414 3838
2411 3156
2411 3157
3156 3157
3156 3872
3156 3923
3157 3329
3157 3330
3157 3923
2442 2443
2443 2830
2443 3838
2537 3385
2896 2897
2897 2899
2420 2422
2422 2863
2422 3934
2862 2863
2862 3934
3934 4081
2428 3274
3274 3275
2434 3204
2434 3206
2434 3929
3203 3204
3204 3205
3204 3206
3206 3929
3206 3930
3929 3930
2438 2547
2438 3769
2438 3770
2547 3769
3769 3770
2547 3770
2543 2547
2547 3170
2547 3171
4062 4063
2442 2445
2442 2446
2442 2447
2442 2448
2444 2445
2445 2446
2445 2447
2445 2448
2444 2446
2446 2447
2446 4045
2446 4046
2444 2447
2447 2448
2444 4045
2444 4046
3872 4045
3873 4045
4045 4046
3205 3282
2452 2453
2452 2456
2452 2457
2452 3840
2452 3841
2453 2454
2453 2455
2453 2456
2453 2457
2456 2457
2456 3734
2457 3114
2457 4043
3734 3840
3839 3840
3840 3841
3839 3841
2454 2455
2454 2994
2454 3020
2454 3114
2455 2994
2455 3019
2455 3020
2993 2994
2994 3020
2994 3114
2994 3116
3019 3020
3020 3114
3114 3116
2461 2463
2461 2464
2461 2465
2463 2465
2464 2465
2464 2466
2465 2466
2472 2473
2472 2474
2473 2681
2473 2682
2474 3810
2676 2681
2677 2681
2679 2681
2680 2681
2681 2682
2676 2682
2679 2682
2680 2682
3809 3810
3066 3067
3066 4134
3066 4135
3067 4134
3067 4135
2480 2509
2480 2990
2990 3937
2486 2487
2497 2498
2497 2499
2497 2500
2497 2501
2498 2499
2498 2500
2498 2501
2498 3139
2499 2500
2499 3139
2500 2501
2861 3686
3187 3499
3187 3500
3187 3954
2843 2844
2844 3684
3683 3684
3607 3822
4066 4114
3384 3385
3385 3386
3385 3425
3384 3386
2937 2996
2938 2996
2996 3559
2935 2937
2937 2938
2937 3559
2938 3559
2543 2544
3167 3170
3168 3170
3170 3171
3167 3171
3168 3171
3169 3171
2552 2554
2552 2555
2552 2556
2552 2557
2554 2555
2554 2556
2554 2557
2555 2556
2555 2557
2555 2945
2555 2947
2555 3998
2556 2557
2556 2947
2556 3998
2557 2947
2944 2945
2945 2947
2945 3998
2944 2947
2947 3998
2567 2568
2567 2569
2568 2569
2568 2571
2569 2571
2571 3592
2940 2942
2942 3392
2942 4097
3590 3592
3592 3623
3592 4097
2574 2575
2574 2577
2574 2726
2575 2577
2575 2579
2577 2579
2726 2885
2726 2886
2585 2589
2585 2590
2585 2591
2589 2590
2589 2591
2589 3795
2590 2591
2590 3795
2591 3795
2592 2593
2592 2596
2593 2596
2703 3886
3886 3949
2597 2598
2598 2599
2599 3809
2960 2962
2601 2602
2601 2604
2601 2605
2602 2605
2602 3362
2602 3363
2605 3363
2652 3362
3360 3362
3362 3363
3363 4114
2608 2609
2608 2610
2608 3982
2608 3983
2609 2610
2609 3983
2610 3983
3980 3982
3982 3983
3982 3984
3980 3983
3983 3984
2619 3182
3007 3549
3007 4027
3548 3549
3548 4027
3548 4028
3549 4027
2660 2662
2660 2665
2662 2665
3021 3022
2643 2644
2643 2645
2643 3147
2643 3932
2643 3996
2644 2645
2644 2646
2645 2646
2645 3932
2645 3996
3146 3147
3147 3932
3147 3959
3147 3996
2646 3996
3959 3996
2650 2651
2650 2652
2651 2652
2651 4114
2652 3360
3359 3360
3010 3011
3010 3012
3867 3868
2676 2677
2676 2678
2676 2679
2676 2680
2677 2678
2677 2679
2677 2680
2678 2679
2679 2680
2960 2965
2965 3017
2764 2766
2764 3958
2764 4089
2700 2701
2700 3895
2701 3768
2701 3895
2701 3896
2701 4033
3768 3895
3895 3896
3718 3768
3720 3768
3721 3768
3768 3896
3768 4033
3720 3896
3896 4033
3718 4033
3720 4033
2707 3146
2707 3221
2707 3959
3145 3146
3145 3221
3221 3222
2711 2713
2711 3176
2711 4093
2711 4094
2713 3176
2713 4093
2713 4094
3176 4093
3176 4094
3176 4098
4093 4094
4093 4098
4093 4099
4093 4100
4094 4098
4094 4100
3919 3920
2766 2885
2885 2886
2766 2886
2886 3820
2730 2731
2731 3701
2731 3715
3701 3715
2741 2742
2741 2743
2741 2744
2741 3856
2741 3858
2742 2743
2742 2744
2743 2744
2743 3856
2743 3858
2744 3858
3855 3856
3856 3857
3856 3858
3855 3858
3857 3858
2761 2762
2761 3578
2761 4111
2761 4141
2762 4110
2762 4111
2762 4141
3578 4111
3578 4141
4110 4111
4111 4141
3820 4089
3635 3637
3637 3638
3637 4049
2783 3111
3101 3469
3468 3469
3128 3129
3129 3132
3855 3857
2813 2814
2813 2815
2813 2816
2814 2815
2814 2816
2814 4137
2814 4138
2815 2816
4136 4137
4137 4138
4136 4138
3435 3831
3435 3832
3329 3330
2848 2851
2848 2852
2851 2852
3554 3687
3408 3410
3410 4069
3222 4069
2862 3688
2862 4081
2870 2871
2870 3629
2871 2898
2871 3629
2898 3629
2898 3003
3672 3830
4112 4152
3819 3820
2896 2899
2899 3003
2904 2905
2904 2907
2904 2908
2905 2907
2905 2908
2907 2908
2911 3145
3357 3364
2913 2914
2913 2916
2913 2917
2913 2918
2913 2919
2913 2920
2914 3117
2914 3120
2916 2917
2916 3120
2917 2918
2917 2919
2917 2920
2918 2919
2918 2920
2918 3372
2918 3699
2919 2920
2919 3370
2919 3699
2920 3699
3117 3120
3369 3372
3370 3372
3371 3372
3372 3699
3370 3699
3371 3699
3369 3370
3370 3371
3670 4059
2934 2935
2934 2936
2934 2938
2935 2936
2935 2938
2936 2938
2936 4077
4076 4077
2940 2941
2941 3391
2941 3392
2941 3393
3391 3392
3391 3393
3392 3393
2950 3622
3622 3623
3773 3774
2970 2971
2970 2972
2970 2973
2970 2974
2970 2975
2970 3504
2971 2972
2971 2973
2971 2974
2971 2975
2972 2973
2972 2974
2972 3077
2973 2974
2973 2975
2973 3504
2973 3505
2974 3077
2975 3504
2975 3505
2975 4026
3169 3504
3504 3505
3077 3078
3505 4026
3169 4026
2978 2981
2980 2981
3005 4034
3011 3012
3053 3055
3497 3498
3497 3499
3497 3500
3497 3501
3498 3499
3498 3500
3498 3501
3499 3500
3499 3501
3499 3936
4134 4135
3872 3873
3872 4121
3727 3728
3727 3730
3727 3760
3727 3761
3730 3760
3824 3839
3825 3839
3904 3905
3101 3102
3101 3468
3102 3104
3341 3342
3128 3736
3128 3738
3736 3737
3736 3738
3737 3738
3749 3923
3159 3160
3167 3168
3167 3169
3168 3169
3174 4151
4032 4085
4032 4148
4098 4099
4098 4100
4085 4086
4085 4148
4086 4148
3501 3954
3936 3954
3954 3955
3197 3355
3967 3968
3203 3205
3640 3930
3930 4060
3436 3437
3437 3824
3437 3825
3784 3786
3785 3786
3679 3680
3680 3681
3226 3228
3226 3448
3226 3449
3226 3450
3226 3451
3228 3451
3448 3449
3449 3450
3449 3451
3450 3451
3781 3882
3256 3257
3257 3653
3608 3653
3262 3265
3262 3266
3265 3266
3414 3462
3415 3462
3462 3463
3462 3464
3462 3571
3414 3463
3463 3571
3464 3571
3332 3402
3332 4129
3402 3403
3402 4129
3413 3418
3415 3418
3369 3371
3369 3373
3373 3761
3730 3761
3603 3604
3603 3605
3403 3404
3413 3414
3413 3415
3414 3415
3414 3464
3415 3464
3432 3433
3433 4028
3904 3907
3906 3907
4028 4096
3830 3831
3785 3832
3830 3832
3824 3825
3534 3825
3635 3636
3635 3638
3635 3639
3480 3481
3480 3482
3481 3482
3481 3573
3481 3574
3481 3576
3481 3911
3482 3573
3482 3911
3572 3573
3573 3574
3573 3575
3573 3576
3574 3575
3574 3576
3574 3803
3574 3805
3575 3576
3576 3803
3910 3911
3501 3955
3936 3955
3534 3535
3550 3551
3550 3552
3550 3553
3550 3554
3550 3555
3551 3552
3551 3553
3551 4044
3552 3553
3552 4044
3553 3554
3553 3555
3553 4044
3554 3555
3615 3618
3861 4025
4024 4025
3572 3910
3572 3967
3575 3802
3575 3803
3575 3805
3802 3803
3803 3804
3803 3805
3802 3805
3804 3805
3802 3804
3594 3595
3594 3597
3594 3706
3595 3596
3595 3597
3596 3597
3597 3706
3600 4009
3600 4010
4009 4010
3604 3605
3605 4071
4071 4130
4071 4150
3606 3607
3606 3608
3606 3609
3606 3610
3607 3608
3608 3610
3718 3720
3718 3721
3720 3721
3723 3897
3723 3952
3638 3639
3640 3641
3640 3642
3640 4060
3640 4061
3641 3642
3642 4060
3642 4061
4060 4061
3679 3681
3681 3737
3693 3695
3695 3947
3695 3948
3945 3947
3947 3948
3945 3948
3897 3952
3728 3730
3728 3731
3731 4120
4120 4121
4091 4130
4130 4150
3748 3749
3748 3750
3749 3750
3762 3763
3784 3785
3859 3860
3859 3861
3859 4024
3859 4099
3860 3861
3861 4024
3861 4099
3861 4100
4024 4099
4099 4100
4145 4146
3904 3906
3980 3984
4090 4092
4091 4092
