1 2
1 3
1 4
1 5
1 6
1 7
1 8
1 9
1 10
1 11
1 12
1 13
1 14
1 15
1 16
1 17
1 18
1 19
1 20
1 21
1 22
1 23
1 24
1 25
1 26
1 27
1 28
1 29
1 30
1 31
1 32
1 33
1 34
1 35
1 36
1 37
1 38
1 39
1 40
1 41
1 42
1 43
1 44
1 45
1 46
1 47
1 48
1 49
2 50
2 55
2 56
2 57
2 58
3 6
3 7
3 8
3 9
3 10
3 12
3 13
3 14
3 15
3 16
3 17
3 18
3 19
3 20
3 21
3 22
3 23
3 24
3 25
3 26
3 27
3 28
3 29
3 30
3 31
3 32
3 33
3 34
3 35
3 36
3 39
3 42
3 59
3 60
3 61
3 62
4 65
4 66
4 67
4 68
4 69
4 70
4 71
4 72
4 73
4 74
4 75
4 76
4 77
4 78
4 79
4 80
4 81
4 82
4 83
4 84
4 85
4 86
4 87
4 88
4 89
4 90
4 91
4 92
4 93
4 94
4 95
4 96
4 97
4 98
4 99
4 100
4 101
4 102
4 103
4 143
4 156
4 157
4 158
4 159
4 160
4 161
4 162
4 163
4 164
5 103
5 104
5 105
5 106
5 107
5 108
5 109
5 110
5 111
5 112
5 113
5 114
5 115
5 116
5 117
5 118
5 119
5 120
5 121
5 122
5 123
5 124
5 125
5 126
5 127
5 128
5 129
5 130
5 131
5 132
5 133
5 134
5 135
5 136
5 137
5 138
5 139
5 140
5 141
5 142
5 144
5 146
5 147
5 148
5 149
5 150
5 151
5 152
5 153
5 154
6 7
6 8
6 9
6 10
6 13
6 14
6 15
6 16
6 18
6 20
6 21
6 22
6 23
6 24
6 25
6 27
6 28
6 29
6 32
6 33
6 34
6 35
6 36
6 37
6 38
6 39
6 49
6 62
6 65
6 104
6 143
6 144
6 166
6 167
6 168
6 169
6 170
6 171
6 172
6 173
6 174
6 175
6 176
6 177
6 178
6 179
6 180
7 10
7 14
7 15
7 16
7 18
7 19
7 20
7 21
7 22
7 24
7 25
7 26
7 27
7 28
7 29
7 32
7 33
7 34
7 35
7 36
7 37
7 38
7 39
7 49
7 62
7 66
7 105
7 166
7 167
7 168
7 169
7 173
7 174
7 175
7 176
7 177
7 178
7 179
7 180
7 181
7 182
8 10
8 14
8 15
8 19
8 20
8 21
8 22
8 24
8 25
8 26
8 27
8 28
8 29
8 32
8 33
8 34
8 35
8 36
8 37
8 38
8 39
8 49
8 62
8 67
8 106
8 166
8 167
8 168
8 169
8 172
8 173
8 174
8 175
8 176
8 177
8 178
8 179
8 180
8 181
8 182
9 10
9 14
9 15
9 16
9 18
9 19
9 20
9 21
9 22
9 24
9 25
9 26
9 27
9 28
9 29
9 31
9 32
9 33
9 34
9 35
9 36
9 37
9 38
9 39
9 49
9 62
9 68
9 107
9 166
9 167
9 168
9 169
9 173
9 174
9 175
9 176
9 177
9 178
9 179
9 180
9 181
9 182
10 12
10 13
10 14
10 15
10 16
10 17
10 18
10 19
10 20
10 21
10 22
10 23
10 24
10 25
10 26
10 27
10 28
10 29
10 30
10 31
10 32
10 33
10 34
10 35
10 36
10 37
10 44
10 45
10 46
10 47
10 48
10 49
10 58
10 60
10 61
10 62
10 76
10 115
10 166
10 169
10 170
10 173
10 174
10 175
10 176
10 177
10 178
10 179
10 180
10 184
10 185
10 186
10 187
10 189
10 191
10 193
10 195
10 197
10 198
10 199
10 200
10 201
11 13
11 14
11 15
11 16
11 17
11 18
11 19
11 20
11 21
11 22
11 23
11 24
11 25
11 26
11 27
11 28
11 29
11 30
11 31
11 32
11 33
11 34
11 35
11 36
11 37
11 60
11 62
11 77
11 116
11 166
11 169
11 170
11 184
11 189
11 191
11 193
11 195
11 197
11 198
11 199
11 200
11 201
12 14
12 15
12 16
12 18
12 19
12 20
12 21
12 22
12 24
12 25
12 26
12 27
12 28
12 29
12 31
12 32
12 33
12 34
12 35
12 36
12 37
12 38
12 39
12 49
12 62
12 69
12 108
12 166
12 167
12 168
12 169
12 173
12 174
12 175
12 176
12 177
12 178
12 179
12 180
12 181
12 182
13 14
13 15
13 16
13 17
13 18
13 19
13 20
13 21
13 22
13 23
13 24
13 25
13 27
13 28
13 29
13 30
13 31
13 32
13 33
13 34
13 35
13 36
13 37
13 38
13 39
13 49
13 59
13 60
13 62
13 80
13 119
13 166
13 167
13 168
13 169
13 170
13 173
13 174
13 175
13 176
13 177
13 178
13 179
13 180
13 202
13 203
13 204
13 205
13 206
13 207
14 15
14 16
14 17
14 18
14 19
14 20
14 21
14 22
14 23
14 24
14 25
14 26
14 27
14 28
14 29
14 30
14 31
14 32
14 33
14 34
14 35
14 36
14 37
14 38
14 39
14 44
14 45
14 46
14 47
14 48
14 49
14 58
14 59
14 60
14 61
14 62
14 81
14 120
14 166
14 167
14 168
14 169
14 170
14 173
14 174
14 175
14 176
14 177
14 178
14 179
14 180
14 184
14 185
14 186
14 187
14 189
14 190
14 191
14 193
14 195
14 197
14 198
14 199
14 200
14 201
14 202
14 203
14 206
14 207
15 16
15 17
15 18
15 19
15 20
15 21
15 22
15 23
15 24
15 25
15 26
15 27
15 28
15 29
15 30
15 31
15 32
15 33
15 34
15 35
15 36
15 37
15 38
15 39
15 44
15 45
15 46
15 47
15 49
15 59
15 60
15 61
15 62
15 83
15 122
15 166
15 167
15 168
15 169
15 170
15 173
15 174
15 175
15 176
15 177
15 179
15 180
15 184
15 185
15 186
15 187
15 191
15 197
15 198
15 199
15 200
15 201
15 202
15 203
15 206
15 207
16 17
16 18
16 19
16 20
16 21
16 22
16 23
16 24
16 25
16 26
16 27
16 28
16 29
16 30
16 31
16 32
16 33
16 34
16 35
16 36
16 37
16 38
16 39
16 49
16 59
16 60
16 61
16 62
16 84
16 123
16 166
16 167
16 168
16 169
16 173
16 174
16 176
16 177
16 178
16 179
16 180
16 184
16 185
16 186
16 187
16 189
16 191
16 193
16 195
16 197
16 198
16 201
16 202
16 203
16 206
17 18
17 19
17 20
17 21
17 23
17 24
17 25
17 26
17 27
17 28
17 29
17 30
17 31
17 32
17 33
17 34
17 35
17 36
17 37
17 38
17 39
17 44
17 45
17 46
17 47
17 48
17 49
17 55
17 59
17 60
17 61
17 62
17 85
17 124
17 166
17 167
17 168
17 169
17 173
17 174
17 175
17 180
17 185
17 186
17 187
17 188
17 196
17 202
17 203
17 206
17 207
18 19
18 20
18 21
18 22
18 23
18 24
18 25
18 26
18 27
18 28
18 29
18 30
18 31
18 32
18 33
18 34
18 35
18 36
18 37
18 38
18 39
18 49
18 59
18 60
18 61
18 62
18 86
18 125
18 166
18 167
18 168
18 169
18 170
18 173
18 174
18 175
18 176
18 177
18 178
18 179
18 180
18 184
18 185
18 186
18 187
18 189
18 191
18 193
18 195
18 197
18 198
18 199
18 200
18 201
18 202
18 203
18 206
18 207
19 20
19 21
19 22
19 23
19 24
19 25
19 26
19 27
19 28
19 29
19 30
19 31
19 32
19 33
19 34
19 35
19 36
19 38
19 39
19 44
19 45
19 46
19 47
19 48
19 49
19 59
19 60
19 61
19 62
19 87
19 126
19 166
19 167
19 169
19 170
19 173
19 174
19 175
19 176
19 177
19 178
19 179
19 180
19 184
19 185
19 186
19 187
19 189
19 191
19 192
19 193
19 194
19 195
19 197
19 198
19 199
19 200
19 201
19 202
19 203
19 206
19 207
20 21
20 22
20 23
20 24
20 25
20 26
20 27
20 28
20 29
20 30
20 31
20 32
20 33
20 34
20 35
20 36
20 37
20 38
20 39
20 44
20 45
20 46
20 47
20 48
20 49
20 59
20 60
20 61
20 62
20 88
20 127
20 166
20 167
20 168
20 169
20 170
20 173
20 174
20 175
20 176
20 177
20 178
20 179
20 180
20 184
20 185
20 186
20 187
20 189
20 191
20 193
20 195
20 197
20 198
20 199
20 200
20 201
20 202
20 203
20 206
20 207
20 209
21 22
21 23
21 24
21 25
21 26
21 27
21 28
21 29
21 30
21 31
21 32
21 33
21 34
21 35
21 36
21 37
21 38
21 39
21 44
21 45
21 46
21 47
21 48
21 49
21 59
21 60
21 61
21 62
21 89
21 128
21 166
21 167
21 168
21 169
21 170
21 173
21 174
21 175
21 176
21 177
21 178
21 179
21 180
21 183
21 184
21 185
21 186
21 187
21 188
21 189
21 190
21 191
21 192
21 193
21 194
21 195
21 197
21 198
21 199
21 200
21 201
21 202
21 203
21 204
21 205
21 206
21 207
22 23
22 24
22 25
22 27
22 28
22 29
22 30
22 32
22 33
22 34
22 35
22 36
22 37
22 38
22 39
22 49
22 61
22 62
22 90
22 129
22 166
22 167
22 168
22 169
22 170
22 173
22 185
22 202
22 203
22 204
22 205
22 206
22 207
22 210
23 24
23 25
23 26
23 27
23 28
23 29
23 30
23 31
23 32
23 33
23 34
23 35
23 36
23 37
23 38
23 39
23 44
23 45
23 46
23 47
23 48
23 49
23 59
23 60
23 61
23 62
23 91
23 130
23 166
23 167
23 168
23 169
23 170
23 173
23 174
23 175
23 176
23 178
23 179
23 180
23 184
23 185
23 186
23 187
23 189
23 191
23 192
23 193
23 194
23 195
23 197
23 198
23 199
23 200
23 201
23 202
23 203
23 204
23 205
23 206
23 207
24 25
24 26
24 27
24 28
24 29
24 30
24 31
24 32
24 33
24 34
24 35
24 36
24 37
24 38
24 39
24 49
24 59
24 60
24 61
24 62
24 93
24 132
24 166
24 167
24 168
24 169
24 170
24 173
24 174
24 175
24 176
24 177
24 178
24 179
24 180
24 184
24 185
24 186
24 187
24 188
24 189
24 191
24 193
24 195
24 197
24 198
24 199
24 200
24 201
24 202
24 205
24 206
24 207
25 26
25 27
25 28
25 29
25 30
25 31
25 32
25 33
25 34
25 35
25 36
25 37
25 38
25 39
25 44
25 45
25 46
25 47
25 48
25 49
25 55
25 59
25 60
25 61
25 62
25 94
25 133
25 166
25 167
25 168
25 169
25 170
25 173
25 174
25 175
25 176
25 177
25 178
25 179
25 180
25 183
25 184
25 185
25 186
25 187
25 188
25 189
25 190
25 191
25 192
25 193
25 195
25 196
25 197
25 198
25 199
25 200
25 201
25 202
25 203
25 206
25 212
26 27
26 28
26 29
26 30
26 31
26 32
26 33
26 34
26 35
26 36
26 37
26 38
26 39
26 55
26 59
26 60
26 61
26 62
26 95
26 134
26 166
26 167
26 168
26 169
26 170
26 183
26 184
26 185
26 186
26 188
26 189
26 190
26 191
26 192
26 193
26 195
26 196
26 197
26 198
26 201
26 202
26 203
26 206
27 28
27 29
27 30
27 31
27 32
27 33
27 34
27 35
27 36
27 37
27 38
27 39
27 44
27 45
27 46
27 47
27 49
27 55
27 57
27 59
27 60
27 61
27 62
27 97
27 136
27 166
27 167
27 168
27 169
27 170
27 173
27 174
27 175
27 176
27 177
27 178
27 179
27 180
27 183
27 184
27 185
27 186
27 187
27 188
27 189
27 190
27 191
27 192
27 193
27 194
27 195
27 196
27 197
27 198
27 199
27 200
27 201
27 202
27 203
27 206
28 29
28 30
28 31
28 32
28 33
28 34
28 35
28 36
28 37
28 38
28 39
28 49
28 55
28 57
28 59
28 60
28 61
28 62
28 98
28 137
28 166
28 167
28 168
28 169
28 170
28 173
28 174
28 175
28 176
28 177
28 178
28 179
28 180
28 183
28 184
28 185
28 186
28 187
28 188
28 189
28 190
28 191
28 192
28 193
28 195
28 196
28 197
28 198
28 199
28 200
28 201
28 202
28 203
28 206
28 214
29 30
29 31
29 32
29 33
29 34
29 35
29 36
29 37
29 38
29 39
29 49
29 55
29 59
29 60
29 61
29 62
29 99
29 138
29 166
29 167
29 168
29 169
29 170
29 173
29 174
29 175
29 176
29 177
29 178
29 179
29 180
29 183
29 184
29 185
29 186
29 187
29 188
29 189
29 190
29 191
29 192
29 193
29 194
29 195
29 196
29 197
29 198
29 199
29 200
29 201
29 202
29 203
29 206
29 215
30 31
30 32
30 33
30 34
30 35
30 36
30 37
30 38
30 39
30 49
30 55
30 59
30 60
30 61
30 62
30 100
30 139
30 166
30 167
30 168
30 169
30 170
30 173
30 174
30 175
30 176
30 177
30 180
30 184
30 185
30 186
30 187
30 189
30 191
30 193
30 195
30 197
30 198
30 199
30 200
30 202
30 203
30 206
31 32
31 33
31 34
31 35
31 36
31 37
31 38
31 39
31 49
31 55
31 59
31 60
31 61
31 62
31 101
31 140
31 166
31 167
31 168
31 169
31 170
31 173
31 174
31 175
31 176
31 178
31 180
31 183
31 184
31 185
31 186
31 187
31 188
31 189
31 191
31 193
31 195
31 197
31 198
31 199
31 200
31 201
31 202
31 203
31 206
32 33
32 34
32 35
32 36
32 38
32 39
32 44
32 45
32 46
32 47
32 48
32 49
32 59
32 60
32 61
32 62
32 166
32 167
32 169
32 170
32 173
32 174
32 175
32 176
32 177
32 178
32 179
32 180
32 184
32 185
32 186
32 187
32 189
32 191
32 193
32 195
32 197
32 198
32 199
32 200
32 201
32 202
33 34
33 35
33 36
33 38
33 39
33 49
33 55
33 56
33 60
33 61
33 62
33 166
33 167
33 169
33 170
33 173
33 174
33 175
33 176
33 177
33 178
33 179
33 180
33 185
33 186
33 187
33 198
33 201
34 35
34 36
34 38
34 39
34 49
34 55
34 56
34 59
34 60
34 61
34 62
34 103
34 142
34 166
34 167
34 169
34 170
34 173
34 174
34 175
34 176
34 177
34 178
34 179
34 180
34 185
34 186
34 187
34 198
35 36
35 38
35 39
35 49
35 60
35 61
35 62
35 166
35 167
35 169
35 170
35 173
35 174
35 175
35 176
35 177
35 178
35 179
35 180
35 184
35 185
35 186
35 187
35 189
35 191
35 193
35 195
35 197
35 198
35 199
35 200
35 201
36 38
36 39
36 44
36 45
36 46
36 47
36 48
36 49
36 55
36 56
36 60
36 61
36 62
36 102
36 141
36 166
36 167
36 169
36 170
36 173
36 174
36 175
36 176
36 177
36 178
36 179
36 180
36 184
36 185
36 186
36 187
36 189
36 191
36 193
36 195
36 197
36 198
36 199
36 200
36 201
37 50
37 59
37 60
37 61
37 166
37 168
37 196
37 198
38 43
38 44
38 45
38 46
38 47
38 48
38 56
38 57
38 58
38 60
38 61
38 62
38 166
38 169
38 170
38 173
38 174
38 175
38 176
38 177
38 178
38 179
38 180
38 184
38 185
38 186
38 187
38 189
38 191
38 193
38 195
38 197
38 198
38 199
38 200
38 201
39 43
39 44
39 45
39 46
39 47
39 48
39 49
39 57
39 58
39 60
39 61
39 62
39 166
39 169
39 170
39 173
39 174
39 175
39 176
39 177
39 178
39 179
39 180
39 184
39 185
39 186
39 187
39 189
39 191
39 193
39 195
39 197
39 198
39 199
39 200
39 201
40 169
41 169
42 50
42 51
42 52
42 102
42 103
42 146
42 191
42 213
43 148
43 167
43 203
43 234
44 167
44 202
44 217
44 218
44 220
44 221
44 222
44 228
44 236
45 167
45 206
45 217
45 218
45 220
45 221
45 222
45 232
45 237
46 167
46 206
46 217
46 218
46 220
46 221
46 222
46 232
46 238
47 167
47 206
47 217
47 218
47 220
47 221
47 222
47 232
47 239
48 167
48 218
48 234
48 240
49 59
49 60
49 61
49 62
49 191
49 193
49 195
49 197
49 199
49 200
49 201
49 217
49 218
49 220
49 221
49 222
50 51
50 52
50 53
50 54
55 61
55 167
56 62
57 167
57 198
58 167
59 60
59 61
59 78
59 117
59 166
59 175
59 176
59 177
59 178
59 179
59 180
59 184
59 185
59 186
59 187
59 189
59 191
59 193
59 195
59 197
59 198
59 201
60 61
60 62
60 82
60 121
60 166
60 167
60 168
60 173
60 174
60 175
60 176
60 177
60 178
60 179
60 180
60 184
60 185
60 186
60 187
60 189
60 191
60 193
60 194
60 195
60 197
60 198
60 199
60 200
60 201
60 202
60 203
60 204
60 205
60 206
60 207
60 208
61 62
61 96
61 135
61 167
61 168
61 175
61 176
61 177
61 180
61 183
61 186
61 187
61 188
61 190
61 192
61 202
61 203
61 206
61 213
62 166
62 167
62 173
62 174
62 175
62 176
62 177
62 178
62 179
62 180
62 184
62 185
62 186
62 187
62 189
62 191
62 193
62 195
62 197
62 198
62 199
62 200
62 201
63 65
65 80
63 66
66 80
63 67
67 80
63 68
63 69
69 80
63 70
70 82
70 183
70 217
63 71
71 188
71 218
71 219
63 72
72 82
72 190
72 220
63 73
73 82
73 192
73 221
63 74
74 82
74 194
74 219
74 222
63 75
75 196
75 223
63 76
76 81
76 219
76 224
63 77
77 219
77 225
63 78
78 226
63 79
79 82
79 166
63 80
80 143
63 81
81 219
63 82
82 219
63 83
63 84
63 85
63 86
63 87
63 88
63 89
63 90
63 91
63 92
92 198
63 93
63 94
63 95
63 96
63 97
63 98
63 99
63 100
63 101
63 102
63 103
63 143
143 151
63 156
156 193
156 223
63 157
157 195
157 224
63 158
158 197
158 225
63 159
159 201
159 226
63 160
160 208
160 217
63 161
161 209
161 218
63 162
162 210
162 220
63 163
163 211
163 221
63 164
164 212
164 222
63 104
104 119
63 105
105 119
63 106
106 119
63 107
63 108
108 119
63 109
109 121
109 183
63 110
110 188
63 111
111 121
111 190
111 219
63 112
112 121
112 192
63 113
113 121
113 194
63 114
114 196
63 115
115 120
63 116
63 117
63 118
118 121
118 166
63 119
119 144
63 120
120 219
63 121
121 219
63 122
63 123
63 124
63 125
63 126
63 127
63 128
63 129
63 130
63 131
131 198
63 132
63 133
63 134
63 135
63 136
63 137
63 138
63 139
63 140
63 141
63 142
63 144
144 152
63 146
146 193
63 147
147 169
147 195
63 148
148 197
63 149
149 170
149 201
63 150
150 171
150 217
63 151
151 218
63 152
152 220
63 153
153 172
153 221
63 154
154 184
154 222
166 167
166 168
166 173
166 174
166 176
166 179
166 180
166 184
166 189
166 191
166 193
166 195
166 197
166 198
166 201
166 202
167 170
167 173
167 174
167 175
167 176
167 177
167 178
167 179
167 180
167 184
167 185
167 186
167 187
167 189
167 191
167 193
167 195
167 197
167 198
167 199
167 200
167 201
168 197
168 198
168 199
168 200
168 201
173 197
173 198
173 199
173 221
174 197
174 198
174 200
175 183
175 188
175 190
175 192
175 197
175 201
175 202
175 203
175 206
175 220
175 222
175 226
176 183
176 188
176 190
176 192
176 194
176 196
176 197
176 202
176 203
176 206
176 208
176 217
176 218
177 183
177 188
177 190
177 192
177 196
177 197
177 202
177 203
177 206
177 209
177 217
177 218
178 183
178 188
178 190
178 192
178 194
178 196
178 202
178 203
178 206
178 210
178 220
179 183
179 188
179 190
179 192
179 194
179 196
179 202
179 203
179 206
179 211
179 220
179 221
180 183
180 188
180 190
180 192
180 194
180 196
180 197
180 202
180 203
180 206
180 212
180 217
180 220
180 222
181 227
182 241
182 256
183 184
184 198
183 185
185 188
185 190
185 192
185 193
185 197
185 201
185 202
185 203
185 206
185 217
185 218
185 220
185 222
185 223
183 186
186 188
186 190
186 192
186 195
186 196
186 197
186 201
186 202
186 203
186 206
186 224
183 187
187 188
187 190
187 192
187 194
187 196
187 197
187 201
187 202
187 203
187 206
187 217
187 220
187 222
187 225
155 189
188 189
189 198
190 191
191 198
192 193
193 198
194 195
195 198
196 197
197 198
198 199
198 200
198 202
198 206
198 207
198 211
202 228
203 229
204 230
205 231
206 232
207 233
51 63
52 63
165 213
234 235
53 63
54 63
63 64
63 145
63 155
63 165
64 216
241 242
241 243
254 256
256 258
242 244
242 245
244 246
244 247
246 248
246 249
248 250
248 251
250 252
250 253
252 254
252 255
254 257
