1 2
1 3
1 4
1 5
1 6
1 7
2 1772
3 8
5 8
742 1772
1772 2029
1772 2072
1772 2073
1772 2074
1772 2075
8 9
8 10
8 11
8 12
8 13
8 14
8 15
8 16
9 121
9 127
9 923
9 1572
9 1573
9 1574
9 1575
9 1576
9 1577
9 1578
9 1579
9 1580
9 1581
9 1582
9 1583
9 1584
9 1585
9 1586
9 1587
9 1588
9 1589
9 1590
9 1591
9 1592
9 1593
9 1594
9 1595
9 1596
9 1597
9 1598
9 1599
9 1600
9 1601
9 1602
10 11
10 21
10 22
12 17
12 21
110 121
121 902
121 1798
121 1799
79 127
126 127
127 1641
127 1648
127 1649
127 1650
127 1651
127 1652
902 923
1572 1626
1572 1627
1572 1628
1572 1629
1572 1630
1572 1631
1572 1632
1573 1706
1573 1707
1573 1708
1574 1733
1574 1734
1574 1735
1574 1736
1574 1737
1574 1738
1574 1739
1574 1740
1574 1741
1574 1742
1574 1743
1576 1603
1576 2315
1577 1603
1577 2315
1578 1597
1584 1585
1585 1597
1585 2316
1585 2317
1585 2318
1587 1656
1587 2166
1591 1626
1592 1626
1592 1665
1597 1603
21 22
17 18
17 19
17 20
18 19
18 20
19 1718
20 1773
770 1718
1718 1719
1718 1720
23 24
23 25
23 26
23 27
23 28
23 29
23 30
23 31
23 32
23 33
23 34
23 35
23 36
23 37
23 38
23 39
23 40
23 41
23 42
23 43
23 44
23 45
23 46
23 47
23 48
23 49
23 50
23 51
23 52
23 53
23 54
23 55
23 56
23 57
23 58
23 59
23 60
23 61
23 62
23 63
23 64
23 65
23 66
23 67
23 68
24 69
24 70
24 71
24 72
24 73
24 74
24 75
24 76
24 77
24 78
24 79
24 80
24 81
24 82
25 69
25 77
25 79
25 83
25 84
25 85
25 86
25 87
26 77
26 79
26 88
26 89
26 90
27 79
27 91
27 92
27 93
27 94
27 95
27 96
28 69
28 97
28 98
28 99
28 100
28 101
28 102
28 103
29 94
29 104
29 105
29 106
29 107
29 108
29 109
30 97
30 98
30 243
30 250
30 251
30 252
32 155
40 126
40 139
40 155
40 205
40 629
41 126
41 139
41 155
41 205
42 126
42 139
42 155
42 205
43 126
43 139
43 155
43 205
43 1774
43 1775
44 126
44 139
44 155
44 205
44 1776
44 1777
45 1778
45 1779
45 1780
52 729
52 1781
55 126
55 1782
64 1095
69 338
69 362
69 1314
69 1315
69 1316
69 1317
75 1784
75 1785
78 310
79 126
80 310
91 1786
91 1787
94 1329
94 1788
94 1789
94 1790
95 1791
95 1792
102 725
104 276
104 394
104 602
104 613
104 773
104 1012
104 1013
104 1014
104 1015
104 1016
104 1017
104 1018
104 1019
104 1020
104 1021
104 1022
104 1023
104 1024
104 1025
104 1026
104 1027
104 1028
104 1029
104 1030
104 1031
104 1032
104 1033
104 1034
104 1035
104 1036
104 1037
104 1038
104 1039
104 1040
104 1041
104 1042
104 1043
104 1044
104 1045
104 1046
104 1047
104 1048
104 1049
104 1050
104 1051
104 1052
104 1053
104 1054
104 1055
104 1056
104 1057
104 1058
104 1059
104 1060
104 1061
104 1062
104 1063
104 1064
104 1065
104 1066
104 1067
104 1068
241 243
243 244
243 251
250 251
250 902
250 1833
251 1834
155 156
155 157
155 158
155 159
155 160
155 161
155 162
155 163
155 164
155 165
155 166
155 167
155 168
155 169
155 170
155 171
155 172
155 173
155 174
155 175
155 176
155 177
155 178
155 179
155 180
155 181
155 182
155 183
155 184
155 185
155 186
155 187
155 188
155 189
155 190
155 191
155 192
155 193
155 194
155 195
155 196
155 197
155 198
155 199
155 200
126 128
126 129
126 130
126 131
126 132
126 133
126 134
126 135
126 136
126 137
126 138
139 140
139 141
139 142
139 143
139 144
139 145
139 146
139 147
139 148
139 149
139 150
139 151
139 152
139 153
139 154
201 205
205 1823
205 1824
205 1825
629 630
629 631
629 632
629 633
629 634
629 635
629 636
629 637
629 638
700 1777
729 730
729 731
729 732
729 733
729 734
729 735
729 736
729 737
729 738
729 739
729 740
1782 1783
1013 1095
310 338
254 362
361 362
362 919
362 942
362 998
362 1413
362 1414
362 1415
362 1416
362 1417
362 1418
362 1419
362 1420
362 1421
362 1422
362 1423
362 1424
362 1425
362 1426
362 1427
362 1428
362 1429
362 1430
362 1431
362 1432
362 1433
362 1434
362 1435
362 1436
362 1437
362 1438
362 1439
841 1314
1314 2097
1317 2240
310 311
310 312
310 313
310 314
310 315
310 316
310 317
310 318
310 319
310 320
310 321
310 322
310 323
310 324
310 325
310 326
310 327
310 328
310 329
310 330
310 331
310 332
310 333
310 334
310 335
310 336
310 337
310 339
556 1329
866 1329
956 1329
1328 1329
1329 1331
1329 1332
1329 1333
1329 1334
1329 1335
1329 1336
1329 1337
1329 1338
1329 1339
1329 1340
1329 1341
1329 1342
1329 1343
1329 1344
1329 1345
1329 1346
1329 1347
725 726
725 727
725 728
265 276
393 394
394 398
394 597
394 598
394 599
394 600
394 601
394 602
394 603
394 604
394 605
394 606
394 607
394 608
394 609
394 610
394 611
394 612
394 613
394 614
394 615
394 616
394 617
394 618
394 619
767 773
1012 1014
1012 1069
1012 1070
1012 1071
1012 1072
1012 1073
1012 1074
1012 1075
1012 1076
1012 1077
1012 1078
1012 1079
1012 1080
1012 1081
1012 1082
1013 1096
1013 1097
1013 1098
1013 1099
1013 1100
1013 1101
1013 1102
1013 1103
1013 1104
1013 1105
1013 1106
1013 1107
1014 2029
1014 2030
1014 2031
1014 2032
1014 2033
398 1015
1025 1083
1025 1084
1025 2146
1025 2147
1026 1083
1027 1083
1027 1094
1028 1083
1029 1083
1030 1083
1030 1085
1031 1083
1032 1090
1033 1745
476 1034
1036 2148
1050 1182
1051 1181
1053 1083
1057 2149
1059 1201
1061 2150
1061 2151
1066 1083
1067 1083
1068 1083
110 111
110 112
110 113
110 114
110 115
110 116
110 117
110 118
110 119
110 120
110 122
110 123
110 124
110 125
113 124
116 125
116 1796
117 1797
118 961
122 125
123 1800
123 1801
123 1802
961 962
961 963
961 964
961 965
961 966
961 967
961 968
961 969
802 902
827 902
832 902
838 902
839 902
840 902
844 902
881 902
902 903
902 904
902 905
902 906
902 907
902 908
902 909
902 910
902 911
902 912
902 913
902 914
902 915
902 916
902 917
902 918
902 919
902 920
902 921
902 922
902 924
902 925
902 926
902 927
902 928
902 929
902 930
902 931
902 932
902 933
902 934
128 133
128 1803
128 1804
128 1805
128 1806
129 1808
129 1809
129 1810
129 1811
138 227
138 956
1638 1641
1604 1650
1803 1807
1808 1812
1809 1810
218 227
951 956
956 2139
956 2140
140 154
141 1794
141 1795
146 1813
146 1814
154 1793
1675 1793
159 1815
163 1816
165 1817
165 1818
173 174
175 254
175 383
175 1819
175 1820
176 1821
253 254
254 367
254 925
254 1519
254 1744
254 1745
254 1746
254 1747
254 1748
254 1749
254 1750
254 1751
254 1752
254 1753
254 1754
254 1755
254 1756
254 1757
254 1758
254 1759
254 1760
254 1761
382 383
383 384
383 639
383 640
383 641
383 642
383 643
383 644
383 645
383 646
201 202
201 203
201 204
201 206
201 207
201 208
201 209
201 210
204 211
204 1822
211 212
211 213
211 214
211 215
211 216
211 217
754 1822
1825 1826
213 292
292 293
292 294
292 295
292 296
292 297
292 298
292 299
292 300
292 301
292 302
218 219
218 220
218 221
218 222
218 223
218 224
218 225
218 226
218 228
218 229
218 230
218 231
218 232
218 233
218 234
218 235
218 236
218 237
218 238
218 239
218 240
220 221
220 1827
221 1827
223 236
225 1828
225 1829
230 1830
234 236
241 242
241 244
241 245
241 246
241 247
241 248
241 249
242 647
242 648
242 649
242 650
242 651
242 652
242 653
242 654
242 655
242 656
242 657
242 658
242 659
242 660
242 661
242 662
242 663
242 664
242 665
242 666
242 667
242 668
242 669
242 670
242 671
242 672
242 673
242 674
242 675
242 676
242 677
242 678
242 679
242 680
242 681
242 682
242 683
242 684
242 685
242 686
242 687
242 688
242 689
242 690
242 691
242 692
242 693
242 694
242 695
244 1831
246 1832
249 696
264 647
660 2052
660 2053
660 2054
672 2055
672 2056
687 2057
775 1832
696 697
696 698
696 699
696 700
696 701
696 702
696 703
696 704
696 705
696 706
696 707
696 708
696 709
696 710
696 711
696 712
696 713
696 714
696 715
696 716
253 255
253 256
253 257
253 258
253 259
253 260
256 257
257 258
361 367
367 943
367 1341
367 2293
367 2340
1455 1519
1518 1519
1519 1522
1744 2068
1109 1746
1109 1747
1110 1747
1748 2290
1748 2291
1748 2292
1749 1754
1749 2336
1749 2337
1749 2338
1755 2341
1755 2342
927 1759
261 262
261 263
261 264
263 730
263 1835
263 1836
264 1310
264 1763
264 1764
264 1837
1309 1310
1762 1763
1457 1764
1762 1764
1837 1838
265 266
265 267
265 268
265 269
265 270
265 271
265 272
265 273
265 274
265 275
265 277
265 278
265 279
265 280
266 1839
267 268
267 1841
267 1842
271 1843
273 780
273 1844
273 1845
1839 1840
380 780
534 780
780 781
780 782
780 783
780 784
780 785
780 786
780 787
780 788
780 789
780 790
281 282
281 283
281 284
281 285
281 286
281 287
281 288
281 289
281 290
281 291
282 303
282 631
282 1128
282 1129
282 1130
282 1131
282 1132
282 1133
282 1134
282 1135
282 1136
303 304
303 305
303 306
303 307
303 308
303 309
630 631
631 1133
1128 1129
1128 1137
1128 1138
1128 1139
1128 1140
1128 1141
1128 1142
1128 1143
1128 1144
1128 1145
1128 1146
1128 1147
1128 1148
1128 1149
1136 1207
1136 2202
1136 2203
1136 2204
1136 2205
1136 2206
1136 2207
1136 2208
1136 2209
1136 2210
1136 2211
1136 2212
1136 2213
1136 2214
1136 2215
1136 2216
1136 2217
1136 2218
1136 2219
1136 2220
1136 2221
1136 2222
1136 2223
1136 2224
1136 2225
1136 2226
311 1721
311 1722
311 1723
311 1724
311 1725
311 1726
311 1727
311 1728
311 1729
311 1730
311 1731
311 1732
313 1852
321 1438
329 361
1722 2334
1438 1545
1438 2257
1438 2271
1438 2272
1438 2273
361 363
361 364
361 365
361 366
340 341
340 342
340 343
340 344
340 345
340 346
340 347
340 348
340 349
340 350
340 351
340 352
341 343
341 344
341 345
341 353
341 354
341 355
341 356
341 357
341 358
341 359
341 360
342 369
343 1853
345 1854
349 369
353 548
353 549
353 550
353 551
353 552
353 553
353 554
353 555
353 556
353 557
353 558
353 559
353 560
354 863
368 369
369 1860
369 1861
548 551
548 557
548 560
548 561
548 570
548 571
548 573
548 574
550 559
551 2038
551 2039
551 2040
551 2041
553 1348
553 1385
556 1328
560 561
560 564
560 569
850 863
363 1855
365 1856
365 1857
366 1858
366 1859
935 942
942 1413
942 2136
942 2137
997 998
998 1440
998 1441
998 1442
998 1443
998 1444
998 1445
998 1446
998 1447
998 1448
998 1449
998 1450
998 1451
998 1452
998 1453
940 1413
944 1413
1413 1430
1413 1460
1413 1466
1413 1467
1413 1468
1413 1469
1413 1470
1413 1471
940 1414
1167 1414
1414 1504
1414 1505
1414 1506
1414 1507
1414 1508
1414 1509
1414 1510
1414 1511
1414 1512
1414 1513
1414 1514
1414 1515
1414 1516
1414 1517
1418 2263
1420 1429
1421 2264
1427 2265
1429 2266
1429 2267
1430 1520
1430 2268
1164 1437
1437 2269
1437 2270
935 943
918 1341
1341 1494
1341 2249
1341 2250
1341 2251
1341 2252
368 370
368 371
368 372
368 373
368 374
368 375
368 376
368 377
368 378
368 379
368 380
368 381
370 1862
374 1864
376 1865
377 1866
378 1867
378 1868
378 1869
379 1870
380 395
1862 1863
393 395
395 1176
395 1177
395 1178
395 1179
395 1180
382 384
382 385
382 386
382 387
382 388
382 389
382 390
382 391
382 392
643 1107
644 1107
393 396
393 397
393 398
393 399
393 400
393 401
398 1871
597 617
597 620
597 621
597 622
600 623
604 2045
610 1155
610 2046
402 403
402 404
402 405
402 406
402 407
402 408
402 409
402 410
402 411
402 412
402 413
402 414
402 415
402 416
402 417
402 418
402 419
402 420
402 421
402 422
402 423
402 424
402 425
402 426
402 427
402 428
402 429
402 430
402 431
402 432
403 404
403 466
404 1872
405 1873
407 1874
410 1875
415 1876
416 1877
417 418
418 1879
418 1880
422 1881
423 1882
423 1883
424 430
425 430
426 430
427 428
427 1884
427 1885
427 1886
427 1887
427 1888
427 1889
427 1890
427 1891
427 1892
428 1895
428 1896
428 1897
428 1898
428 1899
428 1900
428 1901
428 1902
428 1903
428 1904
428 1905
428 1906
428 1907
428 1908
428 1909
429 1914
429 1915
429 1916
429 1917
429 1918
429 1919
429 1920
429 1921
429 1922
429 1923
430 1924
430 1925
430 1926
430 1927
430 1928
430 1929
430 1930
432 466
432 1960
432 1961
432 1962
432 1963
432 1964
432 1965
450 466
451 466
466 467
466 468
466 469
466 470
466 471
1877 1878
1888 1893
1891 1894
1895 1909
1895 1910
1898 1899
1898 1908
1899 1908
1901 1902
1901 1903
1901 1904
1901 1911
1902 1912
1961 1962
1961 1963
1962 1965
1962 1966
473 1964
1964 1967
1964 1968
1964 1969
1964 1970
473 1965
1965 1983
1965 1984
1965 1985
1965 1986
1965 1987
1965 1988
1965 1989
433 434
433 435
433 436
433 437
433 438
433 439
433 440
433 441
433 442
433 443
433 444
433 445
433 446
433 447
433 448
433 449
433 450
433 451
434 450
434 451
434 452
434 462
434 463
434 464
434 465
435 436
437 1931
438 439
438 1932
439 1932
441 442
441 1933
441 1934
442 1933
442 1934
443 450
443 451
443 1935
443 1936
444 465
449 747
449 1108
450 452
450 465
450 472
450 475
450 482
450 1997
450 1998
450 1999
450 2000
450 2001
451 452
451 465
451 472
451 475
451 482
451 1997
451 2000
451 2001
452 453
452 454
452 455
452 456
452 457
452 458
452 459
452 460
452 461
1935 1937
746 747
747 749
747 1010
747 1454
747 1455
747 1456
747 1457
747 1458
747 1459
747 1460
747 1461
747 1462
747 1463
747 1464
747 1465
1108 1109
1108 1110
1108 1111
1108 1112
1108 1113
1108 1114
1108 1115
472 473
472 474
475 476
475 477
475 478
475 479
475 480
475 481
474 1997
1997 2002
1997 2003
1997 2004
1998 2007
2001 2008
2001 2009
2001 2010
2001 2011
458 1939
459 1940
459 1941
459 1942
468 469
468 1943
468 1944
469 470
469 1945
469 1946
469 1947
469 1948
469 1949
469 1950
469 1951
1943 1944
1945 1946
1945 1952
1947 1953
1947 1954
1947 1955
1951 1957
1951 1958
1951 1959
473 1971
473 1972
473 1973
473 1974
473 1975
473 1976
473 1977
1976 1978
1976 1979
1976 1980
1977 1980
1977 1981
1977 1982
476 503
476 625
476 1116
476 1117
476 1118
476 1119
476 1120
476 1121
476 1122
476 1123
476 1124
476 1125
476 1126
476 1127
478 479
478 1990
478 1991
479 1993
479 1994
479 1995
484 503
503 534
503 1157
503 1158
503 1159
503 1160
503 1161
503 1162
503 1163
503 1164
503 1165
503 1166
503 1167
503 1168
503 1169
503 1170
503 1171
503 1172
503 1173
503 1174
503 1175
623 625
1991 1992
1993 1996
483 484
483 485
483 486
483 487
483 488
483 489
483 490
483 491
483 492
483 493
483 494
483 495
483 496
483 497
483 498
483 499
483 500
483 501
483 502
484 504
484 505
484 506
484 507
484 508
484 509
484 510
484 511
484 512
484 513
484 514
484 515
484 516
484 517
484 518
484 519
484 520
484 521
491 2014
491 2015
491 2016
492 2017
494 2018
494 2019
494 2020
496 2021
498 2022
504 802
504 1603
504 1688
504 1689
504 1690
504 1691
504 1701
504 1702
504 1703
504 1704
504 1705
505 506
517 2023
517 2024
517 2025
517 2026
517 2027
521 528
533 534
1164 2158
791 802
1603 1604
1603 1605
1603 1606
1603 1607
1603 1608
1603 1609
1603 1610
1603 1611
1603 1612
1603 1613
1603 1614
1603 1615
1603 1616
1603 1617
1603 1618
1603 1619
1603 1620
1603 1621
1603 1622
1603 1623
1603 1624
1603 1625
1683 1688
1683 1689
1683 1690
1683 1691
522 528
522 523
522 524
522 525
522 526
522 527
523 2028
529 530
529 531
529 532
530 2034
531 575
531 576
531 1206
531 1210
531 1231
531 1232
531 2167
531 2168
531 2169
531 2170
531 2171
531 2172
531 2173
531 2174
531 2175
531 2176
531 2177
531 2178
531 2179
531 2180
531 2181
531 2182
531 2183
531 2184
531 2185
531 2186
531 2187
531 2188
531 2189
531 2190
531 2191
531 2192
531 2193
531 2194
531 2195
575 576
575 577
575 578
575 579
575 580
575 581
575 582
575 583
1206 1207
1208 1210
1230 1231
1230 1232
2168 2196
2177 2193
2177 2197
2177 2198
2177 2199
2178 2198
2178 2200
2190 2191
2190 2201
1536 2194
2194 2195
1207 2195
533 535
533 536
533 537
533 538
533 539
533 540
533 541
533 542
533 543
533 544
533 545
533 546
533 547
537 538
537 2035
540 2035
542 2036
542 2037
546 756
546 806
756 757
756 758
756 759
756 760
756 761
756 762
756 763
756 764
756 765
756 766
766 806
806 807
806 808
806 809
806 810
806 811
561 562
561 563
561 564
561 565
561 566
561 567
561 568
569 570
569 571
1348 1349
1348 1350
1348 1351
1348 1352
1348 1353
1348 1354
1348 1355
1348 1356
1348 1357
1348 1358
1348 1359
1348 1360
1348 1361
1348 1362
1348 1363
1348 1364
1348 1365
1348 1366
1348 1367
1348 1368
1348 1369
1348 1370
1348 1371
1348 1372
1348 1373
1348 1374
1348 1375
1348 1376
1348 1377
1348 1378
1348 1379
1348 1380
1348 1381
1348 1382
1348 1383
1348 1384
1348 1385
1348 1386
1348 1387
1348 1388
1348 1389
1348 1390
1348 1391
1348 1392
1328 1330
1328 1331
564 565
569 572
563 568
584 585
584 586
584 587
584 588
584 589
584 590
584 591
584 592
584 593
584 594
584 595
584 596
588 905
588 2042
588 2043
588 2044
905 2042
2042 2043
2042 2044
620 2047
623 624
623 626
623 627
623 628
1155 1156
624 1150
624 1151
624 1152
624 1153
624 1154
630 2048
630 2049
630 2050
632 2051
699 2058
699 2059
700 2060
703 2061
717 718
717 719
717 720
717 721
717 722
717 723
717 724
719 791
791 792
791 793
791 794
791 795
791 796
791 797
791 798
791 799
791 800
791 801
791 803
791 804
791 805
733 2064
739 2062
739 2063
2064 2065
2064 2066
741 742
741 743
741 744
741 745
742 2067
742 2068
742 2069
2067 2069
2068 2070
2068 2071
746 748
746 749
749 1456
749 1465
749 2078
749 2079
749 2080
749 2081
904 1010
1010 2144
1010 2145
1010 2280
1455 2277
1456 2079
1460 1461
1463 2278
1463 2279
1464 2144
1464 2145
1464 2280
1464 2281
1465 2282
750 751
750 752
750 753
750 754
750 755
751 752
751 753
751 2082
754 2083
754 2084
754 2085
758 761
758 2086
764 2087
766 1334
1334 2244
1334 2245
1334 2246
1334 2247
767 768
767 769
767 770
767 771
767 772
770 771
770 2088
774 775
774 776
774 777
774 778
774 779
777 1307
778 2089
778 2090
779 2091
779 2092
1307 1308
2090 2160
2090 2161
2090 2162
2090 2163
2090 2164
2090 2165
812 813
812 814
813 816
814 816
815 816
816 826
816 827
816 828
816 829
816 830
816 831
816 832
816 833
816 834
816 835
816 836
816 837
816 838
816 839
816 840
816 841
816 842
816 843
816 844
816 845
816 846
816 847
815 817
815 818
815 819
815 820
815 821
815 822
815 823
815 824
815 825
818 2093
826 841
826 842
826 843
826 848
826 880
826 881
826 882
826 883
826 884
826 885
826 886
826 887
826 888
826 889
826 890
826 891
826 892
826 893
826 894
826 895
826 896
826 897
827 947
827 948
827 949
827 950
830 2094
832 840
833 970
833 2095
838 904
840 2096
841 848
844 2098
848 849
848 850
848 851
848 852
848 853
848 854
848 855
848 856
880 898
880 899
880 900
880 901
881 951
950 1393
970 971
970 972
970 973
970 974
970 975
970 976
970 977
970 978
970 979
904 933
904 934
904 1001
904 1002
904 1003
904 1004
904 1005
904 1006
904 1007
904 1008
904 1009
904 1011
973 2096
849 850
849 857
849 858
849 859
849 860
849 861
849 862
850 864
850 865
850 866
850 867
850 868
850 869
850 870
850 871
850 872
850 873
850 874
850 875
850 876
850 877
850 878
850 879
851 2099
851 2100
854 2102
854 2103
854 2104
854 2105
857 858
857 1493
857 2108
857 2109
858 1493
870 1523
870 2111
870 2112
2100 2101
2102 2106
2103 2107
940 1493
1492 1493
1493 2110
1522 1523
1523 2114
2111 2113
951 952
951 953
951 954
951 955
951 957
951 958
951 959
951 960
903 906
903 924
903 935
903 936
906 2115
906 2116
906 2117
906 2118
907 2119
910 2120
920 1666
924 2121
924 2122
932 935
932 936
932 2125
935 937
935 938
935 939
935 940
935 941
935 944
935 945
935 946
936 2126
936 2127
936 2128
936 2129
936 2130
936 2131
1002 1009
1666 1667
1666 1668
1666 1669
1666 1670
1666 1671
1666 1672
1666 1673
2121 2123
2121 2124
940 2133
940 2134
941 1492
941 2135
944 1472
944 2101
2127 2132
2128 2129
2133 2134
1351 1492
1370 1492
1371 1492
1492 1494
1492 1495
1492 1496
1492 1497
1492 1498
1492 1499
1492 1500
1492 1501
1492 1502
1492 1503
1440 1472
1472 1473
1472 1474
1472 1475
1472 1476
1472 1477
1472 1478
1472 1479
2101 2138
1393 1394
1393 1395
1393 1396
1393 1397
1393 1398
1393 1399
1393 1400
1393 1401
1393 1402
1393 1403
1393 1404
1393 1405
1393 1406
1393 1407
1393 1408
1393 1409
1393 1410
1393 1411
1393 1412
2139 2141
971 972
976 2142
978 980
978 1513
980 981
980 982
980 983
980 984
980 985
980 986
980 987
980 988
980 989
980 990
980 991
980 992
980 993
980 994
980 995
980 996
1513 2303
991 2143
997 999
997 1000
1440 1473
1440 1474
1440 1475
1440 2274
1444 2275
1448 2276
1071 1075
1096 2153
1096 2154
2030 2152
1083 1084
1083 1085
1083 1086
1083 1087
1083 1088
1083 1089
1083 1090
1083 1091
1083 1092
1083 1093
1083 1094
1181 1182
1182 1198
1182 1199
1182 1200
1181 1183
1181 1184
1181 1185
1181 1186
1181 1187
1181 1188
1181 1189
1181 1190
1181 1191
1181 1192
1181 1193
1181 1194
1181 1195
1181 1196
1181 1197
1201 1202
1201 1203
1201 1204
1201 1205
1142 2155
1156 2156
1156 2157
1208 1209
1208 1211
1208 1212
1208 1213
1208 1214
1208 1215
1208 1216
1208 1217
1208 1218
1208 1219
1208 1220
1208 1221
1208 1222
1208 1223
1208 1224
1208 1225
1208 1226
1208 1227
1208 1228
1208 1229
1209 1218
1209 1259
1209 1260
1209 1261
1209 1262
1209 1263
1209 1264
1209 1265
1209 1266
1209 1267
1209 1268
1209 1269
1209 1270
1209 1271
1209 1272
1209 1273
1209 1274
1209 1275
1209 1276
1209 1277
1209 1278
1209 1279
1209 1280
1209 1281
1209 1282
1209 1283
1209 1284
1209 1285
1209 1286
1209 1287
1209 1288
1209 1289
1209 1290
1211 2227
1212 1291
1215 1299
1219 1299
1219 2228
1221 2230
1223 2231
1291 1292
1291 1293
1291 1294
1291 1295
1291 1296
1291 1297
1291 1298
1299 1300
1299 1301
1299 1302
1299 1303
1299 1304
1299 1305
1299 1306
2228 2229
1230 1233
1230 1234
1230 1235
1230 1236
1230 1237
1230 1238
1230 1239
1230 1240
1230 1241
1230 1242
1230 1243
1230 1244
1230 1245
1230 1246
1230 1247
1230 1248
1230 1249
1230 1250
1230 1251
1230 1252
1230 1253
1230 1254
1230 1255
1230 1256
1230 1257
1230 1258
1247 2232
1247 2233
1247 2234
1252 1258
1300 2235
1300 2236
1301 2238
1301 2239
2235 2237
2238 2239
1309 1311
1309 1312
1309 1313
1318 1319
1318 1320
1318 1321
1318 1322
1318 1323
1318 1324
1318 1325
1318 1326
1318 1327
1327 1526
1327 2241
1327 2242
1327 2243
1526 1527
1526 1528
1526 1529
1526 1530
1526 1531
1526 1532
1526 1533
1526 1534
1526 1535
1526 1536
1331 2257
1331 2259
1332 1333
1335 2248
1343 2256
2257 2258
1494 2253
1494 2254
1494 2255
1349 1477
1349 1484
1349 1485
1349 1486
1349 1487
1349 1488
1349 1489
1349 1490
1349 1491
1351 2260
1370 1497
1374 2261
1390 1497
1476 1477
1477 1484
1486 1487
1487 2274
1487 2286
1487 2287
1489 2289
1503 2261
1395 2262
1468 2283
1468 2284
1471 2268
1471 2285
1509 2302
1514 2304
1516 2305
1516 2306
1516 2307
1518 1520
1520 2268
1544 1545
1479 2285
1479 1482
1480 1482
1480 1481
1480 1483
2286 2288
1498 2295
1499 2296
1501 1683
1501 1684
1502 1541
1503 1913
1503 2294
2110 2297
2110 2298
2110 2299
2110 2300
2110 2301
1683 1684
1683 1685
1683 1686
1683 1687
1683 1692
1683 1693
1683 1694
1683 1695
1683 1696
1683 1697
1683 1698
1683 1699
1683 1700
1684 1692
1684 1693
1684 1694
1684 1695
1541 1542
1541 1543
1912 1913
1518 1521
1522 1524
1522 1525
1525 2308
1528 1537
1528 1538
1528 1539
1528 1540
1529 1533
1529 2309
1529 2310
1529 2311
1532 1533
1533 2312
1533 2313
1533 2314
1544 1546
1544 1547
1544 1548
1544 1549
1544 1550
1544 1551
1544 1552
1544 1553
1544 1554
1544 1555
1544 1556
1544 1557
1544 1558
1544 1559
1544 1560
1544 1561
1544 1562
1544 1563
1544 1564
1544 1565
1544 1566
1544 1567
1544 1568
1544 1569
1544 1570
1544 1571
1626 1657
1626 1658
1626 1659
1626 1660
1626 1661
1626 1662
1626 1663
1626 1664
1626 1665
1627 1850
1627 1851
1628 2319
1628 2320
1733 2335
1655 1656
1656 2321
1656 2322
1604 1614
1604 1621
1604 1653
1604 1654
1846 1850
1846 1851
1633 1634
1633 1635
1633 1636
1633 1637
1634 1848
1846 1848
1638 1639
1638 1640
1638 1642
1638 1643
1638 1644
1638 1645
1638 1646
1638 1647
1710 2322
1668 2323
1668 2324
1670 2325
1674 1675
1674 1676
1674 1677
1674 1678
1674 1679
1674 1680
1674 1681
1674 1682
1682 2326
1692 2327
1709 1710
1709 1711
1709 1712
1709 1713
1709 1714
1709 1715
1709 1716
1709 1717
1710 2328
1712 2329
1712 2330
1712 2331
1715 2331
1715 2332
1720 2333
2336 2337
2336 2339
1762 1765
1762 1766
1762 1767
1762 1768
1762 1769
1762 1770
1762 1771
1770 2343
2072 2074
2072 2076
2074 2077
1846 1847
1846 1849
1937 1938
1954 1956
1985 1986
2002 2005
2002 2006
2008 2009
2008 2010
2008 2011
2009 2010
2009 2012
2010 2011
2010 2013
2005 2006
2159 2160
2160 2164
2160 2165
2161 2165
2162 2164
2162 2165
2163 2164
2163 2165
2164 2165
