1 2
1 16
2 15
2 31
2 32
15 16
16 39
16 40
15 38
15 39
30 31
31 32
31 38
31 40
3 32
32 33
32 39
32 41
3 4
3 18
3 33
4 5
4 17
4 19
4 33
5 18
17 18
18 19
18 41
33 34
33 40
33 42
5 34
17 40
17 41
6 19
19 42
6 34
34 35
34 41
34 43
6 7
6 21
7 8
7 20
7 22
20 21
21 22
8 9
8 23
8 35
20 22
20 42
9 22
10 22
22 23
22 24
22 43
9 10
9 35
23 24
23 43
35 42
10 11
11 12
11 13
11 36
12 13
12 14
12 29
12 36
13 14
13 28
13 29
29 36
36 37
36 44
14 29
29 44
26 28
27 28
38 39
30 39
39 40
40 41
41 42
42 43
24 25
25 26
25 27
25 44
26 27
26 37
26 44
27 37
37 44
