1 4
1 13
1 19
1 87
1 1918
1 1919
1 1920
1 1921
1 1922
1 1923
1 1924
1 1925
1 1926
1 1927
1 1928
1 4527
4 38
4 46
4 75
4 91
4 456
4 457
4 461
4 491
4 583
4 790
4 996
4 1309
4 1541
4 1603
4 1672
4 1682
4 1719
4 1815
4 2052
4 2909
4 3719
4 3720
4 3721
4 3722
4 3723
4 3724
4 3725
4 3726
4 3727
4 3728
4 3729
4 4527
4 4551
4 4603
13 361
13 690
13 4527
19 48
19 564
19 4527
19 4598
48 87
87 88
87 89
87 92
87 110
87 123
87 129
87 167
87 281
87 289
87 312
87 441
87 563
87 565
87 595
87 599
87 723
87 777
87 785
87 800
87 801
87 908
87 909
87 910
87 911
87 912
87 913
87 914
87 915
87 916
87 917
87 918
87 919
87 920
87 921
87 922
87 923
87 924
87 925
87 926
87 927
87 928
87 929
87 4531
87 4539
87 4558
87 4575
1833 1922
563 1924
563 1925
2 4527
3 4527
5 4527
6 4527
7 4527
8 4527
9 4527
10 4527
11 4527
12 4527
14 4527
15 4527
16 4527
17 4527
18 4527
20 4527
21 4527
22 4527
2 3
2 12
2 223
2 361
2 562
2 678
2 932
2 1206
2 1518
2 1815
2 2512
2 2544
2 2939
2 3041
2 3042
2 3043
2 3044
2 3045
2 3046
2 3047
2 3048
3 15
3 615
3 634
3 678
3 1637
3 2544
3 3112
3 3113
3 3114
3 3115
3 3116
3 3117
3 3118
3 3119
3 3120
3 3121
12 69
12 232
12 361
38 223
44 223
92 223
200 223
223 351
223 381
223 566
223 608
223 683
223 691
223 820
223 900
223 946
223 1057
223 1142
223 1206
223 1302
223 1309
223 1488
223 1884
223 2121
223 2408
223 3328
223 4003
223 4535
223 4566
223 4613
223 4667
5 361
191 361
361 615
361 690
361 746
361 1143
361 2530
361 2531
361 2532
361 2533
361 2534
361 2535
361 2536
361 2537
361 2538
361 2539
361 2540
361 2541
361 2542
361 2543
361 2544
361 2545
361 2546
361 2547
361 2548
361 2549
361 2550
361 2551
361 2552
361 4543
361 4554
16 562
69 562
70 562
123 562
127 562
130 562
379 562
562 678
562 801
562 931
562 932
562 933
562 935
562 936
562 937
562 938
562 939
562 941
562 943
562 1357
562 1358
562 1359
562 1360
562 1361
562 1362
562 1363
562 1364
562 1365
562 1366
562 1367
562 1368
562 1369
562 1370
562 1371
562 1372
562 1373
562 1374
562 1375
562 1376
562 4558
562 4583
38 678
420 678
608 678
670 678
678 932
678 996
678 1544
678 1652
678 2544
678 3062
678 3063
678 3064
678 3065
678 3066
678 3067
678 3068
678 3069
70 932
127 932
737 932
931 932
932 933
932 936
932 941
932 942
932 1364
932 1366
932 1844
932 1862
932 2218
932 2991
932 3068
932 4143
932 4144
932 4145
932 4146
932 4147
932 4148
932 4149
932 4583
932 4593
421 1206
529 1206
946 1206
1057 1206
1142 1206
1206 1326
1206 1527
1206 1539
1206 1577
1206 3509
1206 4267
1206 4268
1206 4269
1206 4270
1206 4271
1206 4272
1206 4273
1206 4596
1206 4622
1206 4624
1056 1518
1518 3352
91 1815
996 1815
1466 1815
1815 1821
1815 3465
1815 3726
1815 3730
1815 3731
1815 3732
1404 2512
1519 2512
2511 2512
192 2939
399 2939
963 2939
1035 2939
1186 2939
1524 2939
1531 2939
2387 2939
2939 2943
2939 3045
2939 3523
2939 4118
2939 4244
2939 4245
2939 4246
2939 4247
2939 4248
2939 4249
2939 4250
2939 4251
2939 4252
2939 4253
2939 4254
2939 4255
1142 3043
91 3044
191 3046
15 419
5 615
150 615
381 615
419 615
615 4563
419 634
340 1637
909 1637
191 3114
38 41
38 46
38 47
38 70
38 89
38 92
38 108
38 112
38 115
38 234
38 396
38 398
38 399
38 414
38 565
38 566
38 754
38 787
38 1539
38 1592
38 1692
38 1862
38 1863
38 1864
38 1865
38 1866
38 1867
38 1868
38 1869
38 1870
38 1871
38 1872
38 1873
38 1874
38 1875
38 1876
38 1877
38 1878
38 4529
38 4546
38 4589
38 4604
38 4610
38 4613
41 46
46 47
46 61
46 62
46 92
46 184
46 396
46 461
46 583
46 789
46 996
46 1441
46 1592
46 1890
46 3049
46 3050
46 3051
46 3052
46 4529
46 4613
75 460
75 566
75 685
75 688
75 910
75 1304
75 1404
75 4530
75 4559
23 91
59 91
71 91
88 91
91 92
91 111
91 163
91 200
91 235
91 247
91 258
91 300
91 374
91 381
91 566
91 643
91 683
91 737
91 754
91 871
91 879
91 910
91 1256
91 1304
91 1305
91 1402
91 1460
91 1720
91 1832
91 2165
91 2345
91 2346
91 2577
91 2584
91 2601
91 2802
91 2848
91 2868
91 3140
91 3404
91 4004
91 4005
91 4006
91 4007
91 4008
91 4009
91 4010
91 4011
91 4531
91 4566
70 456
423 456
456 457
456 596
456 717
456 788
456 805
456 910
456 915
456 1165
456 1166
456 1890
456 2052
456 2211
456 2212
456 2213
456 2214
456 2215
456 2216
456 2217
456 4550
70 457
173 457
457 596
457 717
457 842
457 915
457 1890
457 2027
457 2215
457 3150
457 3590
457 3984
457 3985
457 3986
457 3987
457 3988
457 3989
457 4550
169 461
455 461
461 463
461 583
461 1218
461 1309
461 1406
461 1508
461 1675
461 1870
461 3343
461 3597
461 3777
461 3778
461 3779
461 3780
461 3781
461 3782
461 3783
461 3784
461 4551
491 1002
491 1460
491 1461
491 1462
491 1463
491 1464
491 1465
491 1466
491 1467
491 1468
491 1469
491 1470
491 1471
491 1472
491 1473
491 4553
89 583
583 4559
703 790
790 4575
790 4654
380 996
441 996
486 996
600 996
651 996
994 996
996 998
996 1030
996 1108
996 1146
996 1309
996 1318
996 1337
996 1652
996 1678
996 1816
996 1817
996 1818
996 1819
996 1820
996 1821
996 1822
996 1823
996 1824
996 1825
996 1826
996 1827
996 1828
996 1829
996 1830
996 1831
996 4585
900 1309
1165 1309
1257 1309
1309 1343
1309 1487
1309 1488
1309 1914
1309 1915
1309 1916
1309 1917
1309 4601
1541 4613
396 1603
1304 1603
595 1672
1159 1672
48 1682
1159 1682
89 1719
685 1719
89 2052
563 2052
595 2052
1460 2909
8 4551
169 4551
460 4551
462 4551
463 4551
464 4551
465 4551
466 4551
14 4603
546 4603
1348 4603
1349 4603
1350 4603
1351 4603
1352 4603
5 18
5 152
5 320
5 381
5 735
5 768
5 1182
5 1220
5 1621
5 1959
5 2861
5 3228
5 4084
5 4085
5 4086
5 4087
5 4088
5 4089
5 4090
5 4091
5 4092
5 4093
5 4094
5 4095
5 4096
5 4097
5 4098
5 4099
5 4100
5 4101
5 4626
18 350
149 152
152 4533
152 4631
320 661
320 1177
320 1220
320 1809
320 1850
320 1892
320 3474
320 3475
320 3476
320 3477
320 3478
320 4540
149 381
150 381
350 381
379 381
380 381
381 627
381 643
381 692
381 739
381 754
381 1094
381 1142
381 1170
381 1316
381 1465
381 1474
381 1504
381 1699
381 1708
381 1712
381 1713
381 1714
381 1730
381 2147
381 2160
381 2977
381 3862
381 4057
381 4058
381 4059
381 4060
381 4061
381 4062
381 4063
381 4064
381 4065
381 4066
381 4067
381 4068
381 4069
381 4070
381 4071
381 4072
381 4073
381 4074
381 4075
381 4076
381 4077
381 4078
381 4079
381 4080
381 4081
381 4082
381 4083
381 4545
381 4643
381 4673
719 735
735 736
735 737
735 738
735 740
735 744
735 1142
735 1818
735 2262
735 3037
735 3040
735 3426
735 3548
735 3549
735 3550
735 3551
735 3552
735 3553
735 3554
735 4570
224 768
768 4574
768 4653
768 4660
1182 4594
1177 1220
1220 1850
1220 3125
1220 4597
1220 4661
1621 4617
1959 4626
2861 4653
601 3228
1960 4626
9 806
9 4552
690 806
697 806
801 806
806 828
806 1638
806 1654
806 1660
806 1661
806 1986
806 1987
806 1988
806 1989
806 1990
806 1991
806 1992
806 4576
47 4552
101 4552
400 4552
441 4552
467 4552
468 4552
469 4552
470 4552
471 4552
472 4552
473 4552
474 4552
475 4552
476 4552
477 4552
478 4552
479 4552
480 4552
481 4552
482 4552
483 4552
484 4552
485 4552
486 4552
487 4552
488 4552
489 4552
490 4552
40 69
59 69
69 163
69 173
69 232
69 300
69 447
69 782
69 878
69 883
69 1049
69 1599
69 1647
69 1658
69 2558
69 2559
69 2567
69 2568
69 2569
69 2570
69 2571
69 2572
69 2573
69 2574
69 2575
69 2576
69 2577
69 2578
69 2579
69 2580
69 2581
69 2582
69 2583
69 2584
69 2585
69 2586
69 2587
69 2588
69 2589
69 2590
69 2591
69 2592
69 2593
69 2594
69 2595
69 2596
69 2597
69 2598
69 2599
69 2600
69 2601
69 2602
69 4530
69 4537
69 4634
69 4646
90 232
127 232
128 232
130 232
135 232
136 232
142 232
232 233
232 234
232 446
232 774
232 816
232 828
232 883
232 1156
232 1638
232 1647
232 1648
232 1649
232 1650
232 1651
232 1652
232 1653
232 1654
232 1655
232 1656
232 1657
232 1658
232 1659
232 1660
232 1661
232 1662
232 1663
232 1664
232 1665
232 4537
232 4577
70 690
515 690
683 690
685 690
687 690
688 690
690 691
690 772
690 777
690 778
690 1268
690 2547
690 3610
690 3611
690 3612
690 3613
690 3614
690 3615
690 3616
690 3617
690 3618
690 3619
690 4566
690 4576
20 419
419 421
419 422
419 423
419 424
419 608
419 609
419 610
419 611
419 612
419 613
419 614
419 616
419 617
419 618
419 619
419 620
419 621
419 622
419 623
419 624
419 625
419 626
419 627
419 628
419 629
419 630
419 631
419 632
419 633
419 635
419 636
419 637
419 638
419 639
419 640
419 641
419 642
419 4547
419 4554
16 379
16 4608
378 379
379 383
379 585
379 1757
379 3459
379 3460
379 3461
379 3462
379 3463
379 3464
379 3465
379 4545
398 4608
408 4608
410 4608
938 4608
1363 4608
1401 4608
1402 4608
1403 4608
1404 4608
1405 4608
1406 4608
1407 4608
1408 4608
1409 4608
1410 4608
1411 4608
1412 4608
1413 4608
1414 4608
1415 4608
1416 4608
1417 4608
1418 4608
1419 4608
1420 4608
1421 4608
1422 4608
1423 4608
1424 4608
1425 4608
1426 4608
1427 4608
1428 4608
1429 4608
1430 4608
1431 4608
173 350
193 350
350 351
350 352
350 377
350 380
350 382
350 383
350 672
350 718
350 1177
350 1229
350 1272
350 1337
350 1732
350 1734
350 1735
350 1848
350 1851
350 2907
350 3212
350 3390
350 3391
350 3392
350 3393
350 3394
350 3395
350 3396
350 3397
350 3398
350 3399
350 3400
350 3401
350 3402
350 3403
350 3404
350 3405
350 3406
350 3407
350 3408
350 3409
350 3410
350 3411
350 3412
350 3413
350 3414
350 3415
350 4542
350 4545
350 4570
350 4597
350 4620
350 4665
48 126
48 129
48 173
48 319
48 569
48 577
48 719
48 759
48 777
48 783
48 842
48 915
48 1244
48 1270
48 1372
48 1406
48 1487
48 1643
48 1667
48 1885
48 1890
48 2037
48 2045
48 3587
48 3601
48 4222
48 4223
48 4224
48 4225
48 4226
48 4227
48 4228
48 4229
48 4230
48 4529
48 4532
48 4558
48 4598
48 4618
564 577
564 680
564 719
564 783
564 809
564 1652
564 1667
564 1726
564 2053
564 2054
564 2055
564 2056
564 2057
564 2058
564 2059
564 2060
564 2061
564 2062
564 4558
1268 4598
1269 4598
1270 4598
1271 4598
22 85
22 910
22 1404
85 112
85 118
85 156
85 157
85 158
85 159
85 160
85 161
85 162
85 163
85 164
85 165
85 166
85 167
85 168
85 169
85 170
85 171
85 172
85 173
85 174
85 175
85 176
85 177
85 178
85 179
85 180
85 181
85 182
85 183
85 184
85 185
85 186
85 187
85 188
85 4531
53 910
70 910
71 910
92 910
167 910
423 910
687 910
870 910
871 910
879 910
910 1304
910 1351
910 1404
910 1485
910 1870
910 1936
910 2207
910 2212
910 2241
910 2296
910 2321
910 2513
910 2514
910 2515
910 2517
910 2518
910 2771
910 2776
910 3783
910 4256
910 4257
910 4258
910 4259
910 4260
910 4261
910 4262
910 4263
910 4264
910 4265
910 4266
89 1404
92 1404
568 1404
1351 1404
1404 1411
1404 1485
1404 2321
1404 2511
1404 2513
1404 2514
1404 2515
1404 2516
1404 2517
1404 2518
1404 2519
23 563
23 645
23 4528
70 563
284 563
319 563
547 563
563 569
563 595
563 596
563 599
563 670
563 695
563 723
563 909
563 913
563 938
563 1256
563 1304
563 1378
563 1406
563 1726
563 1885
563 1890
563 1891
563 1992
563 2012
563 2015
563 2025
563 2036
563 2037
563 2038
563 2039
563 2040
563 2041
563 2042
563 2043
563 2044
563 2045
563 2046
563 2047
563 2048
563 2049
563 2050
563 2051
563 4558
563 4565
88 645
111 645
315 645
378 645
645 701
645 719
645 732
645 822
645 824
645 826
645 878
645 1023
645 1156
645 1334
645 1489
645 1755
645 1880
645 2623
645 3014
645 3040
645 3135
645 3243
645 3244
645 3245
645 3246
645 3247
645 3248
645 3249
645 3250
645 3251
645 3252
645 3253
645 3254
645 3255
645 3256
645 3257
645 3258
645 3259
645 3260
645 3261
645 3262
645 3263
645 3264
645 4563
645 4578
645 4585
645 4657
24 4528
25 4528
26 4528
27 4528
28 4528
29 4528
30 4528
31 4528
32 4528
33 4528
34 4528
35 4528
36 4528
37 4528
25 235
70 235
178 235
185 235
235 236
235 240
235 241
235 244
235 253
235 254
235 256
235 304
235 353
235 922
235 929
235 1774
235 1824
235 3283
235 3369
235 3370
235 3371
235 3372
235 3373
235 3374
235 3375
235 3376
235 3377
235 3378
235 3379
235 3380
235 3381
235 3382
235 3383
235 4537
26 1993
129 1993
780 1993
1993 2422
1993 2423
1993 2424
1993 2425
1993 4629
41 47
41 89
41 234
41 396
41 1353
41 1862
41 1875
41 1876
41 1878
41 2612
41 2613
41 2614
41 2615
41 4529
41 4546
41 4604
45 47
47 315
47 396
47 412
47 413
47 414
47 418
47 581
47 1351
47 1832
47 1875
47 2100
47 2736
47 2898
47 2899
47 3293
47 3887
47 3888
47 3889
47 3890
47 3891
47 3892
47 3893
47 3894
47 3895
47 3896
47 3897
47 3898
47 3899
47 3900
47 4529
47 4546
47 4559
47 4654
70 84
70 92
70 595
70 683
70 687
70 688
70 691
70 702
70 844
70 1441
70 1443
70 1485
70 1504
70 1639
70 1646
70 1774
70 1833
70 4278
70 4279
70 4280
70 4281
70 4282
70 4283
70 4284
70 4530
70 4550
70 4583
70 4611
70 4615
88 89
89 186
89 460
89 595
89 682
89 685
89 687
89 1303
89 1443
89 1832
89 1833
89 1842
89 2791
89 2947
89 3444
89 4531
89 4565
89 4566
53 92
88 92
92 95
92 97
92 100
92 103
92 104
92 105
92 109
92 110
92 111
92 112
92 114
92 115
92 118
92 244
92 306
92 351
92 359
92 566
92 687
92 870
92 871
92 1049
92 1504
92 1510
92 1833
92 1841
92 1842
92 1872
92 1874
92 2558
92 2559
92 2580
92 2606
92 2624
92 2627
92 2629
92 3372
92 3787
92 3974
92 4161
92 4162
92 4163
92 4164
92 4165
92 4166
92 4167
92 4168
92 4531
92 4542
92 4580
108 4531
86 112
88 112
112 595
112 1538
112 1863
112 4531
86 115
88 115
115 565
115 1441
115 1863
115 4531
88 234
233 234
234 683
234 1402
234 1441
234 1460
234 1485
234 2630
234 3283
234 4537
234 4539
234 4631
45 396
61 396
62 396
396 398
396 408
396 410
396 478
396 546
396 1592
396 1593
396 1594
396 1595
396 1596
396 1597
396 1598
396 1599
396 1600
396 1601
396 1602
396 1604
396 1605
396 1606
396 1607
396 1608
396 1609
396 4546
396 4571
398 408
398 1292
398 1403
398 2515
398 4546
398 4600
399 1531
399 1592
399 2940
399 2941
399 2942
399 2943
399 2944
399 2945
399 2946
399 4546
399 4610
399 4616
414 4546
118 565
184 565
305 565
309 565
565 660
565 782
565 879
565 1055
565 1917
565 2165
565 2842
565 2843
565 2844
565 2845
565 2846
565 2847
565 2848
565 2849
565 2850
565 2851
565 2852
565 2853
565 4558
565 4566
565 4588
88 566
351 566
546 566
566 608
566 683
566 691
566 785
566 1049
566 1055
566 1441
566 2121
566 2622
566 2818
566 3974
566 4558
566 4667
467 754
643 754
754 1143
754 1233
754 1441
754 1599
754 1841
754 1842
754 1846
754 2121
754 2583
754 2600
754 3605
754 3606
754 3607
754 3608
754 3609
754 4572
787 4575
787 4613
787 4654
421 1539
1057 1539
1539 1868
1539 3510
1539 4110
1539 4613
785 1592
789 1592
1102 1592
1145 1592
1592 3469
1592 3470
1592 3471
1592 3472
1592 3473
1592 4642
1592 4660
1692 4619
71 1862
317 1862
1049 1862
1135 1862
1572 1862
1573 1862
1844 1862
1862 2802
1862 3825
1862 3826
1862 3827
1862 3828
1862 3829
1862 3830
1862 3831
1862 3832
1862 3833
1862 3834
1862 3835
1862 3836
1862 3837
1862 3838
1862 3839
53 1863
306 1863
313 1863
942 1863
1538 1863
1863 1872
1863 2009
1863 2844
1863 3093
1863 3147
1863 4123
1863 4124
1863 4125
1863 4126
1863 4127
1863 4128
1863 4129
1863 4130
1863 4131
1863 4132
1863 4133
1863 4134
1863 4135
467 1864
1178 1865
1647 1867
1867 2736
1867 4650
45 1869
400 1869
1304 1870
1460 1873
1873 4676
1874 2947
1876 2218
1876 4632
1877 2218
1877 4632
1647 1878
39 4529
40 4529
42 4529
43 4529
44 4529
45 4529
49 4529
50 4529
51 4529
52 4529
53 4529
54 4529
55 4529
56 4529
57 4529
58 4529
59 4529
60 4529
61 4529
62 4529
63 4529
64 4529
65 4529
66 4529
67 4529
62 4546
397 4546
400 4546
401 4546
402 4546
403 4546
404 4546
405 4546
406 4546
407 4546
408 4546
409 4546
410 4546
411 4546
412 4546
413 4546
415 4546
416 4546
417 4546
418 4546
1056 4589
1057 4589
1058 4589
1059 4589
1060 4589
1353 4604
1483 4610
1484 4610
312 4613
1538 4613
1540 4613
1542 4613
1543 4613
1544 4613
1545 4613
1546 4613
1547 4613
1548 4613
1549 4613
1550 4613
1551 4613
1552 4613
1553 4613
1554 4613
39 175
39 231
39 498
39 923
39 1257
39 1334
39 1401
39 1716
39 2142
39 2143
39 2144
39 2145
39 2146
39 2147
39 2148
39 2149
39 2150
39 2151
39 2152
39 2153
39 2154
39 2155
39 2156
39 2157
39 2158
39 2159
39 2160
39 2161
39 2162
39 2163
39 2164
39 2165
39 2166
191 231
194 231
231 4536
498 4553
279 1257
1233 1257
1257 1488
1257 4667
513 1334
945 1334
1035 1334
1334 1519
409 1401
495 1401
567 1401
1401 1411
1401 1421
1401 1432
1401 1433
1401 1434
1401 1435
1401 1436
1401 1437
1401 1438
1401 1439
1401 1440
149 1716
702 2147
1354 2147
2147 4651
2136 2154
40 42
40 43
40 447
40 917
40 1050
40 2206
40 2207
40 2208
40 2209
40 2210
40 4549
43 118
43 187
43 4531
43 4646
447 448
447 1477
447 1478
447 1479
447 4549
1050 4588
448 4549
449 4549
450 4549
451 4549
452 4549
453 4549
454 4549
400 2614
86 118
118 3390
118 4531
118 4646
187 3390
53 4531
86 4531
88 4531
90 4531
93 4531
94 4531
95 4531
96 4531
97 4531
98 4531
99 4531
100 4531
101 4531
102 4531
103 4531
104 4531
105 4531
106 4531
107 4531
109 4531
110 4531
111 4531
113 4531
114 4531
116 4531
117 4531
99 4646
176 4646
237 4646
239 4646
305 4646
697 4646
870 4646
871 4646
879 4646
884 4646
1686 4646
2017 4646
2042 4646
2553 4646
2554 4646
2555 4646
2556 4646
2557 4646
2558 4646
2559 4646
2560 4646
2561 4646
2562 4646
2563 4646
2564 4646
2565 4646
2566 4646
44 247
44 595
44 1256
44 2817
44 2818
44 2819
44 2820
44 2821
247 595
247 4537
181 595
309 595
311 595
312 595
595 687
595 691
595 723
595 911
595 1159
595 1256
595 1303
595 1443
595 1678
595 1742
595 1841
595 1842
595 1894
595 1895
595 2026
595 2321
595 2712
595 2820
595 3142
595 3143
595 3144
595 3145
595 3146
595 3147
595 3148
595 3149
595 3150
595 3151
595 3152
595 3153
595 3154
595 3155
595 3156
595 3157
595 3158
595 4561
595 4566
279 1256
45 62
45 64
45 101
45 409
45 439
45 478
45 578
45 581
45 2100
45 2885
45 2886
45 2887
45 2888
45 2889
45 2890
45 2891
45 2892
45 2893
45 2894
45 2895
45 2896
45 2897
45 2898
45 2899
62 3170
62 4650
101 4544
439 4548
578 4559
581 4559
455 2100
61 4559
184 441
184 1159
184 1833
184 4558
782 789
789 3792
789 4575
245 1441
577 1441
683 1441
1441 1485
1441 1843
1441 1844
1441 1845
1441 1846
1441 1847
1890 4625
86 315
413 4569
418 4650
1351 4625
258 1832
557 1832
687 1832
722 1832
1146 1832
1442 1832
1832 1833
1832 1842
1832 2338
1832 2345
1832 2346
1832 2618
1832 2868
1832 2869
1832 2870
1832 2871
1832 2872
1832 2873
1832 2874
1832 2875
1832 4634
1789 2736
2736 2758
2736 2966
2736 3362
2736 3646
2736 3647
2736 3648
2736 3649
2736 3650
2736 3651
2736 3652
2736 3653
2736 3654
2736 3655
2736 3656
2736 3657
2736 3658
2736 3659
2736 4650
1538 3293
579 4559
580 4559
582 4559
404 4654
1421 4654
2515 4654
2737 4654
2920 4654
2921 4654
2922 4654
2923 4654
2924 4654
2925 4654
2926 4654
126 129
126 130
126 2927
126 4532
125 129
128 129
129 130
129 736
129 758
129 774
129 780
129 1418
129 1648
129 1652
129 1930
129 2503
129 2535
129 2733
129 2813
129 3792
129 3793
129 3794
129 3795
129 3796
129 3797
129 3798
129 3799
129 3800
129 3801
129 3802
129 3803
129 3804
129 3805
129 3806
129 4532
129 4577
122 173
173 1304
173 3390
86 319
319 783
319 1159
569 683
569 691
569 782
569 4558
569 4567
577 719
577 783
577 4558
683 719
719 722
719 737
719 738
719 740
719 783
719 1159
719 1173
719 1174
719 1242
719 1418
719 1515
719 1836
719 1838
719 2205
719 3019
719 3020
719 3021
719 3022
719 3023
719 3024
719 3025
719 3026
719 3027
719 3028
719 3029
719 3030
719 3031
719 3032
719 3033
719 3034
719 3035
719 3036
719 3037
719 3038
719 3039
719 3040
719 4568
719 4570
759 828
759 4573
121 777
683 777
691 777
777 783
548 783
573 783
737 783
783 796
783 1159
783 1174
783 1318
783 1344
783 1418
783 1667
783 1822
783 2053
783 2195
783 2196
783 2197
783 2198
783 2199
783 2200
783 2201
783 2202
783 2203
783 2204
783 2205
783 4575
842 4579
757 915
279 1244
1159 1244
757 1372
596 1406
1406 4634
661 1487
1143 1487
1487 4611
455 1643
737 1643
1643 4618
1159 1667
1885 4625
596 3587
596 3601
119 4532
120 4532
121 4532
122 4532
123 4532
124 4532
125 4532
127 4532
128 4532
130 4532
131 4532
132 4532
133 4532
134 4532
135 4532
136 4532
137 4532
138 4532
139 4532
140 4532
141 4532
142 4532
143 4532
144 4532
145 4532
146 4532
147 4532
148 4532
54 4558
567 4558
568 4558
570 4558
571 4558
572 4558
573 4558
574 4558
575 4558
576 4558
135 4618
172 4618
557 4618
758 4618
1638 4618
1639 4618
1640 4618
1641 4618
1642 4618
1644 4618
1645 4618
1646 4618
53 88
53 1733
88 100
88 102
88 104
88 105
88 111
88 114
88 116
88 687
88 824
88 1034
88 1037
88 1038
88 1824
88 1879
88 2519
88 2558
88 2580
88 2616
88 2617
88 2618
88 2619
88 2620
88 2621
88 2622
88 2623
88 2624
88 2625
88 2626
88 2627
88 2628
88 2629
88 2630
88 4580
88 4587
88 4588
163 1733
644 1733
718 1733
1219 1733
1222 1733
1733 1738
1733 1757
1733 1758
1733 2585
1733 2712
1733 2865
1733 3409
1733 3414
1733 3840
1733 3841
1733 3842
1733 3843
1733 3844
1733 3845
1733 3846
1733 3847
1733 3848
1733 3849
1733 3850
1733 3851
1733 3852
1733 3853
1733 3854
1733 3855
1733 3856
1733 3857
1733 3858
1733 3859
1733 3860
1733 3861
60 679
60 757
79 679
608 679
679 1344
679 1828
679 2498
679 2948
679 3301
679 4045
679 4274
679 4275
679 4276
679 4277
134 757
137 757
483 757
599 757
680 757
697 757
757 764
757 1799
757 1944
757 2136
757 2137
757 2138
757 2139
757 2140
757 2141
757 4573
191 3170
1180 3170
3170 3539
3170 3540
3170 3541
3170 3542
3170 3543
3170 3544
3170 3545
3170 3546
3170 3547
403 4650
415 4650
1600 4650
2134 4650
2282 4650
2709 4650
2737 4650
2738 4650
2739 4650
2740 4650
2741 4650
2742 4650
2743 4650
2744 4650
2745 4650
2746 4650
2747 4650
2748 4650
2749 4650
2750 4650
2751 4650
2752 4650
2753 4650
2754 4650
2755 4650
2756 4650
2757 4650
2758 4650
2759 4650
2760 4650
2761 4650
2762 4650
65 192
65 4678
192 196
192 449
192 2726
192 3339
192 3340
192 3341
192 3342
192 3343
192 3344
192 3345
192 3346
192 3347
192 3348
192 3349
192 3350
192 3351
192 3352
192 4534
2281 4678
3053 4678
4493 4678
4494 4678
66 3142
3142 3666
3142 3667
3142 3668
3142 3669
3142 3670
3142 3671
3142 3672
3142 3673
3142 3674
3142 3675
3142 3676
3142 3677
3142 3678
3142 3679
68 1760
68 4530
258 1760
71 4530
72 4530
73 4530
74 4530
76 4530
77 4530
78 4530
79 4530
80 4530
81 4530
82 4530
83 4530
84 4530
300 4539
71 782
684 782
739 782
782 1045
782 1122
782 1123
782 1124
782 1125
782 1126
782 1127
782 1128
782 1129
782 1130
782 1131
782 1132
782 1133
782 1134
782 1135
782 1136
782 1137
782 1138
782 1139
782 1140
782 1141
782 4575
122 878
878 1143
878 1616
878 3390
878 4657
122 883
883 3390
1049 1485
1049 1538
1049 4588
1647 1650
1647 1652
1647 1658
1647 1905
1647 1906
1647 1907
688 1658
1650 1658
233 2559
689 2575
1834 2577
2582 2639
2224 2584
1485 2590
191 2602
90 4537
178 4537
233 4537
236 4537
237 4537
238 4537
239 4537
240 4537
241 4537
242 4537
243 4537
244 4537
245 4537
246 4537
248 4537
249 4537
250 4537
251 4537
252 4537
253 4537
254 4537
255 4537
256 4537
257 4537
483 4634
695 4634
820 4634
1209 4634
2224 4634
2225 4634
2226 4634
2227 4634
2228 4634
2229 4634
2230 4634
2231 4634
2232 4634
2233 4634
2234 4634
2235 4634
2236 4634
2237 4634
2238 4634
2239 4634
2240 4634
2241 4634
2242 4634
2243 4634
2244 4634
2245 4634
2246 4634
2247 4634
135 683
441 683
567 683
683 685
683 687
683 688
683 691
683 702
683 815
683 944
683 1268
683 1290
683 1432
683 1442
683 1443
683 1444
683 1445
683 1446
683 1447
683 1448
683 1449
683 1450
683 1451
683 1452
683 1453
683 1454
683 1455
683 1456
683 1457
683 1458
683 1459
683 4566
683 4576
71 687
135 687
685 687
687 688
687 691
687 702
687 1442
687 1443
687 1447
687 1450
687 1457
687 1639
687 1833
687 1834
687 1835
687 1836
687 1837
687 1838
687 1839
687 1840
687 1841
687 1842
687 4566
687 4616
71 688
128 688
135 688
139 688
172 688
685 688
688 691
688 699
688 702
688 774
688 828
688 837
688 844
688 1397
688 1443
688 1450
688 1454
688 1648
688 1649
688 1659
688 1660
688 1905
688 1971
688 1988
688 2014
688 2020
688 2287
688 2288
688 2289
688 2290
688 2291
688 2292
688 2293
688 2294
688 2295
688 2296
688 2297
688 2298
688 2299
688 2300
688 2301
688 4566
688 4576
71 691
135 691
567 691
685 691
691 702
691 808
691 813
691 815
691 1268
691 1432
691 1442
691 1443
691 1444
691 1447
691 1448
691 1450
691 1452
691 1453
691 1454
691 3733
691 3734
691 3735
691 3736
691 3737
691 3738
691 4566
691 4576
420 702
702 1834
702 3273
702 3274
702 3275
702 3276
702 3277
702 3278
702 3279
702 4567
702 4576
844 4579
71 1443
128 1443
135 1443
139 1443
353 1443
685 1443
774 1443
1443 1447
1443 1450
1443 1457
1443 1639
1443 1648
1443 1649
1443 1659
1443 1839
1443 1840
1443 2295
1443 2301
1443 2713
1443 2792
1443 2793
1485 1486
1485 1833
1485 2321
1485 2656
1485 2657
1485 2658
1485 2659
1485 2660
1485 2661
1485 2662
1485 2663
1485 2664
1485 2665
1485 2666
1485 2667
1485 2668
1485 2669
1485 4611
351 1504
352 1504
661 1504
847 1504
1085 1504
1091 1504
1218 1504
1496 1504
1504 1571
1504 2036
1504 3660
1504 3661
1504 3662
1504 3663
1504 3664
1448 1639
1639 1645
1639 1840
1639 2705
1639 2706
1639 2707
1639 2708
1639 2709
1639 2710
1639 2711
1639 2712
1639 2713
1639 2714
1639 2715
441 1646
1268 1646
1774 4621
1726 1833
1833 2053
1833 2852
1833 3466
1833 3467
1833 3468
149 4550
455 4550
458 4550
459 4550
127 4583
737 4583
931 4583
933 4583
934 4583
935 4583
936 4583
937 4583
938 4583
939 4583
940 4583
941 4583
942 4583
943 4583
944 4583
546 4611
1258 4611
1486 4611
1589 4615
1590 4615
1591 4615
71 685
71 1616
71 1648
71 1649
71 4425
71 4426
71 4427
71 4576
124 685
134 685
135 685
137 685
446 685
685 772
685 774
685 809
685 1451
685 1454
685 1455
685 1456
685 1648
685 1649
685 1720
685 1721
685 1722
685 1723
685 1724
685 1725
685 1726
685 4566
685 4576
116 1616
378 1616
1037 1616
1038 1616
1186 1616
1616 1631
1616 1879
1616 2115
1616 2626
1616 3527
1616 3528
1616 3529
1616 3530
1616 3531
1616 3532
1616 3533
1616 3534
1616 3535
1616 3536
1616 3537
1616 3538
1616 4617
1616 4657
128 1648
1648 1649
1648 1659
1648 2295
1648 2301
1648 2728
1648 2729
1648 2730
1648 2731
1648 2732
128 1649
142 1649
148 1649
774 1649
776 1649
1649 1659
1649 1661
1649 2295
1649 2301
1649 2728
1649 2729
1649 2732
1649 2733
1649 2734
1649 2735
135 4576
548 4576
567 4576
807 4576
808 4576
809 4576
810 4576
811 4576
812 4576
813 4576
814 4576
815 4576
74 1488
74 1961
314 1488
423 1488
982 1488
1016 1488
1143 1488
1170 1488
1302 1488
1488 3588
1488 3608
1488 4335
1488 4430
1488 4431
1488 4432
1488 4433
1488 4434
1488 4435
729 1961
828 1961
836 1961
837 1961
1293 1961
1397 1961
1654 1961
1660 1961
1961 1964
1961 1970
1961 1971
1961 1972
1961 1988
1961 1994
1961 1997
1961 1998
1961 2000
1961 2005
1961 2006
1961 2007
1961 2008
1961 2009
1961 2010
1961 2013
1961 2020
1961 2021
1961 2766
1961 2767
1961 2768
1961 2769
1961 2770
1961 2771
1961 2772
1961 2773
1961 2774
1961 2775
1961 2776
1961 2777
1961 2778
1961 2779
1961 2780
1961 2781
1961 2782
1961 2783
1961 2784
1961 2785
1961 2786
1961 2787
1961 4627
181 460
186 460
460 465
460 467
460 471
460 582
460 682
460 1303
460 1842
460 2121
460 2126
460 2788
460 2789
460 2790
460 2791
99 1304
109 1304
157 1304
172 1304
370 1304
546 1304
682 1304
809 1304
1163 1304
1303 1304
1304 1619
1304 1678
1304 1725
1304 2057
1304 2321
1304 2555
1304 3140
1304 3249
1304 4444
1304 4445
1304 4446
1304 4447
1304 4448
1304 4449
1304 4450
1304 4451
1304 4452
1304 4453
1304 4454
1304 4455
1304 4456
1304 4457
1304 4458
1304 4675
79 828
575 828
697 828
736 828
801 828
828 836
828 837
828 884
828 938
828 1397
828 1638
828 1654
828 1660
828 1661
828 1905
828 1971
828 1972
828 1988
828 1994
828 1995
828 1996
828 1997
828 1998
828 1999
828 2000
828 2001
828 2002
828 2003
828 2004
828 2005
828 2006
828 2007
828 2008
828 2009
828 2010
828 2011
828 2012
828 2013
828 2014
828 2015
828 2016
828 2017
828 2018
828 2019
828 2020
828 2021
828 4579
828 4627
82 225
82 1143
211 225
225 908
225 1002
225 1020
225 1087
225 1100
225 1112
225 2964
225 3435
225 3568
225 3569
225 3570
225 3571
225 3572
225 3573
225 3574
225 3575
225 3576
225 3577
225 3578
225 3579
225 3580
225 3581
225 3582
225 3583
225 4536
225 4574
225 4591
225 4601
225 4609
225 4645
701 1143
726 1143
732 1143
980 1143
998 1143
1143 1150
1143 1266
1143 1917
1143 2607
1143 3297
1143 3605
1143 3667
1143 4333
1143 4334
1143 4335
1143 4336
1143 4337
1143 4338
1143 4339
1143 4340
1143 4341
1143 4342
1143 4343
1143 4344
1143 4345
1143 4346
1143 4347
1143 4348
1143 4349
1143 4350
1143 4351
1143 4352
1143 4353
1143 4354
1143 4355
1143 4356
1143 4357
1143 4358
1143 4359
1143 4360
1143 4361
1143 4362
1143 4592
161 686
162 596
90 164
167 4556
169 1159
174 4547
122 178
178 4285
86 179
180 2136
182 2639
186 682
86 306
86 307
86 308
86 309
86 310
86 311
86 312
86 313
86 314
86 316
86 317
86 318
307 1303
309 909
279 311
312 909
110 4539
123 305
123 856
123 1727
123 1728
123 4565
123 4566
123 4579
281 4539
289 4539
119 441
441 446
441 608
441 682
441 717
441 779
441 780
441 908
441 1121
441 1492
441 1828
441 1831
441 1929
441 1930
441 1931
441 1932
441 1933
441 1934
441 1935
441 1936
441 1937
441 1938
441 1939
441 1940
441 1941
441 1942
441 1943
441 1944
441 1945
441 1946
441 1947
441 1948
441 1949
441 1950
441 1951
441 1952
441 1953
441 1954
441 1955
441 1956
441 1957
441 1958
441 4566
441 4586
441 4596
596 599
599 908
599 4561
723 4568
785 4575
800 4575
801 1638
801 4575
211 908
908 926
908 1071
908 1100
908 1101
908 1102
908 1103
908 1104
908 1105
908 1106
908 1107
908 1108
908 1109
908 1110
908 1111
908 1112
908 1113
908 1114
908 1115
908 1116
908 1117
908 1118
908 1119
908 1120
908 1121
909 2022
909 2023
909 2024
909 2025
909 2026
909 2027
909 2028
909 2029
909 2030
909 2031
920 4582
279 926
253 4539
256 4539
279 4539
280 4539
282 4539
283 4539
284 4539
285 4539
286 4539
287 4539
288 4539
290 4539
291 4539
292 4539
293 4539
294 4539
295 4539
296 4539
297 4539
298 4539
299 4539
301 4539
302 4539
303 4539
304 4539
305 4539
670 4575
784 4575
786 4575
788 4575
791 4575
792 4575
793 4575
794 4575
795 4575
796 4575
797 4575
798 4575
799 4575
802 4575
803 4575
804 4575
805 4575
100 259
100 3680
104 351
104 352
104 4597
111 718
111 4542
111 4620
111 4624
114 4003
116 1034
116 4587
116 4588
191 824
436 824
689 824
824 4578
1033 1034
1034 1037
1034 1038
1034 1040
1034 1057
1034 1186
1034 1190
1034 1467
1034 1879
1034 3518
1034 3519
1034 3520
1034 3521
1034 3522
1034 3523
1034 3524
1034 3525
1034 3526
1034 4587
1034 4595
1037 4587
1037 4595
1038 4587
1879 4624
2618 2868
847 4580
1033 4587
1035 4587
1036 4587
1039 4587
1040 4587
1041 4587
1042 4587
1043 4587
1044 4587
200 4588
1045 4588
1046 4588
1047 4588
1048 4588
1051 4588
1052 4588
1053 4588
1054 4588
1055 4588
682 1302
682 1303
682 1305
682 1306
682 1307
682 1308
682 4566
596 1303
982 1303
990 1303
992 1303
1163 1303
1168 1303
1302 1303
1303 1343
1303 2027
1303 3328
1303 3329
1303 3330
1303 3331
1303 3332
1303 3333
1303 3334
1303 3335
1303 3336
1303 3337
1303 3338
1303 3339
343 2947
1103 2947
2132 2947
2282 2947
2947 2975
2947 3155
2947 3423
2947 3424
2947 3425
2947 3426
2947 3427
2947 3428
2947 3429
2947 3430
2947 3431
2947 3432
2947 3433
2947 3434
2947 3435
2947 3436
2947 3437
2947 3438
2947 3439
2947 3440
2947 3441
2947 3442
2947 3443
2947 3444
2947 3445
2947 3446
2947 3447
2947 3448
122 4565
668 4565
669 4565
670 4565
671 4565
672 4565
673 4565
674 4565
675 4565
676 4565
677 4565
684 4566
686 4566
689 4566
692 4566
693 4566
694 4566
695 4566
696 4566
697 4566
698 4566
699 4566
700 4566
701 4566
90 93
90 109
90 113
90 117
90 233
90 1656
90 1657
90 3688
90 3785
90 3786
90 3787
90 3788
233 2603
233 2604
233 2605
233 2606
3390 3688
2639 3788
200 4534
217 258
258 267
258 722
258 1146
258 1889
258 1894
258 2315
258 2316
258 2317
258 2318
258 2319
258 2320
258 2321
258 2322
258 2323
258 2324
258 2325
258 2326
258 2327
258 2328
258 2329
258 2330
258 2331
258 2332
258 2333
258 2334
258 2335
258 2336
258 2337
258 2338
258 2339
258 2340
258 2341
258 2342
258 2343
258 2344
258 2345
258 2346
258 2347
258 2348
258 2349
258 2350
258 2351
258 2352
258 2353
258 2354
258 4538
374 4544
374 4556
643 655
643 4563
420 737
548 737
573 737
722 737
736 737
737 738
737 774
737 1242
737 1515
737 1570
737 1913
737 2053
737 2205
737 2345
737 2346
737 3023
737 3027
737 3301
737 3548
737 3551
737 3552
737 3565
737 4143
737 4144
737 4147
737 4469
737 4470
737 4471
737 4472
737 4473
737 4474
737 4475
737 4476
737 4477
737 4478
737 4479
737 4480
737 4481
737 4482
737 4570
737 4593
122 871
122 879
879 2553
483 1402
1193 1402
1402 1414
1402 1427
1402 1683
1402 1684
1402 1685
1402 1686
1402 1687
1402 1688
1402 1689
1402 1690
1402 1691
353 1460
1460 1462
1460 1545
1460 2367
1460 2908
1460 2910
1460 2911
1460 2912
1460 2913
1460 2914
1460 2915
1460 2916
1460 2917
1460 2918
1460 2919
2346 2868
644 2802
689 2802
736 2802
132 2868
2047 2868
2338 2868
847 3140
2555 3140
736 3404
2036 3404
2036 4010
244 4285
351 660
351 847
351 1272
351 1732
351 1848
351 1851
351 3716
351 3717
351 3718
351 4542
351 4597
351 4605
359 4542
122 870
1218 1510
352 4542
353 4542
354 4542
355 4542
356 4542
357 4542
358 4542
360 4542
259 267
259 382
259 3680
259 3681
259 3682
259 3683
259 3684
259 3685
259 4538
3680 3995
3680 3996
3680 3997
3680 3998
3680 3999
362 4544
363 4544
364 4544
365 4544
366 4544
367 4544
368 4544
369 4544
370 4544
371 4544
372 4544
373 4544
375 4544
376 4544
352 378
352 1177
352 1219
352 1225
352 1226
352 1272
352 1732
352 1884
352 3212
352 3214
352 3851
352 4218
352 4219
352 4220
352 4221
352 4597
352 4625
718 4597
1218 4597
1219 4597
1221 4597
1222 4597
1223 4597
1224 4597
1225 4597
1226 4597
1227 4597
1228 4597
1229 4597
1230 4597
1231 4597
106 4638
2282 4638
2283 4638
2284 4638
2285 4638
2286 4638
355 718
356 718
358 718
378 718
718 1089
718 1229
718 1232
718 1343
718 1732
718 1734
718 1735
718 1736
718 1737
718 1738
718 1739
718 1740
718 1741
718 1742
718 1743
718 1744
718 1745
718 1746
718 1747
718 1748
718 1749
718 1750
718 1751
718 1752
718 1753
718 1754
718 1755
718 1756
718 1757
718 1758
718 1759
718 4568
151 4620
647 4620
1166 4620
1177 4620
1263 4620
1729 4620
1730 4620
1731 4620
1571 4624
1880 4624
1881 4624
410 1538
421 1538
1538 1542
1538 1550
1538 1551
1538 3284
1538 3285
1538 3286
1538 3287
1538 3288
1538 3289
1538 3290
1538 3291
1538 3292
1538 3294
1538 3295
1538 4612
1332 4003
4003 4074
4003 4293
4003 4518
4003 4519
4003 4520
4003 4521
4003 4522
1917 3390
1929 3390
3390 3677
3390 3686
3390 3687
3390 3689
3390 3690
3390 3691
3390 3692
119 121
119 124
119 125
119 135
119 138
119 141
119 147
119 442
119 443
119 444
119 445
119 446
120 121
121 138
121 139
121 142
121 148
121 446
121 508
121 699
121 770
121 771
121 772
121 773
121 774
121 775
121 776
121 778
121 779
121 780
121 781
124 125
124 130
124 134
124 136
124 142
124 143
124 147
124 148
124 446
124 780
124 829
124 1268
124 2813
124 2814
124 2815
125 127
125 133
125 142
125 143
125 146
125 147
125 509
125 2729
125 2813
125 2816
128 135
130 135
135 1268
135 1638
135 1640
135 1650
128 446
130 446
446 1638
120 128
120 500
120 501
120 502
120 503
120 504
120 505
120 506
120 507
120 508
120 509
128 130
128 134
128 136
128 139
128 142
128 148
128 771
128 774
128 776
128 1397
128 1638
128 1650
128 1651
128 1652
128 1661
128 1987
128 2733
128 2735
128 3265
128 3266
128 3267
128 3268
128 3269
128 3270
128 3271
127 504
127 508
509 4579
772 1640
130 774
774 1638
776 1638
127 781
122 459
122 869
122 872
122 873
122 874
122 875
122 876
122 877
122 880
122 881
122 882
122 884
122 885
122 4579
436 459
881 1834
882 2391
672 4579
829 4579
830 4579
831 4579
832 4579
833 4579
834 4579
835 4579
836 4579
837 4579
838 4579
839 4579
840 4579
841 4579
843 4579
845 4579
846 4579
305 4285
224 856
856 1085
1728 4680
130 933
130 939
130 1397
130 1638
130 1663
130 2063
130 3265
130 3266
130 3269
130 4111
134 1268
136 4607
1268 1363
1268 2815
1268 3789
1268 3790
1268 3791
127 816
127 1366
127 2991
127 2992
127 4577
816 4577
1397 1638
1397 1905
1397 4607
1638 1652
1638 1654
1638 1660
1638 1663
1638 1987
1638 1992
1638 2063
1638 2064
1638 2065
1638 2066
1650 1651
1650 1652
1650 1905
1650 1906
1650 3353
1640 1652
1652 1905
1652 3792
2733 3792
424 736
722 736
736 738
736 743
736 758
736 2503
736 3023
736 3106
736 3297
736 3298
736 3300
736 3301
736 3560
736 3561
736 3562
736 3563
736 3564
736 3565
736 3566
736 3567
736 4570
736 4644
758 760
758 1828
758 2493
758 2503
758 3296
758 3297
758 3298
758 3299
758 3300
758 3301
758 4573
758 4644
1930 4285
2503 4644
558 3792
733 3792
3301 3792
3792 4436
3792 4437
3792 4438
3792 4439
3792 4440
3792 4441
3792 4442
3792 4443
1640 2291
1640 4050
1640 4051
1640 4052
1640 4053
1640 4054
1640 4055
1640 4056
1396 4607
1398 4607
1399 4607
1400 4607
144 4630
341 4630
1788 4630
2084 4630
2085 4630
2086 4630
2087 4630
149 193
149 627
149 1170
149 1316
149 1699
149 1700
149 1701
149 1702
149 1703
149 1704
149 1705
149 1706
149 1707
149 1708
149 1709
149 1710
149 1711
149 1712
149 1713
149 1714
149 1715
149 1717
149 1718
149 4533
189 193
190 193
191 193
193 217
193 377
193 591
193 1489
193 3620
193 3621
193 3622
193 3623
193 3624
193 3625
193 3626
193 3627
193 3628
193 3629
193 3630
193 3631
193 3632
193 3633
193 3634
193 3635
193 3636
193 3637
193 3638
193 4534
193 4538
380 1170
1170 3328
1170 4593
686 1316
1316 2224
1316 4601
1700 4623
380 1704
1704 2036
1718 4657
150 4533
151 4533
153 4533
154 4533
155 4533
150 692
150 694
150 2167
150 2168
150 2169
150 2170
150 2171
150 2172
150 2173
150 2174
150 2175
150 2176
150 2177
150 2178
150 2179
150 2180
150 2181
150 2182
150 2183
150 2184
150 2185
150 2186
150 2187
150 2188
150 2189
150 2190
150 2191
150 2192
150 2193
150 2194
692 2977
151 377
151 1089
151 1092
151 1263
151 1880
151 2865
151 4321
151 4322
151 4323
151 4324
151 4325
151 4326
151 4327
151 4328
377 1091
377 1261
377 1262
377 1263
377 1264
377 1265
377 1266
377 1267
377 4545
1089 4591
1085 1092
1092 4591
382 1880
601 1880
1085 1880
661 2865
1084 2865
1085 2865
1850 2865
2865 4653
2102 4631
2103 4631
2104 4631
2105 4631
386 686
686 701
686 1020
686 1421
686 1775
686 1776
686 1777
686 1778
686 1779
686 1780
686 1781
686 1782
686 1783
686 1784
686 1785
686 1786
686 1787
686 1788
686 1789
686 1790
686 1791
686 1792
686 1793
686 1794
686 1795
686 1796
686 1797
686 1798
686 1799
596 600
596 717
596 788
596 982
596 1163
596 1166
596 1168
596 1296
596 1343
596 1751
596 2027
596 3122
596 3328
596 3330
596 3332
596 3336
596 3584
596 3585
596 3586
596 3588
596 3589
596 3590
596 3591
596 3592
596 3593
596 3594
596 3595
596 3596
596 3597
596 3598
596 3599
596 3600
596 4561
543 4556
544 4556
545 4556
546 4556
547 4556
548 4556
549 4556
550 4556
551 4556
552 4556
553 4556
554 4556
555 4556
556 4556
557 4556
558 4556
1159 1174
1159 1444
1159 1666
1159 1668
1159 1669
1159 1670
1159 1671
1159 1673
1159 1674
1159 1675
1159 1676
1159 1677
1159 1678
1159 1679
1159 1680
1159 1681
1159 4593
420 4547
421 4547
422 4547
423 4547
424 4547
425 4547
426 4547
427 4547
428 4547
429 4547
430 4547
431 4547
432 4547
433 4547
434 4547
239 4285
241 4285
242 4285
284 4285
1137 4285
2296 4285
2949 4285
4285 4483
4285 4484
4285 4485
4285 4486
4285 4487
4285 4488
4285 4489
4285 4490
4285 4491
4285 4492
554 2136
574 2136
764 2136
1448 2136
1988 2136
2136 2140
2136 2198
2136 3319
2136 3320
2136 3321
2136 3322
2136 3323
2136 3324
2136 3325
2136 3326
480 2639
2553 2639
2638 2639
2639 3071
2639 3072
2639 3077
2639 3084
2639 3087
2639 3088
2639 3091
2639 3095
2639 3096
2639 3102
2639 4495
2639 4496
2639 4497
2639 4498
2639 4499
2639 4500
2639 4501
2639 4502
2639 4503
2639 4504
2639 4505
2639 4506
2639 4507
2639 4508
2639 4648
189 198
189 199
189 203
189 216
189 218
189 219
189 529
189 945
189 946
189 947
189 948
189 949
189 950
189 951
189 952
189 953
189 954
189 955
189 956
189 957
189 958
189 959
189 960
189 961
189 962
189 963
189 964
189 965
189 966
189 4534
198 4534
199 559
199 4534
199 4557
190 203
203 4534
216 946
216 4534
218 4534
219 4534
529 1056
529 1520
529 4554
529 4619
190 945
945 963
945 1326
945 1327
945 1328
945 1329
945 1330
945 1331
945 1332
945 1333
945 1335
945 1336
190 947
341 948
948 4635
194 949
195 949
196 952
190 953
953 1035
953 4625
962 4625
963 4619
963 4649
965 4625
190 4534
191 4534
194 4534
195 4534
196 4534
197 4534
201 4534
202 4534
204 4534
205 4534
206 4534
207 4534
208 4534
209 4534
210 4534
211 4534
212 4534
213 4534
214 4534
215 4534
217 4534
220 4534
221 4534
222 4534
190 480
190 512
190 1147
190 1330
190 1555
190 1556
190 1557
190 1558
190 1559
190 1560
190 1561
190 1562
190 1563
190 1564
190 1565
190 1566
190 1567
190 1568
190 1569
190 1570
190 4581
196 512
510 512
511 512
512 515
512 518
512 536
512 538
512 886
512 3384
512 3385
512 3386
512 3387
512 3388
512 3389
512 4554
512 4581
512 4640
1147 4592
1333 1555
1555 1566
1555 2876
1555 2877
1555 2878
1555 2879
1555 2880
1555 2881
1555 2882
1555 2883
1555 2884
511 1556
1557 4669
1558 1834
1559 2391
194 1566
1326 1566
511 4581
886 4581
887 4581
888 4581
889 4581
890 4581
891 4581
892 4581
893 4581
894 4581
895 4581
896 4581
897 4581
898 4581
899 4581
900 4581
901 4581
902 4581
903 4581
904 4581
905 4581
906 4581
907 4581
191 194
191 196
191 492
191 513
191 1056
191 1332
191 1444
191 1525
191 1526
191 1532
191 1588
191 3171
191 3172
191 3173
191 3174
191 3175
191 3176
191 3177
191 3178
191 3179
191 3180
191 3181
191 3182
191 3183
191 3184
191 3185
191 3186
191 3187
191 3188
191 3189
191 3190
191 3191
191 3192
191 3193
191 3194
191 3195
191 3196
191 4647
194 195
194 205
194 212
194 263
194 1697
194 1777
194 2319
194 3176
194 3192
194 3873
194 3874
194 3875
194 3876
194 3877
194 3878
194 3879
194 3880
194 3881
194 3882
194 3883
194 3884
194 3885
194 3886
196 513
196 519
196 593
196 1079
196 1328
196 1526
196 2459
196 2943
196 3134
196 3173
196 3176
196 3189
196 3191
196 3815
196 3928
196 3929
196 3930
196 3931
196 3932
196 3933
196 3934
196 3935
196 3936
196 3937
196 3938
196 3939
196 3940
196 3941
196 3942
196 3943
196 3944
196 3945
196 3946
196 3947
196 3948
196 3949
196 3950
196 3951
196 3952
492 4553
513 1056
513 1079
513 3490
513 3491
513 3492
513 4554
1056 1519
1056 1520
1056 1521
1056 1522
1056 1523
1056 1524
1056 1525
1056 1526
1056 1527
1056 1528
1056 1529
1056 1530
1056 1531
1056 1532
1056 1533
1056 1534
1056 1535
1056 1536
1326 1332
1332 4619
670 1444
1444 1452
1444 1666
1444 1677
1444 3304
1444 3305
1444 3306
1444 3307
1444 3308
1444 3309
1444 3310
1444 3311
1444 3312
1444 3313
1444 3314
1444 3315
1444 3316
1444 3317
1444 3318
1519 1532
1176 1588
1520 1588
449 4659
2726 4649
1520 3341
1326 3348
217 1666
195 591
591 4560
448 1489
195 3633
1085 3635
260 4538
261 4538
262 4538
263 4538
264 4538
265 4538
266 4538
267 4538
268 4538
269 4538
270 4538
271 4538
272 4538
273 4538
274 4538
275 4538
276 4538
277 4538
278 4538
195 205
195 341
195 1983
195 2256
195 2433
195 2685
195 2841
195 3368
195 3808
195 3873
195 3875
195 3901
195 3902
195 3903
195 3904
195 3905
195 3906
195 3907
195 3908
195 3909
195 3910
195 3911
195 3912
195 3913
195 3914
195 3915
195 3916
195 3917
195 3918
195 3919
195 3920
195 3921
195 3922
195 3923
195 3924
195 3925
195 3926
195 3927
1697 4619
2224 2319
341 346
341 349
341 559
341 560
341 561
341 1335
341 2251
341 3354
341 3355
341 3356
341 3357
341 3358
341 3359
341 3360
341 3361
341 3362
341 3363
341 3364
341 3365
341 3366
341 3367
341 3368
341 4541
341 4557
1085 1983
1983 4628
342 2256
2256 4635
1310 2433
1666 2685
2511 2841
342 3808
519 4554
584 593
593 4560
538 1079
1520 2459
2459 4112
2459 4641
3134 4661
342 3815
1326 3938
1326 3939
559 560
559 561
559 745
559 746
559 747
559 748
559 749
559 750
559 4557
560 4557
561 4557
204 1666
1666 2324
1666 2634
1666 2670
1666 2671
1666 2672
1666 2673
1666 2674
1666 2675
1666 2676
1666 2677
1666 2678
1666 2679
1666 2680
1666 2681
1666 2682
1666 2683
1666 2684
1666 2686
1666 2687
1666 2688
1666 2689
1666 2690
1666 2691
1666 2692
1666 2693
1666 2694
1666 2695
1666 2696
1666 2697
1666 2698
1666 2699
1666 2700
1666 2701
1666 2702
1666 2703
1666 2704
208 382
382 1096
382 1814
382 3998
382 4376
382 4545
382 4653
382 4668
608 680
689 820
820 4578
1035 1057
1057 1142
1057 1176
1057 1433
1057 1522
1057 1577
1057 1612
1057 2363
1057 3496
1057 3497
1057 3498
1057 3499
1057 3500
1057 3501
1057 3502
1057 3503
1057 3504
1057 3505
1057 3506
1057 3507
1057 3508
1057 3509
1057 3510
1057 3511
1057 3512
1057 3513
1057 3514
1057 3515
1057 3516
1057 3517
1057 4662
1084 1142
1085 1142
1096 1142
1142 1156
1142 3431
1142 3552
1142 4150
1142 4151
1142 4152
1142 4153
1142 4154
1142 4155
1142 4156
1142 4157
1142 4158
1142 4159
1142 4160
1142 4592
1884 4625
467 2121
511 2408
2408 4663
292 3328
670 3328
717 3328
979 3328
982 3328
984 3328
990 3328
992 3328
1163 3328
1165 3328
1166 3328
1343 3328
1673 3328
1751 3328
1835 3328
1836 3328
2027 3328
3037 3328
3122 3328
3123 3328
3261 3328
3328 3330
3328 3336
3328 3337
3328 3549
3328 3584
3328 3585
3328 3705
3328 3984
3328 4026
3328 4027
3328 4028
3328 4029
3328 4030
3328 4031
3328 4032
3328 4033
3328 4034
3328 4035
3328 4036
3328 4037
3328 4038
3328 4039
3328 4040
3328 4041
3328 4042
3328 4043
3328 4044
336 4667
705 4667
1233 4667
3479 4667
3480 4667
3481 4667
3482 4667
3483 4667
3484 4667
3485 4667
3486 4667
3487 4667
3488 4667
3489 4667
224 848
224 849
224 850
224 851
224 852
224 853
224 854
224 855
224 4536
224 4545
853 1326
853 4639
226 4536
227 4536
228 4536
229 4536
230 4536
378 4545
380 4545
383 4545
384 4545
385 4545
386 4545
387 4545
388 4545
389 4545
390 4545
391 4545
392 4545
393 4545
394 4545
395 4545
1002 4585
1002 4609
1020 4585
1087 4591
1087 4623
1100 1102
1100 1110
1100 1120
1100 1310
1100 1476
1100 1783
1100 2397
1100 4203
1100 4204
1100 4205
1100 4206
1100 4207
1100 4208
1100 4209
1100 4210
1100 4211
1100 4212
1100 4213
1100 4214
1100 4215
1100 4216
1100 4217
1100 4601
2282 2964
766 4574
767 4574
769 4574
228 4591
527 4591
1032 4591
1082 4591
1083 4591
1084 4591
1085 4591
1086 4591
1088 4591
1090 4591
1091 4591
1093 4591
1094 4591
1095 4591
1096 4591
1097 4591
1098 4591
1099 4591
905 4601
1063 4601
1310 4601
1311 4601
1312 4601
1313 4601
1314 4601
1315 4601
1317 4601
1480 4609
1481 4609
1828 4645
2510 4645
226 2032
748 2032
1082 2032
2032 3730
2032 3739
2032 3740
2032 3741
2032 3742
2032 3743
1156 4592
1660 1905
3369 3382
3369 3862
3369 3863
3369 3864
3369 3865
3369 3866
3369 3867
3369 3868
3369 3869
3369 3870
3369 3871
3369 3872
237 2553
376 2553
1619 2553
2553 2564
2553 2638
2553 2705
2553 3070
2553 3071
2553 3072
2553 3073
2553 3074
2553 3075
2553 3076
2553 3077
2553 3078
2553 3079
2553 3080
2553 3081
2553 3082
2553 3083
2553 3084
2553 3085
2553 3086
2553 3087
2553 3088
2553 3089
2553 3090
2553 3091
2553 3092
2553 3093
2553 3094
2553 3095
2553 3096
2553 3097
2553 3098
2553 3099
2553 3100
2553 3101
2553 3102
2553 3103
2553 4648
722 4568
722 4675
1146 4592
1889 4625
1894 4625
264 4541
340 4541
342 4541
343 4541
344 4541
345 4541
346 4541
347 4541
348 4541
349 4541
273 2948
415 2948
535 2948
1828 2948
2282 2948
2948 2966
2948 3280
2948 4045
2948 4046
2948 4047
2948 4048
2948 4049
279 291
279 296
279 684
279 710
279 982
279 1232
279 1233
279 1234
279 1235
279 1236
279 1237
279 1238
279 1239
279 1240
279 1241
279 1242
279 1243
279 1245
279 1246
279 1247
279 1248
279 1249
279 1250
279 1251
279 1252
279 1253
279 1254
279 1255
279 1258
279 1259
279 1260
684 1495
684 1496
684 1497
710 1233
710 4567
930 982
982 1232
982 1233
717 1232
990 1232
992 1232
1232 3037
1232 3122
1232 3123
1232 3124
1233 1299
1233 2768
1233 3030
1233 3197
1233 3481
1233 3482
1233 3483
1233 3488
1233 3489
1233 3975
1233 3976
1233 3977
1233 3978
1233 3979
1233 3980
1233 3981
1233 3982
1233 3983
420 1242
286 4595
1033 4595
1183 4595
1184 4595
1185 4595
1186 4595
1187 4595
1188 4595
1189 4595
1190 4595
1191 4595
1192 4595
1193 4595
1194 4595
1195 4595
1196 4595
1197 4595
1198 4595
1199 4595
1200 4595
1201 4595
1202 4595
1203 4595
1204 4595
1205 4595
660 661
661 662
661 1085
661 1850
661 1851
661 1857
661 1861
661 3136
661 3764
661 4231
661 4232
661 4233
661 4234
661 4235
661 4236
661 4237
661 4238
661 4239
661 4240
661 4241
661 4242
661 4243
661 4564
360 1177
1177 1670
1177 1755
1177 2116
1177 2270
1177 2271
1177 2272
1177 2273
1177 2274
1177 2275
1177 2276
1177 2277
1177 2278
1177 2279
1177 2280
1177 4594
1809 1850
1809 4623
1809 4661
660 1850
662 1850
1085 1850
1850 1851
1850 1857
1850 2866
1850 3125
1850 3136
1850 3953
1850 3954
1850 3955
1850 4661
1892 4625
321 4540
322 4540
323 4540
324 4540
325 4540
326 4540
327 4540
328 4540
329 4540
330 4540
331 4540
332 4540
333 4540
334 4540
335 4540
336 4540
337 4540
338 4540
339 4540
340 1632
340 1633
340 1634
340 1635
340 1636
1384 1632
1632 1635
1632 2067
1632 2068
1632 2069
1632 2070
1632 2071
1632 2072
1632 2073
1632 2074
1632 2075
1632 2076
1632 2077
1632 2078
1632 2079
1632 2080
1632 2081
1632 2082
1632 2083
601 1634
1335 4625
2251 4635
342 3358
342 2249
342 3807
342 3809
342 3810
342 3811
342 3812
342 3813
342 3814
342 4635
2249 4635
2248 4635
2250 4635
2252 4635
2253 4635
2254 4635
2255 4635
2257 4635
2258 4635
380 383
380 651
380 652
380 657
380 676
380 1318
380 1337
380 1818
380 1830
380 2764
380 2765
380 3222
380 3816
380 3817
380 3818
380 3819
380 3820
380 3821
380 3822
380 3823
380 3824
380 4563
380 4602
383 651
383 655
383 657
383 1827
383 3413
383 4415
383 4416
383 4563
1085 1229
421 1272
1085 1272
1272 1857
1272 3212
1272 3213
1272 3214
1272 3215
1272 3216
1272 3217
1272 3218
1272 3219
1272 3220
1272 3221
1272 4599
1318 1337
1337 2763
1337 2764
1337 2765
356 1732
378 1732
1732 2907
660 1848
1085 1848
1773 1848
1848 2369
1848 2470
1848 2520
1848 2521
1848 2522
1848 2523
1848 2524
1848 2525
1848 2526
1848 2527
1848 2528
1848 2529
660 1851
662 1851
1086 1851
1097 1851
1851 4023
1851 4024
1851 4025
3391 3774
3391 3775
3391 3776
1577 3398
738 4570
739 4570
740 4570
741 4570
742 4570
743 4570
744 4570
3327 4665
660 662
660 663
660 1085
660 1849
660 1852
660 1853
660 1854
660 1855
660 1856
660 1857
660 1858
660 1859
660 1860
660 1861
660 4564
847 2236
847 3141
847 4584
589 4605
1091 4605
1354 4605
1355 4605
1356 4605
356 378
378 2115
378 2116
378 2117
644 1219
1225 4169
1226 4661
546 4625
547 4625
788 4625
1035 4625
1882 4625
1883 4625
1886 4625
1887 4625
1888 4625
1891 4625
1893 4625
1895 4625
1896 4625
1897 4625
1898 4625
1899 4625
1900 4625
1901 4625
1902 4625
1903 4625
1904 4625
2103 2534
510 4554
511 4554
514 4554
515 4554
516 4554
517 4554
518 4554
520 4554
521 4554
522 4554
523 4554
524 4554
525 4554
526 4554
527 4554
528 4554
530 4554
531 4554
532 4554
533 4554
534 4554
535 4554
536 4554
537 4554
1091 1218
1576 2116
2116 2977
2116 4656
585 4560
1757 4653
651 1084
651 4563
652 4563
657 4563
676 4584
448 1318
717 1318
1318 1338
1318 1339
1318 1340
1318 1341
1318 1342
1318 1343
1318 1344
1318 1345
1318 1346
1318 1347
1318 4602
601 3222
644 4563
646 4563
647 4563
648 4563
649 4563
650 4563
653 4563
654 4563
655 4563
656 4563
658 4563
659 4563
1319 4602
1320 4602
1321 4602
1322 4602
1323 4602
1324 4602
1325 4602
644 1094
1084 1094
1085 1094
1094 4677
886 1465
886 1474
1474 4643
693 2977
2977 2979
2977 4000
2977 4001
2977 4656
677 4643
2487 4643
2488 4643
2489 4643
2490 4643
2491 4643
2492 4643
995 1814
1084 1814
1085 1814
1857 4653
1913 4653
2854 4653
2855 4653
2856 4653
2857 4653
2858 4653
2859 4653
2860 4653
2862 4653
2863 4653
2864 4653
2866 4653
2867 4653
3555 4668
3556 4668
3557 4668
3558 4668
3559 4668
1593 4640
1597 4676
1598 4676
751 4571
752 4571
753 4571
397 2106
397 2107
397 2108
397 2109
397 2110
397 2111
397 2112
397 2113
397 2114
1292 4600
1290 4600
1291 4600
1293 4600
1294 4600
1295 4600
1296 4600
1297 4600
1298 4600
1299 4600
1300 4600
1301 4600
1520 1531
1531 4112
1519 2941
1610 4616
1611 4616
1612 4616
1613 4616
1614 4616
1615 4616
400 416
400 2754
400 4193
400 4194
400 4195
400 4196
558 4569
725 4569
726 4569
727 4569
728 4569
729 4569
730 4569
731 4569
732 4569
733 4569
734 4569
421 422
422 642
422 4428
422 4429
422 4562
423 4652
424 609
609 2262
609 2981
609 2982
609 2983
609 2984
609 2985
609 2986
609 2987
609 2988
609 2989
609 2990
420 425
420 426
420 670
420 717
420 1167
420 1169
420 1751
420 1752
420 1913
420 1934
420 3449
420 3450
420 3451
420 3452
420 3453
420 3454
420 3455
420 3456
420 3457
420 3458
420 4567
420 4593
425 4593
426 4593
703 717
717 930
717 4567
1167 4593
1169 4593
1762 1913
703 4567
704 4567
705 4567
706 4567
707 4567
708 4567
709 4567
711 4567
712 4567
713 4567
714 4567
715 4567
716 4567
1160 4593
1161 4593
1162 4593
1163 4593
1164 4593
1165 4593
1166 4593
1168 4593
1171 4593
1172 4593
1173 4593
1174 4593
1175 4593
601 4562
602 4562
603 4562
604 4562
605 4562
606 4562
607 4562
2800 4652
2801 4652
435 436
435 4548
436 701
436 1482
436 4548
437 4548
438 4548
440 4548
701 4585
448 1492
1937 4644
511 1943
1026 4586
1027 4586
1028 4586
1029 4586
975 4596
1207 4596
1208 4596
1209 4596
1210 4596
1211 4596
1212 4596
1213 4596
1214 4596
1215 4596
1216 4596
1217 4596
448 1490
448 1491
448 1493
448 1494
448 4560
584 4560
586 4560
587 4560
588 4560
589 4560
590 4560
592 4560
594 4560
3053 4659
3054 4659
3055 4659
3056 4659
3057 4659
455 458
455 1218
455 1300
455 1505
455 1506
455 1515
455 2088
455 2089
455 2090
455 2091
455 2092
455 2093
455 2094
455 2095
455 2096
455 2097
455 2098
455 2099
455 2101
1218 1467
1218 1505
1218 1506
1218 1507
1218 1508
1218 1509
1218 1511
1218 1512
1218 1513
1218 1514
1218 1515
1218 1516
1218 1517
467 471
467 2118
467 2119
467 2120
467 2122
467 2123
467 2124
467 2125
467 2126
467 2127
467 2128
467 2129
467 2130
467 2131
467 2132
467 2133
467 2134
467 2135
467 4572
755 4572
756 4572
468 4418
468 4419
468 4420
468 4421
468 4422
468 4423
468 4424
472 2282
472 4633
2282 2739
2282 2949
2282 2950
2282 2951
2282 2952
2282 2953
2282 2954
2282 2955
2282 2956
2282 2957
2282 2958
2282 2959
2282 2960
2282 2961
2282 2962
2282 2963
2282 2965
2282 2966
2282 2967
2282 2968
2282 2969
2282 2970
2282 2971
2282 2972
2282 2973
2282 2974
2282 2975
2282 2976
474 4584
967 4584
968 4584
969 4584
970 4584
971 4584
972 4584
973 4584
974 4584
975 4584
976 4584
977 4584
479 2949
1421 2949
2426 2949
2949 2950
2949 2971
2949 4182
2949 4286
2949 4287
2949 4288
2949 4289
2949 4290
2949 4291
2949 4292
2949 4293
2949 4294
2949 4295
2949 4296
2949 4297
2949 4298
2949 4299
2949 4300
2949 4301
2949 4302
2949 4303
1464 4666
1467 1577
886 1468
493 4553
494 4553
495 4553
496 4553
497 4553
499 4553
494 4651
1430 4651
2794 4651
2795 4651
2796 4651
2797 4651
2798 4651
2799 4651
495 1433
495 4628
1106 1433
1433 1435
1433 1612
1433 1982
1433 1985
1433 4304
1433 4305
1433 4306
1433 4307
1433 4308
1433 4309
1433 4310
1433 4311
1433 4312
1433 4313
1433 4314
1433 4315
1433 4316
1433 4317
1433 4318
1433 4319
1433 4320
1085 4628
1106 4628
1421 4628
1527 4628
1577 4628
1976 4628
1977 4628
1978 4628
1979 4628
1980 4628
1981 4628
1982 4628
1984 4628
1985 4628
510 681
511 648
511 905
511 1065
511 1315
511 1326
511 1985
511 2390
511 2391
511 2392
511 2393
511 2394
511 2395
511 2396
511 2397
511 2398
511 2399
511 2400
511 2401
511 2402
511 2403
511 2404
511 2405
511 2406
511 2407
511 2409
511 2410
511 2411
511 2412
511 2413
511 2414
511 2415
511 2416
511 2417
511 2418
511 2419
511 2420
511 2421
511 4590
1065 4590
527 1326
530 1326
1326 2412
1326 2421
1326 3162
1326 4136
1326 4137
1326 4138
1326 4139
1326 4140
1326 4141
1326 4142
2390 2391
2390 4331
2390 4332
2391 4331
2391 4459
2391 4460
2391 4461
2391 4462
2391 4463
2391 4464
2391 4465
2391 4466
2391 4467
2391 4468
1575 2414
1027 4590
1061 4590
1062 4590
1063 4590
1064 4590
1066 4590
536 4669
538 1067
538 1068
538 1069
538 1070
538 1071
538 1072
538 1073
538 1074
538 1075
538 1076
538 1077
538 1078
538 1080
538 1081
538 4555
886 1475
886 1476
2437 4640
2445 4640
2446 4640
2447 4640
2448 4640
2449 4640
2450 4640
2451 4640
2452 4640
2453 4640
2454 4640
2455 4640
527 4636
2268 4636
2269 4636
1519 1520
1520 2365
1520 4112
1520 4116
1520 4117
1520 4118
1520 4119
1520 4246
1520 4370
1520 4379
1520 4380
1520 4381
1520 4382
1520 4383
1520 4384
1520 4385
1520 4386
1158 4619
1693 4619
1694 4619
1695 4619
1696 4619
1698 4619
1591 4669
3602 4669
3603 4669
3604 4669
539 4555
540 4555
541 4555
542 4555
544 4675
4102 4675
4103 4675
4104 4675
4105 4675
4106 4675
931 4107
931 4108
931 4109
695 2036
695 4644
1378 4606
2036 2994
2036 3007
2036 3009
2036 3075
2036 4197
2036 4198
2036 4199
2036 4200
2036 4201
2036 4202
2036 4657
2036 4670
2043 4672
2047 4644
2057 2218
567 571
567 1432
567 1437
567 4012
567 4013
567 4014
567 4015
1432 1437
1432 3493
1432 3494
1432 3495
576 703
703 708
703 4387
703 4388
703 4389
703 4390
703 4391
703 4392
703 4393
703 4394
703 4395
703 4396
703 4397
703 4398
584 857
584 858
584 859
584 860
584 861
584 862
584 863
584 864
584 865
584 866
584 867
584 868
590 1085
969 1085
1085 1086
1085 1088
1085 1097
1085 1421
1085 1982
1085 3744
1085 3745
1085 3746
1085 3747
1085 3748
1085 3749
1085 3750
1085 3751
1085 3752
1085 3753
1085 3754
1085 3755
1085 3756
1085 3757
1085 3758
1085 3759
1085 3760
1085 3761
1085 3762
1085 3763
1085 3764
1085 3765
1085 3766
1085 3767
1085 3768
1085 3769
1085 3770
1085 3771
1085 3772
1085 3773
3143 4329
3143 4330
597 4561
598 4561
600 4561
600 930
930 978
930 979
930 980
930 981
930 983
930 984
930 985
930 986
930 987
930 988
930 989
930 990
930 991
930 992
930 993
930 4582
601 753
601 1749
601 3223
601 3224
601 3225
601 3226
601 3227
601 3229
1576 2262
644 653
644 1817
644 2953
644 3104
644 3105
644 3106
644 3107
644 3108
644 3109
644 3110
644 3111
3109 4661
732 4657
822 4578
826 4578
1023 4585
3014 4657
3135 4661
817 4578
818 4578
819 4578
821 4578
823 4578
825 4578
827 4578
994 4585
995 4585
997 4585
998 4585
999 4585
1000 4585
1001 4585
1003 4585
1004 4585
1005 4585
1006 4585
1007 4585
1008 4585
1009 4585
1010 4585
1011 4585
1012 4585
1013 4585
1014 4585
1015 4585
1016 4585
1017 4585
1018 4585
1019 4585
1021 4585
1022 4585
1024 4585
1025 4585
998 4657
1047 4657
1195 4657
2993 4657
2994 4657
2995 4657
2996 4657
2997 4657
2998 4657
2999 4657
3000 4657
3001 4657
3002 4657
3003 4657
3004 4657
3005 4657
3006 4657
3007 4657
3008 4657
3009 4657
3010 4657
3011 4657
3012 4657
3013 4657
3015 4657
3016 4657
3017 4657
3018 4657
1084 1575
1084 2611
1084 2900
1084 2901
1084 2902
1084 2903
1084 2904
1084 2905
1084 2906
662 4564
663 4564
1849 3302
1849 3303
1178 1854
1178 1855
664 4564
665 4564
666 4564
667 4564
3125 3136
3136 4661
668 1498
668 1499
668 1500
668 1501
668 1502
668 1503
674 4679
2498 4644
1290 1571
1290 1572
1290 1573
1290 1574
1442 2302
1442 2303
1442 2304
1442 2305
1442 2306
1442 2307
1442 2308
1442 2309
1442 2310
1442 2311
1442 2312
1442 2313
1442 2314
1778 2103
1310 1789
1834 2305
1834 4509
1834 4510
1834 4511
1834 4512
1834 4513
1834 4514
1834 4515
1834 4516
1834 4517
837 1905
1905 2014
1905 2020
1905 4417
1971 4627
689 2235
689 2794
689 2803
689 2804
689 2805
689 2806
689 2807
689 2808
689 2809
689 2810
689 2811
689 2812
1670 4644
2493 4644
2494 4644
2495 4644
2496 4644
2497 4644
2499 4644
2500 4644
2501 4644
2502 4644
2504 4644
2505 4644
2506 4644
2507 4644
2508 4644
2509 4644
697 4573
760 4573
761 4573
762 4573
763 4573
764 4573
765 4573
1753 4642
720 4568
721 4568
724 4568
726 4592
1144 4592
1145 4592
1148 4592
1149 4592
1150 4592
1151 4592
1152 4592
1153 4592
1154 4592
1155 4592
1157 4592
1158 4592
3058 4660
3059 4660
3060 4660
3061 4660
1122 1123
1137 2224
784 810
784 2359
784 2360
784 2361
836 4627
1972 4627
1962 4627
1963 4627
1964 4627
1965 4627
1966 4627
1967 4627
1968 4627
1969 4627
1970 4627
1973 4627
1974 4627
1975 4627
1093 4639
2355 4639
2356 4639
2357 4639
2358 4639
888 3990
888 3991
888 3992
888 3993
888 3994
1101 4655
1519 2218
2218 2219
2218 2220
2218 2221
2218 2223
2218 2362
2218 2363
2218 2364
2218 2365
2218 2366
2218 2367
2218 2368
2218 2369
2218 2370
2218 2371
2218 2372
2218 2373
2218 2374
2218 2375
2218 2376
2218 2377
2218 2378
2218 2379
2218 2380
2218 2381
2218 2382
2218 2383
2218 2384
2218 2385
2218 2386
2218 2387
2218 2388
2218 2389
2218 4632
1035 1198
1035 1577
1035 3506
1035 3515
1035 4399
1035 4400
1035 4401
1035 4402
1035 4403
1035 4404
1035 4405
1035 4406
1035 4407
1035 4408
1035 4409
1519 4649
2716 4649
2717 4649
2718 4649
2719 4649
2720 4649
2721 4649
2722 4649
2723 4649
2724 4649
2725 4649
2727 4649
994 995
994 1030
994 1031
994 1032
1026 4663
3167 4663
3197 4663
3198 4663
3199 4663
3200 4663
3201 4663
3202 4663
3203 4663
3204 4663
3205 4663
3206 4663
3207 4663
3208 4663
3209 4663
3210 4663
3211 4663
1033 1761
1176 1577
1577 4169
1577 4170
1577 4171
1577 4172
1577 4173
1577 4174
1519 1545
1519 2365
1519 4112
1519 4113
1519 4114
1519 4115
1519 4116
1519 4117
1519 4118
1519 4119
1519 4120
1519 4121
1519 4122
1176 1178
1176 1576
1176 1578
1176 1579
1176 1580
1176 1581
1176 1582
1176 1583
1176 1584
1176 1585
1176 1586
1176 1587
1176 4594
1062 4662
3163 4662
3164 4662
3165 4662
3166 4662
3167 4662
3168 4662
3169 4662
1082 1093
1082 2033
1082 2034
1082 2035
1098 1575
1575 1766
1575 2607
1575 2608
1575 2609
1575 2610
1575 2611
1575 4614
3766 4676
1800 4623
1801 4623
1802 4623
1803 4623
1804 4623
1805 4623
1806 4623
1807 4623
1808 4623
1810 4623
1811 4623
1812 4623
1813 4623
1310 2426
1310 2427
1310 2428
1310 2429
1310 2430
1310 2431
1310 2432
1310 2434
1310 2435
1310 2436
1310 2437
1310 2438
1310 2439
1310 2440
1310 2441
1310 2442
1310 2443
1310 2444
2928 4655
2929 4655
2930 4655
2931 4655
2932 4655
2933 4655
2934 4655
2935 4655
2936 4655
2937 4655
2938 4655
2224 2226
2224 3076
2224 3231
2224 3232
2224 3233
2224 3234
2224 3235
2224 3236
2224 3237
2224 3238
2224 3239
2224 3240
2224 3241
2224 3242
1178 1181
1178 1576
1178 2261
1178 2265
1178 2387
1178 2465
1178 2466
1178 2467
1178 2468
1178 2469
1178 2470
1178 2471
1178 2472
1178 2473
1178 2474
1178 2475
1178 2476
1178 2477
1178 2478
1178 2479
1178 2480
1178 2481
1178 2482
1178 4594
1576 2259
1576 2260
1576 2261
1576 2263
1576 2264
1576 2265
1576 2266
1576 2267
1179 4594
1180 4594
1181 4594
3125 3127
3125 3137
3125 3138
3125 3139
3125 4661
3126 4661
3127 4661
3128 4661
3129 4661
3130 4661
3131 4661
3132 4661
3133 4661
1227 4169
4169 4410
4169 4411
4169 4412
4169 4413
4169 4414
1273 4599
1274 4599
1275 4599
1276 4599
1277 4599
1278 4599
1279 4599
1280 4599
1281 4599
1282 4599
1283 4599
1284 4599
1285 4599
1286 4599
1287 4599
1288 4599
1289 4599
1619 4617
1914 1915
1914 3159
1914 3160
1914 3161
1914 3162
2426 3280
2426 3281
2426 3282
1354 3665
1377 4606
1379 4606
1380 4606
1381 4606
1382 4606
1383 4606
1384 4606
1385 4606
1386 4606
1387 4606
1388 4606
1389 4606
1390 4606
1391 4606
1392 4606
1393 4606
1394 4606
1395 4606
2511 2822
2511 2823
2511 2824
2511 2825
2511 2826
2511 2827
2511 2828
2511 2829
2511 2830
2511 2831
2511 2832
2511 2833
2511 2834
2511 2835
2511 2836
2511 2837
2511 2838
2511 2839
2511 2840
2908 4676
3416 4666
3417 4666
3418 4666
3419 4666
3420 4666
3421 4666
3422 4666
4112 4120
4112 4122
4112 4363
4112 4364
4112 4365
4112 4366
4112 4367
4112 4368
4112 4369
4112 4370
4112 4371
4112 4372
4112 4373
4112 4374
4112 4375
1537 4612
1766 4621
1589 4377
1589 4378
2483 4642
2484 4642
2485 4642
2486 4642
1976 4676
2749 4676
4175 4676
4176 4676
4177 4676
4178 4676
4179 4676
4180 4676
4181 4676
4182 4676
4183 4676
4184 4676
4185 4676
4186 4676
4187 4676
4188 4676
4189 4676
4190 4676
4191 4676
4192 4676
1631 4617
1617 4617
1618 4617
1620 4617
1622 4617
1623 4617
1624 4617
1625 4617
1626 4617
1627 4617
1628 4617
1629 4617
1630 4617
2219 2634
4523 4680
4524 4680
4525 4680
4526 4680
1762 1908
1762 1909
1762 1910
1762 1911
1762 1912
1762 4621
1763 4621
1764 4621
1765 4621
1767 4621
1768 4621
1769 4621
1770 4621
1771 4621
1772 4621
1773 4621
2102 2103
2103 2384
2103 3230
2103 4019
2103 4020
2103 4021
2103 4022
2219 4632
2220 4632
2221 4632
2222 4632
2223 4632
3007 4670
3639 4670
3640 4670
3641 4670
3642 4670
3643 4670
3644 4670
3645 4670
3966 4672
3967 4672
3968 4672
3969 4672
3970 4672
3971 4672
3972 4672
3973 4672
2102 3230
2978 4656
2979 4656
2980 4656
2219 2631
2219 2632
2219 2633
2219 2635
2219 2636
2219 2637
2281 4637
2358 4664
3272 4664
2456 4641
2457 4641
2458 4641
2460 4641
2461 4641
2462 4641
2463 4641
2464 4641
2487 4674
4002 4674
2638 2643
2638 2644
2638 2648
2638 2649
2638 3956
2638 3957
2638 3958
2638 3959
2638 3960
2638 3961
2638 3962
2638 3963
2638 3964
2638 3965
2638 4648
2640 4648
2641 4648
2642 4648
2643 4648
2644 4648
2645 4648
2646 4648
2647 4648
2648 4648
2649 4648
2650 4648
2651 4648
2652 4648
2653 4648
2654 4648
2655 4648
2752 4658
3705 4671
3693 4671
3694 4671
3695 4671
3696 4671
3697 4671
3698 4671
3699 4671
3700 4671
3701 4671
3702 4671
3703 4671
3704 4671
3706 4671
3707 4671
3708 4671
3709 4671
3710 4671
3711 4671
3712 4671
3713 4671
3714 4671
3715 4671
3966 4016
3966 4017
3966 4018
