1 221
1 325
1 329
1 388
1 741
1 850
1 870
19 221
30 221
59 221
65 221
144 221
203 221
221 238
221 257
221 275
221 283
221 290
221 382
221 418
221 421
221 428
221 515
221 544
221 549
221 613
221 627
221 708
221 733
221 748
221 813
221 871
221 887
5 325
61 325
72 325
237 325
249 325
288 325
315 325
325 327
325 365
325 479
325 551
325 877
325 899
39 329
59 329
60 329
132 329
135 329
201 329
237 329
329 438
329 494
329 592
5 388
14 388
20 388
55 388
62 388
65 388
74 388
78 388
90 388
93 388
102 388
105 388
106 388
107 388
132 388
134 388
137 388
141 388
144 388
147 388
152 388
162 388
173 388
192 388
200 388
223 388
226 388
235 388
239 388
242 388
244 388
259 388
261 388
267 388
270 388
273 388
304 388
308 388
334 388
345 388
347 388
348 388
353 388
361 388
370 388
376 388
385 388
387 388
388 392
388 393
388 394
388 395
388 411
388 422
388 424
388 431
388 435
388 443
388 447
388 451
388 461
388 494
388 509
388 512
388 515
388 522
388 534
388 538
388 540
388 543
388 547
388 548
388 549
388 558
388 564
388 565
388 568
388 574
388 576
388 592
388 593
388 618
388 627
388 635
388 636
388 637
388 638
388 644
388 652
388 662
388 672
388 678
388 686
388 688
388 712
388 736
388 737
388 747
388 752
388 755
388 757
388 764
388 789
388 791
388 797
388 812
388 813
388 822
388 826
388 827
388 833
388 837
388 846
388 848
388 850
388 851
388 870
388 880
388 881
388 882
388 896
60 741
98 741
120 741
132 741
291 741
371 741
400 741
447 741
517 741
521 741
637 741
741 747
741 752
741 779
741 893
14 850
64 850
100 850
118 850
119 850
162 850
165 850
184 850
281 850
359 850
369 850
371 850
405 850
426 850
428 850
434 850
460 850
568 850
592 850
604 850
678 850
731 850
746 850
747 850
775 850
785 850
824 850
832 850
833 850
9 870
36 870
60 870
70 870
93 870
96 870
125 870
133 870
134 870
149 870
156 870
179 870
183 870
222 870
233 870
240 870
265 870
290 870
293 870
308 870
330 870
367 870
376 870
390 870
391 870
395 870
423 870
434 870
437 870
482 870
497 870
510 870
531 870
540 870
544 870
547 870
556 870
557 870
559 870
562 870
583 870
592 870
627 870
636 870
637 870
643 870
652 870
706 870
726 870
734 870
759 870
788 870
789 870
826 870
843 870
868 870
870 878
870 881
870 882
870 883
2 47
2 128
2 198
2 201
2 253
2 275
2 279
2 336
2 383
2 384
2 387
2 390
2 445
2 519
2 525
2 538
2 560
2 592
2 619
2 645
2 661
2 679
2 699
2 735
2 739
2 782
2 785
2 805
6 47
47 56
47 69
47 81
47 128
47 152
47 157
47 183
47 224
47 271
47 356
47 435
47 450
47 492
47 495
47 496
47 507
47 546
47 592
47 636
47 676
47 726
47 729
47 743
47 759
47 776
47 868
47 897
51 128
55 128
128 179
128 253
128 268
128 387
128 390
128 393
128 464
128 475
128 551
128 560
128 701
128 709
128 752
13 198
50 198
96 198
158 198
198 227
198 264
198 443
198 671
198 704
198 734
198 787
198 853
56 201
178 201
201 206
201 254
201 260
201 288
201 324
201 370
201 517
201 587
201 726
201 786
201 874
4 253
40 253
50 253
149 253
239 253
240 253
253 260
253 283
253 339
253 361
253 393
253 496
253 498
253 544
253 556
253 567
253 732
253 791
253 882
253 883
253 884
61 275
275 293
275 512
275 644
275 701
275 886
35 279
52 279
94 279
182 279
224 279
240 279
279 282
279 290
279 333
279 389
279 428
279 482
279 572
279 592
279 713
279 776
279 781
279 851
279 880
35 336
59 336
84 336
96 336
102 336
105 336
240 336
245 336
264 336
294 336
336 357
336 392
336 394
336 523
336 592
336 729
336 734
336 737
336 748
336 759
336 868
336 874
81 383
157 383
183 383
186 383
222 383
224 383
271 383
293 383
383 392
383 394
383 412
383 450
383 492
383 507
383 546
383 556
383 587
383 636
383 676
383 701
383 703
383 726
383 736
383 738
383 782
383 786
383 869
383 874
383 897
69 384
131 384
152 384
157 384
179 384
183 384
222 384
224 384
271 384
290 384
384 412
384 450
384 492
384 507
384 545
384 546
384 593
384 636
384 639
384 676
384 701
384 703
384 735
384 782
384 786
384 869
384 897
3 387
8 387
9 387
19 387
30 387
39 387
49 387
51 387
52 387
60 387
71 387
78 387
83 387
103 387
114 387
127 387
131 387
137 387
141 387
142 387
145 387
150 387
156 387
162 387
184 387
185 387
187 387
194 387
196 387
202 387
203 387
217 387
224 387
226 387
238 387
251 387
261 387
264 387
270 387
273 387
274 387
283 387
286 387
290 387
299 387
313 387
321 387
338 387
345 387
351 387
359 387
360 387
361 387
362 387
365 387
371 387
372 387
374 387
387 404
387 418
387 426
387 428
387 431
387 434
387 445
387 463
387 478
387 487
387 494
387 509
387 511
387 512
387 515
387 517
387 518
387 519
387 560
387 564
387 572
387 580
387 583
387 593
387 604
387 611
387 613
387 622
387 623
387 625
387 636
387 643
387 648
387 669
387 672
387 677
387 678
387 687
387 700
387 702
387 706
387 713
387 725
387 731
387 732
387 733
387 745
387 748
387 750
387 773
387 785
387 792
387 805
387 812
387 814
387 826
387 830
387 831
387 832
387 838
387 848
387 858
387 861
387 871
387 880
387 883
387 894
14 390
65 390
72 390
78 390
116 390
118 390
135 390
141 390
171 390
202 390
224 390
226 390
236 390
266 390
270 390
283 390
298 390
345 390
363 390
365 390
371 390
390 416
390 428
390 446
390 469
390 515
390 519
390 538
390 627
390 636
390 677
390 700
390 710
390 725
390 731
390 732
390 744
390 797
390 826
390 830
390 848
390 858
390 866
390 871
390 884
34 445
45 445
49 445
64 445
94 445
107 445
126 445
133 445
152 445
154 445
158 445
171 445
185 445
196 445
222 445
245 445
247 445
255 445
290 445
310 445
322 445
326 445
328 445
345 445
348 445
389 445
391 445
393 445
445 510
445 514
445 521
445 568
445 623
445 637
445 679
445 688
445 705
445 756
445 758
445 762
445 780
445 785
445 831
445 833
445 837
445 851
445 853
445 871
14 519
40 519
60 519
77 519
149 519
203 519
233 519
267 519
270 519
443 519
491 519
519 538
519 624
519 638
519 676
519 734
519 757
519 773
519 813
40 525
324 525
394 525
38 538
39 538
40 538
51 538
78 538
120 538
122 538
130 538
166 538
179 538
183 538
184 538
187 538
264 538
266 538
270 538
283 538
284 538
291 538
296 538
326 538
357 538
362 538
365 538
369 538
374 538
392 538
393 538
395 538
411 538
412 538
428 538
437 538
463 538
486 538
490 538
506 538
518 538
538 543
538 545
538 546
538 559
538 627
538 640
538 662
538 676
538 677
538 691
538 703
538 704
538 706
538 726
538 732
538 743
538 745
538 746
538 759
538 788
538 792
538 826
538 881
36 560
40 560
61 560
135 560
152 560
183 560
236 560
245 560
260 560
290 560
295 560
339 560
393 560
395 560
457 560
496 560
508 560
543 560
544 560
552 560
557 560
558 560
560 592
560 742
560 762
560 767
560 791
560 852
560 882
560 883
560 884
560 891
560 895
560 896
4 592
38 592
45 592
51 592
53 592
54 592
60 592
61 592
63 592
71 592
78 592
81 592
92 592
93 592
97 592
99 592
100 592
101 592
103 592
104 592
105 592
124 592
126 592
127 592
133 592
156 592
178 592
179 592
182 592
183 592
187 592
206 592
220 592
222 592
230 592
239 592
241 592
242 592
244 592
255 592
258 592
260 592
274 592
286 592
292 592
308 592
324 592
328 592
349 592
356 592
358 592
361 592
362 592
372 592
373 592
389 592
394 592
415 592
431 592
437 592
484 592
491 592
502 592
508 592
517 592
521 592
524 592
540 592
543 592
546 592
553 592
556 592
566 592
585 592
590 592
592 611
592 612
592 613
592 627
592 632
592 638
592 644
592 673
592 675
592 709
592 732
592 735
592 736
592 744
592 756
592 776
592 777
592 790
592 829
592 832
592 835
592 851
592 854
592 873
592 874
592 875
592 880
592 881
592 894
49 619
94 619
96 619
106 619
158 619
240 619
357 619
389 619
393 619
495 619
521 619
619 631
619 762
619 778
619 780
619 853
619 895
51 645
81 645
127 645
184 645
240 645
393 645
521 645
523 645
572 645
644 645
645 762
645 780
645 853
645 895
247 661
417 661
45 679
81 679
155 679
206 679
392 679
432 679
517 679
530 679
596 679
674 679
679 743
679 886
349 699
442 699
443 699
530 699
628 699
662 699
699 747
41 735
53 735
61 735
96 735
100 735
124 735
126 735
153 735
183 735
190 735
225 735
281 735
340 735
376 735
381 735
385 735
389 735
392 735
421 735
424 735
444 735
494 735
507 735
566 735
576 735
601 735
639 735
716 735
735 737
735 777
735 813
735 830
735 833
735 851
735 855
735 887
83 739
91 739
99 739
124 739
142 739
149 739
180 739
206 739
216 739
224 739
241 739
255 739
293 739
359 739
362 739
373 739
392 739
579 739
585 739
709 739
739 776
739 777
739 813
739 878
739 881
3 782
9 782
45 782
93 782
126 782
132 782
135 782
142 782
269 782
270 782
332 782
361 782
394 782
416 782
426 782
432 782
451 782
472 782
494 782
705 782
733 782
740 782
756 782
782 785
782 799
782 800
782 813
782 844
152 785
394 785
437 785
452 785
492 785
598 785
686 785
692 785
785 861
52 805
282 805
370 805
391 805
446 805
492 805
740 805
805 851
3 53
3 68
3 78
3 90
3 93
3 96
3 156
3 157
3 197
3 224
3 244
3 296
3 381
3 392
3 395
3 412
3 451
3 490
3 497
3 498
3 518
3 545
3 558
3 586
3 639
3 640
3 662
3 701
3 757
3 759
3 766
3 775
3 851
14 53
40 53
43 53
53 55
53 63
53 83
53 94
53 152
53 154
53 196
53 230
53 294
53 313
53 343
53 346
53 357
53 392
53 415
53 420
53 515
53 558
53 579
53 597
53 604
53 624
53 627
53 672
53 742
53 759
53 777
53 793
53 832
53 881
53 885
53 898
39 68
43 68
68 85
68 148
68 229
68 297
68 308
68 395
68 640
68 742
68 777
68 861
68 873
39 78
78 97
78 179
78 190
78 238
78 269
78 395
78 494
78 552
78 637
78 734
78 825
78 871
8 90
39 90
45 90
81 90
90 93
90 119
90 125
90 149
90 240
90 244
90 266
90 269
90 305
90 319
90 334
90 362
90 364
90 372
90 392
90 393
90 394
90 437
90 442
90 488
90 522
90 529
90 556
90 702
90 710
90 734
90 737
90 749
90 759
90 806
90 861
90 867
90 868
4 93
40 93
52 93
60 93
91 93
92 93
93 96
93 100
93 101
93 102
93 104
93 106
93 107
93 120
93 123
93 127
93 133
93 152
93 154
93 155
93 183
93 187
93 192
93 197
93 222
93 233
93 240
93 244
93 249
93 251
93 266
93 270
93 282
93 287
93 290
93 295
93 303
93 328
93 349
93 363
93 371
93 373
93 376
93 385
93 389
93 394
93 395
93 412
93 435
93 437
93 443
93 444
93 452
93 484
93 498
93 507
93 510
93 512
93 515
93 517
93 527
93 543
93 557
93 585
93 594
93 597
93 598
93 618
93 627
93 636
93 644
93 656
93 671
93 678
93 686
93 703
93 706
93 734
93 742
93 757
93 759
93 761
93 776
93 783
93 786
93 836
93 839
93 844
93 863
93 868
93 881
93 886
93 894
93 897
8 96
18 96
48 96
49 96
63 96
72 96
84 96
96 136
96 171
96 202
96 215
96 238
96 242
96 250
96 259
96 269
96 274
96 286
96 326
96 341
96 381
96 400
96 418
96 422
96 495
96 529
96 602
96 623
96 633
96 653
96 686
96 712
96 730
96 752
96 803
96 833
96 842
96 866
96 891
6 156
39 156
103 156
105 156
156 164
156 235
156 245
156 261
156 345
156 394
156 548
156 623
156 705
156 723
156 887
61 157
106 157
147 157
157 183
157 192
157 293
157 367
157 392
157 395
157 410
157 424
157 430
157 443
157 484
157 559
157 597
157 623
157 676
157 744
8 197
70 197
106 197
125 197
131 197
134 197
197 242
197 267
197 334
197 361
197 362
197 426
197 446
197 488
197 556
197 604
197 637
197 678
197 757
197 799
197 803
197 855
197 861
197 866
9 224
32 224
119 224
131 224
144 224
164 224
204 224
224 226
224 337
224 367
224 389
224 393
224 409
224 510
224 744
224 767
224 833
224 861
4 244
8 244
39 244
45 244
52 244
91 244
92 244
183 244
184 244
227 244
230 244
240 244
244 274
244 290
244 326
244 362
244 363
244 369
244 392
244 393
244 412
244 431
244 434
244 435
244 436
244 437
244 493
244 506
244 545
244 557
244 559
244 572
244 585
244 587
244 589
244 635
244 636
244 639
244 643
244 689
244 694
244 701
244 702
244 731
244 762
244 786
244 838
244 839
244 843
244 851
244 880
7 296
45 296
247 296
285 296
296 308
296 389
296 395
296 400
296 446
296 489
296 498
296 871
40 381
88 381
179 381
284 381
291 381
295 381
381 418
381 437
381 559
381 597
381 610
381 743
381 788
71 392
86 392
92 392
98 392
104 392
149 392
179 392
236 392
238 392
242 392
290 392
295 392
324 392
335 392
345 392
373 392
386 392
389 392
392 395
392 412
392 438
392 446
392 448
392 450
392 464
392 492
392 495
392 498
392 510
392 556
392 588
392 660
392 686
392 695
392 696
392 703
392 709
392 712
392 766
392 767
392 777
392 791
392 806
392 826
392 869
392 871
392 887
392 890
392 892
5 395
8 395
9 395
50 395
58 395
62 395
86 395
92 395
153 395
158 395
173 395
192 395
216 395
222 395
235 395
242 395
245 395
269 395
270 395
286 395
290 395
295 395
334 395
337 395
352 395
360 395
361 395
385 395
386 395
389 395
394 395
395 422
395 429
395 432
395 433
395 434
395 435
395 442
395 443
395 446
395 450
395 452
395 460
395 480
395 485
395 515
395 524
395 547
395 551
395 556
395 585
395 604
395 637
395 653
395 656
395 678
395 703
395 712
395 731
395 734
395 742
395 762
395 766
395 776
395 790
395 791
395 800
395 820
395 821
395 826
395 827
395 829
395 830
395 833
395 838
395 858
395 867
395 869
395 887
8 412
30 412
81 412
102 412
107 412
152 412
222 412
232 412
250 412
274 412
394 412
412 422
412 424
412 472
412 565
412 572
412 637
412 813
412 829
49 451
52 451
266 451
376 451
422 451
424 451
434 451
451 512
451 547
451 552
451 621
451 627
451 676
451 678
451 708
451 734
451 743
451 813
451 857
451 873
451 881
8 490
50 490
443 490
490 562
490 701
490 711
61 497
142 497
149 497
216 497
265 497
274 497
276 497
281 497
422 497
452 497
497 705
497 710
497 791
497 861
497 878
9 498
56 498
62 498
89 498
100 498
101 498
153 498
203 498
207 498
220 498
243 498
247 498
269 498
345 498
361 498
422 498
435 498
438 498
442 498
461 498
492 498
493 498
495 498
498 509
498 515
498 547
498 580
498 620
498 621
498 627
498 637
498 670
498 680
498 830
65 518
153 518
178 518
193 518
347 518
385 518
419 518
431 518
446 518
515 518
518 540
518 542
518 580
518 621
518 634
518 637
518 673
518 720
518 731
518 742
518 789
518 830
8 545
137 545
141 545
192 545
435 545
509 545
545 834
8 558
49 558
70 558
257 558
266 558
307 558
318 558
422 558
452 558
488 558
558 562
558 630
558 682
558 696
558 710
558 822
558 861
105 586
241 586
586 726
16 639
40 639
51 639
87 639
149 639
152 639
220 639
222 639
363 639
435 639
444 639
507 639
546 639
572 639
637 639
639 672
639 675
639 762
148 640
173 640
220 640
315 640
361 640
452 640
551 640
640 730
8 662
60 662
149 662
154 662
257 662
269 662
283 662
394 662
444 662
539 662
543 662
662 725
662 745
662 830
662 861
14 701
83 701
135 701
158 701
230 701
250 701
269 701
274 701
313 701
328 701
331 701
342 701
345 701
428 701
472 701
577 701
616 701
624 701
701 710
701 770
701 781
701 803
701 826
701 842
8 757
10 757
31 757
43 757
50 757
59 757
124 757
125 757
148 757
186 757
220 757
226 757
271 757
342 757
444 757
464 757
467 757
471 757
494 757
515 757
552 757
567 757
590 757
618 757
636 757
690 757
731 757
757 830
757 858
757 875
757 884
8 759
9 759
30 759
55 759
62 759
65 759
83 759
103 759
122 759
135 759
137 759
141 759
149 759
173 759
186 759
203 759
209 759
361 759
362 759
363 759
375 759
435 759
488 759
493 759
494 759
495 759
496 759
515 759
539 759
564 759
579 759
636 759
680 759
737 759
740 759
742 759
759 806
759 837
759 841
759 861
759 882
759 892
23 766
123 766
281 766
290 766
393 766
435 766
437 766
443 766
477 766
583 766
766 844
766 874
766 894
274 775
491 775
637 775
694 775
742 775
775 786
775 832
775 876
775 897
8 851
61 851
102 851
104 851
115 851
137 851
315 851
389 851
415 851
424 851
582 851
624 851
635 851
637 851
716 851
722 851
817 851
833 851
4 9
4 50
4 52
4 60
4 61
4 62
4 67
4 134
4 149
4 183
4 222
4 239
4 274
4 281
4 294
4 346
4 361
4 443
4 492
4 495
4 539
4 593
4 620
4 674
4 723
4 830
4 858
9 36
9 40
9 45
9 52
9 81
9 92
9 94
9 107
9 119
9 133
9 152
9 155
9 177
9 179
9 183
9 222
9 251
9 287
9 288
9 290
9 335
9 349
9 376
9 431
9 432
9 437
9 507
9 512
9 530
9 543
9 597
9 627
9 636
9 676
9 703
9 706
9 725
9 726
9 740
9 790
9 829
9 854
9 873
9 876
9 880
11 50
15 50
30 50
33 50
36 50
50 55
50 59
50 62
50 86
50 106
50 109
50 131
50 136
50 152
50 154
50 162
50 173
50 200
50 202
50 205
50 207
50 235
50 250
50 258
50 272
50 281
50 283
50 294
50 297
50 353
50 357
50 360
50 365
50 367
50 371
50 376
50 434
50 439
50 444
50 446
50 494
50 495
50 515
50 516
50 517
50 521
50 553
50 554
50 593
50 632
50 634
50 637
50 669
50 684
50 720
50 722
50 747
50 826
50 840
50 857
50 864
19 52
28 52
52 64
52 81
52 100
52 133
52 142
52 183
52 185
52 209
52 290
52 299
52 328
52 340
52 348
52 382
52 419
52 429
52 443
52 514
52 580
52 616
52 705
52 742
52 791
52 799
52 813
52 861
18 60
35 60
45 60
60 85
60 104
60 187
60 237
60 239
60 268
60 274
60 345
60 365
60 370
60 435
60 444
60 458
60 494
60 495
60 499
60 572
60 596
60 597
60 600
60 669
60 698
60 752
60 777
60 798
60 833
60 891
40 61
61 114
61 183
61 203
61 250
61 266
61 324
61 345
61 361
61 372
61 494
61 546
61 627
61 636
61 637
61 644
61 715
61 736
61 874
45 62
62 120
62 134
62 183
62 257
62 292
62 351
62 375
62 376
62 401
62 434
62 437
62 443
62 484
62 488
62 501
62 510
62 644
62 652
62 678
62 734
62 752
62 772
62 861
62 875
67 230
67 297
67 417
67 431
67 685
67 888
40 134
81 134
94 134
103 134
134 155
134 297
134 308
134 357
134 491
134 503
134 593
134 627
134 631
134 637
134 837
134 853
134 857
134 867
134 881
134 895
16 149
48 149
77 149
136 149
149 183
149 240
149 290
149 357
149 363
149 374
149 376
149 418
149 503
149 508
149 514
149 589
149 706
149 740
149 867
8 183
19 183
39 183
49 183
51 183
72 183
125 183
130 183
141 183
142 183
173 183
183 187
183 202
183 203
183 239
183 250
183 274
183 283
183 285
183 295
183 300
183 315
183 345
183 346
183 361
183 371
183 444
183 452
183 469
183 495
183 515
183 539
183 579
183 585
183 588
183 642
183 696
183 722
183 745
183 756
183 803
183 825
183 833
183 842
183 858
183 861
183 877
183 892
8 222
14 222
35 222
65 222
72 222
87 222
114 222
186 222
222 226
222 250
222 261
222 266
222 270
222 273
222 334
222 371
222 382
222 385
222 411
222 418
222 433
222 434
222 435
222 446
222 464
222 472
222 515
222 533
222 564
222 568
222 590
222 620
222 637
222 680
222 715
222 731
222 734
222 742
222 744
222 756
222 768
222 773
222 791
222 813
222 820
222 821
222 833
222 842
222 861
222 890
222 894
5 239
39 239
41 239
45 239
155 239
182 239
239 240
239 266
239 276
239 290
239 319
239 376
239 417
239 431
239 433
239 435
239 443
239 517
239 521
239 522
239 534
239 627
239 736
239 791
239 857
72 274
120 274
123 274
155 274
206 274
233 274
240 274
245 274
261 274
264 274
267 274
270 274
274 319
274 324
274 335
274 373
274 376
274 435
274 546
274 557
274 587
274 594
274 596
274 598
274 627
274 703
274 704
274 706
274 736
274 737
274 738
274 758
274 874
274 884
86 281
105 281
106 281
159 281
236 281
242 281
264 281
281 295
281 373
281 376
281 391
281 423
281 443
281 491
281 504
281 593
281 596
281 628
281 690
281 740
281 781
281 868
281 874
281 881
71 294
83 294
85 294
87 294
119 294
142 294
294 298
294 313
294 340
294 346
294 352
294 375
294 380
294 420
294 477
294 482
294 513
294 637
294 719
294 801
294 837
294 869
294 887
40 346
150 346
179 346
184 346
240 346
258 346
269 346
346 376
346 393
346 419
346 443
346 491
346 510
346 521
346 544
346 546
346 644
346 734
346 853
346 854
346 880
346 895
346 897
31 361
40 361
92 361
123 361
187 361
204 361
266 361
270 361
290 361
361 362
361 423
361 424
361 431
361 435
361 444
361 492
361 543
361 546
361 597
361 642
361 678
361 790
361 842
361 863
6 443
29 443
30 443
71 443
85 443
86 443
103 443
109 443
131 443
132 443
137 443
142 443
150 443
158 443
173 443
181 443
187 443
200 443
202 443
205 443
250 443
257 443
297 443
313 443
323 443
340 443
351 443
352 443
353 443
357 443
359 443
365 443
367 443
371 443
375 443
386 443
389 443
431 443
432 443
433 443
434 443
443 452
443 455
443 477
443 486
443 494
443 495
443 504
443 515
443 517
443 521
443 553
443 554
443 563
443 576
443 580
443 585
443 593
443 609
443 636
443 637
443 656
443 667
443 669
443 677
443 702
443 704
443 706
443 720
443 722
443 734
443 747
443 750
443 814
443 821
443 826
443 837
443 849
443 859
443 864
443 869
6 492
19 492
85 492
103 492
141 492
144 492
152 492
153 492
162 492
203 492
238 492
256 492
268 492
313 492
345 492
369 492
389 492
393 492
415 492
421 492
435 492
492 517
492 539
492 541
492 593
492 631
492 646
492 690
492 698
492 705
492 714
492 736
492 754
492 773
492 797
492 826
492 859
492 861
31 495
38 495
39 495
40 495
44 495
49 495
59 495
63 495
98 495
120 495
133 495
230 495
250 495
261 495
270 495
276 495
282 495
318 495
389 495
413 495
418 495
436 495
437 495
447 495
480 495
495 499
495 520
495 554
495 578
495 594
495 597
495 599
495 627
495 634
495 676
495 685
495 704
495 724
495 737
495 813
495 891
105 539
127 539
376 539
539 597
539 636
539 637
539 738
539 743
539 874
539 876
39 593
56 593
72 593
106 593
117 593
137 593
229 593
236 593
255 593
277 593
386 593
417 593
453 593
463 593
473 593
484 593
509 593
541 593
593 597
593 616
593 626
593 673
593 777
593 799
593 843
593 856
593 864
593 865
593 899
105 620
152 620
159 620
261 620
373 620
376 620
394 620
484 620
491 620
620 635
620 874
620 888
620 889
620 899
34 674
40 674
64 674
179 674
185 674
255 674
290 674
308 674
326 674
328 674
348 674
448 674
514 674
605 674
623 674
672 674
674 727
674 732
674 867
674 893
40 723
260 723
39 830
40 830
49 830
51 830
54 830
81 830
83 830
94 830
106 830
123 830
142 830
152 830
154 830
179 830
186 830
206 830
252 830
270 830
282 830
298 830
299 830
323 830
371 830
373 830
421 830
423 830
431 830
444 830
448 830
463 830
484 830
512 830
521 830
523 830
557 830
564 830
578 830
589 830
594 830
595 830
596 830
597 830
618 830
627 830
628 830
643 830
680 830
706 830
725 830
743 830
748 830
760 830
784 830
830 858
830 873
830 881
31 858
283 858
452 858
509 858
604 858
680 858
695 858
700 858
722 858
742 858
752 858
799 858
833 858
858 860
5 58
5 98
5 179
5 262
5 362
5 373
5 386
5 394
5 580
5 594
5 596
5 719
5 832
58 81
58 135
58 233
58 394
58 396
58 637
58 715
58 790
58 832
58 862
58 863
49 98
91 98
94 98
98 99
98 164
98 240
98 373
98 386
98 389
98 546
98 621
98 644
98 703
98 853
98 855
172 179
179 226
179 305
179 314
179 341
179 400
179 417
179 431
179 452
179 471
179 480
179 493
179 499
179 524
179 604
179 632
179 722
179 740
179 742
179 743
179 756
179 878
262 742
262 764
81 362
135 362
164 362
200 362
257 362
356 362
362 375
362 380
362 394
362 435
362 448
362 501
362 510
362 531
362 634
362 637
362 743
362 758
362 767
362 803
362 861
362 867
362 872
362 887
14 373
16 373
19 373
30 373
39 373
64 373
92 373
105 373
152 373
162 373
236 373
260 373
261 373
270 373
283 373
291 373
359 373
373 393
373 394
373 442
373 473
373 512
373 547
373 568
373 611
373 616
373 714
373 717
373 734
373 742
373 747
373 762
373 780
373 837
39 386
81 386
92 386
94 386
102 386
103 386
143 386
152 386
180 386
235 386
251 386
333 386
386 505
386 559
386 578
386 609
386 754
386 797
386 886
31 394
34 394
64 394
117 394
132 394
203 394
209 394
220 394
235 394
237 394
240 394
249 394
251 394
254 394
269 394
270 394
273 394
285 394
286 394
291 394
348 394
389 394
394 415
394 420
394 421
394 424
394 431
394 444
394 478
394 491
394 513
394 514
394 522
394 524
394 577
394 585
394 621
394 627
394 637
394 656
394 688
394 690
394 696
394 703
394 712
394 724
394 725
394 731
394 733
394 742
394 747
394 767
394 831
394 835
394 838
394 844
394 848
394 856
394 877
394 880
394 888
40 580
51 580
81 580
94 580
101 580
102 580
154 580
184 580
186 580
268 580
282 580
389 580
391 580
437 580
491 580
501 580
514 580
516 580
543 580
546 580
580 634
580 644
580 727
580 740
580 788
580 852
580 876
580 897
31 594
39 594
64 594
153 594
158 594
181 594
190 594
237 594
270 594
313 594
365 594
370 594
393 594
422 594
477 594
547 594
594 616
594 635
594 637
594 731
594 786
594 791
594 813
594 833
39 596
92 596
94 596
97 596
158 596
190 596
260 596
270 596
313 596
315 596
342 596
363 596
553 596
579 596
596 672
596 733
596 753
596 771
596 791
596 808
248 719
249 719
265 719
349 719
442 719
541 719
672 719
100 832
184 832
225 832
226 832
260 832
393 832
411 832
421 832
499 832
524 832
572 832
611 832
628 832
632 832
734 832
758 832
768 832
825 832
832 863
6 100
6 241
6 242
6 285
6 438
6 452
6 484
6 637
6 709
6 716
40 100
100 133
100 260
100 288
100 289
100 290
100 321
100 356
100 358
100 365
100 463
100 511
100 611
100 708
100 749
100 750
100 789
100 815
100 836
100 868
100 869
22 241
73 241
120 241
176 241
241 375
241 432
241 499
241 747
13 242
14 242
29 242
30 242
39 242
92 242
116 242
117 242
120 242
181 242
191 242
207 242
226 242
242 273
242 291
242 297
242 308
242 326
242 353
242 359
242 360
242 365
242 377
242 400
242 447
242 448
242 493
242 547
242 577
242 583
242 611
242 616
242 621
242 708
242 728
242 747
242 751
242 764
242 767
242 780
242 833
242 856
242 857
242 865
39 285
49 285
106 285
285 365
285 512
285 543
285 546
285 598
285 627
285 773
285 788
40 438
45 438
81 438
148 438
229 438
283 438
357 438
389 438
437 438
438 484
438 517
438 546
438 572
438 636
438 676
438 738
438 776
438 874
438 897
38 452
39 452
45 452
83 452
117 452
126 452
137 452
152 452
231 452
233 452
237 452
247 452
261 452
270 452
291 452
293 452
347 452
353 452
364 452
369 452
372 452
385 452
391 452
436 452
448 452
452 517
452 606
452 642
452 702
452 706
452 708
452 711
452 713
452 742
452 747
452 787
452 791
452 859
452 872
14 484
22 484
29 484
42 484
65 484
72 484
88 484
118 484
120 484
135 484
139 484
186 484
200 484
215 484
225 484
233 484
236 484
250 484
270 484
322 484
324 484
328 484
332 484
365 484
385 484
393 484
408 484
418 484
461 484
463 484
473 484
484 504
484 520
484 606
484 614
484 632
484 634
484 660
484 708
484 709
484 710
484 715
484 731
484 743
484 747
484 773
484 799
484 823
484 834
484 841
484 842
484 865
484 866
484 871
484 882
14 637
35 637
38 637
81 637
99 637
104 637
107 637
108 637
117 637
120 637
125 637
127 637
133 637
154 637
164 637
175 637
180 637
181 637
187 637
206 637
220 637
223 637
234 637
240 637
245 637
248 637
249 637
260 637
266 637
290 637
297 637
349 637
351 637
369 637
371 637
372 637
376 637
389 637
401 637
423 637
434 637
437 637
503 637
507 637
511 637
512 637
515 637
521 637
544 637
546 637
549 637
556 637
567 637
617 637
627 637
636 637
637 655
637 672
637 703
637 704
637 706
637 713
637 727
637 732
637 762
637 786
637 829
637 831
637 833
637 852
637 853
637 856
637 873
637 875
637 892
14 709
45 709
105 709
124 709
125 709
158 709
170 709
233 709
324 709
357 709
425 709
479 709
522 709
595 709
636 709
642 709
690 709
709 736
709 738
709 776
709 868
709 874
709 883
709 890
103 716
131 716
152 716
155 716
220 716
288 716
291 716
572 716
675 716
7 36
7 51
7 288
7 295
7 448
7 547
7 578
7 627
7 644
7 868
7 885
36 43
36 44
36 94
36 144
36 155
36 173
36 193
36 234
36 257
36 351
36 372
36 418
36 493
36 501
36 504
36 567
36 573
36 631
36 633
36 680
36 700
36 756
36 861
36 871
51 65
51 69
51 158
51 283
51 292
51 357
51 369
51 517
51 542
51 546
51 610
51 713
51 740
51 831
173 288
196 288
208 288
245 288
288 517
288 603
288 677
288 705
288 756
288 773
288 825
288 831
40 295
141 295
154 295
155 295
173 295
181 295
209 295
227 295
234 295
295 308
295 345
295 352
295 363
295 376
295 424
295 426
295 434
295 435
295 437
295 477
295 506
295 540
295 548
295 567
295 621
295 631
295 675
295 676
295 680
295 686
295 776
295 803
295 813
295 835
295 838
295 861
31 448
39 448
153 448
173 448
202 448
204 448
236 448
284 448
376 448
419 448
435 448
444 448
448 450
448 459
448 493
448 576
448 603
448 618
448 675
448 731
448 838
448 886
30 547
106 547
152 547
194 547
236 547
270 547
297 547
338 547
360 547
423 547
437 547
446 547
547 552
547 641
547 715
547 726
547 788
547 857
34 578
92 578
186 578
231 578
238 578
376 578
510 578
517 578
556 578
578 590
578 677
578 780
578 831
578 855
578 871
578 881
31 627
34 627
55 627
72 627
107 627
153 627
193 627
206 627
216 627
332 627
400 627
422 627
483 627
494 627
499 627
614 627
617 627
618 627
627 673
627 731
627 733
627 744
627 786
627 825
49 644
63 644
250 644
257 644
315 644
340 644
556 644
630 644
633 644
644 672
644 700
644 806
644 833
644 861
644 871
31 868
64 868
97 868
126 868
127 868
133 868
153 868
185 868
261 868
276 868
277 868
291 868
367 868
370 868
376 868
389 868
413 868
420 868
442 868
444 868
464 868
478 868
499 868
522 868
565 868
576 868
583 868
585 868
601 868
613 868
618 868
630 868
753 868
777 868
789 868
803 868
247 885
499 885
8 152
8 240
8 290
8 319
8 431
8 508
8 517
8 760
19 152
34 152
39 152
43 152
64 152
80 152
91 152
122 152
125 152
126 152
135 152
141 152
152 166
152 169
152 174
152 180
152 186
152 192
152 196
152 203
152 209
152 238
152 243
152 261
152 267
152 270
152 273
152 276
152 286
152 321
152 326
152 345
152 348
152 363
152 401
152 409
152 417
152 418
152 444
152 512
152 514
152 541
152 552
152 564
152 577
152 585
152 616
152 678
152 694
152 698
152 705
152 714
152 731
152 744
152 751
152 802
152 813
152 823
152 833
152 841
152 842
152 871
152 880
18 240
30 240
39 240
48 240
49 240
63 240
72 240
109 240
119 240
136 240
166 240
171 240
202 240
227 240
240 250
240 254
240 259
240 269
240 286
240 305
240 308
240 335
240 341
240 418
240 422
240 424
240 435
240 437
240 515
240 546
240 582
240 602
240 609
240 633
240 646
240 686
240 712
240 724
240 728
240 730
240 731
240 744
240 758
240 774
240 803
240 813
240 822
240 823
240 826
240 833
240 861
240 871
240 878
240 887
18 290
20 290
39 290
40 290
49 290
70 290
85 290
87 290
91 290
92 290
103 290
106 290
136 290
144 290
148 290
158 290
173 290
193 290
203 290
211 290
227 290
236 290
243 290
247 290
270 290
271 290
290 308
290 333
290 345
290 363
290 379
290 385
290 389
290 391
290 393
290 417
290 418
290 424
290 434
290 435
290 446
290 461
290 467
290 472
290 477
290 489
290 500
290 509
290 515
290 524
290 552
290 554
290 576
290 585
290 588
290 604
290 635
290 646
290 677
290 680
290 686
290 688
290 712
290 715
290 721
290 722
290 734
290 737
290 752
290 789
290 812
290 822
290 827
290 834
290 837
290 838
290 853
290 876
290 878
290 889
290 891
72 319
80 319
92 319
132 319
136 319
150 319
229 319
319 363
319 375
319 405
319 473
319 588
319 630
319 705
319 764
319 842
319 846
319 887
30 431
45 431
56 431
72 431
97 431
131 431
139 431
147 431
226 431
236 431
250 431
311 431
371 431
426 431
431 597
431 695
431 705
431 730
431 744
431 826
431 841
105 508
164 508
265 508
266 508
487 508
508 516
508 686
508 742
39 517
105 517
114 517
119 517
147 517
154 517
229 517
236 517
261 517
265 517
411 517
421 517
457 517
517 564
517 630
517 698
517 734
517 742
517 744
517 833
108 760
150 760
363 760
375 760
554 760
562 760
705 760
25 40
26 40
40 48
40 64
40 85
40 94
40 136
40 153
40 169
40 173
40 203
40 205
40 210
40 245
40 272
40 278
40 283
40 307
40 317
40 328
40 340
40 345
40 357
40 363
40 376
40 389
40 393
40 400
40 464
40 515
40 540
40 551
40 572
40 585
40 623
40 705
40 721
40 722
40 737
40 744
40 802
40 813
40 833
40 841
40 844
40 864
40 867
19 45
30 45
43 45
45 54
45 89
45 99
45 115
45 133
45 185
45 187
45 190
45 200
45 237
45 247
45 268
45 282
45 334
45 340
45 343
45 351
45 364
45 375
45 398
45 444
45 481
45 486
45 504
45 512
45 515
45 531
45 546
45 582
45 615
45 632
45 714
45 812
45 821
45 841
45 871
43 81
64 81
81 164
81 186
81 204
81 209
81 243
81 255
81 343
81 363
81 400
81 406
81 446
81 471
81 515
81 546
81 567
81 582
81 626
81 652
81 680
81 727
81 734
81 742
81 744
81 833
81 838
81 861
81 867
81 871
81 887
81 892
43 92
49 92
91 92
92 99
92 103
92 121
92 122
92 130
92 137
92 141
92 192
92 249
92 259
92 297
92 320
92 333
92 345
92 353
92 357
92 363
92 367
92 435
92 540
92 552
92 562
92 609
92 652
92 686
92 707
92 722
92 731
92 836
92 854
31 94
56 94
64 94
94 95
94 106
94 127
94 129
94 154
94 159
94 164
94 190
94 203
94 250
94 257
94 305
94 314
94 315
94 343
94 351
94 367
94 420
94 444
94 486
94 493
94 515
94 582
94 630
94 686
94 696
94 834
94 841
94 861
94 871
94 887
18 107
107 132
107 154
107 176
107 259
107 260
107 268
107 270
107 375
107 411
107 463
107 515
107 585
107 609
107 626
107 694
107 829
107 842
106 119
119 140
119 282
119 363
119 437
119 543
119 546
119 548
119 635
119 744
119 811
119 861
39 133
133 142
133 158
133 185
133 270
133 345
133 405
133 552
133 595
133 636
133 655
133 776
133 883
49 155
103 155
113 155
125 155
135 155
155 164
155 188
155 247
155 270
155 502
155 546
155 552
155 572
155 577
155 634
155 700
155 710
155 744
155 751
155 892
177 226
177 418
251 418
251 422
251 542
251 582
251 588
251 887
34 287
123 287
238 287
287 357
287 464
287 483
287 607
287 672
287 712
287 752
287 854
287 892
91 335
99 335
335 389
335 721
335 780
335 790
335 892
109 349
204 349
250 349
349 363
349 446
349 464
349 496
349 536
349 743
349 761
349 895
102 376
104 376
153 376
173 376
186 376
187 376
209 376
225 376
236 376
270 376
283 376
307 376
345 376
372 376
376 418
376 421
376 496
376 516
376 564
376 595
376 598
376 630
376 672
376 675
376 732
376 736
376 767
376 778
376 813
376 827
376 861
376 876
376 886
101 432
102 432
105 432
236 432
237 432
393 432
432 873
432 874
432 876
432 891
30 437
39 437
49 437
64 437
72 437
86 437
95 437
117 437
135 437
141 437
173 437
247 437
256 437
266 437
268 437
283 437
286 437
326 437
359 437
363 437
364 437
367 437
375 437
398 437
405 437
406 437
411 437
421 437
422 437
437 444
437 460
437 483
437 494
437 499
437 515
437 577
437 611
437 613
437 623
437 625
437 646
437 650
437 657
437 680
437 690
437 708
437 714
437 730
437 747
437 767
437 783
437 797
437 799
437 802
437 823
437 826
437 841
437 852
437 861
437 865
305 507
417 507
425 507
472 507
507 710
507 742
507 762
507 799
97 512
126 512
226 512
389 512
426 512
499 512
512 564
512 597
512 706
512 738
512 744
512 756
512 762
512 838
14 530
131 530
350 530
405 530
496 530
530 626
530 641
530 799
530 816
530 825
39 543
56 543
136 543
171 543
209 543
261 543
307 543
400 543
414 543
446 543
488 543
543 548
543 623
543 744
543 813
543 833
30 597
141 597
209 597
278 597
297 597
342 597
597 742
597 841
49 636
83 636
104 636
153 636
205 636
237 636
257 636
328 636
360 636
389 636
435 636
472 636
491 636
579 636
636 678
636 680
636 686
636 710
636 734
636 742
636 836
636 861
49 676
185 676
380 676
472 676
478 676
673 676
676 705
676 813
676 873
39 703
106 703
137 703
192 703
237 703
337 703
367 703
422 703
424 703
652 703
686 703
688 703
703 712
703 742
703 761
703 789
703 797
703 813
703 863
703 887
16 706
19 706
64 706
72 706
102 706
105 706
135 706
139 706
159 706
171 706
190 706
193 706
204 706
226 706
236 706
268 706
337 706
360 706
365 706
371 706
375 706
380 706
422 706
531 706
541 706
562 706
616 706
628 706
630 706
635 706
706 734
706 736
706 802
706 803
706 806
706 844
706 873
43 725
146 725
259 725
421 725
488 725
573 725
695 725
725 734
725 834
725 861
110 726
181 726
308 726
347 726
551 726
726 744
726 747
726 799
726 874
34 740
65 740
83 740
153 740
193 740
220 740
260 740
261 740
270 740
313 740
338 740
347 740
359 740
405 740
420 740
442 740
444 740
468 740
494 740
516 740
579 740
731 740
740 747
740 767
740 790
740 875
740 884
48 790
84 790
86 790
154 790
529 790
635 790
765 790
777 790
790 891
120 829
148 829
209 829
233 829
302 829
385 829
396 829
403 829
420 829
422 829
428 829
635 829
688 829
800 829
829 855
829 873
305 854
314 854
450 854
611 854
628 854
632 854
736 854
743 854
756 854
842 854
854 863
854 892
132 873
181 873
182 873
365 873
482 873
562 873
588 873
589 873
642 873
678 873
755 873
871 873
12 876
49 876
139 876
186 876
246 876
255 876
269 876
273 876
330 876
360 876
375 876
527 876
528 876
552 876
623 876
747 876
756 876
764 876
776 876
817 876
842 876
11 880
44 880
63 880
102 880
205 880
375 880
422 880
480 880
531 880
546 880
562 880
734 880
872 880
10 293
10 391
16 293
32 293
65 293
84 293
243 293
258 293
293 458
293 579
293 629
293 708
293 715
293 777
293 786
293 842
293 865
34 391
64 391
75 391
120 391
154 391
181 391
269 391
276 391
326 391
348 391
391 405
391 494
391 514
391 521
391 562
391 576
391 626
391 730
391 747
391 809
391 833
391 863
12 91
12 99
12 229
12 417
12 486
12 857
82 91
91 135
91 154
91 188
91 205
91 234
91 257
91 266
91 422
91 424
91 433
91 435
91 444
91 477
91 488
91 510
91 531
91 540
91 542
91 668
91 686
91 708
91 727
91 734
91 871
91 872
91 881
99 135
99 164
99 188
99 205
99 488
99 489
99 504
99 510
99 531
99 602
99 743
99 820
99 855
99 861
99 871
99 872
205 229
225 229
229 402
229 418
229 435
229 442
229 446
229 871
205 417
245 417
247 417
308 417
398 417
401 417
405 417
417 541
417 630
417 660
417 668
417 849
417 871
97 486
245 486
486 705
105 857
372 857
577 857
663 857
705 857
13 118
13 363
13 464
13 618
59 118
70 118
118 154
118 215
118 226
118 393
118 491
118 493
118 694
118 708
118 750
71 363
86 363
95 363
127 363
153 363
203 363
219 363
248 363
283 363
308 363
322 363
363 446
363 715
363 734
363 767
363 827
363 833
363 836
363 852
363 855
363 867
363 871
363 887
54 464
248 464
249 464
252 464
260 464
265 464
423 464
464 506
464 541
464 572
464 595
464 672
464 737
464 791
102 618
144 618
154 618
308 618
365 618
371 618
393 618
442 618
522 618
572 618
617 618
618 718
618 789
14 154
14 326
14 433
14 557
14 887
34 154
70 154
85 154
120 154
154 215
154 220
154 249
154 261
154 270
154 273
154 315
154 320
154 365
154 389
154 420
154 421
154 522
154 548
154 551
154 611
154 656
154 686
154 696
154 705
154 712
154 733
154 738
154 742
154 747
154 752
154 756
154 835
154 844
154 846
154 874
154 881
48 326
54 326
83 326
206 326
313 326
326 411
326 446
326 638
326 673
326 825
34 433
97 433
313 433
347 433
422 433
433 551
31 557
135 557
153 557
158 557
204 557
283 557
307 557
393 557
421 557
515 557
557 630
557 633
557 660
557 710
557 742
557 770
31 887
49 887
64 887
65 887
95 887
148 887
203 887
231 887
237 887
243 887
260 887
300 887
323 887
385 887
389 887
403 887
434 887
435 887
499 887
526 887
548 887
553 887
742 887
853 887
855 887
16 323
16 352
16 878
39 323
164 323
204 323
219 323
270 323
308 323
323 400
323 531
323 767
323 813
323 856
323 872
150 352
230 352
352 389
352 418
352 591
352 641
352 728
352 879
48 878
80 878
187 878
291 878
374 878
428 878
446 878
540 878
732 878
745 878
17 730
24 730
25 730
69 730
83 730
84 730
313 730
365 730
369 730
389 730
426 730
470 730
478 730
487 730
516 730
559 730
579 730
604 730
681 730
708 730
730 751
730 807
730 833
18 55
18 84
18 121
18 238
18 428
18 523
18 708
18 762
18 843
18 867
18 897
32 55
38 55
39 55
55 83
55 89
55 132
55 153
55 193
55 203
55 214
55 226
55 250
55 270
55 284
55 314
55 353
55 389
55 393
55 522
55 524
55 531
55 611
55 628
55 632
55 702
55 718
55 752
55 767
55 791
55 862
55 863
84 238
84 330
84 555
84 673
121 225
121 226
121 389
121 421
121 424
121 446
121 734
31 238
37 238
39 238
56 238
75 238
132 238
238 266
238 307
238 308
238 355
238 393
238 435
238 647
238 651
238 708
238 711
238 729
238 737
238 758
83 428
122 428
130 428
153 428
173 428
303 428
365 428
380 428
420 428
428 480
428 515
428 574
428 711
428 715
428 734
428 742
428 789
83 523
130 523
353 523
446 523
477 523
523 864
245 708
259 708
429 708
434 708
472 708
641 708
678 708
686 708
708 752
708 803
48 762
102 762
227 762
237 762
424 762
429 762
435 762
444 762
531 762
585 762
588 762
602 762
747 762
762 799
762 821
762 826
762 892
20 843
34 843
65 843
365 843
409 843
463 843
526 843
614 843
688 843
752 843
842 843
127 867
187 867
204 867
255 867
420 867
435 867
493 867
604 867
663 867
715 867
813 867
124 897
126 897
153 897
209 897
250 897
307 897
318 897
367 897
472 897
680 897
717 897
753 897
803 897
842 897
861 897
19 56
19 102
19 127
19 206
19 393
19 442
19 491
19 590
19 729
19 734
19 744
19 787
20 56
56 65
56 85
56 250
56 284
56 382
56 389
56 393
56 493
56 541
56 698
56 774
56 826
65 102
71 102
86 102
102 137
102 185
102 193
102 209
102 249
102 299
102 348
102 357
102 405
102 411
102 491
102 494
102 515
102 582
102 630
102 693
102 705
102 756
102 789
102 842
102 869
39 127
127 205
127 237
127 250
127 389
127 601
127 680
127 841
127 842
39 206
206 209
206 223
206 630
206 742
20 393
26 393
32 393
39 393
48 393
104 393
122 393
153 393
173 393
193 393
230 393
243 393
249 393
250 393
286 393
289 393
305 393
311 393
332 393
333 393
340 393
353 393
371 393
389 393
393 418
393 422
393 424
393 460
393 493
393 496
393 515
393 544
393 585
393 634
393 678
393 734
393 744
393 791
393 820
393 841
393 895
43 442
86 442
120 442
135 442
163 442
173 442
200 442
226 442
237 442
283 442
389 442
400 442
406 442
442 460
442 552
442 622
442 721
442 737
442 765
442 820
442 856
39 491
48 491
64 491
72 491
103 491
132 491
135 491
255 491
256 491
357 491
375 491
405 491
427 491
430 491
491 494
491 499
491 528
491 677
491 697
491 710
491 731
491 738
491 783
491 799
491 816
491 817
491 823
491 826
491 834
491 865
308 590
312 590
330 590
375 590
401 590
405 590
467 590
590 721
590 732
28 729
70 729
268 729
541 729
729 852
66 734
83 734
103 734
142 734
150 734
158 734
160 734
163 734
164 734
185 734
187 734
194 734
226 734
227 734
236 734
250 734
256 734
263 734
270 734
321 734
332 734
333 734
351 734
354 734
359 734
371 734
416 734
426 734
434 734
435 734
446 734
478 734
501 734
503 734
554 734
583 734
600 734
604 734
613 734
649 734
664 734
672 734
686 734
692 734
696 734
700 734
712 734
721 734
734 751
734 755
734 796
734 812
734 834
734 838
734 841
734 855
734 866
734 881
734 893
153 744
375 744
546 744
673 744
744 776
744 786
744 825
744 896
284 787
615 787
652 787
20 86
20 218
20 371
20 572
20 853
86 209
86 367
86 434
86 621
86 688
218 889
218 896
39 371
178 371
270 371
308 371
360 371
371 377
371 389
371 493
39 572
115 572
135 572
231 572
236 572
259 572
270 572
276 572
299 572
315 572
333 572
345 572
360 572
407 572
435 572
456 572
485 572
501 572
533 572
537 572
548 572
549 572
552 572
572 598
572 599
572 622
572 629
572 721
572 794
572 837
104 853
122 853
164 853
166 853
216 853
250 853
257 853
343 853
351 853
397 853
493 853
576 853
582 853
599 853
601 853
632 853
655 853
812 853
833 853
853 861
853 871
21 286
21 424
286 510
286 742
35 424
137 424
250 424
267 424
357 424
389 424
424 493
424 522
424 595
424 601
424 675
424 712
424 737
424 738
424 763
424 773
424 774
424 780
424 837
424 874
424 890
26 70
26 117
26 705
70 124
70 129
70 141
70 195
70 248
70 249
70 389
70 399
70 444
70 509
70 562
70 601
70 635
70 698
70 839
70 848
70 874
117 161
117 180
117 185
117 330
117 401
117 446
117 509
117 769
117 849
71 705
106 705
132 705
186 705
194 705
196 705
258 705
282 705
283 705
308 705
423 705
434 705
444 705
463 705
643 705
705 751
705 810
27 150
83 150
150 187
150 313
150 340
150 375
150 380
150 474
150 477
150 548
150 576
150 614
150 625
150 772
150 776
150 801
150 814
150 837
28 106
28 182
28 254
28 776
31 106
49 106
106 123
106 138
106 140
106 147
106 205
106 243
106 271
106 277
106 308
106 360
106 423
106 463
106 585
106 589
106 695
106 698
106 733
106 764
106 767
106 801
106 891
49 182
148 182
182 289
182 477
182 489
182 496
182 499
182 742
182 752
185 254
254 360
254 576
254 656
254 710
254 814
254 825
37 776
83 776
95 776
142 776
153 776
187 776
205 776
230 776
236 776
243 776
255 776
268 776
313 776
337 776
375 776
405 776
418 776
515 776
562 776
568 776
579 776
747 776
776 869
30 37
30 97
30 126
30 178
30 423
30 434
37 422
37 786
37 833
33 97
76 97
97 141
97 338
97 359
97 375
97 485
97 812
97 816
97 825
46 126
76 126
103 126
104 126
105 126
126 159
126 185
126 338
126 351
126 359
126 493
126 552
126 555
126 609
126 635
126 812
126 825
126 874
132 178
141 178
171 178
178 185
178 345
178 365
178 416
178 470
178 506
178 700
178 721
178 733
178 743
178 823
178 825
178 838
178 842
178 871
72 423
173 423
365 423
413 423
423 872
95 434
114 434
227 434
353 434
434 446
434 461
434 564
434 750
434 767
434 852
31 203
31 213
31 214
31 217
31 245
31 264
31 345
31 360
31 377
31 389
31 463
31 622
31 623
31 642
31 720
31 733
31 750
31 761
31 828
31 848
203 266
203 421
203 499
203 546
203 788
130 213
213 237
214 499
211 245
245 270
245 308
245 313
245 450
245 546
245 677
245 685
245 743
245 777
264 266
264 360
264 579
264 777
266 345
345 374
345 389
345 450
345 546
345 781
80 360
158 360
226 360
342 360
360 422
360 515
360 546
360 568
360 669
360 677
360 738
360 814
360 844
360 874
360 877
39 389
79 389
95 389
104 389
124 389
142 389
166 389
173 389
190 389
193 389
194 389
232 389
250 389
257 389
270 389
318 389
332 389
334 389
340 389
343 389
347 389
351 389
364 389
365 389
378 389
389 418
389 422
389 425
389 447
389 453
389 493
389 494
389 515
389 546
389 548
389 567
389 582
389 587
389 631
389 680
389 686
389 712
389 731
389 736
389 756
389 763
389 779
389 812
389 822
389 827
389 834
389 837
389 855
389 861
389 871
101 463
328 463
444 463
463 555
463 591
463 742
463 875
506 622
266 623
130 642
226 642
554 642
642 833
236 720
733 767
509 750
601 750
743 750
339 761
266 848
422 848
848 896
32 46
32 49
32 738
32 747
32 824
39 46
46 255
46 261
46 270
46 780
49 63
49 104
49 236
49 247
49 257
49 276
49 314
49 385
49 466
49 515
49 567
49 568
49 668
49 686
49 695
49 696
49 704
49 712
49 756
49 788
41 738
83 738
120 738
164 738
216 738
265 738
369 738
441 738
444 738
447 738
454 738
579 738
585 738
731 738
738 821
105 747
220 747
236 747
308 747
747 838
747 874
33 83
33 282
33 313
33 579
33 634
83 105
83 159
83 186
83 232
83 233
83 237
83 261
83 355
83 419
83 493
83 546
83 554
83 598
83 732
83 861
83 874
83 881
83 883
34 282
64 282
282 366
282 435
282 568
282 833
105 313
186 313
225 313
236 313
269 313
313 355
313 421
313 598
313 732
313 736
313 881
105 579
159 579
236 579
260 579
355 579
419 579
546 579
579 598
579 743
579 874
109 634
415 634
477 634
634 874
34 132
34 171
34 237
34 353
34 370
34 379
34 446
34 629
34 855
65 132
108 132
114 132
132 297
132 308
132 382
132 617
132 715
171 268
171 737
171 871
39 237
103 237
148 237
226 237
237 252
237 261
237 308
237 365
237 372
237 494
237 540
237 561
237 600
237 671
237 693
237 777
237 831
252 353
308 353
353 629
353 777
353 786
353 875
39 370
88 370
260 370
261 370
270 370
348 370
370 546
370 553
370 613
370 813
370 816
130 379
261 379
270 379
283 379
367 379
379 813
79 446
80 446
123 446
147 446
291 446
348 446
359 446
367 446
446 494
446 522
446 564
446 588
446 764
629 814
151 855
188 855
195 855
303 855
307 855
343 855
630 855
653 855
683 855
825 855
855 864
35 39
35 204
35 227
35 255
35 280
35 369
35 435
35 510
35 621
35 745
35 753
39 77
39 104
39 129
39 131
39 186
39 187
39 226
39 231
39 248
39 261
39 308
39 356
39 358
39 369
39 374
39 375
39 380
39 510
39 555
39 628
39 632
39 689
39 692
39 742
39 752
39 758
39 789
39 831
39 894
54 204
204 243
204 308
204 777
204 871
59 227
95 227
158 227
173 227
227 280
227 364
227 435
227 496
227 503
227 657
227 763
227 767
255 365
255 552
255 598
255 886
280 493
280 504
120 369
226 369
261 369
270 369
369 372
369 515
369 748
369 749
369 813
64 435
72 435
95 435
135 435
153 435
158 435
266 435
356 435
375 435
408 435
411 435
435 436
435 544
435 599
435 767
435 852
435 869
435 871
130 510
135 510
142 510
305 510
320 510
460 510
478 510
510 582
510 626
510 673
510 752
510 804
510 826
598 621
621 749
621 767
69 745
88 745
260 745
380 745
546 745
745 748
85 753
228 753
236 753
421 753
600 753
713 753
753 773
43 66
43 153
43 350
43 419
44 122
44 297
44 589
124 144
144 257
144 837
72 173
173 585
173 671
173 862
173 895
59 193
105 193
193 250
193 260
193 284
193 493
193 559
234 250
234 367
234 414
234 789
257 400
257 478
257 479
257 503
257 544
257 548
257 552
257 555
257 610
257 658
257 742
257 794
257 827
181 372
226 372
270 372
277 372
350 372
372 444
372 601
372 877
65 418
175 418
250 418
266 418
307 418
418 422
418 493
418 515
418 630
418 710
418 742
418 752
418 786
418 809
418 861
418 874
66 493
209 493
236 493
332 493
340 493
342 493
493 573
493 577
493 603
493 686
493 837
493 845
493 892
501 727
277 504
347 504
504 797
226 631
236 631
230 633
283 633
357 633
521 633
544 633
633 728
633 874
101 680
77 700
503 700
700 895
444 756
756 786
63 861
65 861
187 861
252 861
260 861
266 861
503 861
521 861
546 861
724 861
728 861
861 881
861 886
861 895
180 871
308 871
420 871
422 871
514 871
521 871
588 871
711 871
742 871
780 871
825 871
111 422
123 422
158 422
258 422
270 422
320 422
365 422
422 556
422 585
422 589
422 600
135 786
153 786
187 786
209 786
472 786
630 786
774 786
786 799
786 825
54 833
187 833
260 833
261 833
548 833
551 833
555 833
641 833
643 833
691 833
767 833
38 187
38 283
180 187
187 250
187 269
187 291
187 892
136 283
184 283
283 380
283 548
283 555
283 686
283 712
283 737
283 748
77 129
77 270
77 827
77 881
104 105
104 332
104 494
104 604
104 821
104 842
129 209
129 247
129 601
131 270
131 546
186 444
186 585
186 624
186 630
186 813
73 226
162 226
226 233
226 270
226 503
226 506
226 515
226 568
226 611
226 660
226 731
226 752
226 795
226 881
148 231
176 231
185 231
231 261
231 308
231 777
231 881
248 826
220 261
261 270
261 356
261 374
261 375
261 380
261 414
261 671
261 694
261 717
261 736
261 742
261 834
261 835
190 308
236 308
243 308
291 308
308 358
308 447
308 494
308 522
308 583
308 585
308 602
308 638
308 731
308 743
308 774
308 777
308 852
308 859
308 875
270 356
356 813
105 358
358 874
105 374
159 374
374 380
374 736
374 813
374 859
196 375
269 375
270 375
297 375
375 591
65 380
270 380
380 546
380 788
380 792
380 813
549 555
270 628
475 628
502 628
531 628
568 628
611 628
628 672
220 632
265 632
415 632
632 711
632 803
266 689
581 689
548 692
656 692
692 846
57 742
175 742
355 742
357 742
365 742
479 742
546 742
576 742
598 742
671 742
742 788
742 883
54 752
89 752
267 752
284 752
364 752
481 752
559 752
743 752
752 788
752 789
69 758
444 758
511 758
758 815
566 789
585 789
328 831
347 831
595 831
641 831
552 894
48 105
48 521
48 522
48 559
48 731
64 88
64 324
64 355
64 496
64 673
64 736
64 737
64 767
85 331
85 546
136 339
136 544
136 686
103 153
153 421
153 571
153 610
153 698
153 702
153 835
153 886
205 540
205 615
105 272
278 516
105 307
247 307
307 724
307 788
103 328
328 540
328 712
328 772
328 813
328 827
66 340
324 340
340 364
340 724
357 367
357 444
357 447
357 630
357 696
357 777
357 821
357 841
260 400
400 559
400 585
400 727
400 788
247 515
515 546
515 577
515 838
444 540
540 585
540 678
540 779
540 825
223 551
260 551
297 551
496 551
546 551
549 551
72 585
103 585
105 585
141 585
250 585
259 585
267 585
324 585
585 611
585 635
585 652
585 712
585 736
585 835
585 874
585 883
247 721
266 722
247 737
337 737
405 737
556 737
588 737
602 737
630 737
737 803
105 802
546 802
736 802
236 813
266 813
267 813
270 813
291 813
436 813
556 813
736 813
763 813
813 834
813 835
813 838
120 841
521 841
780 841
502 844
641 844
673 844
844 866
844 881
41 324
41 736
324 444
324 863
71 736
185 736
270 736
444 736
494 736
587 736
731 736
736 764
736 872
271 350
350 447
350 554
350 704
350 743
350 767
350 874
269 419
72 297
297 316
297 473
297 602
297 892
108 589
148 589
292 589
480 589
589 711
54 401
54 552
54 682
54 865
89 315
115 702
112 185
185 347
185 583
185 606
185 859
158 190
190 250
190 284
190 365
101 200
200 764
200 881
139 247
159 247
216 247
247 306
247 330
247 554
247 562
247 565
247 663
247 704
247 763
247 822
247 891
63 268
209 268
268 630
57 334
250 364
364 509
364 712
364 767
364 839
105 444
180 444
367 444
444 494
444 874
196 481
401 481
75 531
320 531
531 595
531 874
367 546
472 546
478 546
511 546
522 546
546 673
546 777
546 827
546 837
546 895
503 582
582 895
401 615
615 743
615 874
220 714
675 714
812 874
365 821
267 270
270 409
270 461
270 677
270 694
270 731
270 746
270 835
270 895
69 410
69 457
164 450
450 624
220 496
291 496
337 496
496 552
496 576
496 624
496 767
95 743
124 743
125 743
225 743
249 743
342 743
666 743
743 892
71 105
105 120
105 167
105 181
105 194
105 233
105 276
105 338
105 342
105 359
105 449
105 522
105 577
105 763
105 863
236 521
250 521
521 564
521 601
521 686
236 522
367 522
522 777
266 559
559 669
559 814
291 731
63 124
63 266
63 710
73 236
209 236
236 276
236 454
236 506
236 527
236 624
236 791
236 803
236 839
236 856
236 863
236 898
276 436
276 778
276 779
276 781
276 874
314 772
103 385
365 385
385 549
466 541
568 788
367 686
378 686
411 686
460 686
544 686
686 712
686 778
686 837
260 695
549 695
235 696
696 778
696 889
109 704
576 704
82 712
95 712
406 788
570 788
606 788
767 788
788 801
235 355
235 473
235 608
235 822
235 856
65 250
250 502
250 544
250 713
250 892
135 258
258 405
258 480
365 447
365 872
365 881
365 882
230 367
367 483
367 541
367 549
101 494
103 494
494 556
168 516
516 807
516 823
164 554
301 554
554 611
554 863
124 826
430 826
65 184
65 266
65 710
57 292
292 298
292 482
292 837
318 542
411 542
426 542
470 542
542 678
542 804
542 866
142 355
142 874
209 541
209 638
209 836
101 348
382 426
95 429
429 690
429 852
101 514
148 791
791 819
791 874
791 881
184 799
137 230
230 477
230 896
228 415
415 549
415 823
332 420
333 420
355 420
420 556
420 881
604 895
624 883
341 672
397 672
576 672
635 672
656 672
672 803
672 822
265 777
425 777
541 777
595 777
225 881
359 881
368 881
421 881
601 881
660 881
711 881
291 552
544 552
552 751
552 863
180 682
673 682
284 732
88 524
524 588
524 715
524 772
630 702
95 767
220 767
223 767
503 767
767 856
266 863
509 863
803 863
337 698
698 751
220 774
249 774
298 774
411 774
475 774
101 135
135 673
135 748
233 266
233 842
260 715
715 886
220 499
306 499
499 532
499 641
447 600
114 421
120 874
164 874
216 874
265 874
342 874
441 874
528 874
630 874
781 874
120 225
120 670
652 749
441 678
509 678
635 678
678 869
685 772
803 875
823 875
124 544
124 839
124 892
260 710
635 710
710 727
710 749
710 886
88 212
88 316
88 359
88 569
88 612
88 670
88 779
148 673
564 673
673 823
673 825
184 852
72 685
148 561
148 839
148 859
457 883
141 476
141 477
141 617
108 509
509 671
72 562
562 886
601 732
601 839
601 895
108 635
181 635
267 635
635 688
635 842
635 883
318 839
71 838
192 838
746 838
74 591
588 591
591 890
591 892
260 827
827 852
269 477
269 869
103 825
260 825
825 899
164 320
164 544
164 895
243 260
243 447
243 549
626 641
626 781
312 727
159 267
159 478
159 842
159 883
454 732
527 732
659 732
732 803
87 779
576 779
359 421
359 473
359 476
359 575
359 807
359 823
315 694
125 215
125 341
125 587
347 556
472 556
556 630
556 797
566 749
188 219
188 671
477 834
477 846
687 872
103 344
103 503
130 189
259 724
101 298
101 338
101 411
101 728
303 778
252 656
665 671
447 886
526 886
95 746
724 834
341 478
341 479
341 544
502 803
595 803
468 866
408 485
489 643
260 337
260 575
260 773
289 548
289 773
321 447
472 869
654 869
332 411
354 411
411 614
411 856
291 693
581 693
181 533
194 421
147 337
147 751
277 447
108 822
421 846
548 667
548 846
225 690
208 587
310 617
617 846
265 595
454 595
139 748
139 641
246 641
347 641
550 641
641 654
440 476
476 846
337 465
751 847
220 625
174 402
220 468
220 483
220 535
638 846
172 549
549 588
549 658
416 773
199 219
426 755
414 889
228 817
479 550
462 675
675 818
309 354
505 584
574 691
