1 59
1 133
1 277
1 399
1 556
1 604
24 59
36 59
59 88
59 90
59 91
59 266
59 303
59 351
59 435
59 538
59 602
59 604
59 612
59 617
133 199
114 277
150 277
277 297
277 399
277 495
277 556
277 599
277 620
114 399
195 399
320 399
366 399
399 523
399 556
399 599
114 556
150 556
203 556
309 556
359 556
366 556
424 556
460 556
468 556
495 556
523 556
556 566
556 599
556 620
40 604
57 604
68 604
69 604
91 604
152 604
158 604
183 604
199 604
218 604
239 604
272 604
318 604
341 604
351 604
356 604
362 604
373 604
447 604
559 604
577 604
585 604
598 604
602 604
604 617
2 266
2 612
3 266
5 266
8 266
10 266
16 266
19 266
33 266
35 266
36 266
42 266
44 266
45 266
55 266
57 266
60 266
61 266
63 266
68 266
69 266
71 266
72 266
84 266
88 266
89 266
91 266
98 266
108 266
112 266
113 266
117 266
121 266
122 266
129 266
132 266
137 266
141 266
144 266
149 266
152 266
156 266
160 266
162 266
167 266
170 266
173 266
176 266
183 266
184 266
199 266
218 266
222 266
228 266
230 266
234 266
239 266
243 266
244 266
246 266
247 266
249 266
255 266
258 266
262 266
266 272
266 276
266 278
266 289
266 301
266 303
266 310
266 313
266 318
266 321
266 322
266 323
266 325
266 339
266 341
266 342
266 344
266 346
266 347
266 350
266 351
266 352
266 353
266 361
266 362
266 365
266 373
266 376
266 384
266 385
266 387
266 398
266 405
266 409
266 420
266 427
266 433
266 434
266 437
266 440
266 447
266 450
266 455
266 457
266 459
266 465
266 466
266 477
266 480
266 506
266 511
266 532
266 550
266 559
266 570
266 571
266 577
266 579
266 585
266 589
266 595
266 598
266 600
266 602
266 612
266 616
266 617
10 612
33 612
36 612
42 612
57 612
63 612
68 612
71 612
88 612
91 612
117 612
137 612
152 612
167 612
170 612
173 612
176 612
183 612
218 612
239 612
243 612
246 612
249 612
276 612
289 612
301 612
318 612
325 612
341 612
344 612
351 612
362 612
373 612
384 612
427 612
433 612
437 612
447 612
450 612
459 612
506 612
585 612
598 612
612 616
3 183
3 346
24 183
51 183
57 183
88 183
90 183
91 183
117 183
132 183
144 183
167 183
183 196
183 199
183 230
183 247
183 290
183 301
183 318
183 346
183 351
183 376
183 390
183 440
183 452
183 457
183 464
183 474
183 558
57 346
152 346
204 346
346 392
346 436
346 452
346 532
346 581
4 41
4 66
4 186
4 229
4 300
4 353
4 378
4 451
4 485
4 609
41 241
41 334
41 345
41 353
41 485
41 539
18 66
66 186
66 241
66 300
66 334
66 451
66 609
18 186
186 241
186 334
186 357
186 378
186 433
186 539
229 393
18 300
169 300
241 300
273 300
300 357
300 378
300 539
300 576
300 578
14 353
68 353
182 353
225 353
228 353
236 353
245 353
249 353
318 353
353 369
353 386
353 435
353 471
353 499
353 527
353 617
241 378
345 378
357 378
378 451
378 539
378 564
378 609
18 451
241 451
450 451
451 539
241 485
18 609
241 609
450 609
539 609
5 255
5 288
5 337
10 255
35 255
68 255
71 255
84 255
90 255
129 255
156 255
255 289
255 341
255 420
255 466
255 506
255 559
255 571
288 304
304 337
6 504
312 504
7 164
7 430
7 479
7 487
7 519
164 430
164 479
164 487
164 536
164 562
221 430
363 430
428 430
430 479
430 536
177 479
221 479
363 479
428 479
479 487
479 498
479 536
32 519
39 519
46 519
49 519
64 519
80 519
86 519
101 519
119 519
124 519
128 519
140 519
143 519
165 519
166 519
180 519
192 519
200 519
221 519
256 519
257 519
293 519
298 519
308 519
314 519
316 519
317 519
328 519
329 519
336 519
348 519
349 519
358 519
396 519
415 519
422 519
425 519
431 519
449 519
458 519
481 519
488 519
505 519
509 519
516 519
519 525
519 533
519 544
519 547
519 567
519 573
519 574
519 580
519 586
519 596
519 597
519 603
519 613
8 36
8 294
8 306
8 340
8 445
8 584
36 57
36 88
36 90
36 91
36 132
36 196
36 199
36 244
36 290
36 339
36 384
36 390
36 440
36 537
36 598
36 602
36 616
36 619
50 294
156 294
294 571
107 306
306 340
306 584
340 445
340 584
107 445
107 584
9 74
9 99
9 279
9 370
9 435
74 370
75 99
99 100
99 217
99 296
99 472
99 606
216 279
174 370
305 370
10 435
24 435
42 435
68 435
71 435
89 435
91 435
117 435
243 435
276 435
289 435
318 435
324 435
341 435
344 435
351 435
435 506
435 585
435 598
10 16
10 24
10 57
10 68
10 90
10 91
10 108
10 132
10 190
10 207
10 230
10 249
10 250
10 289
10 290
10 318
10 341
10 352
10 447
10 466
10 499
10 551
10 571
10 594
16 44
16 57
16 68
16 71
16 341
16 433
16 455
16 506
24 55
24 68
24 129
24 158
24 228
24 258
24 278
24 289
24 341
24 344
57 61
57 68
57 69
57 71
57 88
57 90
57 91
57 103
57 117
57 129
57 131
57 132
57 152
57 196
57 199
57 218
57 230
57 236
57 239
57 245
57 290
57 339
57 341
57 351
57 352
57 360
57 376
57 384
57 390
57 440
57 466
57 480
57 506
57 578
57 585
57 598
57 602
57 617
57 618
44 68
47 68
51 68
68 69
68 71
68 90
68 91
68 103
68 108
68 132
68 147
68 182
68 184
68 190
68 199
68 230
68 246
68 249
68 250
68 254
68 289
68 290
68 292
68 318
68 324
68 326
68 339
68 341
68 352
68 373
68 390
68 411
68 417
68 420
68 441
68 446
68 466
68 470
68 499
68 506
68 532
68 551
68 571
68 578
68 579
68 594
33 90
35 90
55 90
71 90
84 90
88 90
90 91
90 117
90 129
90 137
90 152
90 156
90 218
90 222
90 246
90 249
90 276
90 289
90 301
90 318
90 325
90 341
90 344
90 351
90 352
90 420
90 433
90 447
90 466
90 506
90 559
90 570
90 571
90 585
90 598
90 602
71 91
88 91
91 117
91 131
91 132
91 152
91 158
91 196
91 199
91 207
91 209
91 218
91 228
91 230
91 239
91 243
91 276
91 290
91 318
91 325
91 341
91 343
91 351
91 352
91 356
91 373
91 374
91 390
91 414
91 440
91 474
91 480
91 506
91 551
91 558
91 581
91 585
91 598
91 602
91 617
71 108
108 292
108 318
108 341
108 384
108 417
108 499
108 506
108 551
51 132
88 132
123 132
129 132
132 152
132 158
132 218
132 230
132 239
132 249
132 289
132 326
132 341
132 344
132 352
132 506
132 511
132 598
132 602
71 190
190 289
190 341
207 474
44 230
71 230
88 230
112 230
137 230
152 230
199 230
218 230
230 290
230 318
230 341
230 362
230 390
230 397
230 437
230 441
230 446
230 447
230 506
230 510
230 550
230 555
230 577
230 598
71 249
117 249
182 249
225 249
243 249
249 270
249 289
249 290
249 292
249 341
249 344
249 382
249 417
249 499
249 500
249 506
249 551
249 600
71 250
250 289
250 341
69 289
71 289
84 289
131 289
158 289
203 289
209 289
289 290
289 318
289 324
289 341
289 343
289 351
289 352
289 420
289 456
289 460
289 466
289 529
289 537
289 551
289 571
289 577
289 594
289 617
51 290
88 290
123 290
129 290
152 290
158 290
218 290
239 290
290 318
290 326
290 341
290 344
290 352
290 506
290 511
290 598
290 602
47 318
71 318
84 318
136 318
199 318
218 318
318 325
318 341
318 344
318 351
318 373
318 405
318 447
318 506
318 551
318 577
318 585
318 618
40 341
44 341
51 341
69 341
71 341
88 341
131 341
171 341
182 341
196 341
199 341
203 341
209 341
246 341
324 341
341 343
341 344
341 352
341 356
341 441
341 446
341 447
341 460
341 466
341 474
341 499
341 506
341 551
341 569
341 571
341 582
341 594
341 602
341 617
343 352
117 447
129 447
136 447
209 447
315 447
351 447
390 447
405 447
447 506
447 559
447 585
447 617
42 466
71 466
84 466
129 466
344 466
373 466
420 466
466 506
65 499
70 499
71 499
89 499
113 499
147 499
149 499
163 499
226 499
233 499
243 499
254 499
291 499
324 499
338 499
355 499
386 499
461 499
470 499
475 499
499 506
499 512
499 527
499 531
499 564
499 572
499 588
47 551
71 551
89 551
239 551
324 551
344 551
356 551
362 551
373 551
475 551
506 551
551 579
551 585
71 571
129 571
156 571
344 571
420 571
506 571
71 594
117 594
246 594
276 594
324 594
344 594
506 594
559 594
577 594
594 598
11 259
11 394
182 259
225 259
236 259
259 364
259 404
259 477
191 394
394 416
394 619
12 175
12 213
12 260
12 265
12 381
12 486
175 213
175 260
175 265
175 319
175 381
175 486
213 260
213 265
213 381
213 486
260 265
260 486
15 265
58 265
146 265
242 265
265 319
265 381
265 486
265 526
146 381
381 486
116 486
146 486
242 486
486 526
13 311
13 549
13 619
106 549
220 549
268 549
549 557
217 619
235 619
472 619
15 327
40 44
44 84
44 103
44 254
44 361
44 506
44 578
51 71
69 71
71 73
71 103
71 117
71 171
71 182
71 206
71 236
71 245
71 270
71 276
71 324
71 343
71 384
71 404
71 440
71 474
71 506
71 527
71 537
71 578
71 600
71 602
71 617
131 433
160 433
199 433
261 433
365 433
376 433
387 433
390 433
433 455
433 480
390 455
69 506
147 506
199 506
254 506
270 506
326 506
339 506
411 506
470 506
506 593
506 600
17 76
17 118
17 120
17 238
17 275
17 335
17 375
17 401
17 467
17 517
17 546
17 614
76 118
76 120
76 238
76 275
76 335
76 401
76 517
76 614
118 120
118 138
118 238
118 275
118 335
118 375
118 401
118 467
118 517
118 546
118 614
120 238
120 275
120 335
120 375
120 401
120 467
120 517
120 546
120 614
238 275
238 335
238 375
238 401
238 517
238 546
238 614
275 335
275 375
275 401
275 467
275 517
275 546
275 614
22 335
335 375
335 401
335 467
335 517
335 546
335 614
85 375
102 375
125 375
145 375
151 375
153 375
285 375
312 375
330 375
354 375
375 383
375 401
375 442
375 517
375 610
375 614
401 467
401 517
401 546
401 614
467 517
467 614
22 517
517 546
517 614
85 546
102 546
125 546
145 546
151 546
153 546
285 546
312 546
330 546
354 546
383 546
442 546
546 610
546 614
125 614
151 614
264 614
312 614
20 573
64 573
358 573
449 573
21 161
21 239
21 243
21 325
21 356
21 482
161 384
199 239
239 326
239 450
239 617
69 243
243 324
325 373
325 423
325 617
131 356
199 356
356 617
22 330
22 442
85 330
102 330
138 330
151 330
153 330
312 330
330 383
330 442
330 610
138 442
145 442
153 442
221 442
312 442
354 442
23 105
23 188
23 271
23 421
105 188
105 254
105 291
105 470
105 564
188 218
188 271
188 421
188 515
271 421
55 276
55 537
129 136
129 209
129 374
129 405
129 420
129 577
158 258
158 511
158 586
158 605
88 228
103 228
122 228
136 228
196 228
228 371
228 437
228 443
228 454
228 558
228 578
88 258
196 258
258 617
203 344
209 344
343 344
344 373
344 420
344 460
344 537
344 559
344 617
25 231
25 307
25 502
25 503
25 548
25 592
27 231
29 231
109 231
148 231
231 280
231 307
231 439
231 502
231 503
231 528
231 548
231 592
307 548
127 502
148 502
280 502
502 503
502 528
502 548
502 606
127 503
148 503
214 503
503 548
109 548
148 548
528 548
548 592
148 592
592 606
26 364
182 364
225 364
236 364
364 369
364 389
364 402
364 527
28 425
32 425
119 425
165 425
257 425
349 425
425 481
425 492
29 148
29 528
109 148
127 148
148 280
148 439
148 528
109 528
439 528
30 50
50 72
50 189
50 197
50 513
31 127
32 42
32 49
32 64
32 143
32 170
32 180
32 194
32 267
32 270
32 286
32 316
32 328
32 358
32 450
32 489
32 492
32 508
32 509
32 516
32 525
32 544
32 547
32 596
42 63
42 110
42 122
42 194
42 283
42 322
42 398
42 595
49 165
49 358
49 525
46 64
64 140
64 165
64 358
64 449
64 505
64 603
100 143
143 165
143 492
143 525
143 597
63 170
110 170
170 182
170 283
170 398
124 180
165 180
166 180
180 293
180 348
180 358
180 492
180 525
180 597
180 606
63 194
147 194
194 274
194 283
194 286
194 434
194 450
63 267
63 270
73 270
270 411
270 600
63 286
283 286
165 316
316 525
165 328
328 481
46 358
80 358
119 358
128 358
165 358
166 358
308 358
314 358
336 358
358 396
358 431
358 449
358 492
358 505
358 509
358 516
358 525
358 533
358 544
358 597
63 450
283 450
412 450
450 554
165 489
314 489
348 489
489 525
489 597
80 492
124 492
165 492
329 492
422 492
492 509
492 516
492 567
492 580
492 613
80 508
86 508
119 508
165 508
508 547
48 509
165 509
329 509
396 509
165 516
516 613
46 525
124 525
128 525
165 525
166 525
192 525
308 525
314 525
329 525
348 525
396 525
422 525
429 525
458 525
525 542
525 544
525 552
525 567
525 580
525 587
525 597
165 544
348 544
80 547
165 547
422 547
547 596
80 596
165 596
422 596
33 160
33 184
33 301
33 365
33 582
160 361
160 376
160 398
160 459
51 184
167 184
184 203
184 460
301 304
301 565
301 582
283 365
361 365
365 398
365 459
141 582
144 582
173 582
398 582
409 582
34 210
34 491
181 210
37 491
35 209
35 374
35 420
137 209
209 456
209 602
156 420
88 152
88 176
88 199
88 218
88 339
88 351
88 376
88 390
88 440
88 480
88 527
88 577
88 581
88 598
88 602
88 617
152 196
176 196
196 218
196 351
196 390
196 527
196 598
61 199
69 199
103 199
117 199
199 218
199 246
199 351
199 373
199 559
199 578
199 581
199 598
199 602
117 244
244 522
339 608
171 384
384 443
38 390
51 390
61 390
83 390
112 390
115 390
137 390
152 390
178 390
299 390
313 390
322 390
351 390
361 390
373 390
390 452
390 459
390 532
390 555
61 440
137 440
218 440
117 537
137 537
303 537
527 537
537 559
131 598
152 598
218 598
343 598
400 598
414 598
454 598
598 602
152 602
168 602
218 602
248 602
577 602
590 602
602 617
40 251
40 510
40 577
251 441
251 446
246 510
137 577
156 577
176 577
218 577
362 577
446 577
577 585
73 241
241 564
63 283
63 393
110 182
110 321
122 434
122 554
237 283
283 342
283 393
136 322
322 405
115 398
134 398
144 398
185 398
262 398
398 601
43 468
359 468
468 495
103 218
103 555
70 254
92 254
147 254
149 254
226 254
233 254
254 324
254 355
254 470
254 530
254 564
136 361
299 361
361 405
361 480
361 569
218 578
555 578
46 192
46 462
142 462
462 575
47 87
47 111
47 418
47 579
87 579
111 579
418 579
51 579
236 579
579 589
48 476
48 501
501 514
165 177
165 257
165 308
165 338
72 496
51 172
51 331
51 484
51 545
51 563
83 172
172 203
172 407
172 460
331 437
77 484
157 484
136 545
405 545
52 142
67 142
142 281
142 575
53 114
53 495
114 223
114 320
114 359
114 495
114 523
114 560
150 495
223 495
320 495
333 495
359 495
495 523
495 599
54 123
117 276
276 585
56 79
56 155
56 159
56 211
56 215
56 253
56 438
56 453
79 155
79 159
79 211
79 215
79 253
79 332
79 438
79 453
130 155
155 159
155 211
155 215
155 224
155 253
155 332
155 438
155 453
155 534
159 211
159 215
159 224
159 253
159 438
159 453
211 224
211 253
211 438
211 453
215 224
215 534
215 535
224 253
253 438
253 453
438 453
438 522
224 453
61 351
60 117
117 152
117 343
117 367
117 373
117 559
117 617
131 137
131 152
131 218
144 152
152 376
152 558
152 581
218 246
218 351
218 405
218 414
218 474
218 511
218 581
218 586
218 590
218 618
182 236
225 236
236 245
236 355
236 369
236 473
236 518
236 527
236 553
62 245
225 245
245 369
245 473
136 351
178 351
284 351
351 405
351 414
351 464
136 360
360 405
121 376
376 405
459 480
83 585
226 585
520 585
240 617
246 617
362 617
373 617
559 617
58 149
149 564
97 538
298 449
449 488
449 586
449 603
94 147
147 233
147 355
147 568
182 321
182 477
182 518
182 527
182 553
246 292
246 323
246 417
246 474
246 581
163 324
324 611
208 373
343 373
419 441
226 470
291 470
470 564
437 532
70 386
386 461
386 572
386 588
404 518
404 527
225 527
389 527
463 527
518 527
520 527
527 553
527 559
173 600
347 600
409 600
179 496
496 540
78 380
97 380
181 332
80 86
80 415
86 293
86 336
187 415
336 415
81 139
115 139
139 419
82 291
82 564
226 291
291 564
92 564
135 564
226 564
233 564
83 262
83 410
83 452
262 437
262 452
112 452
452 555
124 293
293 308
293 329
293 336
293 422
293 613
308 336
144 581
89 461
89 475
461 572
461 583
461 588
475 530
137 156
137 423
137 559
137 569
225 570
395 558
93 187
187 203
187 460
94 95
94 104
94 568
94 615
95 104
104 568
96 493
96 524
524 606
97 212
100 109
100 432
102 217
177 217
217 403
227 432
102 125
102 153
102 312
138 153
153 312
153 383
138 312
145 312
151 312
264 312
312 354
106 522
219 522
478 522
223 366
223 523
150 320
320 366
320 523
320 560
320 620
150 523
366 523
523 560
523 599
523 620
193 560
115 135
115 144
115 185
115 201
115 202
135 144
135 185
135 233
135 252
135 457
144 173
144 185
144 408
144 409
144 457
185 252
185 457
116 146
146 242
146 526
124 348
128 348
126 309
126 424
126 566
136 282
136 387
136 459
282 405
387 405
405 459
130 443
178 511
134 408
252 457
252 561
269 457
261 387
299 387
387 459
261 459
167 419
409 419
419 507
166 597
329 597
145 151
154 413
413 530
224 543
379 605
163 611
221 536
428 536
498 536
177 221
177 302
177 363
177 428
177 498
203 427
427 460
319 448
221 428
179 540
368 540
181 497
181 521
369 477
225 518
225 553
269 464
193 372
227 372
195 227
195 620
198 400
200 317
200 567
204 436
205 216
205 541
216 406
216 541
406 541
225 263
225 377
225 389
225 444
225 471
263 369
263 471
444 591
369 471
226 494
437 490
437 576
232 426
388 426
287 369
287 500
469 500
261 295
272 483
448 607
572 588
388 391
388 531
