1 416
1 493
1 547
1 583
1 601
1 633
1 1334
1 1680
266 416
361 416
396 416
416 981
416 992
416 1051
416 1071
416 1691
364 493
412 493
435 493
493 956
493 1063
493 1859
7 547
424 547
547 618
547 665
547 911
547 1926
547 2027
49 583
346 583
430 583
583 1236
583 1537
583 1543
583 1580
2 601
433 601
434 601
601 891
601 1380
601 1438
601 1727
601 1796
601 2174
127 633
145 633
633 1417
633 1777
633 1792
633 1912
633 1967
633 2018
199 1334
589 1680
2 331
2 417
2 494
2 495
2 546
2 584
2 585
2 631
2 1331
2 1676
331 351
331 386
331 524
331 636
331 742
331 843
331 1735
3 417
267 417
362 417
363 417
398 417
417 982
417 992
417 1052
417 1072
417 1692
361 494
409 494
411 494
431 494
494 956
494 1021
494 1061
494 1856
365 495
366 495
413 495
414 495
432 495
495 957
495 1022
495 1062
495 1857
8 546
180 546
500 546
546 680
546 1320
546 1410
546 1415
46 584
347 584
431 584
584 1236
584 1536
584 1541
584 1576
584 1596
47 585
348 585
432 585
585 1237
585 1538
585 1542
585 1577
585 1597
146 631
631 1416
631 1779
631 1795
631 1911
631 1968
631 2017
200 1331
590 1676
3 332
3 496
3 548
3 586
3 602
3 632
3 1332
3 1677
332 352
332 387
332 521
332 636
332 741
332 841
332 966
332 1731
413 496
433 496
482 496
496 542
496 958
496 1023
496 1064
496 1858
4 548
9 548
10 548
131 548
421 548
548 616
548 661
548 912
548 1926
548 2026
48 586
379 586
445 586
586 1238
586 1538
586 1544
586 1578
586 1598
435 602
602 856
602 891
602 1376
602 1436
602 1726
602 1797
602 2171
126 632
147 632
632 1417
632 1776
632 1791
632 1911
632 1966
632 2016
201 1332
591 1677
4 333
4 418
4 497
4 587
4 603
4 634
4 1333
4 1678
333 352
333 388
333 522
333 637
333 743
333 842
333 967
333 1732
268 418
364 418
398 418
418 983
418 993
418 1054
418 1073
418 1693
414 497
434 497
483 497
497 543
497 959
497 1024
497 1064
497 1860
50 587
380 587
381 587
446 587
447 587
587 1239
587 1539
587 1544
587 1579
587 1599
436 603
603 857
603 892
603 1377
603 1437
603 1728
603 1797
603 2172
5 634
128 634
148 634
149 634
634 1418
634 1778
634 1793
634 1913
634 1969
634 2018
202 1333
592 1678
5 334
5 419
5 498
5 549
5 588
5 604
5 1335
5 1679
334 353
334 389
334 523
334 638
334 743
334 844
334 968
334 1733
269 419
365 419
399 419
419 984
419 994
419 1054
419 1075
419 1694
415 498
481 498
498 541
498 960
498 1025
498 1065
498 1860
11 549
132 549
422 549
549 617
549 662
549 912
549 1927
549 2028
50 588
382 588
448 588
588 1240
588 1540
588 1545
588 1600
437 604
604 858
604 893
604 1378
604 1439
604 1728
604 1798
604 2173
6 1335
203 1335
204 1335
593 1679
6 8
6 14
6 335
6 420
6 550
6 605
6 635
7 8
8 13
8 56
8 97
8 861
8 981
8 1126
14 66
14 125
14 236
14 311
14 731
14 771
14 937
14 1311
335 354
335 390
335 525
335 639
335 744
335 844
335 969
335 1734
270 420
366 420
400 420
420 985
420 995
420 1055
420 1075
12 550
133 550
423 550
550 619
550 663
550 913
550 1928
550 2028
438 605
605 859
605 894
605 1379
605 1439
605 1729
605 1799
605 2175
129 635
150 635
635 1419
635 1780
635 1794
635 1914
635 1969
635 2019
7 9
7 15
7 60
7 96
7 981
7 1129
9 10
9 11
9 16
9 17
9 57
9 97
9 862
9 982
9 1127
15 67
15 121
15 238
15 307
15 732
15 772
15 937
15 1312
60 80
60 90
60 187
60 325
60 615
60 645
60 1145
96 127
96 700
96 770
96 1115
96 1150
96 1265
96 1310
415 981
445 1129
13 66
13 124
13 237
13 310
13 734
13 936
13 1315
56 76
56 86
56 188
56 241
56 321
56 611
56 642
56 1141
97 128
97 129
97 181
97 201
97 447
97 868
97 1344
97 1570
278 861
446 1126
10 12
10 18
10 58
10 98
10 863
10 983
10 1128
11 59
11 99
11 122
11 308
11 864
11 984
11 1130
16 68
16 193
16 238
16 655
16 733
16 773
16 938
16 1313
17 69
17 194
17 195
17 239
17 656
17 657
17 735
17 774
17 939
17 1314
57 77
57 87
57 189
57 242
57 323
57 612
57 642
57 1142
279 862
447 1127
12 100
12 123
12 309
12 865
12 985
12 1130
18 70
18 196
18 240
18 658
18 735
18 775
18 940
58 79
58 88
58 190
58 243
58 323
58 613
58 643
58 1143
98 130
98 182
98 201
98 446
98 606
98 866
98 1341
98 1566
280 863
448 1128
59 79
59 89
59 191
59 244
59 324
59 614
59 644
59 1145
99 131
99 182
99 202
99 448
99 607
99 867
99 1342
99 1567
122 141
122 339
122 796
122 1057
122 1091
122 1181
122 1216
122 1371
46 308
308 356
308 538
308 562
308 876
308 1907
308 1946
308 2026
281 864
449 1130
450 1130
100 132
100 183
100 203
100 448
100 608
100 869
100 1343
100 1568
123 142
123 340
123 797
123 1057
123 1093
123 1182
123 1217
123 1372
47 309
309 357
309 539
309 563
309 877
309 1907
309 1947
309 2028
282 865
19 66
20 66
66 460
66 480
66 760
66 900
66 995
66 1020
124 139
124 337
124 798
124 1058
124 1093
124 1184
124 1218
124 1373
107 237
137 237
145 237
237 1243
237 1252
237 1297
237 1347
237 2147
48 310
310 358
310 540
310 564
310 879
310 1908
310 1948
310 2028
25 734
361 734
734 1896
734 2002
734 2006
734 2031
734 2041
734 2101
283 936
559 1315
125 143
125 144
125 341
125 342
125 799
125 1059
125 1094
125 1184
125 1220
125 1374
106 236
137 236
146 236
236 1241
236 1251
236 1296
236 1346
236 2146
50 311
260 311
311 359
311 476
311 879
311 1909
311 1949
311 2029
26 731
731 879
731 949
731 2069
731 2114
731 2185
731 2194
731 2229
152 771
284 937
285 937
560 1311
21 67
67 921
67 998
67 1081
67 1309
67 1467
67 2235
121 140
121 338
121 1056
121 1092
121 1183
121 1219
121 1371
108 238
138 238
147 238
148 238
238 1243
238 1254
238 1298
238 1348
238 2148
49 307
307 356
307 537
307 561
307 878
307 1906
307 2027
27 732
732 880
732 950
732 2070
732 2185
732 2195
732 2230
153 772
561 1312
22 68
68 922
68 996
68 1081
68 1151
68 1306
68 1466
68 2231
193 697
193 751
193 1897
193 1983
193 2174
193 2235
193 2236
157 655
372 655
642 655
655 834
655 945
655 1368
655 2061
28 733
363 733
733 1897
733 2001
733 2009
733 2035
733 2101
154 773
286 938
562 1313
23 69
69 922
69 997
69 1082
69 1152
69 1307
69 1468
69 2232
194 700
194 701
194 754
194 755
194 946
194 1896
194 1981
194 2171
194 2231
194 2236
195 702
195 756
195 947
195 1898
195 1982
195 2172
195 2232
195 2237
109 239
139 239
149 239
239 1244
239 1254
239 1299
239 1350
239 2149
156 656
439 656
440 656
637 656
638 656
656 831
656 941
656 1366
656 1386
656 2061
158 657
441 657
639 657
657 832
657 942
657 1367
657 1387
657 2062
29 735
30 735
362 735
735 1898
735 2002
735 2007
735 2032
735 2042
735 2102
155 774
287 939
563 1314
24 70
70 923
70 999
70 1083
70 1153
70 1308
70 1468
70 2233
128 196
196 284
196 948
196 1898
196 1984
196 2173
196 2233
196 2238
110 240
140 240
150 240
240 1245
240 1255
240 1300
240 1350
158 658
442 658
640 658
658 833
658 943
658 1369
658 1388
658 2063
156 775
288 940
19 142
19 197
19 659
19 670
19 691
19 1053
19 1099
31 142
142 248
142 504
142 978
142 1138
142 1293
142 2053
129 197
197 285
197 949
197 1899
197 1984
197 2175
197 2234
197 2239
159 659
443 659
641 659
659 835
659 944
659 1369
659 1389
659 2064
33 670
218 670
403 670
670 1713
670 1753
670 1764
670 1783
670 1828
52 691
289 691
691 1804
691 1895
691 1933
691 2061
691 2206
415 1053
457 1099
20 141
20 198
20 611
20 660
20 666
20 692
20 1051
20 1096
32 141
141 247
141 502
141 977
141 1138
141 1292
141 2052
127 198
198 283
198 950
198 1900
198 1985
198 2175
198 2240
349 611
611 1439
611 1519
611 1559
611 1599
611 1649
611 1940
160 660
444 660
642 660
660 835
660 1370
660 1390
660 2065
404 666
666 1405
666 1490
666 1620
666 1905
666 1935
666 2110
21 692
51 692
290 692
291 692
692 836
692 1801
692 1891
692 1931
692 2061
692 2207
458 1096
21 143
21 205
21 206
21 553
21 554
21 612
21 667
21 1052
21 1097
22 143
33 143
34 143
143 249
143 504
143 979
143 1139
143 1294
143 2054
102 205
205 342
205 687
205 1658
205 1686
205 1720
205 2079
49 206
50 206
181 206
182 206
206 686
206 1621
206 1656
206 1687
206 1716
206 2076
181 553
379 553
553 963
553 1160
553 1626
553 1727
553 2009
184 554
185 554
382 554
383 554
554 961
554 1046
554 1156
554 1627
554 1726
554 2006
350 612
612 1440
612 1520
612 1600
612 1650
612 1940
216 667
405 667
667 1714
667 1755
667 1763
667 1782
667 1826
459 1097
22 207
22 555
22 613
22 668
22 693
22 1054
22 1098
51 207
183 207
207 688
207 1622
207 1657
207 1687
207 1717
207 2077
186 555
384 555
555 962
555 1047
555 1157
555 1627
555 1728
555 2007
613 826
613 1543
613 1565
613 1737
613 1861
613 2184
31 668
217 668
406 668
668 1711
668 1751
668 1761
668 1781
668 1826
53 693
292 693
693 837
693 1802
693 1892
693 1932
693 2062
693 2207
23 1054
460 1098
23 144
23 208
23 556
23 614
23 669
23 694
23 1100
35 144
144 250
144 505
144 980
144 1140
144 1295
52 208
184 208
208 688
208 1623
208 1659
208 1688
208 1718
208 2078
26 556
500 556
556 964
556 1048
556 1158
556 1628
556 1728
556 2008
614 826
614 856
614 1541
614 1561
614 1736
614 1862
614 2181
32 669
217 669
407 669
669 1712
669 1752
669 1762
669 1783
669 1827
53 694
293 694
694 838
694 1803
694 1893
694 1934
694 2063
694 2208
24 1100
461 1100
462 1100
24 145
24 209
24 557
24 615
24 695
24 1055
36 145
145 261
145 326
145 370
145 1269
53 209
185 209
209 689
209 1624
209 1659
209 1689
209 1719
209 2080
25 557
499 557
557 964
557 1049
557 1159
557 1629
557 1729
557 2010
615 827
615 857
615 1542
615 1562
615 1738
615 1862
615 2182
54 695
294 695
695 839
695 1805
695 1894
695 1934
695 2064
695 2209
25 210
25 526
25 558
25 1123
25 1211
25 1755
54 210
186 210
210 690
210 1625
210 1660
210 1690
210 2080
26 526
457 526
458 526
526 783
526 908
526 988
526 1014
526 1038
526 1243
526 1893
27 558
28 558
501 558
502 558
558 965
558 1050
558 1630
558 1730
558 2010
445 1123
181 1211
26 224
26 230
26 931
26 1121
26 1212
26 1751
224 232
224 233
224 358
224 359
224 386
224 1477
224 1566
224 1656
224 1721
224 1871
146 230
221 230
230 372
230 564
230 851
230 1031
230 1522
230 1571
86 931
446 1121
27 1212
182 1212
183 1212
27 225
27 231
27 527
27 932
27 1122
27 1752
225 234
225 360
225 388
225 1477
225 1567
225 1657
225 1722
225 1872
147 231
222 231
231 254
231 350
231 852
231 1033
231 1522
231 1572
459 527
527 784
527 909
527 989
527 1014
527 1040
527 1244
527 1894
87 932
447 1122
28 226
28 232
28 528
28 933
28 1124
28 1213
28 1753
226 368
226 388
226 560
226 1478
226 1568
226 1659
226 1723
226 1873
148 232
232 255
232 351
232 853
232 1033
232 1523
232 1573
460 528
528 785
528 910
528 990
528 1015
528 1040
528 1245
88 933
29 1124
448 1124
449 1124
184 1213
29 227
29 233
29 529
29 559
29 934
29 1214
29 1754
227 367
227 389
227 559
227 1479
227 1569
227 1659
227 1724
227 1875
149 233
233 256
233 352
233 855
233 1034
233 1524
233 1574
461 529
529 628
529 1032
529 1210
529 1236
529 1506
529 1954
503 559
559 1231
559 1521
559 1714
559 1868
89 934
185 1214
671 1754
30 228
30 234
30 530
30 560
30 935
30 1125
30 1215
228 369
228 370
228 390
228 561
228 562
228 1480
228 1660
228 1725
228 1875
150 234
234 257
234 353
234 855
234 1035
234 1525
171 530
462 530
530 626
530 1031
530 1206
530 1236
530 1507
530 1951
306 560
504 560
560 1231
560 1522
560 1711
560 1866
90 935
450 1125
186 1215
31 151
31 261
31 314
31 435
31 1104
31 1133
86 151
151 157
151 181
151 538
151 742
151 1189
151 1485
32 261
146 261
177 261
261 313
261 907
261 922
261 942
261 1382
261 1422
263 314
314 427
314 479
314 1336
314 1616
314 1766
314 1841
314 1911
277 435
398 435
435 1132
435 1197
435 1407
435 1917
481 1104
433 1133
32 152
32 211
32 315
32 431
32 1101
32 1131
33 152
86 152
152 158
152 159
152 182
152 536
152 741
152 1186
152 1481
116 211
211 1817
211 1901
211 1974
211 1978
211 1986
211 2135
264 315
315 427
315 480
315 1337
315 1618
315 1767
315 1842
315 1912
431 514
431 649
431 1174
431 1195
431 1289
431 2134
482 1101
434 1131
33 212
33 262
33 316
33 432
33 1102
33 1132
117 212
212 316
212 1816
212 1902
212 1971
212 1976
212 1986
212 2131
147 262
178 262
262 313
262 908
262 923
262 943
262 1384
262 1423
38 316
316 428
316 1339
316 1618
316 1768
316 1843
316 1913
432 515
432 650
432 1175
432 1195
432 1290
483 1102
34 153
34 213
34 263
34 317
34 433
34 671
34 1103
34 1134
87 153
153 160
153 182
153 537
153 743
153 1187
153 1482
118 213
213 317
213 1818
213 1902
213 1972
213 1977
213 1987
213 2132
148 263
179 263
263 909
263 924
263 944
263 1384
263 1425
39 317
317 429
317 1339
317 1619
317 1770
317 1844
317 1914
397 433
433 1196
433 1409
433 1920
219 671
344 671
500 671
671 1715
671 1764
671 1784
671 1829
484 1103
35 1134
436 1134
437 1134
35 154
35 214
35 264
35 318
35 434
35 672
35 1105
88 154
154 161
154 183
154 539
154 743
154 1188
154 1483
119 214
214 318
214 1818
214 1903
214 1973
214 1979
214 1988
214 2133
149 264
180 264
264 910
264 925
264 1385
264 1425
40 318
318 430
318 1340
318 1620
318 1770
318 1915
276 434
396 434
434 1197
434 1406
434 1916
220 672
345 672
501 672
672 1715
672 1765
672 1785
672 1830
36 1105
485 1105
486 1105
36 155
36 215
36 254
36 265
36 374
36 1135
89 155
155 162
155 184
155 539
155 744
155 1190
155 1484
120 215
215 319
215 1819
215 1904
215 1975
215 1979
215 1989
215 2134
91 254
161 254
254 293
254 302
254 736
254 1356
254 1381
78 265
150 265
265 287
265 466
265 951
265 1454
265 1595
137 374
374 376
374 629
374 1106
374 1141
374 1176
374 1292
374 1791
438 1135
37 253
37 258
37 356
37 373
37 1772
37 1836
37 1954
37 2125
94 253
159 253
160 253
235 253
253 291
253 292
253 301
253 1356
253 1383
40 258
95 258
258 305
258 740
258 763
258 1360
258 1385
38 356
221 356
356 406
356 621
356 1621
356 1882
356 1961
356 1991
135 373
136 373
373 627
373 628
373 1106
373 1144
373 1178
373 1291
373 1795
715 1772
73 1836
43 2125
38 255
38 256
38 375
38 376
38 1771
38 1837
38 1951
38 2121
92 255
162 255
255 294
255 302
255 737
255 1357
255 1382
93 256
256 303
256 738
256 764
256 1358
256 1384
138 375
375 377
375 630
375 1107
375 1142
375 1177
375 1292
375 1792
376 378
376 458
376 1108
376 1143
376 1179
376 1293
376 1793
716 1771
39 1837
74 1837
75 1837
44 2121
39 257
39 357
39 377
39 1773
39 1952
39 2122
95 257
257 304
257 739
257 765
257 1359
257 1384
222 357
357 407
357 622
357 1622
357 1882
357 1963
357 1992
377 379
377 459
377 1109
377 1145
377 1179
377 1294
377 1794
40 1773
717 1773
718 1773
531 1952
45 2122
40 259
40 358
40 378
40 1838
40 1953
40 2123
41 259
259 312
259 766
259 767
259 906
259 921
259 945
259 1383
259 1424
358 408
358 623
358 1623
358 1883
358 1963
358 1993
378 380
378 460
378 1110
378 1145
378 1180
378 1295
76 1838
532 1953
46 2123
41 128
41 319
41 359
41 380
41 1774
41 1839
41 1955
41 2124
128 406
128 486
128 622
128 756
128 1076
319 341
319 722
319 751
319 1148
319 1249
319 1560
359 409
359 624
359 1624
359 1884
359 1964
359 1995
380 462
380 551
380 1166
380 1276
380 1361
380 2011
719 1774
77 1839
42 1955
533 1955
534 1955
47 2124
42 129
42 260
42 320
42 360
42 381
42 1775
42 1840
129 407
129 488
129 623
129 757
129 1077
176 260
260 768
260 906
260 922
260 941
260 1381
260 1421
216 320
320 341
320 721
320 752
320 1006
320 1146
320 1246
320 1556
312 360
360 625
360 1625
360 1885
360 1965
360 1995
133 381
134 381
381 552
381 643
381 644
381 1168
381 1277
381 1362
381 2012
720 1775
78 1840
43 130
43 167
43 339
43 382
43 403
43 916
43 1371
130 199
130 408
130 488
130 624
130 636
130 758
130 1078
119 167
167 181
167 299
167 329
167 340
167 544
167 814
167 1209
163 339
202 339
339 517
339 597
339 642
339 723
339 1502
135 382
382 645
382 1168
382 1278
382 1363
382 2013
403 409
403 412
403 1231
403 1326
403 1604
403 1683
499 916
44 1371
44 127
44 166
44 336
44 379
44 401
44 646
44 917
127 410
127 487
127 621
127 756
118 166
166 182
166 298
166 328
166 338
166 544
166 813
166 1208
164 336
336 355
336 525
336 640
336 745
336 845
336 970
379 461
379 1167
379 1361
379 2015
401 410
401 504
401 510
401 1164
401 1274
401 1469
401 1474
401 2034
383 646
428 646
646 708
646 1638
646 1644
646 1653
646 1688
646 1748
45 917
500 917
501 917
45 131
45 132
45 168
45 337
45 383
45 384
45 402
45 647
45 1372
131 199
131 409
131 489
131 710
131 759
131 1079
132 200
132 490
132 711
132 760
132 1080
46 168
120 168
168 183
168 184
168 300
168 330
168 340
168 545
168 815
165 337
201 337
337 518
337 641
337 722
337 1505
136 383
383 589
383 1169
383 1279
383 1364
383 2014
137 384
384 590
384 647
384 1170
384 1280
384 1365
402 411
402 505
402 510
402 1165
402 1275
402 1470
402 1475
429 647
647 710
647 1639
647 1644
647 1654
647 1689
647 1749
46 338
46 404
46 648
46 918
46 1373
201 338
338 516
338 596
338 642
338 721
338 1501
47 404
404 411
404 412
404 413
404 436
404 1231
404 1327
404 1601
404 1681
385 648
430 648
648 710
648 1640
648 1645
648 1690
648 1750
502 918
47 169
47 340
47 649
47 919
47 1374
169 185
169 801
169 1183
169 1229
169 1411
169 1532
169 2115
48 340
203 340
340 519
340 598
340 643
340 723
340 1503
649 719
649 850
649 1433
649 1461
649 2196
649 2217
503 919
48 170
48 405
48 650
48 920
48 1375
170 186
170 801
170 1151
170 1181
170 1226
170 1412
170 1531
170 2111
405 413
405 414
405 437
405 1232
405 1327
405 1602
405 1682
650 716
650 836
650 846
650 1431
650 1461
650 2197
650 2216
504 920
126 1375
49 665
49 701
49 873
49 889
49 1092
665 1404
665 1490
665 1619
665 1634
665 1904
665 1934
665 2109
429 701
457 701
484 701
701 1819
701 1854
701 1875
701 1879
451 873
289 889
50 312
50 661
50 702
50 871
50 886
50 976
50 1091
312 475
312 880
312 1910
312 1950
312 2030
661 1489
661 1617
661 1635
661 1901
661 1933
661 2106
51 702
430 702
458 702
459 702
702 1820
702 1855
702 1875
702 1880
452 871
290 886
140 976
51 662
51 686
51 872
51 887
51 977
51 1093
662 1401
662 1486
662 1616
662 1631
662 1902
662 1931
662 2106
470 686
686 706
686 791
686 1336
686 1957
686 2146
686 2156
453 872
291 887
52 1093
52 663
52 685
52 703
52 874
52 888
52 978
663 1402
663 1487
663 1618
663 1632
663 1902
663 1932
663 2107
522 685
570 685
685 709
685 791
685 1338
685 1956
685 2150
460 703
703 1223
703 1400
703 1859
703 1886
703 1906
703 2047
53 874
454 874
455 874
292 888
53 664
53 687
53 688
53 704
53 890
53 979
53 1094
551 664
664 1403
664 1488
664 1618
664 1633
664 1903
664 1934
664 2108
469 687
687 707
687 792
687 1337
687 1957
687 2147
687 2157
471 688
472 688
688 708
688 793
688 1339
688 1958
688 2148
688 2158
461 704
576 704
704 1221
704 1396
704 1856
704 1886
704 1907
704 2046
54 890
293 890
294 890
54 689
54 705
54 875
54 980
54 1095
473 689
689 710
689 794
689 1339
689 1959
689 2149
689 2159
462 705
577 705
705 1222
705 1397
705 1857
705 1887
705 1907
705 2048
456 875
126 1095
55 78
55 86
55 245
55 322
55 641
55 690
55 696
55 1144
78 1405
78 1435
78 1785
78 1815
78 1890
86 806
86 1106
86 1186
86 1251
86 1322
86 1841
64 245
164 245
245 284
245 517
245 715
245 779
245 824
245 1264
115 322
322 343
322 723
322 753
322 1008
322 1149
322 1248
322 1558
641 654
641 1004
641 1490
641 1584
641 1709
641 1734
474 690
690 710
690 795
690 1340
690 1960
690 2160
92 696
272 696
696 840
696 1805
696 1935
696 2065
696 2210
76 266
76 1403
76 1434
76 1783
76 1813
76 1833
76 1888
188 298
188 451
188 471
188 580
188 1636
188 1806
188 1866
188 1882
163 241
241 281
241 518
241 714
241 777
241 825
241 1261
116 321
321 342
321 723
321 752
321 1007
321 1147
321 1247
321 1557
642 1005
642 1490
642 1585
642 1710
77 267
77 1404
77 1434
77 1784
77 1815
77 1834
77 1889
87 808
87 1107
87 1187
87 1252
87 1322
87 1842
189 299
189 453
189 472
189 581
189 1637
189 1807
189 1867
189 1882
61 242
161 242
242 282
242 519
242 711
242 776
242 821
242 1261
117 323
118 323
323 344
323 724
323 754
323 1009
323 1149
323 1250
323 1559
79 268
79 269
79 884
79 1063
79 1496
79 1742
79 1861
79 1920
88 808
88 1108
88 1188
88 1254
88 1323
88 1843
190 300
190 453
190 473
190 582
190 1638
190 1808
190 1869
190 1883
62 243
162 243
243 282
243 520
243 712
243 778
243 822
243 1262
643 709
643 1643
643 1655
643 1686
643 1747
89 809
89 1109
89 1190
89 1254
89 1324
89 1844
191 454
191 475
191 698
191 752
191 1639
191 1809
191 1869
191 1884
63 244
164 244
244 283
244 521
244 713
244 778
244 823
244 1263
119 324
324 345
324 725
324 755
324 1010
324 1150
324 1250
341 644
644 706
644 1636
644 1641
644 1651
644 1687
644 1746
80 270
80 881
80 1061
80 1496
80 1661
80 1741
80 1862
80 1916
90 156
90 810
90 1110
90 1190
90 1255
90 1325
187 296
187 297
187 452
187 474
187 578
187 579
187 1806
187 1868
187 1881
120 325
287 325
325 393
325 561
325 575
325 766
325 1424
342 645
645 707
645 1637
645 1642
645 1652
645 1687
645 1748
61 362
61 477
61 756
61 899
61 991
61 1018
61 1530
71 362
362 486
362 491
362 541
362 566
362 711
82 477
271 477
313 477
477 1162
477 1177
477 1297
477 1452
477 2142
62 756
756 1960
756 2080
756 2105
756 2205
756 2215
451 899
415 991
289 1018
577 1530
62 363
62 456
62 476
62 896
62 992
62 1016
62 1526
72 363
363 488
363 492
363 542
363 567
363 709
302 456
456 900
456 975
456 1365
456 1475
456 1535
81 476
272 476
476 1162
476 1176
476 1296
476 1451
476 2141
452 896
63 992
290 1016
578 1526
63 364
63 457
63 478
63 757
63 897
63 1017
63 1527
73 364
364 488
364 544
364 568
364 712
364 713
364 736
364 737
303 457
457 905
457 1043
457 1067
64 478
83 478
273 478
274 478
313 478
478 1163
478 1179
478 1298
478 1453
478 2143
757 1978
757 2089
757 2100
757 2206
757 2212
757 2236
453 897
291 1017
579 1527
64 365
64 458
64 758
64 898
64 993
64 1019
64 1528
74 365
365 489
365 544
365 569
365 714
365 738
304 458
458 901
458 1041
458 1066
758 1976
758 2086
758 2096
758 2207
758 2211
758 2221
758 2236
454 898
65 1019
292 1019
293 1019
580 1528
65 246
65 366
65 459
65 479
65 759
65 900
65 994
65 1529
139 246
140 246
165 246
246 285
246 511
246 512
246 715
246 780
246 1265
75 366
146 366
366 368
366 490
366 545
305 459
459 902
459 1042
459 1068
84 479
275 479
479 1164
479 1179
479 1299
479 1455
479 2144
759 1977
759 2087
759 2097
759 2207
759 2213
759 2222
759 2237
455 900
581 1529
306 460
460 903
460 1044
460 1068
85 480
276 480
480 1165
480 1180
480 1300
480 1455
760 1979
760 2088
760 2098
760 2208
760 2213
760 2223
760 2238
294 1020
217 998
487 1081
488 1081
91 1309
397 1467
218 996
92 1306
398 1466
219 997
489 1082
171 1152
93 1307
399 1468
400 1468
71 999
220 999
221 999
490 1083
172 1153
94 1308
71 271
71 272
71 361
71 924
71 1084
71 1154
71 1310
71 1469
71 2234
109 271
110 271
271 301
271 302
271 533
271 1196
271 1229
271 1565
111 272
272 303
272 531
272 1197
272 1226
272 1561
361 487
361 543
361 570
361 710
491 1084
173 1154
72 1310
95 1310
72 273
72 925
72 1000
72 1085
72 1155
72 1470
112 273
273 304
273 532
273 697
273 1197
273 1227
273 1562
222 1000
492 1085
174 1155
73 274
73 1433
73 1782
73 1814
73 1835
73 1886
113 274
274 305
274 534
274 698
274 1198
274 1228
274 1563
367 1814
499 1835
74 1886
74 275
74 1401
74 1431
74 1781
74 1811
74 1831
114 275
275 306
275 534
275 699
275 1199
275 1230
275 1564
368 1811
500 1831
75 276
75 1402
75 1432
75 1783
75 1812
75 1832
75 1887
276 326
276 535
276 700
276 1200
276 1230
651 1432
369 1812
501 1832
266 286
266 466
266 952
266 1451
266 1591
652 1434
653 1434
370 1813
502 1833
706 1888
267 288
267 467
267 952
267 1452
267 1592
371 1815
372 1815
503 1834
707 1889
654 1435
708 1890
268 288
268 468
268 953
268 1453
268 1593
269 289
269 469
269 954
269 1455
269 1594
739 884
589 1496
590 1496
295 1742
270 290
270 470
270 955
270 1455
740 881
626 1661
296 1741
81 1862
81 464
81 882
81 1062
81 1497
81 1662
81 1743
81 1917
251 464
425 464
464 676
464 972
464 1041
464 1071
464 1446
464 1821
741 882
591 1497
627 1662
82 1743
297 1743
298 1743
82 465
82 883
82 1064
82 1498
82 1663
82 1863
82 1918
247 465
421 465
465 678
465 972
465 1042
465 1072
465 1447
465 1822
742 883
83 1064
592 1498
628 1663
616 1863
436 1918
83 466
83 885
83 1499
83 1664
83 1744
83 1864
83 1919
277 466
278 466
466 678
466 973
466 1044
466 1073
466 1448
466 1823
84 885
743 885
744 885
593 1499
629 1664
299 1744
617 1864
437 1919
84 467
84 1065
84 1500
84 1665
84 1745
84 1865
279 467
467 679
467 974
467 1044
467 1075
467 1449
467 1824
594 1500
630 1665
300 1745
618 1865
85 468
85 807
85 1106
85 1189
85 1253
85 1321
85 1845
280 468
468 680
468 975
468 1045
468 1075
468 1450
343 807
235 1253
511 1321
313 1845
344 806
512 1322
513 1322
345 808
346 808
514 1323
347 809
156 1190
515 1324
104 156
156 185
156 540
156 745
348 810
516 1325
91 116
91 766
91 1112
91 1148
91 1261
91 1380
116 164
116 248
116 391
116 636
116 752
116 786
766 2068
766 2128
766 2163
766 2168
766 2198
766 2223
301 1112
92 1261
92 117
92 767
92 1111
92 1146
92 1376
117 165
117 249
117 392
117 637
117 752
117 787
93 767
326 767
327 767
767 2069
767 2129
767 2165
767 2169
767 2199
767 2224
302 1111
93 118
93 697
93 1113
93 1147
93 1262
93 1377
118 250
118 394
118 638
118 753
118 788
426 697
485 697
697 1817
697 1851
697 1874
94 1113
303 1113
304 1113
94 115
94 698
94 768
94 1149
94 1263
94 1378
115 185
115 186
115 287
115 288
115 393
115 636
115 751
115 790
427 698
481 698
698 1816
698 1851
698 1871
698 1876
328 768
768 2070
768 2130
768 2165
768 2200
768 2225
95 1149
95 119
95 120
95 699
95 769
95 1114
95 1264
95 1379
119 251
119 394
119 639
119 754
119 789
120 252
120 395
120 640
120 755
192 699
427 699
482 699
699 1818
699 1852
699 1872
699 1877
329 769
305 1114
428 700
483 700
700 1818
700 1853
700 1873
700 1878
330 770
306 1115
114 181
181 765
201 847
201 987
201 1257
201 1317
201 1353
201 1702
107 447
247 447
447 1353
447 1447
447 2152
109 868
511 1344
223 1570
111 182
182 551
182 761
182 926
106 446
248 446
446 1351
446 1446
446 2151
284 606
606 860
606 895
606 1440
606 1730
606 1800
606 2175
110 866
512 1341
202 848
202 988
202 1259
202 1318
202 1353
202 1703
108 448
249 448
250 448
448 1353
448 1448
448 2153
285 607
346 607
607 1438
607 1517
607 1560
607 1646
607 1939
111 867
513 1342
112 183
183 552
183 762
183 927
203 849
203 989
203 1259
203 1319
203 1354
203 1704
286 608
346 608
608 1436
608 1516
608 1556
608 1596
608 1647
608 1936
101 869
112 869
113 869
514 1343
101 184
101 204
101 283
101 284
101 289
101 290
101 449
101 609
101 1345
101 1569
113 184
184 763
184 928
204 341
204 990
204 1260
204 1320
204 1355
204 1705
114 283
283 297
283 388
283 1575
111 284
284 296
284 389
284 1571
252 289
289 329
289 1395
251 290
290 330
290 596
290 1391
109 449
251 449
449 589
449 1354
449 1449
449 2154
287 609
347 609
609 1437
609 1518
609 1557
609 1597
609 1647
609 1937
102 1345
515 1345
516 1345
102 185
102 285
102 291
102 450
102 610
102 870
185 764
185 929
112 285
285 298
285 390
285 1572
291 481
291 482
291 499
291 500
291 597
291 1392
110 450
252 450
450 590
450 1355
450 1450
288 610
348 610
610 1439
610 1518
610 1558
610 1598
610 1648
610 1938
114 870
103 157
103 286
103 292
103 791
103 1968
103 2001
103 2139
103 2145
157 252
157 533
157 811
157 1219
157 1580
113 286
199 286
286 298
286 326
286 1573
292 483
292 501
292 598
292 1393
104 791
133 2139
475 2145
104 287
104 293
104 1846
104 1966
104 2002
104 2136
104 2141
199 287
287 299
287 1574
293 484
293 502
293 599
293 1394
674 1846
105 2002
134 2136
105 158
105 288
105 294
105 792
105 1847
105 1967
105 2137
105 2142
106 158
158 251
158 531
158 811
158 1006
158 1216
158 1576
200 288
288 300
288 327
288 328
294 485
294 503
294 600
675 1847
135 2137
106 793
106 1848
106 1969
106 2003
106 2138
106 2143
676 1848
107 1969
736 2003
136 2138
107 159
107 794
107 1849
107 2004
107 2140
107 2144
159 532
159 812
159 1007
159 1217
159 1577
677 1849
737 2004
108 2140
137 2140
138 2140
108 160
108 795
108 1850
108 1970
108 2005
160 534
160 813
160 1008
160 1218
160 1578
678 1850
636 1970
738 2005
109 726
109 777
109 1549
109 1720
277 726
726 1760
726 1995
726 2040
726 2130
726 2180
726 2205
505 1549
110 727
110 776
110 1076
110 1546
110 1716
111 727
278 727
279 727
727 878
727 2066
727 2115
727 2184
727 2192
727 2226
506 1546
111 778
111 1077
111 1547
111 1717
112 778
507 1547
112 728
112 1078
112 1548
112 1718
280 728
728 876
728 946
728 2066
728 2111
728 2181
728 2191
728 2227
508 1548
113 729
113 779
113 1079
113 1550
113 1719
281 729
729 877
729 947
729 2067
729 2112
729 2182
729 2193
729 2227
114 1550
509 1550
510 1550
114 730
114 780
114 1080
282 730
730 879
730 948
730 2068
730 2113
730 2183
730 2193
730 2228
186 295
186 577
186 930
393 567
393 627
393 827
393 1117
393 1492
393 1963
393 2162
636 1420
636 1780
636 1915
636 2020
751 1956
751 2079
751 2095
751 2101
751 2212
439 790
164 250
164 251
164 296
164 327
164 541
164 811
164 1206
161 248
248 341
248 352
248 461
248 514
248 1191
326 391
391 570
391 628
391 826
391 1116
391 1962
391 2164
752 1957
752 2076
752 2091
752 2101
752 2201
752 2211
440 786
165 252
165 298
165 327
165 542
165 812
165 1207
162 249
249 342
249 352
249 462
249 515
249 1192
327 392
392 566
392 626
392 826
392 1117
392 1491
392 1961
392 2161
637 1001
637 1489
637 1583
637 1707
637 1735
441 787
250 343
250 353
250 463
250 516
250 1193
328 394
329 394
394 568
394 629
394 828
394 1118
394 1493
394 1963
394 2163
638 651
638 1002
638 1486
638 1581
638 1706
638 1731
192 753
753 1957
753 2077
753 2092
753 2102
753 2202
753 2213
442 788
251 344
251 354
251 1195
639 652
639 1002
639 1487
639 1582
639 1708
639 1732
754 1958
754 2078
754 2093
754 2103
754 2203
754 2213
443 789
252 345
252 355
252 1195
330 395
395 569
395 629
395 829
395 1119
395 1494
395 1964
395 2165
640 653
640 1003
640 1488
640 1584
640 1708
640 1733
755 1959
755 2080
755 2094
755 2104
755 2204
755 2214
140 501
140 510
140 1136
140 1292
140 2051
481 1056
218 796
482 1057
483 1057
219 797
171 1182
139 503
139 509
139 1137
139 1291
139 2055
220 798
484 1058
172 1184
173 1184
247 341
341 519
341 599
341 724
341 1504
342 520
342 600
342 725
221 799
485 1059
126 1220
161 1220
162 1220
126 620
126 800
126 1060
126 1185
552 620
620 750
620 901
620 912
620 1601
620 1696
620 1826
620 2046
222 800
486 1060
174 1185
355 410
410 491
410 801
410 1166
410 1551
410 1702
410 2166
487 513
487 714
487 781
487 1302
487 2100
355 621
577 621
578 621
621 902
621 912
621 1602
621 1697
621 1827
621 2048
406 413
406 438
406 1233
406 1328
406 1603
406 1684
295 486
486 500
486 740
486 1070
579 622
622 903
622 913
622 1603
622 1699
622 1828
622 2048
407 414
407 439
407 1234
407 1329
407 1605
407 1684
488 511
488 711
488 782
488 1301
488 1551
488 2096
580 623
623 904
623 914
623 1605
623 1699
623 1829
623 2049
199 850
199 1258
199 1316
199 1352
199 1701
408 415
408 440
408 1235
408 1330
408 1605
408 1685
581 624
624 915
624 1605
624 1700
624 1830
624 2050
409 801
409 1167
409 1701
409 2170
489 512
489 712
489 782
489 1303
489 1552
489 2097
710 1417
710 1851
710 1941
710 2021
710 2051
200 846
200 986
200 1256
200 1316
200 1351
200 1702
490 514
490 713
490 783
490 1303
490 1553
490 2098
711 1417
711 1852
711 1943
711 2022
711 2052
133 372
133 712
133 1513
133 1595
133 1626
372 625
372 960
372 1510
372 1670
712 1418
712 1853
712 1943
712 2023
712 2053
517 1513
134 371
134 551
134 713
134 1511
134 1591
134 1611
134 1627
229 371
369 371
371 626
371 654
371 959
371 1509
371 1669
425 551
551 619
551 914
551 1929
551 2029
713 1419
713 1854
713 1944
713 2025
713 2054
518 1511
296 1611
135 1627
135 552
135 714
135 1512
135 1592
135 1612
425 552
552 915
552 1930
552 2030
714 1420
714 1855
714 1945
714 2025
519 1512
297 1612
136 235
136 505
136 1514
136 1593
136 1613
136 1628
235 349
235 1242
235 1296
235 1349
235 2150
505 1271
505 1283
505 1302
505 2095
137 1514
520 1514
521 1514
298 1613
137 506
137 507
137 1594
137 1614
137 1629
302 506
398 506
506 1271
506 1276
506 1281
506 1301
506 2091
303 507
399 507
507 1272
507 1277
507 1282
507 1303
507 2092
299 1614
138 385
138 508
138 1515
138 1615
138 1630
281 385
385 561
385 817
385 843
385 1039
385 1610
304 508
400 508
508 1273
508 1278
508 1284
508 1303
508 2093
522 1515
300 1615
397 503
503 674
503 1259
503 1270
301 509
397 509
509 1274
509 1279
509 1284
509 1304
509 2094
217 1137
709 2055
398 501
501 1257
501 1267
305 510
306 510
510 1275
510 1280
510 1285
510 1305
218 1136
163 247
247 351
247 513
247 1194
399 502
502 673
502 1259
502 1268
219 1138
220 1138
295 504
400 504
504 675
504 1260
504 1270
221 1139
222 1140
163 326
326 561
326 571
326 1421
367 370
368 370
370 653
370 958
370 1508
370 1669
499 1269
146 229
146 327
146 571
146 572
146 966
146 1266
223 229
229 563
229 854
229 1032
229 1521
229 1575
147 327
277 327
327 562
327 572
327 1422
424 571
571 626
571 1326
571 1395
571 1458
571 1537
421 572
441 572
572 627
572 1327
572 1391
572 1456
572 1536
500 1266
147 367
147 573
147 967
147 1267
367 369
367 956
367 1506
367 1668
328 573
422 573
442 573
573 628
573 1327
573 1392
573 1457
573 1538
148 328
148 368
148 574
148 968
148 1268
278 328
328 563
328 1423
368 651
368 956
368 1507
368 1666
329 574
423 574
443 574
574 629
574 1328
574 1393
574 1459
574 1538
149 329
149 369
149 575
149 969
149 1270
279 329
329 564
329 1425
369 652
369 957
369 1507
369 1667
425 575
444 575
575 625
575 1329
575 1394
575 1459
575 1539
150 1270
150 330
150 576
150 970
280 330
330 565
330 1425
350 576
425 576
445 576
576 1330
576 1460
576 1540
277 538
538 1443
538 1478
538 1483
538 1644
538 1708
538 1768
742 1088
742 1224
742 1388
742 1463
742 2188
742 2228
535 1485
278 536
306 536
536 1441
536 1477
536 1481
536 1641
536 1706
536 1766
741 1087
741 1222
741 1387
741 1462
741 2188
741 2227
279 537
537 1442
537 1477
537 1482
537 1642
537 1708
537 1767
743 1089
743 1224
743 1389
743 1464
743 2189
743 2229
161 534
161 814
161 1009
161 1579
280 539
281 539
539 1444
539 1479
539 1484
539 1644
539 1709
539 1770
162 535
162 815
162 1010
744 1225
744 1390
744 1465
744 2190
744 2230
282 540
540 1445
540 1480
540 1645
540 1710
540 1770
618 745
745 1996
745 2036
745 2059
745 2085
745 2192
174 533
533 629
533 1034
533 1209
533 1239
533 1509
163 811
172 531
531 627
531 1033
531 1207
531 1237
531 1507
173 532
532 629
532 1033
532 1208
532 1238
532 1508
175 534
534 630
534 1035
534 1240
534 1510
535 1441
535 1476
535 1643
535 1707
535 1769
163 297
163 543
163 1210
297 1682
297 1692
297 1787
297 1807
177 543
543 678
543 1087
543 1317
543 1407
543 1412
296 1681
296 1691
296 1786
296 1806
541 677
541 1090
541 1316
541 1409
541 1411
298 1684
298 1693
298 1788
298 1808
176 542
542 676
542 1086
542 1316
542 1406
542 1412
178 544
499 544
544 678
544 1088
544 1318
544 1408
544 1413
299 1684
299 1694
299 1790
299 1809
300 1685
300 1790
300 1810
179 545
499 545
545 679
545 1089
545 1319
545 1410
545 1414
451 1532
171 1412
452 1531
171 422
171 802
171 1227
171 1533
171 2112
346 422
386 422
422 461
422 746
422 1002
422 1971
411 802
172 1533
453 1533
454 1533
172 423
172 803
172 1228
172 1413
172 2113
347 423
388 423
423 462
423 747
423 1002
423 1972
412 803
173 424
173 804
173 1230
173 1414
173 1534
173 2114
348 424
388 424
424 463
424 749
424 1003
424 1973
413 804
174 1230
455 1534
174 425
174 805
174 1415
174 1535
349 425
389 425
425 749
425 1004
425 1975
414 805
175 426
175 1921
175 1939
175 1942
175 1983
175 1986
175 2120
313 426
350 426
390 426
426 750
426 1005
426 1975
349 1921
709 1942
176 1986
217 2120
176 1922
176 1936
176 1941
176 1946
176 1981
176 2116
177 1922
350 1922
351 1922
218 2116
177 1937
177 1943
177 1947
177 1982
177 1987
177 2117
178 1943
219 2117
178 1923
178 1938
178 1948
178 1984
178 1988
178 2118
352 1923
179 1984
220 2118
179 1924
179 1940
179 1944
179 1949
179 1989
179 2119
353 1924
180 1940
221 2119
180 1925
180 1945
180 1950
180 1985
180 1990
354 1925
216 1990
715 765
765 2067
765 2128
765 2162
765 2167
765 2197
765 2222
716 761
761 1979
761 2090
761 2099
761 2209
761 2214
761 2224
761 2239
512 926
717 762
762 1980
762 2090
762 2210
762 2215
762 2225
762 2240
513 927
718 763
763 2066
763 2127
763 2164
763 2170
763 2196
514 928
719 764
764 2066
764 2126
764 2161
764 2166
764 2197
764 2221
515 929
295 1683
295 1695
295 1789
295 1806
351 577
577 1458
577 1737
577 2059
516 930
452 589
452 972
452 1361
452 1471
452 2081
474 679
474 750
474 895
474 1430
474 1495
474 2090
352 578
578 706
578 1046
578 1456
578 1736
578 2056
353 579
579 707
579 1047
579 1457
579 1738
579 2057
355 1881
451 590
451 971
451 1361
451 2085
471 680
471 747
471 822
471 892
471 1427
471 1492
471 2087
354 580
580 708
580 1048
580 1459
580 1738
580 2058
453 591
453 592
453 972
453 1362
453 1472
453 2082
472 681
472 749
472 823
472 893
472 1428
472 1493
472 2088
343 581
427 581
581 1049
581 1459
581 1739
581 2060
561 1867
473 682
473 749
473 824
473 894
473 1429
473 1494
473 2090
344 582
345 582
428 582
429 582
582 625
582 1050
582 1460
582 1740
582 2060
562 1869
563 1869
454 593
454 973
454 1363
454 1473
454 2083
192 475
475 683
475 684
475 1161
475 1178
475 1296
475 1454
192 455
192 1640
192 1810
192 1870
192 1885
455 594
455 974
455 1364
455 1474
455 2084
564 1870
736 1898
737 1899
738 1900
499 1258
445 1352
524 986
500 1256
411 1702
651 847
525 987
652 848
412 1703
653 849
413 1704
414 1705
223 1658
421 1974
427 2135
428 2131
429 2132
430 2133
216 1975
216 715
216 1820
216 1905
216 1980
491 715
492 715
715 854
715 1926
715 2178
217 301
217 716
217 717
217 1249
217 1286
301 518
301 951
301 1160
590 716
716 851
716 1876
716 1926
716 2176
591 717
651 717
717 852
717 1877
717 1927
717 2177
218 1286
427 1286
428 1286
218 302
218 718
218 1246
219 302
302 516
302 952
302 1156
592 718
652 718
718 853
718 1878
718 1928
718 2179
219 719
219 1247
219 1287
589 719
719 855
719 1879
719 1929
719 2179
429 1287
220 303
220 720
220 1248
220 1288
303 517
303 952
303 1157
593 720
594 720
653 720
654 720
720 855
720 1880
720 1930
720 2180
430 1288
221 304
221 1250
221 1289
304 519
304 953
304 1158
222 1250
222 305
222 1290
305 519
305 954
305 1159
223 355
223 387
223 1476
223 1721
223 1874
355 1962
355 1994
282 387
387 421
387 562
387 818
387 842
387 1037
387 1607
565 1721
566 1721
282 386
386 561
386 816
386 841
386 1036
386 1606
388 563
388 818
388 844
388 1038
388 1608
567 1722
568 1723
389 564
389 819
389 844
389 1040
389 1609
569 1724
390 565
390 820
390 845
390 1040
561 1232
561 1522
561 1712
562 1233
562 1523
562 1713
570 1725
563 1234
563 1524
563 1715
564 1235
564 1525
564 1715
350 1366
350 2016
350 2071
350 2106
351 1367
351 2018
351 2072
351 2107
352 1369
352 2018
352 2073
352 2108
353 1369
353 2019
353 2075
353 2109
349 1368
349 2017
349 2074
349 2106
523 1242
277 1349
524 1241
278 1346
525 1243
279 1347
280 1348
281 1350
282 1350
281 469
281 819
281 1654
436 518
518 591
518 682
518 1441
518 1776
469 825
282 470
282 820
437 519
519 593
519 682
519 1442
519 1777
470 821
306 520
438 520
520 593
520 683
520 1443
520 1778
344 521
439 521
521 594
521 684
521 1444
521 1780
517 592
517 681
517 1441
517 1779
428 511
485 511
511 1172
511 1283
429 512
481 512
512 1171
512 1281
427 513
482 513
513 1173
513 1282
427 1194
461 904
461 1044
461 1069
430 514
483 514
491 514
514 1173
514 1284
428 1191
462 1045
462 1070
484 515
492 515
515 1174
515 1284
429 1192
343 524
343 1013
343 1356
343 1635
463 677
463 971
463 1043
463 1074
463 1446
463 1825
516 1175
516 1285
430 1193
344 1011
344 1356
344 1631
354 1370
354 2020
354 2075
354 2110
345 522
345 1012
345 1357
345 1632
482 736
736 2008
736 2033
736 2043
736 2103
483 737
737 2010
737 2034
737 2044
737 2104
484 738
738 2010
738 2045
738 2105
346 1358
485 739
739 1090
739 1223
739 1461
739 2187
739 2226
347 1359
740 1086
740 1221
740 1386
740 1461
740 2186
740 2227
348 1360
523 906
524 906
313 1338
313 1617
313 1769
313 1911
525 907
469 748
469 891
469 1426
469 2089
470 746
470 891
470 1427
470 1491
470 2086
306 955
436 1198
616 1563
437 1199
617 1564
438 1200
277 817
277 1655
278 436
278 816
278 1651
398 436
436 1408
279 437
279 818
279 1652
399 437
437 1410
280 818
280 438
280 1653
400 438
438 1410
596 1201
596 1427
596 1581
596 1586
596 1606
596 1746
596 1801
481 1067
481 1400
482 1066
482 1396
484 499
485 499
597 1202
597 1427
597 1582
597 1587
597 1607
597 1748
597 1802
483 1068
483 1397
598 1203
598 1428
598 1584
598 1588
598 1608
598 1748
598 1803
484 1068
484 1398
599 1204
599 1429
599 1584
599 1589
599 1609
599 1749
599 1805
485 1069
485 1399
600 1205
600 1430
600 1585
600 1590
600 1750
600 1805
415 1695
673 1789
674 1786
675 1787
676 1788
677 1790
678 1790
706 1908
707 1909
708 1910
427 1172
428 1171
429 1173
430 1173
722 1757
722 1991
722 2011
722 2036
722 2126
722 2176
722 2201
721 1756
721 1994
721 2015
721 2036
721 2127
721 2178
723 1757
723 1992
723 2012
723 2037
723 2128
723 2177
723 2202
724 1758
724 1993
724 2013
724 2038
724 2128
724 2179
724 2203
725 1759
725 1995
725 2014
725 2039
725 2129
725 2179
725 2204
565 681
565 963
565 1505
565 1517
565 2024
524 782
524 1011
524 1036
524 1891
440 522
522 595
522 1445
522 1780
346 523
523 781
523 1013
523 1039
523 1895
347 525
348 525
525 782
525 1012
525 1037
525 1892
566 1501
567 1502
568 1503
569 1504
346 421
346 673
346 1014
346 1633
421 748
421 1001
673 1026
673 1698
673 1825
673 1996
673 2187
347 1014
347 674
347 1634
674 1026
674 1696
674 1821
674 1997
674 2186
348 675
348 1015
675 1027
675 1697
675 1822
675 1997
675 2188
439 2074
440 2071
441 2072
442 2073
443 2075
444 2075
625 834
625 1201
625 1673
625 1796
396 1965
445 570
570 965
570 1520
570 2025
491 784
491 1304
491 1554
491 2099
441 566
566 682
566 961
566 1516
566 2021
411 492
492 785
492 1305
492 1555
442 567
567 682
567 962
567 1518
567 2022
709 1416
709 1851
709 2024
443 568
568 683
568 964
568 1518
568 2023
444 569
569 684
569 964
569 1519
569 2025
589 1668
651 837
651 1462
651 2197
651 2218
590 1666
652 838
652 1463
652 2198
652 2218
591 1667
653 839
653 1464
653 2199
653 2219
592 1669
593 1669
626 831
626 1201
626 1671
626 1797
654 840
654 1465
654 2200
654 2220
594 1670
627 832
627 1202
627 1672
627 1797
628 833
628 1203
628 1674
628 1798
629 835
629 1204
629 1674
629 1799
396 630
630 835
630 1205
630 1675
630 1800
411 1168
412 1168
589 1116
413 1169
590 1117
590 1586
414 1170
595 1610
591 1117
616 828
592 1118
617 829
593 1119
396 2165
396 830
396 1120
396 1495
618 830
594 1120
397 415
397 1161
397 1271
397 2035
415 1074
398 1271
398 1162
398 1471
398 2031
399 1162
399 1272
399 1472
399 2032
400 1163
400 1273
400 1473
400 2033
411 1552
411 2167
412 1553
412 2168
619 1604
413 1554
413 2169
414 1555
439 592
439 1646
439 1673
440 591
440 1021
440 1647
440 1671
619 748
748 1998
748 2038
748 2043
748 2058
748 2083
748 2193
616 746
746 1997
746 2036
746 2041
746 2056
746 2081
746 2191
617 747
747 1997
747 2037
747 2042
747 2057
747 2082
747 2193
619 749
749 1999
749 2039
749 2044
749 2060
749 2084
749 2194
750 2000
750 2040
750 2045
750 2060
750 2195
592 1588
591 1587
441 1647
441 593
441 1022
441 1672
442 593
593 1589
442 1023
442 1648
442 1674
443 1674
443 594
443 1024
443 1649
594 1590
444 595
444 1025
444 1650
444 1675
595 1201
595 1426
595 1583
595 1747
595 1804
445 1446
445 2155
679 2155
680 2151
681 2152
682 2153
683 2154
619 905
677 1029
677 1699
677 1824
677 1999
677 2189
676 1028
676 1699
676 1823
676 1998
676 2188
678 1030
678 1700
678 2000
678 2190
679 1026
679 1756
679 1763
679 2217
680 1026
680 1757
680 1761
680 2156
680 2216
681 1027
681 1757
681 1762
681 2157
681 2218
682 1028
682 1758
682 1764
682 2158
682 2218
683 1029
683 1759
683 1764
683 2159
683 2219
684 1030
684 1760
684 1765
684 2160
684 2220
706 1398
707 1399
706 1858
707 1860
708 1860
618 860
618 1545
618 1740
618 2185
619 911
616 858
616 1544
616 1738
616 2183
617 859
617 1544
617 1739
617 2185
619 1698
619 1826
619 2047
706 1224
706 2048
707 1224
707 2049
708 1225
708 2050
