1 2
1 3
1 4
1 5
1 10
1 13
1 15
1 21
1 22
1 28
1 29
1 32
1 34
1 37
1 52
1 53
1 60
1 69
1 73
1 82
1 100
1 120
1 130
1 151
1 154
1 158
1 165
1 172
1 187
1 214
1 223
1 235
1 241
1 275
1 289
1 290
1 309
1 327
1 355
1 378
1 435
1 444
1 454
1 482
1 500
1 515
1 545
1 546
1 549
1 551
1 564
1 578
1 588
1 656
1 664
1 675
1 684
1 704
1 710
1 748
1 756
1 757
1 775
1 814
1 816
1 859
1 889
1 900
1 911
1 916
1 956
1 1019
1 1075
1 1139
1 1151
1 1152
1 1170
1 1176
1 1194
1 1250
1 1264
1 1281
1 1310
1 1344
1 1351
1 1381
1 1395
1 1401
1 1414
1 1418
1 1479
1 1545
1 1590
1 1601
1 1657
1 1705
1 1726
1 1728
1 1807
1 1841
1 1918
2 3
2 4
2 6
2 7
2 9
2 10
2 11
2 14
2 18
2 20
2 22
2 24
2 26
2 29
2 30
2 35
2 38
2 48
2 53
2 56
2 60
2 66
2 74
2 83
2 121
2 122
2 123
2 126
2 129
2 135
2 141
2 146
2 169
2 183
2 188
2 196
2 207
2 221
2 225
2 226
2 231
2 244
2 249
2 259
2 260
2 267
2 283
2 284
2 297
2 313
2 325
2 332
2 333
2 338
2 363
2 377
2 387
2 388
2 389
2 428
2 473
2 479
2 497
2 510
2 520
2 522
2 528
2 530
2 560
2 563
2 583
2 600
2 641
2 668
2 685
2 692
2 712
2 728
2 790
2 804
2 809
2 820
2 825
2 831
2 887
2 888
2 910
2 919
2 923
2 941
2 953
2 979
2 999
2 1047
2 1048
2 1076
2 1077
2 1103
2 1142
2 1244
2 1246
2 1262
2 1266
2 1268
2 1304
2 1331
2 1360
2 1365
2 1379
2 1389
2 1406
2 1409
2 1413
2 1428
2 1429
2 1455
2 1479
2 1501
2 1503
2 1504
2 1510
2 1538
2 1545
2 1562
2 1580
2 1601
2 1623
2 1624
2 1680
2 1705
2 1730
2 1732
2 1740
2 1743
2 1746
2 1749
2 1760
2 1782
2 1805
2 1858
2 1878
2 1884
2 1955
2 1982
2 1999
3 4
3 5
3 6
3 7
3 8
3 11
3 12
3 15
3 16
3 18
3 20
3 21
3 24
3 25
3 31
3 34
3 36
3 45
3 48
3 49
3 55
3 56
3 61
3 63
3 65
3 67
3 69
3 70
3 71
3 75
3 81
3 82
3 85
3 97
3 99
3 102
3 105
3 109
3 113
3 118
3 120
3 122
3 124
3 125
3 136
3 137
3 147
3 152
3 154
3 156
3 158
3 159
3 160
3 164
3 167
3 180
3 185
3 209
3 224
3 249
3 251
3 259
3 263
3 270
3 287
3 288
3 301
3 303
3 307
3 309
3 327
3 328
3 348
3 356
3 359
3 365
3 370
3 383
3 392
3 398
3 422
3 427
3 435
3 437
3 455
3 475
3 483
3 490
3 497
3 504
3 512
3 537
3 539
3 553
3 568
3 598
3 609
3 617
3 619
3 642
3 653
3 668
3 683
3 694
3 768
3 774
3 780
3 796
3 803
3 823
3 849
3 895
3 908
3 946
3 974
3 976
3 987
3 1011
3 1055
3 1103
3 1110
3 1117
3 1188
3 1212
3 1218
3 1283
3 1290
3 1343
3 1346
3 1351
3 1407
3 1432
3 1445
3 1467
3 1505
3 1513
3 1514
3 1562
3 1591
3 1610
3 1700
3 1713
3 1729
3 1730
3 1757
3 1760
3 1780
3 1809
3 1826
3 1840
3 1847
3 1874
3 1948
3 1954
3 1968
3 1979
3 1995
4 5
4 6
4 7
4 8
4 9
4 10
4 11
4 12
4 13
4 14
4 15
4 17
4 18
4 21
4 23
4 25
4 26
4 28
4 29
4 31
4 33
4 34
4 36
4 39
4 41
4 42
4 43
4 44
4 48
4 50
4 51
4 54
4 56
4 57
4 58
4 59
4 63
4 66
4 72
4 73
4 75
4 77
4 78
4 79
4 80
4 84
4 85
4 87
4 90
4 92
4 93
4 94
4 95
4 96
4 98
4 102
4 103
4 104
4 105
4 108
4 110
4 112
4 119
4 120
4 121
4 128
4 130
4 132
4 134
4 137
4 138
4 141
4 144
4 146
4 153
4 155
4 160
4 163
4 164
4 176
4 178
4 179
4 183
4 186
4 187
4 189
4 190
4 192
4 196
4 197
4 200
4 201
4 207
4 209
4 211
4 217
4 218
4 220
4 221
4 232
4 244
4 248
4 253
4 255
4 260
4 261
4 267
4 270
4 271
4 272
4 275
4 282
4 287
4 289
4 292
4 297
4 298
4 300
4 302
4 308
4 310
4 316
4 317
4 319
4 321
4 323
4 327
4 343
4 352
4 353
4 360
4 365
4 370
4 377
4 380
4 383
4 385
4 387
4 388
4 390
4 404
4 410
4 425
4 433
4 436
4 441
4 448
4 449
4 452
4 456
4 459
4 465
4 474
4 475
4 481
4 492
4 495
4 503
4 522
4 528
4 533
4 543
4 550
4 552
4 553
4 557
4 562
4 567
4 579
4 591
4 594
4 595
4 606
4 620
4 622
4 624
4 629
4 643
4 660
4 669
4 686
4 704
4 709
4 711
4 713
4 715
4 716
4 730
4 742
4 743
4 750
4 760
4 766
4 779
4 780
4 798
4 799
4 824
4 840
4 843
4 852
4 856
4 858
4 865
4 869
4 872
4 880
4 891
4 893
4 901
4 902
4 950
4 953
4 957
4 966
4 980
4 989
4 994
4 1000
4 1007
4 1025
4 1028
4 1031
4 1033
4 1037
4 1041
4 1045
4 1060
4 1061
4 1068
4 1070
4 1074
4 1085
4 1100
4 1104
4 1109
4 1122
4 1150
4 1155
4 1163
4 1168
4 1177
4 1200
4 1207
4 1214
4 1215
4 1232
4 1234
4 1241
4 1248
4 1268
4 1282
4 1286
4 1298
4 1305
4 1315
4 1337
4 1359
4 1373
4 1383
4 1389
4 1392
4 1394
4 1396
4 1407
4 1410
4 1431
4 1446
4 1448
4 1451
4 1454
4 1469
4 1475
4 1481
4 1485
4 1518
4 1547
4 1565
4 1616
4 1617
4 1624
4 1632
4 1634
4 1655
4 1657
4 1662
4 1663
4 1668
4 1672
4 1673
4 1678
4 1686
4 1694
4 1730
4 1751
4 1754
4 1780
4 1781
4 1794
4 1800
4 1812
4 1839
4 1840
4 1848
4 1861
4 1871
4 1880
4 1885
4 1902
4 1910
4 1911
4 1922
4 1924
4 1934
4 1935
4 1944
4 1946
4 1947
4 1956
4 1959
4 1964
4 1985
4 1990
5 8
5 15
5 16
5 20
5 24
5 27
5 28
5 34
5 37
5 39
5 45
5 48
5 49
5 52
5 67
5 68
5 69
5 77
5 81
5 82
5 139
5 145
5 148
5 151
5 155
5 165
5 171
5 188
5 214
5 215
5 217
5 236
5 238
5 249
5 258
5 277
5 278
5 303
5 307
5 340
5 360
5 361
5 362
5 367
5 368
5 371
5 385
5 394
5 400
5 407
5 438
5 443
5 449
5 459
5 482
5 484
5 516
5 524
5 526
5 535
5 575
5 578
5 582
5 603
5 634
5 637
5 649
5 673
5 676
5 680
5 707
5 710
5 727
5 764
5 774
5 778
5 791
5 805
5 807
5 828
5 874
5 900
5 912
5 972
5 973
5 991
5 1001
5 1004
5 1033
5 1088
5 1101
5 1116
5 1236
5 1245
5 1272
5 1281
5 1296
5 1338
5 1349
5 1362
5 1396
5 1404
5 1417
5 1491
5 1615
5 1638
5 1697
5 1730
5 1742
5 1772
5 1778
5 1833
5 1841
5 1982
5 1987
7 10
9 10
10 13
10 22
10 25
10 30
10 32
10 55
10 66
10 72
10 83
10 89
10 96
10 100
10 103
10 117
10 126
10 169
10 180
10 183
10 186
10 192
10 223
10 228
10 231
10 242
10 298
10 300
10 313
10 355
10 360
10 379
10 403
10 413
10 446
10 450
10 463
10 494
10 540
10 547
10 571
10 604
10 609
10 620
10 637
10 639
10 675
10 682
10 684
10 750
10 757
10 785
10 792
10 814
10 910
10 950
10 971
10 1045
10 1157
10 1170
10 1195
10 1224
10 1310
10 1321
10 1391
10 1442
10 1455
10 1519
10 1578
10 1580
10 1654
10 1659
10 1663
10 1708
10 1756
10 1773
10 1790
10 1841
10 1936
11 13
12 13
13 14
13 19
13 22
13 23
13 25
13 32
13 43
13 50
13 55
13 57
13 58
13 72
13 96
13 101
13 112
13 117
13 127
13 129
13 144
13 163
13 187
13 235
13 255
13 313
13 314
13 320
13 371
13 389
13 437
13 457
13 468
13 474
13 489
13 495
13 506
13 513
13 548
13 572
13 584
13 589
13 640
13 656
13 708
13 795
13 830
13 843
13 847
13 848
13 901
13 902
13 1022
13 1079
13 1151
13 1157
13 1176
13 1180
13 1193
13 1256
13 1271
13 1285
13 1313
13 1327
13 1329
13 1341
13 1348
13 1414
13 1453
13 1499
13 1523
13 1541
13 1547
13 1556
13 1606
13 1650
13 1654
13 1682
13 1740
13 1769
13 1779
13 1790
13 1889
13 1911
13 1927
13 1962
13 1964
11 15
12 15
15 37
15 39
15 47
15 67
15 68
15 69
15 71
15 97
15 120
15 164
15 189
15 190
15 229
15 246
15 261
15 276
15 285
15 360
15 418
15 424
15 536
15 638
15 714
15 722
15 730
15 756
15 758
15 838
15 850
15 862
15 871
15 977
15 998
15 1038
15 1062
15 1075
15 1087
15 1189
15 1263
15 1342
15 1405
15 1509
15 1524
15 1531
15 1536
15 1622
15 1658
15 1713
15 1731
15 1780
15 1792
11 21
14 21
21 33
21 49
21 51
21 64
21 69
21 118
21 130
21 158
21 165
21 269
21 283
21 288
21 290
21 306
21 354
21 385
21 391
21 451
21 477
21 512
21 515
21 519
21 546
21 548
21 598
21 649
21 664
21 763
21 796
21 870
21 909
21 1128
21 1141
21 1229
21 1253
21 1369
21 1414
21 1582
21 1700
21 1706
21 1753
21 1765
21 1797
21 1923
12 22
19 22
22 60
22 100
22 192
22 313
22 585
22 756
22 792
22 852
22 1256
22 1740
22 1885
12 28
17 28
28 29
28 39
28 43
28 44
28 51
28 59
28 64
28 109
28 143
28 176
28 200
28 207
28 214
28 227
28 241
28 295
28 341
28 347
28 361
28 367
28 371
28 380
28 393
28 400
28 414
28 444
28 447
28 466
28 482
28 536
28 566
28 615
28 619
28 621
28 660
28 662
28 685
28 701
28 745
28 782
28 811
28 813
28 826
28 878
28 1004
28 1005
28 1041
28 1084
28 1122
28 1247
28 1344
28 1376
28 1555
28 1577
28 1701
28 1763
28 1768
28 1771
28 1773
28 1816
28 1825
28 1940
28 1987
8 29
26 29
29 30
29 33
29 40
29 81
29 112
29 121
29 139
29 153
29 157
29 167
29 171
29 177
29 200
29 227
29 241
29 247
29 250
29 263
29 289
29 308
29 317
29 347
29 348
29 368
29 376
29 425
29 539
29 564
29 577
29 602
29 605
29 615
29 726
29 732
29 745
29 770
29 801
29 804
29 815
29 819
29 886
29 913
29 976
29 987
29 991
29 1004
29 1046
29 1066
29 1119
29 1133
29 1189
29 1191
29 1264
29 1435
29 1444
29 1449
29 1461
29 1472
29 1536
29 1558
29 1572
29 1609
29 1642
29 1737
29 1742
29 1763
29 1768
29 1775
29 1798
29 1834
29 1852
29 1884
6 32
18 32
26 32
32 38
32 70
32 107
32 132
32 226
32 239
32 254
32 272
32 311
32 410
32 512
32 544
32 554
32 652
32 675
32 726
32 750
32 825
32 981
32 984
32 1000
32 1056
32 1153
32 1157
32 1176
32 1251
32 1252
32 1276
32 1291
32 1499
32 1601
32 1603
32 1675
32 1719
32 1790
7 34
8 34
34 37
34 45
34 49
34 55
34 62
34 78
34 86
34 109
34 154
34 175
34 194
34 209
34 215
34 216
34 222
34 265
34 277
34 280
34 310
34 386
34 399
34 400
34 405
34 407
34 443
34 511
34 519
34 521
34 526
34 596
34 683
34 697
34 724
34 733
34 834
34 866
34 885
34 889
34 911
34 1039
34 1059
34 1075
34 1090
34 1253
34 1283
34 1286
34 1380
34 1381
34 1419
34 1432
34 1443
34 1490
34 1541
34 1591
34 1631
34 1689
34 1709
34 1716
34 1755
34 1758
34 1828
34 1850
34 1908
34 1941
34 1971
37 39
37 47
37 52
37 53
37 73
37 78
37 145
37 148
37 165
37 171
37 172
37 174
37 181
37 194
37 213
37 234
37 258
37 266
37 308
37 350
37 498
37 504
37 612
37 747
37 765
37 784
37 787
37 791
37 892
37 922
37 1038
37 1052
37 1250
37 1417
37 1446
37 1647
37 1755
37 1806
37 1814
37 1833
37 1998
37 2000
8 52
11 52
14 52
52 53
52 71
52 78
52 135
52 151
52 174
52 185
52 234
52 246
52 350
52 648
52 656
52 658
52 778
52 791
52 814
52 817
52 842
52 845
52 906
52 934
52 982
52 1068
52 1079
52 1279
52 1331
52 1386
52 1395
52 1501
52 1571
52 1939
6 53
20 53
53 73
53 78
53 182
53 188
53 191
53 225
53 363
53 396
53 473
53 542
53 657
53 906
53 948
53 1166
53 1379
53 1395
53 1415
53 1786
53 1805
6 60
35 60
60 100
60 264
60 345
60 389
60 585
60 654
60 690
60 756
60 956
60 1246
60 1545
60 1653
60 1738
60 1772
60 1878
60 1957
60 1982
12 69
69 82
69 99
69 130
69 133
69 258
69 288
69 327
69 449
69 500
69 649
69 871
69 894
69 900
69 1087
69 1263
69 1270
69 1369
69 1582
69 1762
69 1780
69 1921
69 1954
69 1965
69 1994
11 73
57 73
73 141
73 172
73 181
73 274
73 353
73 454
73 503
73 588
73 591
73 704
73 799
73 860
73 868
73 900
73 990
73 1019
73 1024
73 1155
73 1267
73 1312
73 1316
73 1465
73 1568
73 1585
73 1636
73 1721
81 82
82 327
82 378
82 449
82 484
82 650
82 710
82 859
82 1139
82 1387
82 1994
6 100
35 100
100 192
100 223
100 264
100 345
100 450
100 585
100 629
100 706
100 739
100 942
100 975
100 1298
100 1371
100 1595
100 1654
100 1696
100 1770
100 1821
16 120
24 120
120 138
120 142
120 150
120 164
120 180
120 237
120 340
120 470
120 558
120 753
120 839
120 1075
120 1657
85 130
103 130
130 140
130 165
130 173
130 196
130 204
130 288
130 291
130 357
130 391
130 434
130 509
130 510
130 593
130 666
130 667
130 681
130 774
130 788
130 812
130 1087
130 1108
130 1118
130 1152
130 1168
130 1194
130 1243
130 1373
130 1387
130 1550
130 1904
130 1953
130 1972
17 151
31 151
127 151
151 270
151 323
151 324
151 329
151 346
151 441
151 442
151 464
151 480
151 633
151 778
151 814
151 842
151 939
151 1160
151 1279
151 1281
151 1357
151 1404
151 1924
9 154
16 154
61 154
154 184
154 213
154 303
154 911
154 1381
154 1606
154 1626
40 158
46 158
101 158
158 162
158 195
158 275
158 322
158 331
158 339
158 435
158 512
158 515
158 549
158 551
158 566
158 646
158 754
158 1148
158 1180
158 1210
158 1280
158 1319
158 1590
158 1635
158 1700
158 1853
158 1904
158 1956
49 165
165 171
165 174
165 290
165 354
165 702
165 763
165 842
165 991
165 1106
165 1152
165 1370
165 1372
165 1421
165 1697
165 1759
165 1797
9 172
79 172
125 172
172 181
172 274
172 351
172 454
172 493
172 787
172 799
172 828
172 890
172 892
172 940
172 1155
172 1250
172 1795
27 187
41 187
91 187
187 223
187 235
187 275
187 309
187 456
187 662
187 696
187 833
187 920
187 983
187 1073
187 1203
187 1237
187 1272
187 1541
187 1655
187 1916
187 1964
9 214
19 214
46 214
214 371
214 438
214 452
214 482
214 525
214 578
214 748
214 762
214 1029
214 1067
214 1264
214 1317
214 1352
214 1538
214 1563
214 1625
214 1744
214 1773
214 1807
214 1825
41 223
91 223
223 355
223 450
223 620
223 629
223 645
223 775
223 833
223 911
223 994
223 1305
223 1771
223 1823
223 1947
27 235
91 235
235 309
235 456
235 520
235 656
235 662
235 793
235 834
235 920
235 927
235 1073
235 1541
235 1559
235 1576
235 1782
235 1961
61 241
85 241
173 241
241 254
241 279
241 347
241 444
241 466
241 826
241 851
241 1051
241 1467
241 1852
40 275
46 275
275 331
275 1095
275 1148
275 1295
275 1584
275 1635
275 1956
6 289
50 289
59 289
289 318
289 342
289 564
289 704
289 712
289 816
289 860
289 1002
289 1400
289 1711
40 290
262 290
284 290
290 293
290 354
290 541
290 546
290 702
290 1254
290 1525
290 1529
12 309
25 309
309 456
309 538
309 834
309 1108
309 1610
56 327
327 378
327 500
327 545
327 684
327 894
327 916
327 1091
17 355
98 355
265 355
355 716
355 775
355 988
355 1250
355 1310
355 1368
355 1401
355 1607
8 378
77 378
80 378
378 432
378 502
378 684
378 859
378 1008
378 1387
378 1500
378 1508
103 435
196 435
435 510
435 626
435 1227
435 1351
435 1355
435 1479
435 1609
435 1904
78 444
95 444
311 444
444 466
444 490
444 621
444 690
444 720
444 851
444 862
444 899
444 1161
444 1211
444 1510
444 1677
8 454
121 454
263 454
454 588
454 669
454 799
454 860
454 868
454 1024
454 1212
454 1267
454 1312
454 1497
454 1525
454 1743
454 1858
454 1965
454 1997
39 482
67 482
482 524
482 748
482 874
482 973
482 1102
482 1161
482 1344
482 1349
482 1491
482 1641
482 1724
482 1726
482 1825
161 500
257 500
423 500
500 545
500 617
500 889
500 894
500 914
500 1044
500 1091
500 1226
500 1708
500 1728
103 515
128 515
253 515
515 549
515 664
515 781
515 879
515 1050
515 1112
515 1253
515 1369
515 1418
515 1573
515 1705
44 545
87 545
487 545
545 889
545 916
545 1030
545 1091
545 1226
545 1805
545 1977
111 546
183 546
393 546
546 616
546 705
546 751
546 1423
26 549
222 549
464 549
549 551
549 563
549 754
549 815
549 1151
549 1244
549 1418
26 551
70 551
488 551
551 754
551 1151
551 1590
551 1904
27 564
45 564
88 564
564 586
564 816
564 1192
564 1969
92 578
132 578
160 578
578 1264
578 1421
578 1841
30 588
33 588
366 588
588 773
588 860
588 900
588 930
588 1096
588 1743
350 656
648 656
656 1068
656 1569
656 1613
110 664
225 664
476 664
664 947
664 1069
664 1253
664 1414
664 1705
664 1717
664 1765
177 675
395 675
534 675
675 757
675 956
675 1803
30 684
682 684
684 950
684 1936
503 704
591 704
704 1568
186 710
228 710
540 710
710 763
710 883
710 1282
710 1347
710 1353
710 1571
710 1854
57 748
65 748
294 748
748 1016
748 1807
418 756
722 756
756 1345
756 1524
87 757
346 757
608 757
757 846
757 956
757 1170
757 1194
757 1321
757 1803
757 1866
24 775
138 775
142 775
775 911
775 994
775 1130
775 1250
775 1918
775 1963
494 814
639 814
814 842
814 1524
814 1567
72 816
101 816
301 816
816 1877
41 859
76 859
157 859
859 1139
859 1387
194 889
866 889
889 1226
889 1557
889 1591
889 1728
449 900
900 1019
900 1636
900 1762
303 911
911 994
911 1130
911 1273
911 1823
911 1918
911 1963
78 916
234 916
747 916
916 1101
916 1123
345 956
585 956
956 1772
956 1803
8 1019
291 1019
489 1019
1019 1636
45 1075
834 1075
144 1139
584 1139
847 1139
313 1151
848 1151
1151 1556
1151 1606
1151 1934
6 1152
218 1152
949 1152
1152 1211
1152 1823
129 1170
267 1170
932 1170
1170 1194
1170 1321
1170 1560
1170 1951
146 1176
457 1176
838 1176
1176 1601
1176 1725
357 1194
1108 1194
1194 1550
1250 1401
247 1264
1119 1264
1264 1821
186 1281
261 1281
508 1281
1281 1322
1281 1404
124 1310
125 1310
1162 1310
1310 1325
12 1344
106 1344
140 1344
1344 1484
1344 1679
1344 1726
142 1351
150 1351
960 1351
1351 1479
1351 1480
1351 1551
1351 1846
437 1381
708 1381
914 1381
1381 1981
155 1395
245 1395
749 1395
1395 1483
210 1401
325 1401
19 1414
127 1414
50 1418
1129 1418
1198 1418
249 1479
1266 1479
1479 1501
1479 1538
1479 1680
1267 1545
1312 1545
1465 1545
1545 1878
81 1590
124 1590
427 1590
1590 1630
66 1601
887 1601
1601 1651
1601 1705
20 1657
27 1657
88 1657
66 1705
173 1726
254 1726
488 1726
389 1728
1262 1728
1711 1728
690 1807
720 1807
1510 1807
446 1841
609 1841
87 1918
608 1918
1652 1918
1918 1963
6 7
6 9
6 18
6 20
6 26
6 31
6 35
6 38
6 50
6 54
6 59
6 65
6 95
6 97
6 98
6 99
6 105
6 108
6 118
6 132
6 146
6 148
6 156
6 182
6 188
6 193
6 200
6 206
6 210
6 218
6 219
6 226
6 232
6 240
6 248
6 297
6 302
6 314
6 318
6 338
6 342
6 345
6 354
6 356
6 379
6 388
6 402
6 411
6 417
6 434
6 436
6 438
6 443
6 527
6 544
6 553
6 555
6 561
6 618
6 627
6 640
6 646
6 657
6 679
6 681
6 690
6 712
6 726
6 731
6 739
6 771
6 788
6 802
6 809
6 822
6 825
6 860
6 892
6 894
6 908
6 921
6 922
6 949
6 978
6 1052
6 1153
6 1155
6 1211
6 1246
6 1268
6 1274
6 1278
6 1290
6 1291
6 1330
6 1336
6 1338
6 1355
6 1438
6 1470
6 1504
6 1511
6 1514
6 1546
6 1559
6 1564
6 1644
6 1659
6 1671
6 1696
6 1719
6 1741
6 1764
6 1823
6 1883
6 1886
6 1915
6 1930
6 1938
6 1957
7 8
7 9
7 12
7 16
7 17
7 26
7 30
7 31
7 62
7 87
7 91
7 116
7 118
7 122
7 123
7 124
7 129
7 136
7 146
7 147
7 156
7 159
7 163
7 178
7 198
7 210
7 212
7 237
7 264
7 269
7 281
7 283
7 305
7 316
7 325
7 328
7 333
7 337
7 421
7 434
7 463
7 470
7 477
7 483
7 486
7 502
7 550
7 568
7 570
7 592
7 593
7 595
7 621
7 622
7 630
7 634
7 655
7 668
7 672
7 734
7 764
7 771
7 801
7 832
7 855
7 870
7 875
7 907
7 918
7 921
7 924
7 953
7 966
7 971
7 980
7 1045
7 1054
7 1118
7 1129
7 1131
7 1181
7 1251
7 1257
7 1393
7 1419
7 1503
7 1558
7 1564
7 1575
7 1583
7 1633
7 1637
7 1676
7 1683
7 1791
7 1818
7 1845
7 1864
7 1929
7 1971
7 1979
7 1997
9 12
9 16
9 19
9 23
9 27
9 35
9 41
9 46
9 54
9 61
9 74
9 77
9 79
9 80
9 84
9 102
9 106
9 107
9 111
9 113
9 118
9 125
9 134
9 149
9 150
9 156
9 161
9 166
9 169
9 184
9 193
9 198
9 213
9 219
9 221
9 229
9 238
9 248
9 251
9 271
9 274
9 276
9 278
9 347
9 350
9 351
9 354
9 357
9 394
9 402
9 418
9 445
9 453
9 460
9 461
9 463
9 493
9 525
9 527
9 646
9 661
9 666
9 679
9 682
9 735
9 779
9 783
9 867
9 890
9 953
9 957
9 969
9 974
9 1010
9 1028
9 1045
9 1111
9 1114
9 1199
9 1292
9 1299
9 1329
9 1353
9 1448
9 1464
9 1510
9 1540
9 1563
9 1600
9 1696
9 1871
9 1877
9 1957
9 1961
8 11
11 12
11 14
11 17
11 19
11 50
11 51
11 57
11 63
11 64
11 65
11 71
11 86
11 92
11 94
11 111
11 116
11 135
11 141
11 145
11 183
11 199
11 212
11 234
11 243
11 268
11 294
11 302
11 318
11 326
11 362
11 363
11 364
11 377
11 385
11 449
11 472
11 480
11 513
11 522
11 543
11 602
11 651
11 680
11 714
11 721
11 725
11 735
11 739
11 741
11 870
11 884
11 934
11 990
11 994
11 1025
11 1038
11 1099
11 1104
11 1134
11 1182
11 1185
11 1199
11 1221
11 1269
11 1360
11 1399
11 1596
11 1647
11 1675
11 1880
11 1893
11 1894
11 1909
11 1959
8 14
14 23
14 33
14 42
14 44
14 64
14 71
14 87
14 93
14 104
14 105
14 110
14 126
14 135
14 174
14 246
14 269
14 277
14 298
14 346
14 353
14 364
14 395
14 416
14 474
14 499
14 519
14 547
14 576
14 582
14 589
14 594
14 644
14 693
14 698
14 739
14 742
14 761
14 769
14 813
14 817
14 845
14 920
14 1017
14 1077
14 1082
14 1085
14 1098
14 1128
14 1350
14 1360
14 1417
14 1450
14 1453
14 1473
14 1476
14 1675
14 1779
14 1836
14 1894
14 1923
14 1940
14 1945
14 1958
18 26
18 38
18 50
18 59
18 70
18 97
18 98
18 106
18 137
18 146
18 155
18 168
18 169
18 232
18 239
18 257
18 310
18 311
18 324
18 329
18 338
18 359
18 383
18 412
18 458
18 469
18 554
18 575
18 677
18 703
18 731
18 760
18 776
18 777
18 780
18 833
18 895
18 908
18 981
18 1007
18 1009
18 1025
18 1046
18 1172
18 1273
18 1336
18 1475
18 1548
18 1643
18 1648
8 20
16 20
20 24
20 27
20 38
20 40
20 62
20 88
20 152
20 182
20 188
20 191
20 210
20 255
20 286
20 302
20 349
20 381
20 422
20 478
20 520
20 565
20 605
20 613
20 908
20 1076
20 1217
20 1249
20 1274
20 1276
20 1379
20 1396
20 1415
20 1427
20 1583
20 1604
20 1742
20 1837
20 1916
20 1930
16 24
24 38
24 48
24 70
24 81
24 124
24 125
24 138
24 142
24 152
24 207
24 237
24 256
24 349
24 377
24 381
24 413
24 422
24 481
24 634
24 637
24 642
24 650
24 670
24 677
24 678
24 729
24 764
24 841
24 999
24 1001
24 1016
24 1027
24 1029
24 1113
24 1162
24 1217
24 1338
24 1340
24 1354
24 1474
24 1743
24 1858
8 26
26 30
26 33
26 35
26 40
26 56
26 70
26 83
26 106
26 107
26 119
26 122
26 139
26 146
26 153
26 167
26 168
26 190
26 201
26 222
26 226
26 236
26 310
26 319
26 324
26 366
26 436
26 442
26 460
26 464
26 470
26 488
26 563
26 568
26 569
26 577
26 648
26 723
26 777
26 804
26 874
26 903
26 954
26 1021
26 1054
26 1149
26 1174
26 1273
26 1330
26 1340
26 1384
26 1408
26 1429
26 1486
26 1622
26 1630
26 1719
26 1763
26 1843
26 1897
8 30
30 33
30 66
30 81
30 83
30 104
30 119
30 123
30 129
30 141
30 162
30 210
30 227
30 299
30 317
30 319
30 325
30 332
30 366
30 430
30 446
30 572
30 605
30 682
30 685
30 773
30 781
30 794
30 820
30 855
30 869
30 955
30 1013
30 1021
30 1045
30 1239
30 1489
30 1586
30 1746
30 1933
35 56
35 74
35 139
35 171
35 195
35 249
35 264
35 273
35 322
35 334
35 354
35 389
35 501
35 654
35 739
35 804
35 844
35 923
35 942
35 954
35 1003
35 1239
35 1259
35 1262
35 1266
35 1298
35 1371
35 1389
35 1406
35 1409
35 1528
35 1624
35 1639
35 1653
35 1711
35 1724
35 1738
35 1749
38 132
38 152
38 207
38 218
38 244
38 256
38 410
38 520
38 554
38 561
38 636
38 650
38 771
38 841
38 863
38 944
38 949
38 1037
38 1196
38 1548
38 1604
38 1715
38 1756
38 1950
38 1968
38 1994
39 48
48 70
48 155
48 259
48 284
48 368
48 377
48 398
48 484
48 677
48 729
48 1027
48 1394
36 56
56 83
56 185
56 497
56 569
56 654
56 821
56 923
56 964
56 972
41 66
58 66
66 83
66 89
66 108
66 117
66 123
66 126
66 135
66 202
66 242
66 300
66 403
66 473
66 493
66 615
66 649
66 773
66 785
66 831
66 858
66 884
66 887
66 1142
66 1255
66 1285
66 1316
66 1334
66 1440
66 1651
66 1761
66 1788
66 1831
66 1871
17 74
31 74
74 114
74 163
74 194
74 237
74 249
74 269
74 273
74 486
74 502
74 607
74 712
74 848
74 864
74 875
74 954
74 1204
74 1377
74 1430
74 1570
74 1710
74 1824
83 89
83 186
83 202
83 228
83 379
83 497
83 569
83 647
83 654
83 682
83 713
83 718
83 732
83 773
83 821
83 877
83 1013
83 1231
83 1429
83 1486
83 1570
83 1618
83 1761
8 121
42 121
44 121
121 179
121 263
121 292
121 337
121 556
121 560
121 573
121 598
121 623
121 665
121 669
121 741
121 919
121 989
121 991
121 1097
121 1105
121 1156
121 1189
121 1378
121 1461
121 1497
121 1513
121 1526
121 1678
121 1740
121 1745
121 1774
121 1812
121 1965
55 122
67 122
122 283
122 470
122 477
122 485
122 554
122 595
122 613
122 648
122 888
122 1054
122 1055
122 1153
122 1593
16 123
91 123
123 136
123 147
123 202
123 320
123 483
123 526
123 608
123 820
123 887
123 1439
123 1589
123 1620
123 1730
123 1831
123 1833
8 126
71 126
126 135
126 242
126 247
126 416
126 493
126 698
126 910
126 1098
126 1311
126 1925
126 1945
126 1958
96 129
101 129
129 141
129 210
129 220
129 267
129 305
129 325
129 328
129 342
129 689
129 731
129 932
129 943
129 1022
129 1154
129 1186
129 1285
129 1496
129 1560
129 1588
129 1633
129 1801
129 1951
135 234
135 246
135 277
135 326
135 493
135 556
135 739
135 831
135 884
135 1078
135 1255
135 1409
135 1571
135 1666
135 1697
141 267
141 332
141 342
141 353
141 446
141 448
141 529
141 530
141 689
141 731
141 943
141 990
141 1025
141 1239
141 1582
141 1586
141 1673
141 1870
146 168
146 190
146 222
146 226
146 236
146 244
146 325
146 333
146 343
146 434
146 457
146 570
146 592
146 686
146 733
146 734
146 760
146 786
146 790
146 807
146 838
146 861
146 880
146 967
146 1051
146 1271
146 1419
146 1670
146 1725
146 1744
98 169
155 169
169 221
169 276
169 575
169 728
169 887
169 1014
169 1107
169 1111
169 1645
169 1676
19 183
111 183
183 208
183 231
183 252
183 393
183 465
183 630
183 750
183 751
183 919
183 982
183 1185
183 1224
183 1391
183 1415
183 1668
183 1712
183 1869
8 188
188 225
188 809
188 948
188 1278
188 1338
188 1355
188 1396
188 1413
103 196
140 196
196 260
196 291
196 296
196 404
196 465
196 509
196 510
196 521
196 626
196 789
196 812
196 1022
196 1227
196 1301
196 1355
196 1439
196 1596
196 1993
200 207
207 244
207 256
207 349
207 825
207 863
207 944
207 999
78 221
209 221
221 272
221 276
221 492
221 676
221 728
221 840
221 975
221 1014
221 1028
221 1086
221 1107
221 1117
221 1510
221 1599
221 1770
221 1928
221 1955
104 225
110 225
115 225
225 363
225 430
225 476
225 947
225 948
225 1010
225 1224
225 1230
225 1367
225 1717
225 1960
226 436
226 442
226 618
226 790
226 825
226 1056
226 1057
226 1268
226 1623
226 1913
226 1923
226 1999
72 231
79 231
131 231
231 248
231 295
231 315
231 335
231 369
231 655
231 794
231 885
231 919
231 968
231 1143
231 1169
231 1216
231 1224
231 1708
231 1875
231 1896
190 244
244 343
244 457
244 686
244 743
244 825
244 962
244 1051
244 1670
244 1931
49 249
249 273
249 712
249 774
249 1204
249 1266
249 1363
249 1460
249 1501
249 1724
23 259
112 259
166 259
259 284
259 387
259 398
259 420
259 484
259 902
259 1939
40 260
182 260
216 260
260 297
260 428
260 524
260 600
260 672
260 1193
58 267
110 267
267 342
267 606
267 806
267 818
267 880
267 932
267 1070
267 1678
267 1764
267 1830
51 283
283 385
283 477
283 485
283 496
283 517
283 613
283 639
283 808
283 888
283 909
283 1023
283 1076
283 1128
283 1153
283 1308
283 1522
283 1539
283 1695
283 1844
16 284
40 284
262 284
284 293
284 375
284 387
284 421
284 528
284 626
284 651
284 937
284 1493
284 1573
31 297
148 297
297 388
297 408
297 428
297 479
297 510
297 530
297 641
297 728
297 935
297 1244
297 1259
297 1331
297 1511
297 1546
297 1549
297 1780
297 1851
50 313
57 313
313 391
313 506
313 548
313 641
313 692
313 848
313 893
313 1129
313 1187
313 1449
313 1455
313 1787
210 325
325 333
325 592
325 634
325 967
325 1496
325 1527
325 1754
79 332
125 332
224 332
332 446
332 530
332 685
332 850
332 1013
332 1240
332 1323
332 1463
332 1502
332 1582
332 1822
332 1870
210 333
305 333
333 1257
333 1393
333 1721
107 338
230 338
312 338
338 543
338 837
338 1382
338 1504
338 1701
212 363
268 363
363 473
363 480
363 714
363 1199
363 1208
363 1221
302 377
377 425
377 1027
377 1061
377 1113
134 387
178 387
387 459
387 528
387 626
387 651
387 658
387 669
387 797
387 941
387 1300
387 1433
387 1451
387 1573
387 1686
387 1820
118 388
193 388
388 417
388 479
388 935
388 1077
388 1258
388 1448
388 1780
117 389
371 389
389 589
389 654
389 1262
389 1711
212 428
243 428
268 428
428 530
428 600
428 1549
428 1851
300 473
403 473
473 631
473 649
473 738
473 1191
473 1209
473 1316
473 1440
72 479
137 479
211 479
479 510
479 728
479 1007
479 1047
479 1077
479 1258
479 1297
479 1374
479 1835
422 497
490 497
497 821
497 849
497 858
497 964
497 1122
497 1687
497 1757
510 1047
510 1331
510 1355
510 1609
510 1904
91 520
520 793
520 927
520 1076
520 1081
520 1159
520 1235
520 1497
520 1604
520 1684
520 1691
520 1783
520 1806
520 1818
520 1990
61 522
68 522
461 522
522 926
522 1306
522 1688
522 1880
459 528
528 626
528 669
528 941
528 957
528 1300
446 530
530 641
530 692
530 753
530 1103
530 1240
530 1549
530 1582
8 560
233 560
294 560
321 560
560 563
560 583
560 668
560 1064
560 1156
560 1185
560 1213
560 1579
560 1789
560 1795
560 1865
560 1919
8 563
464 563
563 583
563 1244
563 1304
563 1503
132 583
218 583
561 583
583 668
583 881
583 959
583 979
583 999
583 1064
583 1131
583 1304
583 1365
583 1388
583 1462
583 1471
583 1561
583 1666
71 600
97 600
418 600
600 822
600 936
600 1126
57 641
391 641
641 692
641 753
641 1048
641 1244
641 1309
641 1425
668 953
668 979
668 1064
668 1213
668 1471
668 1561
668 1562
668 1919
668 1922
44 685
393 685
685 782
685 1036
391 692
692 1048
692 1103
692 1449
318 712
712 1002
712 1173
728 935
728 1107
131 790
177 790
458 790
790 1623
790 1923
168 804
777 804
804 1149
804 1179
804 1183
804 1384
804 1749
804 1884
97 809
240 809
628 809
809 1060
809 1214
809 1278
809 1352
809 1413
809 1752
809 1819
64 820
176 820
414 820
820 847
820 1433
820 1615
820 1730
820 1746
820 1835
820 1900
820 1910
825 1056
825 1291
825 1913
424 831
632 831
738 831
831 1142
831 1255
98 887
155 887
887 1645
887 1651
887 1813
887 1831
887 1871
95 888
304 888
312 888
888 1009
888 1018
888 1153
888 1311
888 1753
245 910
624 910
896 910
910 1580
910 1663
462 919
741 919
919 1105
919 1950
110 923
499 923
644 923
923 1389
257 941
423 941
700 941
941 1084
941 1300
941 1397
941 1566
941 1820
248 953
953 1045
101 979
299 979
694 979
979 1561
979 1922
132 999
959 999
999 1743
72 1047
79 1047
431 1047
136 1048
203 1048
638 1048
1048 1588
517 1076
808 1076
1076 1308
1076 1539
1076 1732
1076 1817
87 1077
582 1077
1077 1258
1077 1450
147 1103
263 1103
1103 1188
142 1142
587 1142
933 1142
464 1244
385 1246
459 1246
1069 1246
1246 1819
1246 1957
1246 1982
78 1262
95 1262
1207 1262
1262 1406
1262 1711
46 1266
525 1266
1206 1266
1266 1409
474 1268
902 1268
101 1304
279 1304
299 1304
1304 1365
1304 1428
1304 1462
1304 1636
78 1331
234 1331
140 1360
291 1360
593 1360
1360 1675
144 1365
489 1365
584 1365
1365 1428
1365 1462
1365 1636
113 1379
823 1379
974 1379
1379 1415
1379 1637
1379 1805
1379 1945
843 1389
1074 1389
1389 1593
821 1406
964 1406
1122 1406
246 1409
556 1409
1409 1624
1409 1666
97 1413
229 1413
261 1413
506 1428
579 1428
1157 1428
1428 1435
561 1429
1131 1429
1388 1429
1429 1486
229 1455
240 1455
990 1455
1455 1707
71 1501
185 1501
1501 1538
8 1503
210 1503
855 1503
1503 1782
1503 1864
155 1504
624 1504
761 1504
690 1510
720 1510
1510 1955
46 1538
1067 1538
1538 1680
72 1562
1097 1562
1148 1562
1562 1760
19 1580
440 1580
455 1580
1580 1663
124 1623
1162 1623
1325 1623
1623 1865
1623 1923
1623 1999
128 1624
365 1624
111 1680
461 1680
1661 1680
391 1732
1121 1732
1256 1740
1740 1885
860 1743
1743 1858
1743 1997
139 1746
558 1746
1621 1746
1746 1996
801 1749
913 1749
1444 1749
101 1760
559 1760
1165 1760
8 1782
1073 1782
1559 1782
1782 1961
44 1805
1030 1805
799 1858
868 1858
134 1878
620 1878
1228 1878
43 1884
336 1884
376 1884
503 1955
856 1955
1337 1955
67 1982
236 1982
79 1999
1053 1999
1160 1999
8 16
8 17
8 57
8 62
8 63
8 65
8 71
8 75
8 77
8 78
8 80
8 81
8 86
8 92
8 95
8 98
8 104
8 116
8 119
8 128
8 138
8 142
8 153
8 159
8 175
8 185
8 191
8 199
8 222
8 263
8 265
8 278
8 280
8 281
8 291
8 299
8 311
8 318
8 343
8 344
8 367
8 373
8 410
8 432
8 439
8 467
8 475
8 489
8 502
8 505
8 568
8 580
8 624
8 630
8 709
8 741
8 752
8 759
8 800
8 803
8 806
8 855
8 899
8 904
8 924
8 929
8 955
8 987
8 1014
8 1032
8 1072
8 1086
8 1098
8 1132
8 1134
8 1156
8 1182
8 1185
8 1212
8 1236
8 1258
8 1265
8 1302
8 1311
8 1322
8 1398
8 1400
8 1461
8 1468
8 1489
8 1497
8 1521
8 1525
8 1622
8 1637
8 1646
8 1683
8 1706
8 1745
8 1751
8 1777
8 1781
8 1825
8 1834
8 1865
8 1879
8 1909
8 1935
8 1941
8 1977
12 16
12 17
12 19
12 25
12 27
12 41
12 42
12 43
12 45
12 58
12 64
12 72
12 76
12 84
12 91
12 94
12 99
12 106
12 110
12 111
12 116
12 124
12 133
12 134
12 140
12 176
12 178
12 211
12 273
12 293
12 305
12 341
12 352
12 357
12 362
12 398
12 400
12 403
12 408
12 420
12 423
12 426
12 453
12 463
12 468
12 472
12 499
12 532
12 534
12 538
12 541
12 573
12 623
12 660
12 670
12 740
12 751
12 766
12 821
12 852
12 871
12 936
12 937
12 947
12 949
12 971
12 989
12 995
12 1020
12 1040
12 1050
12 1175
12 1275
12 1288
12 1369
12 1515
12 1552
12 1611
12 1653
12 1669
12 1720
12 1759
12 1774
12 1850
12 1885
12 1921
12 1922
12 1947
12 1957
12 1960
12 1986
16 19
16 23
16 27
16 40
16 41
16 61
16 62
16 76
16 85
16 91
16 114
16 138
16 139
16 147
16 159
16 173
16 178
16 180
16 182
16 202
16 216
16 230
16 262
16 320
16 351
16 375
16 421
16 440
16 481
16 499
16 593
16 608
16 625
16 634
16 670
16 709
16 800
16 805
16 826
16 840
16 905
16 944
16 945
16 958
16 1071
16 1086
16 1117
16 1156
16 1204
16 1251
16 1439
16 1784
16 1863
16 1984
25 55
25 75
25 90
25 117
25 134
25 147
25 205
25 233
25 250
25 263
25 298
25 323
25 371
25 384
25 407
25 446
25 509
25 538
25 547
25 552
25 586
25 620
25 635
25 665
25 767
25 798
25 891
25 915
25 931
25 965
25 1055
25 1228
25 1243
25 1252
25 1354
25 1434
25 1578
25 1587
25 1610
25 1673
25 1689
25 1702
25 1704
25 1776
25 1882
25 1985
17 31
31 36
31 54
31 61
31 63
31 65
31 68
31 87
31 92
31 95
31 108
31 114
31 127
31 132
31 148
31 149
31 186
31 201
31 218
31 266
31 270
31 307
31 319
31 323
31 324
31 329
31 331
31 339
31 373
31 408
31 422
31 471
31 486
31 501
31 633
31 652
31 653
31 659
31 698
31 744
31 746
31 769
31 801
31 810
31 836
31 875
31 891
31 943
31 1034
31 1057
31 1072
31 1201
31 1214
31 1225
31 1229
31 1314
31 1394
31 1397
31 1416
31 1430
31 1463
31 1476
31 1533
31 1546
31 1560
31 1564
31 1566
31 1587
31 1764
31 1785
31 1842
31 1857
31 1921
31 1924
31 1932
31 1942
31 1963
17 36
36 61
36 63
36 68
36 93
36 127
36 242
36 285
36 319
36 352
36 358
36 373
36 401
36 404
36 461
36 495
36 607
36 653
36 683
36 698
36 711
36 725
36 744
36 765
36 769
36 796
36 1125
36 1364
36 1466
36 1476
36 1521
36 1914
27 45
42 45
45 55
45 67
45 88
45 89
45 170
45 215
45 400
45 586
45 834
45 913
45 980
45 1073
45 1253
45 1315
45 1713
45 1798
49 118
49 194
49 213
49 215
49 287
49 306
49 344
49 475
49 548
49 575
49 717
49 866
49 903
49 991
49 1275
49 1372
49 1421
49 1753
49 1797
49 1810
49 1880
49 1919
49 2000
55 67
55 72
55 109
55 170
55 407
55 509
55 791
55 951
55 1055
55 1110
55 1180
55 1207
55 1253
55 1291
55 1315
55 1333
55 1586
55 1682
55 1962
55 1971
23 61
61 68
61 79
61 85
61 107
61 173
61 184
61 208
61 254
61 274
61 279
61 307
61 370
61 375
61 415
61 451
61 461
61 507
61 574
61 744
61 779
61 926
61 946
61 955
61 1088
61 1092
61 1306
61 1478
61 1532
61 1577
61 1606
61 1737
61 1995
63 199
63 212
63 1214
63 1476
63 1942
57 65
65 75
65 108
65 205
65 294
65 330
65 645
65 659
65 741
65 875
65 1016
65 1158
65 1290
65 1532
65 1596
65 1628
65 1966
39 67
67 68
67 170
67 190
67 236
67 730
67 874
67 980
67 1102
67 1161
67 1207
67 1223
67 1458
67 1530
67 1713
70 106
70 107
70 239
70 254
70 272
70 366
70 412
70 488
70 652
70 677
70 678
70 750
70 755
70 985
70 1046
70 1135
70 1172
70 1314
70 1452
71 97
71 113
71 174
71 185
71 364
71 416
71 418
71 539
71 576
71 584
71 658
71 705
71 737
71 822
71 936
71 1145
57 75
75 85
75 90
75 147
75 160
75 205
75 233
75 288
75 294
75 938
75 1031
75 1704
75 1706
75 1968
81 104
81 124
81 142
81 162
81 204
81 373
81 413
81 427
81 467
81 484
81 505
81 527
81 609
81 637
81 650
81 1095
81 1121
81 1134
81 1202
81 1226
81 1441
81 1483
81 1612
81 1630
81 1665
81 1977
23 85
85 102
85 103
85 136
85 140
85 173
85 203
85 204
85 256
85 271
85 330
85 341
85 356
85 419
85 453
85 485
85 504
85 542
85 574
85 744
85 774
85 826
85 1061
85 1204
85 1346
85 1424
85 1477
85 1494
85 1495
85 1656
85 1784
85 1847
85 1875
85 1968
97 105
97 113
97 152
97 164
97 224
97 229
97 240
97 261
97 328
97 365
97 418
97 438
97 443
97 540
97 553
97 619
97 628
97 722
97 731
97 780
97 788
97 808
97 822
97 850
97 862
97 898
97 963
97 970
97 1060
97 1126
97 1154
97 1179
97 1183
97 1189
97 1214
97 1216
97 1319
97 1333
97 1642
97 1796
97 1930
59 99
98 99
99 133
99 206
99 258
99 345
99 409
99 707
99 754
99 879
99 1105
99 1162
99 1175
99 1954
99 1965
41 102
84 102
102 103
102 128
102 136
102 156
102 166
102 197
102 203
102 270
102 359
102 401
102 405
102 419
102 450
102 453
102 460
102 537
102 542
102 552
102 597
102 696
102 743
102 895
102 912
102 976
102 1011
102 1120
102 1199
102 1300
102 1349
102 1741
102 1902
102 1903
104 105
105 220
105 328
105 356
105 438
105 617
105 627
105 727
105 742
105 808
105 813
105 1037
105 1049
105 1109
105 1179
105 1216
105 1280
105 1417
105 1437
105 1534
105 1826
44 109
51 109
109 566
109 683
109 688
109 813
109 1005
109 1059
109 1286
109 1342
109 1443
109 1481
109 1550
109 1908
54 113
80 113
113 131
113 152
113 167
113 203
113 243
113 251
113 392
113 491
113 517
113 538
113 539
113 734
113 823
113 907
113 915
113 974
113 1205
113 1358
113 1458
113 1544
113 1614
113 1637
113 1799
113 1840
118 193
118 198
118 287
118 306
118 344
118 417
118 598
118 694
118 783
118 903
118 1190
118 1275
118 1448
118 1534
118 1544
118 1564
118 1810
116 124
124 125
124 413
124 421
124 427
124 455
124 472
124 514
124 632
124 717
124 724
124 764
124 1162
124 1226
124 1325
124 1335
124 1441
124 1630
124 1683
124 1912
124 1995
23 125
79 125
125 209
125 224
125 233
125 431
125 493
125 850
125 1013
125 1016
125 1162
125 1220
125 1237
125 1323
125 1420
125 1584
125 1795
125 1809
125 1928
91 136
136 156
136 159
136 203
136 341
136 487
136 504
136 526
136 638
136 768
136 1034
136 1407
136 1495
136 1833
136 1875
72 137
84 137
137 211
137 359
137 386
137 758
137 1007
137 1089
137 1297
137 1374
137 1531
147 160
147 178
147 202
147 205
147 212
147 263
147 268
147 384
147 483
147 778
147 832
147 1015
147 1094
147 1620
147 1838
152 167
152 251
152 301
152 381
152 483
152 841
152 876
152 907
152 948
152 1276
152 1635
152 1714
156 219
156 347
156 976
156 1540
91 159
159 487
159 550
159 601
159 610
159 644
159 870
159 1086
159 1117
159 1407
92 160
132 160
160 253
160 288
160 437
160 579
160 1059
160 1485
160 1594
164 189
164 229
164 240
164 246
164 285
164 300
164 406
164 427
164 433
164 562
164 628
164 688
164 714
164 872
164 963
164 964
164 1163
164 1342
164 1853
164 1861
164 1891
40 167
167 251
167 392
167 734
167 907
167 1191
167 1630
167 1763
72 180
103 180
180 571
180 868
180 1149
180 1257
180 1773
185 796
185 1125
78 209
209 310
209 492
209 557
209 676
209 733
209 852
209 950
209 992
209 1016
209 1420
209 1474
209 1632
209 1809
209 1914
23 224
79 224
224 233
224 365
224 483
224 850
224 876
224 1218
224 1220
224 1228
224 1237
224 1240
224 1463
224 1496
224 1498
224 1822
224 1857
224 1874
224 1989
243 251
251 278
251 301
251 348
251 350
251 517
251 538
251 653
251 867
251 935
251 1219
251 1293
251 1385
251 1551
263 384
263 669
263 798
263 987
263 991
263 1188
263 1212
17 270
270 329
270 359
270 401
270 405
270 480
270 506
270 523
270 553
270 568
270 659
270 689
270 803
270 832
270 891
270 1201
270 1212
270 1294
270 1445
270 1667
270 1739
270 1903
270 1970
270 1988
192 287
282 287
287 475
287 1140
287 1275
288 391
288 437
288 667
288 1087
288 1188
288 1243
288 1254
72 301
96 301
101 301
301 348
301 935
301 1293
301 1372
301 1803
301 1877
145 303
148 303
303 307
303 727
303 1088
303 1145
303 1330
303 1864
148 307
307 340
307 370
307 384
307 422
307 490
307 501
307 507
307 755
307 836
307 1070
307 1088
307 1092
307 1145
307 1232
307 1330
307 1359
307 1411
307 1432
307 1597
307 1598
307 1660
307 1671
307 1872
305 328
328 617
328 808
328 918
328 970
328 1049
328 1319
328 1608
328 1801
328 1881
157 348
247 348
348 653
348 935
348 1119
348 1431
348 1449
203 356
341 356
356 627
356 640
356 1052
356 1270
356 1826
356 1975
359 383
359 401
359 537
359 568
359 895
359 1294
359 1739
359 1822
359 1970
57 365
128 365
365 619
365 898
365 946
365 1218
365 1467
365 1505
365 1642
365 1750
365 1794
365 1839
365 1976
365 1990
186 370
261 370
370 436
370 507
370 508
370 849
370 865
370 955
370 1082
370 1390
370 1840
370 1913
370 1920
103 383
232 383
383 713
383 901
383 904
383 1035
383 1165
383 1576
383 1810
89 392
90 392
239 392
392 721
392 734
392 823
392 1110
392 1205
392 1283
392 1343
392 1458
392 1614
392 1674
392 1905
134 398
178 398
398 484
398 708
398 1275
398 1813
422 490
422 501
422 642
422 746
422 849
422 858
422 1070
422 1217
422 1587
422 1687
422 1872
189 427
300 427
427 455
427 609
427 724
427 1202
427 1335
427 1700
72 437
101 437
437 457
437 559
437 708
437 901
437 914
437 1165
437 1650
437 1932
437 1973
19 455
23 455
440 455
455 632
455 1995
153 475
475 624
475 806
475 1359
475 1781
483 832
483 876
483 948
483 1015
483 1929
483 1989
78 490
95 490
490 690
490 858
490 862
490 881
490 899
490 1677
490 1872
148 504
258 504
504 612
504 768
504 987
504 1034
504 1346
504 1424
504 1470
504 1802
504 1875
239 512
254 512
512 762
512 1700
112 537
115 537
181 537
537 895
537 1011
537 1349
537 1513
537 1822
112 539
250 539
539 726
539 819
539 1133
539 1775
443 553
553 803
553 1407
553 1930
568 630
568 803
568 1072
568 1294
568 1445
44 598
337 598
598 623
598 694
598 796
598 1534
598 1544
446 609
547 609
609 1202
609 1483
609 1700
609 1874
257 617
423 617
617 700
617 740
617 914
617 1044
617 1049
617 1280
617 1507
617 1708
367 619
536 619
619 898
619 946
619 1972
72 642
131 642
447 642
642 967
642 1592
127 653
653 769
285 683
495 683
683 1059
683 1364
683 1432
683 1481
683 1631
46 694
101 694
299 694
694 1534
694 1620
694 1709
694 1777
480 768
506 768
523 768
768 987
768 1034
768 1470
768 1867
204 774
43 780
79 780
780 895
796 1125
630 803
803 1072
803 1212
103 823
292 823
736 823
823 974
823 1283
823 1398
823 1458
823 1544
823 1637
823 1729
823 1945
186 849
508 849
849 1757
849 1920
895 1349
895 1643
895 1822
895 1903
168 908
777 908
908 1274
908 1514
908 1585
908 1591
908 1938
173 946
451 946
946 1995
666 974
974 997
974 1398
974 1840
974 1945
112 976
770 976
976 1030
976 1198
976 1609
976 1693
976 1834
987 1470
242 1011
695 1011
882 1011
1011 1195
1011 1513
1011 1539
1011 1980
407 1055
509 1055
1055 1110
1055 1587
89 1110
239 1110
492 1117
1086 1117
391 1188
667 1188
1188 1254
647 1218
942 1218
959 1218
1218 1467
399 1283
519 1283
1283 1343
1283 1674
1283 1729
1283 1905
414 1290
447 1290
662 1290
19 1343
27 1343
77 1343
1343 1465
1343 1674
1343 1917
27 1346
149 1346
150 1346
1346 1424
1346 1450
1346 1734
1346 1847
1346 1948
1346 1979
487 1407
1407 1495
384 1432
1359 1432
1432 1631
1432 1671
1432 1758
1432 1762
852 1445
950 1445
992 1445
279 1467
1051 1467
1467 1505
1467 1750
112 1505
978 1505
1221 1505
1505 1750
1189 1513
1461 1513
199 1514
318 1514
1192 1514
1514 1591
1514 1660
1514 1814
1514 1938
194 1591
139 1610
195 1610
402 1610
1700 1874
47 1713
838 1713
403 1729
534 1729
670 1729
206 1757
409 1757
1325 1757
139 1809
511 1809
963 1809
161 1826
660 1826
1116 1826
865 1840
41 1847
84 1847
1473 1847
1847 1948
1228 1874
1496 1874
636 1948
783 1948
968 1948
1948 1979
535 1954
745 1954
1860 1954
1954 1965
650 1968
1037 1968
592 1979
1129 1979
451 1995
17 43
17 64
17 76
17 92
17 93
17 94
17 98
17 114
17 116
17 127
17 143
17 163
17 191
17 192
17 194
17 242
17 264
17 265
17 282
17 285
17 295
17 316
17 336
17 346
17 374
17 381
17 401
17 429
17 439
17 464
17 466
17 514
17 518
17 533
17 581
17 590
17 597
17 635
17 716
17 765
17 772
17 785
17 789
17 824
17 835
17 848
17 891
17 917
17 926
17 1234
17 1248
17 1265
17 1286
17 1288
17 1299
17 1368
17 1375
17 1378
17 1383
17 1466
17 1484
17 1493
17 1508
17 1607
17 1669
17 1683
17 1716
17 1769
17 1845
17 1851
17 1895
17 1903
17 1926
19 23
23 46
23 79
23 112
23 119
23 166
23 179
23 233
23 335
23 420
23 431
23 440
23 567
23 574
23 693
23 777
23 797
23 826
23 952
23 1085
23 1093
23 1164
23 1271
23 1292
23 1572
23 1779
23 1786
23 1910
23 1939
23 1974
23 1991
33 40
33 42
33 112
33 115
33 157
33 181
33 227
33 269
33 298
33 366
33 376
33 419
33 451
33 571
33 673
33 769
33 773
33 920
33 1099
33 1642
33 1798
33 1820
39 47
39 59
39 96
39 145
39 176
39 238
39 361
39 380
39 411
39 445
39 498
39 516
39 524
39 577
39 582
39 603
39 680
39 701
39 730
39 792
39 838
39 878
39 969
39 977
39 1065
39 1101
39 1102
39 1294
39 1296
39 1382
39 1394
39 1405
39 1530
39 1639
39 1647
39 1672
39 1691
39 1727
39 1806
39 1846
39 1855
27 41
40 41
41 46
41 47
41 54
41 58
41 76
41 80
41 84
41 91
41 114
41 166
41 230
41 245
41 296
41 326
41 351
41 352
41 369
41 397
41 409
41 420
41 471
41 516
41 603
41 618
41 645
41 696
41 766
41 805
41 837
41 846
41 1067
41 1167
41 1305
41 1390
41 1473
41 1482
41 1494
41 1649
41 1698
41 1947
19 42
27 42
42 44
42 88
42 89
42 90
42 179
42 215
42 228
42 337
42 462
42 556
42 665
42 766
42 769
42 863
42 913
42 966
42 1133
42 1138
42 1220
42 1714
42 1774
42 1901
42 1909
43 44
43 58
43 72
43 79
43 131
43 161
43 177
43 184
43 257
43 320
43 334
43 336
43 376
43 393
43 396
43 440
43 596
43 667
43 674
43 697
43 798
43 1041
43 1084
43 1132
43 1147
43 1197
43 1235
43 1260
43 1286
43 1297
43 1456
43 1469
43 1488
43 1612
43 1664
43 1703
43 1769
43 1849
43 1992
44 51
44 87
44 337
44 353
44 393
44 456
44 487
44 623
44 688
44 782
44 798
44 813
44 817
44 1030
44 1036
44 1097
44 1130
44 1197
44 1297
19 50
50 57
50 59
50 86
50 127
50 145
50 200
50 318
50 364
50 391
50 433
50 468
50 491
50 506
50 523
50 561
50 572
50 579
50 610
50 640
50 651
50 699
50 719
50 818
50 1012
50 1066
50 1121
50 1129
50 1150
50 1157
50 1184
50 1198
50 1225
50 1274
50 1327
50 1332
50 1366
50 1400
50 1403
50 1509
50 1619
50 1767
50 1887
51 449
51 566
51 688
51 721
51 1337
51 1515
51 1899
54 80
54 95
54 131
54 149
54 203
54 243
54 271
54 304
54 312
54 471
54 569
54 846
54 1150
54 1222
54 1358
54 1464
54 1640
54 1883
57 128
57 145
57 205
57 294
57 330
57 391
57 432
57 433
57 491
57 513
57 548
57 599
57 643
57 680
57 893
57 897
57 938
57 1187
57 1269
57 1274
57 1309
57 1326
57 1425
57 1434
57 1453
57 1530
57 1547
57 1647
57 1767
57 1976
58 108
58 110
58 163
58 293
58 320
58 336
58 352
58 376
58 399
58 606
58 615
58 767
58 795
58 806
58 824
58 1060
58 1141
58 1326
58 1517
58 1552
58 1764
58 1774
58 1893
59 96
59 98
59 155
59 245
59 257
59 342
59 380
59 411
59 445
59 458
59 550
59 599
59 624
59 707
59 761
59 776
59 784
59 827
59 879
59 896
59 1065
59 1122
59 1263
59 1320
59 1403
59 1577
59 1701
59 1715
72 79
72 84
72 96
72 101
72 103
72 131
72 161
72 211
72 252
72 292
72 295
72 306
72 315
72 431
72 440
72 447
72 532
72 559
72 671
72 695
72 708
72 736
72 758
72 794
72 868
72 967
72 1007
72 1097
72 1148
72 1168
72 1180
72 1241
72 1291
72 1451
72 1469
72 1522
72 1592
72 1632
72 1723
72 1835
72 1964
19 77
27 77
77 80
77 193
77 217
77 278
77 394
77 397
77 432
77 505
77 567
77 611
77 676
77 678
77 924
77 1008
77 1356
77 1400
77 1465
77 1832
77 1917
78 95
78 222
78 234
78 272
78 311
78 594
78 676
78 690
78 720
78 733
78 747
78 752
78 839
78 906
78 975
78 1023
78 1101
78 1123
78 1205
78 1207
78 1277
78 1436
78 1490
78 1629
78 1662
78 1663
78 1709
78 1936
79 107
79 131
79 208
79 229
79 230
79 248
79 262
79 286
79 315
79 351
79 431
79 655
79 697
79 737
79 857
79 1017
79 1053
79 1143
79 1144
79 1160
79 1173
79 1216
79 1241
79 1289
79 1328
79 1463
79 1577
79 1579
79 1608
79 1685
79 1795
79 1868
80 84
80 131
80 296
80 471
80 618
80 1008
80 1494
84 296
84 369
84 386
84 460
84 516
84 532
84 758
84 812
84 962
84 1089
84 1473
84 1694
84 1723
84 1922
87 92
87 93
87 201
87 346
87 353
87 382
87 456
87 487
87 582
87 606
87 608
87 686
87 801
87 846
87 980
87 1030
87 1057
87 1080
87 1130
87 1131
87 1225
87 1279
87 1314
87 1350
87 1560
87 1652
87 1892
87 1977
88 90
89 90
90 133
90 233
90 239
90 250
90 294
90 321
90 323
90 544
90 586
90 614
90 721
90 915
90 965
90 1031
90 1036
90 1354
90 1446
90 1692
90 1829
92 116
92 132
92 191
92 201
92 339
92 381
92 579
92 686
92 810
92 824
92 830
92 1059
92 1132
92 1171
92 1238
92 1367
92 1394
92 1399
92 1416
92 1421
92 1521
92 1566
92 1594
92 1893
92 1898
93 104
93 110
93 115
93 206
93 285
93 336
93 346
93 358
93 382
93 404
93 429
93 503
93 525
93 533
93 691
93 725
93 761
93 909
93 1017
93 1113
93 1171
93 1282
93 1402
93 1403
91 94
94 302
94 305
94 337
94 423
94 573
94 719
94 1341
94 1515
94 1856
94 1946
95 138
95 149
95 304
95 311
95 312
95 1009
95 1207
95 1211
95 1311
95 1753
95 1883
95 1929
95 1935
95 1985
96 101
96 103
96 176
96 220
96 252
96 411
96 413
96 550
96 577
96 595
96 792
96 918
96 930
96 993
96 1124
96 1241
96 1372
96 1588
96 1597
96 1693
96 1920
96 1978
98 153
98 155
98 175
98 192
98 206
98 232
98 240
98 245
98 265
98 411
98 414
98 469
98 575
98 599
98 703
98 707
98 759
98 779
98 802
98 854
98 988
98 1278
98 1368
98 1402
98 1484
98 1487
98 1634
98 1645
98 1813
103 128
103 140
103 232
103 252
103 253
103 256
103 292
103 296
103 330
103 413
103 419
103 513
103 529
103 571
103 626
103 637
103 713
103 736
103 781
103 868
103 878
103 890
103 904
103 918
103 1006
103 1035
103 1097
103 1112
103 1149
103 1168
103 1172
103 1196
103 1242
103 1257
103 1300
103 1688
103 1741
103 1756
103 1775
103 1933
104 110
104 115
104 142
104 162
104 206
104 220
104 299
104 430
104 476
104 499
104 503
104 505
104 572
104 580
104 587
104 601
104 691
104 727
104 781
104 904
104 939
104 1032
104 1080
104 1230
104 1339
104 1402
104 1417
104 1437
104 1598
104 1681
104 1836
104 1868
108 148
108 471
108 615
108 659
108 858
108 875
108 894
108 1060
108 1326
108 1517
108 1788
108 1966
110 115
110 293
110 408
110 476
110 499
110 525
110 644
110 806
110 818
110 880
110 1010
110 1017
110 1069
110 1141
110 1217
110 1238
110 1308
110 1518
110 1717
110 1754
110 1885
110 1893
40 112
112 115
112 119
112 144
112 157
112 166
112 168
112 177
112 181
112 250
112 420
112 535
112 726
112 770
112 978
112 1030
112 1046
112 1099
112 1184
112 1198
112 1271
112 1292
112 1546
112 1563
112 1572
112 1602
112 1609
112 1693
112 1768
112 1786
112 1790
112 1859
119 166
119 319
119 535
119 581
119 856
119 952
119 1563
119 1622
119 1646
119 1910
128 197
128 232
128 253
128 410
128 450
128 629
128 781
128 799
128 800
128 819
128 879
128 912
128 1050
128 1106
128 1127
128 1232
128 1300
128 1373
128 1554
128 1617
128 1812
128 1933
132 186
132 218
132 253
132 321
132 339
132 410
132 544
132 561
132 943
132 959
132 981
132 1276
132 1421
132 1694
132 1756
27 134
106 134
134 149
134 170
134 178
134 198
134 445
134 620
134 635
134 658
134 666
134 691
134 706
134 708
134 711
134 869
134 997
134 1124
134 1228
134 1277
134 1368
134 1422
134 1433
134 1451
134 1535
134 1600
134 1605
134 1739
134 1892
138 142
138 150
138 481
138 709
138 716
138 800
138 861
138 958
138 960
138 1318
138 1856
138 1935
88 144
89 144
133 144
144 474
144 584
144 847
144 1547
144 1790
139 153
153 175
153 414
153 426
153 577
153 732
153 806
153 886
153 1359
153 1634
153 1816
153 1984
155 245
155 257
155 368
155 624
155 749
155 761
155 784
155 1033
155 1249
155 1487
155 1813
155 1843
155 1987
163 194
163 237
163 255
163 264
163 282
163 314
163 597
163 607
163 635
163 1293
163 1558
163 1698
163 1710
64 176
176 341
176 414
176 447
176 595
176 663
176 730
176 740
176 847
176 961
176 969
176 1065
176 1693
176 1771
176 1835
176 1886
176 1906
176 1910
178 212
178 268
178 390
178 459
178 593
178 621
178 625
178 658
178 708
178 778
178 797
178 1094
178 1275
178 1600
178 1650
178 1723
178 1751
178 1784
178 1813
178 1861
19 179
46 179
179 292
179 335
179 406
179 462
179 567
179 573
179 622
179 741
179 766
179 1093
179 1392
179 1507
179 1526
179 1655
179 1789
89 186
186 228
186 261
186 266
186 436
186 508
186 540
186 562
186 604
186 647
186 763
186 829
186 843
186 883
186 943
186 993
186 1034
186 1042
186 1231
186 1339
186 1353
186 1383
186 1442
186 1570
186 1785
186 1854
186 1920
27 189
46 189
143 189
189 300
189 415
189 481
189 486
189 671
189 714
189 758
189 827
189 829
189 998
189 1083
189 1115
189 1284
189 1396
189 1502
189 1862
189 1973
189 1992
68 190
190 201
190 236
190 276
190 317
190 460
190 730
190 733
190 807
190 928
190 1041
190 1158
190 1174
190 1181
190 1223
190 1629
190 1682
190 1734
192 282
192 585
192 779
192 792
192 1140
192 1484
27 197
106 197
170 197
197 450
197 552
197 1554
197 1752
197 1808
200 227
200 308
200 801
200 913
200 1100
200 1558
200 1668
200 1763
200 1917
201 317
201 460
201 715
201 810
201 830
201 1057
201 1080
201 1367
201 1734
201 1748
201 1897
201 1953
106 211
111 211
211 441
211 468
211 1964
62 217
175 217
216 217
217 304
217 507
217 567
217 628
217 871
217 1042
217 1328
217 1431
217 1616
217 1952
218 261
218 266
218 331
218 452
218 561
218 636
218 829
218 881
218 883
218 949
218 959
218 1008
218 1211
218 1309
218 1648
218 1674
218 1991
218 1994
101 220
220 727
220 993
220 1037
220 1588
220 1681
220 1978
232 240
232 253
232 469
232 629
232 681
232 819
232 1009
232 1215
232 1848
232 1902
131 248
248 335
248 369
248 655
248 679
248 737
248 1155
248 1169
248 1410
248 1438
248 1472
248 1608
248 1915
253 321
253 380
253 819
253 879
253 925
253 928
253 1227
253 1295
253 1485
253 1617
253 1694
182 255
191 255
255 314
255 495
255 1079
255 1427
255 1518
255 1681
229 261
261 452
261 508
261 862
261 865
261 1082
261 1234
261 1322
261 1390
261 1622
261 1725
261 1796
173 271
204 271
271 1150
271 1448
271 1464
271 1690
254 272
272 366
272 467
272 494
272 594
272 652
272 1000
194 282
282 316
282 374
282 429
282 1140
282 1299
282 1375
282 1430
282 1698
282 1895
252 292
292 513
292 573
292 611
292 622
292 736
292 742
292 989
292 1168
292 1172
292 1451
292 1656
269 298
298 446
298 494
298 547
298 552
298 571
298 616
298 693
298 920
298 1031
298 1082
298 1252
298 1362
298 1473
298 1613
117 300
300 360
300 403
300 433
300 481
300 631
300 1028
300 1195
300 1305
300 1853
210 302
302 425
302 922
302 1126
302 1554
302 1916
302 1946
145 308
148 308
308 1100
308 1814
106 310
310 324
310 557
310 677
310 723
310 864
310 872
310 903
310 1054
62 316
281 316
316 429
316 924
316 1118
316 1735
227 317
317 605
317 715
317 1041
317 1742
319 352
319 390
319 698
319 1021
319 1627
319 1932
319 1933
233 321
294 321
321 380
321 614
321 893
321 925
321 1694
321 1795
127 323
323 324
323 441
323 442
323 652
323 1036
323 1200
323 1446
323 1528
323 1540
323 1673
222 343
280 343
343 412
343 457
343 743
343 838
343 1825
343 1879
343 1931
343 1941
352 390
352 420
352 623
352 711
352 1552
352 1759
352 1944
353 448
353 503
353 529
353 582
353 589
353 594
353 770
353 795
353 817
353 1024
353 1104
353 1130
117 360
360 385
360 459
360 673
360 1000
360 1069
360 1085
380 445
380 701
380 893
380 925
380 928
380 1227
380 1816
385 459
385 477
385 496
385 535
385 647
385 1000
385 1069
385 1085
385 1141
385 1233
385 1454
385 1687
385 1819
212 390
268 390
390 476
390 1177
390 1627
390 1652
390 1796
140 404
291 404
404 521
404 661
404 679
404 725
404 909
404 1596
410 799
410 800
410 981
410 984
410 1127
410 1646
410 1756
139 425
171 425
425 602
425 1231
425 1758
391 433
433 491
433 599
433 776
433 835
433 897
433 1121
433 1163
433 1305
433 1385
433 1405
433 1434
433 1509
433 1792
433 1853
436 442
436 562
436 618
436 1057
436 1330
436 1848
324 441
441 442
441 1528
441 1931
441 1964
195 448
280 448
322 448
448 529
448 795
449 721
449 1337
449 1485
449 1515
449 1762
449 1994
371 452
438 452
452 570
452 1029
452 1119
452 1565
456 487
456 606
456 834
456 920
456 1108
456 1350
456 1576
456 1655
459 535
459 647
459 673
459 745
459 797
459 1069
459 1650
459 1687
459 1751
459 1819
140 465
173 465
434 465
465 1466
465 1668
277 474
395 474
474 489
474 902
481 800
481 1028
481 1396
481 1662
481 1907
257 492
416 492
423 492
492 559
492 736
492 840
492 1026
492 1086
492 1190
492 1200
285 495
358 495
495 843
495 1074
206 503
503 591
503 601
503 691
503 856
503 1024
503 1104
503 1316
503 1337
27 533
40 533
101 533
533 1282
533 1486
533 1925
107 543
312 543
543 837
543 906
543 994
543 1038
543 1061
543 1143
543 1267
543 1347
543 1382
543 1543
543 1626
543 1701
91 550
550 870
550 921
550 1633
550 1676
446 552
552 616
552 1031
552 1252
552 1434
552 1613
336 557
399 557
531 557
557 844
557 852
557 872
557 940
557 1027
557 1261
557 1436
557 1710
285 562
406 562
562 843
562 964
562 1043
562 1068
562 1248
562 1323
562 1339
562 1438
562 1459
562 1517
335 567
567 693
567 777
567 1093
567 1431
567 1924
506 579
572 579
579 1059
579 1157
579 1435
149 591
304 591
569 591
591 856
591 1298
591 1392
591 1568
591 1721
589 594
470 595
595 1054
595 1593
595 1693
595 1712
606 824
450 620
620 869
620 891
620 1228
620 1672
620 1985
116 622
421 622
622 1203
622 1655
622 1789
622 1839
622 1971
245 624
624 749
624 761
624 786
624 896
624 1249
450 629
629 1215
629 1848
161 643
416 643
555 643
643 1454
643 1547
643 1794
643 1944
643 1976
161 660
395 660
534 660
660 1116
660 1422
669 957
457 686
686 786
686 962
686 1377
686 1670
27 709
139 709
709 716
709 861
709 1033
709 1156
709 1568
106 711
198 711
711 1124
711 1368
711 1475
711 1944
569 713
654 713
713 901
713 904
713 1006
713 1165
713 1178
713 1245
713 1376
713 1471
713 1576
713 1618
713 1670
713 1810
89 715
133 715
239 715
715 746
715 1100
265 716
716 861
716 1033
716 1288
730 969
730 1906
252 742
611 742
742 813
742 1109
516 743
696 743
743 1090
743 1537
743 1902
107 750
750 985
750 1251
750 1675
280 760
521 760
596 760
760 1384
760 1475
420 766
766 966
766 1220
766 1392
766 1649
107 779
384 798
798 1243
798 1297
798 1578
798 1702
799 868
799 1127
799 1155
799 1232
799 1373
799 1956
381 824
139 840
805 840
840 905
840 1086
840 1190
840 1200
840 1984
843 1068
843 1074
843 1339
843 1383
843 1459
843 1481
843 1593
843 1876
19 852
852 950
852 992
852 1850
166 856
581 856
856 1298
856 1337
856 1646
856 1815
858 1687
858 1788
245 865
326 865
358 865
865 1082
865 1234
865 1315
865 1725
781 869
794 869
869 1672
869 1800
869 1889
229 872
246 872
872 1891
222 880
464 880
880 1070
880 1518
891 1903
548 893
893 1187
893 1530
708 901
901 914
901 1576
901 1932
484 902
902 1911
682 950
950 992
950 1632
950 1936
111 957
357 957
957 1329
305 966
672 966
966 1220
170 980
980 1798
19 989
499 989
994 1038
994 1130
994 1273
994 1543
994 1626
994 1804
994 1823
994 1959
254 1000
1000 1085
1000 1233
1000 1252
1000 1454
1000 1617
1007 1297
1007 1835
106 1025
412 1025
1025 1320
1025 1673
276 1028
1028 1599
1028 1662
1028 1770
1028 1907
616 1031
1031 1362
1031 1613
861 1033
256 1037
650 1037
393 1041
1041 1084
1041 1132
1041 1469
1041 1488
1041 1987
1045 1871
1045 1934
628 1060
574 1061
744 1061
1061 1863
350 1068
1068 1248
1068 1459
1068 1481
1068 1569
501 1070
1070 1232
1070 1678
1070 1830
62 1074
281 1074
372 1074
1074 1208
1074 1593
1074 1876
1085 1233
89 1100
133 1100
145 1104
680 1104
445 1109
682 1109
905 1109
1109 1255
1109 1468
1109 1500
1109 1882
821 1122
964 1122
1122 1577
19 1150
699 1150
1150 1489
1155 1410
1155 1915
142 1163
150 1163
340 1163
1163 1604
1163 1861
736 1168
1168 1373
1168 1451
1168 1656
243 1177
661 1177
945 1177
1177 1627
915 1200
1036 1200
1200 1540
170 1207
1207 1663
1207 1985
240 1214
1214 1333
1214 1352
1214 1752
1214 1942
477 1215
485 1215
554 1215
1215 1456
1215 1848
1215 1902
501 1232
1232 1812
1232 1956
191 1234
518 1234
1234 1248
1234 1315
1234 1383
1234 1516
1234 1628
1234 1661
1234 1851
413 1241
918 1241
1241 1469
518 1248
1248 1383
1248 1628
540 1282
763 1282
1059 1286
1286 1443
942 1298
1298 1392
645 1305
1305 1478
1305 1947
1253 1315
1337 1485
1337 1815
148 1359
384 1359
1359 1660
1359 1671
1359 1781
1127 1373
1383 1851
810 1394
1394 1397
1394 1416
1394 1566
1394 1842
162 1410
279 1410
374 1410
1410 1978
247 1431
1119 1431
1431 1616
1431 1924
258 1446
1417 1446
193 1448
1448 1488
1448 1703
1451 1686
161 1454
555 1454
1454 1617
1132 1469
1469 1488
1469 1612
1469 1703
1124 1475
1368 1475
1475 1755
1059 1481
314 1518
1079 1518
1518 1754
847 1547
1547 1944
822 1565
936 1565
1145 1565
1565 1838
414 1616
961 1616
1607 1616
879 1617
161 1632
440 1632
469 1634
703 1634
833 1634
920 1655
1655 1789
1655 1839
234 1662
1123 1662
1662 1907
913 1668
1558 1668
47 1672
838 1672
1672 1800
1672 1855
915 1673
556 1678
1378 1678
1678 1830
582 1686
603 1686
958 1686
386 1694
1032 1751
210 1754
1527 1754
311 1781
1745 1781
521 1794
661 1794
702 1794
1794 1839
384 1800
755 1800
1592 1800
337 1812
1378 1812
1789 1839
1839 1990
797 1861
1784 1861
1651 1871
1871 1934
213 1880
717 1880
1256 1885
1885 1947
847 1910
107 1911
723 1911
1301 1911
1561 1922
633 1924
848 1934
1556 1934
318 1935
1322 1935
295 1946
466 1946
1071 1946
1635 1956
243 1959
945 1959
1457 1959
1228 1985
793 1990
1806 1990
19 27
27 40
27 46
27 47
27 76
27 88
27 91
27 101
27 106
27 139
27 140
27 143
27 149
27 150
27 157
27 170
27 193
27 219
27 273
27 403
27 415
27 426
27 627
27 662
27 696
27 706
27 751
27 759
27 857
27 897
27 917
27 927
27 936
27 971
27 972
27 1089
27 1114
27 1115
27 1156
27 1159
27 1192
27 1203
27 1303
27 1356
27 1422
27 1426
27 1465
27 1535
27 1556
27 1568
27 1574
27 1669
27 1714
27 1733
27 1742
27 1783
27 1808
27 1811
27 1863
27 1906
27 1908
27 1916
27 1925
27 1970
68 236
68 276
68 362
68 373
68 461
68 607
68 638
68 807
68 1223
68 1306
68 1458
68 1516
68 1531
68 1532
68 1738
139 171
139 195
139 322
139 402
139 511
139 558
139 614
139 805
139 905
139 944
139 963
139 972
139 1621
139 1779
139 1996
145 148
145 364
145 498
145 680
145 719
145 727
145 1101
145 1223
145 1274
145 1814
145 1846
145 1864
148 258
148 340
148 361
148 384
148 408
148 471
148 894
148 1004
148 1116
148 1145
148 1259
148 1272
148 1511
148 1542
148 1660
148 1671
148 1772
148 1896
148 2000
171 174
171 195
171 266
171 334
171 402
171 496
171 501
171 532
171 558
171 590
171 602
171 793
171 1231
171 1239
171 1284
171 1334
171 1572
171 1621
171 1697
171 1702
171 1759
171 1793
171 1926
89 215
215 277
215 511
215 575
215 913
215 1909
236 362
236 733
236 928
236 1174
236 1181
236 1340
236 1458
236 1738
149 238
150 238
238 516
238 866
238 977
238 1299
133 258
258 612
258 754
258 1004
258 1270
258 1417
258 1802
258 1837
258 1912
246 277
277 395
277 443
277 556
277 687
277 1827
243 278
278 350
278 367
278 394
278 611
278 661
278 678
278 924
278 1001
278 1219
278 1362
278 1380
278 1440
278 1457
278 1468
278 1967
142 340
150 340
340 361
340 384
340 470
340 558
340 755
340 867
340 1040
340 1094
340 1542
340 1592
340 1896
340 2000
361 878
361 1272
361 1639
361 1793
111 362
362 807
362 1516
362 1738
362 1767
64 367
143 367
367 536
367 811
367 1236
367 1362
367 1376
367 1555
367 1631
367 1834
367 1972
177 368
247 368
368 815
368 1236
368 1324
368 1435
368 1536
368 1987
117 371
371 438
371 570
371 1119
371 1146
371 1773
111 394
161 394
394 461
394 611
394 676
394 700
394 735
341 400
400 407
400 707
400 834
400 1090
400 1380
400 1778
400 1941
117 407
407 509
407 665
407 707
407 791
407 898
407 951
407 996
407 1044
407 1090
407 1135
407 1182
407 1333
407 1527
407 1541
407 1689
407 1716
407 1862
438 443
438 570
438 1029
438 1179
438 1317
438 1644
438 1744
443 526
443 540
443 1419
443 1615
443 1644
484 650
484 1612
516 696
516 977
516 1090
516 1092
516 1473
516 1537
182 524
216 524
524 582
524 672
524 912
524 973
524 1294
524 1335
524 1437
524 1520
524 1569
524 1724
524 1736
526 1419
526 1615
526 1644
526 1833
166 535
535 581
535 647
535 663
535 745
535 836
535 942
535 1444
535 1563
535 1860
582 589
582 603
582 770
582 828
582 873
582 912
582 958
582 1287
582 1294
582 1335
582 1437
582 1450
582 1476
582 1520
582 1691
582 1707
582 1883
582 1937
582 1967
582 1983
230 603
351 603
603 680
603 828
603 837
603 873
603 958
603 1067
603 1245
603 1691
603 1727
603 1849
592 634
634 670
413 637
637 764
637 878
637 1756
403 649
649 884
649 1209
649 1316
649 1582
269 673
451 673
673 752
673 1361
673 1820
676 975
680 1269
680 1296
707 879
707 1105
707 1611
707 1685
707 1778
727 1088
727 1437
727 1681
727 1864
421 764
764 907
764 1001
764 1181
764 1683
268 778
778 1094
778 1838
117 791
791 1182
791 1333
791 1586
791 1833
471 805
618 805
805 1012
805 1870
805 1984
733 807
807 861
807 1020
807 1158
807 1516
807 1767
181 828
274 828
828 873
828 1245
828 1287
828 1849
828 1986
106 874
723 874
874 1843
450 912
912 1120
912 1408
912 1520
912 1707
821 972
964 972
972 1269
972 1442
972 1523
401 973
832 973
873 973
973 986
973 1083
973 1491
973 1641
973 1724
973 1736
973 1791
991 1189
991 1372
661 1001
945 1001
1001 1338
1001 1380
347 1004
1004 1116
1004 1638
507 1088
1088 1092
1088 1411
1088 1598
747 1101
1101 1277
1101 1846
161 1116
534 1116
1116 1164
1116 1422
1116 1638
1116 1788
177 1236
247 1236
1236 1834
904 1245
1006 1245
1245 1471
662 1272
1073 1272
1272 1772
291 1296
521 1296
661 1296
1296 1815
1278 1338
1338 1355
1349 1903
616 1362
230 1404
286 1404
312 1404
1404 1690
1404 1949
131 1491
1003 1491
1136 1491
1491 1641
847 1615
1433 1615
1615 1900
1615 1993
40 1638
262 1638
541 1638
1638 1802
739 1697
1078 1697
1697 1759
1697 1926
227 1742
345 1772
413 1778
918 1778
1688 1778
1084 1987
62 182
182 191
182 210
182 216
182 314
182 396
182 478
182 542
182 555
182 631
182 657
182 672
182 822
182 892
182 1018
182 1166
182 1193
182 1427
182 1559
182 1681
193 397
193 527
193 783
193 857
193 927
193 1146
193 1190
193 1488
193 1492
193 1703
193 1877
115 206
206 345
206 379
206 409
206 411
206 565
206 601
206 853
206 854
206 939
206 1162
206 1325
206 1402
206 1482
206 1836
206 1988
210 305
210 314
210 855
210 922
210 1126
210 1393
210 1496
210 1527
210 1554
210 1659
210 1916
47 219
91 219
219 347
219 576
219 646
219 782
219 969
229 240
240 628
240 681
240 688
240 990
240 1333
240 1352
240 1707
240 1819
314 555
314 1079
314 1341
314 1659
199 318
318 344
318 561
318 580
318 602
318 625
318 882
318 1002
318 1166
318 1173
318 1192
318 1302
318 1322
318 1332
318 1366
318 1400
318 1660
318 1741
342 689
342 860
342 932
342 1154
342 1711
345 379
345 409
345 585
345 690
345 706
345 853
345 975
345 978
345 995
345 1102
345 1325
345 1561
345 1696
345 1867
345 1943
354 402
354 702
354 763
354 842
354 1106
354 1464
228 379
379 853
379 854
379 1260
379 1988
195 402
402 558
402 1284
402 1464
411 565
411 577
411 802
411 1065
411 1382
411 1402
411 1482
411 1597
411 1715
107 417
286 417
312 417
417 747
417 1111
140 434
173 434
434 570
434 1271
142 527
204 527
527 722
527 1121
527 1125
527 1441
527 1966
88 544
133 544
544 726
544 921
544 1276
544 1692
544 1886
161 555
334 555
416 555
555 822
555 1618
561 636
561 881
561 1131
561 1144
561 1332
561 1388
561 1741
471 618
618 1012
618 1494
618 1852
618 1870
76 627
157 627
627 640
627 1270
627 1512
572 640
640 1012
640 1052
640 1270
640 1327
640 1370
162 646
195 646
646 929
646 969
646 1010
646 1319
295 657
587 657
633 657
657 892
521 679
661 679
679 702
679 1438
679 1470
140 681
593 681
681 1114
690 720
690 839
690 862
690 881
690 978
690 1561
726 819
726 921
726 1046
726 1153
689 731
731 788
731 943
731 1154
731 1159
731 1336
731 1599
731 1633
739 884
739 942
739 1078
739 1371
739 1528
739 1821
91 771
655 771
204 788
357 788
788 1108
788 1154
788 1159
788 1183
788 1581
788 1972
46 802
279 802
372 802
822 936
822 1145
822 1838
860 1267
860 1711
860 1997
787 892
892 1559
655 921
921 1676
921 1886
194 922
765 922
922 1126
922 1364
357 949
463 949
949 1050
949 1477
949 1986
177 978
770 978
978 1184
978 1221
978 1546
978 1561
978 1761
234 1052
747 1052
1052 1679
1052 1981
1153 1719
311 1211
1211 1823
265 1278
988 1278
1180 1291
1145 1330
1330 1597
256 1336
330 1336
529 1336
1336 1692
1355 1609
1043 1438
1323 1438
1438 1470
1438 1517
116 1511
1203 1511
1412 1511
1511 1671
1511 1890
177 1546
1546 1764
662 1559
1073 1559
1559 1827
1559 1961
266 1564
1034 1564
1419 1644
403 1659
1195 1659
525 1696
1563 1696
40 1719
1630 1719
419 1741
806 1764
873 1883
958 1883
341 1886
1771 1886
175 1915
414 1915
426 1915
478 1930
565 1930
234 1938
747 1938
1679 1938
453 1957
40 62
62 86
62 175
62 216
62 281
62 286
62 291
62 349
62 372
62 489
62 507
62 531
62 855
62 871
62 924
62 1039
62 1058
62 1208
62 1398
62 1460
62 1512
62 1735
62 1783
47 91
91 320
91 487
91 576
91 601
91 645
91 655
91 782
91 833
91 983
91 1093
91 1159
91 1235
91 1237
91 1515
91 1677
91 1684
91 1771
91 1845
91 1856
116 421
116 472
116 717
116 1182
116 1203
116 1412
116 1521
116 1890
116 1893
116 1971
106 198
198 418
198 1081
198 1124
198 1187
198 1975
199 212
212 243
212 268
212 476
212 621
212 1199
212 1242
142 237
237 269
237 607
237 864
237 1293
237 1974
264 597
264 1378
264 1558
264 1738
264 1845
269 451
269 547
269 571
269 752
269 1361
161 281
177 281
257 281
281 291
281 372
281 395
281 498
281 841
281 925
281 1118
281 1637
281 1667
305 337
305 423
305 672
305 719
305 918
305 985
305 1230
305 1257
305 1721
305 1801
337 556
337 672
337 985
337 1375
337 1378
337 1575
421 717
421 907
421 945
421 1203
421 1412
421 1493
111 463
357 463
463 541
463 971
463 1050
463 1477
142 470
470 648
470 753
470 839
470 867
470 954
470 1247
470 1627
470 1958
470 1962
477 485
477 496
477 517
477 554
477 808
477 909
477 1023
477 1141
477 1456
477 1522
477 1706
477 1765
477 1860
46 486
143 486
486 502
486 671
486 1430
486 1567
432 502
502 875
502 1500
570 1119
570 1146
570 1271
257 592
334 592
416 592
592 734
592 967
592 1129
592 1744
592 1876
140 593
291 593
593 625
593 1114
593 1118
593 1251
593 1387
593 1723
593 1818
466 621
208 630
252 630
630 1712
630 1888
655 737
655 857
655 1216
672 985
672 1193
672 1230
672 1363
672 1375
672 1575
734 1129
734 1205
734 1419
734 1583
734 1744
734 1791
734 1876
227 801
801 913
801 1131
801 1225
801 1229
801 1279
801 1444
801 1917
401 832
405 832
832 873
832 1015
832 1083
832 1929
489 855
855 1783
855 1864
64 870
870 1633
907 1181
413 918
918 1688
924 1468
924 1735
936 971
971 1669
324 1054
1054 1593
1054 1712
291 1118
1118 1387
1118 1953
506 1129
1129 1198
881 1131
1131 1144
1131 1279
1131 1388
1131 1643
1131 1666
1131 1727
1174 1181
107 1251
1251 1603
1251 1675
1251 1818
571 1257
1257 1721
331 1393
883 1393
1309 1393
1393 1411
1393 1901
1419 1583
1419 1997
913 1558
150 1575
1040 1575
1094 1575
40 1583
605 1583
1583 1791
1583 1997
689 1633
276 1676
1014 1676
439 1683
401 1791
986 1791
793 1818
1783 1818
645 1845
1771 1845
149 1929
304 1929
1253 1971
19 86
86 175
86 265
86 386
86 399
86 472
86 519
86 523
86 604
86 610
86 703
86 720
86 933
86 1134
86 1398
86 1533
142 150
142 204
142 505
142 580
142 587
142 722
142 753
142 867
142 933
142 960
142 1032
142 1121
142 1125
142 1247
142 1358
142 1480
142 1548
142 1553
142 1598
142 1604
142 1846
142 1958
175 216
175 304
175 315
175 414
175 426
175 507
175 531
175 854
175 1042
191 381
191 396
191 439
191 478
191 518
191 787
191 1132
191 1171
191 1238
191 1258
191 1416
191 1516
191 1549
191 1552
191 1661
191 1681
191 1748
191 1942
106 199
111 199
161 199
199 243
199 344
199 382
199 424
199 602
199 625
199 632
199 725
199 882
199 899
199 1064
199 1166
199 1192
199 1242
199 1718
199 1814
199 1831
168 222
222 280
222 412
222 464
222 521
222 752
222 815
222 983
222 1023
222 1436
222 1825
265 386
265 759
265 988
265 1265
265 1288
265 1828
46 280
195 280
280 322
280 339
280 412
280 469
280 508
280 521
280 566
280 596
280 687
280 983
280 1356
280 1555
280 1589
280 1879
140 291
291 372
291 489
291 509
291 521
291 661
291 666
291 1022
46 299
101 299
279 299
299 372
299 430
299 904
299 955
299 1091
299 1096
299 1658
299 1777
299 1897
239 311
311 329
311 1137
311 1745
306 344
344 580
344 625
344 899
344 903
204 373
373 467
373 929
373 1014
373 1095
205 432
330 432
432 505
432 984
432 1500
432 1508
432 1887
40 439
115 439
168 439
439 462
439 1258
439 1748
254 467
366 467
467 494
467 929
467 1062
467 1063
467 1095
467 1134
467 1307
467 1459
467 1520
489 584
489 1783
505 580
505 1400
505 1461
580 587
580 933
580 1302
462 741
741 1950
451 752
752 1023
170 759
706 759
800 958
800 1646
806 818
806 1141
806 1238
862 899
899 1677
904 1006
904 1035
904 1165
904 1196
904 1376
904 1471
904 1777
904 1897
162 929
195 929
929 1014
507 955
955 1489
955 1737
276 1014
131 1032
295 1032
896 1032
1032 1213
1032 1598
1032 1811
501 1072
836 1072
1072 1463
1072 1857
1086 1190
346 1098
382 1098
608 1098
1098 1127
1098 1311
1098 1594
393 1132
1132 1171
1132 1235
1132 1612
472 1134
1134 1977
1156 1185
1156 1568
117 1182
1182 1909
111 1185
1185 1399
1185 1865
1258 1748
863 1265
944 1265
1196 1265
674 1302
723 1302
1140 1302
1302 1322
1009 1311
1311 1753
508 1322
1400 1461
1189 1461
1461 1472
905 1468
1255 1468
1468 1882
19 1489
699 1489
793 1497
1081 1497
1497 1965
285 1521
1364 1521
1521 1787
262 1525
541 1525
862 1622
581 1646
1141 1706
462 1745
1105 1745
46 1777
1777 1897
1609 1834
1162 1865
1325 1865
569 1879
1640 1879
1735 1879
1879 1941
913 1909
1090 1941
487 1977
19 46
19 111
19 127
19 208
19 228
19 335
19 406
19 440
19 472
19 499
19 523
19 699
19 821
19 1138
19 1167
19 1210
19 1256
19 1329
19 1345
19 1415
19 1447
19 1507
19 1850
19 1917
19 1970
40 46
46 47
46 101
46 143
46 162
46 195
46 279
46 339
46 372
46 469
46 508
46 525
46 729
46 762
46 1049
46 1067
46 1095
46 1096
46 1120
46 1148
46 1206
46 1292
46 1295
46 1507
46 1567
46 1584
46 1620
46 1969
106 111
106 140
106 161
106 170
106 382
106 412
106 418
106 488
106 691
106 723
106 755
106 810
106 864
106 1081
106 1089
106 1187
106 1303
106 1320
106 1484
106 1574
106 1752
106 1811
106 1843
106 1975
107 208
107 229
107 230
107 262
107 286
107 312
107 674
107 723
107 837
107 906
107 985
107 1026
107 1111
107 1144
107 1147
107 1267
107 1301
107 1603
111 161
111 208
111 252
111 357
111 382
111 393
111 461
111 468
111 541
111 616
111 632
111 700
111 705
111 738
111 821
111 845
111 1186
111 1329
111 1353
111 1661
149 150
149 304
149 445
149 569
149 682
149 866
149 905
149 931
149 1299
149 1422
149 1424
149 1640
149 1735
149 1739
149 1832
150 558
150 866
150 960
150 1040
150 1094
150 1114
150 1318
150 1424
150 1450
150 1551
150 1604
150 1734
150 1846
131 161
161 177
161 257
161 306
161 334
161 395
161 416
161 423
161 440
161 458
161 534
161 695
161 841
161 853
161 1147
161 1164
161 1618
161 1664
161 1788
166 581
166 663
166 1199
131 184
177 184
184 213
184 274
184 1287
184 1478
184 1606
184 1626
184 1829
194 213
213 717
213 765
213 784
213 811
213 1487
213 1626
213 1842
213 2000
229 246
229 262
229 424
229 674
229 688
229 723
229 990
229 1017
229 1087
229 1140
229 1301
229 1707
229 1891
229 1989
181 274
274 1478
274 1986
276 638
276 1062
276 1318
276 1599
276 1658
276 1792
347 826
347 1540
347 1852
234 350
350 648
350 867
350 1385
350 1569
350 1613
230 351
351 837
173 357
204 357
357 453
357 1015
357 1108
357 1477
357 1553
357 1581
357 1961
357 1986
418 722
418 1081
418 1126
418 1345
445 666
445 682
445 905
445 1277
445 1307
445 1313
445 1423
445 1500
445 1605
445 1739
445 1832
445 1892
419 453
453 542
453 597
453 612
453 1495
453 1722
453 1830
453 1961
460 1734
460 1897
461 607
461 700
461 735
461 926
461 1353
461 1600
461 1661
461 1688
493 890
493 940
115 525
525 762
525 1120
525 1206
525 1217
525 1403
525 1425
525 1563
243 661
521 661
661 702
661 945
661 1815
509 666
666 997
666 1277
666 1307
682 905
682 931
682 1255
682 1447
243 735
268 735
735 1099
735 1600
216 783
636 783
699 783
783 968
783 1043
783 1190
783 1480
783 1492
783 1704
783 1877
867 1385
330 890
529 890
890 940
969 1010
969 1906
115 1010
1010 1021
286 1111
140 1114
1199 1221
420 1292
1292 1572
429 1299
1299 1375
1299 1430
1256 1329
883 1353
1353 1571
1036 1540
658 1600
1600 1605
101 1877
88 89
89 117
89 133
89 202
89 239
89 604
89 647
89 718
89 721
89 732
89 746
89 965
89 993
89 1073
89 1519
89 1649
89 1829
89 1907
117 589
117 665
117 898
117 1135
117 1361
117 1640
117 1682
228 540
228 883
228 1042
228 1138
228 1167
228 1231
228 1347
228 1927
228 1970
127 242
242 247
242 401
242 514
242 581
242 695
242 785
242 882
242 1123
242 1195
242 1285
242 1493
242 1506
242 1914
273 403
403 426
403 534
403 631
403 670
403 738
403 884
403 947
403 1020
403 1063
403 1107
403 1191
403 1195
403 1209
403 1334
403 1426
403 1556
403 1595
403 1653
403 1750
403 1895
413 514
413 878
413 1688
446 494
446 547
446 616
446 639
446 767
446 960
446 1053
446 1239
446 1240
446 1327
446 1434
446 1502
446 1665
450 1120
450 1408
450 1554
450 1654
450 1770
450 1808
254 494
494 639
494 1062
494 1063
494 1307
494 1426
494 1520
494 1524
494 1890
540 763
540 1347
540 1927
547 693
547 767
547 960
547 1776
571 1773
386 604
399 604
604 993
604 1442
604 1519
604 1649
604 1699
496 639
517 639
639 1524
639 1567
639 1844
127 785
581 785
785 1285
785 1769
785 1799
785 1804
577 792
792 930
792 1078
506 1157
1157 1435
1157 1499
1157 1790
695 1195
1195 1539
1195 1980
476 1224
947 1224
1224 1391
1224 1645
1224 1708
1224 1875
587 1321
1003 1321
1136 1321
1321 1386
295 1391
896 1391
1201 1391
1391 1578
1391 1621
1391 1869
821 1442
1269 1442
1442 1523
131 1519
203 1519
491 1519
1519 1649
1519 1907
1243 1578
1578 1702
1578 1869
127 1654
468 1654
1654 1770
914 1708
1708 1875
733 1936
1629 1936
64 76
64 143
64 414
64 519
64 811
64 1716
64 1835
234 326
234 648
234 747
234 934
234 982
234 986
234 1006
234 1056
234 1123
234 1136
234 1679
243 268
243 517
243 725
243 945
243 1064
243 1219
243 1242
243 1358
243 1457
243 1551
268 476
268 480
268 934
268 997
268 1099
268 1652
268 1796
233 294
294 574
294 1016
294 1596
294 1795
114 326
245 326
326 358
326 772
326 1178
326 1390
364 584
364 651
364 705
364 719
364 1223
329 480
480 506
480 523
480 689
480 714
480 934
480 939
480 988
480 997
480 1039
480 1208
480 1219
480 1233
480 1867
252 513
513 611
513 876
513 1172
513 1242
513 1256
513 1306
513 1317
513 1374
513 1647
602 882
602 1231
602 1572
602 1718
602 1758
602 1881
626 651
651 1573
714 758
714 1083
714 1208
714 1219
714 1474
721 1515
721 1829
721 1899
725 909
725 1064
884 1078
884 1334
934 982
934 997
934 1006
934 1039
934 1056
688 990
47 1038
1038 1543
181 1099
1184 1221
821 1269
964 1269
1269 1523
830 1399
1367 1399
140 1596
47 1647
1675 1894
1141 1893
933 1894
1427 1894
76 114
76 157
76 245
76 1071
76 1512
76 1863
88 133
133 239
133 754
133 1175
133 1270
140 173
140 256
140 273
140 296
140 485
140 789
140 897
140 961
140 1058
140 1089
140 1466
140 1477
140 1484
140 1602
140 1679
140 1775
140 1855
273 534
273 897
273 917
273 937
273 954
273 1063
273 1204
273 1363
273 1460
273 1556
273 1724
273 1733
273 1808
40 293
293 408
293 995
293 1040
293 1254
293 1529
293 1774
203 341
341 638
341 740
341 1288
341 1535
341 1771
341 1975
408 995
408 1259
420 623
420 1649
420 1939
257 423
416 423
423 559
423 573
423 700
423 719
423 736
423 740
423 1044
423 1332
423 1341
423 1397
423 1566
414 426
426 751
426 947
426 1209
426 1426
426 1574
426 1595
426 1720
499 644
334 532
496 532
532 590
532 1603
532 1723
177 534
395 534
534 670
534 937
534 1063
534 1164
534 1422
534 1960
517 538
40 541
262 541
541 1802
573 1526
623 1097
623 1759
670 1020
670 1107
670 1960
700 740
740 1288
740 1507
393 751
751 936
751 1720
751 1906
821 964
507 871
871 1263
871 1328
871 1369
871 1611
871 1952
936 1145
936 1838
936 1906
936 1908
40 937
375 937
937 1138
937 1733
476 947
947 1209
947 1645
947 1653
947 1750
585 995
706 995
995 1040
995 1867
995 1943
733 1020
861 1020
1020 1107
558 1040
1040 1094
879 1050
1050 1106
1050 1197
1050 1573
1050 1952
195 1175
844 1175
1003 1175
1175 1492
1175 1747
1175 1854
1275 1813
1253 1369
1369 1611
1369 1921
1515 1856
1515 1899
1171 1552
1238 1552
879 1611
1105 1611
1611 1685
654 1653
590 1669
917 1669
576 1720
782 1720
1677 1720
1759 1926
462 1774
1774 1901
596 1850
697 1850
1314 1921
1560 1921
430 1960
1230 1960
181 1986
40 101
101 162
101 279
101 374
101 457
101 559
101 671
101 993
101 1022
101 1165
101 1180
101 1186
101 1193
101 1210
101 1372
101 1486
101 1620
101 1709
101 1925
101 1927
127 346
127 581
127 652
127 695
127 789
127 882
127 926
127 1312
127 1804
127 1914
320 336
320 396
320 795
320 1348
320 1439
320 1589
320 1785
457 786
457 838
457 962
457 1377
457 1650
457 1725
457 1927
457 1931
329 506
506 523
506 572
506 830
506 988
506 1198
506 1889
306 548
548 848
548 1453
548 1523
548 1753
430 572
572 781
572 794
572 830
572 1012
572 1184
572 1370
572 1490
572 1641
572 1868
572 1891
572 1951
174 584
584 705
584 737
584 847
584 877
584 932
584 1261
584 1313
589 770
589 1476
589 1967
708 914
708 1981
529 795
795 1348
810 830
830 1367
830 1748
830 1889
830 1898
830 1953
414 847
847 961
847 1313
847 1433
847 1651
847 1900
847 1993
194 848
848 1556
848 1570
848 1824
521 1022
1022 1186
1022 1193
1022 1285
174 1079
658 1079
1079 1341
1079 1386
1079 1943
162 1180
1180 1210
1180 1280
1180 1962
611 1256
876 1256
1256 1317
1271 1786
1271 1859
1271 1974
1277 1313
1307 1313
1313 1423
767 1327
1053 1327
719 1341
195 1348
1174 1348
174 1453
817 1453
1453 1523
720 1499
933 1499
1427 1499
1090 1541
1541 1716
1556 1606
797 1650
1650 1784
1158 1682
1629 1682
581 1769
1769 1799
322 1779
511 1779
781 1889
794 1889
1347 1927
753 1962
1247 1962
174 266
174 658
174 817
174 1386
174 1939
174 1943
246 285
246 395
246 406
246 424
246 536
246 556
246 687
246 845
246 1571
246 1666
246 1731
246 1827
246 1836
246 1888
246 1940
346 464
346 608
346 761
346 789
346 846
346 1113
346 1350
346 1594
346 1866
177 395
395 498
395 687
395 841
395 1667
257 416
334 416
416 576
416 698
416 1128
416 1925
399 519
519 1533
519 1923
47 576
576 782
576 1128
576 1677
487 644
610 644
335 693
693 777
693 797
693 1082
698 744
698 1925
698 1932
698 1945
761 784
761 1113
813 1005
813 1342
813 1534
817 1939
252 845
393 845
845 1186
845 1836
920 1473
920 1576
1082 1725
909 1128
1128 1229
1128 1695
834 1350
1108 1350
1424 1450
1450 1734
1476 1967
939 1836
1836 1940
1577 1940
1768 1940
1945 1958
1247 1958
47 143
47 838
47 1969
285 336
285 358
285 406
285 765
285 772
285 835
285 1043
285 1323
285 1342
285 1364
285 1581
285 1787
382 424
424 536
424 632
424 738
424 1087
424 1536
424 1831
143 536
536 1731
536 1972
203 638
638 1062
638 1318
638 1531
638 1535
638 1588
204 722
722 850
722 1345
722 1524
722 1966
758 998
758 1083
758 1089
758 1115
758 1474
758 1531
838 977
838 1509
838 1855
850 1013
850 1220
850 1228
850 1496
850 1766
850 1822
862 881
862 1189
862 1796
977 1405
977 1509
376 998
531 998
886 998
998 1115
998 1502
254 1062
1062 1063
1062 1318
1062 1658
1087 1243
1087 1536
1189 1472
245 1263
827 1263
1005 1342
1342 1550
391 1405
1121 1405
1121 1509
1524 1567
1089 1531
815 1536
372 1658
1091 1658
1658 1792
1154 1731
1159 1731
1599 1731
491 1792
835 1792
40 88
40 115
40 168
40 216
40 230
40 250
40 262
40 286
40 331
40 375
40 397
40 409
40 419
40 605
40 1095
40 1138
40 1191
40 1254
40 1486
40 1602
40 1630
40 1733
40 1802
114 245
114 358
114 772
114 996
114 1005
114 1071
114 1390
114 1747
114 1824
173 204
173 254
173 415
173 451
173 485
173 488
173 1015
173 1204
173 1466
173 1553
173 1602
173 1656
173 1690
202 608
202 718
202 1620
202 1761
216 262
216 304
216 315
216 628
216 636
216 699
216 1039
216 1043
216 1058
216 1460
216 1529
216 1905
208 230
230 286
230 312
230 397
230 1026
230 1067
230 1147
230 1167
230 1690
230 1698
230 1717
230 1949
262 674
262 1989
279 375
375 945
375 1138
375 1493
382 608
608 1127
608 1594
608 1652
608 1900
625 1192
625 1723
826 1784
905 931
905 944
905 1255
905 1447
905 1500
905 1832
863 944
944 1196
945 1380
945 1440
945 1457
945 1872
945 1967
873 958
295 1071
466 1071
1204 1363
626 1439
1227 1439
1439 1589
1439 1993
797 1784
574 1863
744 1863
732 1984
1816 1984
143 295
143 415
143 466
143 671
143 827
143 829
143 1115
143 1284
143 1303
143 1567
143 1716
143 1828
143 1969
143 1973
143 1992
194 374
194 717
194 765
194 866
194 1364
194 1487
194 1508
194 1557
194 1570
194 1698
194 1710
194 1755
194 1842
194 1998
131 295
295 447
295 466
295 587
295 633
295 749
295 794
295 885
295 896
295 968
295 1002
295 1201
295 1213
295 1452
295 1462
295 1621
295 1896
336 376
336 396
336 399
336 429
336 531
336 844
336 886
336 951
336 1027
336 1710
336 1785
162 374
279 374
374 1508
374 1895
381 518
381 590
381 1276
381 1635
401 405
401 514
401 873
401 986
401 1083
401 1123
401 1970
401 1988
429 1171
429 1430
464 815
466 851
466 1161
514 1123
514 1226
514 1493
514 1506
514 1665
195 518
334 518
496 518
518 590
518 917
518 1412
518 1506
518 1516
518 1549
518 1628
581 663
581 695
581 1312
581 1799
581 1804
496 590
590 917
590 1412
590 1506
590 1793
542 597
597 612
597 635
597 1378
597 1722
765 772
765 784
765 811
765 1364
765 1466
765 1842
765 1926
358 772
772 835
772 996
772 1178
772 1581
296 789
789 926
789 961
789 1301
789 1537
491 835
776 835
835 970
835 1581
897 917
917 1412
917 1733
926 1688
1124 1368
1368 1607
1368 1755
985 1375
556 1378
1466 1926
1484 1679
1500 1508
414 1607
961 1607
1137 1607
1549 1851
738 1895
1191 1895
115 168
168 462
168 777
168 1149
168 1179
168 1183
168 1585
239 254
239 329
239 746
239 762
239 965
239 1046
239 1135
239 1137
239 1314
177 257
257 334
257 458
257 559
257 596
257 667
257 700
257 914
257 925
257 981
257 1084
257 1206
257 1260
257 1357
257 1397
324 633
324 677
324 1160
324 1357
324 1528
324 1931
329 659
329 939
329 988
329 1137
412 755
412 810
412 983
412 1172
412 1320
412 1648
131 458
177 458
458 776
458 981
195 469
469 703
469 833
469 1009
485 554
554 1548
677 678
677 729
677 1340
677 1452
677 1722
523 703
610 703
703 720
703 833
703 933
703 1427
491 776
599 776
776 970
776 992
776 1385
776 1776
777 1273
777 1384
777 1585
833 983
833 1093
981 984
312 1009
1009 1018
1046 1135
1046 1768
1172 1648
1130 1273
1121 1548
1125 1548
1548 1553
881 1643
1144 1643
266 1648
1008 1648
208 252
208 1026
208 1415
208 1447
208 1577
208 1712
208 1717
208 1888
131 335
335 369
335 406
335 797
335 1164
335 1345
406 964
406 1043
406 1345
523 610
523 689
523 699
523 720
523 818
523 1066
523 1667
523 1867
523 1887
304 699
636 699
699 968
699 1043
699 1388
699 1480
699 1543
699 1704
699 1887
1138 1167
1138 1210
1138 1733
1067 1167
1167 1698
1415 1447
931 1447
700 1507
227 1917
1970 1988
88 586
88 605
88 1073
88 1192
88 1692
88 1714
88 1969
286 312
286 349
286 478
286 565
286 613
286 747
286 1144
256 349
349 478
349 1029
349 1112
349 1249
349 1837
396 478
478 565
478 631
478 787
478 1249
565 613
485 613
115 1217
749 1249
1249 1837
1276 1635
720 1427
933 1427
612 1837
1802 1837
1837 1912
696 1916
131 306
306 695
306 853
306 1522
391 667
391 1121
391 1309
391 1449
391 1787
415 451
451 1820
763 842
763 1854
909 1023
909 1229
909 1695
909 1765
1225 1229
1253 1765
1582 1870
1753 1797
1372 1797
1421 1797
585 706
233 250
233 431
233 574
233 614
233 1928
315 431
431 1928
574 744
574 1991
797 1164
195 952
322 952
844 952
952 1866
983 1093
1164 1788
542 1786
1166 1786
1786 1859
1786 1974
607 1974
1293 1974
959 1991
256 330
256 529
256 650
256 863
256 1029
256 1112
256 1354
256 1477
256 1494
256 1625
256 1695
256 1715
256 1775
256 1950
650 1612
611 678
678 1340
678 1452
678 1722
678 1832
339 729
508 729
729 1049
841 1667
1016 1420
1016 1474
1016 1914
531 1027
1027 1113
1027 1710
1029 1112
1029 1317
1029 1354
1029 1625
1029 1695
1029 1976
409 1162
1162 1325
1174 1340
915 1354
1354 1625
1083 1474
205 330
205 645
205 938
205 984
205 1532
205 1614
205 1628
205 1704
205 1882
250 586
250 931
250 1602
250 1775
384 755
384 1243
384 1592
509 812
509 951
509 996
509 1587
586 931
586 965
556 665
665 863
665 898
665 1689
665 1862
376 767
399 767
767 960
767 1053
767 1776
203 915
491 915
915 1036
746 965
1220 1228
1228 1496
1228 1766
1228 1857
254 1252
897 1434
746 1587
834 1689
1380 1689
1689 1862
195 1702
496 1702
1043 1704
491 1776
992 1776
1255 1882
254 366
366 773
366 930
366 1096
366 1408
442 1057
254 488
415 488
488 1526
304 569
569 654
569 1178
569 1640
569 1670
569 1735
577 732
577 930
577 1078
577 1124
577 1324
577 1597
577 1816
577 1898
577 1920
577 1980
648 954
648 1627
674 723
723 864
723 903
723 1140
723 1301
903 1810
954 1627
115 1021
1021 1933
868 1149
1149 1179
195 1174
322 1174
511 1174
521 1384
1120 1408
227 1763
245 1843
1487 1843
157 177
157 247
157 376
157 1512
170 691
170 706
170 1752
170 1798
254 415
415 829
415 1115
415 1303
415 1526
414 662
447 662
662 701
662 1073
662 1203
662 1247
662 1827
696 1090
696 1092
706 975
706 1102
706 1595
706 1867
706 1996
397 857
857 927
857 1053
857 1146
857 1160
857 1173
857 1498
857 1868
857 1937
599 897
793 927
927 1081
1089 1303
1115 1303
1115 1502
1115 1828
1154 1159
1159 1235
1159 1599
1192 1660
1192 1814
1192 1969
1203 1412
1203 1890
1303 1811
1303 1828
339 1356
397 1356
508 1356
1356 1589
1422 1535
1063 1426
1307 1426
1426 1574
1426 1890
1267 1465
1312 1465
203 1535
1568 1721
755 1574
810 1574
876 1714
948 1714
1733 1808
793 1783
1554 1808
896 1811
1213 1811
1906 1908
1443 1908
227 615
227 1642
252 393
393 616
393 982
393 1197
393 1235
393 1423
393 1949
393 1992
414 447
414 663
414 701
414 854
414 961
414 1065
414 1137
414 1433
414 1651
131 447
447 587
447 633
447 663
447 749
447 967
339 566
566 687
566 1555
615 745
615 1326
701 1247
701 1816
647 745
745 836
745 1860
782 1036
782 1677
784 811
811 1376
878 1639
878 1793
358 1005
996 1005
1005 1550
700 1084
753 1247
1247 1358
1165 1376
1376 1555
1376 1631
1555 1631
1577 1701
1577 1768
837 1701
1701 1768
645 1771
732 1816
131 177
177 247
177 498
177 770
177 925
177 1206
177 1260
177 1287
177 1357
177 1435
177 1542
177 1699
177 1737
177 1829
177 1869
247 815
247 1066
247 1119
247 1324
247 1821
376 399
376 531
376 886
647 732
732 877
732 886
770 1030
770 1184
770 1737
770 1761
770 1844
815 1066
815 1324
819 1133
531 886
913 1444
818 1066
1119 1146
1119 1449
1119 1821
556 1133
863 1133
738 1191
647 1444
942 1444
1449 1787
369 1472
1169 1472
1609 1693
898 1642
1642 1798
507 1737
471 1852
1012 1852
162 195
162 279
162 1280
162 1978
115 430
430 1230
430 1339
430 1367
430 1736
430 1891
773 930
773 1013
781 794
781 1112
781 1868
781 1933
781 1951
794 1896
1013 1323
1013 1584
501 1239
1239 1586
1333 1586
266 331
266 829
266 883
266 1008
266 1034
331 883
331 1309
331 1411
331 1901
339 508
339 687
471 846
471 1012
334 501
501 746
501 793
501 836
501 1334
501 1463
501 1533
587 633
633 1160
659 1201
659 1966
755 810
810 1397
810 1748
810 1898
647 836
836 942
836 959
836 1860
1034 1785
1057 1080
896 1201
1002 1201
1201 1621
1012 1225
1184 1225
1225 1314
1225 1619
1135 1314
1314 1560
1397 1416
1238 1416
1416 1842
1416 1942
1463 1533
1463 1963
399 1533
1533 1963
932 1560
1560 1951
700 1566
951 1785
1498 1857
914 1932
1238 1942
254 279
254 762
254 1051
330 984
984 1614
984 1887
1006 1056
1056 1913
334 1603
496 1603
115 181
115 419
115 462
115 939
115 1080
115 1367
115 1403
115 1736
181 787
1300 1820
386 399
386 405
386 718
386 724
386 1699
386 1828
399 405
399 531
399 718
399 844
399 940
399 1261
399 1420
399 1436
399 1699
405 718
405 724
405 873
405 885
405 1035
405 1420
405 1873
195 511
322 511
511 614
511 851
511 963
511 1169
511 1222
511 1718
521 596
521 697
521 702
521 1815
334 596
596 667
596 674
596 697
131 697
697 1289
697 1579
632 724
724 885
724 1035
724 1335
724 1912
733 861
733 928
733 1158
733 1490
733 1629
834 1108
834 1380
866 1557
131 885
885 968
885 1035
885 1452
885 1873
997 1039
1039 1058
1039 1233
1039 1457
1039 1529
1059 1594
1090 1092
1090 1537
1380 1440
1380 1872
720 1443
839 1443
1205 1443
1012 1490
1184 1490
1490 1629
1490 1641
1490 1709
1631 1758
1631 1762
1620 1709
1124 1755
1755 1998
1231 1758
1758 1762
195 322
195 334
195 496
195 614
195 844
195 851
195 1003
195 1222
195 1259
195 1319
195 1371
195 1492
195 1747
195 1866
322 844
334 496
334 674
334 793
334 1147
334 1259
334 1456
334 1618
654 1178
654 1618
844 940
844 1003
844 1492
844 1866
647 942
942 959
942 1371
942 1528
131 1003
587 1003
938 1003
1003 1136
1003 1386
1003 1747
1003 1854
1259 1371
1259 1639
1371 1639
1371 1821
1528 1931
1639 1793
1724 1736
245 358
358 996
358 1178
358 1747
358 1824
607 864
607 1293
607 1377
1121 1125
1125 1553
1364 1787
1420 1914
498 1806
542 612
612 1722
612 1802
612 1830
312 747
747 1277
747 1679
747 1981
396 787
793 1806
1058 1998
1460 1998
1905 1998
1896 2000
304 636
315 636
636 968
636 1388
636 1994
556 863
863 1196
863 1715
1006 1196
1065 1715
1715 1950
462 1950
961 1065
1065 1137
1065 1382
975 1102
1102 1161
1102 1530
1102 1996
1294 1335
1294 1569
1294 1739
312 1382
1187 1530
1235 1691
1684 1691
1691 1727
1691 1766
881 1727
1666 1727
485 1855
1602 1855
397 409
397 1146
397 1482
397 1873
409 1325
409 1482
409 1873
1095 1295
667 1254
1254 1529
485 1602
1802 1912
245 599
245 749
245 786
245 827
245 896
245 1483
245 1487
245 1747
296 369
296 812
296 961
296 962
296 1058
296 1301
296 1366
296 1537
369 812
369 1169
330 645
645 1158
645 1478
645 1532
837 906
837 1143
837 1347
846 1866
846 1892
762 1067
1067 1352
508 1390
1390 1913
1402 1482
1482 1873
330 1494
1649 1907
462 1105
462 1901
1220 1237
1220 1240
1220 1498
1220 1766
1411 1901
131 203
131 491
131 587
131 896
131 938
131 1136
131 1287
131 1289
131 1328
131 1452
131 1462
131 1522
131 1699
396 542
396 631
396 951
396 1018
674 1140
674 1989
1026 1147
1147 1456
1147 1664
1147 1849
879 1197
1106 1197
1235 1684
1235 1766
1235 1992
853 1260
854 1260
1260 1357
1260 1542
1297 1374
485 1456
1488 1703
304 1664
1388 1664
1543 1664
1664 1849
873 1849
1284 1992
487 601
487 610
487 1495
1030 1198
736 1097
1097 1148
1097 1557
1073 1827
279 372
279 1051
279 1091
279 1978
372 1091
372 1096
372 1208
372 1512
508 1589
508 1913
762 1120
762 1352
762 1425
1049 1280
930 1096
1120 1206
1120 1425
736 1148
1148 1557
1148 1635
1148 1853
925 1206
925 1295
928 1295
1295 1584
1323 1584
717 1487
1372 1421
1372 1919
1421 1919
1165 1810
1213 1919
203 491
491 599
491 970
491 992
491 1326
491 1767
601 610
610 818
719 1223
818 1238
818 1308
1012 1184
1012 1370
1012 1870
1121 1441
1184 1619
1184 1641
1184 1761
1184 1844
1044 1332
1332 1366
961 1366
1058 1366
705 1619
737 1619
1202 1619
1516 1767
330 1887
877 1899
932 1899
1859 1899
658 1433
658 1605
658 1943
842 1106
842 1279
842 1370
906 1143
252 982
982 986
1136 1386
883 1571
542 1018
542 1166
542 1495
542 1830
876 948
882 1166
203 1588
203 1975
304 312
304 315
304 628
304 1222
304 1543
312 1018
312 1222
312 1267
312 1690
851 1222
753 1358
898 1640
1361 1640
1640 1735
951 996
951 1044
330 529
330 1158
330 1614
330 1692
599 827
599 1320
599 1326
599 1385
587 938
896 938
938 1983
1081 1187
1187 1975
883 1309
1309 1425
1309 1674
1309 1684
1326 1517
1317 1976
1625 1976
1043 1517
671 827
827 1320
827 1973
879 1105
879 1106
879 1573
879 1952
587 896
896 1002
896 1213
896 1983
507 531
507 1042
507 1328
507 1411
252 1306
876 1306
1306 1374
1306 1532
1532 1628
531 1261
961 1058
1058 1460
1058 1529
1058 1905
1208 1219
1208 1512
1363 1460
1460 1905
1158 1629
204 1966
1024 1316
1316 1440
1316 1585
793 1334
1440 1872
961 1651
1761 1844
632 1831
851 1161
1458 1544
1458 1614
1458 1799
1516 1549
1516 1661
755 1592
985 1230
985 1363
985 1801
898 1135
1135 1361
1452 1462
1452 1722
705 737
705 1202
737 877
737 932
737 1053
737 1202
737 1261
737 1608
737 1859
1145 1597
252 611
252 876
252 1186
252 1242
252 1888
315 1143
315 1685
559 671
559 736
559 1026
559 1165
559 1973
695 853
695 882
695 1312
695 1539
736 1026
736 1557
736 1656
868 1024
967 1592
485 1522
1024 1585
1267 1312
1462 1636
864 1377
962 1377
1231 1570
1570 1824
1747 1824
611 876
611 1317
611 1832
829 1008
720 839
720 933
720 1205
753 839
839 1205
975 1595
975 1996
1023 1436
1123 1506
1261 1436
960 1053
1053 1160
1053 1498
1053 1665
1053 1937
1143 1685
881 1144
1160 1173
1160 1357
1160 1498
1002 1173
1173 1868
1179 1216
986 1289
1006 1289
1136 1289
1289 1328
1289 1579
1289 1817
1328 1952
1064 1579
1213 1579
1579 1789
970 1608
1319 1608
1608 1881
1105 1685
1868 1951
204 1015
204 1581
204 1690
204 1972
877 1202
1202 1483
1226 1441
1226 1665
749 1483
960 1665
1387 1953
647 959
647 1687
718 1420
877 932
877 1859
812 962
485 1656
587 933
382 1127
382 1652
382 1900
939 1080
476 1652
1652 1796
1739 1892
529 1692
993 1978
1287 1829
614 851
614 963
614 1169
614 1718
983 1237
1237 1240
883 1684
1674 1684
1684 1766
960 1856
1318 1856
1171 1238
1238 1308
1367 1736
1367 1953
1078 1898
1324 1898
1898 1980
691 1402
930 1078
930 1124
930 1324
1597 1920
628 963
628 1819
517 808
808 970
808 1308
808 1817
898 1361
963 1718
970 992
970 1319
970 1881
1126 1554
932 1154
1154 1183
1154 1599
1179 1183
853 854
854 1988
476 1645
754 1904
1209 1595
1599 1770
1770 1928
1165 1973
626 1227
626 1993
986 1006
1006 1136
1035 1873
1112 1695
476 1069
587 1002
587 1136
587 1983
1230 1339
1230 1363
1230 1801
1335 1437
1411 1598
1534 1544
793 1081
1352 1752
1026 1717
1108 1550
1308 1539
616 1423
616 1949
632 738
700 1661
631 738
932 1859
496 517
517 1551
517 1817
517 1860
1544 1799
996 1044
996 1527
1747 1854
1412 1506
1307 1890
1190 1492
558 1284
558 1621
1593 1712
1593 1876
1335 1569
1335 1912
1043 1323
1599 1928
882 1718
882 1881
1543 1804
1626 1804
1106 1370
1127 1900
689 1667
932 1261
1496 1527
1363 1801
986 1136
1136 1817
873 1287
1287 1699
1287 1937
997 1233
997 1457
1307 1605
1423 1605
1078 1324
1078 1980
881 1666
876 1374
960 1318
960 1480
960 1551
1621 1996
961 1137
961 1537
1679 1981
968 1480
1015 1553
829 1284
829 1862
1284 1862
749 786
1178 1670
1317 1744
1744 1876
1094 1838
1357 1542
1542 1869
1542 1896
1357 1869
876 1989
1635 1853
1543 1626
935 1293
1293 1803
496 1793
496 1844
496 1860
1690 1949
1867 1943
883 1042
925 928
1064 1789
883 1411
883 1674
1240 1502
928 1227
851 1169
1900 1993
1064 1213
1064 1471
1718 1881
687 1888
1827 1888
1044 1527
1317 1625
1674 1905
1573 1952
1498 1937
1520 1707
1707 1983
1423 1949
873 986
986 1817
1233 1457
1457 1967
687 1827
935 1803
914 1981
1063 1307
1063 1459
1539 1980
1569 1613
1388 1543
1209 1750
1307 1423
873 1937
1307 1459
1307 1520
1520 1983
