1 2
1 3
1 4
1 5
1 6
1 7
1 8
1 11
1 12
1 14
1 17
1 24
1 26
1 27
1 31
1 39
1 50
1 51
1 53
1 54
1 67
1 69
1 75
1 85
1 88
1 102
1 104
1 107
1 110
1 142
1 145
1 154
1 163
1 164
1 170
1 189
1 208
1 249
1 255
1 266
1 277
1 291
1 297
1 337
1 342
1 352
1 365
1 366
1 378
1 383
1 444
1 450
1 452
1 485
1 487
1 576
1 588
1 589
1 634
1 647
1 669
1 671
1 687
1 693
1 709
1 725
1 753
1 765
1 791
1 830
1 841
1 855
1 865
1 979
1 982
1 990
1 996
1 1032
1 1054
1 1103
1 1113
1 1141
1 1160
1 1166
1 1197
1 1211
1 1239
1 1240
1 1244
1 1263
1 1268
1 1295
1 1329
1 1345
1 1379
1 1412
1 1473
1 1479
1 1503
1 1519
1 1527
1 1596
1 1607
1 1626
1 1639
1 1658
1 1720
1 1724
1 1788
1 1822
1 1865
1 1869
1 1892
1 1910
1 1943
1 1952
1 1982
2 3
2 4
2 5
2 7
2 8
2 9
2 10
2 13
2 14
2 27
2 35
2 36
2 37
2 50
2 51
2 52
2 58
2 59
2 61
2 62
2 65
2 68
2 69
2 72
2 75
2 92
2 97
2 98
2 115
2 130
2 141
2 144
2 149
2 153
2 156
2 157
2 158
2 174
2 180
2 195
2 203
2 205
2 214
2 235
2 243
2 246
2 250
2 255
2 266
2 282
2 286
2 289
2 310
2 315
2 323
2 331
2 351
2 378
2 382
2 400
2 412
2 417
2 446
2 460
2 466
2 502
2 505
2 506
2 544
2 557
2 587
2 600
2 634
2 641
2 648
2 679
2 697
2 715
2 729
2 732
2 793
2 796
2 814
2 830
2 846
2 848
2 850
2 854
2 861
2 926
2 942
2 956
2 957
2 976
2 985
2 997
2 1058
2 1066
2 1068
2 1124
2 1175
2 1202
2 1219
2 1222
2 1243
2 1288
2 1292
2 1328
2 1333
2 1362
2 1390
2 1404
2 1452
2 1453
2 1494
2 1523
2 1535
2 1536
2 1615
2 1617
2 1682
2 1703
2 1719
2 1726
2 1836
2 1851
2 1861
2 1960
3 4
3 5
3 7
3 8
3 9
3 10
3 16
3 18
3 20
3 21
3 23
3 24
3 26
3 28
3 30
3 32
3 33
3 38
3 44
3 45
3 46
3 48
3 52
3 55
3 57
3 60
3 61
3 63
3 64
3 77
3 83
3 87
3 91
3 108
3 111
3 115
3 118
3 120
3 122
3 125
3 126
3 138
3 144
3 146
3 150
3 163
3 166
3 169
3 172
3 189
3 190
3 191
3 192
3 195
3 203
3 215
3 218
3 230
3 232
3 234
3 252
3 253
3 264
3 265
3 270
3 274
3 288
3 289
3 326
3 328
3 329
3 330
3 334
3 348
3 354
3 355
3 357
3 363
3 366
3 367
3 370
3 385
3 386
3 395
3 400
3 419
3 424
3 432
3 437
3 441
3 459
3 472
3 474
3 483
3 490
3 507
3 509
3 539
3 551
3 578
3 585
3 598
3 622
3 628
3 633
3 636
3 682
3 736
3 752
3 758
3 771
3 791
3 798
3 819
3 820
3 835
3 838
3 888
3 909
3 913
3 925
3 929
3 946
3 970
3 1027
3 1053
3 1065
3 1071
3 1085
3 1109
3 1111
3 1119
3 1123
3 1146
3 1150
3 1167
3 1186
3 1188
3 1193
3 1197
3 1210
3 1218
3 1242
3 1257
3 1287
3 1330
3 1335
3 1344
3 1347
3 1423
3 1430
3 1443
3 1450
3 1454
3 1470
3 1499
3 1505
3 1509
3 1510
3 1513
3 1531
3 1569
3 1657
3 1705
3 1756
3 1761
3 1810
3 1815
3 1857
3 1870
3 1882
3 1904
3 1953
3 1993
4 5
4 6
4 8
4 10
4 11
4 12
4 14
4 15
4 17
4 18
4 20
4 21
4 22
4 25
4 26
4 29
4 30
4 32
4 33
4 34
4 36
4 37
4 41
4 46
4 48
4 52
4 53
4 54
4 61
4 62
4 63
4 64
4 69
4 72
4 74
4 76
4 77
4 78
4 81
4 82
4 86
4 89
4 95
4 99
4 101
4 105
4 109
4 111
4 113
4 114
4 115
4 117
4 121
4 123
4 138
4 139
4 140
4 141
4 143
4 150
4 154
4 161
4 169
4 180
4 186
4 188
4 191
4 204
4 206
4 211
4 223
4 226
4 241
4 242
4 244
4 256
4 262
4 268
4 281
4 283
4 285
4 289
4 296
4 299
4 305
4 309
4 315
4 316
4 318
4 320
4 327
4 343
4 350
4 353
4 359
4 360
4 364
4 367
4 368
4 383
4 385
4 388
4 391
4 393
4 403
4 404
4 409
4 412
4 413
4 415
4 421
4 422
4 424
4 429
4 435
4 438
4 446
4 448
4 449
4 453
4 458
4 463
4 468
4 469
4 478
4 484
4 491
4 496
4 499
4 500
4 506
4 525
4 535
4 536
4 549
4 551
4 562
4 579
4 580
4 591
4 596
4 600
4 613
4 615
4 618
4 619
4 624
4 625
4 626
4 629
4 637
4 642
4 646
4 654
4 673
4 677
4 681
4 686
4 696
4 703
4 728
4 730
4 748
4 750
4 760
4 775
4 779
4 780
4 799
4 816
4 817
4 823
4 839
4 880
4 890
4 911
4 919
4 922
4 923
4 928
4 943
4 949
4 960
4 966
4 978
4 984
4 1004
4 1023
4 1036
4 1038
4 1050
4 1067
4 1070
4 1075
4 1083
4 1084
4 1086
4 1091
4 1117
4 1120
4 1129
4 1138
4 1152
4 1158
4 1160
4 1162
4 1167
4 1173
4 1177
4 1185
4 1206
4 1213
4 1214
4 1245
4 1256
4 1261
4 1295
4 1312
4 1317
4 1320
4 1336
4 1340
4 1368
4 1392
4 1393
4 1397
4 1399
4 1411
4 1412
4 1414
4 1420
4 1447
4 1460
4 1476
4 1477
4 1491
4 1496
4 1515
4 1555
4 1565
4 1585
4 1588
4 1605
4 1644
4 1645
4 1672
4 1674
4 1685
4 1707
4 1731
4 1748
4 1759
4 1765
4 1771
4 1790
4 1791
4 1794
4 1796
4 1798
4 1806
4 1817
4 1825
4 1826
4 1831
4 1839
4 1844
4 1846
4 1872
4 1921
4 1924
4 1932
4 1949
4 1960
4 1980
4 1982
4 1992
5 6
5 7
5 10
5 11
5 12
5 14
5 15
5 16
5 17
5 18
5 19
5 21
5 22
5 24
5 25
5 28
5 30
5 31
5 33
5 35
5 37
5 39
5 44
5 45
5 46
5 50
5 51
5 54
5 56
5 57
5 58
5 60
5 65
5 70
5 71
5 72
5 77
5 79
5 84
5 85
5 87
5 96
5 98
5 99
5 100
5 101
5 106
5 119
5 128
5 135
5 143
5 149
5 151
5 154
5 157
5 159
5 170
5 176
5 181
5 186
5 193
5 196
5 198
5 201
5 209
5 217
5 225
5 235
5 239
5 247
5 248
5 255
5 259
5 261
5 272
5 280
5 318
5 323
5 326
5 327
5 332
5 346
5 351
5 352
5 355
5 361
5 365
5 369
5 371
5 372
5 373
5 380
5 397
5 404
5 429
5 432
5 438
5 439
5 441
5 450
5 451
5 454
5 459
5 472
5 479
5 502
5 510
5 513
5 521
5 527
5 531
5 532
5 543
5 545
5 546
5 568
5 571
5 586
5 587
5 598
5 614
5 654
5 661
5 666
5 668
5 675
5 694
5 730
5 744
5 754
5 755
5 756
5 761
5 772
5 779
5 781
5 795
5 805
5 807
5 817
5 822
5 852
5 871
5 876
5 881
5 906
5 924
5 938
5 970
5 982
5 993
5 1001
5 1004
5 1010
5 1014
5 1032
5 1055
5 1057
5 1060
5 1076
5 1104
5 1108
5 1117
5 1125
5 1140
5 1166
5 1174
5 1179
5 1186
5 1187
5 1196
5 1199
5 1235
5 1253
5 1274
5 1293
5 1299
5 1339
5 1362
5 1364
5 1366
5 1378
5 1396
5 1398
5 1420
5 1437
5 1486
5 1497
5 1506
5 1507
5 1513
5 1539
5 1543
5 1555
5 1565
5 1572
5 1580
5 1604
5 1613
5 1624
5 1633
5 1643
5 1667
5 1670
5 1681
5 1736
5 1747
5 1753
5 1788
5 1800
5 1805
5 1835
5 1848
5 1849
5 1859
5 1888
5 1892
5 1908
5 1937
5 1939
5 1944
5 1978
6 11
6 12
6 15
6 17
6 20
6 22
6 24
6 29
6 46
6 49
6 63
6 70
6 79
6 85
6 87
6 89
6 95
6 96
6 105
6 112
6 133
6 139
6 145
6 152
6 159
6 163
6 170
6 186
6 198
6 206
6 218
6 221
6 224
6 225
6 229
6 237
6 241
6 248
6 273
6 303
6 304
6 321
6 339
6 342
6 352
6 377
6 383
6 424
6 455
6 476
6 487
6 515
6 520
6 569
6 589
6 601
6 610
6 618
6 627
6 687
6 694
6 698
6 705
6 782
6 789
6 808
6 825
6 830
6 833
6 873
6 917
6 921
6 943
6 1015
6 1022
6 1035
6 1061
6 1106
6 1114
6 1135
6 1144
6 1164
6 1187
6 1191
6 1235
6 1244
6 1245
6 1269
6 1324
6 1336
6 1357
6 1381
6 1400
6 1438
6 1445
6 1458
6 1459
6 1465
6 1486
6 1504
6 1508
6 1520
6 1522
6 1607
6 1616
6 1669
6 1740
6 1753
6 1765
6 1874
6 1880
6 1977
6 1996
7 8
7 9
7 16
7 24
7 31
7 50
7 54
7 58
7 59
7 97
7 100
7 125
7 128
7 142
7 198
7 252
7 313
7 324
7 344
7 357
7 365
7 400
7 410
7 451
7 461
7 482
7 519
7 549
7 700
7 718
7 855
7 941
7 985
7 993
7 1036
7 1067
7 1175
7 1190
7 1210
7 1348
7 1391
7 1430
7 1541
7 1544
7 1551
7 1578
7 1587
7 1658
7 1705
7 1757
7 1805
7 1853
7 1860
7 1900
8 9
8 10
8 13
8 19
8 30
8 34
8 35
8 36
8 37
8 49
8 52
8 59
8 64
8 90
8 130
8 138
8 142
8 149
8 153
8 155
8 161
8 163
8 191
8 198
8 204
8 214
8 234
8 299
8 309
8 313
8 331
8 338
8 344
8 375
8 377
8 385
8 394
8 420
8 426
8 448
8 449
8 453
8 491
8 514
8 529
8 549
8 570
8 588
8 610
8 662
8 669
8 700
8 738
8 753
8 779
8 884
8 920
8 938
8 941
8 942
8 969
8 994
8 1043
8 1076
8 1243
8 1280
8 1283
8 1336
8 1405
8 1443
8 1513
8 1597
8 1615
8 1674
8 1690
8 1694
8 1773
8 1778
8 1795
8 1808
8 1809
8 1851
8 1896
8 1962
10 11
11 13
11 14
11 15
11 16
11 18
11 19
11 22
11 25
11 28
11 40
11 42
11 43
11 47
11 56
11 67
11 68
11 73
11 75
11 85
11 104
11 107
11 108
11 109
11 114
11 115
11 122
11 126
11 127
11 131
11 148
11 157
11 164
11 168
11 172
11 196
11 206
11 220
11 236
11 267
11 327
11 336
11 340
11 343
11 346
11 373
11 378
11 383
11 393
11 395
11 405
11 414
11 416
11 425
11 442
11 448
11 459
11 467
11 505
11 507
11 516
11 592
11 602
11 623
11 659
11 663
11 686
11 713
11 738
11 745
11 815
11 853
11 894
11 940
11 1015
11 1032
11 1057
11 1073
11 1095
11 1104
11 1165
11 1229
11 1316
11 1332
11 1356
11 1367
11 1377
11 1390
11 1395
11 1452
11 1469
11 1479
11 1507
11 1535
11 1543
11 1554
11 1614
11 1661
11 1666
11 1678
11 1713
11 1741
11 1754
11 1830
11 1884
11 1886
11 1934
11 1979
12 20
12 22
12 29
12 39
12 41
12 54
12 62
12 67
12 79
12 87
12 96
12 106
12 114
12 163
12 168
12 184
12 186
12 217
12 224
12 229
12 238
12 241
12 261
12 268
12 277
12 316
12 332
12 334
12 382
12 408
12 414
12 427
12 435
12 444
12 457
12 470
12 526
12 565
12 626
12 707
12 708
12 746
12 787
12 788
12 875
12 892
12 910
12 918
12 928
12 943
12 949
12 1022
12 1023
12 1053
12 1063
12 1071
12 1106
12 1114
12 1187
12 1324
12 1400
12 1411
12 1508
12 1547
12 1576
12 1630
12 1645
12 1648
12 1746
12 1751
12 1764
12 1765
12 1770
12 1816
12 1848
12 1880
12 1914
12 1919
12 1986
14 27
14 28
14 36
14 62
14 68
14 73
14 75
14 88
14 97
14 103
14 120
14 127
14 157
14 158
14 165
14 174
14 208
14 214
14 240
14 247
14 276
14 336
14 375
14 417
14 438
14 442
14 445
14 460
14 471
14 485
14 501
14 511
14 515
14 564
14 600
14 644
14 647
14 657
14 666
14 685
14 686
14 750
14 757
14 802
14 926
14 954
14 1120
14 1124
14 1151
14 1179
14 1202
14 1226
14 1282
14 1298
14 1306
14 1372
14 1412
14 1438
14 1527
14 1600
14 1624
14 1627
14 1865
14 1889
14 1925
14 1968
17 26
17 32
17 37
17 38
17 56
17 70
17 74
17 81
17 89
17 95
17 105
17 118
17 159
17 193
17 225
17 244
17 249
17 350
17 357
17 529
17 536
17 542
17 610
17 696
17 808
17 883
17 927
17 977
17 996
17 1026
17 1042
17 1073
17 1074
17 1128
17 1144
17 1195
17 1224
17 1234
17 1245
17 1317
17 1329
17 1544
17 1599
17 1684
17 1783
17 1792
17 1841
17 1986
17 1998
16 24
24 31
24 55
24 83
24 96
24 118
24 135
24 145
24 147
24 162
24 185
24 205
24 256
24 286
24 314
24 322
24 326
24 337
24 357
24 410
24 447
24 464
24 507
24 519
24 530
24 571
24 860
24 862
24 914
24 931
24 1034
24 1040
24 1148
24 1286
24 1308
24 1345
24 1380
24 1553
24 1607
24 1685
24 1702
24 1832
24 1964
24 1981
20 26
23 26
26 32
26 38
26 53
26 55
26 84
26 88
26 98
26 101
26 104
26 123
26 137
26 162
26 166
26 193
26 230
26 249
26 253
26 256
26 265
26 343
26 387
26 402
26 465
26 522
26 539
26 542
26 554
26 558
26 574
26 577
26 588
26 636
26 640
26 681
26 695
26 757
26 774
26 811
26 821
26 837
26 904
26 933
26 936
26 967
26 1016
26 1031
26 1054
26 1062
26 1064
26 1150
26 1172
26 1183
26 1211
26 1216
26 1218
26 1221
26 1255
26 1318
26 1373
26 1381
26 1416
26 1487
26 1650
26 1675
26 1678
26 1714
26 1729
26 1756
26 1912
26 1954
26 1957
26 2000
10 27
18 27
23 27
27 36
27 44
27 51
27 69
27 76
27 78
27 88
27 105
27 128
27 139
27 142
27 160
27 161
27 178
27 183
27 197
27 208
27 210
27 233
27 240
27 246
27 293
27 303
27 331
27 349
27 396
27 406
27 471
27 480
27 502
27 541
27 554
27 635
27 665
27 671
27 729
27 757
27 769
27 805
27 807
27 814
27 847
27 954
27 999
27 1048
27 1110
27 1119
27 1153
27 1193
27 1224
27 1227
27 1320
27 1349
27 1402
27 1442
27 1472
27 1533
27 1682
27 1693
27 1695
27 1768
27 1904
27 1907
31 51
31 57
31 60
31 96
31 100
31 102
31 119
31 125
31 159
31 164
31 192
31 196
31 203
31 213
31 239
31 270
31 297
31 326
31 337
31 355
31 380
31 399
31 454
31 527
31 530
31 538
31 623
31 647
31 669
31 832
31 888
31 915
31 945
31 971
31 987
31 1067
31 1097
31 1128
31 1140
31 1178
31 1189
31 1196
31 1263
31 1331
31 1352
31 1373
31 1440
31 1471
31 1502
31 1556
31 1596
31 1886
31 1988
22 39
39 67
39 85
39 106
39 110
39 146
39 152
39 154
39 168
39 181
39 227
39 261
39 294
39 389
39 431
39 492
39 531
39 668
39 707
39 828
39 836
39 870
39 887
39 946
39 988
39 1057
39 1121
39 1130
39 1244
39 1250
39 1291
39 1395
39 1465
39 1500
39 1532
39 1549
39 1593
39 1645
39 1648
39 1802
39 1829
39 1848
39 1849
30 50
44 50
50 59
50 94
50 99
50 141
50 179
50 201
50 209
50 266
50 313
50 369
50 371
50 384
50 576
50 668
50 748
50 881
50 1052
50 1102
50 1169
50 1253
50 1417
50 1490
50 1497
50 1622
50 1644
50 1653
50 1892
36 51
51 57
51 102
51 128
51 161
51 164
51 202
51 205
51 216
51 246
51 272
51 317
51 370
51 382
51 396
51 423
51 434
51 470
51 481
51 553
51 554
51 664
51 760
51 811
51 846
51 1014
51 1021
51 1068
51 1128
51 1136
51 1189
51 1288
51 1313
51 1323
51 1396
51 1408
51 1533
51 1628
51 1785
21 53
32 53
53 78
53 88
53 101
53 121
53 187
53 189
53 224
53 253
53 291
53 301
53 360
53 500
53 639
53 653
53 785
53 791
53 850
53 887
53 1241
53 1332
53 1589
53 1680
53 1721
53 1876
53 1947
41 54
54 62
54 77
54 111
54 114
54 188
54 226
54 260
54 312
54 344
54 349
54 450
54 642
54 716
54 863
54 875
54 878
54 910
54 979
54 1049
54 1090
54 1099
54 1171
54 1380
54 1548
54 1805
54 1899
18 67
56 67
67 90
67 106
67 107
67 110
67 129
67 264
67 269
67 273
67 277
67 324
67 373
67 427
67 470
67 522
67 537
67 552
67 622
67 705
67 716
67 726
67 765
67 865
67 869
67 886
67 1018
67 1024
67 1112
67 1121
67 1166
67 1198
67 1344
67 1417
67 1460
67 1529
67 1802
67 1849
67 1972
22 69
29 69
69 75
69 80
69 82
69 136
69 176
69 204
69 211
69 212
69 219
69 232
69 275
69 277
69 283
69 304
69 345
69 487
69 502
69 512
69 575
69 615
69 638
69 671
69 675
69 725
69 849
69 853
69 870
69 918
69 979
69 990
69 1103
69 1167
69 1488
69 1503
69 1712
69 1742
69 1825
69 1956
69 1960
69 1984
73 75
75 127
75 131
75 132
75 182
75 255
75 375
75 487
75 564
75 709
75 1316
75 1355
75 1443
75 1492
75 1956
22 85
85 104
85 109
85 146
85 152
85 170
85 190
85 221
85 314
85 342
85 430
85 533
85 742
85 818
85 822
85 947
85 993
85 998
85 1078
85 1398
85 1678
85 1767
85 1784
85 1886
85 1934
85 1942
85 1951
85 1959
36 88
88 97
88 103
88 104
88 130
88 184
88 189
88 224
88 251
88 284
88 320
88 342
88 452
88 603
88 631
88 655
88 688
88 749
88 757
88 798
88 805
88 841
88 964
88 1009
88 1320
88 1345
88 1403
88 1475
88 1737
88 1793
88 1812
88 1847
88 1999
9 102
40 102
71 102
102 137
102 164
102 254
102 266
102 270
102 272
102 292
102 366
102 399
102 609
102 664
102 691
102 693
102 706
102 784
102 820
102 832
102 842
102 915
102 1178
102 1182
102 1197
102 1260
102 1318
102 1347
102 1470
102 1556
102 1639
102 1641
102 1704
102 1728
102 1776
102 1839
102 1943
102 1988
104 107
104 291
104 452
104 465
104 603
104 659
104 687
104 853
104 982
104 1027
104 1678
104 1788
18 107
107 164
107 264
107 269
107 291
107 659
107 709
107 725
107 1166
107 1198
107 1332
107 1507
107 1884
18 110
56 110
90 110
110 165
110 464
110 518
110 1121
110 1881
110 1942
18 142
76 142
142 178
142 313
142 324
142 468
142 855
142 1110
142 1116
142 1119
142 1135
142 1227
142 1300
142 1425
142 1472
142 1815
57 145
63 145
145 197
145 248
145 404
145 608
145 883
145 1222
145 1345
145 1446
145 1527
72 154
99 154
154 181
154 227
154 307
154 316
154 499
154 1549
30 163
163 234
163 352
163 370
163 662
163 833
163 956
163 1106
163 1111
163 1118
163 1280
163 1446
164 272
164 292
164 378
164 399
164 470
164 609
164 784
164 790
164 902
164 1128
164 1267
164 1332
164 1341
164 1347
164 1813
58 170
128 170
170 221
170 432
170 479
170 502
170 589
170 627
170 753
170 803
170 998
170 1783
170 1874
170 1903
46 189
111 189
189 224
189 291
189 342
189 388
189 399
189 459
189 500
189 559
189 585
189 639
189 688
189 693
189 763
189 791
189 798
189 850
189 1047
189 1115
189 1631
189 1761
189 1812
189 1933
189 1937
40 208
43 208
158 208
208 471
208 485
208 635
208 1096
208 1720
208 1966
46 249
117 249
135 249
249 504
249 565
249 996
249 1054
249 1153
249 1201
249 1329
249 1684
249 1883
249 1993
235 255
255 1362
255 1643
40 266
137 266
266 576
266 634
266 668
266 1305
266 1470
266 1473
176 277
219 277
277 345
277 444
277 470
277 765
277 918
277 940
277 1113
277 1198
277 1662
224 291
291 360
291 486
291 500
291 709
291 930
291 982
291 1504
291 1519
291 1724
291 1782
291 1933
35 297
65 297
270 297
290 297
297 609
297 623
297 1239
297 1280
297 1367
297 1397
297 1596
297 1858
128 337
216 337
282 337
337 545
337 582
337 647
337 890
337 932
337 971
337 1192
337 1582
337 1605
337 1607
337 1626
337 1764
221 342
342 688
342 742
342 841
342 1245
342 1767
72 352
79 352
352 380
352 661
352 731
352 805
352 830
352 833
352 906
352 956
352 1215
352 1313
352 1359
352 1498
352 1522
352 1524
352 1655
23 365
92 365
222 365
365 619
365 759
365 1405
365 1658
365 1693
9 366
48 366
270 366
366 478
366 693
366 912
366 1240
366 1434
366 1912
61 378
282 378
378 567
378 674
378 737
378 1032
378 1461
198 383
248 383
383 443
383 569
383 1160
383 1164
383 1642
383 1811
383 1982
70 444
333 444
355 444
444 773
444 918
444 940
444 1113
444 1141
444 1295
444 1733
77 450
344 450
347 450
450 652
450 979
450 1166
450 1268
450 1555
46 452
113 452
135 452
452 603
452 687
452 749
452 892
452 987
452 1027
452 1127
452 1151
452 1289
452 1343
452 1559
452 1737
452 1774
113 485
166 485
328 485
485 627
485 939
485 944
485 1372
485 1388
485 1700
485 1720
485 1847
20 487
218 487
487 519
487 573
487 601
487 792
487 908
487 1040
487 1450
487 1874
487 1956
487 1990
23 576
80 576
302 576
576 591
576 639
576 668
576 958
576 1892
214 588
426 588
465 588
588 816
588 1175
588 1211
588 1674
45 589
100 589
379 589
589 621
589 627
589 753
589 886
589 1783
9 634
116 634
428 634
634 1473
158 647
511 647
647 652
647 669
647 971
647 1527
338 669
491 669
669 738
669 769
669 1016
669 1043
669 1263
669 1502
40 671
257 671
597 671
671 927
671 990
671 1342
671 1423
15 687
22 687
687 1133
687 1520
388 693
399 693
693 1197
693 1338
693 1937
73 709
182 709
709 725
709 1443
709 1519
709 1528
212 725
275 725
725 1984
34 753
36 753
753 994
162 765
554 765
577 765
765 806
765 865
765 886
765 1198
765 1246
91 791
108 791
791 1347
791 1499
9 830
243 830
830 1244
830 1329
830 1379
830 1984
234 841
345 841
824 841
841 984
113 855
328 855
627 855
855 1401
84 865
93 865
422 865
865 886
232 979
304 979
979 1268
28 982
247 982
982 1001
982 1724
982 1766
982 1788
137 990
402 990
710 990
990 1103
990 1910
64 996
146 996
245 996
996 1033
996 1329
60 1032
441 1032
1032 1364
1032 1479
1032 1542
1032 1820
1032 1835
16 1054
270 1054
835 1054
1054 1156
25 1103
251 1103
361 1103
1103 1503
1103 1869
1103 1901
1103 1910
42 1113
715 1113
736 1113
1113 1141
1113 1192
1113 1733
30 1141
171 1141
843 1141
1141 1295
1141 1426
1141 1601
1141 1733
1141 1743
52 1160
449 1160
1146 1160
1160 1663
1160 1982
269 1166
1166 1198
1166 1555
1166 1745
913 1197
1065 1197
1197 1639
148 1211
359 1211
1211 1306
270 1239
433 1239
1101 1239
1208 1239
1239 1822
47 1240
270 1240
699 1240
1084 1240
1240 1434
1240 1495
946 1244
1130 1244
1244 1329
1244 1532
1244 1952
30 1263
190 1263
983 1263
1263 1309
1263 1362
1263 1370
1263 1442
1263 1502
1263 1573
1263 1746
10 1268
633 1268
759 1268
64 1295
388 1295
1295 1414
1295 1605
1295 1940
1329 1379
1329 1684
1329 1952
1329 1984
1329 1993
130 1345
320 1345
1345 1527
1345 1701
1345 1879
25 1379
645 1379
1120 1379
1379 1984
1379 1995
446 1412
549 1412
1412 1865
134 1473
222 1473
1080 1473
1473 1546
15 1479
21 1479
572 1479
41 1503
77 1503
312 1503
1503 1869
402 1519
710 1519
881 1519
158 1527
583 1596
902 1596
1588 1596
515 1607
1445 1607
1607 1626
1607 1669
161 1626
202 1626
1062 1626
571 1639
1478 1639
1563 1639
1639 1943
76 1658
327 1658
1428 1658
91 1720
800 1720
1579 1720
48 1724
117 1724
536 1724
1747 1788
90 1822
270 1822
309 1822
1337 1822
13 1865
483 1865
691 1865
1865 1997
101 1869
121 1869
785 1869
531 1892
817 1892
147 1910
723 1910
1080 1910
174 1943
431 1943
592 1943
512 1952
1148 1952
1403 1952
824 1982
1084 1982
9 13
9 16
9 20
9 23
9 28
9 35
9 40
9 42
9 48
9 58
9 66
9 71
9 92
9 112
9 124
9 133
9 137
9 144
9 178
9 182
9 194
9 195
9 198
9 226
9 232
9 233
9 243
9 244
9 254
9 267
9 279
9 295
9 319
9 335
9 358
9 389
9 407
9 408
9 411
9 428
9 445
9 451
9 478
9 562
9 580
9 664
9 690
9 691
9 697
9 723
9 739
9 801
9 806
9 818
9 876
9 891
9 922
9 959
9 975
9 1011
9 1095
9 1142
9 1157
9 1259
9 1304
9 1315
9 1328
9 1348
9 1361
9 1376
9 1392
9 1513
9 1556
9 1583
9 1649
9 1673
9 1688
9 1828
9 1830
9 1950
9 1989
9 2000
10 13
10 15
10 18
10 19
10 23
10 25
10 28
10 33
10 34
10 40
10 44
10 45
10 47
10 48
10 49
10 58
10 61
10 66
10 76
10 78
10 83
10 90
10 117
10 122
10 127
10 155
10 160
10 172
10 178
10 179
10 180
10 182
10 191
10 195
10 227
10 228
10 250
10 252
10 257
10 265
10 267
10 271
10 282
10 290
10 300
10 302
10 309
10 311
10 315
10 318
10 339
10 356
10 358
10 363
10 368
10 369
10 374
10 387
10 392
10 394
10 407
10 408
10 423
10 430
10 440
10 451
10 474
10 480
10 483
10 494
10 496
10 509
10 521
10 526
10 561
10 597
10 613
10 633
10 656
10 658
10 663
10 664
10 667
10 670
10 684
10 691
10 692
10 697
10 713
10 752
10 759
10 761
10 815
10 821
10 827
10 835
10 859
10 862
10 896
10 937
10 942
10 948
10 975
10 978
10 1011
10 1023
10 1033
10 1050
10 1079
10 1131
10 1143
10 1185
10 1194
10 1234
10 1242
10 1311
10 1341
10 1351
10 1365
10 1376
10 1383
10 1395
10 1415
10 1435
10 1457
10 1458
10 1512
10 1516
10 1531
10 1537
10 1540
10 1543
10 1581
10 1589
10 1595
10 1598
10 1603
10 1619
10 1654
10 1673
10 1692
10 1713
10 1766
10 1781
10 1803
10 1819
10 1955
10 1968
13 18
13 19
13 23
13 34
13 41
13 58
13 66
13 68
13 94
13 127
13 160
13 167
13 183
13 238
13 243
13 250
13 271
13 299
13 325
13 374
13 387
13 393
13 397
13 402
13 443
13 457
13 483
13 614
13 667
13 670
13 691
13 827
13 862
13 911
13 937
13 950
13 1026
13 1046
13 1060
13 1079
13 1095
13 1100
13 1143
13 1194
13 1259
13 1301
13 1382
13 1390
13 1399
13 1418
13 1461
13 1487
13 1498
13 1501
13 1576
13 1661
13 1691
13 1701
13 1818
13 1833
13 1949
13 1973
18 35
30 35
35 37
35 65
35 84
35 144
35 173
35 176
35 272
35 290
35 310
35 332
35 361
35 587
35 609
35 711
35 732
35 867
35 997
35 1231
35 1265
35 1280
35 1525
35 1855
35 1872
34 36
36 128
36 130
36 158
36 205
36 216
36 262
36 276
36 282
36 284
36 364
36 396
36 406
36 418
36 481
36 501
36 513
36 553
36 650
36 665
36 721
36 746
36 750
36 779
36 802
36 805
36 847
36 1079
36 1290
36 1402
36 1403
36 1409
36 1447
36 1602
36 1682
36 1793
36 1795
36 1798
36 1840
36 1842
36 1843
36 1889
37 56
37 81
37 149
37 225
37 258
37 286
37 350
37 455
37 532
37 897
37 977
37 1370
37 1378
37 1727
37 1797
37 1986
37 1995
18 52
52 57
52 64
52 73
52 113
52 130
52 138
52 166
52 192
52 228
52 235
52 263
52 308
52 328
52 377
52 403
52 412
52 449
52 477
52 490
52 498
52 505
52 525
52 557
52 646
52 689
52 751
52 795
52 823
52 826
52 852
52 864
52 919
52 997
52 999
52 1014
52 1044
52 1045
52 1146
52 1281
52 1405
52 1481
52 1583
52 1623
52 1659
52 1663
52 1808
52 1893
52 1930
52 1947
52 1991
58 66
58 68
58 98
58 128
58 160
58 178
58 183
58 195
58 203
58 226
58 252
58 267
58 318
58 411
58 432
58 458
58 461
58 656
58 701
58 803
58 859
58 981
58 985
58 1029
58 1060
58 1095
58 1228
58 1234
58 1301
58 1404
58 1498
58 1612
58 1649
58 1863
58 1887
58 1894
58 2000
19 59
49 59
59 65
59 94
59 97
59 204
59 338
59 375
59 420
59 466
59 467
59 495
59 523
59 541
59 697
59 848
59 880
59 895
59 903
59 956
59 965
59 1044
59 1279
59 1401
59 1454
59 1744
21 61
45 61
61 64
61 81
61 92
61 119
61 121
61 124
61 126
61 237
61 258
61 282
61 294
61 298
61 480
61 552
61 556
61 567
61 569
61 617
61 674
61 798
61 808
61 895
61 913
61 931
61 957
61 968
61 1065
61 1199
61 1204
61 1238
61 1343
61 1406
61 1410
61 1474
61 1632
61 1706
61 1737
61 1779
61 1786
61 1787
61 1871
61 1950
61 1955
61 1959
41 62
62 72
62 417
62 460
62 611
62 657
62 747
62 875
62 1053
62 1063
62 1071
62 1090
62 1120
62 1207
62 1652
62 1760
30 65
65 94
65 141
65 209
65 290
65 332
65 371
65 372
65 425
65 454
65 466
65 467
65 512
65 609
65 796
65 871
65 997
65 1102
65 1253
65 1288
65 1367
65 1397
65 1454
65 1719
65 1744
66 68
68 73
68 94
68 103
68 172
68 236
68 275
68 356
68 402
68 416
68 460
68 505
68 556
68 732
68 745
68 856
68 901
68 958
68 1202
68 1282
68 1301
68 1319
68 1326
68 1449
68 1497
68 1501
68 1691
68 1863
68 1973
25 72
72 79
72 99
72 180
72 181
72 285
72 307
72 353
72 558
72 661
72 731
72 974
72 1217
72 1337
72 1524
72 1536
72 1649
72 1655
72 1692
72 1711
72 1715
72 1717
72 1732
72 1891
23 92
40 92
81 92
92 112
92 124
92 134
92 153
92 156
92 175
92 222
92 279
92 298
92 319
92 473
92 489
92 607
92 629
92 721
92 759
92 763
92 840
92 879
92 907
92 931
92 933
92 957
92 1029
92 1219
92 1276
92 1512
92 1693
92 1838
92 1841
97 103
97 130
97 165
97 184
97 251
97 278
97 400
97 461
97 506
97 510
97 631
97 655
97 697
97 718
97 750
97 858
97 903
97 1065
97 1079
97 1214
97 1385
97 1624
97 1643
97 1709
97 1715
97 1760
97 1780
97 1814
97 1900
20 98
38 98
98 203
98 235
98 1060
98 1105
98 1216
98 1318
98 1328
98 1373
98 1475
98 1539
98 1650
40 115
47 115
115 126
115 138
115 143
115 207
115 288
115 315
115 437
115 641
115 682
115 703
115 809
115 861
115 1123
115 1130
115 1173
115 1366
115 1464
115 1868
130 138
130 153
130 184
130 284
130 320
130 394
130 510
130 651
130 699
130 920
130 964
130 1079
130 1093
130 1165
130 1243
130 1275
130 1278
130 1385
130 1686
130 1701
130 1879
18 141
21 141
141 773
141 1086
141 1288
55 144
83 144
144 230
144 310
144 1904
44 149
99 149
149 209
149 286
149 346
149 371
149 373
149 455
149 530
149 586
149 643
149 729
149 730
149 897
149 913
149 1189
149 1584
149 1682
149 1704
149 1932
112 153
134 153
153 331
153 607
153 721
153 724
153 1029
153 1597
153 1773
153 1838
153 1898
81 156
112 156
124 156
156 310
156 629
156 679
156 763
156 879
156 1276
156 1512
15 157
25 157
157 168
157 171
157 175
157 196
157 213
157 214
157 240
157 323
157 343
157 397
157 425
157 438
157 538
157 574
157 599
157 618
157 685
157 762
157 804
157 1172
157 1306
157 1421
157 1517
157 1697
157 1732
157 1801
157 1826
157 1832
157 1936
18 158
40 158
43 158
158 174
158 271
158 274
158 276
158 336
158 376
158 431
158 511
158 544
158 553
158 652
158 696
158 813
158 948
158 1088
158 1094
158 1096
158 1174
158 1495
158 1637
158 1875
158 1894
20 174
87 174
112 174
174 231
174 288
174 322
174 329
174 336
174 417
174 431
174 489
174 544
174 582
174 592
174 600
174 644
174 756
174 801
174 854
174 973
174 1020
174 1088
174 1106
174 1176
174 1226
174 1290
174 1303
174 1372
174 1407
174 1427
174 1501
174 1514
174 1617
174 1623
174 1800
76 180
179 180
180 285
180 407
180 558
180 581
180 657
180 692
180 739
180 889
180 1536
180 1715
180 1739
180 1896
180 1960
160 195
195 243
195 311
195 318
195 356
195 458
195 469
195 701
195 1472
125 203
203 239
203 253
203 483
203 528
203 577
203 848
203 888
203 1124
203 1331
203 1404
96 205
135 205
205 382
205 396
205 410
205 434
205 446
205 656
205 811
205 1323
205 1547
205 1754
205 1785
19 214
204 214
214 240
214 426
214 816
214 1124
214 1674
214 1825
214 1962
73 235
228 235
235 263
235 293
235 341
235 436
235 751
235 1060
235 1076
235 1107
235 1328
235 1333
235 1475
235 1640
235 1643
235 1703
235 1850
235 1926
66 243
243 1259
243 1382
23 246
44 246
66 246
246 534
246 547
246 594
246 604
246 617
246 814
246 846
246 912
246 934
246 1005
246 1008
246 1203
246 1346
246 1357
246 1394
246 1573
246 1593
246 1609
246 1625
246 1731
28 250
48 250
91 250
250 283
250 374
250 579
250 602
250 942
250 976
250 1494
250 1975
128 282
216 282
282 418
282 567
282 737
282 890
282 932
282 1017
282 1192
282 1402
282 1435
282 1530
282 1955
147 286
185 286
286 455
286 464
286 729
286 913
286 1380
286 1932
81 289
138 289
150 289
289 329
289 579
289 683
289 736
112 310
124 310
310 587
310 867
310 1222
310 1462
310 1855
15 315
33 315
315 561
315 641
315 715
315 793
315 809
315 850
315 1058
315 1066
315 1654
315 1707
315 1726
315 1979
63 323
120 323
296 323
323 351
323 397
323 807
323 856
323 1832
128 331
240 331
331 349
331 772
331 1154
331 1434
331 1524
331 1597
331 1615
331 1695
23 351
233 351
244 351
351 807
168 382
184 382
382 434
382 435
382 446
382 457
382 473
382 704
382 796
382 928
382 1068
382 1288
382 1476
382 1585
382 1612
38 400
328 400
400 461
400 482
400 503
400 506
400 550
400 810
400 1036
400 1065
400 1175
400 1299
400 1387
400 1466
400 1521
400 1523
400 1587
400 1690
400 1715
400 1741
15 412
186 412
211 412
412 449
412 557
412 648
412 909
412 962
112 417
329 417
417 456
417 460
417 611
417 657
417 1088
417 1112
417 1248
417 1427
417 1623
417 1647
417 1699
417 1752
417 1800
268 446
429 446
446 549
446 775
446 796
446 1243
446 1256
103 460
460 611
460 685
460 747
460 856
460 1051
460 1059
460 1248
460 1360
460 1444
460 1550
460 1760
111 466
117 466
148 466
466 848
466 1291
466 1454
466 1719
128 502
73 505
477 505
505 732
505 745
505 795
505 1326
505 1440
505 1535
150 506
367 506
506 535
506 1038
506 1143
506 1664
60 544
159 544
441 544
544 995
544 1100
544 1209
79 557
304 557
508 557
557 648
557 909
557 997
557 1043
557 1481
272 587
587 867
587 1462
587 1506
587 1606
20 600
385 600
600 644
600 750
600 854
600 926
600 1861
600 1934
30 641
125 641
150 641
641 793
641 809
641 861
641 980
641 1003
641 1130
641 1173
641 1868
80 648
231 648
247 648
648 909
648 1043
648 1903
16 679
42 679
81 679
133 679
679 722
679 815
679 1094
679 1538
679 1958
664 697
697 903
697 956
697 1044
697 1292
697 1424
19 715
42 715
336 715
715 736
715 825
715 1066
715 1192
715 1571
715 1707
715 1932
406 729
665 729
729 807
729 1224
729 1682
18 732
173 732
732 1326
732 1872
101 793
591 793
626 793
793 850
793 882
793 1285
793 1549
793 1646
371 796
425 796
796 1243
796 1570
796 1716
796 1836
796 1967
78 814
684 814
727 814
212 846
304 846
512 846
846 1008
846 1148
846 1203
846 1251
846 1386
846 1453
846 1455
846 1553
846 1592
846 1809
125 848
577 848
848 1124
848 1139
639 850
850 1058
333 854
477 854
508 854
854 925
854 926
854 955
854 1085
854 1118
854 1142
854 1413
854 1617
854 1687
854 1976
300 861
521 861
794 861
861 1127
861 1130
861 1335
861 1437
477 926
925 926
926 1118
926 1861
926 1976
549 942
884 942
942 976
942 1808
833 956
956 1118
956 1292
495 957
649 957
674 957
957 1219
340 976
345 976
764 976
976 1481
976 1494
976 1551
121 985
200 985
306 985
332 997
997 1481
997 1808
997 1829
997 1867
206 1058
384 1058
599 1058
1058 1920
123 1066
217 1066
829 1066
1066 1726
60 1068
159 1068
200 1068
1068 1288
1068 1482
1068 1585
1068 1770
577 1124
426 1175
816 1175
1175 1523
160 1202
271 1202
737 1202
1202 1282
1202 1319
1202 1999
769 1219
1016 1219
1047 1219
1219 1518
248 1222
883 1222
920 1243
1243 1570
1243 1836
1288 1585
503 1292
766 1292
1168 1292
1292 1352
389 1328
1142 1328
1328 1333
45 1333
514 1333
524 1333
1333 1703
1333 1850
983 1362
1309 1362
531 1390
781 1390
817 1390
1390 1452
1390 1661
20 1404
706 1404
789 1404
1404 1721
181 1452
227 1452
492 1452
109 1453
590 1453
952 1453
1008 1453
308 1494
498 1494
1221 1494
46 1523
1223 1523
1523 1627
15 1535
499 1535
621 1535
1535 1907
183 1536
221 1536
884 1536
178 1615
194 1615
974 1615
1615 1851
371 1617
425 1617
847 1682
680 1703
754 1703
1611 1703
1703 1850
44 1719
530 1719
1189 1719
29 1726
786 1726
893 1726
74 1836
809 1836
1406 1836
206 1851
242 1851
292 1851
1851 1929
23 1861
534 1861
983 1861
204 1960
283 1960
15 16
16 19
16 20
16 21
16 42
16 47
16 55
16 74
16 86
16 133
16 206
16 220
16 239
16 270
16 278
16 312
16 314
16 333
16 381
16 384
16 401
16 433
16 440
16 519
16 543
16 547
16 572
16 590
16 593
16 616
16 624
16 653
16 722
16 775
16 835
16 845
16 866
16 1053
16 1094
16 1155
16 1156
16 1165
16 1247
16 1348
16 1364
16 1374
16 1377
16 1528
16 1545
16 1578
16 1661
16 1700
16 1762
16 1819
16 1843
16 1858
16 1878
16 1958
18 21
18 23
18 30
18 40
18 43
18 56
18 57
18 63
18 73
18 76
18 84
18 105
18 120
18 122
18 139
18 165
18 173
18 227
18 259
18 264
18 268
18 271
18 273
18 274
18 296
18 300
18 308
18 369
18 376
18 393
18 396
18 419
18 429
18 464
18 468
18 477
18 518
18 546
18 584
18 616
18 642
18 677
18 689
18 704
18 708
18 714
18 718
18 726
18 773
18 827
18 828
18 834
18 839
18 840
18 852
18 914
18 950
18 953
18 961
18 1010
18 1035
18 1037
18 1108
18 1110
18 1155
18 1178
18 1206
18 1238
18 1281
18 1300
18 1340
18 1354
18 1365
18 1399
18 1415
18 1433
18 1446
18 1495
18 1529
18 1533
18 1562
18 1587
18 1693
18 1789
18 1840
18 1872
18 1981
20 23
20 38
20 40
20 41
20 46
20 47
20 49
20 70
20 71
20 80
20 82
20 86
20 87
20 112
20 116
20 151
20 218
20 229
20 231
20 236
20 247
20 269
20 328
20 333
20 334
20 385
20 389
20 415
20 447
20 519
20 547
20 551
20 573
20 582
20 601
20 603
20 612
20 624
20 645
20 678
20 695
20 698
20 706
20 789
20 792
20 794
20 875
20 924
20 955
20 973
20 980
20 995
20 1040
20 1105
20 1106
20 1162
20 1216
20 1248
20 1326
20 1355
20 1415
20 1444
20 1450
20 1560
20 1566
20 1568
20 1608
20 1616
20 1655
20 1666
20 1683
20 1734
20 1758
20 1819
20 1874
20 1876
20 1880
20 1905
20 1906
20 1934
20 1958
20 1964
15 21
21 32
21 45
21 119
21 122
21 237
21 239
21 268
21 294
21 360
21 376
21 421
21 456
21 514
21 516
21 552
21 572
21 575
21 581
21 758
21 773
21 777
21 813
21 844
21 936
21 961
21 1086
21 1117
21 1131
21 1155
21 1235
21 1297
21 1396
21 1474
21 1589
21 1675
21 1680
21 1762
23 40
23 44
23 66
23 80
23 105
23 112
23 134
23 160
23 215
23 222
23 231
23 232
23 233
23 244
23 257
23 295
23 302
23 533
23 534
23 537
23 547
23 555
23 591
23 594
23 619
23 639
23 752
23 759
23 767
23 784
23 866
23 876
23 912
23 917
23 922
23 971
23 983
23 1013
23 1074
23 1079
23 1116
23 1217
23 1272
23 1353
23 1357
23 1405
23 1409
23 1425
23 1573
23 1614
23 1641
23 1797
23 1818
28 48
28 91
28 172
28 247
28 459
28 472
28 579
28 602
28 686
28 1073
28 1126
28 1492
28 1673
30 34
30 44
30 60
30 86
30 91
30 116
30 125
30 150
30 167
30 171
30 173
30 179
30 187
30 190
30 192
30 201
30 218
30 290
30 301
30 308
30 370
30 372
30 498
30 512
30 546
30 605
30 633
30 662
30 719
30 833
30 843
30 871
30 881
30 891
30 907
30 938
30 969
30 983
30 989
30 1008
30 1077
30 1085
30 1115
30 1134
30 1170
30 1210
30 1246
30 1262
30 1264
30 1265
30 1298
30 1370
30 1426
30 1470
30 1482
30 1582
30 1601
30 1610
30 1632
30 1642
30 1659
30 1685
30 1755
30 1949
30 1971
30 1992
32 33
32 38
32 45
32 55
32 74
32 78
32 84
32 93
32 118
32 169
32 185
32 187
32 256
32 284
32 301
32 305
32 317
32 357
32 367
32 391
32 401
32 409
32 421
32 432
32 436
32 509
32 516
32 524
32 566
32 607
32 678
32 757
32 816
32 1007
32 1212
32 1224
32 1234
32 1266
32 1284
32 1287
32 1430
32 1431
32 1546
32 1562
32 1589
32 1716
32 1722
32 1750
32 1769
32 1792
32 1866
32 1884
32 1885
32 1941
32 1948
32 1954
15 33
33 432
33 451
33 561
33 812
33 1366
33 1378
33 1979
38 55
38 166
38 328
38 357
38 436
38 475
38 542
38 550
38 607
38 628
38 678
38 695
38 883
38 933
38 1000
38 1042
38 1105
38 1172
38 1176
38 1188
38 1258
38 1308
38 1415
38 1500
38 1537
38 1544
38 1620
38 1733
38 1964
38 2000
44 46
44 60
44 66
44 93
44 99
44 101
44 179
44 220
44 287
44 346
44 362
44 530
44 534
44 604
44 620
44 692
44 767
44 783
44 903
44 925
44 944
44 1005
44 1039
44 1052
44 1189
44 1227
44 1294
44 1344
44 1484
44 1490
44 1609
44 1653
44 1654
44 1731
44 1749
44 1772
44 1773
44 1856
44 1868
25 45
45 64
45 71
45 83
45 100
45 119
45 121
45 131
45 169
45 228
45 251
45 259
45 281
45 330
45 339
45 361
45 368
45 379
45 421
45 453
45 480
45 486
45 509
45 514
45 524
45 548
45 585
45 628
45 645
45 728
45 751
45 867
45 876
45 915
45 961
45 1013
45 1022
45 1056
45 1104
45 1122
45 1186
45 1436
45 1466
45 1569
45 1611
45 1675
45 1716
45 1756
45 1786
45 1798
45 1820
45 1885
45 1955
46 49
46 63
46 70
46 77
46 93
46 101
46 111
46 113
46 117
46 135
46 148
46 177
46 220
46 234
46 261
46 333
46 355
46 359
46 362
46 388
46 399
46 433
46 469
46 477
46 508
46 517
46 567
46 595
46 597
46 675
46 692
46 741
46 761
46 779
46 782
46 788
46 864
46 868
46 892
46 898
46 930
46 939
46 951
46 1004
46 1019
46 1025
46 1027
46 1039
46 1069
46 1083
46 1153
46 1162
46 1220
46 1223
46 1227
46 1300
46 1302
46 1371
46 1398
46 1502
46 1548
46 1577
46 1627
46 1646
46 1667
46 1699
46 1749
46 1786
46 1835
46 1915
25 48
48 91
48 108
48 117
48 129
48 215
48 283
48 350
48 415
48 440
48 474
48 478
48 536
48 579
48 740
48 877
48 912
48 947
48 962
48 1025
48 1152
48 1162
48 1195
48 1200
48 1392
48 1426
48 1565
48 1635
48 1765
48 1855
48 1975
55 83
55 84
55 93
55 134
55 137
55 140
55 147
55 185
55 230
55 256
55 270
55 295
55 312
55 333
55 354
55 387
55 395
55 413
55 475
55 525
55 540
55 566
55 646
55 655
55 695
55 734
55 800
55 862
55 868
55 1097
55 1308
55 1487
55 1637
55 1722
55 1832
55 1867
55 1909
57 60
57 63
57 73
57 106
57 143
57 197
57 216
57 228
57 317
57 404
57 475
57 578
57 636
57 680
57 710
57 749
57 754
57 795
57 904
57 1015
57 1189
57 1284
57 1446
57 1572
57 1611
57 1628
57 1695
57 1776
57 1983
60 106
60 159
60 190
60 192
60 200
60 441
60 538
60 925
60 995
60 1100
60 1209
60 1364
60 1482
60 1542
60 1624
60 1657
60 1815
60 1820
60 1927
63 120
63 197
63 248
63 296
63 469
63 517
63 559
63 578
63 680
63 720
63 754
63 764
63 782
63 856
63 894
63 904
63 1071
63 1170
63 1178
63 1284
63 1311
63 1314
63 1336
63 1506
63 1534
63 1786
63 1863
63 1879
64 113
64 126
64 146
64 161
64 166
64 169
64 245
64 281
64 377
64 388
64 409
64 424
64 448
64 480
64 514
64 556
64 560
64 651
64 707
64 905
64 972
64 1022
64 1033
64 1070
64 1204
64 1238
64 1525
64 1530
64 1621
64 1633
64 1743
64 1954
64 1962
64 1991
41 77
77 87
77 111
77 188
77 312
77 344
77 347
77 652
77 675
77 878
77 909
77 1027
77 1108
77 1709
77 1924
25 83
83 118
83 147
83 162
83 228
83 251
83 330
83 398
83 540
83 563
83 585
83 646
83 800
83 803
83 961
83 1286
83 1307
83 1477
83 1534
83 1552
83 1684
83 1807
87 112
87 229
87 288
87 322
87 326
87 490
87 582
87 595
87 683
87 771
87 801
87 802
87 874
87 909
87 1022
87 1108
87 1208
87 1248
87 1438
87 1458
87 1681
87 1709
87 1824
34 91
86 91
91 108
91 116
91 125
91 129
91 136
91 167
91 171
91 202
91 263
91 283
91 301
91 427
91 602
91 605
91 711
91 799
91 800
91 935
91 1159
91 1162
91 1195
91 1200
91 1225
91 1247
91 1347
91 1432
91 1579
91 1855
91 1930
43 108
56 108
108 129
108 136
108 215
108 274
108 386
108 392
108 836
108 877
108 947
108 1020
108 1122
108 1200
108 1387
93 111
111 113
111 117
111 148
111 188
111 212
111 226
111 261
111 330
111 388
111 459
111 474
111 479
111 559
111 595
111 642
111 712
111 863
111 1031
111 1291
111 1480
111 1586
111 1594
111 1600
111 1604
111 1814
111 1860
111 1924
74 118
118 162
118 398
118 524
118 931
118 1034
118 1074
118 1266
118 1552
118 1961
73 120
103 120
120 296
120 515
120 1179
120 1298
120 1323
15 122
122 264
122 267
122 268
122 290
122 311
122 423
122 456
122 509
122 758
122 834
122 838
122 844
122 1354
122 1371
122 1665
122 1895
116 125
125 150
125 171
125 202
125 239
125 253
125 263
125 380
125 577
125 611
125 980
125 1003
125 1139
125 1204
125 1257
125 1468
125 1590
40 126
126 146
126 245
126 409
126 437
126 640
126 738
126 798
126 1012
126 1063
126 1109
126 1228
126 1237
126 1325
126 1532
126 1676
126 1902
138 143
138 150
138 207
138 288
138 394
138 441
138 518
138 570
138 699
138 703
138 733
138 736
138 1231
138 1293
138 1405
138 1464
138 1938
22 146
146 152
146 190
146 245
146 294
146 314
146 389
146 437
146 640
146 690
146 777
146 818
146 836
146 946
146 988
146 1093
146 1206
146 1271
146 1286
146 1419
146 1846
116 150
150 329
150 367
150 598
150 622
150 683
150 980
150 1077
150 1204
150 1574
150 1882
113 166
166 265
166 328
166 403
166 560
166 628
166 752
166 819
166 939
166 1030
166 1167
166 1176
166 1530
166 1571
166 1668
74 169
169 185
169 424
169 523
169 624
169 661
169 809
169 810
169 901
169 1022
169 1393
169 1569
169 1750
73 172
172 236
172 356
172 472
172 578
172 1367
172 1492
172 1830
152 190
190 218
190 719
190 983
190 1145
190 1309
190 1442
190 1622
190 1657
190 1746
22 191
82 191
191 194
191 223
191 252
191 334
191 348
191 385
191 498
191 663
191 747
191 821
191 1145
191 1555
191 1651
191 1686
191 1784
159 192
192 200
192 287
192 490
192 538
192 633
192 689
192 717
192 734
192 919
192 992
192 1321
192 1373
105 215
160 215
215 242
215 274
215 836
215 1020
215 1272
215 1387
215 1433
215 1542
215 1660
112 218
218 519
218 573
218 719
218 838
218 1145
218 1418
218 1447
218 1539
218 1990
101 230
193 230
230 354
230 636
230 820
230 1119
230 1904
230 1957
230 1993
212 232
219 232
232 304
232 876
232 1454
93 234
220 234
234 340
234 345
234 564
234 824
234 898
234 984
234 1019
234 1161
234 1251
234 1280
234 1648
234 1699
234 1809
128 252
252 334
252 363
252 663
252 1551
252 1686
252 1784
252 1857
101 253
253 483
253 522
253 528
253 577
253 653
253 1241
253 1257
253 1505
253 1721
253 1916
264 269
264 273
264 324
264 420
264 620
264 622
264 672
264 838
264 1018
264 1092
264 1188
264 1735
264 1833
264 1895
78 265
179 265
265 358
265 539
265 684
265 727
265 819
265 835
265 879
270 623
270 832
270 835
270 1156
270 1434
270 1912
40 274
274 376
274 386
274 419
274 553
274 616
274 836
274 1433
274 1450
274 1810
274 1894
274 1981
112 288
288 322
288 441
288 490
288 682
288 703
288 756
288 783
288 802
288 1021
288 1146
288 1176
288 1305
288 1335
288 1346
288 1517
288 1681
288 1723
288 1938
96 326
326 447
326 530
326 771
326 888
326 1964
113 328
328 403
328 550
328 551
328 627
328 939
328 944
328 955
328 1030
328 1218
328 1372
328 1388
328 1401
328 1415
328 1508
328 1655
328 1847
112 329
231 329
329 456
329 489
329 598
329 683
329 724
329 991
329 1574
329 1623
329 1656
329 1812
93 330
251 330
330 1013
330 1220
330 1860
229 334
334 348
334 949
334 1444
334 1686
334 1905
131 348
132 348
147 348
348 497
348 665
348 680
348 1089
348 1184
348 1203
348 1505
348 1973
42 354
336 354
346 354
354 395
354 418
354 419
354 566
354 820
354 885
354 1287
354 1327
354 1423
354 1671
70 355
333 355
355 433
355 932
355 1069
355 1147
355 1186
355 1691
357 410
357 507
357 607
357 970
357 1042
357 1190
357 1224
357 1430
357 1541
84 363
140 363
276 363
363 1242
363 1857
363 1953
256 367
367 409
367 535
367 596
367 625
367 1107
367 1129
367 1143
367 1262
367 1645
367 1664
367 1674
367 1844
367 1882
128 370
202 370
370 606
370 760
370 833
370 1045
370 1111
370 1137
370 1210
370 1408
370 1446
370 1632
370 1901
41 385
385 478
385 750
385 1191
385 1312
385 1443
385 1758
385 1934
139 386
183 386
303 386
386 1150
386 1338
386 1450
40 395
43 395
395 419
395 566
395 1193
395 1614
40 419
419 616
419 1035
419 1193
419 1365
419 1423
89 424
424 618
424 661
424 810
424 1082
424 1173
424 1908
432 479
40 437
437 640
437 1063
437 1237
437 1676
159 441
441 755
441 995
441 1335
441 1604
441 1820
441 1927
459 474
459 479
459 585
459 755
459 863
459 1073
459 1104
459 1510
459 1600
25 472
71 472
472 1492
472 1736
117 474
474 479
474 496
474 755
474 1814
374 483
483 494
483 528
483 691
483 1376
483 1435
483 1505
483 1665
483 1916
483 1997
112 490
490 595
490 689
490 802
490 826
416 507
507 970
507 1356
267 509
509 1287
509 1716
509 1756
509 1798
509 1948
183 539
199 539
221 539
539 884
539 896
539 1150
539 1416
539 1714
539 1925
99 551
318 551
551 760
551 955
551 1218
551 1672
551 1734
551 1821
551 1870
73 578
356 578
578 636
578 649
578 680
578 710
578 1071
578 1072
578 1161
578 1170
578 1314
578 1360
578 1961
228 585
585 961
585 1186
585 1510
585 1534
585 1761
585 1885
198 598
571 598
598 622
598 780
598 946
598 1574
598 1656
273 622
622 946
622 1018
622 1092
622 1252
622 1735
622 1827
71 628
259 628
628 752
628 977
628 1176
628 1188
628 1330
628 1571
628 1611
15 633
290 633
633 759
633 1085
633 1610
101 636
34 682
109 682
590 682
682 964
682 1123
682 1146
682 1305
682 1346
682 1366
682 1838
42 736
336 736
736 1192
736 1571
66 752
752 761
752 860
752 1046
752 1353
752 1384
752 1448
752 1598
80 758
136 758
575 758
758 1385
758 1916
105 771
160 771
233 771
771 1216
688 798
798 913
798 929
798 1109
798 1228
798 1509
798 1632
798 1812
290 819
311 819
411 819
819 965
819 1167
819 1668
292 820
706 820
820 1119
684 835
519 838
573 838
838 1265
838 1895
96 888
909 1043
909 1709
909 1903
455 913
913 929
913 1065
913 1632
913 1932
477 925
508 925
925 955
925 1136
925 1344
925 1531
925 1654
925 1687
925 1772
925 1815
925 1887
251 929
361 929
751 929
929 1509
836 946
946 988
946 1130
946 1206
946 1250
946 1271
946 1334
946 1465
946 1532
946 1563
327 970
545 970
970 1580
603 1027
875 1053
1053 1071
1053 1207
461 1065
1065 1715
1071 1207
508 1085
955 1085
504 1109
723 1109
1080 1109
1109 1228
42 1111
151 1111
837 1111
1111 1446
1111 1581
1110 1119
1119 1153
1119 1993
123 1123
535 1123
829 1123
1123 1366
449 1146
646 1146
1146 1305
139 1150
183 1150
1150 1416
615 1167
1167 1668
228 1186
1186 1885
672 1188
1188 1330
76 1193
541 1193
1193 1402
1193 1938
941 1210
993 1210
1210 1470
1210 1632
837 1218
936 1218
1218 1221
1218 1771
29 1242
176 1242
893 1242
1242 1953
333 1257
932 1257
1147 1257
1257 1650
42 1287
418 1287
1287 1327
1287 1948
316 1330
458 1330
730 1330
1127 1335
1335 1437
273 1344
726 1344
1344 1531
1344 1654
1344 1972
292 1347
1347 1728
257 1423
597 1423
1423 1526
1423 1660
1423 1707
1423 1877
607 1430
1430 1541
1430 1705
73 1443
1040 1450
1450 1810
1450 1874
137 1470
179 1499
434 1499
1082 1499
147 1505
680 1505
1505 1973
495 1509
723 1509
1232 1509
1509 1740
1509 1866
131 1510
1089 1510
1203 1510
99 1513
1420 1513
1513 1633
66 1531
761 1531
99 1569
974 1569
1217 1569
40 1657
1096 1657
1637 1657
1657 1875
1657 1889
863 1705
1380 1705
1548 1705
1705 1926
402 1756
1255 1756
1756 1798
421 1761
580 1761
637 1761
84 1810
162 1810
1725 1810
76 1815
1425 1815
41 1857
478 1857
923 1857
416 1870
894 1870
1469 1870
106 1882
143 1882
1293 1882
1882 1956
78 1904
999 1904
251 1953
1013 1953
1220 1953
1684 1993
15 22
15 25
15 29
15 76
15 89
15 114
15 171
15 186
15 199
15 211
15 290
15 311
15 343
15 411
15 463
15 497
15 499
15 538
15 560
15 572
15 599
15 621
15 623
15 662
15 812
15 829
15 897
15 962
15 1030
15 1086
15 1133
15 1165
15 1172
15 1225
15 1321
15 1324
15 1348
15 1371
15 1469
15 1520
15 1610
15 1654
15 1759
15 1811
15 1907
15 1966
15 1985
22 29
22 80
22 82
22 114
22 136
22 168
22 184
22 194
22 199
22 211
22 223
22 238
22 254
22 294
22 306
22 314
22 404
22 430
22 431
22 442
22 492
22 526
22 650
22 667
22 690
22 770
22 777
22 787
22 788
22 822
22 831
22 853
22 947
22 1093
22 1132
22 1133
22 1138
22 1310
22 1488
22 1790
22 1846
22 1929
22 1986
25 71
25 79
25 140
25 168
25 171
25 175
25 188
25 251
25 350
25 359
25 361
25 398
25 440
25 448
25 465
25 493
25 497
25 548
25 550
25 606
25 645
25 748
25 768
25 897
25 962
25 1030
25 1056
25 1057
25 1120
25 1324
25 1459
25 1688
25 1689
25 1921
29 76
29 80
29 89
29 95
29 176
29 254
29 268
29 327
29 429
29 496
29 560
29 662
29 675
29 780
29 786
29 788
29 832
29 893
29 954
29 1036
29 1213
29 1428
29 1489
29 1670
29 1825
19 34
34 41
34 43
34 86
34 109
34 123
34 127
34 132
34 167
34 238
34 262
34 296
34 300
34 305
34 335
34 364
34 394
34 397
34 406
34 590
34 676
34 735
34 742
34 851
34 891
34 935
34 938
34 959
34 964
34 994
34 1134
34 1183
34 1205
34 1225
34 1296
34 1432
34 1521
34 1522
34 1634
34 1692
19 41
41 43
41 260
41 312
41 349
41 397
41 443
41 478
41 670
41 716
41 767
41 863
41 1049
41 1063
41 1099
41 1652
41 1714
41 1758
41 1806
41 1880
41 1958
42 74
47 74
74 95
74 185
74 381
74 401
74 433
74 440
74 523
74 524
74 529
74 566
74 570
74 608
74 624
74 735
74 762
74 775
74 809
74 901
74 966
74 1074
74 1158
74 1177
74 1212
74 1241
74 1267
74 1406
74 1496
74 1515
74 1528
74 1546
74 1559
74 1602
74 1606
74 1768
74 1769
74 1931
74 1961
76 78
76 89
76 178
76 179
76 186
76 227
76 262
76 327
76 403
76 407
76 434
76 468
76 517
76 541
76 581
76 584
76 889
76 928
76 1082
76 1126
76 1135
76 1182
76 1237
76 1369
76 1383
76 1425
76 1428
76 1805
76 1896
78 179
78 187
78 434
78 480
78 500
78 541
78 684
78 686
78 727
78 879
78 999
78 1237
78 1803
78 1852
78 1968
81 124
81 175
81 258
81 350
81 362
81 536
81 579
81 744
81 831
81 945
81 968
81 1343
81 1368
81 1841
40 82
80 82
82 194
82 204
82 211
82 492
82 603
82 615
82 645
82 695
82 698
82 726
82 973
82 1005
82 1147
82 1411
82 1429
82 1555
82 1712
82 1854
82 1980
82 1996
47 86
86 109
86 116
86 173
86 187
86 428
86 481
86 547
86 601
86 616
86 632
86 699
86 735
86 800
86 873
86 935
86 959
86 995
86 1084
86 1247
86 1249
86 1578
86 1638
86 1683
86 1685
89 133
89 520
89 560
89 696
89 832
89 1195
89 1828
95 244
95 320
95 421
95 496
95 529
95 580
95 701
95 905
95 1026
95 1137
95 1177
95 1261
95 1320
95 1644
95 1670
99 181
99 209
99 285
99 307
99 318
99 369
99 499
99 513
99 586
99 974
99 1052
99 1169
99 1217
99 1278
99 1420
99 1507
99 1520
99 1584
99 1633
99 1649
99 1769
101 121
101 123
101 193
101 217
101 299
101 522
101 558
101 591
101 626
101 653
101 703
101 779
101 785
101 797
101 919
101 1183
101 1285
101 1397
101 1422
101 1646
101 1772
105 139
105 160
105 183
105 197
105 199
105 221
105 222
105 233
105 242
105 279
105 293
105 426
105 438
105 476
105 511
105 610
105 776
105 1052
105 1249
105 1272
105 1317
105 1433
105 1594
105 1799
105 1907
109 296
109 335
109 590
109 735
109 952
109 1015
109 1339
109 1838
109 1886
109 1942
93 113
113 117
113 135
113 212
113 219
113 260
113 493
113 525
113 560
113 627
113 637
113 892
113 987
113 1045
113 1083
113 1127
113 1220
113 1270
113 1289
113 1343
113 1388
113 1491
113 1525
113 1595
113 1803
113 1893
114 199
114 442
114 467
114 499
114 623
114 829
114 831
114 1132
114 1140
114 1177
114 1225
114 1411
114 1741
114 1837
114 1979
117 135
117 148
117 177
117 260
117 309
117 496
117 504
117 536
117 563
117 619
117 632
117 788
117 842
117 859
117 890
117 1158
117 1215
117 1274
117 1291
117 1351
117 1400
119 121
121 131
121 299
121 306
121 486
121 617
121 728
121 785
121 1737
121 1772
121 1839
121 1893
121 1947
19 123
43 123
123 132
123 193
123 217
123 298
123 300
123 535
123 797
123 829
123 967
123 1081
123 1350
123 1358
123 1490
139 183
139 199
139 206
139 242
139 292
139 303
139 374
139 390
139 396
139 413
139 438
139 476
139 520
139 660
139 769
139 828
139 839
139 1230
139 1281
139 1334
139 1338
139 1433
139 1586
139 1677
139 1771
84 140
134 140
140 188
140 276
140 338
140 413
140 463
140 1030
140 1056
140 1463
140 1731
106 143
143 207
143 216
143 518
143 733
143 1015
143 1164
143 1293
143 1483
143 1572
143 1956
128 161
161 202
161 240
161 281
161 423
161 448
161 453
161 491
161 554
161 610
161 630
161 702
161 714
161 797
161 824
161 1062
161 1078
161 1084
161 1264
161 1340
161 1394
161 1396
161 1414
161 1533
161 1579
161 1591
161 1694
161 1728
161 1842
186 198
186 211
186 223
186 241
186 262
186 332
186 368
186 372
186 408
186 517
186 561
186 604
186 672
186 778
186 962
186 1576
186 1817
188 344
188 347
188 1056
188 1463
188 1998
19 204
204 283
204 420
204 426
204 523
204 541
204 880
204 1790
204 1825
42 206
206 220
206 242
206 278
206 292
206 303
206 339
206 374
206 384
206 405
206 520
206 599
206 643
206 660
206 663
206 743
206 920
206 1389
206 1496
206 1677
206 1751
206 1796
206 1858
206 1880
206 1920
206 1921
211 223
211 241
211 492
211 604
211 673
211 853
211 882
211 910
211 1087
211 1266
211 1399
211 1493
211 1712
211 1811
211 1946
211 1996
194 223
223 241
223 368
223 422
223 498
223 561
223 604
223 650
223 677
223 1214
223 1651
178 226
226 461
226 642
226 717
226 992
226 1413
226 1899
241 408
241 422
241 673
241 882
241 910
241 1070
241 1087
241 1324
241 1630
241 1729
241 1764
241 1891
241 1945
160 242
242 292
242 390
242 413
242 426
242 435
242 468
242 584
242 688
242 712
242 1171
242 1230
242 1272
242 1307
242 1334
242 1384
242 1540
242 1557
242 1629
242 1748
242 1796
242 1923
242 1929
233 244
244 295
244 320
244 335
244 391
244 407
244 562
244 583
244 613
244 701
244 1002
244 1026
244 1137
244 1245
244 1270
244 1353
244 1421
244 1456
244 1545
185 256
256 322
256 343
256 571
256 734
256 757
256 914
256 943
256 1016
256 1041
256 1091
256 1098
256 1129
256 1478
256 1588
256 1637
256 1685
256 1832
262 364
262 517
262 672
262 721
262 778
262 1447
262 1522
262 1817
268 316
268 429
268 456
268 458
268 484
268 565
268 575
268 629
268 746
268 775
268 834
268 954
268 1038
268 1791
119 281
131 281
281 388
281 453
281 534
281 707
281 824
281 867
281 880
281 911
281 968
281 1050
281 1070
281 1122
281 1134
281 1314
281 1488
281 1962
283 615
283 817
283 960
283 966
283 1067
283 1162
283 1742
283 1759
283 1816
283 1911
283 1975
181 285
285 353
285 364
285 393
285 558
285 1337
285 1732
285 1891
285 1969
296 305
296 335
296 742
296 856
296 894
296 1178
296 1339
296 1480
19 299
299 307
299 591
299 969
299 1076
299 1420
299 1451
299 1772
299 1839
299 1896
187 305
301 305
305 317
305 379
305 488
305 851
305 1777
305 1866
90 309
309 632
309 842
309 890
309 948
309 1337
309 1457
309 1585
309 1789
181 316
227 316
316 458
316 565
316 596
316 730
316 892
316 1023
316 1038
316 1547
316 1746
318 458
318 469
318 656
318 760
318 1460
318 1507
318 1520
184 320
320 391
320 421
320 701
320 1270
320 1421
320 1701
19 327
327 403
327 545
327 981
327 1036
327 1126
327 1185
327 1428
327 1489
327 1543
327 1580
327 1782
327 1849
343 425
343 538
343 574
343 594
343 681
343 811
343 900
343 943
343 1016
343 1031
343 1039
343 1169
343 1457
343 1679
343 1759
343 1966
343 1985
350 359
350 415
350 536
350 740
350 744
350 1152
350 1459
350 1890
350 1990
350 1992
47 353
155 353
319 353
353 364
353 844
353 1055
353 1677
353 1891
353 1969
148 359
261 359
359 567
359 930
359 1110
359 1371
359 1459
359 1689
359 1890
359 1921
359 1992
224 360
360 486
360 930
360 1332
360 1504
360 1561
360 1680
360 1823
360 1876
364 393
364 721
364 1409
364 1522
364 1969
339 368
368 561
368 1214
388 399
388 559
388 595
388 707
388 951
388 1115
388 1300
388 1338
388 1414
388 1448
388 1586
388 1604
388 1873
388 1970
187 391
317 391
391 562
391 583
391 1002
391 1270
391 1941
391 1980
393 1095
393 1229
393 1399
393 1418
393 1915
403 928
403 1030
403 1126
403 1476
403 1782
403 1846
197 404
404 475
404 878
404 1138
404 1363
404 1662
245 409
409 596
409 816
409 905
409 1012
409 1262
409 1363
409 1532
84 413
413 435
413 868
413 1097
413 1230
413 1384
413 1629
413 1771
413 1963
47 415
415 740
415 873
415 899
415 995
415 1355
415 1565
415 1568
415 1734
421 514
421 516
421 524
421 580
421 637
421 777
421 905
421 960
421 1104
421 1722
84 422
93 422
134 422
422 463
422 677
422 949
422 994
429 549
429 642
429 840
429 852
429 954
429 1004
429 1125
429 1299
429 1410
429 1789
168 435
435 457
435 468
435 473
435 708
435 1416
435 1629
438 839
438 1306
448 514
448 610
448 651
448 748
448 768
448 972
448 1570
90 449
155 449
449 646
449 1336
449 1663
119 453
453 491
453 915
453 1488
458 469
458 484
458 701
458 730
458 1038
458 1491
93 463
134 463
463 1731
468 584
468 1037
468 1116
468 1748
468 1805
468 1923
469 517
469 559
469 720
469 1506
478 923
478 1191
478 1794
96 484
416 484
482 484
484 629
484 774
484 978
484 1090
484 1223
484 1575
49 491
338 491
491 728
491 1043
491 1351
496 780
496 1351
496 1512
496 1670
496 1819
199 499
499 621
500 639
500 686
500 763
500 887
500 1087
147 525
185 525
525 823
525 852
525 857
525 1045
525 1583
525 1930
193 535
217 535
535 660
535 829
535 1038
535 1143
535 1309
535 1350
535 1645
536 619
536 744
536 799
536 1101
536 1392
536 1990
344 549
549 700
549 884
549 1064
549 1467
549 1808
124 562
358 562
562 583
562 613
562 654
562 975
562 1102
562 1456
562 1831
562 1950
562 1980
579 1368
335 580
580 637
580 905
580 1320
302 591
591 626
591 882
591 984
591 1013
591 1285
591 1386
591 1420
591 1422
591 1601
591 1614
591 1928
181 596
227 596
596 625
596 1083
596 1107
596 1121
596 1262
596 1363
160 613
526 613
613 654
613 1456
613 1766
40 615
603 615
615 726
615 817
615 1005
615 1411
615 1742
615 1852
615 1980
168 618
196 618
618 804
618 1173
618 1697
222 619
619 799
619 922
619 1074
619 1101
619 1400
619 1405
547 624
624 678
624 727
624 1393
624 1819
624 1862
224 625
273 625
462 625
625 684
625 845
625 986
625 1083
625 1107
625 1121
625 1180
625 1254
625 1322
625 1758
625 1927
625 1928
79 626
96 626
626 703
626 882
626 984
626 1549
626 1770
626 1816
626 1928
112 629
629 978
629 1575
629 1791
260 637
493 637
637 1595
642 840
642 1206
642 1899
540 646
646 800
646 1477
646 1807
646 1867
280 654
521 654
654 1179
654 1831
147 673
280 673
308 673
673 882
673 1070
673 1075
673 1399
673 1560
673 1729
40 677
300 677
677 689
677 839
677 949
677 994
677 1152
677 1297
677 1763
124 681
358 681
593 681
681 811
681 1039
681 1422
681 1457
681 1552
681 1568
681 1718
336 696
431 696
696 1088
703 919
703 1938
486 728
728 1466
728 1834
209 730
730 1491
209 748
371 748
748 768
748 1622
750 1312
750 1624
750 1889
128 760
760 1460
760 1672
760 1734
760 1821
433 775
775 1256
775 1515
775 1528
779 1795
198 780
571 780
780 1201
780 1748
129 799
136 799
799 885
799 922
799 1101
799 1159
799 1930
426 816
531 817
781 817
817 966
817 1091
817 1816
160 823
325 823
737 823
823 852
823 857
823 1024
689 839
541 880
824 880
880 911
880 1279
216 890
890 1158
890 1192
890 1530
890 1582
890 1585
890 1605
890 1764
19 911
670 911
911 1050
911 1314
911 1616
911 1826
689 919
919 999
919 1397
919 1947
876 922
127 923
457 923
676 923
923 1794
923 1806
184 928
928 1476
224 943
943 1996
229 949
949 994
949 1152
514 960
777 960
960 1722
960 1738
960 1759
47 966
570 966
966 1067
966 1091
966 1816
966 1911
90 978
896 978
978 1223
978 1575
345 984
49 1004
898 1004
1004 1117
1004 1125
1004 1410
1004 1711
1004 1871
160 1023
311 1023
1023 1028
1023 1050
1023 1547
1023 1647
503 1036
1036 1185
1036 1213
1036 1391
1036 1587
1036 1860
311 1050
1050 1314
1050 1826
100 1067
1067 1544
1067 1911
707 1070
1070 1075
1070 1729
1070 1945
1070 1962
73 1075
649 1075
1072 1075
892 1083
1083 1121
47 1084
699 1084
824 1084
1084 1264
1084 1340
1084 1495
1084 1591
1084 1970
311 1086
411 1086
185 1091
1041 1091
1091 1098
239 1117
1117 1396
361 1120
645 1120
1120 1180
1120 1664
1120 1995
303 1129
339 1129
906 1129
1129 1588
1129 1674
155 1138
529 1138
792 1138
1138 1744
1138 1790
740 1152
1152 1200
42 1158
381 1158
1158 1233
1158 1241
1158 1303
1158 1515
809 1173
442 1177
467 1177
1177 1261
1177 1477
1177 1496
862 1185
1143 1185
836 1206
1206 1334
1206 1563
103 1213
1051 1213
1059 1213
461 1214
858 1214
1214 1709
1214 1913
221 1245
1245 1740
220 1256
741 1256
1229 1256
1256 1515
42 1261
381 1261
1233 1261
1261 1477
19 1312
895 1312
965 1312
1312 1710
376 1317
553 1317
813 1317
757 1320
1320 1644
90 1336
477 1340
827 1340
1340 1587
1340 1591
1340 1842
675 1368
761 1368
938 1368
182 1392
1304 1392
1392 1765
19 1393
495 1393
895 1393
290 1397
1399 1418
1399 1915
1005 1411
1411 1429
1411 1597
1411 1854
240 1414
630 1414
1414 1605
1414 1694
1414 1872
1414 1940
209 1420
719 1447
1418 1447
1447 1539
1447 1798
1447 1817
522 1460
1112 1460
457 1476
704 1476
1476 1612
1476 1846
540 1477
1477 1807
93 1491
219 1491
303 1496
743 1496
1241 1515
84 1565
259 1565
358 1588
583 1588
902 1588
1582 1605
1605 1764
1605 1872
1605 1940
201 1644
384 1644
1644 1706
261 1645
1645 1844
638 1672
822 1672
916 1672
1672 1734
1672 1972
914 1685
1685 1949
1685 1971
597 1707
1660 1707
1707 1932
1609 1731
1731 1868
571 1748
1201 1748
1748 1923
538 1759
1759 1966
1508 1765
837 1771
936 1771
420 1790
541 1790
159 1791
927 1791
1073 1791
168 1794
465 1794
1260 1794
883 1796
1258 1796
1733 1796
93 1806
345 1806
1161 1806
19 1825
168 1826
762 1826
623 1831
829 1831
1132 1831
1831 1881
842 1839
1182 1839
1839 1935
96 1844
1010 1844
1747 1844
690 1846
660 1921
1677 1921
786 1924
1163 1924
1750 1924
1576 1949
1833 1949
1949 1971
726 1980
983 1992
1482 1992
19 42
19 43
19 49
19 298
19 300
19 307
19 336
19 495
19 523
19 543
19 545
19 593
19 649
19 670
19 825
19 866
19 895
19 924
19 965
19 1081
19 1163
19 1233
19 1283
19 1358
19 1489
19 1616
19 1692
19 1710
19 1725
43 56
56 90
56 129
56 165
56 193
56 225
56 258
56 325
56 373
56 537
56 552
56 705
56 940
56 977
56 1055
56 1122
56 1841
49 70
70 159
70 333
70 612
70 773
70 898
70 927
70 1069
70 1566
70 1691
40 71
71 100
71 116
71 236
71 254
71 259
71 428
71 445
71 548
71 568
71 706
71 723
71 789
71 871
71 977
71 1037
71 1089
71 1199
71 1419
71 1436
71 1560
71 1710
71 1736
71 1823
79 96
79 152
79 217
79 304
79 380
79 416
79 439
79 508
79 731
79 1327
79 1498
79 1816
79 1824
79 1877
79 1994
84 93
84 134
84 137
84 162
84 173
84 176
84 259
84 276
84 280
84 284
84 554
84 708
84 868
84 941
84 1155
84 1231
84 1441
84 1550
84 1725
84 1752
96 119
96 135
96 151
96 152
96 201
96 213
96 224
96 229
96 341
96 410
96 416
96 447
96 454
96 455
96 482
96 656
96 705
96 754
96 774
96 787
96 825
96 874
96 916
96 967
96 1010
96 1077
96 1090
96 1099
96 1471
96 1567
96 1621
96 1747
96 1770
96 1918
96 1935
96 1983
100 259
100 379
100 568
100 621
100 876
100 886
100 1196
100 1544
106 216
106 427
106 522
106 707
106 828
106 887
106 1293
106 1695
106 1751
106 1956
119 131
119 200
119 201
119 213
119 237
119 510
119 534
119 543
119 581
119 617
119 813
119 915
119 968
119 987
119 1042
119 1131
119 1134
119 1140
119 1207
119 1349
119 1406
119 1488
119 1567
119 1621
119 1675
119 1886
119 1900
119 1957
119 1959
128 202
128 216
128 240
128 406
128 545
128 568
128 606
128 630
128 702
128 714
128 785
128 803
128 932
128 1007
128 1021
128 1029
128 1051
128 1078
128 1136
128 1394
128 1402
128 1435
128 1551
128 1695
128 1853
128 1901
135 151
135 260
135 341
135 493
135 501
135 504
135 563
135 565
135 638
135 656
135 745
135 822
135 872
135 916
135 987
135 1049
135 1151
135 1153
135 1201
135 1215
135 1255
135 1270
135 1274
135 1436
135 1774
135 1902
42 151
47 151
151 321
151 341
151 501
151 503
151 548
151 754
151 837
151 1149
151 1274
151 1375
151 1581
151 1635
151 1636
151 1933
151 1937
159 196
159 200
159 287
159 744
159 755
159 927
159 992
159 1073
159 1100
159 1144
159 1321
159 1352
159 1357
159 1359
159 1373
159 1482
159 1770
159 1898
80 176
176 212
176 219
176 245
176 272
176 280
176 345
176 521
176 675
176 711
176 786
176 849
176 893
176 1437
176 1662
176 1800
176 1923
176 1977
181 227
181 492
181 513
181 531
181 772
181 1337
193 217
193 660
193 967
193 1055
193 1350
193 1490
193 1675
193 1841
193 1957
193 1965
168 196
196 414
196 527
196 531
196 744
196 1352
196 1697
196 1898
198 248
198 344
198 372
198 443
198 451
198 569
198 571
198 1201
198 1757
198 1811
179 201
201 384
201 510
201 1010
201 1567
201 1706
94 209
209 313
209 371
209 425
209 586
209 1017
209 1622
209 1769
209 1774
217 660
217 797
217 829
217 1309
133 225
225 237
225 258
225 321
225 532
225 635
225 873
225 1081
225 1196
225 1226
225 1275
225 1378
225 1511
225 1599
225 1767
225 1777
225 1783
225 1793
225 1936
239 380
239 945
239 1097
239 1155
239 1331
239 1374
239 1590
239 1988
80 247
231 247
247 269
247 447
247 666
247 1001
247 1126
247 1151
247 1389
247 1557
197 248
248 443
248 571
248 608
248 694
248 883
248 1642
259 379
259 708
259 718
259 977
259 1611
148 261
261 712
261 930
261 1031
261 1057
261 1110
261 1591
261 1897
272 292
272 470
272 664
272 706
272 711
272 790
272 1318
272 1506
272 1525
272 1704
272 1813
272 1922
272 1967
73 280
131 280
147 280
280 308
280 521
280 532
280 1179
280 1354
280 1464
280 1560
280 1584
332 361
332 414
332 527
332 546
332 756
332 1511
332 1576
332 1667
42 346
336 346
346 371
346 418
346 488
346 530
346 643
346 783
346 877
346 885
346 1283
346 1478
346 1631
346 1773
251 361
361 527
361 645
361 751
361 1056
361 1180
361 1901
300 369
369 521
369 714
369 766
369 794
369 975
369 1169
369 1415
369 1775
371 373
371 425
371 643
371 1017
371 1034
371 1102
371 1484
371 1613
371 1631
371 1704
371 1716
371 1774
372 454
372 871
373 940
373 1613
373 1704
380 439
380 945
380 1498
380 1590
380 1888
380 1994
397 443
397 767
397 1046
397 1059
397 1832
42 439
381 439
401 439
439 1580
439 1888
439 1994
451 1348
451 1366
213 454
454 1440
454 1471
454 1983
479 755
479 863
479 1814
184 510
510 651
276 513
501 513
513 542
513 586
513 614
513 772
513 1187
513 1278
513 1290
513 1670
300 521
521 794
521 975
521 1127
521 1437
521 1775
527 531
527 756
531 668
531 781
531 1395
531 1593
131 532
147 532
532 1190
532 1354
532 1378
532 1464
532 1511
532 1995
131 543
534 543
543 866
543 1042
543 1233
543 1900
543 1918
216 545
545 568
545 582
545 924
545 981
545 1489
308 546
414 546
546 1511
546 1667
216 568
568 871
568 1859
322 571
571 914
571 1201
571 1478
571 1563
571 1981
586 614
586 1278
586 1584
586 1769
160 614
325 614
614 1187
661 805
661 810
661 1082
661 1655
661 1908
112 666
257 666
533 666
666 720
666 1151
666 1625
668 781
668 1174
668 1305
668 1395
675 761
675 786
675 938
675 939
675 1194
675 1223
675 1977
387 694
457 694
676 694
694 1235
744 1898
744 1990
680 754
754 904
754 1311
754 1534
754 1611
754 1937
754 1983
755 1604
755 1908
112 756
756 783
756 1290
756 1985
66 761
761 860
761 938
761 939
761 1046
761 1194
761 1398
761 1598
761 1835
240 772
349 772
772 1154
772 1434
772 1652
147 781
177 781
504 781
781 900
781 1174
781 1428
781 1681
781 1696
317 795
477 795
795 1440
795 1723
795 1776
805 847
805 906
805 1215
805 1313
805 1359
805 1577
805 1753
805 1793
406 807
565 822
638 822
822 916
822 993
822 1972
822 1976
852 857
852 1299
852 1583
871 1199
871 1710
871 1859
387 881
402 881
710 881
881 1253
881 1339
881 1417
881 1618
881 1735
881 1802
303 906
339 906
347 906
906 1215
906 1753
40 924
236 924
924 1906
941 993
80 1001
639 1001
958 1001
1001 1069
1001 1212
1001 1640
1001 1766
773 1010
961 1010
1010 1747
308 1014
317 1014
498 1014
1014 1044
1014 1221
1014 1391
155 1055
844 1055
1055 1159
168 1057
183 1060
1060 1076
1060 1475
1060 1498
1060 1539
1060 1612
1060 1640
1060 1939
969 1076
1076 1451
1076 1896
1104 1885
1104 1955
1104 1997
165 1108
914 1108
563 1125
1009 1125
1012 1125
1125 1410
1125 1451
1125 1711
1125 1871
623 1140
1132 1140
376 1174
813 1174
1174 1681
73 1179
1179 1298
1179 1323
1179 1600
1114 1187
1187 1400
1187 1670
237 1196
635 1196
1196 1777
552 1199
569 1199
1199 1710
237 1235
581 1235
1235 1486
94 1253
467 1253
1253 1339
1253 1417
1253 1497
1253 1735
1253 1978
563 1274
733 1293
461 1299
482 1299
1299 1521
1299 1636
335 1339
47 1364
590 1364
1364 1542
1364 1624
1364 1835
1366 1378
1378 1511
1378 1995
423 1396
1396 1579
314 1398
1078 1398
794 1437
1437 1800
182 1486
194 1486
210 1486
1486 1747
1486 1888
236 1497
1449 1497
1497 1978
720 1506
659 1507
1507 1520
1507 1713
719 1539
1539 1939
1539 1944
430 1543
1537 1543
1543 1951
220 1572
898 1572
1232 1572
1572 1911
381 1580
401 1580
1580 1849
1586 1604
1604 1908
495 1613
504 1613
1232 1613
1613 1634
560 1633
1525 1633
251 1643
278 1643
1643 1780
1643 1890
220 1667
1019 1667
802 1681
311 1736
1028 1736
1564 1736
182 1747
210 1747
1747 1888
1135 1753
1427 1800
584 1805
939 1835
406 1848
742 1848
1480 1848
1802 1849
47 1859
321 1859
503 1859
182 1888
1082 1908
399 1937
240 1939
630 1939
1516 1939
1939 1944
129 1944
1025 1944
1374 1944
132 1978
177 1978
495 1978
49 90
49 155
49 338
49 430
49 495
49 529
49 649
49 674
49 792
49 843
49 857
49 898
49 921
49 972
49 1316
49 1351
49 1485
49 1526
49 1537
49 1558
49 1566
49 1616
49 1850
112 124
112 134
112 231
112 233
112 257
112 358
112 456
112 494
112 533
112 572
112 583
112 595
112 607
112 683
112 720
112 724
112 783
112 902
112 907
112 933
112 1021
112 1088
112 1112
112 1181
112 1325
112 1409
112 1425
112 1432
112 1438
112 1501
112 1517
112 1625
112 1647
112 1699
112 1824
112 1898
112 1917
112 1985
112 1989
42 133
133 237
133 520
133 635
133 698
133 806
133 815
133 849
133 921
133 986
133 1081
133 1094
133 1195
133 1269
133 1361
133 1377
133 1407
133 1538
133 1599
133 1653
133 1828
133 1873
152 304
152 389
152 416
152 482
152 508
152 533
152 605
152 731
152 825
152 874
152 893
152 967
152 1250
152 1282
152 1285
152 1291
152 1327
152 1431
152 1455
152 1456
152 1504
152 1696
152 1877
183 221
199 221
221 222
221 279
221 381
221 540
221 631
221 719
221 733
221 742
221 776
221 884
221 896
221 998
221 1098
221 1740
221 1799
221 1977
221 1987
224 229
224 273
224 462
224 486
224 684
224 776
224 787
224 845
224 1180
224 1332
224 1561
224 1712
224 1928
224 1933
224 1996
229 273
229 455
229 462
229 476
229 515
229 1248
229 1444
229 1445
237 294
237 321
237 376
237 581
237 635
237 917
237 936
237 1296
237 1406
237 1914
273 462
273 476
273 726
273 845
273 950
273 953
273 986
273 1092
273 1205
273 1236
273 1252
273 1254
273 1322
273 1727
273 1972
183 303
303 339
303 347
303 377
303 612
303 660
303 743
303 889
303 908
303 953
303 1000
303 1209
303 1338
303 1449
303 1465
303 1762
212 304
304 508
304 512
304 605
304 1251
304 1386
304 1504
304 1730
304 1905
304 1922
42 321
47 321
321 503
321 548
321 766
321 812
321 837
321 873
321 917
321 1226
321 1275
321 1296
321 1375
321 1636
321 1702
321 1767
321 1795
321 1895
228 339
339 347
339 392
339 743
339 889
339 908
339 1000
339 1135
339 1880
347 377
377 612
377 1035
377 1465
377 1762
455 705
455 897
455 1191
455 1370
455 1727
455 1797
455 1918
199 476
476 511
476 515
476 1375
476 1718
103 515
515 1445
374 520
520 698
520 789
520 920
520 1361
520 1828
294 569
552 569
569 1164
569 1811
547 601
601 632
601 792
601 908
601 1427
601 1618
601 1827
610 808
610 1061
627 1372
627 1401
627 1783
627 1874
627 1903
645 698
698 789
698 921
698 986
698 1361
552 705
705 1024
705 1191
705 1918
93 782
212 782
219 782
706 789
789 1089
789 1721
567 808
674 808
808 1061
808 1749
808 1779
42 825
825 874
825 1077
825 1459
833 1118
833 1522
699 873
873 899
873 1226
873 1249
873 1793
257 917
555 917
917 1116
917 1296
917 1702
649 921
674 921
921 986
921 1269
216 1015
1015 1483
1022 1458
347 1035
616 1035
1035 1381
40 1061
300 1061
302 1061
1061 1574
231 1106
1106 1114
534 1114
767 1114
983 1114
1114 1941
178 1135
347 1135
1135 1425
257 1144
644 1144
778 1144
1144 1357
1144 1359
1144 1864
518 1164
733 1164
1164 1356
1164 1619
1164 1813
93 1269
340 1269
345 1269
1269 1277
1269 1965
1030 1324
1324 1764
912 1357
1357 1359
1357 1573
1357 1864
347 1381
936 1381
1221 1381
1400 1508
103 1438
165 1438
477 1445
508 1445
1136 1445
1445 1669
127 1458
387 1458
1077 1459
1459 1689
1459 1890
1250 1465
930 1504
1504 1823
1372 1508
1388 1508
670 1616
148 1669
207 1669
963 1669
1669 1909
495 1740
1232 1740
1740 1866
1740 1977
786 1977
1712 1996
94 313
313 324
269 324
324 420
324 620
324 659
344 347
344 652
344 878
344 884
344 1064
344 1628
344 1690
344 1757
344 1778
344 1998
410 1190
178 461
461 482
461 717
461 718
461 858
461 859
461 1413
461 1462
461 1521
461 1578
461 1636
461 1741
461 1913
416 482
482 503
482 774
482 810
482 967
482 1099
482 1466
482 1578
519 573
519 1040
519 1265
519 1780
187 700
428 700
481 700
700 743
700 941
700 1931
708 718
718 858
718 1562
718 1760
718 1814
718 1900
93 941
284 941
131 1190
147 1190
572 1348
308 1391
503 1391
1044 1391
80 1541
575 1541
1385 1541
1042 1544
764 1551
1481 1551
1551 1853
616 1578
1578 1661
1578 1940
827 1587
1587 1860
168 1757
306 1757
826 1757
927 1853
1073 1853
1128 1853
93 1860
1042 1900
90 129
90 155
90 325
90 430
90 518
90 658
90 857
90 869
90 896
90 948
90 1273
90 1337
90 1483
90 1485
90 1529
90 1592
90 1689
90 1840
40 155
47 155
155 257
155 319
155 529
155 644
155 670
155 713
155 792
155 844
155 857
155 1033
155 1159
155 1850
134 338
276 338
338 375
338 738
338 769
338 858
338 1294
338 1351
338 1680
73 375
375 564
375 1925
127 394
394 570
394 699
394 920
394 1231
394 1686
394 1694
269 420
420 541
420 620
420 659
420 672
420 1474
420 1833
160 426
426 712
514 524
514 651
514 777
529 792
529 1744
42 570
47 570
570 1231
560 662
40 738
738 769
738 858
738 1016
738 1047
738 1184
738 1325
738 1902
183 884
884 896
884 1064
884 1467
884 1628
884 1690
884 1987
374 920
920 1686
920 1694
301 969
307 969
843 969
969 1259
969 1451
969 1683
1043 1903
290 1280
1280 1809
1280 1858
42 1283
877 1283
1283 1962
1005 1597
1429 1597
1597 1773
503 1690
1387 1690
1690 1778
630 1694
783 1773
503 1778
810 1778
1387 1778
548 1795
766 1795
1481 1808
1808 1829
1008 1809
1203 1809
889 1896
40 43
40 47
40 80
40 137
40 236
40 257
40 300
40 302
40 319
40 473
40 537
40 597
40 603
40 644
40 689
40 778
40 847
40 927
40 971
40 1005
40 1096
40 1133
40 1147
40 1297
40 1325
40 1342
40 1365
40 1376
40 1441
40 1608
40 1614
40 1637
40 1763
40 1781
40 1852
40 1856
40 1875
40 1889
40 1906
40 1966
42 47
42 278
42 336
42 381
42 389
42 401
42 405
42 418
42 488
42 593
42 643
42 722
42 768
42 806
42 815
42 837
42 845
42 849
42 877
42 1041
42 1142
42 1163
42 1233
42 1545
42 1581
42 1673
42 1698
66 94
66 167
66 267
66 275
66 547
66 604
66 690
66 860
66 1342
66 1350
66 1353
66 1448
66 1461
66 1625
124 175
124 258
124 279
124 298
124 358
124 362
124 583
124 593
124 763
124 840
124 895
124 945
124 959
124 998
124 1019
124 1279
124 1315
124 1439
124 1656
124 1718
137 162
137 387
137 402
137 574
137 691
137 710
137 837
137 842
137 899
137 1182
137 1776
178 182
178 194
178 210
178 717
178 859
178 974
178 992
178 1072
178 1227
178 1234
178 1462
178 1894
73 182
132 182
182 194
182 210
182 408
182 1011
182 1304
182 1528
194 210
194 498
194 650
194 747
194 974
160 233
233 257
233 494
233 1216
80 254
254 1361
267 411
267 690
267 815
267 891
267 981
267 1342
222 279
279 381
279 540
279 719
279 776
279 959
279 1181
279 1439
93 295
134 295
295 335
295 655
47 319
319 473
319 1376
319 1556
319 1677
335 406
335 407
335 590
335 676
335 851
335 952
335 1353
335 1545
179 358
358 583
358 593
358 902
358 975
358 1102
358 1157
358 1181
358 1271
358 1422
358 1688
358 1718
358 1989
389 573
389 836
389 1142
389 1291
407 692
407 889
407 1353
407 1383
408 664
408 739
408 1011
408 1630
408 1828
408 1891
290 411
311 411
411 965
411 1095
411 1887
116 428
173 428
187 428
428 445
428 481
428 555
428 743
428 801
428 1037
428 1315
428 1583
127 445
442 445
445 723
445 801
445 818
445 1627
664 739
664 1704
314 690
690 891
690 1342
690 1350
690 1830
691 827
691 842
691 1376
691 1665
691 1701
691 1997
147 723
495 723
504 723
723 1080
723 1232
723 1807
179 739
657 739
739 1739
739 1828
582 801
801 818
801 1208
801 1303
801 1315
801 1514
162 806
554 806
806 849
806 1246
806 1407
314 818
818 1078
818 1784
818 1951
167 891
891 1134
891 1830
935 959
959 1439
975 1102
975 1157
975 1950
290 1011
759 1011
1011 1304
1095 1229
1095 1377
1095 1649
1095 1887
477 1142
1118 1142
1142 1304
73 1157
207 1157
471 1157
1157 1564
1157 1688
301 1259
843 1259
1259 1382
1259 1683
477 1304
1118 1304
175 1315
998 1315
1315 1583
1376 1556
1376 1665
399 1556
1556 1641
1217 1649
1649 2000
418 1673
768 1673
440 1688
962 1688
1367 1830
674 1950
1410 1950
540 1989
719 1989
1181 1989
1172 2000
47 433
47 503
47 590
47 699
47 713
47 844
47 1101
47 1208
47 1267
47 1355
47 1395
47 1495
47 1516
47 1606
47 1677
47 1708
47 1971
127 238
127 387
127 442
127 457
127 592
127 602
127 676
127 951
127 1183
127 1205
127 1296
127 1316
127 1627
160 183
160 271
160 311
160 325
160 526
160 712
160 737
160 1024
160 1028
160 1307
160 1487
160 1557
160 1564
160 1598
160 1647
160 1994
160 1999
179 384
179 434
179 581
179 657
179 1082
179 1182
179 1369
179 1653
179 1963
227 492
227 870
227 1549
73 228
228 263
228 293
228 392
228 436
228 1107
228 1567
228 1589
228 1663
228 1899
257 494
257 533
257 555
257 572
257 597
257 644
257 670
257 720
257 778
257 869
257 927
257 1116
257 1133
257 1168
257 1311
257 1526
257 1845
257 1877
43 271
271 325
271 526
271 667
271 737
271 1576
271 1603
271 1833
290 311
290 423
290 512
290 759
290 965
290 1265
290 1610
290 1858
300 302
300 714
300 766
300 794
300 1131
300 1297
300 1358
300 1574
300 1603
80 302
302 1013
302 1131
302 1386
302 1574
302 1595
302 1781
311 356
311 1028
311 1341
311 1371
311 1472
311 1564
356 556
356 649
356 958
356 1341
356 1360
356 1472
292 374
374 494
387 402
387 457
387 640
387 676
387 710
387 722
387 937
387 1618
387 1802
129 392
136 392
392 991
392 1003
392 1589
202 423
423 1579
314 430
430 658
430 667
430 947
430 1365
430 1483
430 1537
430 1801
430 1951
381 440
440 653
440 735
440 962
440 963
440 1247
440 1878
480 556
480 999
480 1786
494 572
494 869
494 1435
494 1529
494 1540
238 526
526 770
526 1766
220 597
362 597
597 741
597 1311
597 1526
597 1660
597 1739
597 1915
656 916
656 1935
131 658
148 658
390 658
658 896
658 1254
658 1365
658 1483
658 1592
658 1845
405 663
663 821
663 1554
314 667
667 1603
667 1801
670 1033
670 1581
462 684
684 727
684 776
684 1180
684 1322
684 1712
684 1758
684 1803
684 1804
684 1852
362 692
692 903
692 952
692 1039
692 1302
692 1484
692 1646
692 1799
168 713
414 713
713 1516
759 1693
815 1538
402 821
640 821
821 1255
821 1463
477 827
704 827
827 862
827 1369
827 1701
632 859
312 862
862 1143
862 1909
896 1987
147 937
497 937
665 937
553 948
813 948
948 1094
948 1277
948 1337
948 1457
948 1689
245 1033
1033 1581
1033 1621
1079 1385
1079 1818
813 1131
1131 1297
1131 1595
1131 1603
1143 1194
1143 1664
939 1194
1224 1234
1234 1792
1234 1894
680 1311
292 1341
902 1341
1351 1512
1351 1619
813 1383
1207 1383
1349 1383
1395 1593
1395 1713
1395 1754
1415 1655
1415 1964
932 1435
1435 1540
1039 1457
1457 1568
1457 1679
1276 1512
1512 1619
1512 1819
240 1516
630 1516
1007 1516
695 1537
1308 1537
1537 1951
584 1540
688 1540
260 1595
183 1598
1487 1598
1598 1994
733 1619
1356 1619
1654 1772
974 1692
1217 1692
1692 1711
1692 1717
659 1713
1713 1754
651 1781
1093 1781
1165 1781
1127 1803
1289 1803
1803 1852
1803 1968
1885 1955
1955 1997
501 1968
802 1968
43 132
43 298
43 1122
43 1521
73 103
73 131
73 132
73 147
73 148
73 177
73 207
73 293
73 308
73 340
73 471
73 477
73 556
73 649
73 704
73 751
73 1072
73 1105
73 1528
73 1564
73 1925
131 132
131 147
131 148
131 200
131 207
131 306
131 390
131 462
131 471
131 486
131 534
131 680
131 741
131 867
131 1028
131 1089
131 1203
131 1254
131 1289
131 1354
131 1355
131 1493
131 1845
131 1862
131 1957
148 177
148 207
148 340
148 390
148 567
148 712
148 963
148 1110
148 1254
148 1289
148 1306
148 1480
148 1548
148 1575
148 1577
148 1591
148 1717
148 1862
148 1897
148 1909
168 175
168 184
168 213
168 306
168 414
168 465
168 528
168 685
168 762
168 786
168 804
168 826
168 935
168 1163
168 1260
168 1276
168 1310
168 1648
168 1750
168 1878
93 220
220 287
220 340
220 362
220 384
220 405
220 599
220 620
220 741
220 770
220 868
220 898
220 1019
220 1229
220 1232
220 1251
220 1389
220 1739
220 1751
220 1843
220 1854
220 1911
220 1919
236 416
236 1356
236 1367
236 1449
236 1560
236 1906
336 431
336 511
336 592
336 885
336 1096
336 1226
93 340
340 345
340 564
340 764
340 898
340 1232
340 1277
93 405
287 405
405 770
405 1554
414 1511
416 516
416 894
416 1449
416 1469
416 1666
416 1946
425 574
425 594
425 1017
425 1034
425 1484
425 1716
425 1967
442 467
442 592
442 951
442 1048
442 1236
94 467
467 1744
467 1979
516 894
516 1946
431 592
592 602
592 951
592 1048
592 1096
592 1236
592 1779
623 829
623 1132
623 1741
623 1881
623 1917
269 659
659 853
659 1474
504 745
638 745
745 872
745 1630
856 894
894 1469
894 1946
918 940
927 1073
1073 1128
1073 1514
1073 1998
651 1165
1093 1165
1165 1278
741 1229
868 1229
1229 1377
674 1316
972 1316
1316 1558
1332 1876
1332 1884
518 1356
733 1356
1356 1813
609 1367
1094 1377
497 1469
897 1469
1469 1666
630 1554
714 1554
785 1554
1013 1614
616 1661
1661 1940
706 1666
794 1666
933 1678
1172 1678
1678 1934
1521 1741
434 1754
1547 1754
524 1884
566 1884
987 1886
1886 1942
812 1979
184 238
184 251
184 278
184 306
184 528
184 651
184 1093
184 1275
184 1775
238 770
238 1183
238 1929
171 427
202 427
427 522
427 711
427 716
427 740
427 934
457 473
457 676
457 704
457 708
457 1416
470 1813
504 565
565 638
565 746
565 892
565 1201
565 1883
565 1914
707 828
707 1500
707 1751
708 1416
708 1562
396 746
553 746
746 790
746 989
746 1002
746 1006
746 1018
746 1273
294 787
777 787
177 788
788 1986
547 875
678 875
875 910
875 1919
892 1127
892 1914
882 910
910 1087
910 1266
910 1493
910 1919
910 1946
345 918
849 918
640 1063
1063 1237
1063 1652
434 1547
811 1547
1547 1746
325 1576
1576 1833
504 1630
638 1630
1630 1891
564 1648
824 1648
1442 1746
1389 1751
1751 1854
1482 1770
376 1914
936 1914
898 1919
1251 1919
977 1986
94 167
94 275
94 402
94 901
94 950
94 1026
94 1100
167 1026
167 1225
167 1461
183 197
183 199
183 210
183 1154
183 1249
183 1442
183 1487
183 1594
183 1799
183 1994
129 325
325 737
325 1273
402 574
402 640
402 710
402 722
402 804
402 904
402 950
402 1255
402 1463
402 1501
402 1538
402 1618
443 767
443 1046
443 1059
443 1642
726 950
950 953
950 1205
1026 1100
860 1046
1046 1059
1046 1384
1046 1668
1100 1209
173 1301
555 1301
1230 1301
1301 1485
1301 1691
1301 1863
936 1382
719 1418
1145 1418
1418 1915
567 1461
674 1461
695 1487
1487 1729
1498 1612
1290 1501
1501 1973
1069 1691
1701 1879
1246 1818
1262 1818
1609 1818
672 1833
147 1973
103 165
103 655
103 685
103 856
103 1051
103 1059
103 1139
103 1550
103 1864
165 464
165 914
165 1881
240 349
240 630
240 1007
240 1434
240 1524
134 276
276 501
276 542
276 1294
276 1319
276 1680
207 471
471 635
471 741
471 1028
471 1564
501 542
501 802
501 1290
501 1319
501 1602
199 511
511 652
511 1052
511 1375
511 1875
345 564
564 764
564 824
564 1821
644 778
644 847
644 1372
644 1408
581 657
657 1739
657 1963
213 685
685 762
685 786
685 935
685 1421
685 1732
685 1936
757 954
757 1048
757 1954
954 1048
987 1151
1151 1559
1151 1774
1226 1275
1226 1793
508 1282
893 1282
1282 1285
1282 1319
1282 1431
1282 1455
1282 1456
1282 1696
1246 1298
1262 1298
1298 1323
1298 1600
1110 1306
1306 1717
1372 1388
1372 1700
863 1600
1223 1627
1875 1889
1416 1925
1714 1925
171 202
171 301
171 497
171 611
171 711
171 843
171 1426
199 222
199 621
199 631
199 831
199 1052
199 1375
199 1718
199 1837
132 497
147 497
497 665
497 897
538 599
560 832
560 1530
572 869
572 1529
572 1845
384 599
599 1172
599 1389
599 1517
379 621
621 886
621 1907
503 812
766 812
812 1168
829 1132
829 1225
829 1309
829 1881
829 1917
897 1370
962 1321
927 1133
1133 1168
1133 1659
933 1172
1172 1517
992 1321
1321 1785
567 1371
1371 1502
498 1610
1262 1610
293 1907
1096 1966
1966 1985
1290 1985
251 278
278 643
278 1041
278 1698
312 314
312 333
312 716
312 860
312 1909
314 860
314 1078
314 1553
314 1702
314 1801
333 433
333 477
333 508
333 612
333 773
333 834
333 932
333 1006
333 1147
333 1413
333 1650
222 381
381 401
381 540
381 653
381 735
381 963
381 1233
381 1241
381 1303
384 1706
384 1843
384 1858
384 1920
185 401
401 1212
401 1602
433 590
433 834
433 864
433 932
433 1101
433 1156
433 1208
433 1267
433 1302
433 1708
433 1768
433 1837
433 1931
433 1969
547 594
547 616
547 617
547 632
547 678
547 727
547 1346
547 1427
547 1561
547 1638
590 964
590 1101
590 1838
590 1971
583 593
593 845
593 1163
593 1271
593 1422
616 1638
616 1940
616 1981
653 1241
653 1247
653 1700
640 722
722 804
722 1958
845 986
845 1236
845 1310
845 1545
845 1745
845 1927
845 1928
80 866
537 866
866 1233
866 1272
866 1641
866 1797
866 1918
866 1987
553 1094
173 1155
1155 1374
1155 1762
477 1156
864 1156
1156 1969
935 1247
1247 1700
1247 1878
129 1374
877 1374
1025 1374
1374 1566
1353 1545
1388 1700
612 1762
284 1843
306 1878
1310 1878
1758 1958
542 883
542 1258
542 1319
608 883
883 1258
883 1733
927 1128
927 1168
927 1342
927 1659
927 1856
534 1042
222 1074
1128 1514
129 1195
1195 1855
665 1224
1224 1431
308 1599
498 1599
1246 1599
1599 1783
398 1684
1307 1684
1783 1903
216 1792
418 1792
1017 1792
175 1841
347 1998
1514 1998
116 173
173 187
173 555
173 989
173 1230
173 1231
173 1441
173 1752
147 308
308 498
308 1044
308 1221
308 1246
294 376
376 553
376 813
376 936
376 1495
396 553
396 769
396 790
396 828
396 1238
396 1323
396 1349
396 1439
396 1586
185 464
464 914
464 1040
464 1380
464 1881
464 1942
477 508
477 704
477 834
477 864
477 1006
477 1025
477 1118
477 1136
477 1331
477 1369
477 1413
477 1440
477 1723
477 1887
207 518
518 733
518 1813
518 1840
292 584
390 584
584 688
689 826
689 864
689 999
689 1763
473 704
704 1369
704 1612
630 714
714 766
714 785
714 1051
714 1078
603 726
726 1205
726 1322
773 961
828 887
828 1238
828 1281
828 1500
828 1829
834 1006
834 1354
834 1665
175 840
840 1019
840 1789
914 1981
889 953
908 953
961 1534
116 1037
1037 1116
1037 1419
1110 1153
1110 1300
1110 1533
1110 1591
1110 1717
1110 1768
915 1178
1204 1238
826 1281
864 1281
1281 1623
595 1300
1354 1665
836 1433
869 1529
1533 1693
524 1562
1266 1562
632 1789
842 1789
216 1840
650 1840
298 895
298 931
298 1081
298 1871
298 1897
307 974
132 495
147 495
177 495
495 504
495 649
495 674
495 843
495 895
495 1232
495 1634
495 1725
185 523
523 762
523 809
523 1406
523 1559
649 674
649 1072
649 1161
649 1360
649 1725
895 965
895 1871
895 1897
965 1710
635 1081
1081 1653
1081 1873
1081 1936
786 1163
935 1163
1163 1750
1233 1918
80 1358
212 1358
275 1358
981 1489
1428 1489
162 1725
554 1725
80 136
80 212
80 231
80 269
80 275
80 537
80 575
80 638
80 639
80 645
80 958
80 980
80 1069
80 1217
80 1385
80 1641
116 706
116 800
116 988
116 1077
116 1115
116 1170
116 1419
116 1579
116 1991
231 447
231 489
231 973
231 1326
231 1389
231 1557
269 672
269 980
269 1198
269 1474
269 1745
447 1326
447 1389
447 1964
573 1265
573 1780
573 1990
216 582
582 1208
582 1303
603 695
603 749
603 1608
603 1852
603 1999
347 612
645 1180
645 1664
645 1945
645 1995
436 678
678 727
678 1000
678 1007
678 1284
678 1500
678 1638
678 1862
695 933
695 973
695 1308
695 1729
292 706
706 794
706 988
706 1089
706 1318
706 1424
706 1721
706 1823
706 1922
792 908
792 1744
792 1850
794 988
794 1127
794 1424
794 1991
508 955
955 1687
489 973
973 1020
980 1003
980 1204
980 1468
995 1568
995 1683
995 1876
185 1040
147 1105
177 1105
1216 1318
611 1248
1248 1360
132 1355
1355 1492
611 1444
1360 1444
1444 1905
147 1560
129 1566
877 1566
1039 1568
1568 1734
595 1608
683 1608
874 1608
843 1683
1683 1876
1734 1821
1322 1758
1758 1804
508 1905
605 1905
1905 1922
847 1906
1441 1906
294 431
294 552
294 777
294 1132
456 575
456 724
456 844
456 991
456 1647
456 1752
456 1917
537 552
552 1024
552 1474
552 1787
136 575
575 638
575 870
575 1385
575 1916
581 813
581 1207
581 1252
581 1742
581 1963
777 1093
777 1419
777 1722
777 1738
553 813
813 1207
813 1252
813 1277
813 1297
813 1349
844 1159
162 936
837 936
936 1221
1474 1787
967 1675
1294 1680
129 136
136 870
136 885
136 991
136 1200
136 1488
136 1916
200 306
306 528
306 826
306 1310
431 1088
431 1096
431 1132
492 870
216 650
481 650
287 770
770 1929
362 831
831 1837
877 947
651 1093
1093 1275
1093 1419
1093 1775
986 1310
1236 1310
1310 1745
292 1929
93 134
134 222
134 489
134 655
134 721
134 724
134 1080
134 1294
134 1409
134 1898
222 489
222 631
222 1080
222 1546
533 555
533 784
533 1625
534 767
534 912
534 968
534 983
534 1609
534 1941
129 537
537 971
537 1272
187 555
555 784
555 1485
574 594
594 617
594 900
594 934
594 1593
594 1629
594 1948
639 763
639 887
639 958
639 1047
639 1087
639 1217
639 1631
639 1640
767 983
767 1941
609 784
784 1260
784 1267
719 983
983 1309
983 1370
983 1482
983 1622
251 1013
1013 1220
1013 1386
1013 1601
974 1217
1353 1448
721 1409
1409 1425
1309 1573
1442 1573
399 1641
1641 1797
1641 1987
1727 1797
1797 1987
132 147
147 177
147 185
147 504
147 540
147 665
147 680
147 1080
147 1428
147 1464
147 1584
147 1696
147 1807
162 398
162 554
162 577
162 803
162 837
162 899
162 931
162 1286
185 322
185 734
185 762
185 1041
185 1098
185 1148
185 1750
322 1148
322 1176
322 1478
322 1563
322 1723
530 783
530 1189
860 1384
860 1553
860 1668
931 1034
931 1308
1017 1034
1034 1308
1034 1484
212 1148
512 1148
1148 1403
1148 1455
1148 1592
1148 1787
988 1286
1271 1286
1286 1467
716 1380
863 1380
1380 1548
212 1553
1455 1553
1553 1702
1296 1702
1702 1895
175 213
175 362
175 465
175 998
175 1019
175 1260
175 1279
175 1471
175 1834
175 1975
251 398
251 493
251 550
251 563
251 631
251 751
251 1009
251 1012
251 1220
251 1780
251 1847
251 1890
251 1901
398 493
398 563
398 803
398 1009
398 1307
398 1552
465 1260
465 1471
260 493
493 550
493 606
493 872
493 1270
493 1388
493 1651
493 1920
503 548
548 766
548 1149
548 1436
550 606
550 872
202 606
606 872
606 1045
606 1137
418 768
488 768
751 1056
1056 1463
1337 1689
522 558
522 716
522 740
522 1064
522 1112
522 1620
554 577
554 774
554 1062
554 1246
554 1313
558 1064
558 1183
558 1715
574 900
574 904
577 774
577 1139
640 804
640 1538
774 1062
774 1090
434 811
811 1039
811 1552
837 899
837 1375
837 1635
904 1983
907 933
933 1325
967 1099
769 1016
1016 1031
1016 1047
1016 1169
1016 1518
1016 1558
712 1031
1031 1169
1031 1558
1031 1594
797 1062
1064 1467
1064 1628
498 1221
504 1255
563 1255
1255 1463
1255 1902
1318 1373
1318 1912
1318 1922
1373 1650
1373 1912
1416 1714
1147 1650
716 1714
863 1714
1714 1738
1729 1945
1434 1912
245 1954
1743 1954
200 1957
197 210
197 293
197 475
197 608
197 749
197 878
197 1154
197 1249
197 1284
197 1698
210 974
210 1154
210 1442
260 349
349 1049
349 1154
349 1171
349 1652
406 665
406 676
406 742
406 1480
541 1279
541 1401
541 1402
541 1938
635 1653
635 1777
635 1936
769 858
769 1047
769 1184
769 1349
769 1439
769 1468
769 1518
769 1586
778 847
847 1408
847 1441
999 1947
951 1048
1048 1236
1153 1768
1039 1227
1227 1472
1227 1749
1207 1349
1349 1439
1402 1938
1309 1442
216 1695
1267 1768
1768 1931
1126 1782
132 1492
213 786
786 893
786 935
786 1750
786 1923
832 915
832 1988
508 893
731 893
893 1250
893 1923
177 1428
1428 1696
187 301
187 317
187 379
187 481
187 488
187 743
187 851
187 989
187 1230
187 1931
301 605
301 843
301 851
301 907
301 1582
301 1866
498 747
498 1145
498 1149
498 1246
498 1262
498 1609
498 1651
498 1659
212 512
512 1264
512 1403
512 1592
512 1787
508 605
605 731
605 907
605 1008
605 1763
605 1922
540 719
719 733
719 1098
719 1145
719 1181
674 843
843 972
607 907
907 1008
907 1325
907 1432
907 1582
553 989
790 989
989 1002
989 1006
989 1018
989 1730
1008 1203
1077 1115
559 1115
1115 1170
1115 1970
968 1134
680 1170
1170 1314
1170 1961
1246 1262
1246 1609
1262 1363
1262 1609
824 1264
1264 1970
1265 1780
1370 1482
1370 1642
1370 1727
129 1426
1025 1426
1426 1601
1426 1743
1482 1642
1482 1755
216 1582
1386 1601
1601 1743
1642 1755
1168 1659
390 1755
963 1755
1429 1755
1101 1971
213 987
213 1440
213 1621
399 609
399 951
399 1338
399 1448
915 1988
362 945
945 1097
945 1590
987 1559
868 1097
1118 1331
1331 1988
766 1352
1168 1352
1440 1723
1260 1471
1471 1983
567 1502
93 212
93 219
93 284
93 287
93 345
93 944
93 1161
93 1220
93 1277
93 1699
93 1722
93 1965
284 964
284 1403
284 1475
317 379
317 1628
317 1776
317 1941
341 436
436 475
436 1000
436 1007
436 1107
436 1567
436 1620
436 1663
524 566
524 608
524 1266
524 1961
566 608
566 1546
607 1432
607 1838
630 1007
1007 1638
958 1212
1069 1212
1212 1602
882 1266
1266 1493
1284 1638
1285 1431
1431 1455
1080 1546
1546 1769
1716 1967
1722 1738
1232 1866
1885 1997
934 1948
1593 1948
132 177
132 1089
132 1184
132 1518
132 1521
132 1634
132 1697
676 851
735 963
735 1258
742 1480
742 1767
935 1432
1205 1296
1205 1322
1296 1895
1521 1634
1521 1636
504 1634
609 1260
609 1267
711 1525
711 1967
867 1122
867 1462
867 1606
867 1820
867 1855
1231 1441
1525 1967
216 418
216 481
216 1017
216 1021
216 1483
216 1842
418 488
418 1017
418 1327
418 1671
418 1842
418 1883
553 790
553 1002
553 1277
553 1894
721 724
721 1029
1290 1602
212 1403
1403 1475
1591 1842
258 968
258 1706
986 1727
1236 1727
475 749
475 878
475 1363
475 1620
475 1698
908 1000
1000 1209
1000 1500
1176 1571
1176 1723
963 1258
1258 1733
716 1620
1112 1620
836 1020
836 1130
836 1334
887 1829
988 1250
988 1271
988 1424
988 1467
988 1991
1121 1802
1130 1868
731 1250
1012 1532
882 1549
934 1593
1618 1802
1481 1829
1829 1867
672 778
778 1408
778 1441
604 1005
1005 1147
1005 1429
1096 1637
1096 1779
1096 1875
932 1147
1325 1902
1342 1350
1342 1856
1441 1550
734 1637
508 1763
731 1763
1052 1856
1490 1856
652 1875
260 1090
260 1215
260 1436
716 740
716 863
716 934
716 1112
716 1738
863 1548
863 1738
863 1926
638 1049
916 1049
1049 1171
1154 1652
379 488
488 877
488 1478
488 1777
643 1041
643 1631
345 849
849 1407
129 877
877 1025
877 1478
734 1041
1041 1698
749 1698
1122 1820
200 287
287 717
287 734
287 944
287 992
287 1294
362 620
362 903
362 952
362 998
362 1646
362 1656
362 1739
362 1915
604 1625
783 1021
903 952
903 1044
903 1302
903 1424
903 1687
939 944
944 1294
1039 1484
1039 1552
1039 1679
1039 1799
1052 1490
1484 1799
1350 1490
1490 1965
1609 1868
1653 1873
567 1749
674 1749
379 1777
486 930
486 1466
486 1561
486 1782
486 1834
1215 1436
810 1466
1466 1834
680 1611
517 1786
1820 1927
177 504
177 900
177 1548
177 1575
177 1708
508 731
508 1025
508 1136
508 1285
508 1327
508 1824
517 559
517 672
517 764
517 1879
567 674
567 737
567 1577
567 1779
595 683
595 874
595 1586
207 741
741 868
741 1028
826 864
864 1302
864 1623
864 1837
864 1969
898 1232
898 1251
898 1911
930 1782
930 1823
939 1223
951 1448
951 1873
1019 1279
1019 1834
129 1025
958 1069
952 1302
1302 1687
1302 1837
1548 1575
1548 1926
1215 1577
1313 1577
1285 1646
1647 1699
503 766
503 810
503 1149
503 1168
503 1387
503 1933
699 899
699 1249
1101 1208
1208 1708
1267 1606
1462 1606
660 1677
504 1708
900 1708
129 869
129 885
129 991
129 1003
129 1092
129 1159
129 1273
129 1417
740 934
740 1200
740 1635
740 1676
1200 1635
1200 1676
1375 1635
1635 1676
1279 1975
1834 1975
674 972
674 1410
857 1485
857 1526
651 972
972 1558
972 1570
1230 1485
1485 1526
1526 1660
1526 1877
1169 1558
869 1417
1417 1735
1309 1622
202 263
202 702
202 797
202 1045
202 1408
202 1590
434 1082
434 1237
1021 1136
1021 1517
1136 1887
1215 1313
1313 1359
1323 1785
992 1785
263 341
263 1926
528 826
826 1276
1044 1424
1045 1893
1045 1930
345 1481
764 1481
1481 1867
1107 1663
617 1893
1737 1893
1159 1930
785 1947
630 785
785 1051
1241 1303
1241 1721
878 1363
878 1662
390 1171
688 1171
341 1899
1567 1899
540 733
540 1181
717 734
800 1579
800 1867
963 1909
680 710
749 1737
749 1999
1182 1776
701 1137
803 1029
803 1228
803 1307
1029 1228
559 1863
764 1863
1279 1401
1279 1834
200 717
908 1209
1020 1542
1387 1542
1542 1660
986 1927
556 958
556 1204
617 934
617 1346
617 1394
617 1629
617 1737
968 1343
968 1706
1289 1343
809 1406
1406 1559
1406 1959
1410 1711
1592 1787
1871 1897
1784 1959
1951 1959
611 747
611 1360
611 1590
747 1145
747 1149
747 1760
1207 1252
1207 1742
858 1760
1760 1814
559 720
559 764
559 1970
345 764
764 1821
764 1879
856 1051
856 1139
1314 1961
212 245
219 245
245 630
245 905
245 1012
245 1621
245 1679
245 1743
245 1913
651 1278
651 1570
905 1679
905 1743
905 1913
1192 1530
212 275
275 901
1350 1965
1448 1873
869 1845
1006 1018
1018 1730
1018 1735
737 1024
1088 1112
1198 1745
638 1972
1972 1976
809 901
958 1640
743 1449
889 1449
212 219
212 630
212 1251
212 1455
212 1730
212 1984
219 630
345 824
345 1161
345 1662
345 1821
345 1965
504 638
638 916
638 1976
1180 1712
1252 1742
1089 1184
1089 1203
1089 1518
1089 1697
1089 1823
731 1524
974 1711
1337 1732
1434 1524
1711 1717
1421 1732
1732 1936
207 390
207 462
207 702
207 963
207 1429
207 1464
207 1804
207 1974
717 1072
992 1072
1072 1161
1028 1564
762 1421
762 1801
743 1931
743 889
889 908
810 1082
1082 1182
842 1182
1182 1369
1182 1935
1237 1676
858 1709
727 879
727 1862
763 879
879 1276
1327 1671
1327 1824
1327 1877
1327 1883
683 1824
390 1429
963 1429
1429 1854
1429 1974
1389 1854
504 563
563 1009
563 1012
563 1451
712 1307
1307 1557
1059 1550
1550 1864
1647 1752
998 1656
1078 1394
1078 1784
1275 1767
1686 1784
1784 1951
1881 1942
632 842
632 1427
632 1561
632 1618
1249 1594
683 874
631 1009
390 688
1009 1012
1009 1847
1475 1640
1574 1812
1656 1812
1388 1847
737 1999
790 1273
1006 1273
1483 1592
489 1020
489 1080
489 1407
763 1047
528 1276
341 1567
341 1926
916 1935
842 1935
858 1913
1780 1890
1464 1584
702 797
797 1728
797 1974
1285 1422
292 390
292 790
292 902
292 1728
1728 1974
1051 1059
1051 1139
1059 1864
1359 1864
462 776
712 1594
1020 1387
1020 1407
1020 1660
810 1387
952 1687
1881 1917
712 1480
712 1897
583 902
583 1002
583 1271
724 991
790 902
902 1181
1088 1427
1028 1647
1647 1917
1127 1289
1270 1388
1270 1421
1270 1651
1254 1289
1289 1493
1289 1862
1388 1651
1388 1920
504 872
504 900
504 1080
504 1232
504 1902
1574 1656
1375 1718
991 1003
1003 1092
1003 1468
1003 1671
1047 1468
1184 1468
1012 1451
390 702
462 702
702 1804
702 1974
1346 1394
991 1092
991 1671
1092 1252
1092 1671
1275 1775
390 462
390 963
390 1334
390 1804
390 1845
390 1974
462 1254
462 1322
1254 1493
1047 1184
1184 1518
1518 1697
986 1236
986 1745
804 1538
1201 1883
1017 1774
528 1916
733 1098
1230 1384
1230 1963
1334 1563
1271 1467
1456 1696
1145 1149
1149 1933
1375 1636
1455 1456
1421 1801
717 992
1389 1557
824 1970
1118 1976
790 1006
1192 1571
1384 1668
1303 1514
1427 1561
1427 1618
1427 1827
1363 1662
717 1462
1384 1963
1047 1631
1651 1920
1322 1804
882 1928
1087 1946
1251 1730
1006 1730
1180 1664
1180 1945
1664 1945
934 1629
1679 1913
1305 1346
1671 1883
1478 1563
766 1168
1252 1827
1618 1827
