1 115
1 128
1 150
1 166
1 196
1 267
1 292
1 354
1 381
1 477
1 615
1 624
1 717
1 794
1 819
1 869
48 115
70 115
77 115
85 115
115 122
115 181
115 239
115 240
115 280
115 312
115 377
115 396
115 422
115 426
115 480
115 481
115 520
115 526
115 601
115 616
115 709
115 742
115 758
115 804
115 847
115 882
115 885
115 896
115 923
115 958
115 970
115 987
33 128
107 128
128 140
128 171
128 230
128 327
128 512
128 540
128 562
128 575
128 605
128 616
128 628
128 639
128 651
128 733
128 754
128 802
128 824
128 856
128 884
128 899
128 981
43 150
69 150
82 150
97 150
150 160
150 168
150 207
150 224
150 235
150 334
150 358
150 372
150 418
150 461
150 484
150 540
150 592
150 596
150 707
150 783
150 797
150 849
150 871
150 878
150 911
150 949
150 972
4 166
12 166
48 166
95 166
102 166
114 166
166 176
166 194
166 217
166 251
166 266
166 274
166 374
166 382
166 402
166 403
166 433
166 456
166 465
166 577
166 585
166 651
166 748
166 892
95 196
156 196
196 208
196 441
196 471
196 494
196 506
196 663
196 687
196 692
196 791
196 803
196 877
196 931
196 965
196 977
19 267
74 267
136 267
202 267
233 267
267 310
267 328
267 393
267 394
267 413
267 467
267 491
267 499
267 508
267 626
267 650
267 656
267 686
267 908
267 921
267 933
267 960
267 962
65 292
292 373
292 389
292 395
292 463
292 527
292 604
292 688
292 701
292 773
292 841
292 884
292 924
292 926
61 354
72 354
137 354
208 354
209 354
235 354
320 354
354 362
354 368
354 457
354 464
354 473
354 526
354 616
354 635
354 637
354 638
354 667
354 697
354 713
354 726
354 839
354 877
354 880
354 902
354 915
354 991
354 995
98 381
131 381
149 381
209 381
237 381
250 381
277 381
283 381
300 381
307 381
381 591
381 659
381 731
381 773
381 835
381 860
381 862
381 863
381 906
381 914
381 946
381 950
381 992
88 477
114 477
171 477
235 477
315 477
358 477
473 477
477 559
477 679
477 764
477 775
477 779
477 814
477 841
477 850
477 853
477 856
477 865
477 946
477 948
477 957
36 615
100 615
161 615
178 615
230 615
250 615
299 615
305 615
368 615
418 615
476 615
549 615
615 786
615 815
615 863
615 890
615 959
144 624
192 624
225 624
286 624
371 624
524 624
564 624
624 687
624 726
624 811
624 861
624 898
624 945
624 978
44 717
135 717
216 717
281 717
322 717
325 717
364 717
370 717
405 717
439 717
460 717
606 717
643 717
717 753
717 777
717 827
717 859
717 864
717 935
717 983
40 794
41 794
70 794
76 794
184 794
190 794
191 794
205 794
296 794
312 794
390 794
435 794
445 794
481 794
566 794
598 794
704 794
707 794
711 794
733 794
747 794
785 794
794 843
794 848
794 865
794 867
794 890
27 819
59 819
156 819
162 819
225 819
356 819
368 819
402 819
426 819
456 819
474 819
612 819
621 819
746 819
819 878
819 975
819 990
45 869
98 869
108 869
142 869
154 869
346 869
414 869
458 869
533 869
611 869
616 869
632 869
648 869
649 869
679 869
688 869
827 869
843 869
869 913
869 931
869 932
869 968
869 991
869 993
2 68
2 180
2 236
2 264
2 319
2 373
2 572
2 585
2 612
2 787
2 826
2 841
2 894
2 921
22 68
68 143
68 163
68 175
68 336
68 373
68 419
68 479
68 490
68 574
68 575
68 579
68 692
68 700
68 802
68 818
68 820
68 932
68 966
90 180
180 246
180 271
180 273
180 368
180 425
180 542
180 584
180 609
180 647
180 822
180 862
180 965
180 977
35 236
40 236
64 236
99 236
131 236
161 236
170 236
185 236
205 236
214 236
222 236
236 253
236 255
236 276
236 288
236 315
236 337
236 340
236 385
236 386
236 665
236 758
236 801
236 806
236 896
236 901
236 913
236 947
3 264
51 264
101 264
139 264
219 264
256 264
264 375
264 386
264 465
264 470
264 512
264 546
264 590
264 616
264 762
264 828
264 859
264 878
264 916
264 990
105 319
167 319
276 319
319 353
319 438
319 489
319 533
319 534
319 566
319 569
319 598
319 603
319 606
319 613
319 783
319 795
319 801
319 829
319 935
319 954
319 962
319 972
3 373
34 373
58 373
168 373
315 373
327 373
373 445
373 462
373 506
373 560
373 590
373 657
373 740
373 803
373 827
373 884
373 906
373 960
108 572
187 572
299 572
325 572
368 572
404 572
540 572
572 633
572 694
572 695
572 716
572 753
572 878
572 891
572 934
27 585
58 585
102 585
111 585
125 585
137 585
197 585
206 585
208 585
219 585
253 585
294 585
318 585
405 585
428 585
459 585
535 585
585 714
585 755
585 772
585 888
585 903
585 959
585 979
10 612
67 612
251 612
331 612
357 612
359 612
390 612
440 612
467 612
472 612
486 612
601 612
612 661
612 709
612 722
612 723
612 746
612 822
39 787
141 787
161 787
336 787
356 787
494 787
633 787
644 787
691 787
694 787
787 802
787 844
787 847
787 855
787 887
787 930
787 945
787 961
787 995
787 999
5 826
36 826
90 826
99 826
121 826
170 826
288 826
366 826
444 826
569 826
760 826
816 826
817 826
821 826
826 864
826 961
826 991
17 841
71 841
202 841
260 841
275 841
355 841
374 841
416 841
442 841
491 841
506 841
647 841
682 841
709 841
773 841
792 841
841 859
841 868
841 921
841 966
14 894
53 894
64 894
81 894
134 894
221 894
269 894
326 894
376 894
378 894
478 894
496 894
505 894
533 894
576 894
763 894
834 894
872 894
879 894
894 984
31 921
32 921
109 921
110 921
125 921
185 921
231 921
233 921
295 921
351 921
417 921
419 921
540 921
662 921
713 921
731 921
764 921
769 921
812 921
820 921
921 972
921 996
3 26
3 59
3 95
3 159
3 239
3 275
3 317
3 380
3 436
3 482
3 504
3 553
3 677
3 918
3 966
3 993
3 1000
26 69
26 76
26 101
26 146
26 160
26 221
26 266
26 290
26 327
26 512
26 519
26 630
26 661
26 699
26 750
26 780
26 788
26 849
26 912
26 937
26 944
26 985
59 119
59 179
59 203
59 231
59 280
59 310
59 323
59 330
59 415
59 426
59 522
59 605
59 665
59 712
59 740
59 756
59 793
59 856
59 886
59 916
59 945
59 999
18 95
57 95
95 189
95 207
95 219
95 238
95 323
95 342
95 371
95 564
95 567
95 593
95 596
95 842
95 877
95 907
71 159
155 159
159 263
159 278
159 283
159 320
159 374
159 461
159 480
159 606
159 623
159 642
159 716
159 742
159 792
159 833
159 963
7 239
148 239
232 239
239 249
239 287
239 364
239 386
239 410
239 465
239 485
239 490
239 492
239 524
239 574
239 756
239 914
66 275
113 275
183 275
275 321
275 394
275 431
275 449
275 451
275 461
275 469
275 474
275 521
275 556
275 591
275 627
275 699
275 725
275 848
275 923
275 946
66 317
163 317
169 317
182 317
247 317
317 318
317 359
317 367
317 391
317 414
317 443
317 460
317 463
317 466
317 469
317 479
317 530
317 543
317 719
317 736
317 825
317 836
317 892
317 949
317 973
317 987
35 380
131 380
293 380
357 380
380 404
380 419
380 480
380 508
380 544
380 579
380 642
380 666
380 719
380 731
380 801
380 821
380 905
87 436
142 436
165 436
240 436
304 436
356 436
379 436
393 436
412 436
413 436
436 446
436 455
436 463
436 500
436 503
436 569
436 579
436 813
436 851
33 482
65 482
74 482
76 482
130 482
140 482
146 482
147 482
148 482
170 482
260 482
347 482
458 482
482 522
482 897
482 968
482 977
482 997
71 504
74 504
143 504
145 504
155 504
276 504
312 504
374 504
393 504
504 601
504 619
504 620
504 681
504 701
504 707
504 722
504 853
504 874
504 897
504 898
504 925
504 929
14 553
42 553
114 553
131 553
136 553
186 553
320 553
345 553
388 553
407 553
553 626
553 646
553 692
553 708
553 748
553 758
553 763
553 846
553 893
553 964
553 1000
23 677
114 677
237 677
250 677
460 677
473 677
546 677
640 677
677 694
677 725
677 750
677 816
677 882
677 982
42 918
61 918
70 918
83 918
111 918
118 918
119 918
136 918
147 918
151 918
192 918
221 918
229 918
248 918
286 918
313 918
368 918
423 918
491 918
559 918
606 918
654 918
682 918
693 918
708 918
751 918
902 918
918 959
918 992
24 966
56 966
69 966
96 966
133 966
182 966
210 966
298 966
327 966
390 966
454 966
459 966
494 966
526 966
581 966
596 966
784 966
788 966
872 966
941 966
105 993
155 993
198 993
216 993
235 993
251 993
268 993
284 993
294 993
316 993
423 993
516 993
527 993
547 993
639 993
824 993
956 993
57 1000
102 1000
142 1000
206 1000
376 1000
455 1000
536 1000
567 1000
673 1000
676 1000
695 1000
769 1000
820 1000
911 1000
927 1000
928 1000
948 1000
954 1000
975 1000
984 1000
4 7
4 153
4 217
4 336
4 342
4 441
4 476
4 563
4 570
4 686
4 766
4 800
4 829
4 840
4 888
4 965
4 967
4 973
7 43
7 67
7 71
7 120
7 187
7 228
7 265
7 446
7 448
7 451
7 659
7 672
7 728
7 781
7 880
16 153
47 153
50 153
66 153
108 153
142 153
153 169
153 191
153 260
153 311
153 348
153 466
153 614
153 625
153 706
153 735
153 975
64 217
143 217
217 320
217 383
217 405
217 472
217 506
217 555
217 568
217 668
217 722
217 727
217 734
217 742
217 754
217 773
217 795
217 829
217 857
217 874
217 910
217 943
217 989
121 336
189 336
270 336
336 338
336 383
336 427
336 439
336 453
336 520
336 536
336 582
336 853
336 890
336 985
92 342
124 342
212 342
228 342
298 342
342 547
342 668
342 679
342 776
342 844
342 874
342 887
171 441
313 441
347 441
398 441
441 453
441 475
441 499
441 524
441 672
441 771
441 817
441 877
441 888
441 902
441 971
441 981
22 476
34 476
72 476
151 476
155 476
170 476
286 476
296 476
358 476
476 545
476 564
476 593
476 742
476 755
476 758
476 791
476 825
476 854
476 953
476 983
50 563
84 563
102 563
200 563
202 563
262 563
294 563
295 563
321 563
353 563
391 563
407 563
409 563
450 563
457 563
488 563
527 563
545 563
559 563
563 582
563 597
563 646
563 659
563 713
563 728
563 884
563 955
139 570
266 570
291 570
309 570
345 570
356 570
374 570
390 570
438 570
439 570
467 570
513 570
570 577
570 621
570 685
570 746
570 750
570 857
570 862
570 873
570 888
570 989
33 686
223 686
309 686
422 686
429 686
500 686
508 686
524 686
535 686
574 686
600 686
623 686
625 686
659 686
686 694
686 716
686 736
686 790
686 838
686 868
686 927
686 939
686 946
686 976
686 985
18 766
55 766
65 766
142 766
296 766
450 766
551 766
642 766
660 766
766 816
766 828
766 850
766 854
766 855
766 860
766 863
766 867
766 877
766 945
766 967
766 985
34 800
225 800
500 800
590 800
742 800
743 800
800 875
800 939
800 952
800 996
23 829
28 829
142 829
193 829
226 829
235 829
248 829
259 829
321 829
371 829
438 829
475 829
481 829
527 829
538 829
618 829
634 829
711 829
718 829
761 829
792 829
829 855
829 961
829 977
11 840
57 840
70 840
104 840
110 840
163 840
173 840
185 840
289 840
304 840
378 840
390 840
432 840
461 840
527 840
641 840
703 840
704 840
772 840
813 840
817 840
833 840
840 904
27 888
218 888
251 888
265 888
310 888
314 888
341 888
402 888
415 888
448 888
555 888
628 888
661 888
693 888
732 888
755 888
888 898
888 957
888 967
888 978
888 980
888 996
62 965
177 965
276 965
288 965
392 965
427 965
465 965
566 965
580 965
631 965
691 965
737 965
770 965
781 965
789 965
793 965
876 965
937 965
96 967
118 967
135 967
138 967
158 967
374 967
391 967
420 967
470 967
509 967
519 967
559 967
561 967
747 967
859 967
910 967
71 973
122 973
174 973
382 973
568 973
608 973
637 973
655 973
709 973
720 973
798 973
827 973
850 973
882 973
5 20
5 139
5 144
5 168
5 201
5 304
5 311
5 331
5 377
5 428
5 430
5 437
5 510
5 516
5 634
5 743
5 807
5 845
5 853
5 961
14 20
20 48
20 91
20 142
20 214
20 254
20 333
20 454
20 455
20 471
20 499
20 517
20 561
20 618
20 628
20 635
20 684
20 718
20 880
20 988
22 139
139 216
139 269
139 272
139 351
139 488
139 497
139 540
139 630
139 631
139 700
139 711
139 747
139 760
139 806
139 842
139 992
34 144
60 144
92 144
120 144
129 144
144 228
144 242
144 385
144 400
144 417
144 467
144 505
144 511
144 529
144 623
144 668
144 710
144 793
144 927
144 951
144 982
144 992
14 168
71 168
168 187
168 221
168 232
168 310
168 311
168 443
168 467
168 543
168 556
168 587
168 605
168 646
168 665
168 672
168 910
168 922
168 977
9 201
45 201
160 201
201 271
201 301
201 359
201 470
201 493
201 549
201 676
201 729
201 735
201 747
201 756
201 788
201 827
201 896
201 912
201 935
201 945
201 970
201 977
41 304
132 304
137 304
142 304
145 304
152 304
260 304
304 309
304 358
304 393
304 489
304 499
304 544
304 610
304 621
304 701
304 806
304 815
304 874
88 311
118 311
224 311
279 311
311 330
311 400
311 420
311 514
311 523
311 601
311 658
311 690
311 694
311 726
311 848
311 896
311 951
311 957
311 971
311 984
154 331
156 331
259 331
308 331
315 331
330 331
331 382
331 485
331 515
331 788
331 875
331 886
17 377
66 377
80 377
91 377
103 377
117 377
219 377
270 377
284 377
346 377
352 377
377 467
377 654
377 659
377 697
377 736
377 874
377 880
377 938
377 989
87 428
138 428
143 428
151 428
169 428
428 470
428 590
428 625
428 675
428 823
428 914
17 430
46 430
71 430
111 430
113 430
279 430
391 430
418 430
423 430
430 440
430 443
430 512
430 543
430 552
430 576
430 597
430 654
430 685
430 695
430 720
430 743
430 759
430 780
430 844
430 960
430 999
31 437
129 437
185 437
215 437
257 437
353 437
360 437
391 437
414 437
437 592
437 608
437 622
437 649
437 664
437 683
437 723
437 738
437 741
437 786
437 790
8 510
29 510
46 510
130 510
134 510
240 510
271 510
301 510
323 510
391 510
395 510
396 510
510 519
510 532
510 544
510 621
510 657
510 726
510 776
510 783
510 827
510 831
510 851
510 870
510 884
510 896
510 899
16 516
261 516
322 516
385 516
516 593
516 652
516 760
516 811
516 834
516 857
516 928
516 955
516 957
10 634
51 634
83 634
290 634
366 634
443 634
456 634
564 634
633 634
634 688
634 858
634 899
634 920
634 974
634 978
634 980
100 743
307 743
308 743
355 743
360 743
443 743
467 743
502 743
590 743
689 743
690 743
743 796
743 879
743 893
138 807
143 807
169 807
328 807
338 807
404 807
412 807
471 807
475 807
586 807
626 807
637 807
673 807
678 807
799 807
142 845
178 845
374 845
383 845
596 845
670 845
684 845
744 845
839 845
845 991
14 853
18 853
46 853
96 853
102 853
213 853
291 853
297 853
308 853
358 853
410 853
419 853
605 853
655 853
695 853
703 853
706 853
764 853
778 853
788 853
853 870
853 898
853 940
853 946
853 970
70 961
109 961
116 961
205 961
298 961
365 961
410 961
420 961
528 961
534 961
544 961
639 961
666 961
678 961
727 961
756 961
820 961
851 961
961 991
6 32
6 125
6 132
6 158
6 191
6 325
6 361
6 369
6 431
6 457
6 524
6 561
6 620
6 639
6 657
6 668
6 713
6 778
6 858
6 911
6 957
6 975
32 73
32 83
32 117
32 175
32 364
32 403
32 456
32 509
32 531
32 697
32 757
32 765
32 870
32 913
32 988
125 192
125 289
125 310
125 368
125 448
125 519
125 601
125 651
125 662
125 760
125 827
125 832
125 872
125 937
13 132
94 132
132 172
132 175
132 207
132 215
132 216
132 247
132 305
132 345
132 361
132 427
132 566
132 576
132 758
132 846
132 904
77 158
108 158
158 235
158 240
158 323
158 358
158 360
158 372
158 388
158 414
158 451
158 513
158 544
158 650
158 666
158 720
158 734
158 760
158 835
158 941
158 959
57 191
66 191
109 191
124 191
133 191
147 191
191 200
191 214
191 395
191 420
191 422
191 453
191 544
191 619
191 632
191 672
191 773
191 850
191 940
30 325
51 325
190 325
202 325
235 325
325 349
325 367
325 435
325 514
325 593
325 625
325 705
325 722
325 753
325 754
325 821
325 842
325 883
325 887
325 905
325 962
51 361
56 361
98 361
255 361
313 361
361 394
361 413
361 447
361 528
361 640
361 664
361 671
361 699
361 719
361 795
361 837
361 875
361 952
361 999
45 369
185 369
226 369
263 369
307 369
369 385
369 395
369 416
369 447
369 531
369 561
369 685
369 777
369 870
369 883
369 919
369 944
369 998
97 431
226 431
255 431
431 565
431 668
431 672
431 681
431 685
431 704
431 706
431 724
431 726
431 822
431 866
66 457
106 457
111 457
116 457
134 457
136 457
162 457
202 457
218 457
232 457
235 457
341 457
364 457
375 457
433 457
457 560
457 564
457 569
457 655
457 716
457 772
457 778
457 814
457 885
457 958
51 524
74 524
160 524
265 524
519 524
524 557
524 628
524 793
524 896
524 901
524 962
78 561
79 561
109 561
178 561
210 561
406 561
512 561
561 588
561 637
561 791
561 857
561 881
561 885
561 976
155 620
190 620
224 620
416 620
452 620
497 620
518 620
564 620
611 620
620 644
73 639
103 639
141 639
230 639
240 639
295 639
386 639
447 639
448 639
498 639
609 639
639 661
639 708
639 755
639 806
639 887
639 997
102 657
163 657
230 657
256 657
259 657
285 657
314 657
470 657
474 657
600 657
608 657
613 657
629 657
657 818
657 876
657 979
65 668
94 668
135 668
172 668
271 668
366 668
453 668
469 668
569 668
618 668
668 719
668 728
668 734
668 749
668 804
668 814
668 842
668 846
668 875
668 913
668 968
668 970
668 987
42 713
107 713
253 713
283 713
295 713
384 713
420 713
562 713
713 747
713 954
713 989
713 992
34 778
85 778
96 778
114 778
181 778
182 778
229 778
274 778
318 778
321 778
333 778
406 778
463 778
489 778
576 778
693 778
723 778
727 778
739 778
778 789
778 852
778 885
43 858
72 858
112 858
247 858
276 858
298 858
302 858
362 858
515 858
530 858
710 858
784 858
822 858
827 858
850 858
858 886
858 893
858 935
858 998
35 911
44 911
50 911
70 911
107 911
121 911
151 911
291 911
295 911
308 911
395 911
417 911
460 911
474 911
567 911
695 911
707 911
822 911
861 911
891 911
911 976
12 957
18 957
212 957
279 957
313 957
344 957
346 957
350 957
532 957
571 957
573 957
580 957
593 957
604 957
614 957
748 957
809 957
896 957
914 957
937 957
33 975
160 975
176 975
285 975
302 975
411 975
448 975
452 975
645 975
695 975
790 975
891 975
975 982
43 100
43 170
43 185
43 207
43 270
43 306
43 314
43 414
43 417
43 440
43 602
43 616
43 687
43 771
43 774
43 870
43 901
43 905
43 969
43 981
41 67
67 71
67 188
67 306
67 308
67 309
67 372
67 529
67 544
67 600
67 609
67 610
67 654
67 723
67 729
67 757
67 893
67 929
67 980
15 71
27 71
71 108
71 111
71 118
71 181
71 345
71 407
71 577
71 642
71 643
71 655
71 669
71 789
71 815
71 818
71 905
71 968
22 120
83 120
92 120
120 141
120 172
120 299
120 395
120 416
120 419
120 479
120 546
120 565
120 595
120 635
120 636
120 847
120 856
120 864
120 937
120 959
8 187
36 187
77 187
118 187
136 187
147 187
170 187
187 324
187 359
187 376
187 412
187 514
187 519
187 549
187 579
187 628
187 676
187 730
187 731
187 795
187 914
187 932
187 934
187 946
187 999
47 228
61 228
121 228
124 228
145 228
210 228
228 238
228 285
228 417
228 475
228 579
228 600
228 625
228 814
228 962
237 265
265 321
265 379
265 475
265 521
265 555
265 606
265 609
265 610
265 690
265 694
265 704
265 729
265 813
265 825
265 870
265 873
265 932
24 446
127 446
149 446
278 446
283 446
315 446
372 446
383 446
391 446
446 564
446 576
446 598
446 599
446 696
446 760
446 822
446 948
446 955
446 963
446 969
446 977
85 448
211 448
395 448
448 451
448 542
448 566
448 681
448 824
448 852
448 872
448 881
448 906
448 915
448 964
448 999
14 451
37 451
58 451
327 451
362 451
413 451
447 451
451 600
451 626
451 632
451 703
451 721
451 724
451 731
451 978
34 659
73 659
74 659
164 659
221 659
269 659
409 659
420 659
435 659
487 659
594 659
608 659
659 785
659 797
659 803
659 831
659 865
659 899
659 927
659 944
659 977
29 672
170 672
279 672
301 672
337 672
353 672
627 672
636 672
672 835
672 979
131 728
227 728
231 728
234 728
305 728
307 728
387 728
471 728
649 728
728 736
728 895
728 900
728 910
728 985
40 781
47 781
105 781
117 781
272 781
318 781
564 781
611 781
635 781
678 781
730 781
742 781
781 786
781 825
781 854
781 857
781 943
781 962
244 880
294 880
302 880
445 880
495 880
544 880
595 880
637 880
671 880
835 880
880 890
880 920
880 934
880 959
8 11
8 27
8 48
8 80
8 88
8 124
8 179
8 245
8 326
8 347
8 396
8 419
8 488
8 492
8 565
8 599
8 618
8 774
8 793
8 808
8 809
8 839
8 925
8 971
11 55
11 81
11 84
11 87
11 92
11 102
11 272
11 320
11 355
11 384
11 595
11 830
11 848
11 984
27 62
27 221
27 274
27 276
27 375
27 387
27 568
27 577
27 592
27 714
27 729
27 752
27 782
27 878
27 963
48 103
48 145
48 162
48 200
48 332
48 343
48 385
48 594
48 609
48 731
48 784
48 883
48 960
48 994
31 80
80 131
80 188
80 209
80 248
80 262
80 340
80 365
80 385
80 456
80 493
80 649
80 658
80 693
80 697
80 704
80 731
80 806
80 809
80 891
80 955
80 956
80 982
80 997
47 88
88 329
88 337
88 413
88 424
88 484
88 527
88 678
88 715
88 721
88 779
88 811
88 886
88 984
88 996
73 124
84 124
93 124
124 327
124 432
124 438
124 439
124 490
124 514
124 562
124 575
124 594
124 661
124 700
124 714
124 768
124 861
124 907
124 913
124 945
124 955
36 179
75 179
174 179
179 218
179 225
179 341
179 346
179 444
179 610
179 749
179 827
179 857
179 909
179 963
57 245
69 245
112 245
245 346
245 348
245 494
245 509
245 560
245 579
245 666
245 674
245 679
245 687
245 842
245 920
245 964
46 326
221 326
272 326
326 330
326 350
326 478
326 532
326 605
326 606
326 699
326 726
326 741
326 773
326 774
326 804
326 937
326 938
326 960
326 982
73 347
193 347
347 434
347 546
347 569
347 588
347 725
347 810
347 851
347 866
347 876
347 960
347 968
72 396
111 396
174 396
223 396
229 396
287 396
302 396
396 406
396 427
396 447
396 521
396 539
396 569
396 599
396 848
396 891
396 923
396 936
396 974
30 419
145 419
231 419
232 419
259 419
289 419
321 419
413 419
415 419
419 533
419 544
419 628
419 635
419 642
419 701
419 702
419 705
419 784
419 788
419 925
419 932
419 977
62 488
119 488
260 488
276 488
313 488
335 488
458 488
488 533
488 578
488 650
488 655
488 803
488 805
488 956
164 492
230 492
232 492
316 492
334 492
371 492
433 492
492 541
492 629
492 691
492 707
492 835
492 932
24 565
49 565
174 565
218 565
246 565
262 565
360 565
392 565
483 565
498 565
542 565
565 594
565 616
565 637
565 687
565 810
565 836
23 599
108 599
110 599
154 599
237 599
405 599
409 599
439 599
569 599
599 626
599 664
599 676
599 689
599 734
599 742
599 764
599 859
599 883
599 930
599 970
29 618
37 618
151 618
165 618
183 618
188 618
223 618
308 618
309 618
344 618
375 618
454 618
485 618
491 618
507 618
519 618
607 618
618 655
618 660
618 735
618 812
618 836
618 837
618 873
618 889
618 971
16 774
127 774
282 774
343 774
384 774
399 774
486 774
508 774
541 774
643 774
645 774
685 774
702 774
742 774
774 808
774 828
774 874
774 875
774 878
774 943
774 945
39 793
70 793
309 793
344 793
355 793
370 793
398 793
526 793
548 793
603 793
676 793
718 793
751 793
793 865
793 878
793 976
793 990
41 808
223 808
450 808
463 808
531 808
579 808
597 808
622 808
652 808
737 808
757 808
761 808
808 948
63 809
104 809
152 809
250 809
280 809
323 809
520 809
542 809
761 809
809 814
809 873
809 877
809 948
809 970
809 995
57 839
161 839
221 839
310 839
313 839
334 839
392 839
438 839
445 839
514 839
517 839
540 839
652 839
725 839
756 839
771 839
839 977
839 995
210 925
459 925
537 925
557 925
592 925
593 925
622 925
714 925
806 925
891 925
893 925
925 928
35 971
117 971
215 971
249 971
261 971
352 971
403 971
434 971
535 971
569 971
594 971
711 971
721 971
737 971
815 971
831 971
838 971
867 971
896 971
971 999
9 58
9 94
9 271
9 415
9 426
9 434
9 512
9 566
9 588
9 689
9 722
9 777
9 856
9 994
36 58
58 182
58 259
58 272
58 438
58 489
58 629
58 652
58 688
58 735
58 899
58 927
58 948
91 94
94 145
94 234
94 296
94 314
94 467
94 499
94 514
94 531
94 721
94 727
94 749
94 777
94 784
94 838
94 924
94 972
98 271
103 271
116 271
156 271
162 271
226 271
231 271
252 271
271 287
271 295
271 350
271 406
271 460
271 481
271 651
271 705
271 726
271 732
271 765
271 851
271 899
81 415
225 415
234 415
247 415
410 415
415 485
415 515
415 519
415 535
415 592
415 622
415 688
415 706
415 789
415 797
415 802
415 837
415 860
415 875
415 934
415 977
46 426
60 426
141 426
174 426
189 426
293 426
315 426
335 426
351 426
409 426
426 636
426 719
426 753
426 758
426 763
426 775
426 783
62 434
223 434
296 434
412 434
424 434
434 435
434 474
434 557
434 652
434 697
434 729
434 738
434 862
434 881
13 512
17 512
46 512
64 512
97 512
104 512
137 512
156 512
171 512
195 512
251 512
403 512
512 613
512 682
512 897
512 926
512 938
512 968
25 566
75 566
135 566
177 566
220 566
440 566
523 566
528 566
566 603
566 647
566 667
566 738
566 764
566 867
566 931
566 997
17 588
260 588
287 588
305 588
367 588
499 588
508 588
541 588
586 588
588 656
588 690
588 698
588 710
588 735
588 783
588 857
588 959
81 689
114 689
116 689
145 689
214 689
225 689
285 689
418 689
433 689
444 689
493 689
500 689
568 689
582 689
616 689
636 689
667 689
689 735
689 779
689 792
689 954
689 958
689 980
77 722
177 722
338 722
340 722
389 722
464 722
494 722
722 801
722 945
722 990
154 777
157 777
222 777
252 777
514 777
696 777
777 785
777 803
777 804
777 815
777 866
777 892
777 930
17 856
78 856
119 856
190 856
194 856
248 856
253 856
344 856
374 856
459 856
475 856
517 856
635 856
656 856
731 856
780 856
856 865
856 873
57 994
112 994
160 994
165 994
213 994
221 994
244 994
293 994
308 994
355 994
509 994
540 994
556 994
704 994
802 994
870 994
887 994
935 994
10 389
10 420
10 458
10 592
10 725
10 872
389 397
389 517
389 560
389 607
389 670
389 784
389 977
389 980
18 420
99 420
210 420
212 420
420 465
420 539
420 571
420 613
420 636
420 675
420 828
420 883
420 891
420 976
78 458
148 458
184 458
359 458
378 458
385 458
388 458
401 458
416 458
424 458
458 490
458 664
458 772
458 783
458 797
458 891
458 943
458 985
151 592
194 592
257 592
315 592
439 592
443 592
471 592
489 592
522 592
535 592
592 742
592 903
592 914
592 976
592 998
154 725
213 725
263 725
288 725
303 725
366 725
402 725
407 725
461 725
474 725
642 725
673 725
688 725
725 739
725 842
725 857
725 893
725 927
725 938
725 972
170 872
429 872
519 872
529 872
537 872
652 872
710 872
729 872
734 872
769 872
789 872
846 872
872 922
872 935
55 75
55 169
55 181
55 195
55 220
55 257
55 268
55 282
55 315
55 418
55 480
55 486
55 523
55 571
55 601
55 614
55 643
55 681
55 785
55 789
55 867
55 919
55 969
50 81
81 299
81 344
81 348
81 383
81 456
81 502
81 509
81 593
81 598
81 640
81 748
81 753
81 850
81 879
81 932
81 933
49 84
84 109
84 111
84 182
84 229
84 249
84 255
84 343
84 366
84 372
84 385
84 453
84 591
84 678
84 861
84 926
51 87
78 87
87 96
87 195
87 202
87 295
87 479
87 494
87 674
87 699
87 742
87 855
87 892
87 978
64 92
92 109
92 116
92 140
92 185
92 259
92 270
92 335
92 520
92 559
92 587
92 642
92 712
92 718
92 834
92 904
92 910
92 926
92 937
92 982
29 102
102 231
102 289
102 353
102 394
102 447
102 456
102 481
102 501
102 547
102 551
102 586
102 607
102 684
102 711
102 762
102 796
102 813
102 828
102 842
102 855
102 865
102 871
102 917
102 989
102 992
15 272
31 272
34 272
160 272
188 272
193 272
263 272
272 301
272 324
272 408
272 550
272 630
272 637
272 692
272 711
272 790
272 854
272 886
272 893
272 939
86 320
209 320
299 320
320 407
320 433
320 440
320 490
320 569
320 673
320 732
320 751
320 752
320 926
320 934
320 940
320 983
320 998
22 355
40 355
181 355
202 355
253 355
274 355
332 355
355 735
355 804
355 822
355 849
18 384
52 384
167 384
190 384
330 384
365 384
384 392
384 433
384 593
384 617
384 645
384 680
384 822
384 890
384 974
47 595
90 595
99 595
111 595
220 595
370 595
508 595
567 595
595 685
595 741
595 795
595 833
595 844
595 850
595 970
19 830
86 830
93 830
170 830
199 830
211 830
299 830
307 830
362 830
387 830
394 830
455 830
463 830
596 830
607 830
736 830
830 884
830 904
22 848
135 848
404 848
450 848
603 848
606 848
613 848
658 848
824 848
843 848
848 860
848 867
848 881
848 891
848 898
848 928
848 989
23 984
91 984
234 984
302 984
329 984
383 984
411 984
455 984
549 984
628 984
629 984
658 984
715 984
897 984
934 984
12 51
12 122
12 189
12 388
12 390
12 464
12 573
12 617
12 658
12 665
12 792
12 833
12 850
12 903
12 983
51 114
51 165
51 167
51 238
51 279
51 281
51 306
51 382
51 408
51 465
51 522
51 538
51 739
51 797
51 886
51 946
51 959
51 978
16 122
17 122
25 122
36 122
122 247
122 255
122 356
122 433
122 496
122 529
122 576
122 602
122 619
122 727
122 786
122 804
122 833
122 983
127 189
149 189
152 189
189 348
189 395
189 423
189 449
189 491
189 663
189 733
189 762
189 771
189 779
189 849
189 876
189 942
129 388
184 388
215 388
286 388
335 388
388 443
388 662
388 664
388 727
388 857
388 907
66 390
214 390
222 390
223 390
233 390
283 390
312 390
362 390
390 461
390 536
390 650
390 699
390 851
390 883
390 912
390 959
390 987
200 464
262 464
287 464
330 464
464 580
464 600
464 613
464 790
464 847
464 861
464 940
464 960
75 573
103 573
234 573
313 573
454 573
461 573
518 573
521 573
532 573
573 574
573 656
573 687
573 709
573 753
573 759
573 784
573 878
573 976
37 617
69 617
406 617
423 617
455 617
568 617
617 866
617 908
617 950
40 658
162 658
163 658
172 658
203 658
232 658
250 658
305 658
351 658
367 658
528 658
549 658
584 658
608 658
611 658
658 664
658 698
658 754
658 757
658 788
658 857
658 985
658 986
658 989
658 991
658 998
69 665
181 665
305 665
429 665
557 665
571 665
581 665
604 665
665 666
665 719
665 827
665 875
665 889
665 920
665 950
665 998
14 792
469 792
520 792
625 792
627 792
792 828
792 890
30 833
70 833
209 833
224 833
273 833
293 833
328 833
345 833
427 833
654 833
694 833
716 833
720 833
833 936
47 850
105 850
127 850
135 850
137 850
161 850
176 850
226 850
268 850
302 850
344 850
379 850
397 850
435 850
499 850
502 850
554 850
607 850
667 850
721 850
803 850
850 960
850 996
23 903
66 903
117 903
121 903
226 903
230 903
312 903
339 903
750 903
903 999
39 983
126 983
170 983
197 983
229 983
294 983
301 983
363 983
554 983
577 983
597 983
710 983
764 983
821 983
831 983
887 983
13 44
13 184
13 233
13 312
13 398
13 456
13 535
13 536
13 580
13 714
13 746
13 815
13 916
13 962
13 980
13 986
39 44
44 52
44 66
44 106
44 202
44 244
44 253
44 282
44 372
44 408
44 429
44 474
44 494
44 539
44 579
44 625
44 670
44 674
44 698
44 723
44 759
44 851
44 959
15 184
61 184
69 184
172 184
184 199
184 280
184 365
184 425
184 468
184 540
184 548
184 567
184 568
184 603
184 710
184 878
184 881
184 945
184 995
15 233
57 233
145 233
216 233
233 346
233 370
233 433
233 435
233 454
233 513
233 534
233 733
233 745
233 795
30 312
172 312
287 312
293 312
312 332
312 508
312 602
312 638
312 656
312 758
312 783
312 834
312 874
312 895
312 914
100 398
113 398
266 398
281 398
309 398
378 398
398 574
398 750
398 758
398 784
398 789
398 883
16 456
24 456
29 456
282 456
343 456
456 528
456 537
456 544
456 611
456 705
456 714
456 733
456 755
456 759
456 832
456 837
456 905
456 913
110 535
118 535
130 535
141 535
148 535
162 535
188 535
285 535
294 535
335 535
401 535
530 535
535 594
535 664
535 667
535 680
535 685
535 843
535 876
535 901
535 981
16 536
82 536
154 536
314 536
366 536
410 536
471 536
499 536
521 536
536 582
536 631
536 745
536 746
536 810
536 825
536 914
15 580
33 580
41 580
54 580
72 580
85 580
229 580
297 580
333 580
394 580
468 580
579 580
580 631
580 644
580 660
580 664
580 762
580 815
580 914
580 942
110 714
121 714
172 714
177 714
285 714
404 714
422 714
450 714
557 714
646 714
714 834
714 844
714 871
714 898
714 909
255 746
329 746
514 746
522 746
527 746
669 746
685 746
690 746
746 765
746 851
746 913
746 949
256 815
260 815
270 815
276 815
425 815
483 815
550 815
815 898
815 977
65 916
77 916
105 916
119 916
154 916
195 916
223 916
244 916
249 916
423 916
463 916
641 916
718 916
748 916
759 916
799 916
801 916
804 916
835 916
836 916
902 916
912 916
223 962
269 962
318 962
323 962
358 962
365 962
616 962
705 962
716 962
776 962
944 962
947 962
962 969
962 980
962 999
107 980
143 980
151 980
167 980
170 980
266 980
443 980
562 980
709 980
837 980
85 986
117 986
290 986
324 986
337 986
472 986
590 986
692 986
693 986
765 986
802 986
889 986
895 986
908 986
945 986
986 992
14 34
14 60
14 162
14 221
14 282
14 288
14 387
14 597
14 601
14 645
14 704
14 759
14 763
14 785
34 204
34 323
34 349
34 350
34 367
34 442
34 461
34 513
34 529
34 582
34 685
34 783
34 820
34 832
34 847
34 945
34 969
34 989
60 169
60 294
60 328
60 484
60 519
60 601
60 656
60 670
60 673
60 711
60 769
60 783
60 813
60 875
60 969
60 985
106 162
131 162
162 246
162 379
162 400
162 487
162 522
162 656
162 747
162 759
162 780
162 854
162 887
162 931
162 959
162 997
86 221
98 221
101 221
103 221
216 221
221 226
221 323
221 357
221 399
221 514
221 541
221 548
221 551
221 633
221 676
221 814
221 876
221 909
221 949
221 970
23 282
56 282
118 282
211 282
244 282
254 282
282 360
282 362
282 371
282 474
282 479
282 486
282 523
282 571
282 616
282 663
282 977
108 288
226 288
288 344
288 397
288 471
288 527
288 597
288 835
288 836
288 867
288 938
288 955
50 387
105 387
174 387
296 387
387 628
387 682
387 803
387 805
387 887
387 982
89 597
119 597
174 597
286 597
352 597
474 597
527 597
594 597
597 652
597 685
597 736
597 744
597 773
597 908
597 915
597 958
597 968
134 601
202 601
205 601
223 601
256 601
424 601
601 605
601 661
601 877
601 900
601 917
65 645
146 645
164 645
176 645
366 645
500 645
600 645
645 733
645 813
645 817
645 913
31 704
41 704
82 704
101 704
190 704
348 704
383 704
404 704
537 704
578 704
655 704
663 704
704 779
704 907
78 759
90 759
156 759
322 759
416 759
417 759
418 759
590 759
685 759
759 771
759 895
238 763
498 763
513 763
567 763
568 763
629 763
647 763
673 763
763 882
763 944
39 785
75 785
148 785
160 785
207 785
356 785
376 785
518 785
548 785
562 785
635 785
646 785
655 785
687 785
785 798
785 946
15 86
15 219
15 332
15 371
15 440
15 533
15 699
15 770
15 899
15 940
72 86
78 86
86 140
86 443
86 462
86 505
86 613
86 757
86 799
86 816
86 933
86 935
86 974
18 219
46 219
171 219
186 219
214 219
219 266
219 270
219 314
219 642
219 873
219 951
219 952
219 958
181 332
332 348
332 520
332 552
332 604
332 621
332 682
332 956
61 371
164 371
210 371
346 371
371 508
371 543
371 552
371 635
371 650
371 669
371 828
371 953
65 440
78 440
114 440
230 440
238 440
247 440
286 440
298 440
378 440
412 440
414 440
440 445
440 509
440 533
440 685
440 756
440 813
440 864
39 533
156 533
195 533
198 533
241 533
313 533
358 533
408 533
478 533
485 533
533 575
533 747
533 780
533 782
533 976
533 992
113 699
135 699
140 699
143 699
525 699
630 699
644 699
674 699
699 707
699 750
699 913
699 940
699 948
18 770
29 770
50 770
178 770
250 770
256 770
412 770
528 770
547 770
614 770
697 770
715 770
770 923
770 979
66 899
133 899
146 899
169 899
202 899
227 899
266 899
290 899
299 899
305 899
427 899
429 899
528 899
685 899
693 899
844 899
899 931
899 946
899 952
72 940
90 940
117 940
192 940
382 940
412 940
445 940
447 940
679 940
730 940
818 940
842 940
940 976
16 127
16 226
16 300
16 301
16 309
16 410
16 445
16 503
16 685
16 776
16 798
16 835
16 889
16 945
16 952
127 226
127 257
127 314
127 341
127 368
127 401
127 403
127 529
127 643
127 654
127 882
127 972
28 226
52 226
199 226
226 242
226 254
226 305
226 367
226 401
226 463
226 710
226 729
226 744
226 860
61 300
126 300
232 300
300 379
300 506
300 519
300 528
300 613
300 616
300 905
300 968
72 301
174 301
209 301
255 301
263 301
301 356
301 532
301 537
301 701
301 767
301 798
301 803
301 836
301 837
301 838
301 849
301 909
301 964
160 309
188 309
208 309
280 309
309 339
309 362
309 367
309 502
309 736
309 831
35 410
229 410
256 410
302 410
307 410
327 410
365 410
374 410
410 486
410 499
410 625
410 710
410 825
410 905
72 445
230 445
280 445
403 445
445 471
445 530
445 607
445 619
445 701
445 761
445 779
445 898
445 909
445 982
37 503
117 503
268 503
289 503
322 503
417 503
421 503
469 503
503 583
503 607
503 637
503 820
503 985
45 685
254 685
266 685
289 685
293 685
526 685
576 685
685 706
685 749
685 764
685 806
685 863
685 879
22 776
107 776
116 776
138 776
152 776
198 776
211 776
362 776
438 776
485 776
519 776
632 776
640 776
708 776
764 776
776 889
776 912
776 988
73 798
79 798
167 798
227 798
278 798
321 798
417 798
584 798
683 798
72 835
106 835
117 835
137 835
151 835
198 835
214 835
252 835
273 835
395 835
432 835
491 835
501 835
528 835
569 835
655 835
676 835
835 859
835 914
252 889
400 889
405 889
444 889
498 889
528 889
531 889
550 889
737 889
824 889
889 897
889 906
889 989
98 945
188 945
260 945
297 945
455 945
600 945
604 945
642 945
649 945
700 945
764 945
801 945
832 945
837 945
879 945
945 987
23 952
76 952
171 952
231 952
286 952
374 952
405 952
453 952
526 952
584 952
817 952
846 952
915 952
17 142
17 253
17 276
17 359
17 406
17 449
17 455
17 542
17 543
17 593
17 616
17 638
17 661
17 700
17 767
17 804
17 862
17 874
17 893
17 898
17 924
17 995
47 142
133 142
136 142
142 152
142 212
142 435
142 438
142 475
142 493
142 529
142 576
142 578
142 584
142 721
142 753
142 783
142 817
142 860
142 995
192 253
225 253
253 283
253 356
253 360
253 505
253 654
253 739
253 744
253 769
253 789
253 791
253 817
253 821
253 907
145 276
151 276
220 276
247 276
276 333
276 349
276 365
276 378
276 449
276 470
276 491
276 527
276 758
276 864
276 879
276 929
276 941
74 359
204 359
338 359
339 359
359 363
359 392
359 449
359 496
359 673
359 710
359 723
121 406
406 494
406 527
406 539
406 653
406 702
406 797
406 969
40 449
63 449
214 449
242 449
349 449
367 449
411 449
449 632
449 637
449 802
449 851
134 455
165 455
190 455
215 455
255 455
351 455
370 455
455 548
455 637
455 653
455 762
455 804
455 857
455 956
100 542
155 542
178 542
305 542
392 542
542 613
542 636
542 824
542 928
542 935
23 543
53 543
220 543
313 543
327 543
461 543
473 543
543 695
543 698
543 810
543 870
543 917
543 978
52 593
133 593
172 593
454 593
508 593
515 593
593 625
593 631
593 723
89 616
130 616
134 616
188 616
194 616
443 616
579 616
598 616
616 718
616 745
616 817
616 831
161 638
172 638
186 638
218 638
402 638
403 638
467 638
552 638
603 638
605 638
609 638
623 638
629 638
638 641
638 711
638 784
638 818
638 870
90 661
295 661
391 661
424 661
469 661
532 661
633 661
661 715
661 724
661 747
661 752
661 756
661 780
661 883
661 896
661 901
75 700
109 700
190 700
242 700
262 700
523 700
577 700
605 700
625 700
666 700
698 700
700 707
700 782
700 789
700 827
700 855
700 926
148 767
211 767
231 767
242 767
249 767
284 767
321 767
323 767
374 767
405 767
600 767
663 767
732 767
767 769
767 790
767 865
767 930
767 948
97 804
194 804
213 804
374 804
401 804
481 804
532 804
591 804
610 804
642 804
712 804
799 804
803 804
152 862
157 862
209 862
248 862
277 862
341 862
413 862
432 862
520 862
560 862
591 862
797 862
802 862
828 862
862 881
862 936
862 944
862 964
47 874
190 874
273 874
287 874
330 874
403 874
404 874
422 874
454 874
603 874
652 874
680 874
703 874
735 874
874 895
874 956
874 969
106 893
131 893
138 893
165 893
252 893
344 893
363 893
372 893
424 893
596 893
621 893
710 893
730 893
769 893
101 898
134 898
160 898
314 898
509 898
555 898
650 898
705 898
789 898
818 898
891 898
898 998
64 924
129 924
167 924
200 924
349 924
461 924
640 924
813 924
913 924
924 943
924 989
46 995
50 995
112 995
157 995
199 995
223 995
251 995
337 995
346 995
454 995
640 995
641 995
654 995
669 995
811 995
18 66
18 116
18 192
18 194
18 213
18 277
18 333
18 468
18 473
18 501
18 509
18 587
18 614
18 641
18 682
18 780
18 944
56 66
66 73
66 106
66 135
66 176
66 378
66 551
66 641
66 739
66 818
66 886
66 959
66 963
24 116
64 116
82 116
116 160
116 306
116 424
116 531
116 532
116 551
116 556
116 709
116 723
116 827
116 832
116 842
116 860
116 964
192 198
192 247
192 286
192 644
192 651
192 738
192 760
192 771
192 779
192 780
192 795
192 803
192 891
192 953
194 198
194 249
194 291
194 294
194 314
194 365
194 374
194 425
194 491
194 502
194 514
194 526
194 606
194 637
194 648
194 649
194 709
194 745
194 863
194 904
194 922
52 213
98 213
185 213
213 383
213 408
213 433
213 508
213 534
213 557
213 581
213 606
213 762
213 920
22 277
70 277
154 277
277 286
277 291
277 314
277 438
277 627
277 631
277 649
277 735
277 788
277 927
101 333
149 333
157 333
178 333
210 333
290 333
333 623
333 706
333 707
333 708
333 712
333 786
333 883
333 923
333 948
21 468
468 493
468 549
468 712
468 735
468 782
468 879
468 934
468 976
76 473
93 473
250 473
256 473
280 473
421 473
473 496
473 514
473 647
473 754
473 814
473 867
473 901
63 501
152 501
177 501
215 501
218 501
220 501
225 501
308 501
338 501
491 501
501 530
501 706
501 784
501 968
50 509
111 509
154 509
178 509
200 509
238 509
289 509
328 509
348 509
352 509
372 509
395 509
429 509
509 604
509 701
509 937
509 959
509 969
509 974
22 587
133 587
141 587
205 587
222 587
252 587
413 587
447 587
517 587
520 587
559 587
587 694
587 789
587 843
587 870
587 978
587 982
46 614
165 614
183 614
206 614
324 614
364 614
452 614
465 614
614 688
614 690
614 691
614 837
614 988
46 641
113 641
224 641
259 641
269 641
294 641
334 641
402 641
495 641
641 749
641 810
641 818
65 682
130 682
145 682
199 682
349 682
395 682
411 682
546 682
602 682
627 682
682 692
682 780
682 915
682 923
682 955
29 780
57 780
117 780
118 780
197 780
244 780
263 780
453 780
460 780
530 780
648 780
716 780
780 820
780 827
780 844
780 958
163 944
175 944
307 944
316 944
490 944
540 944
569 944
574 944
628 944
679 944
782 944
810 944
816 944
842 944
19 37
19 349
19 351
19 498
19 519
19 549
19 586
19 673
19 695
19 818
19 824
19 867
19 917
19 956
19 964
19 968
37 75
37 109
37 308
37 486
37 490
37 534
37 584
37 610
37 696
37 934
37 960
25 349
28 349
77 349
107 349
143 349
156 349
197 349
248 349
256 349
349 385
349 494
349 511
349 514
349 537
349 539
349 577
349 582
349 681
349 747
349 849
349 902
75 351
126 351
138 351
193 351
199 351
351 370
351 508
351 515
351 522
351 532
351 534
351 559
351 681
351 799
351 803
351 876
351 908
351 981
351 992
64 498
117 498
121 498
137 498
156 498
249 498
283 498
291 498
310 498
372 498
498 547
498 550
498 562
498 610
498 687
498 712
498 754
498 909
73 519
89 519
103 519
173 519
334 519
337 519
462 519
497 519
505 519
519 818
519 834
519 855
519 981
63 549
110 549
318 549
353 549
433 549
466 549
481 549
549 590
549 842
549 919
549 941
549 970
549 977
50 586
104 586
112 586
346 586
366 586
465 586
507 586
517 586
520 586
586 663
586 775
586 879
586 895
586 904
586 985
586 998
50 673
176 673
346 673
362 673
485 673
491 673
496 673
508 673
558 673
611 673
669 673
673 738
673 747
673 772
673 941
673 968
49 695
231 695
281 695
298 695
339 695
391 695
394 695
433 695
480 695
558 695
577 695
695 701
695 711
695 732
695 879
695 922
695 990
141 818
177 818
306 818
315 818
575 818
576 818
596 818
610 818
632 818
660 818
806 818
818 836
818 838
818 956
818 990
39 824
62 824
174 824
469 824
609 824
628 824
629 824
688 824
769 824
817 824
824 990
83 867
313 867
417 867
532 867
605 867
671 867
681 867
802 867
867 935
867 999
198 917
285 917
412 917
423 917
499 917
675 917
676 917
726 917
765 917
852 917
917 941
917 982
112 956
261 956
286 956
337 956
353 956
425 956
474 956
643 956
648 956
670 956
698 956
909 956
929 956
78 964
145 964
149 964
190 964
291 964
318 964
495 964
813 964
836 964
878 964
891 964
896 964
930 964
938 964
964 969
964 974
36 968
40 968
41 968
78 968
141 968
197 968
225 968
290 968
375 968
424 968
499 968
569 968
609 968
627 968
646 968
730 968
771 968
907 968
91 146
91 171
91 207
91 250
91 273
91 360
91 367
91 393
91 483
91 500
91 730
30 214
49 214
145 214
147 214
214 297
214 345
214 379
214 518
214 555
214 737
214 739
214 942
35 254
254 337
254 432
254 466
254 578
254 733
254 739
254 796
254 863
254 913
254 920
254 922
254 991
117 454
227 454
244 454
273 454
281 454
341 454
454 584
454 647
454 702
454 803
454 844
28 471
52 471
77 471
123 471
148 471
206 471
279 471
298 471
363 471
391 471
435 471
471 474
471 475
471 757
471 789
471 879
471 977
110 499
134 499
154 499
259 499
338 499
394 499
400 499
499 521
499 603
499 635
499 738
499 768
499 846
499 884
499 905
25 517
93 517
104 517
200 517
242 517
339 517
517 861
114 628
172 628
188 628
225 628
307 628
316 628
356 628
393 628
472 628
591 628
628 674
628 694
628 783
628 812
93 635
109 635
246 635
313 635
438 635
495 635
562 635
635 718
635 721
635 769
635 821
635 832
635 863
635 870
635 950
152 684
164 684
165 684
285 684
422 684
527 684
530 684
550 684
655 684
684 810
684 814
684 849
684 883
21 718
74 718
83 718
99 718
193 718
302 718
374 718
379 718
483 718
594 718
718 740
718 741
718 760
718 814
718 912
718 991
119 988
147 988
195 988
289 988
394 988
433 988
466 988
768 988
811 988
855 988
863 988
875 988
21 229
21 270
21 408
21 462
21 527
21 579
21 660
21 734
21 821
21 825
21 849
21 890
21 947
21 959
73 229
199 229
229 298
229 569
229 720
229 739
229 834
229 922
64 270
156 270
270 397
270 432
270 433
270 466
270 508
270 551
270 568
270 583
270 648
270 723
270 730
270 790
270 828
270 879
270 937
65 408
76 408
164 408
195 408
231 408
263 408
280 408
374 408
393 408
408 427
408 555
408 556
408 610
408 632
408 681
408 715
408 724
408 923
408 947
195 462
199 462
249 462
251 462
462 472
462 539
462 591
462 706
462 820
462 883
462 985
462 991
119 527
137 527
279 527
310 527
330 527
362 527
364 527
438 527
439 527
461 527
494 527
527 748
527 772
527 846
527 878
527 958
527 989
106 579
240 579
459 579
532 579
579 716
579 736
579 937
579 969
33 660
154 660
281 660
374 660
414 660
559 660
660 721
660 731
660 753
660 823
35 734
36 734
146 734
149 734
175 734
202 734
360 734
423 734
540 734
691 734
734 771
734 799
734 822
734 864
31 821
112 821
140 821
154 821
176 821
198 821
330 821
341 821
348 821
375 821
547 821
554 821
556 821
575 821
581 821
594 821
625 821
775 821
805 821
821 864
821 989
41 825
79 825
274 825
293 825
367 825
374 825
403 825
404 825
481 825
571 825
577 825
814 825
825 859
825 901
825 947
75 849
148 849
151 849
296 849
308 849
409 849
529 849
552 849
569 849
637 849
656 849
816 849
849 970
849 979
107 890
176 890
241 890
269 890
296 890
303 890
324 890
340 890
416 890
485 890
669 890
732 890
827 890
828 890
838 890
890 914
890 927
890 938
42 947
97 947
307 947
520 947
538 947
557 947
802 947
896 947
913 947
57 959
149 959
169 959
251 959
286 959
291 959
357 959
442 959
484 959
487 959
569 959
633 959
750 959
775 959
902 959
934 959
959 969
959 970
22 129
22 131
22 251
22 308
22 643
22 698
22 738
22 910
22 927
22 985
97 129
129 163
129 521
129 681
129 779
129 863
129 912
39 131
111 131
131 246
131 257
131 472
131 520
131 554
131 681
131 822
131 938
131 982
56 251
133 251
147 251
181 251
251 263
251 284
251 305
251 411
251 562
251 703
251 735
251 771
251 904
251 930
251 937
251 996
170 308
216 308
291 308
308 479
308 559
308 771
308 779
308 859
308 877
308 904
70 643
85 643
152 643
278 643
376 643
443 643
508 643
576 643
590 643
642 643
643 687
643 755
643 757
643 783
643 790
643 836
643 955
138 698
155 698
197 698
307 698
500 698
627 698
649 698
697 698
698 783
698 875
698 876
698 950
698 958
698 997
47 738
163 738
337 738
385 738
444 738
481 738
619 738
666 738
701 738
705 738
738 739
738 741
738 769
738 811
738 897
738 985
176 910
278 910
318 910
559 910
581 910
649 910
662 910
813 910
851 910
79 927
106 927
316 927
418 927
432 927
506 927
555 927
558 927
577 927
662 927
712 927
789 927
799 927
852 927
873 927
100 985
109 985
151 985
238 985
268 985
364 985
463 985
515 985
669 985
854 985
937 985
960 985
23 31
23 65
23 101
23 318
23 370
23 489
23 560
23 578
23 622
23 721
23 730
23 753
23 765
23 864
23 873
23 928
31 79
31 119
31 234
31 284
31 290
31 555
31 646
31 871
31 897
31 922
31 933
65 106
65 208
65 243
65 299
65 330
65 395
65 461
65 474
65 508
65 532
65 581
65 646
65 697
65 885
65 912
65 976
65 998
76 101
101 604
101 608
101 609
101 633
101 636
101 855
101 876
101 996
41 318
126 318
151 318
186 318
198 318
318 352
318 452
318 557
318 631
318 650
318 651
318 681
318 706
318 799
318 846
318 873
261 370
315 370
367 370
370 567
370 646
370 742
370 765
370 811
370 887
28 489
90 489
248 489
259 489
327 489
416 489
489 693
489 868
77 560
117 560
174 560
216 560
246 560
266 560
285 560
289 560
447 560
496 560
560 590
560 675
560 748
560 999
118 578
237 578
296 578
334 578
385 578
505 578
539 578
578 720
578 970
61 622
216 622
235 622
243 622
383 622
622 694
622 753
622 876
36 721
203 721
211 721
244 721
567 721
691 721
716 721
721 744
721 934
721 955
28 730
100 730
106 730
199 730
218 730
238 730
244 730
314 730
397 730
469 730
548 730
606 730
636 730
640 730
730 790
730 864
730 883
730 923
730 955
280 753
305 753
314 753
394 753
485 753
604 753
680 753
753 885
97 765
163 765
178 765
324 765
395 765
404 765
447 765
465 765
515 765
694 765
765 791
765 799
765 802
765 868
765 929
765 933
69 864
285 864
313 864
329 864
346 864
360 864
378 864
399 864
429 864
459 864
463 864
480 864
493 864
518 864
531 864
545 864
576 864
705 864
711 864
745 864
747 864
775 864
797 864
838 864
864 885
864 951
38 873
182 873
211 873
220 873
230 873
257 873
286 873
521 873
647 873
710 873
742 873
873 937
47 928
263 928
286 928
405 928
442 928
444 928
460 928
679 928
795 928
876 928
882 928
24 25
24 64
24 164
24 181
24 188
24 212
24 307
24 414
24 569
24 707
24 771
24 811
24 953
25 140
25 246
25 413
25 521
25 857
61 64
64 133
64 197
64 234
64 252
64 459
64 732
64 757
64 758
64 817
64 827
64 905
61 164
100 164
121 164
164 257
164 279
164 299
164 582
164 680
164 811
181 190
181 212
181 364
181 656
181 854
181 930
30 188
97 188
114 188
188 324
188 409
188 703
188 745
188 923
188 953
47 212
212 401
212 404
212 555
212 594
212 632
212 708
212 740
212 799
212 974
30 307
49 307
63 307
134 307
140 307
175 307
178 307
307 314
307 329
307 335
307 402
307 432
307 465
307 559
307 567
307 631
307 646
307 678
307 844
307 875
307 941
169 414
170 414
227 414
230 414
414 439
414 480
414 506
414 664
414 838
414 972
108 569
121 569
225 569
285 569
507 569
567 569
569 692
569 708
569 991
100 707
133 707
547 707
576 707
707 802
33 771
99 771
202 771
252 771
255 771
751 771
771 796
771 811
771 859
771 914
771 923
53 811
135 811
151 811
183 811
234 811
249 811
367 811
567 811
671 811
742 811
811 837
811 843
811 855
811 866
811 978
63 953
126 953
183 953
218 953
258 953
284 953
287 953
316 953
330 953
339 953
474 953
600 953
817 953
865 953
49 140
140 174
140 260
140 322
140 608
140 629
140 652
140 696
140 727
140 813
140 942
140 972
246 247
246 268
246 279
246 298
246 352
246 421
246 581
246 748
246 786
246 796
246 828
246 972
105 413
204 413
296 413
362 413
386 413
395 413
402 413
413 418
413 427
413 465
413 526
413 577
413 591
413 594
413 751
305 521
362 521
418 521
478 521
521 548
521 720
521 772
521 817
521 847
521 941
57 857
175 857
237 857
241 857
284 857
305 857
383 857
424 857
427 857
444 857
480 857
481 857
505 857
731 857
732 857
857 908
857 935
69 177
69 286
69 497
69 582
69 649
69 654
69 726
69 775
69 814
69 828
76 114
76 260
76 427
76 443
76 502
76 789
76 842
76 844
76 938
76 987
103 146
105 146
146 224
146 303
146 399
146 484
146 558
146 735
146 802
146 843
146 876
146 907
160 230
160 340
160 358
160 801
160 996
29 266
266 298
266 337
266 344
266 360
266 534
266 655
266 745
266 773
266 885
266 937
266 954
134 290
204 290
290 453
290 506
290 547
290 559
290 648
290 680
290 749
290 779
290 788
290 904
327 343
327 391
327 443
327 472
327 507
327 528
327 790
327 838
327 905
123 630
263 630
353 630
409 630
541 630
630 640
630 664
630 675
630 705
630 797
630 810
630 958
39 750
45 750
57 750
280 750
405 750
633 750
723 750
750 802
52 788
85 788
135 788
376 788
483 788
530 788
582 788
788 871
788 886
788 891
78 912
85 912
391 912
556 912
589 912
600 912
912 981
912 990
28 937
133 937
198 937
313 937
404 937
497 937
515 937
609 937
769 937
892 937
62 98
62 183
62 315
62 322
62 605
62 619
62 649
62 958
100 274
130 274
136 274
186 274
274 287
274 294
274 484
274 779
274 871
274 886
114 375
170 375
218 375
258 375
375 625
375 935
46 568
103 568
123 568
328 568
391 568
435 568
515 568
568 571
568 583
568 702
568 739
568 822
61 577
232 577
256 577
313 577
496 577
540 577
577 683
577 709
577 879
39 729
53 729
105 729
167 729
231 729
305 729
341 729
393 729
432 729
497 729
539 729
611 729
631 729
715 729
729 752
729 913
729 933
729 946
61 752
136 752
147 752
199 752
224 752
316 752
466 752
525 752
550 752
583 752
602 752
691 752
752 795
752 897
752 969
42 782
57 782
165 782
356 782
647 782
683 782
720 782
747 782
758 782
782 908
133 878
280 878
289 878
299 878
403 878
532 878
627 878
731 878
737 878
813 878
878 934
197 963
223 963
224 963
338 963
655 963
769 963
846 963
935 963
28 45
28 110
28 170
28 190
28 391
28 525
28 556
28 602
28 629
28 649
28 712
28 863
28 942
28 943
45 49
45 161
45 222
45 453
45 551
45 594
45 600
45 723
45 852
45 855
45 882
45 929
45 951
45 977
110 376
110 438
110 478
110 555
110 703
110 716
110 769
110 882
110 954
170 197
170 278
170 330
170 364
170 421
170 484
170 507
170 537
170 636
170 637
170 697
170 775
170 904
99 190
134 190
190 242
190 365
190 470
190 494
190 564
190 596
190 598
190 605
190 697
190 727
190 731
190 762
190 932
177 391
391 429
391 491
391 545
391 551
391 676
391 740
391 762
391 847
171 525
227 525
241 525
273 525
395 525
490 525
525 625
525 651
525 823
525 844
525 949
74 556
151 556
156 556
293 556
302 556
315 556
416 556
551 556
556 619
556 642
556 711
556 805
556 905
556 919
556 942
556 999
74 602
79 602
211 602
222 602
235 602
450 602
551 602
557 602
571 602
602 627
602 662
602 690
602 756
602 764
602 772
602 886
602 934
147 629
211 629
418 629
432 629
463 629
491 629
500 629
582 629
629 653
629 706
629 935
114 649
130 649
152 649
165 649
230 649
268 649
348 649
418 649
423 649
649 935
649 943
649 972
83 712
99 712
295 712
418 712
450 712
529 712
621 712
653 712
706 712
712 737
712 814
712 860
316 863
356 863
358 863
401 863
442 863
496 863
526 863
674 863
838 863
863 886
863 982
47 942
250 942
262 942
400 942
418 942
534 942
571 942
576 942
594 942
683 942
745 942
764 942
799 942
942 969
942 972
942 987
99 943
202 943
444 943
600 943
654 943
681 943
764 943
784 943
29 46
29 89
29 315
29 353
29 418
29 558
29 664
29 732
29 803
29 886
29 901
46 70
46 136
46 173
46 285
46 287
46 298
46 400
46 407
46 523
46 662
46 742
46 920
46 951
57 89
89 161
89 465
89 507
89 547
89 613
89 703
89 828
89 987
178 315
315 358
315 450
315 514
315 541
315 554
315 644
315 646
315 834
315 860
315 892
315 987
39 353
268 353
283 353
353 407
353 518
353 797
353 868
353 923
227 418
230 418
345 418
378 418
418 421
418 710
418 760
54 558
93 558
106 558
161 558
205 558
222 558
306 558
358 558
497 558
530 558
558 609
558 650
558 694
558 842
558 999
30 664
77 664
130 664
157 664
281 664
530 664
596 664
655 664
664 680
664 688
664 805
664 930
149 732
157 732
314 732
378 732
438 732
500 732
732 764
732 847
134 803
296 803
299 803
348 803
803 922
803 955
186 886
235 886
281 886
365 886
423 886
505 886
582 886
625 886
715 886
716 886
739 886
886 989
130 901
148 901
156 901
231 901
285 901
302 901
368 901
459 901
589 901
600 901
636 901
702 901
901 922
901 991
30 61
30 73
30 126
30 169
30 206
30 222
30 256
30 385
30 404
30 652
30 680
30 692
30 836
30 909
61 99
61 136
61 137
61 141
61 240
61 241
61 505
61 520
61 594
61 791
38 73
73 106
73 175
73 357
73 372
73 399
73 416
73 475
73 507
73 522
73 663
73 784
73 913
119 126
126 148
126 202
126 232
126 279
126 392
126 421
126 478
126 571
126 584
126 589
126 711
126 828
126 909
169 185
169 247
169 352
169 357
169 522
169 562
169 598
169 646
169 674
169 814
169 837
169 958
169 979
118 206
206 345
206 450
206 609
206 671
206 678
206 706
206 751
222 357
222 438
222 530
222 603
222 897
222 933
256 314
256 341
256 362
256 484
256 705
256 838
256 958
47 385
338 385
385 407
385 466
385 513
385 515
385 537
385 544
385 589
385 596
385 644
385 816
385 844
57 404
123 404
141 404
182 404
183 404
314 404
404 544
404 690
404 755
404 761
404 810
404 866
404 913
404 974
382 652
421 652
429 652
452 652
496 652
529 652
582 652
642 652
652 827
82 680
96 680
136 680
148 680
177 680
237 680
575 680
590 680
650 680
680 687
680 834
680 896
96 692
100 692
223 692
250 692
344 692
400 692
421 692
427 692
443 692
466 692
474 692
493 692
522 692
581 692
603 692
675 692
692 868
90 836
114 836
143 836
151 836
157 836
262 836
321 836
364 836
679 836
688 836
726 836
755 836
836 906
836 923
41 909
104 909
106 909
198 909
203 909
364 909
378 909
507 909
590 909
631 909
741 909
773 909
884 909
79 112
79 136
79 148
79 173
79 182
79 337
79 409
79 496
79 740
79 812
79 884
79 905
33 119
118 119
119 151
119 286
119 397
119 443
119 530
119 642
119 950
119 958
119 978
53 234
205 234
234 258
234 287
234 334
234 352
234 363
234 508
234 534
234 581
234 757
234 827
234 948
42 284
204 284
284 382
284 467
284 545
284 670
284 705
284 789
284 812
284 832
284 865
284 876
284 891
284 989
186 555
208 555
316 555
407 555
466 555
490 555
507 555
508 555
555 627
555 646
555 739
555 756
555 769
555 775
555 801
555 852
555 954
555 976
90 646
161 646
357 646
374 646
393 646
416 646
439 646
646 740
646 749
646 795
646 860
646 879
646 913
646 922
646 977
178 871
209 871
405 871
475 871
538 871
605 871
709 871
769 871
871 907
113 897
177 897
186 897
273 897
294 897
329 897
531 897
610 897
768 897
783 897
897 958
40 922
42 922
248 922
252 922
372 922
386 922
399 922
610 922
820 922
832 922
885 922
922 926
922 979
112 933
133 933
174 933
186 933
199 933
348 933
350 933
452 933
506 933
520 933
613 933
669 933
816 933
847 933
892 933
83 151
83 195
83 393
83 409
83 447
83 654
83 755
83 756
117 136
117 343
117 432
117 757
117 805
117 902
70 175
104 175
175 176
175 202
175 285
175 310
175 393
175 433
175 538
175 676
175 784
175 906
175 934
182 364
202 364
240 364
364 493
364 500
364 546
364 574
364 731
364 828
98 403
232 403
235 403
244 403
322 403
402 403
403 469
403 491
403 723
403 761
403 820
403 938
403 987
74 531
279 531
531 703
531 892
531 948
372 697
376 697
411 697
438 697
461 697
491 697
514 697
515 697
539 697
583 697
591 697
625 697
697 716
697 733
697 748
697 755
697 955
697 999
75 757
107 757
207 757
329 757
338 757
491 757
539 757
567 757
631 757
703 757
757 784
757 902
195 870
280 870
285 870
334 870
427 870
493 870
526 870
541 870
567 870
710 870
747 870
870 877
104 913
199 913
259 913
379 913
581 913
703 913
715 913
814 913
865 913
33 400
33 463
33 621
33 709
33 773
33 812
33 904
33 932
33 981
75 400
323 400
345 400
400 407
400 409
400 425
400 879
400 908
90 463
111 463
112 463
203 463
259 463
463 514
463 528
463 802
463 902
463 929
63 621
138 621
167 621
273 621
297 621
338 621
532 621
619 621
621 642
621 651
621 716
621 885
314 709
329 709
374 709
459 709
644 709
709 751
709 764
709 806
709 908
709 977
709 992
49 773
50 773
85 773
202 773
237 773
409 773
466 773
481 773
507 773
589 773
773 938
157 812
167 812
186 812
237 812
296 812
298 812
340 812
343 812
537 812
607 812
736 812
775 812
812 846
57 904
210 904
412 904
423 904
817 904
846 904
904 923
123 932
151 932
237 932
279 932
344 932
358 932
762 932
932 938
56 981
295 981
447 981
716 981
748 981
786 981
854 981
926 981
74 204
204 241
204 562
204 567
204 876
204 935
49 323
143 323
323 357
323 731
323 810
323 838
323 865
323 881
323 885
148 350
248 350
283 350
350 435
350 467
350 532
350 571
350 651
350 779
350 866
350 926
350 935
350 998
123 367
182 367
232 367
340 367
367 376
367 422
367 474
367 508
367 606
367 742
367 748
367 764
367 941
367 990
50 442
185 442
273 442
291 442
298 442
314 442
334 442
343 442
363 442
366 442
422 442
442 487
442 705
57 461
152 461
259 461
295 461
316 461
334 461
402 461
460 461
461 642
461 719
461 726
461 768
461 779
461 816
461 908
461 960
461 969
183 513
199 513
263 513
291 513
502 513
513 656
513 669
513 710
513 762
513 929
513 941
103 529
178 529
198 529
298 529
348 529
529 938
529 999
53 582
298 582
363 582
386 582
469 582
528 582
582 631
582 676
582 744
582 802
582 948
582 960
287 783
432 783
564 783
703 783
741 783
783 796
783 887
783 935
133 820
224 820
281 820
344 820
411 820
497 820
505 820
606 820
653 820
720 820
784 820
820 875
52 832
85 832
200 832
203 832
208 832
411 832
423 832
485 832
655 832
733 832
258 847
298 847
324 847
475 847
603 847
625 847
633 847
708 847
823 847
847 895
99 969
195 969
281 969
365 969
447 969
772 969
103 989
105 989
227 989
280 989
341 989
348 989
378 989
411 989
603 989
741 989
902 989
35 163
35 193
35 208
35 261
35 372
35 433
35 443
35 534
35 648
35 723
35 768
35 805
41 163
82 163
145 163
163 306
163 594
163 627
163 633
163 654
163 655
163 882
193 306
193 328
193 329
193 401
193 611
193 696
193 731
193 831
193 923
193 954
50 208
136 208
208 231
208 238
208 259
208 357
208 402
208 459
208 496
208 669
208 674
208 902
136 261
147 261
261 346
261 483
261 633
261 655
261 716
261 724
261 751
261 755
200 372
225 372
252 372
260 372
298 372
372 505
372 508
372 706
372 735
372 740
372 755
372 950
75 433
393 433
433 520
433 838
433 875
433 906
82 443
100 443
177 443
215 443
269 443
279 443
443 667
443 823
443 977
75 534
238 534
324 534
337 534
417 534
507 534
534 552
534 598
534 611
534 739
534 834
534 837
534 935
534 972
263 648
435 648
496 648
522 648
611 648
626 648
648 691
648 755
648 998
53 723
346 723
393 723
506 723
723 801
723 823
723 828
723 997
39 768
97 768
362 768
500 768
564 768
694 768
710 768
768 802
57 805
74 805
111 805
176 805
407 805
416 805
537 805
539 805
696 805
706 805
784 805
805 817
805 877
805 990
36 54
36 123
36 268
36 291
36 314
36 334
36 394
36 744
36 935
36 939
36 948
54 103
54 235
54 286
54 474
54 500
54 514
54 546
54 600
54 656
121 123
123 306
123 344
123 452
123 475
123 495
123 745
123 801
123 866
123 976
250 268
268 338
268 376
268 459
268 715
268 733
268 736
268 902
268 977
291 294
291 394
291 405
291 472
291 500
291 690
291 907
291 936
209 314
279 314
314 505
314 607
314 623
314 675
314 679
314 748
314 842
314 876
314 907
40 334
130 334
249 334
334 335
334 594
334 651
334 669
334 678
334 756
334 758
112 394
237 394
287 394
335 394
346 394
394 484
394 485
394 491
394 644
394 666
394 683
394 906
394 923
394 936
394 960
269 744
432 744
727 744
744 919
744 999
85 935
106 935
230 935
232 935
416 935
546 935
551 935
600 935
637 935
655 935
693 935
703 935
147 939
202 939
279 939
409 939
465 939
494 939
690 939
696 939
861 939
914 939
85 948
154 948
202 948
466 948
506 948
537 948
693 948
755 948
760 948
810 948
838 948
75 97
75 258
75 262
75 316
75 427
75 494
75 554
75 631
75 719
75 791
75 843
75 855
109 113
109 255
109 313
109 421
109 514
109 650
109 690
109 775
109 838
109 851
109 936
109 977
78 486
202 486
486 502
486 522
486 590
486 611
486 662
486 789
486 799
486 802
486 914
486 930
486 987
72 490
147 490
237 490
490 810
112 584
113 584
133 584
506 584
571 584
581 584
584 702
584 748
584 760
584 822
50 610
106 610
141 610
248 610
379 610
610 654
610 724
610 760
107 696
243 696
303 696
541 696
571 696
671 696
678 696
690 696
696 708
696 814
696 866
696 906
696 920
696 949
63 934
526 934
562 934
865 934
934 990
186 960
230 960
247 960
278 960
460 960
470 960
600 960
810 960
38 203
38 250
38 305
38 382
38 475
38 662
38 828
113 203
203 305
203 564
203 619
203 676
203 929
203 972
250 340
250 401
250 411
250 421
250 424
250 607
250 663
250 705
250 795
250 866
141 305
305 424
305 491
305 545
305 611
305 653
305 703
305 860
249 382
298 382
382 412
382 453
382 613
382 710
382 900
382 914
382 926
382 929
130 475
186 475
244 475
259 475
316 475
386 475
475 528
475 589
475 838
475 920
475 997
135 662
218 662
225 662
240 662
328 662
335 662
538 662
548 662
662 733
662 837
662 954
143 828
227 828
235 828
352 828
466 828
494 828
784 828
39 100
39 285
39 378
39 607
39 637
39 843
63 100
100 211
100 376
100 604
100 844
100 931
97 285
103 285
161 285
285 313
285 386
285 412
285 423
285 497
285 520
285 598
285 688
176 378
378 514
378 842
96 607
134 607
141 607
149 607
174 607
216 607
220 607
242 607
286 607
294 607
329 607
343 607
467 607
478 607
511 607
523 607
607 741
607 749
607 884
407 637
547 637
637 651
637 727
637 929
52 843
111 843
176 843
257 843
322 843
575 843
843 902
843 930
40 78
40 205
40 368
40 412
40 469
40 508
40 656
40 842
40 979
78 104
78 134
78 289
78 357
78 538
78 554
78 651
78 844
49 205
149 205
161 205
205 240
205 297
205 497
205 896
105 368
278 368
368 564
368 688
368 979
135 412
154 412
412 474
412 636
412 693
412 740
412 795
412 877
412 919
147 469
155 469
252 469
469 642
469 670
469 690
469 740
469 758
298 508
328 508
427 508
508 726
508 814
508 817
508 958
508 999
135 656
562 656
656 667
656 675
656 678
656 735
656 749
656 834
656 881
656 926
215 842
409 842
500 842
523 842
539 842
671 842
745 842
423 979
429 979
465 979
544 979
626 979
681 979
727 979
875 979
41 104
41 220
41 223
41 278
41 310
41 422
41 429
41 447
41 544
41 600
41 681
41 715
41 758
41 868
41 884
82 104
104 393
104 444
104 548
104 977
220 232
220 335
220 337
220 425
220 506
220 711
220 747
220 834
97 223
172 223
223 341
223 405
223 625
223 756
223 976
141 278
247 278
278 303
278 358
278 470
278 494
278 547
278 619
278 681
278 739
278 742
278 747
278 831
278 876
63 310
97 310
258 310
310 559
310 831
310 851
310 896
108 422
156 422
218 422
298 422
422 522
260 429
352 429
429 494
429 495
429 515
429 834
429 902
429 941
429 996
240 447
447 470
447 487
447 583
447 594
447 626
447 666
447 822
447 883
447 885
447 895
185 544
200 544
383 544
395 544
483 544
544 589
544 754
544 976
97 600
293 600
600 666
600 938
97 681
105 681
244 681
339 681
376 681
547 681
564 681
626 681
681 719
681 739
681 762
681 860
72 715
209 715
242 715
296 715
554 715
647 715
705 715
715 796
715 877
197 758
269 758
523 758
632 758
758 851
758 891
758 905
47 868
50 868
148 868
225 868
751 868
846 868
868 876
173 884
237 884
240 884
244 884
481 884
494 884
500 884
574 884
663 884
813 884
884 907
884 977
884 998
42 56
42 77
42 161
42 210
42 247
42 330
42 532
42 574
42 598
42 796
42 816
42 865
42 881
42 972
56 143
56 280
56 402
56 494
56 663
56 678
77 135
77 262
77 281
77 392
77 627
77 806
77 976
77 991
47 161
145 161
161 182
161 306
161 344
161 411
161 518
161 590
161 606
161 636
161 670
161 726
161 881
161 915
85 210
152 210
171 210
210 348
210 518
210 554
210 631
210 633
210 705
210 761
210 816
210 846
210 920
96 247
97 247
130 247
199 247
247 340
247 453
247 497
247 623
247 679
247 735
247 806
247 834
247 906
247 954
248 330
330 379
330 491
330 551
330 731
230 532
339 532
421 532
485 532
532 688
532 929
532 982
280 574
337 574
397 574
547 574
574 674
574 720
574 736
574 813
141 598
147 598
344 598
360 598
598 608
598 711
598 747
598 891
172 796
197 796
260 796
583 796
594 796
670 796
671 796
796 797
796 852
796 859
796 892
796 923
796 972
183 816
248 816
726 816
786 816
816 859
816 990
105 865
216 865
240 865
299 865
530 865
726 865
801 865
822 865
865 920
865 936
70 881
96 881
147 881
283 881
298 881
438 881
581 881
603 881
676 881
822 881
831 881
879 881
881 900
173 972
258 972
329 972
376 972
395 972
421 972
424 972
439 972
619 972
185 186
185 207
185 450
185 485
185 497
185 799
185 802
185 823
97 207
207 552
207 564
207 810
207 876
207 923
85 306
143 306
259 306
260 306
306 474
306 603
306 731
306 761
306 949
99 417
240 417
249 417
295 417
417 465
417 562
417 571
417 636
417 678
417 702
417 716
178 687
273 687
335 687
409 687
687 726
687 762
687 877
136 905
295 905
424 905
528 905
603 905
626 905
627 905
663 905
693 905
797 905
905 923
52 483
52 603
52 946
52 982
106 149
106 241
106 606
106 806
53 202
202 249
202 654
202 751
202 802
202 902
244 363
244 439
244 479
244 487
244 790
244 797
244 907
121 474
243 474
346 474
362 474
474 554
474 650
474 731
474 970
141 494
298 494
392 494
494 547
494 613
494 866
494 895
494 920
494 982
172 539
374 539
539 669
539 852
539 920
230 625
243 625
453 625
625 675
90 670
242 670
500 670
670 813
670 851
74 674
82 674
108 674
337 674
352 674
397 674
674 755
149 851
157 851
227 851
294 851
526 851
691 851
810 851
49 151
49 183
49 505
49 594
49 834
49 914
49 992
453 495
453 526
107 551
374 551
416 551
480 551
483 551
518 551
551 769
551 919
273 594
405 594
409 594
594 751
594 795
594 892
594 902
98 852
135 852
493 852
608 852
636 852
791 852
797 852
93 855
232 855
303 855
514 855
526 855
755 855
357 882
444 882
562 882
174 929
224 929
279 929
338 929
506 929
515 929
575 929
608 929
739 929
929 991
211 951
252 951
386 951
397 951
427 951
497 951
727 951
951 996
402 977
606 977
691 977
70 93
70 379
70 589
70 650
70 887
70 900
70 907
136 262
136 626
136 627
136 789
72 173
173 215
173 280
173 523
173 708
173 748
82 287
133 287
260 287
287 328
287 907
90 298
121 298
298 550
298 590
298 644
148 407
157 407
216 407
366 407
407 432
407 606
63 523
148 523
231 523
259 523
481 523
523 671
523 736
134 742
149 742
176 742
197 742
255 742
286 742
416 742
439 742
554 742
626 742
710 742
716 742
742 772
324 920
348 920
423 920
548 920
693 920
726 920
837 920
866 920
920 970
920 999
47 50
47 240
47 249
47 263
47 393
47 421
47 480
47 548
47 688
47 739
47 749
50 134
50 484
50 518
50 571
50 761
50 970
108 240
240 293
240 379
240 438
240 538
240 636
240 810
240 817
240 926
240 938
240 955
151 249
249 329
249 357
249 465
249 538
249 694
249 896
74 263
174 263
263 352
263 358
263 769
263 810
263 896
263 978
186 393
200 393
281 393
376 393
393 526
393 651
393 702
393 724
393 736
393 877
393 892
393 982
269 421
421 528
421 731
421 769
154 480
186 480
227 480
299 480
480 522
480 666
480 708
480 795
480 814
480 970
480 992
103 548
506 548
548 703
548 844
53 688
108 688
232 688
481 688
613 688
671 688
688 954
688 990
515 739
518 739
626 739
733 739
739 891
739 992
138 749
262 749
374 749
502 749
663 749
710 749
749 941
103 138
103 186
103 438
103 706
103 716
103 797
103 814
145 283
145 409
145 596
145 627
145 720
145 737
145 982
108 200
135 200
200 252
200 269
200 619
200 705
200 710
200 813
156 343
294 343
343 485
343 495
343 724
343 813
343 846
232 609
262 609
459 609
609 623
609 679
609 727
609 741
609 906
82 731
157 731
186 731
224 731
281 731
322 731
495 731
644 731
731 895
731 941
151 784
237 784
296 784
303 784
346 784
360 784
470 784
764 784
784 802
112 883
218 883
401 883
515 883
552 883
678 883
151 497
151 605
151 619
151 716
151 755
151 866
151 955
72 183
107 183
183 198
183 238
183 243
183 273
183 545
183 653
183 875
183 982
93 505
157 505
243 505
96 834
583 834
604 834
834 866
97 914
238 914
337 914
479 914
540 914
564 914
590 914
669 914
708 914
779 914
799 914
186 992
328 992
424 992
425 992
608 992
640 992
676 992
727 992
134 215
134 295
134 545
134 571
134 575
134 642
134 647
134 795
134 827
85 484
484 502
484 650
484 705
484 810
484 861
238 518
338 518
339 518
357 518
518 671
518 726
518 735
518 999
72 571
273 571
571 733
571 737
186 761
352 761
761 949
761 991
99 970
790 970
844 970
866 970
114 279
114 345
114 425
114 716
114 941
165 567
165 608
165 619
165 671
93 167
167 530
167 667
167 938
238 379
238 528
238 923
99 279
113 279
172 279
260 279
279 296
279 683
279 930
96 281
224 281
281 324
281 540
281 633
281 644
281 724
281 779
281 844
281 860
281 876
281 895
241 465
399 465
432 465
465 507
465 611
465 650
465 705
465 745
465 789
465 791
465 906
522 564
522 636
522 772
121 538
143 538
302 538
352 538
467 538
497 538
538 562
538 623
538 667
538 716
538 846
118 797
143 797
363 797
470 797
797 846
225 946
231 946
303 946
344 946
472 946
795 946
225 978
716 978
747 978
772 978
844 978
854 978
328 483
363 483
478 483
483 623
483 636
483 691
483 751
450 603
603 823
93 982
211 982
252 982
258 982
303 982
358 982
703 982
789 982
802 982
930 982
53 237
53 243
53 564
53 576
53 810
53 891
53 908
230 237
237 242
237 605
237 679
237 789
237 802
237 891
237 949
243 296
243 432
243 590
243 647
243 877
243 896
243 991
478 564
546 564
564 608
564 795
564 923
338 576
439 576
466 576
576 751
576 801
576 907
90 810
248 810
810 817
810 915
810 919
810 936
72 891
383 891
891 895
891 974
177 908
733 908
876 908
906 908
908 919
235 358
235 559
235 751
235 799
235 822
286 299
286 751
286 974
82 500
172 500
280 500
322 500
340 500
500 633
500 667
500 801
152 514
346 514
491 514
514 654
514 678
514 747
514 907
514 976
72 546
90 546
450 546
506 546
546 949
143 195
195 211
195 450
195 683
195 706
195 802
195 875
195 955
195 999
147 257
199 257
257 479
257 481
257 511
257 775
257 915
252 789
324 789
466 789
642 789
747 789
209 919
552 919
619 919
623 919
143 156
143 227
143 583
143 675
143 724
143 814
143 930
209 280
280 360
280 395
280 424
280 575
280 694
280 702
280 716
280 823
280 846
280 859
280 915
248 402
402 520
402 690
402 831
402 936
345 663
365 663
520 663
663 866
663 991
74 678
105 678
107 678
252 678
460 678
547 678
633 678
678 720
678 896
57 85
57 262
57 335
57 459
57 496
57 733
85 335
85 362
85 676
85 879
85 958
85 998
255 262
262 352
262 401
262 506
262 846
335 363
335 416
335 676
335 690
335 775
335 875
335 949
107 459
108 459
269 459
366 459
438 459
459 554
459 589
459 613
459 727
459 760
363 496
63 733
113 733
329 733
589 733
710 733
733 844
182 444
182 507
182 550
182 626
182 892
259 269
259 366
259 495
259 806
259 822
259 915
149 438
438 481
438 502
438 530
438 537
438 636
438 806
438 892
356 735
392 735
520 735
735 902
231 255
231 358
231 502
231 941
293 605
339 605
357 605
537 605
605 683
90 740
255 740
416 740
467 740
604 740
650 740
710 740
720 740
740 791
740 861
118 756
296 756
485 756
690 756
705 756
756 902
152 999
177 999
357 999
627 999
644 999
799 999
876 999
294 295
294 545
294 679
294 760
294 996
93 328
328 401
328 528
328 562
328 702
328 737
328 741
328 806
328 846
328 926
344 711
397 711
411 711
450 711
479 711
541 711
416 769
111 813
172 813
178 813
762 813
322 875
653 875
654 875
720 875
875 949
99 172
99 427
99 444
99 642
99 885
99 907
137 154
137 345
137 466
137 583
137 801
137 802
137 854
137 955
141 439
141 545
141 583
141 705
141 775
141 950
130 241
147 241
198 241
241 386
241 526
241 559
241 923
72 520
148 520
218 520
316 520
520 736
520 987
197 791
425 791
775 791
791 837
98 147
98 324
98 575
98 887
74 322
260 322
322 439
322 636
322 671
322 846
322 876
322 974
289 619
133 958
346 958
779 958
63 409
63 487
63 675
409 485
409 604
409 838
409 938
487 604
487 640
487 693
487 795
487 949
242 675
329 675
374 675
423 675
675 762
675 876
675 887
133 172
133 604
133 737
133 955
156 197
197 526
197 902
147 252
177 252
252 258
252 401
252 493
252 581
252 708
252 736
252 885
357 817
655 817
152 827
747 827
827 930
113 299
299 401
299 481
299 552
299 633
299 822
157 395
224 395
395 423
395 485
395 671
395 801
395 861
444 581
581 823
581 854
581 931
118 885
248 885
338 885
379 885
626 885
691 885
860 885
885 997
358 976
611 976
923 976
90 998
178 998
528 998
806 998
838 998
130 135
135 694
135 801
135 814
135 846
135 996
176 887
176 907
575 654
654 854
654 954
358 479
379 479
435 479
479 575
479 613
479 667
479 693
479 747
479 755
479 760
575 691
575 701
575 703
575 751
575 837
575 955
379 802
507 802
559 802
590 802
651 802
802 887
93 177
177 452
177 938
177 949
177 996
157 497
297 497
497 583
497 613
157 726
666 726
669 775
775 823
316 814
362 814
485 814
814 990
93 209
93 405
93 493
93 502
93 526
93 623
93 651
93 896
338 379
379 401
379 926
589 642
589 703
589 760
589 997
186 650
650 866
650 936
399 887
472 887
562 887
702 887
708 887
626 900
74 907
108 907
216 907
227 907
491 907
626 907
108 360
108 466
108 790
111 401
111 596
111 691
107 118
118 147
118 357
118 401
118 606
118 790
260 345
90 642
411 642
491 642
552 642
642 737
642 949
112 655
293 655
495 655
655 747
655 895
655 974
96 669
130 669
232 669
293 669
669 676
669 745
72 321
72 460
72 467
72 724
72 822
72 974
232 321
321 472
321 481
321 545
321 671
90 460
130 460
460 640
460 719
460 760
460 846
296 467
467 705
467 974
96 724
716 724
724 751
547 822
591 822
755 822
632 974
892 974
174 357
209 357
232 357
357 425
357 860
357 879
357 915
154 399
293 399
352 399
399 411
399 432
399 481
399 694
399 861
399 955
224 507
507 823
74 90
74 113
74 172
74 374
74 745
74 751
74 772
90 138
90 149
90 562
90 838
90 915
90 938
113 255
113 511
113 747
172 472
172 606
172 701
172 751
172 990
225 374
283 374
374 552
374 567
107 745
215 745
258 745
397 745
255 751
302 751
337 751
392 751
653 751
751 831
751 941
211 772
230 772
242 772
666 772
737 772
747 772
97 216
97 360
97 626
97 640
97 703
97 936
258 324
258 352
258 466
258 854
269 316
316 545
316 606
316 640
186 427
423 427
427 432
427 470
427 632
427 790
427 879
427 954
397 554
405 554
554 667
554 716
554 779
554 950
248 631
452 631
631 690
198 719
224 719
232 719
296 719
348 719
356 719
365 719
611 719
640 719
651 719
719 760
719 879
719 950
260 596
346 502
502 892
502 997
341 844
397 844
611 844
710 844
844 902
209 938
432 938
727 938
938 997
174 987
273 987
329 987
491 987
716 987
157 392
352 392
392 701
392 755
392 877
242 627
627 644
627 651
627 923
174 806
296 806
596 991
255 289
289 741
289 892
289 936
156 651
346 651
651 837
651 949
112 273
112 296
112 736
148 230
232 337
324 337
337 755
337 877
130 209
209 360
209 526
209 705
209 741
209 902
248 632
248 720
340 604
362 365
365 596
365 611
365 799
365 866
365 996
365 997
105 493
362 493
366 493
466 493
493 923
199 693
269 693
383 693
545 693
693 706
693 710
130 955
562 955
590 955
613 955
930 955
218 997
401 997
405 997
633 997
990 997
105 344
344 859
344 877
344 902
344 936
348 376
348 432
348 876
283 383
383 541
383 706
341 640
506 640
562 640
613 640
632 640
640 702
640 923
667 748
82 879
283 879
452 879
82 147
82 547
82 611
107 147
147 152
147 435
147 491
147 694
230 547
423 547
547 604
547 990
149 611
611 691
611 931
755 949
255 295
255 485
255 626
295 366
358 366
366 557
366 633
366 876
366 949
360 591
439 591
424 861
537 861
861 902
215 926
224 926
293 926
511 926
906 926
352 362
362 906
152 676
676 710
613 760
613 779
613 823
613 859
302 799
799 837
96 425
96 896
96 949
293 295
295 562
295 683
295 690
346 892
691 892
225 329
324 329
329 754
138 424
105 779
199 779
545 779
552 779
671 779
779 990
215 996
425 996
545 996
550 996
666 996
155 703
703 859
703 930
138 528
138 683
138 701
138 795
138 906
149 156
149 186
149 472
149 837
149 895
171 562
506 562
562 727
495 838
478 915
495 915
583 915
623 915
683 915
107 171
171 178
171 720
171 762
273 495
273 626
152 360
360 411
360 795
360 895
199 559
405 537
405 633
405 727
198 526
242 526
470 526
526 647
296 324
296 530
296 540
296 647
590 727
432 567
567 877
596 795
541 877
790 877
877 990
425 679
339 949
216 411
216 470
216 866
626 671
198 324
324 679
105 211
211 466
376 540
224 604
401 604
545 604
604 633
604 691
604 701
155 931
297 931
854 931
152 608
552 608
356 633
397 633
633 679
633 747
481 636
636 647
636 831
186 876
541 876
859 876
876 902
156 481
481 506
481 754
481 762
341 762
401 762
450 762
515 762
557 762
720 762
186 466
186 515
186 736
283 706
303 706
706 716
716 950
495 606
552 606
590 606
107 450
107 552
450 691
450 754
450 990
232 466
338 466
540 790
545 790
790 895
230 313
313 545
313 702
313 930
644 690
478 644
199 401
242 401
401 754
506 691
386 736
397 736
269 511
511 846
352 747
495 747
632 747
653 941
705 941
154 923
702 923
121 860
764 860
432 906
701 902
227 397
130 530
530 760
530 895
225 950
701 950
121 338
283 338
338 485
338 760
178 356
356 741
218 786
545 786
644 786
435 452
485 801
590 866
283 439
439 760
232 540
232 647
232 705
303 341
230 346
540 701
541 754
754 764
130 293
130 720
130 737
293 411
293 930
152 472
215 227
215 854
423 846
199 545
537 647
632 647
647 666
541 694
154 339
174 854
666 701
632 906
764 906
174 363
174 423
174 537
174 895
702 705
152 302
152 708
435 632
156 225
156 537
156 710
346 930
541 930
653 930
242 823
303 346
303 470
303 837
363 837
515 837
764 837
537 895
632 895
218 358
225 679
537 557
157 831
823 831
653 666
198 590
590 702
178 363
346 644
541 653
199 823
741 764
