1 2
1 3
1 4
1 5
1 6
1 8
1 9
1 11
1 13
1 14
1 15
1 18
1 20
1 21
1 23
1 24
1 25
1 33
1 34
1 36
1 42
1 46
1 47
1 52
1 56
1 58
1 62
1 66
1 72
1 77
1 80
1 81
1 88
1 98
1 102
1 103
1 104
1 105
1 110
1 118
1 122
1 124
1 127
1 128
1 131
1 135
1 146
1 158
1 168
1 182
1 183
1 190
1 191
1 196
1 205
1 207
1 208
1 214
1 216
1 220
1 221
1 251
1 255
1 264
1 265
1 269
1 270
1 276
1 284
1 290
1 294
1 297
1 306
1 316
1 330
1 331
1 334
1 343
1 349
1 353
1 355
1 361
1 372
1 375
1 381
1 384
1 389
1 399
1 428
1 436
1 453
1 463
1 465
1 475
1 477
1 484
1 507
1 512
1 517
1 534
1 544
1 549
1 565
1 572
1 575
1 586
1 595
1 605
1 620
1 632
1 637
1 644
1 660
1 689
1 692
1 702
1 743
1 749
1 772
1 814
1 815
1 836
1 841
1 844
1 858
1 875
1 909
1 910
1 911
1 912
1 937
1 967
1 969
1 988
1 991
1 997
2 3
2 4
2 5
2 7
2 12
2 14
2 17
2 21
2 22
2 25
2 30
2 31
2 32
2 34
2 36
2 41
2 49
2 52
2 60
2 62
2 64
2 70
2 83
2 84
2 92
2 96
2 101
2 102
2 106
2 111
2 112
2 117
2 123
2 131
2 158
2 161
2 162
2 176
2 179
2 187
2 198
2 206
2 207
2 208
2 209
2 216
2 218
2 220
2 221
2 222
2 229
2 252
2 254
2 260
2 263
2 265
2 274
2 275
2 302
2 308
2 314
2 322
2 342
2 347
2 357
2 368
2 374
2 378
2 380
2 384
2 390
2 393
2 400
2 414
2 424
2 432
2 441
2 445
2 449
2 457
2 470
2 498
2 503
2 537
2 538
2 560
2 561
2 601
2 612
2 619
2 625
2 629
2 630
2 636
2 640
2 679
2 689
2 698
2 706
2 714
2 716
2 731
2 745
2 767
2 790
2 793
2 823
2 845
2 847
2 848
2 872
2 902
2 907
2 924
2 932
2 939
2 941
2 942
2 958
2 979
2 986
3 4
3 5
3 6
3 7
3 9
3 10
3 11
3 12
3 14
3 15
3 17
3 18
3 19
3 20
3 22
3 29
3 31
3 32
3 34
3 38
3 40
3 42
3 47
3 48
3 49
3 54
3 61
3 63
3 67
3 70
3 71
3 72
3 73
3 74
3 75
3 77
3 78
3 84
3 85
3 87
3 90
3 93
3 100
3 105
3 106
3 107
3 108
3 112
3 120
3 138
3 145
3 151
3 155
3 166
3 167
3 170
3 188
3 197
3 200
3 203
3 210
3 214
3 226
3 229
3 245
3 255
3 262
3 271
3 283
3 288
3 292
3 301
3 321
3 324
3 326
3 335
3 338
3 344
3 345
3 358
3 365
3 369
3 380
3 394
3 395
3 396
3 409
3 420
3 421
3 428
3 439
3 452
3 464
3 482
3 488
3 491
3 545
3 558
3 576
3 587
3 593
3 624
3 632
3 642
3 649
3 652
3 670
3 672
3 679
3 681
3 703
3 709
3 715
3 726
3 740
3 760
3 789
3 803
3 817
3 836
3 860
3 878
3 879
3 904
3 931
3 933
3 940
3 950
3 971
3 972
3 994
4 5
4 6
4 7
4 8
4 14
4 16
4 25
4 26
4 29
4 30
4 32
4 34
4 36
4 39
4 43
4 45
4 50
4 54
4 59
4 62
4 65
4 66
4 68
4 69
4 80
4 95
4 108
4 114
4 117
4 133
4 135
4 145
4 147
4 152
4 155
4 189
4 199
4 222
4 232
4 240
4 247
4 271
4 273
4 292
4 296
4 311
4 314
4 315
4 322
4 325
4 350
4 355
4 363
4 365
4 378
4 395
4 425
4 426
4 436
4 445
4 463
4 467
4 470
4 495
4 498
4 535
4 551
4 597
4 601
4 607
4 608
4 610
4 611
4 618
4 636
4 643
4 671
4 673
4 677
4 687
4 703
4 764
4 773
4 784
4 815
4 850
4 883
4 926
4 937
4 938
4 963
4 976
4 996
5 6
5 8
5 10
5 11
5 13
5 14
5 18
5 20
5 21
5 22
5 25
5 26
5 27
5 28
5 29
5 32
5 35
5 38
5 41
5 44
5 48
5 56
5 60
5 63
5 64
5 65
5 66
5 69
5 75
5 82
5 88
5 89
5 96
5 103
5 106
5 107
5 109
5 118
5 124
5 135
5 139
5 145
5 148
5 151
5 182
5 191
5 195
5 196
5 197
5 198
5 200
5 205
5 224
5 240
5 245
5 276
5 289
5 299
5 306
5 335
5 346
5 350
5 355
5 369
5 400
5 418
5 421
5 448
5 451
5 473
5 479
5 486
5 493
5 519
5 524
5 544
5 559
5 595
5 597
5 632
5 671
5 683
5 707
5 720
5 734
5 755
5 762
5 765
5 808
5 825
5 840
5 869
5 887
5 890
5 916
5 919
5 979
5 990
6 7
6 8
6 9
6 10
6 12
6 13
6 16
6 17
6 18
6 19
6 21
6 27
6 36
6 38
6 39
6 45
6 47
6 50
6 51
6 52
6 58
6 73
6 77
6 79
6 84
6 90
6 94
6 95
6 100
6 114
6 115
6 120
6 128
6 130
6 139
6 150
6 156
6 159
6 161
6 164
6 166
6 169
6 172
6 173
6 178
6 180
6 181
6 182
6 184
6 187
6 190
6 204
6 209
6 211
6 228
6 230
6 243
6 259
6 262
6 266
6 268
6 276
6 279
6 283
6 312
6 318
6 319
6 323
6 334
6 353
6 355
6 377
6 382
6 383
6 398
6 415
6 416
6 425
6 426
6 434
6 443
6 459
6 468
6 484
6 486
6 487
6 489
6 496
6 499
6 500
6 501
6 510
6 515
6 528
6 529
6 531
6 565
6 570
6 596
6 597
6 614
6 615
6 620
6 631
6 644
6 652
6 670
6 695
6 719
6 733
6 743
6 758
6 802
6 838
6 840
6 841
6 845
6 864
6 891
6 895
6 899
6 925
6 947
6 953
6 972
6 982
7 8
8 9
8 10
8 16
8 19
8 20
8 23
8 26
8 29
8 33
8 37
8 42
8 44
8 64
8 79
8 87
8 89
8 91
8 109
8 116
8 129
8 161
8 172
8 187
8 199
8 212
8 215
8 245
8 264
8 268
8 325
8 328
8 355
8 407
8 408
8 468
8 502
8 550
8 551
8 682
8 686
8 746
8 753
8 758
8 809
8 810
8 850
8 887
8 931
9 11
9 12
9 13
9 15
9 19
9 23
9 27
9 28
9 34
9 35
9 37
9 43
9 52
9 53
9 59
9 71
9 75
9 78
9 84
9 86
9 97
9 98
9 107
9 108
9 113
9 116
9 125
9 128
9 138
9 164
9 166
9 176
9 180
9 189
9 203
9 208
9 219
9 237
9 249
9 251
9 254
9 257
9 277
9 291
9 309
9 316
9 317
9 334
9 339
9 344
9 346
9 348
9 423
9 473
9 500
9 516
9 540
9 542
9 547
9 564
9 596
9 635
9 643
9 668
9 686
9 716
9 727
9 730
9 732
9 739
9 748
9 751
9 755
9 769
9 777
9 798
9 807
9 821
9 833
9 861
9 877
9 897
9 898
9 899
9 926
9 955
9 960
9 967
9 980
10 11
11 13
11 15
11 18
11 19
11 20
11 26
11 27
11 28
11 33
11 37
11 40
11 43
11 47
11 53
11 54
11 61
11 62
11 75
11 79
11 85
11 119
11 125
11 126
11 143
11 144
11 146
11 159
11 165
11 167
11 172
11 174
11 221
11 236
11 294
11 306
11 324
11 326
11 334
11 341
11 360
11 387
11 392
11 393
11 394
11 429
11 474
11 480
11 513
11 518
11 536
11 562
11 564
11 571
11 594
11 601
11 604
11 635
11 651
11 653
11 679
11 694
11 715
11 726
11 737
11 752
11 775
11 786
11 822
11 860
11 862
11 908
11 966
10 13
13 15
13 16
13 18
13 28
13 33
13 35
13 46
13 51
13 58
13 73
13 80
13 92
13 99
13 115
13 119
13 124
13 135
13 136
13 141
13 149
13 167
13 186
13 192
13 195
13 200
13 210
13 218
13 222
13 233
13 237
13 238
13 249
13 256
13 278
13 297
13 299
13 305
13 320
13 323
13 339
13 344
13 359
13 386
13 401
13 417
13 418
13 433
13 466
13 481
13 491
13 505
13 526
13 545
13 546
13 578
13 722
13 757
13 765
13 779
13 782
13 799
13 808
13 925
13 927
13 966
13 971
7 14
14 21
14 22
14 24
14 43
14 54
14 67
14 187
14 191
14 194
14 215
14 232
14 252
14 292
14 331
14 409
14 509
14 538
14 541
14 699
14 707
14 709
14 745
14 887
14 902
14 919
14 976
14 981
14 983
14 988
10 15
15 23
15 40
15 46
15 51
15 69
15 77
15 105
15 116
15 167
15 185
15 206
15 238
15 239
15 265
15 270
15 287
15 300
15 354
15 389
15 402
15 454
15 479
15 504
15 512
15 543
15 553
15 556
15 558
15 568
15 585
15 665
15 730
15 794
15 812
15 817
15 931
18 20
18 21
18 35
18 38
18 42
18 49
18 55
18 56
18 62
18 63
18 70
18 83
18 115
18 120
18 136
18 141
18 192
18 201
18 204
18 222
18 261
18 274
18 298
18 301
18 310
18 374
18 387
18 415
18 440
18 481
18 490
18 521
18 539
18 598
18 645
18 648
18 650
18 675
18 734
18 742
18 755
18 763
18 788
18 795
18 829
18 836
18 837
18 859
18 879
18 911
18 927
18 974
18 984
20 25
20 38
20 42
20 44
20 46
20 47
20 55
20 72
20 85
20 87
20 88
20 91
20 104
20 116
20 118
20 121
20 151
20 156
20 157
20 160
20 173
20 175
20 212
20 224
20 242
20 246
20 260
20 270
20 281
20 297
20 308
20 380
20 387
20 395
20 509
20 513
20 562
20 583
20 587
20 627
20 691
20 697
20 765
20 766
20 903
20 916
20 963
20 984
20 990
21 24
21 27
21 51
21 56
21 82
21 101
21 107
21 129
21 146
21 204
21 252
21 276
21 294
21 308
21 331
21 412
21 490
21 509
21 612
21 629
21 638
21 689
21 838
21 841
21 930
23 33
23 34
23 64
23 98
23 105
23 110
23 116
23 127
23 149
23 168
23 219
23 254
23 291
23 331
23 372
23 391
23 405
23 423
23 431
23 458
23 469
23 479
23 504
23 546
23 547
23 553
23 556
23 567
23 634
23 674
23 677
23 798
23 820
23 907
7 24
12 24
22 24
24 55
24 56
24 58
24 99
24 101
24 140
24 193
24 231
24 509
24 638
24 664
24 689
24 701
24 754
24 813
24 841
24 881
24 988
25 32
25 41
25 45
25 48
25 57
25 60
25 65
25 88
25 96
25 117
25 122
25 147
25 194
25 196
25 197
25 213
25 224
25 240
25 246
25 263
25 269
25 284
25 364
25 377
25 421
25 476
25 486
25 495
25 508
25 519
25 580
25 602
25 607
25 692
25 701
25 714
25 747
25 806
25 825
25 852
25 889
25 910
25 980
33 64
33 119
33 124
33 127
33 186
33 221
33 256
33 264
33 306
33 341
33 349
33 356
33 391
33 394
33 399
33 450
33 477
33 536
33 583
33 656
33 676
33 890
33 909
34 314
34 331
34 400
34 423
34 431
34 875
34 967
16 36
36 50
36 62
36 66
36 68
36 80
36 100
36 102
36 123
36 162
36 168
36 181
36 216
36 229
36 243
36 307
36 316
36 318
36 441
36 449
36 572
36 586
36 609
36 644
36 656
36 764
36 773
36 815
36 878
36 879
36 898
38 42
42 46
42 49
42 67
42 83
42 87
42 118
42 120
42 141
42 225
42 260
42 274
42 290
42 303
42 371
42 391
42 395
42 417
42 443
42 487
42 504
42 514
42 617
42 791
42 797
42 829
42 859
42 955
46 51
46 69
46 72
46 77
46 80
46 85
46 91
46 99
46 111
46 118
46 121
46 131
46 132
46 135
46 144
46 157
46 162
46 183
46 206
46 216
46 224
46 283
46 287
46 290
46 349
46 375
46 433
46 437
46 442
46 444
46 457
46 463
46 480
46 549
46 572
46 602
46 665
46 702
46 720
46 727
46 743
46 791
46 794
46 797
46 799
46 808
46 827
46 835
47 151
47 160
47 229
47 436
47 488
47 513
47 620
47 627
47 679
47 766
47 972
17 52
31 52
52 83
52 92
52 101
52 112
52 128
52 142
52 158
52 175
52 182
52 190
52 209
52 214
52 226
52 235
52 262
52 323
52 356
52 357
52 430
52 605
52 617
52 633
52 639
52 660
52 661
52 724
52 740
52 785
52 894
52 900
56 58
56 81
56 101
56 107
56 129
56 130
56 146
56 151
56 201
56 231
56 257
56 340
56 412
56 458
56 490
56 493
56 507
56 513
56 522
56 547
56 577
56 592
56 598
56 614
56 685
56 712
56 734
56 763
56 771
56 870
56 943
16 58
58 73
58 81
58 141
58 159
58 184
58 205
58 323
58 339
58 387
58 466
58 567
58 584
58 595
58 688
58 700
58 722
58 978
62 80
62 146
62 189
62 213
62 216
62 220
62 227
62 307
62 313
62 316
62 342
62 392
62 516
62 834
62 938
66 103
66 145
66 384
66 428
66 572
66 753
66 815
66 937
38 72
72 73
72 85
72 144
72 157
72 233
72 236
72 250
72 267
72 270
72 292
72 300
72 326
72 373
72 405
72 410
72 453
72 463
72 494
72 534
72 557
72 587
72 629
72 664
72 665
72 672
72 709
72 735
72 791
72 794
72 832
72 839
72 901
72 913
72 952
10 77
77 120
77 131
77 312
77 318
77 345
77 499
77 510
77 512
77 568
77 623
77 653
77 738
77 802
77 859
77 899
80 99
80 111
80 121
80 139
80 189
80 213
80 269
80 307
80 433
80 462
80 596
80 722
80 738
80 850
80 879
80 898
10 81
26 81
28 81
81 153
81 205
81 337
81 361
81 688
81 909
60 88
88 104
88 122
88 160
88 251
88 369
88 411
88 519
88 533
88 580
88 641
88 795
88 825
88 885
12 98
22 98
97 98
98 110
98 149
98 183
98 208
98 219
98 272
98 353
98 419
98 517
98 555
98 634
98 851
98 893
98 913
98 944
28 102
76 102
82 102
102 123
102 127
102 131
102 136
102 168
102 171
102 220
102 524
102 549
102 557
102 633
102 702
102 751
102 858
102 872
102 992
65 103
69 103
89 103
103 118
103 133
103 259
103 282
103 293
103 299
103 383
103 384
103 413
103 453
103 649
103 650
103 753
103 783
103 804
103 844
103 892
103 979
37 104
86 104
93 104
104 160
104 297
7 105
61 105
105 188
105 265
105 284
105 288
105 300
105 330
105 335
105 410
105 435
105 479
105 585
105 648
22 110
74 110
97 110
110 149
110 168
110 188
110 247
110 286
110 291
110 310
110 388
110 458
110 467
110 469
110 511
110 569
110 582
110 763
110 803
110 832
110 933
110 977
118 121
118 242
118 260
118 299
118 371
118 413
118 797
118 804
118 990
40 122
76 122
82 122
122 251
122 269
122 284
122 580
122 641
122 795
122 852
122 903
89 124
109 124
124 186
124 330
124 399
124 450
124 912
28 127
76 127
127 196
127 320
127 372
127 385
127 570
127 872
127 909
38 128
45 128
128 158
128 175
128 207
128 226
128 333
128 515
128 534
128 824
128 874
123 131
131 183
131 254
131 273
131 314
131 406
131 501
131 874
131 906
51 135
135 224
135 244
135 278
135 288
135 306
135 350
135 388
135 436
135 514
135 772
135 799
135 949
135 970
129 146
146 220
146 294
146 313
146 392
146 991
112 158
158 175
158 207
158 255
158 333
158 397
158 445
158 605
158 617
158 619
158 740
158 896
158 975
149 168
168 188
168 247
168 329
168 404
168 419
168 458
168 531
168 677
168 763
65 182
89 182
182 190
182 209
182 228
182 276
182 279
182 295
182 357
182 420
182 472
182 475
182 581
182 615
182 639
182 780
182 894
182 917
12 183
97 183
183 216
183 272
183 343
183 381
183 419
183 484
183 555
183 603
183 630
183 669
183 913
16 190
90 190
190 214
190 357
190 529
190 815
190 982
101 191
142 191
181 191
191 241
191 437
191 447
191 544
191 684
191 688
191 707
191 759
191 819
191 969
28 196
76 196
196 295
196 320
196 421
196 519
196 692
196 869
28 205
198 205
205 361
205 595
205 688
205 796
205 890
205 909
205 978
17 207
112 207
207 255
207 309
207 333
207 397
207 445
207 464
207 476
207 503
207 534
207 560
207 565
207 654
207 658
207 684
207 731
207 814
207 896
207 935
207 969
207 973
70 208
84 208
208 218
208 252
208 316
208 336
208 498
208 507
208 517
208 693
208 847
22 214
74 214
214 262
214 593
214 660
214 770
214 815
216 229
216 316
216 342
216 343
216 384
216 516
216 632
216 656
216 669
216 786
220 313
220 549
220 991
49 221
206 221
221 274
221 296
221 349
221 394
221 538
221 619
221 638
221 716
221 737
71 251
189 251
251 795
251 885
170 255
203 255
255 397
255 565
255 575
255 652
255 726
12 264
94 264
153 264
264 289
264 616
264 698
264 710
32 265
70 265
265 284
265 300
265 389
265 465
265 979
111 269
121 269
269 284
269 377
269 462
269 476
269 579
269 600
269 843
269 987
51 270
185 270
270 332
82 276
276 353
276 475
276 489
276 612
276 749
284 330
284 377
284 579
284 600
284 852
284 987
76 290
82 290
136 290
290 345
290 352
290 375
290 379
290 566
290 622
290 914
290 1000
27 294
51 294
28 297
233 297
297 305
297 448
297 478
119 306
306 341
306 356
306 723
306 724
306 950
316 507
316 516
316 656
316 693
89 330
109 330
330 411
252 331
331 431
331 699
331 838
331 875
331 910
40 334
174 334
334 510
31 343
49 343
209 343
343 381
343 632
343 640
343 669
343 801
343 886
85 349
144 349
349 477
349 727
97 353
219 353
353 360
353 379
353 489
353 864
44 355
355 408
355 425
150 361
169 361
223 361
361 381
28 372
320 372
372 385
372 570
119 375
167 375
195 375
375 529
375 743
150 381
223 381
381 484
342 384
384 428
384 453
384 637
384 753
384 786
12 389
30 389
298 389
389 465
389 821
389 991
31 399
155 399
376 399
399 402
399 626
399 725
399 912
399 986
399 998
17 428
396 428
428 624
428 637
428 860
151 436
229 436
436 772
373 453
405 453
453 629
453 706
453 844
453 900
39 463
325 463
463 467
463 791
31 465
32 465
348 465
465 525
55 475
57 475
338 475
475 749
475 964
155 477
366 477
397 477
477 556
477 647
477 992
114 484
382 484
484 531
484 597
484 947
201 507
257 507
507 614
507 685
507 693
507 798
155 512
239 512
460 512
512 568
487 517
504 517
514 517
517 736
517 756
517 800
326 534
405 534
534 814
534 935
22 544
266 544
478 544
544 934
99 549
111 549
549 702
283 565
528 565
565 570
565 575
565 969
132 572
442 572
572 586
572 644
12 575
250 575
313 575
575 733
575 911
94 586
173 586
268 586
586 644
63 595
96 595
595 683
595 877
595 880
174 605
328 605
520 605
605 617
605 628
30 620
152 620
302 620
620 625
620 841
245 632
28 637
231 637
341 637
637 693
637 708
637 760
181 644
644 878
432 660
496 660
606 660
660 975
12 689
193 689
689 701
689 809
209 692
228 692
647 692
692 976
91 702
480 702
702 858
16 743
181 743
743 767
116 749
550 749
686 749
153 772
368 772
371 772
772 849
772 856
772 875
120 814
312 814
653 814
814 935
68 836
117 836
315 836
836 879
836 911
836 995
638 841
206 844
296 844
333 844
84 858
164 858
336 858
858 866
153 875
849 875
875 910
875 967
875 997
688 909
96 910
364 910
910 997
250 911
313 911
28 912
195 912
829 912
65 937
259 937
718 937
71 967
833 967
241 969
759 969
969 983
193 988
280 988
663 988
12 991
298 991
486 997
501 997
989 997
7 10
7 12
7 17
7 22
7 30
7 43
7 55
7 57
7 61
7 67
7 68
7 89
7 90
7 111
7 117
7 126
7 155
7 188
7 193
7 194
7 212
7 217
7 232
7 243
7 298
7 303
7 317
7 322
7 367
7 409
7 410
7 414
7 424
7 432
7 494
7 496
7 551
7 585
7 639
7 649
7 674
7 703
7 705
7 711
7 784
7 802
12 17
12 22
12 30
12 48
12 50
12 60
12 74
12 76
12 78
12 84
12 94
12 95
12 97
12 99
12 106
12 112
12 125
12 130
12 137
12 140
12 152
12 153
12 154
12 156
12 166
12 170
12 179
12 193
12 217
12 225
12 235
12 242
12 248
12 249
12 250
12 272
12 277
12 280
12 289
12 298
12 301
12 313
12 317
12 367
12 368
12 407
12 416
12 438
12 452
12 483
12 548
12 551
12 552
12 560
12 580
12 621
12 622
12 663
12 667
12 686
12 695
12 698
12 701
12 710
12 711
12 733
12 737
12 785
12 792
12 806
12 809
12 826
12 857
12 868
12 878
12 899
12 901
12 924
12 944
12 946
12 994
10 17
17 31
17 48
17 50
17 93
17 112
17 137
17 150
17 163
17 179
17 226
17 232
17 238
17 244
17 309
17 396
17 426
17 442
17 466
17 471
17 482
17 503
17 569
17 670
17 812
17 860
17 985
22 55
22 57
22 61
22 68
22 71
22 74
22 97
22 99
22 106
22 117
22 187
22 219
22 262
22 266
22 287
22 335
22 358
22 388
22 412
22 413
22 478
22 493
22 533
22 590
22 664
22 754
22 790
22 827
22 839
22 851
22 887
22 888
22 894
22 901
22 917
22 951
22 981
26 30
29 30
30 31
30 39
30 59
30 60
30 76
30 111
30 133
30 140
30 142
30 152
30 267
30 272
30 273
30 275
30 298
30 302
30 312
30 322
30 414
30 418
30 435
30 498
30 506
30 661
30 679
30 744
30 820
30 821
30 904
30 923
30 948
30 963
26 31
29 31
31 32
31 49
31 83
31 140
31 142
31 155
31 209
31 272
31 275
31 281
31 312
31 347
31 348
31 362
31 376
31 390
31 396
31 402
31 525
31 526
31 559
31 574
31 625
31 626
31 712
31 757
31 766
31 801
31 816
31 848
31 950
31 986
31 998
32 45
32 48
32 49
32 57
32 70
32 155
32 164
32 202
32 206
32 237
32 315
32 347
32 348
32 366
32 525
32 535
32 571
32 634
32 643
32 671
32 762
32 830
32 950
32 970
32 979
10 41
16 41
39 41
41 53
41 60
41 64
41 96
41 199
41 228
41 446
41 461
41 645
41 662
41 847
41 930
49 63
49 67
49 70
49 141
49 155
49 164
49 185
49 202
49 206
49 209
49 234
49 237
49 277
49 393
49 538
49 539
49 541
49 571
49 640
49 795
49 888
49 914
49 970
60 76
60 275
60 368
60 369
60 380
60 411
60 441
60 452
60 533
60 904
60 923
60 936
60 994
64 391
64 546
64 847
64 930
64 932
63 70
70 84
70 201
70 252
70 298
70 302
70 336
70 460
70 714
70 795
70 974
38 83
83 92
83 120
83 161
83 165
83 225
83 234
83 261
83 303
83 342
83 347
83 356
83 390
83 401
83 456
83 537
83 618
83 642
83 659
83 661
83 695
83 766
83 816
83 826
83 941
84 94
84 164
84 166
84 169
84 173
84 178
84 218
84 223
84 268
84 280
84 336
84 377
84 386
84 438
84 483
84 579
84 739
84 769
84 866
84 871
28 92
35 92
92 101
92 142
92 161
92 165
92 181
92 230
92 233
92 235
92 356
92 357
92 401
92 618
92 633
92 757
38 96
63 96
96 263
96 364
96 390
96 424
101 142
101 181
101 231
101 241
101 412
101 430
101 437
101 577
101 846
101 881
74 106
106 145
106 198
106 335
106 451
106 551
106 611
106 785
106 790
106 840
99 111
111 121
111 132
111 139
111 143
111 162
111 283
111 285
111 432
111 459
111 492
111 496
111 606
111 636
111 924
78 112
112 235
112 309
112 442
112 881
68 117
117 126
117 222
117 260
117 311
117 315
117 495
117 561
117 611
117 995
16 123
68 123
114 123
123 162
123 176
123 254
123 273
123 409
16 161
161 165
161 357
161 468
161 537
161 659
161 758
161 767
161 793
132 162
162 176
162 283
162 437
162 441
162 609
162 835
162 876
28 176
35 176
176 348
176 748
176 755
176 807
176 915
26 179
29 179
44 179
179 497
179 761
179 982
172 187
187 268
187 538
187 753
187 845
187 981
187 983
10 198
28 198
198 451
198 524
198 796
198 890
69 206
206 274
206 287
206 296
206 333
206 402
206 970
209 228
209 262
209 393
209 420
209 581
209 639
209 640
209 647
209 801
209 886
209 976
119 218
210 218
218 401
218 498
218 505
115 222
222 260
222 311
222 417
222 561
151 229
229 488
252 302
252 308
252 374
252 640
252 699
252 731
252 745
252 823
252 838
219 254
254 257
254 273
254 314
254 406
254 501
254 561
254 587
254 798
254 820
254 874
260 371
260 395
260 487
260 504
260 561
260 562
260 990
57 263
71 263
253 263
263 364
263 390
263 889
263 942
263 959
141 274
274 296
274 310
274 333
274 374
274 523
274 591
274 593
274 619
274 638
274 819
274 859
29 275
142 275
275 337
275 380
275 548
275 559
275 679
275 820
59 302
152 302
302 374
302 625
302 683
302 714
156 308
246 308
308 509
308 583
308 629
308 640
308 706
308 721
308 824
314 378
314 400
314 406
314 561
314 587
314 608
314 906
314 949
152 322
322 414
322 424
322 445
322 457
322 698
322 703
322 872
225 342
234 342
342 456
342 485
342 786
45 347
57 347
347 390
347 625
347 757
347 941
347 958
357 767
357 894
357 900
95 368
153 368
177 368
368 371
368 452
368 455
368 520
368 552
368 856
368 924
310 374
374 521
374 591
374 823
186 378
351 378
352 378
378 470
378 608
378 612
378 750
151 380
390 424
390 630
390 766
390 942
390 986
28 393
144 393
393 408
393 449
393 525
393 571
393 746
393 759
393 786
393 810
148 400
195 400
272 414
312 414
414 424
414 431
414 457
414 658
424 630
28 432
97 432
203 432
432 496
432 582
432 585
432 606
432 975
369 441
411 441
441 449
441 609
333 445
445 464
445 601
445 619
445 872
445 896
445 907
445 975
144 449
408 449
449 525
449 598
91 457
157 457
457 680
457 698
457 720
457 827
457 884
10 470
16 470
461 470
470 588
470 612
470 636
470 651
470 676
470 750
470 768
470 884
273 498
498 847
498 963
75 503
108 503
170 503
503 560
503 592
503 628
503 654
503 731
503 790
503 823
28 537
82 537
350 537
537 576
537 793
537 929
538 845
538 983
95 560
153 560
560 654
560 658
560 790
560 939
561 587
561 949
54 601
144 601
601 694
601 726
601 735
601 907
82 612
612 750
333 619
619 638
619 716
619 975
152 625
625 683
625 757
625 848
625 958
405 629
629 706
629 721
97 630
603 630
630 986
496 636
606 636
636 678
636 825
640 731
640 886
679 820
289 698
698 710
373 706
405 706
706 721
706 900
197 714
213 714
714 747
714 770
714 789
714 895
339 716
542 716
654 731
10 745
28 745
594 745
745 837
745 902
16 767
181 767
790 939
171 793
350 793
522 793
793 957
170 823
592 823
510 845
840 845
847 930
847 932
147 848
430 848
708 848
76 872
37 902
304 902
532 902
149 907
677 907
143 924
285 924
40 932
100 932
750 932
69 939
185 939
696 939
76 941
379 941
622 941
186 942
223 942
324 942
141 958
539 958
863 958
299 979
155 986
10 16
10 26
10 28
10 39
10 40
10 53
10 79
10 89
10 100
10 109
10 129
10 150
10 153
10 163
10 200
10 211
10 232
10 245
10 279
10 293
10 299
10 318
10 327
10 328
10 337
10 345
10 362
10 367
10 370
10 398
10 403
10 425
10 434
10 461
10 469
10 471
10 490
10 491
10 524
10 543
10 559
10 591
10 594
10 651
10 663
10 670
10 681
10 705
10 750
10 797
10 837
10 855
10 859
10 863
10 923
19 27
19 37
19 59
19 71
19 75
19 85
19 87
19 134
19 172
19 304
19 317
19 325
19 354
19 360
19 364
19 499
19 500
19 506
19 527
19 543
19 577
19 596
19 659
19 697
19 700
19 718
19 751
19 897
19 965
19 984
19 998
26 29
29 39
29 44
29 65
29 108
29 142
29 199
29 210
29 281
29 325
29 337
29 365
29 370
29 403
29 420
29 471
29 497
29 506
29 559
29 613
29 677
29 761
29 775
29 871
27 38
38 45
38 55
38 63
38 73
38 74
38 78
38 86
38 94
38 139
38 163
38 178
38 225
38 234
38 250
38 261
38 286
38 391
38 423
38 434
38 443
38 472
38 473
38 521
38 545
38 564
38 566
38 600
38 642
38 645
38 666
38 739
38 774
38 777
38 866
38 891
38 904
38 1000
28 40
37 40
40 54
40 76
40 82
40 100
40 126
40 159
40 174
40 204
40 227
40 369
40 398
40 510
40 530
40 543
40 655
40 750
40 817
40 903
48 50
48 93
48 125
48 154
48 170
48 174
48 177
48 180
48 203
48 225
48 271
48 278
48 646
48 657
48 740
48 776
48 811
48 812
48 831
48 843
48 862
48 933
48 985
28 54
54 76
54 126
54 144
54 165
54 202
54 358
54 653
54 655
54 726
54 735
54 959
37 61
43 61
61 115
61 172
61 335
61 351
61 358
61 648
61 715
61 775
27 63
63 78
63 163
63 201
63 248
63 301
63 472
63 675
63 683
63 808
63 877
63 880
43 67
67 194
67 215
67 494
55 71
57 71
71 75
71 107
71 108
71 134
71 148
71 170
71 189
71 193
71 253
71 266
71 304
71 491
71 499
71 527
71 555
71 678
71 748
71 813
71 828
71 833
71 906
71 959
73 74
73 138
73 141
73 159
73 200
73 250
73 286
73 292
73 338
73 410
73 494
73 584
73 664
73 713
73 774
73 803
73 805
73 832
73 905
73 999
74 97
74 138
74 145
74 286
74 429
74 464
74 483
74 495
74 539
74 545
74 551
74 553
74 584
74 599
74 611
74 721
74 752
74 774
74 854
74 905
74 929
75 108
75 134
75 148
75 170
75 193
75 197
75 253
75 344
75 628
75 893
75 960
27 78
78 163
78 235
78 248
78 521
78 564
78 686
78 739
78 849
78 866
78 999
85 87
85 144
85 157
85 233
85 236
85 321
85 324
85 360
85 429
85 474
85 697
85 700
87 91
87 173
87 321
87 365
87 407
87 439
87 700
87 718
87 887
16 90
39 90
90 113
90 132
90 359
90 529
90 563
90 668
28 93
37 93
86 93
93 226
93 238
93 394
93 729
93 812
93 933
50 100
100 243
100 369
100 681
100 750
107 129
107 130
107 151
107 448
107 458
107 491
107 522
107 568
107 613
107 833
107 842
107 930
108 170
108 189
108 210
108 339
108 346
108 403
108 471
108 555
108 592
108 628
108 677
108 678
108 816
108 897
108 960
120 166
120 312
120 631
120 653
120 789
120 829
37 138
59 138
138 200
138 285
138 304
138 497
138 581
138 584
138 643
138 805
138 926
145 464
145 597
145 599
145 611
145 618
145 642
145 854
151 160
151 448
151 458
151 493
155 164
155 185
155 239
155 348
155 362
155 366
155 376
155 395
155 397
155 416
155 421
155 460
155 540
155 649
155 691
155 784
155 802
155 830
155 934
155 992
166 277
166 283
166 309
166 407
166 443
166 473
166 624
166 769
166 789
166 792
166 861
166 871
166 947
119 167
167 195
167 529
167 779
167 927
167 931
167 966
170 193
170 203
170 555
170 592
170 652
170 657
170 742
170 816
170 878
149 188
188 247
188 288
188 329
188 404
188 410
188 419
188 435
188 631
188 646
188 933
147 197
194 197
197 213
197 245
197 344
197 346
197 430
197 461
197 747
197 770
197 789
197 806
197 928
197 964
197 977
200 418
200 491
200 545
200 559
200 803
200 805
200 999
28 203
97 203
203 271
203 558
203 582
203 657
203 742
203 898
119 210
195 210
210 403
210 420
210 546
210 578
210 590
210 775
210 871
210 873
210 880
175 226
226 238
226 244
226 394
226 482
226 576
226 824
226 965
226 995
79 245
245 328
245 346
245 809
262 323
262 593
262 770
16 271
114 271
271 363
271 427
271 558
271 673
271 740
283 443
283 528
283 570
283 670
283 835
283 876
51 288
244 288
288 435
288 938
232 292
292 338
292 494
292 709
292 713
292 976
217 301
280 301
301 675
65 321
147 321
319 321
321 365
169 324
186 324
223 324
324 326
324 604
324 715
324 760
233 326
300 326
326 373
326 405
326 557
326 604
326 760
326 860
335 493
335 648
335 715
335 840
55 338
57 338
243 338
249 344
344 516
344 573
344 621
344 765
82 345
136 345
165 358
202 358
65 365
365 370
365 439
365 452
369 411
369 519
394 536
394 576
394 676
394 737
395 421
395 562
395 691
395 934
395 963
238 396
239 396
327 396
396 624
396 860
396 886
68 409
114 409
228 420
420 472
420 581
420 615
420 647
420 775
420 883
421 486
421 519
421 691
421 869
421 980
65 439
370 439
439 452
439 940
452 552
452 792
452 806
452 856
452 940
452 946
452 994
333 464
464 476
464 599
464 642
464 684
464 929
28 482
35 482
230 482
482 948
482 956
27 488
45 488
119 488
488 690
418 545
545 904
51 558
354 558
28 576
82 576
576 929
587 672
587 949
141 593
523 593
593 770
593 819
309 624
473 624
624 792
624 947
261 642
69 649
282 649
649 682
649 703
649 802
649 971
94 652
259 652
652 654
652 726
232 670
233 672
502 672
578 672
37 681
115 681
217 681
681 725
681 800
681 817
681 892
703 971
43 709
541 709
604 715
715 752
726 735
617 740
740 785
28 760
708 760
747 789
789 895
789 928
467 803
569 803
725 817
800 817
817 892
181 878
307 879
879 898
76 904
904 923
904 936
904 948
109 931
682 931
149 933
115 940
417 940
925 940
940 994
119 950
724 950
35 971
320 971
51 972
340 972
916 972
76 994
16 26
16 39
16 68
16 113
16 114
16 132
16 181
16 184
16 299
16 318
16 323
16 461
16 588
16 668
16 676
16 690
16 700
16 758
16 884
16 889
16 961
16 982
26 28
26 44
26 79
26 133
26 140
26 143
26 148
26 153
26 171
26 211
26 215
26 256
26 281
26 327
26 469
26 480
26 502
26 627
26 661
26 712
26 863
26 982
39 53
39 59
39 113
39 199
39 267
39 325
39 359
39 435
39 591
39 645
39 834
39 915
39 961
37 43
43 53
43 113
43 115
43 137
43 172
43 215
43 232
43 247
43 351
43 366
43 373
43 492
43 494
43 511
43 540
43 541
43 550
43 589
43 594
43 606
43 609
43 610
43 623
43 626
43 687
43 741
43 811
43 854
43 870
43 962
43 985
27 45
45 57
45 65
45 86
45 94
45 114
45 119
45 134
45 147
45 150
45 184
45 194
45 315
45 376
45 456
45 515
45 690
45 701
45 728
45 729
45 741
45 867
45 922
45 989
50 125
50 137
50 152
50 174
50 180
50 249
50 261
50 328
50 462
50 485
50 520
50 730
50 764
50 968
37 59
59 152
59 267
59 285
59 643
59 751
65 69
65 89
65 95
65 133
65 147
65 240
65 258
65 259
65 279
65 293
65 296
65 319
65 370
65 440
65 450
65 589
65 635
65 718
65 807
65 892
57 68
68 114
68 126
68 303
68 315
68 318
68 604
68 690
68 773
51 69
69 89
69 91
69 95
69 109
69 133
69 185
69 258
69 282
69 383
69 402
69 454
69 480
69 635
69 682
69 696
69 771
69 801
69 812
69 869
94 95
95 130
95 147
95 153
95 177
95 242
95 258
95 319
95 371
95 455
95 733
95 734
95 807
95 853
95 961
95 996
27 114
114 119
114 150
114 169
114 186
114 363
114 382
114 427
114 505
114 535
114 597
114 615
114 729
114 773
114 778
114 833
114 989
133 273
133 383
133 661
133 744
133 783
133 892
57 147
147 184
147 194
147 246
147 319
147 376
147 406
147 430
147 446
147 508
147 563
147 599
147 708
147 728
147 796
147 806
147 867
147 920
147 964
147 996
137 152
152 249
152 462
152 683
152 730
152 737
189 213
189 227
189 339
189 433
189 542
189 668
189 678
189 732
189 938
189 957
189 968
53 199
199 228
199 311
199 645
199 662
199 850
199 915
199 962
232 247
232 426
232 492
232 541
27 240
82 240
240 289
240 296
240 440
240 607
247 329
247 426
247 492
247 531
247 610
247 830
273 874
296 333
296 440
53 311
228 311
311 574
311 694
311 707
311 804
311 954
311 962
126 315
315 643
315 995
172 325
325 354
325 364
325 422
325 467
28 350
82 350
171 350
350 522
350 736
350 780
350 957
169 363
186 363
363 427
363 505
363 535
363 673
363 704
363 778
79 425
327 425
150 426
426 466
426 486
426 501
426 515
426 554
426 842
426 989
97 467
388 467
467 569
97 495
429 495
495 553
495 611
202 535
237 535
535 634
535 713
551 785
597 615
597 618
597 773
597 833
597 926
597 947
28 607
231 607
468 607
136 608
386 608
573 608
142 610
272 610
574 610
610 687
610 883
401 618
618 695
618 926
643 926
116 671
156 671
175 671
671 762
164 673
234 673
277 673
673 822
673 952
149 677
508 687
599 687
662 687
687 883
89 764
279 764
295 764
615 773
773 833
53 784
228 784
574 784
213 850
433 850
228 883
472 883
883 918
51 938
244 938
562 963
228 976
376 996
406 996
920 996
27 51
27 82
27 86
27 119
27 230
27 248
27 317
27 382
27 456
27 500
27 521
27 543
27 776
27 818
27 849
27 999
28 35
28 37
28 76
28 82
28 86
28 97
28 144
28 148
28 171
28 195
28 204
28 227
28 230
28 231
28 233
28 282
28 295
28 305
28 320
28 337
28 341
28 348
28 408
28 448
28 468
28 478
28 479
28 508
28 557
28 570
28 571
28 582
28 588
28 594
28 693
28 708
28 729
28 736
28 751
28 769
28 796
28 810
28 829
28 837
28 877
28 885
28 898
28 915
28 929
28 943
28 946
28 948
28 956
28 959
35 136
35 149
35 230
35 237
35 320
35 332
35 481
35 748
35 755
35 757
35 927
44 215
44 408
44 497
44 613
44 765
44 982
76 82
82 136
82 171
82 204
82 289
82 522
82 530
82 633
82 903
89 109
89 212
89 259
89 279
89 282
89 295
89 411
89 589
89 650
89 705
89 780
89 876
109 129
109 411
109 682
109 705
109 876
109 923
99 139
139 143
139 154
139 178
139 192
139 241
139 382
139 473
139 596
139 667
139 720
134 148
148 195
148 231
148 468
148 508
148 779
148 813
119 195
195 231
195 341
195 479
195 546
195 590
195 779
195 829
195 880
195 944
51 224
224 244
224 444
224 514
224 949
224 970
94 289
299 413
299 990
339 346
346 777
346 821
346 897
346 980
142 418
272 418
233 448
129 451
340 451
385 451
451 527
451 696
451 719
309 473
473 720
473 792
473 861
473 955
479 556
479 674
150 486
486 501
486 515
486 554
486 936
486 980
486 989
458 493
493 513
76 524
136 524
524 992
683 808
683 877
53 707
574 707
707 804
157 720
720 827
720 884
94 734
177 734
734 763
748 755
755 807
164 762
202 762
249 765
765 916
799 808
606 825
678 825
510 840
802 840
454 869
771 869
407 887
887 919
887 981
186 890
583 890
51 916
307 916
340 916
916 987
136 919
332 919
392 919
51 91
51 157
51 185
51 230
51 238
51 239
51 244
51 278
51 307
51 332
51 340
51 354
51 388
51 444
51 447
51 602
51 696
51 987
79 143
79 171
79 327
79 787
79 809
86 94
94 134
94 153
94 173
94 177
94 259
94 268
94 280
94 386
94 566
94 616
94 654
94 710
94 733
94 777
94 857
94 925
37 115
115 137
115 217
115 417
115 606
115 626
115 725
115 800
115 811
115 925
115 954
129 130
130 156
130 201
130 242
130 257
130 522
130 568
130 580
130 853
150 163
150 169
150 186
150 211
150 223
150 266
150 293
150 319
150 351
150 352
150 362
150 367
150 403
150 466
150 515
150 569
150 614
150 657
150 699
150 754
150 788
150 838
150 851
150 936
150 953
91 156
116 156
156 175
156 246
156 416
156 454
156 489
156 530
156 536
156 580
156 583
156 655
156 835
126 159
159 236
164 169
164 180
164 185
164 202
164 223
164 234
164 239
164 277
164 336
164 366
164 397
164 460
164 666
164 739
164 866
164 952
164 953
169 186
169 223
169 483
169 704
169 782
169 799
169 838
169 864
169 953
172 351
172 354
172 500
172 506
172 554
172 589
172 753
172 775
172 865
172 965
172 981
172 984
91 173
173 178
173 259
173 268
173 579
178 377
178 383
178 434
178 459
178 579
178 828
174 180
180 278
142 181
181 241
181 447
181 684
181 846
57 184
184 376
184 406
184 796
204 227
204 282
204 415
204 481
204 530
143 211
171 211
211 256
211 266
211 279
211 403
211 518
211 528
211 532
211 627
211 797
211 974
53 228
228 446
228 472
228 574
228 647
228 662
228 694
228 918
228 962
230 948
55 243
57 243
243 705
259 293
259 450
259 589
259 650
259 654
259 718
259 857
259 951
57 266
266 287
266 319
266 412
266 478
266 496
266 528
266 532
266 781
266 851
266 934
268 280
279 295
272 312
312 431
312 499
312 623
312 631
312 653
312 658
312 738
318 398
318 510
318 690
318 758
318 859
319 496
319 614
319 719
319 781
319 851
323 700
323 722
323 889
377 383
377 476
377 487
377 579
377 602
377 960
154 382
241 382
382 531
382 895
383 487
383 783
37 398
174 398
99 415
143 415
285 415
415 481
415 641
415 788
415 920
348 416
362 416
416 540
416 695
362 434
370 434
434 459
434 828
434 891
391 443
443 528
443 791
121 459
132 459
459 492
459 828
231 468
468 508
468 769
371 487
487 504
487 514
487 617
487 736
487 756
487 805
487 868
487 873
91 489
246 489
489 864
489 978
496 585
496 606
496 678
496 781
304 499
499 527
499 623
499 659
499 711
499 899
317 500
500 965
406 501
501 989
174 510
510 758
510 802
515 554
515 842
515 936
528 532
119 529
329 531
531 830
531 895
99 596
596 667
596 722
596 738
596 897
257 614
614 719
614 798
472 615
615 917
149 631
404 631
401 695
340 719
385 719
250 733
733 826
733 925
838 864
225 891
234 891
552 891
747 895
277 899
417 925
309 947
223 953
351 953
55 57
55 253
55 645
55 648
55 666
55 748
55 754
55 964
57 246
57 253
57 287
57 303
57 446
57 604
57 705
57 796
57 964
126 165
126 202
126 236
126 474
126 518
193 217
193 253
193 280
193 639
193 663
193 893
194 213
194 430
194 461
194 701
194 708
194 768
194 921
194 977
116 212
175 212
212 697
212 908
37 217
137 217
217 258
217 280
217 317
217 422
217 438
217 639
217 674
201 298
298 460
298 821
298 974
225 303
303 604
303 826
317 367
317 438
317 543
317 622
317 776
317 818
317 998
362 367
367 370
367 622
367 657
367 663
367 711
367 756
367 852
367 922
250 410
410 664
410 839
410 913
494 713
494 832
494 901
300 585
639 674
556 674
705 923
527 711
659 711
37 86
37 113
37 137
37 174
37 258
37 285
37 304
37 366
37 422
37 532
37 550
37 581
37 725
37 822
37 954
91 116
91 157
91 246
91 407
91 454
91 480
91 550
91 680
91 801
91 846
91 903
91 978
116 175
116 291
116 405
116 454
116 504
116 530
116 536
116 550
116 567
116 686
116 730
116 810
116 818
116 835
116 905
129 201
129 340
129 385
129 527
129 568
129 613
129 680
129 682
129 712
129 761
129 930
129 943
215 502
174 328
261 328
328 485
328 520
328 628
328 968
277 407
144 408
408 525
408 598
408 746
408 759
408 810
408 943
233 502
267 502
444 502
502 578
113 550
550 609
550 686
550 746
550 783
282 682
686 746
686 810
525 746
746 759
753 981
701 809
809 857
53 125
53 446
53 574
53 591
53 594
53 804
53 915
86 97
86 134
86 456
86 566
86 588
86 710
86 729
86 922
86 993
97 219
97 286
97 291
97 310
97 360
97 379
97 388
97 404
97 419
97 429
97 483
97 511
97 582
97 588
97 603
97 621
97 893
97 993
113 132
113 359
113 540
113 563
113 609
113 727
113 783
113 961
113 962
125 154
125 174
125 177
125 250
125 261
125 305
125 313
125 329
125 564
125 646
125 744
125 776
219 257
219 360
219 851
202 237
237 249
237 481
237 571
237 634
237 713
237 914
249 516
249 573
249 730
201 257
257 798
234 277
277 309
277 822
286 291
291 310
291 405
291 547
309 442
309 881
141 339
339 387
339 466
339 542
339 567
339 584
339 777
339 882
348 362
348 830
348 877
348 915
225 423
234 423
423 552
516 573
516 621
362 540
540 727
540 962
121 542
242 542
281 542
542 668
542 747
542 968
458 547
513 547
547 592
547 771
547 870
547 896
163 564
564 635
564 739
564 1000
258 635
132 668
668 732
668 968
144 727
366 732
556 732
647 732
732 956
739 866
253 748
557 751
508 769
769 871
566 777
777 821
798 820
258 807
530 861
536 861
655 861
861 955
877 880
897 980
371 955
617 955
955 993
476 960
602 960
153 177
153 371
153 616
153 849
153 961
163 293
163 471
163 472
163 569
163 855
163 1000
293 362
293 450
293 490
293 754
293 788
293 855
238 327
239 327
307 327
327 469
327 886
142 337
337 548
337 594
362 370
362 376
362 490
362 657
362 754
362 922
370 663
370 756
370 852
370 922
403 471
403 797
403 871
213 461
461 588
461 651
461 768
458 469
469 863
490 598
543 776
543 998
310 591
165 651
562 651
280 663
663 756
310 837
521 837
154 855
548 855
667 855
141 863
539 863
685 863
923 948
119 256
119 356
119 359
119 401
119 526
119 690
119 704
119 717
119 723
119 724
119 729
119 741
119 787
119 880
119 944
99 143
143 154
143 171
143 241
143 256
143 285
143 480
143 518
143 641
143 787
143 974
144 233
144 267
144 427
144 598
144 694
144 786
144 853
144 862
144 943
165 202
165 401
165 474
165 562
165 653
165 659
174 261
174 278
174 520
174 744
174 776
174 822
174 831
174 865
174 908
157 236
236 474
236 518
236 794
231 341
341 693
341 829
360 379
360 404
360 429
360 697
141 387
387 567
387 984
136 392
149 392
332 392
392 616
286 429
429 539
429 553
429 721
429 918
157 474
474 562
480 801
458 513
513 766
513 771
513 896
256 518
518 974
530 536
536 655
536 676
536 818
536 835
604 752
653 738
574 694
694 862
694 954
137 737
286 752
539 752
752 774
234 822
822 908
154 862
225 862
862 921
175 908
697 908
99 966
664 966
951 966
76 136
76 295
76 352
76 379
76 622
76 655
76 936
76 946
76 959
76 992
99 140
99 154
99 192
99 285
99 433
99 603
99 664
99 667
99 722
99 813
99 901
99 951
137 258
137 366
137 373
137 462
137 511
137 606
140 712
154 177
154 192
154 225
154 241
154 250
154 305
154 455
154 548
154 603
154 667
154 728
154 921
225 234
225 391
225 417
225 456
225 485
225 548
225 552
225 600
225 728
225 826
225 831
225 921
142 235
235 248
235 633
235 868
121 242
242 281
242 747
242 853
248 868
248 999
250 305
250 313
250 329
250 455
250 523
250 826
250 928
142 272
272 431
272 555
272 574
272 944
280 386
223 438
336 438
223 483
483 621
142 548
548 667
548 728
234 552
552 792
580 641
573 621
379 622
701 857
566 710
617 785
792 806
792 856
806 856
806 946
806 964
654 857
857 951
514 868
736 868
832 901
880 944
295 946
136 149
136 192
136 332
136 352
136 386
136 440
136 573
136 675
136 927
141 310
141 523
141 539
141 541
141 685
141 888
149 320
149 332
149 386
149 404
149 573
149 616
149 634
186 223
186 351
186 352
186 450
186 505
186 583
186 704
186 782
186 799
192 440
192 603
233 267
233 300
233 427
233 444
233 557
233 578
233 665
233 778
233 853
238 239
238 244
238 307
238 886
256 359
256 627
256 704
256 717
256 882
278 388
278 831
278 865
305 329
305 455
305 478
305 523
320 385
359 563
359 704
359 882
386 573
401 505
401 526
391 417
213 433
433 957
433 973
481 788
481 920
376 526
402 526
391 546
546 578
546 590
546 782
546 873
267 578
578 782
722 738
231 779
779 927
704 782
782 799
246 509
509 638
509 691
509 824
539 541
541 685
541 888
351 699
352 699
241 983
759 983
185 234
185 239
185 332
185 447
185 666
185 696
185 935
239 307
239 340
239 354
239 460
239 666
239 935
287 412
287 413
287 665
287 827
267 300
300 373
300 735
300 778
354 364
354 422
354 506
354 554
354 577
376 402
402 454
402 626
402 725
402 771
454 530
454 771
454 812
504 514
504 553
504 567
553 721
366 556
397 556
556 647
568 613
568 761
568 842
557 665
665 794
157 794
812 985
121 132
132 437
132 442
132 492
588 676
588 768
588 993
676 768
676 884
690 741
690 867
690 945
700 718
700 889
827 884
364 889
371 961
244 514
437 442
442 881
388 569
366 985
854 985
201 340
201 385
201 460
201 680
201 685
261 485
261 744
310 511
310 521
310 523
440 675
521 849
286 539
539 685
539 774
539 918
645 648
645 650
645 666
648 650
648 742
650 742
657 742
458 763
754 788
788 920
795 885
506 984
134 304
134 813
134 828
134 906
134 922
285 304
304 497
304 532
304 581
304 669
364 422
364 577
142 506
506 554
340 527
527 659
527 696
231 577
175 697
450 718
175 965
824 965
965 995
626 998
121 281
121 462
121 843
157 602
157 680
157 846
160 627
175 824
175 874
246 446
246 508
246 563
246 691
246 824
246 903
246 978
281 747
450 583
583 656
691 934
766 816
412 413
412 478
412 533
412 590
412 717
412 839
413 533
413 717
413 804
413 827
413 888
413 917
478 934
411 533
533 590
533 717
590 839
590 873
664 813
664 839
664 951
827 888
827 894
839 913
839 952
888 894
888 917
894 900
472 917
654 951
391 600
391 791
373 405
405 900
431 658
458 592
567 584
567 882
231 881
813 828
213 227
213 768
213 770
213 834
213 957
213 973
333 476
476 602
476 684
476 973
508 563
508 599
508 662
747 928
756 852
171 522
171 557
171 633
171 736
171 780
171 787
171 885
356 661
661 724
661 744
340 712
712 943
776 818
530 818
818 905
371 849
805 999
227 282
227 834
295 780
511 582
582 832
582 977
693 708
430 708
708 921
729 989
514 736
736 756
736 780
736 800
736 805
736 885
599 929
948 956
366 956
647 956
253 959
142 430
142 437
142 447
142 574
142 688
142 723
142 819
285 497
497 613
497 669
497 761
497 781
613 761
613 842
267 427
267 435
267 444
267 778
267 834
435 834
376 406
376 728
376 920
574 954
606 626
626 725
626 811
592 816
202 713
202 914
366 373
366 397
366 647
366 854
366 992
329 830
949 970
356 723
356 724
450 656
332 447
332 616
307 340
307 987
609 783
258 422
285 532
285 641
285 669
285 781
725 800
725 954
234 485
234 831
234 952
286 774
286 918
472 918
352 566
379 566
566 914
579 600
600 987
666 935
352 1000
914 1000
530 655
530 905
563 662
599 662
662 945
371 617
371 856
371 993
514 949
617 993
223 351
351 352
351 589
351 865
373 511
373 623
373 735
373 741
373 854
373 870
511 623
511 832
589 865
606 678
606 975
623 741
741 867
741 945
177 811
646 811
811 843
599 854
854 870
771 870
728 867
867 945
427 444
835 876
177 455
177 520
177 646
329 646
419 646
646 843
485 831
831 865
462 843
352 914
485 968
455 520
520 628
340 385
340 696
447 688
447 723
430 921
430 977
723 724
724 787
253 893
522 957
771 896
584 882
584 905
688 723
688 819
688 978
411 876
800 892
223 336
555 913
828 906
406 906
832 977
913 952
756 805
805 873
563 599
599 945
419 893
352 379
379 404
723 787
563 945
385 680
680 846
241 846
654 658
427 853
329 419
419 603
241 684
241 759
554 842
427 778
756 800
824 995
704 717
704 882
329 523
329 928
824 874
406 920
523 819
523 928
684 759
684 973
669 781
957 973
756 873
