1 2
1 3
1 4
1 5
1 6
1 7
1 8
1 9
1 11
1 16
1 17
1 18
1 20
1 21
1 22
1 24
1 25
1 27
1 30
1 31
1 32
1 33
1 35
1 39
1 42
1 43
1 45
1 47
1 48
1 53
1 54
1 60
1 61
1 62
1 64
1 69
1 75
1 81
1 84
1 91
1 93
1 95
1 107
1 110
1 114
1 116
1 117
1 123
1 133
1 138
1 141
1 144
1 145
1 169
1 172
1 174
1 176
1 178
1 188
1 190
1 194
1 201
1 206
1 214
1 217
1 218
1 233
1 238
1 270
1 275
1 288
1 290
1 296
1 298
1 304
1 311
1 321
1 324
1 330
1 336
1 339
1 352
1 359
1 363
1 372
1 392
1 416
1 423
1 436
1 445
1 462
1 475
1 483
1 498
1 523
1 560
1 579
1 591
1 592
1 640
1 650
1 653
1 665
1 676
1 679
1 680
1 683
1 685
1 716
1 717
1 719
1 739
1 746
1 760
1 763
1 764
1 771
1 776
1 783
1 798
1 809
1 810
1 825
1 827
1 836
1 856
1 875
1 877
1 878
1 884
1 890
1 915
1 944
1 957
1 966
1 973
2 3
2 4
2 5
2 6
2 7
2 8
2 12
2 13
2 15
2 16
2 19
2 22
2 23
2 24
2 25
2 28
2 38
2 40
2 41
2 45
2 48
2 50
2 51
2 52
2 53
2 55
2 56
2 62
2 65
2 68
2 70
2 83
2 91
2 105
2 116
2 124
2 125
2 153
2 162
2 165
2 176
2 178
2 179
2 184
2 191
2 209
2 213
2 217
2 238
2 248
2 250
2 258
2 274
2 276
2 286
2 294
2 296
2 301
2 305
2 307
2 319
2 323
2 329
2 341
2 349
2 359
2 376
2 387
2 390
2 400
2 407
2 415
2 418
2 425
2 431
2 459
2 482
2 488
2 498
2 527
2 533
2 537
2 548
2 563
2 589
2 590
2 613
2 637
2 652
2 659
2 664
2 688
2 702
2 713
2 720
2 722
2 745
2 774
2 775
2 779
2 804
2 810
2 831
2 837
2 845
2 850
2 897
2 908
2 914
2 923
2 933
2 948
2 956
2 974
2 991
3 4
3 6
3 9
3 12
3 14
3 16
3 17
3 27
3 28
3 29
3 31
3 43
3 45
3 46
3 58
3 63
3 65
3 68
3 72
3 74
3 78
3 81
3 83
3 86
3 115
3 117
3 123
3 127
3 132
3 136
3 141
3 142
3 160
3 164
3 165
3 179
3 181
3 185
3 191
3 202
3 275
3 313
3 317
3 318
3 353
3 354
3 357
3 386
3 441
3 444
3 453
3 459
3 477
3 478
3 485
3 497
3 505
3 524
3 530
3 535
3 541
3 558
3 573
3 593
3 598
3 614
3 618
3 620
3 628
3 633
3 650
3 708
3 741
3 757
3 771
3 812
3 903
3 956
3 985
4 5
4 6
4 7
4 8
4 9
4 10
4 11
4 12
4 14
4 15
4 18
4 19
4 21
4 26
4 28
4 32
4 34
4 41
4 43
4 47
4 52
4 55
4 58
4 65
4 70
4 75
4 76
4 85
4 95
4 107
4 119
4 124
4 136
4 141
4 143
4 144
4 151
4 153
4 168
4 171
4 176
4 196
4 200
4 204
4 215
4 226
4 228
4 239
4 241
4 243
4 245
4 248
4 250
4 256
4 257
4 264
4 277
4 297
4 301
4 302
4 306
4 310
4 324
4 335
4 336
4 346
4 361
4 383
4 405
4 418
4 430
4 439
4 482
4 517
4 523
4 526
4 538
4 549
4 557
4 570
4 580
4 615
4 625
4 628
4 633
4 634
4 646
4 671
4 701
4 704
4 711
4 714
4 721
4 730
4 737
4 743
4 761
4 766
4 777
4 834
4 851
4 892
4 924
4 947
4 973
4 985
5 6
5 7
5 9
5 10
5 14
5 16
5 20
5 21
5 25
5 32
5 41
5 47
5 50
5 60
5 70
5 89
5 90
5 91
5 99
5 100
5 108
5 113
5 122
5 124
5 138
5 145
5 147
5 163
5 178
5 183
5 189
5 211
5 246
5 267
5 272
5 281
5 283
5 297
5 298
5 309
5 337
5 345
5 348
5 360
5 368
5 374
5 379
5 393
5 395
5 396
5 404
5 430
5 434
5 438
5 445
5 457
5 470
5 487
5 524
5 531
5 537
5 548
5 587
5 591
5 592
5 603
5 648
5 654
5 676
5 749
5 806
5 814
5 848
5 851
5 873
5 890
5 912
5 922
5 980
5 989
5 997
6 8
6 9
6 10
6 13
6 14
6 15
6 17
6 18
6 22
6 26
6 30
6 31
6 34
6 35
6 41
6 46
6 50
6 55
6 57
6 63
6 76
6 81
6 86
6 87
6 90
6 101
6 105
6 109
6 110
6 118
6 128
6 131
6 132
6 136
6 138
6 140
6 141
6 143
6 144
6 147
6 150
6 154
6 174
6 177
6 183
6 188
6 193
6 197
6 203
6 207
6 220
6 228
6 230
6 232
6 241
6 247
6 249
6 252
6 261
6 282
6 292
6 302
6 312
6 325
6 348
6 350
6 351
6 357
6 383
6 416
6 417
6 426
6 448
6 470
6 477
6 479
6 486
6 503
6 515
6 549
6 551
6 560
6 578
6 588
6 596
6 599
6 604
6 607
6 621
6 624
6 632
6 648
6 684
6 727
6 736
6 737
6 744
6 784
6 803
6 807
6 851
6 883
6 888
6 904
6 909
6 919
6 936
6 976
6 980
6 981
7 8
7 10
7 11
7 12
7 19
7 22
7 23
7 25
7 26
7 33
7 47
7 53
7 57
7 60
7 87
7 91
7 93
7 139
7 150
7 168
7 211
7 223
7 226
7 255
7 262
7 323
7 327
7 335
7 374
7 387
7 406
7 430
7 465
7 499
7 559
7 646
7 653
7 655
7 695
7 703
7 721
7 725
7 733
7 755
7 838
7 848
7 855
7 860
7 861
7 913
7 918
7 921
8 10
8 11
8 12
8 13
8 19
8 24
8 28
8 30
8 33
8 34
8 38
8 39
8 41
8 42
8 44
8 46
8 49
8 51
8 53
8 57
8 61
8 63
8 64
8 67
8 70
8 71
8 73
8 75
8 80
8 86
8 87
8 88
8 92
8 97
8 100
8 101
8 104
8 112
8 115
8 121
8 130
8 148
8 149
8 151
8 161
8 162
8 168
8 186
8 194
8 197
8 209
8 228
8 244
8 245
8 255
8 260
8 262
8 269
8 270
8 273
8 280
8 286
8 288
8 305
8 316
8 323
8 327
8 328
8 338
8 349
8 364
8 365
8 366
8 377
8 389
8 415
8 466
8 469
8 485
8 493
8 503
8 520
8 545
8 550
8 561
8 568
8 574
8 583
8 623
8 630
8 632
8 637
8 642
8 655
8 659
8 668
8 674
8 675
8 696
8 714
8 736
8 737
8 752
8 762
8 765
8 769
8 781
8 786
8 789
8 791
8 818
8 832
8 846
8 850
8 853
8 855
8 857
8 887
8 889
8 894
8 906
8 941
8 960
8 964
8 985
9 10
9 14
9 17
9 20
9 21
9 23
9 26
9 29
9 37
9 65
9 66
9 68
9 77
9 81
9 83
9 90
9 98
9 106
9 111
9 115
9 119
9 122
9 123
9 125
9 127
9 131
9 135
9 150
9 170
9 185
9 189
9 196
9 208
9 214
9 218
9 233
9 247
9 254
9 281
9 296
9 297
9 315
9 322
9 324
9 328
9 345
9 347
9 356
9 361
9 367
9 375
9 378
9 380
9 395
9 398
9 401
9 410
9 426
9 444
9 454
9 457
9 475
9 476
9 483
9 484
9 496
9 541
9 569
9 571
9 635
9 639
9 657
9 667
9 671
9 674
9 702
9 733
9 735
9 763
9 775
9 829
9 841
9 847
9 858
9 871
9 885
9 938
9 940
9 952
9 954
9 962
9 996
10 11
11 12
11 13
11 18
11 19
11 20
11 37
11 42
11 44
11 48
11 52
11 59
11 64
11 69
11 84
11 89
11 93
11 97
11 104
11 118
11 120
11 139
11 140
11 142
11 148
11 166
11 168
11 169
11 173
11 175
11 188
11 193
11 226
11 229
11 291
11 327
11 338
11 358
11 380
11 427
11 429
11 431
11 451
11 455
11 465
11 494
11 526
11 533
11 543
11 561
11 565
11 594
11 625
11 652
11 663
11 684
11 699
11 767
11 794
11 806
11 848
11 860
11 886
11 894
11 907
11 939
11 955
11 960
12 16
16 24
16 52
16 83
16 164
16 178
16 191
16 238
16 298
16 329
16 336
16 339
16 353
16 359
16 411
16 432
16 487
16 516
16 548
16 553
16 580
16 618
16 646
16 650
16 685
16 712
16 836
16 857
16 895
16 967
14 17
17 18
17 22
17 25
17 26
17 27
17 29
17 35
17 39
17 43
17 54
17 63
17 72
17 73
17 82
17 98
17 108
17 109
17 117
17 122
17 126
17 127
17 134
17 177
17 203
17 222
17 254
17 259
17 292
17 296
17 364
17 404
17 448
17 459
17 464
17 478
17 486
17 494
17 496
17 522
17 524
17 551
17 569
17 601
17 645
17 679
17 680
17 685
17 688
17 724
17 782
17 812
17 872
17 880
17 883
17 918
17 929
17 933
14 18
18 19
18 30
18 39
18 40
18 48
18 84
18 85
18 109
18 124
18 136
18 139
18 144
18 175
18 207
18 222
18 252
18 313
18 337
18 358
18 397
18 540
18 557
18 588
18 730
18 778
18 795
18 801
18 803
18 812
18 813
18 927
10 20
13 20
20 32
20 37
20 42
20 59
20 62
20 69
20 70
20 75
20 77
20 79
20 80
20 94
20 112
20 199
20 219
20 234
20 317
20 395
20 396
20 398
20 473
20 483
20 488
20 496
20 515
20 534
20 548
20 582
20 586
20 647
20 652
20 752
20 865
14 21
21 47
21 55
21 66
21 89
21 90
21 96
21 99
21 103
21 106
21 111
21 119
21 125
21 134
21 137
21 138
21 181
21 183
21 189
21 196
21 216
21 246
21 249
21 264
21 267
21 269
21 272
21 275
21 303
21 309
21 319
21 351
21 365
21 375
21 386
21 389
21 397
21 399
21 420
21 447
21 462
21 493
21 531
21 536
21 544
21 576
21 579
21 586
21 602
21 603
21 620
21 657
21 740
21 770
21 793
21 891
21 899
21 916
19 22
22 23
22 25
22 27
22 45
22 94
22 114
22 135
22 153
22 174
22 244
22 273
22 287
22 290
22 308
22 322
22 335
22 362
22 387
22 408
22 433
22 460
22 466
22 486
22 516
22 532
22 572
22 591
22 598
22 599
22 653
22 658
22 719
22 725
22 782
22 875
22 886
22 936
22 986
13 24
24 28
24 52
24 65
24 67
24 68
24 74
24 82
24 116
24 157
24 208
24 238
24 241
24 258
24 260
24 311
24 320
24 323
24 326
24 327
24 389
24 405
24 425
24 429
24 432
24 449
24 458
24 492
24 537
24 568
24 613
24 655
24 685
24 692
24 712
24 837
24 866
24 875
24 971
25 27
25 53
25 54
25 60
25 72
25 100
25 123
25 124
25 127
25 129
25 135
25 184
25 210
25 211
25 215
25 244
25 250
25 252
25 268
25 273
25 284
25 318
25 334
25 370
25 371
25 437
25 452
25 460
25 488
25 495
25 514
25 665
25 680
25 681
25 694
25 722
25 782
25 822
25 915
25 918
25 950
25 972
14 27
27 29
27 31
27 35
27 36
27 73
27 74
27 98
27 113
27 123
27 129
27 132
27 135
27 142
27 169
27 215
27 229
27 239
27 272
27 282
27 300
27 305
27 308
27 318
27 322
27 333
27 341
27 373
27 418
27 477
27 510
27 556
27 573
27 599
27 629
27 640
27 653
27 713
27 726
27 747
27 794
27 809
27 819
27 875
27 877
27 897
27 909
27 972
27 998
14 30
30 31
30 33
30 40
30 49
30 57
30 73
30 76
30 87
30 90
30 101
30 114
30 130
30 144
30 149
30 158
30 187
30 228
30 315
30 321
30 339
30 357
30 358
30 394
30 402
30 403
30 475
30 515
30 518
30 556
30 623
30 648
30 686
30 801
30 846
30 878
30 976
29 31
31 35
31 46
31 67
31 76
31 88
31 98
31 102
31 105
31 132
31 133
31 138
31 152
31 156
31 201
31 205
31 225
31 260
31 300
31 317
31 330
31 339
31 376
31 388
31 402
31 403
31 409
31 445
31 544
31 556
31 558
31 599
31 709
31 753
31 802
31 819
31 824
31 982
10 32
26 32
32 42
32 54
32 70
32 107
32 149
32 155
32 157
32 180
32 190
32 199
32 219
32 226
32 257
32 285
32 314
32 317
32 337
32 410
32 439
32 445
32 500
32 504
32 520
32 534
32 546
32 582
32 669
32 690
32 711
32 751
32 966
19 33
33 39
33 49
33 64
33 79
33 92
33 103
33 114
33 161
33 182
33 245
33 255
33 273
33 283
33 443
33 499
33 596
33 829
33 833
33 865
33 953
29 35
35 36
35 81
35 82
35 105
35 134
35 154
35 197
35 246
35 247
35 261
35 298
35 364
35 394
35 491
35 528
35 529
35 534
35 578
35 713
35 904
35 952
14 39
39 64
39 79
39 92
39 103
39 117
39 155
39 167
39 182
39 186
39 222
39 227
39 288
39 463
39 480
39 503
39 597
39 610
39 668
39 687
39 736
39 739
39 795
39 972
39 995
13 42
42 62
42 110
42 168
42 219
42 229
42 270
42 473
42 574
42 966
29 43
43 45
43 72
43 95
43 122
43 172
43 176
43 179
43 202
43 336
43 485
43 500
43 542
43 715
43 840
43 852
43 920
43 956
43 964
43 984
19 45
45 94
45 105
45 114
45 125
45 153
45 172
45 214
45 287
45 419
45 598
45 695
45 799
45 998
47 55
47 60
47 69
47 76
47 103
47 183
47 216
47 278
47 284
47 309
47 319
47 360
47 374
47 393
47 446
47 447
47 497
47 553
47 562
47 566
47 577
47 611
47 632
47 638
47 666
47 884
47 902
47 912
47 941
47 948
19 48
38 48
48 51
48 62
48 84
48 85
48 175
48 209
48 213
48 222
48 240
48 271
48 286
48 332
48 369
48 376
48 390
48 435
48 437
48 441
48 442
48 453
48 482
48 489
48 513
48 522
48 525
48 564
48 661
48 798
48 811
48 842
48 907
48 943
53 61
53 91
53 250
53 276
53 359
53 415
53 423
53 469
53 688
53 713
53 775
53 914
10 54
26 54
54 56
54 61
54 66
54 72
54 95
54 96
54 106
54 120
54 149
54 155
54 186
54 205
54 210
54 235
54 254
54 257
54 258
54 299
54 310
54 312
54 370
54 388
54 422
54 425
54 451
54 484
54 495
54 541
54 631
54 664
54 680
54 685
54 706
54 821
54 825
54 832
54 854
54 902
54 934
60 69
60 91
60 100
60 108
60 145
60 206
60 211
60 278
60 281
60 309
60 371
60 437
60 446
60 452
60 521
60 577
60 588
60 666
60 695
60 703
60 755
60 758
60 983
26 61
56 61
61 95
61 96
61 152
61 186
61 205
61 231
61 265
61 289
61 332
61 334
61 355
61 373
61 382
61 391
61 521
61 550
61 582
61 589
61 603
61 606
61 700
61 716
61 753
61 962
51 62
62 75
62 93
62 94
62 110
62 133
62 194
62 286
62 293
62 382
62 390
62 773
62 810
62 865
62 910
62 914
62 943
62 970
44 64
64 79
64 117
64 148
64 155
64 167
64 338
64 380
64 463
64 561
64 677
64 687
64 728
64 906
59 69
69 84
69 89
69 131
69 177
69 198
69 206
69 278
69 347
69 521
69 532
69 538
69 554
69 585
69 821
69 836
41 75
75 85
75 93
75 94
75 121
75 145
75 264
75 293
75 382
75 514
75 545
75 552
75 600
75 619
81 185
81 197
81 233
81 246
81 275
81 383
81 436
81 478
81 650
81 692
81 739
81 893
59 84
84 85
84 89
84 109
84 118
84 131
84 163
84 166
84 174
84 177
84 240
84 266
84 329
84 510
84 512
84 513
84 532
84 590
84 640
84 786
84 798
91 145
91 178
91 248
91 341
91 359
91 392
91 438
91 511
91 688
91 695
91 760
91 838
91 850
91 879
91 999
12 93
93 139
93 145
93 190
93 223
93 262
93 293
93 304
93 314
93 327
93 330
93 385
93 429
93 464
93 465
93 474
93 545
93 571
93 619
93 631
93 748
93 784
93 811
93 869
93 874
93 896
56 95
95 96
95 107
95 152
95 336
95 363
95 381
95 391
95 500
95 808
95 858
95 895
95 917
95 934
26 107
107 141
107 180
107 215
107 226
107 285
107 363
107 381
107 416
107 438
107 490
107 508
107 644
107 751
107 783
107 808
107 895
14 110
90 110
110 133
110 147
110 182
110 225
110 233
110 270
110 274
110 331
110 363
110 379
110 414
110 433
110 619
110 636
94 114
114 321
114 408
114 419
114 598
10 116
23 116
59 116
116 195
116 220
116 311
116 424
116 442
116 452
116 467
116 519
116 602
116 660
63 117
117 167
117 227
117 242
117 251
117 311
117 459
115 123
123 127
123 129
123 169
123 181
123 229
123 282
123 322
123 328
123 331
123 333
123 344
123 362
123 386
123 400
123 441
123 450
123 523
123 573
123 612
123 663
123 665
123 808
67 133
88 133
133 194
133 218
133 233
133 849
133 987
105 138
138 152
138 267
138 300
138 376
138 461
138 531
138 579
138 591
138 600
138 679
138 694
138 899
138 922
138 963
138 981
138 984
63 141
141 144
141 207
141 243
141 335
141 367
141 416
141 490
141 584
141 672
141 890
144 243
144 250
144 367
144 584
144 588
144 607
144 976
145 190
145 281
145 314
145 438
145 535
145 564
59 169
166 169
169 175
169 427
169 473
169 523
169 594
169 640
169 663
169 847
169 863
10 172
66 172
137 172
172 176
172 201
172 206
172 214
172 242
172 490
172 695
59 174
166 174
174 188
174 217
174 290
174 295
174 366
174 372
174 433
174 684
174 936
174 977
15 176
176 201
176 764
176 947
178 248
178 392
178 511
178 537
178 548
178 567
178 774
178 804
178 999
97 188
104 188
188 217
188 366
188 369
188 427
188 494
188 560
188 684
188 746
188 848
188 872
188 977
149 190
157 190
190 304
190 314
190 352
190 462
190 500
190 520
190 525
190 535
190 546
190 682
190 720
41 194
121 194
194 218
194 333
194 813
194 849
88 201
156 201
201 764
201 877
10 206
137 206
206 243
206 352
206 621
206 836
206 958
135 214
208 214
214 218
214 224
214 232
214 381
214 435
214 695
214 799
214 996
125 217
213 217
217 366
217 369
217 440
217 511
217 547
217 746
217 758
217 779
217 826
217 839
217 944
135 218
218 849
218 987
12 238
40 238
238 339
238 432
238 449
238 563
238 577
238 590
238 649
238 776
238 831
238 836
238 908
238 956
12 270
244 270
270 316
270 374
270 420
270 421
270 732
270 778
119 275
264 275
275 436
275 478
275 769
275 771
275 825
275 893
275 921
135 288
224 288
232 288
288 293
288 527
288 643
288 739
288 870
288 888
10 290
56 290
99 290
290 372
290 433
290 498
290 719
290 871
290 881
290 969
250 296
276 296
296 349
296 475
197 298
261 298
298 336
298 411
298 487
298 618
298 697
68 304
247 304
254 304
304 330
304 352
304 375
304 443
304 469
304 631
304 717
227 311
242 311
311 728
311 875
29 321
46 321
78 321
321 762
74 324
208 324
279 324
324 361
324 523
324 763
324 767
324 781
324 973
132 330
300 330
330 409
330 445
330 631
330 844
330 938
336 411
336 500
336 646
336 852
336 857
336 964
339 402
339 544
339 559
339 776
339 836
339 878
137 352
243 352
352 462
352 624
352 716
352 717
352 958
52 359
359 423
14 363
274 363
363 379
363 381
363 433
363 438
363 761
363 783
363 799
14 372
239 372
308 372
372 498
372 871
77 392
80 392
234 392
392 505
392 511
392 567
392 595
392 760
392 810
392 850
90 416
348 416
416 446
416 490
416 744
416 783
80 423
112 423
415 423
55 436
216 436
354 436
436 487
436 650
436 692
132 445
55 462
397 462
462 657
462 716
462 800
14 475
187 475
90 483
187 483
200 483
483 486
483 673
483 686
483 689
276 498
349 498
498 871
498 974
126 560
146 560
203 560
560 787
560 887
96 579
137 579
579 679
579 694
135 591
322 591
591 592
591 683
591 922
229 592
272 592
305 592
592 676
592 683
592 771
592 856
89 640
266 640
640 798
640 908
353 650
650 692
650 739
23 653
323 653
653 809
653 957
68 665
115 665
357 665
13 676
80 676
299 676
676 856
676 890
676 915
676 978
494 679
522 679
679 694
679 785
63 680
404 680
680 688
680 745
301 683
319 683
635 683
683 946
52 685
685 895
685 967
332 716
355 716
189 717
246 717
670 717
717 901
13 719
533 719
684 719
692 739
14 746
73 746
239 746
746 807
746 944
37 760
59 760
647 760
760 810
760 850
59 763
467 763
519 763
763 801
763 973
59 764
175 764
456 764
764 877
764 884
764 965
229 771
272 771
771 825
771 827
68 776
425 776
692 776
776 958
14 783
379 783
783 799
783 852
89 798
26 809
56 809
382 809
809 957
51 810
810 914
706 825
821 825
825 827
19 827
343 827
772 827
366 856
369 856
758 856
856 931
322 875
132 877
300 877
877 884
390 878
442 878
705 878
566 884
638 884
584 890
672 890
890 915
72 915
370 915
59 944
166 944
295 944
63 957
292 957
404 957
130 966
219 966
343 966
124 973
777 973
12 15
12 38
12 40
12 44
12 57
12 58
12 78
12 139
12 191
12 202
12 244
12 274
12 310
12 353
12 374
12 385
12 406
12 420
12 429
12 431
12 474
12 497
12 516
12 559
12 563
12 580
12 583
12 638
12 655
12 662
12 701
12 720
12 729
12 733
12 740
12 747
12 748
12 806
12 817
12 818
12 830
12 838
12 896
12 976
10 13
13 34
13 49
13 65
13 67
13 71
13 74
13 80
13 97
13 112
13 143
13 159
13 161
13 173
13 192
13 208
13 229
13 262
13 263
13 279
13 280
13 299
13 340
13 364
13 393
13 399
13 413
13 419
13 424
13 492
13 508
13 533
13 574
13 576
13 637
13 652
13 684
13 703
13 830
13 837
13 859
13 870
13 939
13 978
15 38
15 228
15 301
15 319
15 527
15 635
15 701
15 947
19 38
19 51
19 52
19 94
19 105
19 120
19 124
19 139
19 142
19 161
19 171
19 200
19 204
19 234
19 239
19 257
19 271
19 313
19 343
19 353
19 366
19 397
19 526
19 564
19 565
19 615
19 670
19 677
19 704
19 761
19 772
19 788
19 795
19 840
19 907
10 23
14 23
23 29
23 36
23 37
23 44
23 59
23 121
23 195
23 220
23 323
23 335
23 350
23 407
23 484
23 551
23 626
23 674
23 742
23 792
23 816
14 28
28 51
28 58
28 88
28 151
28 156
28 158
28 170
28 191
28 248
28 253
28 258
28 422
28 455
28 568
28 580
28 634
28 664
28 745
28 906
28 960
28 985
28 994
38 40
38 209
38 271
38 305
38 353
38 365
38 366
38 369
38 400
38 458
38 540
38 557
38 659
38 675
38 920
38 933
14 40
40 101
40 358
40 400
40 590
10 41
41 50
41 55
41 56
41 85
41 102
41 121
41 143
41 147
41 163
41 179
41 180
41 183
41 184
41 212
41 216
41 223
41 235
41 294
41 333
41 348
41 384
41 404
41 449
41 546
41 555
41 600
41 644
41 673
41 743
41 788
41 815
41 876
41 892
41 995
14 50
34 50
50 71
50 147
50 167
50 212
50 265
50 294
50 301
50 303
50 307
50 312
50 384
50 459
50 489
50 575
50 652
50 690
50 911
50 999
51 88
51 104
51 156
51 162
51 185
51 286
51 356
51 387
51 422
51 456
51 471
51 606
51 609
51 664
51 711
51 737
51 738
51 780
51 898
51 914
52 120
52 148
52 171
52 234
52 358
52 411
52 543
52 704
52 891
52 895
55 56
55 76
55 102
55 103
55 183
55 196
55 216
55 284
55 303
55 354
55 397
55 447
55 497
55 555
55 566
55 644
55 657
55 770
55 788
55 800
55 876
55 879
55 924
55 941
10 56
26 56
56 66
56 99
56 102
56 106
56 126
56 179
56 180
56 223
56 235
56 289
56 382
56 468
56 481
56 668
56 673
56 725
56 822
56 866
56 881
56 962
56 969
56 977
56 978
56 995
65 68
65 74
65 82
65 83
65 111
65 119
65 157
65 171
65 268
65 439
65 502
65 635
65 660
65 841
65 981
65 992
68 83
68 115
68 135
68 157
68 241
68 247
68 254
68 268
68 278
68 291
68 307
68 342
68 345
68 357
68 375
68 425
68 429
68 443
68 469
68 533
68 692
68 749
68 841
68 932
68 958
68 963
68 987
70 199
70 245
70 337
70 383
70 405
70 418
70 488
70 515
70 545
70 583
70 704
70 770
70 817
70 845
70 850
70 880
70 922
70 923
70 991
83 111
83 164
83 165
83 171
83 247
83 268
83 329
83 356
83 502
83 505
83 558
83 572
83 593
83 618
105 125
105 152
105 154
105 205
105 213
105 300
105 491
105 593
105 600
105 823
105 967
105 981
124 184
124 204
124 313
124 557
124 625
124 677
124 777
124 778
124 813
106 125
125 213
125 351
125 365
125 375
125 440
125 511
125 593
125 732
125 793
58 153
136 153
153 237
153 266
153 287
153 362
153 516
153 528
153 529
153 754
153 765
153 885
153 986
10 162
37 162
92 162
162 209
162 236
162 261
162 387
162 727
162 923
78 165
160 165
165 593
165 614
165 708
165 741
165 812
165 814
29 179
179 202
179 223
179 289
179 485
179 546
179 715
179 840
179 965
147 184
163 184
184 629
14 191
191 274
191 638
191 994
209 369
209 376
209 407
209 458
209 522
209 557
209 637
209 811
209 843
209 920
209 949
85 213
175 213
213 222
213 253
213 276
213 332
213 435
213 440
213 547
213 593
213 608
213 617
213 712
213 779
213 805
213 823
213 826
213 854
213 896
151 248
248 256
248 320
248 341
248 390
248 506
248 513
248 580
248 804
248 879
248 951
248 961
243 250
250 276
250 277
250 474
250 488
250 633
26 258
149 258
258 613
14 274
90 274
274 431
274 638
274 761
274 817
274 861
175 276
253 276
276 349
276 617
276 775
276 854
276 974
104 286
286 356
286 390
286 442
286 737
286 773
34 294
71 294
294 301
294 307
294 659
294 696
71 301
301 319
301 482
301 489
301 589
301 635
301 696
301 925
301 946
229 305
272 305
305 365
305 418
305 682
305 928
115 307
278 307
307 342
307 344
307 378
307 384
307 459
307 659
307 911
183 319
319 527
319 589
319 635
260 323
323 327
323 458
323 971
118 329
266 329
329 786
132 341
318 341
341 390
341 506
341 629
341 702
341 879
341 961
86 349
101 349
349 693
349 800
152 376
376 407
376 461
376 522
335 387
387 725
387 923
390 442
390 482
390 506
390 702
390 705
390 773
390 907
390 910
390 943
127 400
181 400
400 933
121 407
350 407
407 542
407 637
80 415
112 415
130 415
415 469
415 713
415 786
415 839
415 887
415 897
229 418
418 682
418 845
418 928
66 425
120 425
425 533
425 664
425 692
425 837
175 431
193 431
431 699
431 720
431 838
431 948
459 524
459 652
459 911
442 482
482 705
482 842
482 907
199 488
488 515
488 722
488 770
488 922
135 527
224 527
229 533
533 576
533 684
533 886
327 537
458 537
537 774
537 866
537 913
396 548
66 563
137 563
434 563
563 831
152 589
550 589
89 590
512 590
265 613
355 613
582 613
613 639
613 730
112 637
637 791
365 659
66 664
664 745
404 688
322 702
476 702
702 936
36 713
713 897
713 914
314 720
682 720
720 838
720 948
46 722
140 722
477 722
63 745
404 745
745 824
283 774
368 774
595 774
774 1000
77 775
444 775
37 779
77 779
700 779
779 826
10 804
279 804
501 804
804 859
26 831
299 831
631 831
831 908
229 837
576 837
14 845
37 845
792 845
850 991
14 897
308 897
89 908
266 908
908 956
383 923
405 923
448 933
645 933
447 948
638 948
72 956
104 974
550 974
552 974
395 991
434 991
749 991
10 14
14 34
14 36
14 37
14 58
14 66
14 71
14 73
14 74
14 77
14 86
14 89
14 90
14 96
14 101
14 113
14 134
14 167
14 187
14 192
14 200
14 204
14 211
14 221
14 239
14 256
14 308
14 355
14 377
14 379
14 395
14 401
14 402
14 479
14 517
14 568
14 587
14 619
14 620
14 622
14 626
14 648
14 675
14 691
14 723
14 740
14 748
14 750
14 761
14 777
14 791
14 792
14 795
14 807
14 816
14 852
14 867
14 869
14 885
14 900
14 905
14 938
14 959
14 972
14 979
14 992
14 994
10 29
29 36
29 44
29 46
29 67
29 78
29 82
29 88
29 98
29 102
29 122
29 156
29 195
29 196
29 202
29 210
29 251
29 260
29 313
29 354
29 444
29 484
29 534
29 542
29 569
29 573
29 701
29 723
29 731
29 917
29 931
29 940
29 952
34 46
46 63
46 67
46 78
46 86
46 118
46 140
46 160
46 231
46 271
46 317
46 477
46 558
46 569
46 614
46 701
46 762
58 78
58 136
58 151
58 158
58 170
58 237
58 253
58 266
58 277
58 287
58 310
58 455
58 549
58 583
58 707
34 63
63 207
63 249
63 292
63 351
63 404
63 417
63 736
63 824
63 904
63 980
72 127
72 210
72 254
72 268
72 312
72 334
72 370
72 478
72 601
72 706
72 990
74 82
74 86
74 113
74 142
74 192
74 208
74 230
74 279
74 326
74 399
78 160
78 202
78 313
78 614
78 762
78 931
86 101
86 118
86 128
86 132
86 146
86 271
86 325
86 361
86 604
86 614
86 620
86 693
86 727
86 888
71 115
100 115
115 135
115 208
115 269
115 278
115 322
115 357
115 367
115 378
115 386
115 428
115 471
115 493
115 530
115 610
115 666
115 935
127 181
127 370
127 478
127 494
127 541
128 132
132 146
132 198
132 236
132 300
132 318
132 325
132 479
132 535
132 616
132 629
132 755
132 844
132 864
132 882
132 938
109 136
136 237
136 252
136 337
136 350
136 396
136 467
136 707
120 142
142 451
142 477
142 565
142 795
142 840
10 160
44 160
121 160
160 224
160 741
160 814
66 164
126 164
137 164
164 199
164 259
164 505
164 518
164 698
89 181
119 181
181 264
181 536
181 734
88 185
104 185
185 471
185 606
185 609
185 759
185 943
202 715
202 984
313 354
313 813
313 931
199 317
317 439
210 318
268 318
318 514
318 535
271 353
353 497
353 516
353 540
353 553
353 554
353 598
353 729
353 757
353 910
102 354
216 354
354 444
354 487
57 357
357 549
90 386
111 386
386 420
386 441
386 453
386 530
386 633
386 808
222 441
437 441
441 453
441 489
441 525
441 808
77 444
170 444
444 573
444 766
222 453
453 489
140 477
477 624
477 803
478 494
478 522
478 601
478 893
88 485
151 485
485 750
485 840
76 497
497 562
497 598
497 632
497 729
497 889
77 505
80 505
505 558
505 628
505 731
99 524
379 524
134 530
507 530
509 530
530 633
530 647
314 535
535 564
535 833
210 541
388 541
67 558
558 628
558 731
333 573
573 663
573 669
593 618
593 708
593 823
593 903
598 757
598 910
598 986
271 614
487 618
96 620
249 620
26 628
302 628
628 731
277 633
267 708
272 708
360 708
708 812
708 864
708 903
57 741
73 741
623 741
741 814
220 757
565 757
672 757
757 910
757 986
222 812
193 903
456 903
507 903
960 985
10 26
10 36
10 37
10 44
10 49
10 59
10 66
10 77
10 79
10 92
10 97
10 99
10 121
10 126
10 128
10 129
10 137
10 140
10 146
10 150
10 196
10 197
10 203
10 211
10 227
10 240
10 243
10 279
10 283
10 297
10 310
10 347
10 350
10 355
10 377
10 403
10 408
10 412
10 422
10 424
10 457
10 461
10 463
10 481
10 501
10 519
10 604
10 609
10 617
10 621
10 626
10 630
10 643
10 654
10 658
10 675
10 678
10 711
10 727
10 744
10 769
10 876
10 892
10 911
10 946
10 978
10 979
26 98
26 99
26 108
26 126
26 131
26 149
26 150
26 157
26 159
26 177
26 180
26 205
26 215
26 279
26 292
26 299
26 302
26 340
26 371
26 378
26 382
26 398
26 403
26 410
26 430
26 448
26 480
26 504
26 508
26 567
26 581
26 603
26 604
26 605
26 631
26 639
26 641
26 644
26 657
26 658
26 662
26 678
26 693
26 721
26 738
26 768
26 793
26 829
26 862
26 868
26 874
26 930
26 935
26 937
26 962
26 989
26 993
26 1000
34 71
34 80
34 140
34 143
34 231
34 299
34 312
34 393
34 512
34 636
34 690
34 737
34 843
34 863
34 909
34 934
76 87
76 158
76 230
76 232
76 556
76 562
76 656
76 889
76 924
85 109
85 143
85 175
85 207
85 240
85 264
85 435
85 514
85 712
85 714
85 896
89 119
99 119
119 187
119 264
119 297
119 412
119 439
119 734
119 769
119 921
143 393
143 512
143 622
143 743
143 830
88 151
151 158
151 256
151 277
151 306
151 320
151 513
151 661
151 750
151 834
151 906
168 226
168 291
168 646
168 751
168 883
168 894
111 171
171 200
171 234
171 343
171 391
171 502
171 642
171 660
171 947
196 347
196 770
90 200
187 200
200 204
200 257
200 395
200 401
200 486
200 536
200 568
200 601
200 686
200 867
187 204
204 239
204 395
204 517
204 536
204 587
204 677
204 691
204 777
204 791
129 215
215 302
215 340
215 346
215 428
215 480
215 526
215 641
215 681
215 726
215 822
215 950
215 998
226 285
226 291
226 751
149 228
228 241
228 766
73 239
239 308
239 517
239 556
239 761
157 241
241 429
241 766
137 243
243 277
243 335
243 367
243 474
243 570
243 621
243 624
243 634
243 958
103 245
182 245
245 383
245 538
245 545
245 756
245 797
66 256
96 256
256 267
256 320
256 385
256 834
256 860
155 257
257 615
257 670
264 514
264 536
264 552
264 714
264 734
264 769
277 306
277 474
277 549
277 570
277 661
283 297
131 302
302 340
302 346
302 428
302 430
302 448
302 581
302 596
302 693
302 785
302 796
302 874
89 306
99 306
187 306
306 346
306 499
306 547
306 661
66 310
310 370
310 422
310 583
310 832
310 976
99 346
187 346
346 428
346 499
346 526
346 594
128 361
146 361
361 409
361 671
197 383
383 405
383 538
383 756
383 797
67 405
320 405
405 502
405 704
340 430
430 567
430 581
430 738
430 785
430 796
430 882
199 439
113 517
479 517
517 622
517 869
139 526
526 907
278 538
521 538
538 554
538 756
57 549
458 557
557 625
557 730
557 778
557 843
557 920
113 570
221 570
413 570
570 634
516 580
580 662
265 615
332 615
355 615
615 670
338 625
380 625
625 955
170 634
253 634
411 646
646 857
195 671
424 671
442 671
569 701
234 704
356 711
456 711
711 738
711 780
711 898
57 714
696 714
714 835
99 721
113 721
630 721
265 730
639 730
730 742
737 851
223 743
235 743
449 743
77 766
170 766
71 777
167 777
197 834
246 834
394 834
283 851
368 851
240 892
513 892
661 892
892 969
205 924
225 924
607 924
924 939
343 947
642 947
89 99
89 113
89 118
89 166
89 177
89 187
89 266
89 345
89 347
89 412
89 512
89 547
89 740
89 862
89 873
89 960
89 979
89 997
90 106
90 111
90 122
90 147
90 182
90 187
90 189
90 220
90 225
90 331
90 348
90 380
90 394
90 420
90 446
90 450
90 486
90 491
90 515
90 531
90 555
90 561
90 565
90 574
90 576
90 603
90 673
90 844
90 847
90 849
90 867
90 937
99 113
99 166
99 187
99 379
99 403
99 562
99 630
99 698
99 881
99 912
71 100
97 100
100 108
100 269
100 371
100 406
100 428
100 432
100 472
100 758
100 765
100 789
100 968
100 993
98 108
108 126
108 259
108 292
108 371
108 464
108 872
108 918
113 166
113 192
113 221
113 230
113 237
113 345
113 368
113 379
113 402
113 413
113 479
113 562
113 608
113 630
113 654
113 814
113 862
113 868
113 959
122 457
122 542
122 806
147 163
147 182
147 212
147 220
147 265
147 303
147 629
59 163
131 163
163 510
163 629
183 189
183 269
183 393
183 470
183 555
183 789
183 891
106 189
189 246
189 269
189 380
189 399
189 470
189 561
189 670
189 789
189 901
211 283
211 355
211 368
211 414
211 437
211 648
211 691
211 703
211 723
211 918
197 246
246 394
246 399
246 528
246 529
246 670
246 901
66 267
96 267
267 272
267 360
267 385
267 389
267 493
267 501
267 531
267 864
267 899
129 272
229 272
272 342
272 360
272 389
37 281
170 281
281 316
281 401
281 724
255 283
273 283
283 368
283 414
283 595
283 833
283 1000
103 309
303 309
309 360
309 446
309 611
309 902
309 980
252 337
337 396
337 927
254 345
345 654
345 868
345 873
220 348
348 404
348 446
348 450
348 565
348 587
348 672
348 744
360 864
360 902
360 980
192 368
237 368
368 414
368 595
368 796
368 959
244 374
374 420
374 732
374 848
379 433
379 619
379 630
379 698
379 756
379 799
379 852
393 512
393 622
393 636
393 830
393 843
393 912
393 934
395 396
395 401
395 434
395 651
395 749
395 791
395 816
395 927
252 396
396 434
396 467
396 472
396 651
396 805
292 404
404 448
404 578
404 587
404 645
404 824
404 950
404 997
66 434
137 434
242 434
434 651
434 749
434 905
434 927
434 989
381 438
377 457
412 457
457 509
457 726
457 806
457 876
457 900
457 979
128 470
193 470
470 789
216 487
420 531
531 576
187 587
587 691
587 997
205 603
603 605
515 648
279 654
604 654
654 814
654 868
247 749
375 749
749 963
749 989
429 806
104 848
150 873
279 873
461 873
166 912
562 912
515 922
736 980
662 989
793 989
177 997
347 997
57 73
57 87
57 244
57 280
57 328
57 623
57 655
57 696
57 740
57 781
57 835
87 158
87 230
87 781
101 632
101 693
101 727
101 800
109 883
109 929
118 128
118 193
118 221
118 266
118 271
118 481
118 960
77 128
92 128
128 146
128 193
128 198
128 221
128 236
128 409
128 479
128 481
128 519
128 616
128 621
128 754
128 784
128 882
59 131
131 198
131 398
131 596
131 667
131 874
97 140
140 231
140 617
140 624
140 626
140 790
140 803
140 863
140 919
150 279
150 461
37 154
112 154
130 154
154 212
154 247
154 491
177 203
177 347
177 512
177 532
177 585
177 645
177 821
177 932
59 193
175 193
193 221
193 456
193 507
193 651
193 699
193 988
49 197
197 227
197 261
197 377
197 394
197 412
197 623
197 697
197 734
126 203
146 203
203 463
203 645
203 887
203 932
203 946
175 207
207 249
207 282
195 220
220 565
220 602
220 672
192 230
230 232
230 237
230 426
230 492
230 656
135 232
224 232
232 293
232 426
232 435
232 611
232 643
232 656
232 718
232 759
232 870
247 254
247 315
247 356
247 375
247 426
247 572
247 578
247 963
66 249
96 249
249 282
249 417
249 566
249 919
135 252
244 252
252 350
252 467
252 472
252 495
252 681
252 803
252 927
92 261
236 261
261 543
261 697
261 904
229 282
282 333
282 344
282 362
282 373
282 450
282 510
282 612
282 641
282 919
126 292
292 351
292 371
292 448
292 503
292 551
292 578
292 724
292 772
292 782
292 904
292 928
292 950
210 312
312 388
312 690
312 706
312 821
312 909
312 999
37 325
104 325
173 325
325 604
325 916
121 350
350 542
106 351
351 365
351 503
351 732
351 904
351 928
351 996
167 417
251 417
255 417
417 710
417 736
356 426
448 578
448 645
448 782
402 479
479 608
479 616
479 621
479 622
479 750
486 599
486 686
486 807
186 503
503 668
503 889
59 551
195 551
551 724
551 742
551 772
551 816
551 949
578 950
278 588
521 588
588 607
255 596
499 596
596 829
596 865
596 953
98 599
599 807
279 604
205 607
225 607
285 607
607 689
607 939
621 784
137 624
624 803
624 919
562 632
684 886
684 939
92 727
727 888
668 736
736 762
736 941
36 744
408 744
262 784
465 784
803 919
73 807
291 883
751 883
883 929
643 888
870 888
904 928
373 909
510 909
322 936
476 936
583 976
268 981
841 981
139 223
139 385
139 397
139 406
139 464
139 539
139 540
139 571
139 747
139 913
223 235
223 262
223 289
223 449
223 546
223 571
223 725
223 965
167 255
242 255
251 255
255 273
255 499
255 575
255 674
255 710
255 829
255 855
80 262
262 263
262 364
262 421
262 465
262 975
327 389
327 458
327 860
327 913
71 406
97 406
406 432
406 472
406 559
406 747
406 830
406 913
406 921
406 993
120 465
455 465
187 499
499 594
499 802
499 865
402 559
544 559
559 733
559 830
559 861
559 921
389 655
655 818
695 755
695 799
695 838
97 703
192 703
235 725
410 733
571 733
733 861
146 755
198 755
234 855
343 855
772 855
66 860
385 860
638 861
817 861
458 913
464 918
769 921
44 121
44 148
44 224
44 338
44 677
44 728
44 818
44 971
49 130
49 227
49 240
49 424
49 520
49 709
67 71
67 88
67 260
67 320
67 419
67 492
67 502
67 539
67 569
67 718
67 731
67 819
67 828
67 898
71 97
71 167
71 173
71 340
71 419
71 428
71 432
71 489
71 493
71 508
71 539
71 575
71 696
71 706
71 735
71 881
71 925
73 328
73 623
37 80
77 80
80 112
80 130
80 234
80 263
80 299
80 421
80 752
80 975
88 104
88 156
88 195
88 550
88 552
88 606
88 731
88 750
88 752
88 898
37 92
77 92
92 186
92 236
92 338
92 519
92 543
37 97
97 104
97 112
97 129
97 159
97 161
97 173
97 192
97 280
97 295
97 326
97 472
97 494
97 617
97 705
97 789
97 857
97 872
37 104
104 173
104 356
104 456
104 471
104 550
104 552
104 759
104 916
37 112
112 130
112 159
112 212
112 219
112 263
112 398
112 791
112 820
112 832
112 853
121 224
121 333
121 542
121 600
121 813
37 130
130 149
130 212
130 219
130 263
130 315
130 343
130 518
130 520
130 667
130 709
130 820
130 842
130 901
120 148
148 358
148 411
148 581
148 891
148 982
149 155
149 157
149 159
149 315
149 451
149 520
149 707
149 842
159 161
161 280
161 295
161 705
161 899
96 186
186 231
186 334
186 338
186 656
186 828
135 244
244 273
244 280
244 284
244 308
244 316
244 421
244 466
244 495
244 506
244 585
244 642
244 658
244 694
244 740
244 893
244 964
102 260
260 320
260 388
260 718
260 819
260 971
269 765
269 891
273 284
273 460
273 466
273 658
273 674
273 833
280 466
280 705
37 316
170 316
316 421
316 506
316 642
316 724
316 970
322 328
328 476
328 696
328 954
338 380
338 677
338 955
338 971
134 364
364 880
365 793
366 369
366 427
366 675
366 758
366 977
37 377
77 377
377 412
377 509
377 623
377 630
377 734
377 748
377 780
377 846
377 900
389 493
389 602
389 818
460 466
466 532
466 886
443 469
469 786
469 839
469 867
469 987
493 602
520 546
520 669
520 709
293 545
545 583
545 619
545 811
545 817
545 869
152 550
391 550
550 552
550 752
106 561
561 574
561 844
561 906
401 568
568 960
106 574
574 844
583 817
623 846
630 698
630 756
630 769
343 642
391 642
642 964
66 668
468 668
668 762
668 889
37 674
36 675
675 959
696 835
696 925
234 752
762 941
362 765
528 765
279 781
767 781
266 786
786 839
786 867
786 887
789 857
791 816
791 832
791 853
370 832
832 853
402 846
403 846
263 853
820 853
146 887
562 889
237 894
440 894
826 894
566 941
852 964
37 59
37 77
37 129
37 170
37 173
37 236
37 326
37 398
37 468
37 504
37 609
37 647
37 700
37 724
37 748
37 792
37 970
37 992
66 96
66 106
66 120
66 126
66 137
66 242
66 370
66 385
66 468
66 495
66 501
66 566
66 823
66 905
77 79
77 170
77 234
77 468
77 496
77 595
77 700
77 885
77 929
77 953
77 954
77 994
98 102
98 210
98 259
98 378
98 496
98 940
106 111
106 120
106 235
106 732
106 854
106 902
106 916
106 996
111 635
111 858
111 871
111 916
111 992
135 208
135 224
135 278
135 291
135 293
135 308
135 322
135 435
135 471
135 585
135 611
135 697
135 718
135 935
135 972
158 170
170 253
170 401
170 468
170 476
170 504
170 940
170 953
170 970
208 224
208 279
208 326
208 367
208 381
208 610
208 666
208 767
208 945
208 996
254 315
254 454
315 454
315 518
315 686
315 715
315 842
315 901
315 951
322 476
356 456
356 572
356 898
367 584
367 610
367 672
375 443
278 378
378 639
380 847
398 410
398 571
398 667
398 678
398 787
398 841
401 476
157 410
314 410
410 571
410 678
410 787
410 829
410 930
410 937
410 952
96 454
134 454
137 454
454 507
454 509
476 940
476 954
205 484
299 484
79 496
496 569
496 586
571 787
571 841
635 858
635 946
635 992
265 639
355 639
639 657
639 735
639 742
639 935
657 735
657 935
219 667
263 667
575 735
706 735
829 952
829 953
829 962
268 841
59 847
175 847
847 863
381 858
808 858
858 871
858 917
528 885
529 885
885 938
844 938
210 940
534 952
468 954
953 954
954 994
382 962
732 996
36 59
36 408
36 534
36 626
36 959
59 166
59 175
59 195
59 198
59 295
59 408
59 424
59 452
59 456
59 467
59 510
59 519
59 643
59 647
59 649
59 651
59 773
59 790
59 863
59 925
59 926
59 945
79 103
79 155
79 443
79 480
79 586
79 597
126 137
126 146
126 199
126 259
126 463
126 464
126 468
126 481
126 584
126 597
126 616
126 678
126 787
126 822
126 866
126 911
126 961
129 229
129 326
129 331
129 342
129 609
129 726
129 747
129 822
96 137
134 137
137 146
137 199
137 242
137 447
137 490
137 507
137 584
137 597
137 605
137 627
146 198
146 409
146 754
146 787
167 227
227 240
227 242
227 728
240 513
240 661
240 969
279 399
279 461
279 501
279 767
279 859
279 870
265 355
332 355
355 582
355 691
355 905
402 403
403 658
403 753
403 993
94 408
408 460
408 643
187 412
412 509
412 726
412 734
412 780
412 876
156 422
195 424
424 442
424 452
424 773
152 461
461 501
461 963
155 463
463 678
463 946
221 481
481 978
96 501
501 859
467 519
519 801
606 609
609 943
175 617
617 626
617 790
626 790
224 643
643 870
658 993
678 911
678 930
788 876
876 979
299 978
740 979
120 411
120 451
120 455
120 581
120 795
120 854
166 295
166 427
166 473
166 562
166 767
166 862
173 192
173 340
173 413
173 859
173 916
175 222
175 253
175 437
175 456
175 507
175 594
175 712
175 797
175 965
175 988
229 331
229 342
229 362
229 373
229 576
229 641
229 682
229 699
278 291
291 751
358 543
358 801
369 427
427 473
427 767
427 794
429 474
429 874
155 451
451 455
253 455
494 522
494 785
494 872
236 543
565 672
565 840
187 594
594 663
594 802
333 663
663 669
373 699
641 699
767 794
726 794
747 794
532 886
225 939
332 955
608 955
805 955
955 988
385 464
385 539
385 710
385 896
420 732
420 778
474 748
474 874
362 516
516 553
516 662
516 986
447 638
566 638
638 817
205 662
605 662
662 793
152 729
521 729
687 729
726 747
748 900
748 992
435 896
157 159
159 295
159 707
159 899
192 221
192 237
192 413
192 492
219 263
263 421
263 820
205 299
299 631
340 480
340 508
340 567
340 681
340 785
340 868
399 670
399 870
221 413
402 413
413 859
413 983
94 419
419 539
419 881
419 998
237 492
180 508
508 644
508 862
96 134
96 152
96 231
96 265
96 289
96 521
96 566
96 687
96 823
96 934
82 134
134 447
134 507
134 509
134 586
134 605
134 627
134 647
134 880
167 242
167 251
167 575
167 687
167 968
187 394
187 536
187 547
187 601
187 673
187 689
187 802
221 402
221 983
308 556
308 585
308 893
402 544
402 608
402 753
402 824
402 983
619 811
512 622
622 750
622 869
691 723
691 905
102 723
251 723
331 792
414 792
636 792
795 972
795 995
742 816
816 949
500 852
852 920
839 867
293 869
509 900
242 905
237 959
972 995
953 994
411 581
411 891
411 982
432 449
432 577
432 649
432 712
103 553
216 553
808 895
895 967
152 967
300 967
222 253
222 332
222 437
222 608
222 797
199 259
259 518
259 616
259 698
259 872
464 539
464 710
522 785
522 811
536 601
645 932
724 772
199 880
770 880
468 929
700 929
303 397
397 540
397 544
397 800
271 540
540 554
732 778
467 801
333 813
651 927
94 382
94 460
94 865
94 998
234 343
234 391
234 595
234 772
234 820
271 554
271 564
271 788
212 343
219 343
343 391
343 612
343 772
343 820
314 564
564 788
564 833
677 728
677 971
555 788
199 518
199 584
199 616
199 770
212 219
219 473
219 534
219 612
534 582
534 690
265 582
582 690
582 700
582 926
447 586
507 647
103 182
103 216
103 284
103 303
103 443
103 597
103 610
103 879
102 216
216 644
216 815
265 303
303 544
284 447
447 566
447 627
544 824
195 602
605 793
295 899
237 287
266 287
287 362
287 440
287 528
287 529
287 754
287 826
287 942
362 528
362 942
460 532
460 572
532 572
532 585
910 986
156 195
195 442
195 742
195 773
195 925
265 742
742 949
157 314
157 707
320 502
320 513
320 718
320 828
320 951
235 449
449 577
369 458
458 843
458 866
458 949
692 958
822 866
102 210
210 251
210 268
210 388
210 917
268 334
268 514
268 990
284 879
231 334
334 606
334 656
334 828
334 990
370 495
371 758
371 968
437 452
437 525
437 797
452 467
452 649
452 660
452 768
452 790
452 926
452 942
452 945
495 681
495 694
514 552
480 681
468 822
822 950
822 961
102 180
180 504
180 673
152 205
205 225
205 285
205 605
205 689
155 480
480 641
480 768
480 930
468 504
511 567
567 868
581 693
581 738
581 796
581 882
581 982
581 1000
507 605
373 641
641 768
641 930
644 815
644 862
693 800
456 738
738 780
738 1000
467 768
649 768
768 930
768 942
930 937
471 935
491 937
555 937
472 993
595 1000
152 300
300 409
300 600
300 709
300 819
300 844
300 982
300 984
333 344
333 669
265 373
289 373
373 510
373 835
509 726
726 998
718 819
253 854
102 251
102 388
242 251
251 710
251 917
731 898
381 917
369 931
758 931
394 528
518 686
518 698
518 715
518 901
518 951
686 715
152 225
152 285
152 391
152 521
152 687
152 963
152 984
182 225
225 285
225 331
225 414
225 849
409 709
409 754
409 802
709 802
709 982
265 753
700 753
285 689
285 751
314 500
314 525
314 682
314 815
314 833
500 525
500 815
500 920
546 669
690 999
182 610
182 849
443 987
468 953
231 265
231 332
231 606
231 656
231 863
512 636
331 636
414 636
636 843
843 934
446 491
450 491
491 555
528 529
528 942
529 754
198 236
236 864
468 700
468 961
265 700
700 926
773 970
910 970
369 758
369 949
584 597
610 666
521 687
673 995
212 265
212 384
212 612
342 384
344 384
384 627
450 555
673 689
525 815
715 984
224 381
224 945
242 728
278 342
278 344
278 471
278 521
278 554
278 577
278 697
278 932
278 975
446 450
446 611
566 823
577 649
577 666
577 983
293 611
611 718
611 759
666 983
854 902
265 332
332 608
332 805
442 705
442 842
489 575
489 706
513 661
513 951
513 969
525 682
606 943
265 289
265 835
265 926
242 575
575 706
575 968
511 999
456 507
456 651
456 965
471 697
471 759
471 975
734 780
706 821
585 821
879 961
289 835
289 965
539 881
881 969
881 977
969 977
237 266
237 440
237 707
237 826
266 440
198 864
467 472
467 649
467 660
467 805
649 790
649 942
773 910
773 925
790 926
926 945
381 945
758 968
391 820
293 759
502 660
502 828
242 490
242 968
539 710
656 828
828 990
342 344
342 627
342 932
849 987
585 893
656 990
414 595
595 796
421 506
421 975
697 975
440 547
547 839
331 414
344 450
450 612
440 511
381 808
472 805
698 756
414 796
608 805
608 988
344 627
440 826
440 839
584 672
616 882
796 882
901 951
507 509
507 988
756 797
805 988
682 928
