1 7
4 7
7 8
7 11
7 63
2 10
3 10
10 19
10 23
10 28
10 29
10 32
10 35
10 36
10 37
10 38
10 42
10 47
10 53
10 58
10 74
3 5
3 12
3 26
3 54
3 73
3 74
5 21
5 27
5 41
5 48
5 52
5 55
5 74
12 66
12 67
8 73
19 74
20 74
21 74
22 74
23 74
24 74
25 74
27 74
28 74
29 74
30 74
31 74
32 74
33 74
34 74
35 74
36 74
37 74
38 74
39 74
40 74
41 74
42 74
43 74
44 74
45 74
46 74
47 74
48 74
49 74
50 74
51 74
52 74
53 74
55 74
56 74
57 74
58 74
59 74
60 74
21 65
27 39
27 60
30 48
40 48
25 52
31 52
50 52
22 55
46 55
49 55
55 57
6 8
6 64
8 9
8 13
13 64
17 64
64 78
16 63
63 77
63 81
33 35
34 35
66 76
67 75
14 61
14 68
61 75
15 62
15 69
62 76
16 70
17 71
18 65
18 72
65 79
65 80
65 82
65 83
20 57
43 57
44 57
45 57
56 57
24 46
46 51
46 59
