1 36
1 39
1 49
1 64
26 36
32 36
36 43
36 64
39 49
39 50
39 56
38 49
49 63
28 64
44 64
2 10
2 25
2 30
2 56
10 46
10 56
10 63
11 25
25 30
25 55
4 30
30 57
50 56
3 16
3 24
3 59
3 61
5 16
8 16
16 21
7 24
8 59
58 59
7 61
21 61
31 61
41 61
58 61
4 12
4 22
4 33
4 57
12 22
12 28
12 62
11 22
22 42
14 33
33 44
33 53
44 57
50 57
5 27
8 27
27 53
6 7
6 15
6 18
6 41
7 65
15 35
17 18
18 35
18 37
18 65
17 41
41 54
31 65
8 9
8 13
9 34
9 53
13 21
13 34
13 45
13 58
20 34
19 46
46 55
46 63
38 63
11 42
11 55
14 42
42 60
19 55
28 32
28 44
28 62
26 62
60 62
21 47
20 45
29 45
45 47
29 58
54 58
14 19
14 52
14 60
19 52
38 52
43 52
26 60
35 48
17 23
17 31
17 51
23 37
23 40
29 31
31 47
29 51
40 51
51 54
37 48
26 43
38 43
32 48
44 50
