1 2
1 139
2 25
2 32
2 46
2 146
2 159
9 139
13 139
44 139
50 139
54 139
55 139
59 139
68 139
81 139
85 139
90 139
102 139
111 139
112 139
115 139
126 139
136 139
138 139
139 142
139 144
139 145
139 146
139 147
139 167
20 25
4 32
8 46
4 146
14 146
20 146
22 146
49 146
51 146
62 146
76 146
98 146
146 175
8 159
14 159
16 159
20 159
28 159
51 159
159 168
159 169
159 170
3 4
3 20
4 17
4 19
4 21
4 29
4 35
4 37
4 39
4 41
4 48
4 61
4 97
4 100
4 118
4 119
4 120
4 157
4 161
4 162
4 178
15 20
19 20
20 26
20 27
20 43
20 47
20 71
20 81
20 86
20 103
20 107
20 117
20 123
20 132
20 134
20 135
20 138
20 155
20 160
20 173
17 18
21 22
29 30
35 36
37 38
39 40
41 42
48 49
61 62
97 98
10 100
14 118
76 119
51 120
157 158
38 161
5 6
5 51
50 51
51 63
51 65
51 70
51 82
51 88
51 101
51 109
51 117
51 121
51 140
51 163
51 164
51 165
51 166
51 176
7 8
8 11
8 23
8 26
8 31
8 33
8 52
8 57
8 66
8 70
8 75
8 77
8 79
8 91
8 95
8 105
8 113
8 124
8 127
8 148
8 150
8 151
8 152
8 153
8 174
11 12
23 24
14 31
33 34
52 53
57 58
66 67
75 76
77 78
79 80
91 92
95 96
105 106
113 114
124 125
127 128
148 149
151 154
153 180
9 10
13 14
14 47
15 16
18 65
18 99
18 112
18 123
99 129
27 28
30 43
71 72
86 87
103 104
107 108
132 133
133 134
133 135
83 155
129 160
22 54
30 84
30 101
30 126
84 129
44 45
49 85
63 64
82 83
88 89
109 110
121 122
140 141
64 163
110 165
89 166
55 56
59 60
62 111
68 69
73 74
73 129
129 130
129 131
129 179
76 90
93 94
93 133
133 177
98 102
115 116
130 156
131 171
136 137
142 143
145 172
