1 19
1 21
1 40
1 41
1 92
1 107
3 19
19 59
19 60
2 21
21 55
21 56
15 40
40 93
40 118
4 41
41 94
41 116
2 20
2 53
2 54
3 20
20 57
20 58
3 61
3 62
4 16
4 18
4 42
4 43
4 44
4 45
4 80
4 105
4 106
5 16
16 78
16 102
6 18
18 76
18 101
15 42
42 83
42 121
15 43
43 82
43 120
15 44
44 81
44 119
13 45
45 52
5 17
5 79
5 103
6 17
17 77
17 104
6 75
6 100
7 25
7 27
7 33
7 34
7 98
7 108
9 25
25 71
25 72
8 27
27 67
27 68
10 33
33 99
15 34
34 64
8 26
8 65
8 66
9 26
26 69
26 70
9 73
9 74
10 22
10 24
10 35
10 36
10 37
10 38
10 97
10 114
10 115
11 22
22 88
22 112
12 24
24 90
24 113
15 35
35 84
15 36
36 85
15 37
37 86
13 38
38 63
11 23
11 87
11 109
12 23
23 89
23 110
12 91
12 111
13 30
13 31
13 32
13 39
30 49
14 31
31 50
32 46
15 39
39 95
14 28
28 51
15 96
15 117
29 46
29 47
46 48
