1 3
1 32
1 63
1 64
2 3
3 7
3 16
2 32
32 34
32 47
31 63
62 63
63 64
2 31
2 62
15 31
30 31
46 62
61 62
6 7
7 8
7 15
6 16
16 18
16 39
4 6
4 15
4 30
4 33
5 6
14 15
22 30
29 30
5 33
33 34
33 47
5 46
5 61
38 46
45 46
53 61
60 61
8 10
8 14
8 35
9 10
10 14
10 17
13 14
9 35
35 37
35 48
9 22
9 29
18 22
21 22
25 29
28 29
13 17
17 18
17 39
11 13
11 36
11 38
11 45
12 13
12 36
36 37
36 48
34 38
37 38
41 45
44 45
12 53
12 60
49 53
52 53
56 60
59 60
18 19
39 41
39 50
19 21
19 40
20 21
20 40
40 41
40 50
20 25
20 28
23 25
24 25
26 28
27 28
23 34
23 37
23 42
24 42
42 44
42 51
24 41
24 44
43 44
26 43
26 49
26 52
27 43
43 51
47 49
48 49
50 52
51 52
27 56
27 59
54 56
55 56
57 59
58 59
47 54
48 54
50 55
51 55
54 57
55 57
57 58
