1 2
1 3
1 4
1 5
1 6
1 7
1 8
1 9
1 10
1 11
1 12
1 41
1 44
1 57
1 63
1 64
1 135
1 158
1 222
1 350
1 361
1 387
2 3
2 12
2 13
2 14
2 15
2 16
2 17
2 18
2 46
2 70
2 157
2 159
2 168
2 193
2 254
2 268
2 285
2 418
2 476
2 527
2 536
2 567
2 575
2 630
3 12
3 19
3 20
3 21
3 22
3 23
3 24
3 25
3 26
3 27
3 30
3 47
3 73
3 109
3 158
3 239
3 263
3 314
3 430
3 498
3 562
4 13
4 17
4 28
4 29
4 30
4 31
4 32
4 33
4 34
4 35
4 36
4 37
4 90
4 101
4 131
4 191
4 236
4 241
4 291
4 371
4 393
4 394
4 504
5 6
5 28
5 48
5 61
5 76
5 117
5 125
5 126
5 130
5 137
5 244
5 364
5 406
5 506
5 619
6 28
6 36
6 68
6 148
6 151
6 155
6 156
6 159
6 161
6 162
6 163
6 164
6 165
6 171
6 192
6 201
6 236
6 364
6 370
6 409
6 470
6 472
7 31
7 36
7 38
7 53
7 57
7 77
7 81
7 92
7 114
7 127
7 154
7 182
7 244
7 245
7 258
7 265
7 281
7 316
7 419
7 432
8 18
8 73
8 95
8 122
8 125
8 201
8 250
8 265
8 301
8 341
8 345
8 351
8 352
8 353
8 487
8 501
8 571
8 572
9 25
9 48
9 61
9 74
9 75
9 80
9 93
9 113
9 118
9 185
9 200
9 201
9 228
9 249
9 256
9 259
9 275
9 337
9 367
9 390
9 404
9 451
9 497
9 499
9 500
9 508
10 13
10 20
10 67
10 73
10 79
10 177
10 179
10 226
10 240
10 263
10 267
10 268
10 308
10 364
10 370
10 435
10 497
10 530
10 535
10 536
10 566
11 30
11 80
11 81
11 89
11 102
11 104
11 163
11 205
11 213
11 242
11 259
11 271
11 285
11 298
11 338
11 367
11 401
11 423
11 440
11 443
11 448
11 457
11 474
11 533
12 20
12 33
12 38
12 39
12 40
12 41
12 42
12 43
12 66
12 109
12 147
12 192
12 222
12 263
12 350
12 351
12 497
12 517
12 520
27 41
39 41
41 42
41 44
41 53
41 61
41 77
41 86
41 120
41 151
41 173
41 302
41 323
41 349
41 350
41 361
41 377
41 389
41 395
41 409
41 460
41 545
41 564
41 603
13 44
19 44
33 44
44 46
44 70
44 71
44 72
44 87
44 94
44 147
44 148
44 175
44 181
44 267
44 329
44 386
44 415
44 493
44 565
44 588
19 57
24 57
33 57
38 57
57 77
57 89
57 110
57 161
57 164
57 210
57 228
57 405
57 425
57 453
57 496
57 557
57 559
57 577
57 581
57 623
57 624
28 63
63 164
63 195
63 202
63 271
63 288
63 309
63 312
63 349
63 378
63 500
63 504
63 527
63 594
63 600
19 64
20 64
45 64
64 76
64 88
64 89
64 90
64 91
64 92
64 98
64 120
64 149
64 176
64 191
64 227
64 241
64 331
64 380
64 496
64 497
64 512
64 528
64 563
23 135
74 135
75 135
85 135
120 135
127 135
133 135
135 139
135 151
135 189
135 193
135 195
135 213
135 237
135 240
135 254
135 256
135 263
135 285
135 300
135 310
135 316
135 329
135 356
135 367
135 375
135 377
135 473
135 477
135 500
135 508
135 539
60 158
101 158
108 158
125 158
158 210
158 241
158 270
158 329
158 330
158 331
158 366
158 416
158 446
158 462
158 616
158 628
15 222
21 222
22 222
34 222
38 222
39 222
66 222
74 222
75 222
105 222
112 222
142 222
145 222
196 222
211 222
222 252
222 286
222 299
222 309
222 321
222 357
222 367
222 385
222 430
222 448
222 602
42 350
128 350
129 350
139 350
140 350
141 350
185 350
228 350
284 350
297 350
302 350
307 350
311 350
320 350
322 350
341 350
350 387
350 406
350 424
350 449
350 460
350 463
350 546
14 361
39 361
88 361
89 361
110 361
145 361
221 361
255 361
318 361
325 361
361 369
361 405
361 426
361 432
361 493
361 495
361 595
121 387
136 387
205 387
263 387
317 387
387 423
387 445
387 513
387 515
387 518
387 521
387 533
387 534
387 545
387 547
387 549
387 603
13 20
13 26
13 40
13 45
13 46
13 47
13 48
13 49
13 50
13 51
13 59
13 152
13 170
13 328
13 364
13 365
13 382
13 472
14 21
14 28
14 34
14 54
14 76
14 100
14 129
14 172
14 174
14 251
14 252
14 253
14 260
14 290
14 302
14 306
14 329
14 335
14 341
14 374
14 375
14 402
14 615
15 72
15 136
15 190
15 212
15 290
15 335
15 388
15 402
15 426
15 428
15 438
15 449
15 513
15 608
15 609
16 28
16 40
16 141
16 177
16 198
16 218
16 221
16 223
16 224
16 290
16 321
16 341
16 342
16 432
16 451
16 455
16 457
16 469
16 564
16 603
16 617
17 36
17 55
17 149
17 226
17 237
17 244
17 254
17 260
17 269
17 281
17 286
17 322
17 360
17 372
17 408
17 415
17 471
17 497
17 555
17 572
17 582
18 66
18 79
18 147
18 263
18 368
18 403
18 421
18 423
18 431
18 446
18 450
18 454
18 469
18 506
18 603
18 617
26 46
29 46
45 46
46 49
46 51
46 77
46 109
46 117
46 119
46 161
46 174
46 203
46 292
46 293
46 328
46 569
46 573
46 577
46 582
33 70
45 70
52 70
55 70
70 93
70 94
70 182
70 354
70 372
70 415
70 526
70 563
49 157
60 157
110 157
157 170
157 176
157 190
157 196
157 210
157 244
157 249
157 256
157 297
157 433
157 438
157 451
157 506
157 549
157 609
157 626
60 159
119 159
132 159
159 176
159 209
159 234
159 239
159 250
159 257
159 269
159 276
159 291
159 444
159 535
159 571
159 573
159 596
159 619
23 168
35 168
61 168
90 168
91 168
96 168
102 168
168 181
168 198
168 233
168 265
168 271
168 286
168 295
168 301
168 314
168 344
168 377
168 379
168 394
168 396
168 435
168 444
168 451
168 453
168 489
168 490
168 492
45 193
61 193
82 193
93 193
95 193
126 193
132 193
175 193
186 193
193 196
193 200
193 203
193 208
193 214
193 215
193 239
193 244
193 258
193 278
42 254
106 254
216 254
223 254
242 254
254 270
254 276
254 277
254 291
254 359
254 406
254 411
254 412
254 419
254 424
254 435
254 624
30 268
100 268
117 268
127 268
160 268
161 268
165 268
225 268
226 268
251 268
268 286
268 291
268 310
268 311
268 312
268 313
268 418
268 472
268 565
268 571
268 572
268 630
26 285
48 285
65 285
79 285
102 285
110 285
143 285
210 285
214 285
221 285
236 285
259 285
260 285
285 326
285 365
285 368
285 413
285 424
50 418
99 418
107 418
113 418
117 418
170 418
182 418
208 418
214 418
244 418
276 418
335 418
358 418
418 459
418 462
418 601
418 629
197 476
198 476
226 476
248 476
249 476
256 476
274 476
295 476
296 476
323 476
384 476
386 476
414 476
421 476
451 476
464 476
471 476
476 486
476 499
38 527
51 527
75 527
119 527
160 527
191 527
278 527
527 554
527 556
527 561
527 571
27 536
43 536
68 536
93 536
110 536
117 536
124 536
148 536
206 536
211 536
234 536
291 536
312 536
510 536
534 536
536 561
536 593
536 607
93 567
94 567
51 575
53 575
107 575
119 575
132 575
170 575
214 575
320 575
323 575
327 575
335 575
337 575
81 630
148 630
271 630
19 39
19 48
19 52
19 53
19 54
19 55
19 56
19 66
19 73
19 82
19 106
19 134
19 160
19 372
19 520
19 562
20 24
20 28
20 33
20 65
20 66
20 67
20 68
20 69
20 79
20 134
20 151
20 302
20 306
20 439
20 440
20 518
21 76
21 112
21 115
21 150
21 186
21 237
21 250
21 281
21 318
21 546
21 582
21 584
22 65
22 68
22 76
22 86
22 141
22 143
22 170
22 174
22 191
22 219
22 284
22 308
22 315
22 328
22 355
22 357
22 390
22 399
22 409
22 412
22 413
22 439
22 441
22 464
22 506
22 520
23 33
23 45
23 51
23 52
23 58
23 71
23 86
23 99
23 113
23 126
23 134
23 166
23 171
23 176
23 190
23 196
23 217
23 221
23 248
23 262
23 319
23 323
23 332
23 334
23 336
23 354
23 375
23 378
23 451
24 110
24 113
24 136
24 187
24 189
24 323
24 339
24 372
24 452
24 453
24 513
24 515
24 542
24 549
25 26
25 28
25 68
25 78
25 104
25 136
25 177
25 179
25 189
25 216
25 223
25 224
25 302
25 339
25 385
25 400
25 405
25 441
25 515
25 549
25 552
25 555
26 69
26 83
26 86
26 87
26 94
26 153
26 175
26 176
26 248
26 265
26 282
26 369
26 380
26 383
26 386
26 450
26 456
26 470
26 474
26 501
26 511
26 528
26 531
27 37
27 67
27 72
27 78
27 90
27 93
27 115
27 141
27 150
27 177
27 221
27 328
27 337
27 353
27 364
27 390
27 409
27 429
27 438
27 447
27 453
27 463
27 552
27 604
30 67
30 83
30 111
30 161
30 183
30 195
30 199
30 200
30 202
30 245
30 265
30 267
30 270
30 305
30 462
30 491
30 559
30 572
28 47
47 48
47 56
47 104
47 109
47 120
47 442
47 480
47 545
47 576
45 73
58 73
62 73
68 73
73 85
73 95
73 96
73 97
73 98
73 99
73 108
73 138
73 146
73 147
73 152
73 166
73 198
73 266
73 273
73 275
73 344
73 376
73 380
73 452
73 512
73 532
54 109
98 109
100 109
101 109
102 109
103 109
104 109
105 109
106 109
107 109
108 109
109 129
109 134
109 225
109 261
109 404
109 447
109 471
109 502
109 511
109 512
109 588
39 239
67 239
71 239
85 239
104 239
155 239
195 239
202 239
235 239
239 265
239 320
239 344
239 349
239 363
239 374
239 442
239 446
239 461
239 464
239 466
239 478
239 490
239 537
239 558
239 612
37 263
92 263
100 263
110 263
136 263
176 263
212 263
220 263
244 263
245 263
253 263
263 293
263 297
263 317
263 331
263 332
263 449
263 457
263 496
263 546
43 314
68 314
79 314
80 314
81 314
117 314
184 314
244 314
269 314
271 314
314 344
314 349
314 371
314 397
314 431
314 445
314 458
314 503
314 549
314 616
56 430
84 430
125 430
126 430
141 430
170 430
248 430
315 430
318 430
365 430
430 441
430 453
430 458
430 463
430 483
430 584
430 609
121 498
126 498
133 498
196 498
197 498
255 498
310 498
360 498
415 498
442 498
453 498
467 498
498 509
498 511
498 514
498 516
498 521
498 534
498 541
498 547
498 549
498 591
35 562
108 562
134 562
197 562
333 562
364 562
446 562
28 33
28 34
28 45
28 49
28 52
28 55
28 56
28 58
28 59
28 60
28 61
28 62
28 166
28 205
28 227
28 252
28 262
28 286
28 310
28 345
28 382
28 403
28 421
28 503
29 43
29 91
29 111
29 115
29 148
29 177
29 184
29 185
29 189
29 191
29 199
29 270
29 307
29 397
29 438
29 441
29 599
31 99
31 100
31 155
31 199
31 202
31 203
31 220
31 225
31 234
31 264
31 265
31 267
31 271
31 272
31 273
31 274
31 281
31 292
31 406
31 433
31 437
31 451
31 566
31 574
32 38
32 52
32 54
32 88
32 106
32 111
32 131
32 138
32 190
32 205
32 246
32 251
32 272
32 280
32 290
32 294
32 327
32 334
32 346
32 353
32 354
32 364
32 367
32 375
32 471
33 38
33 45
33 54
33 89
33 117
33 172
33 273
33 294
33 331
33 332
33 375
33 439
33 506
33 520
34 120
34 171
34 241
34 242
34 246
34 248
34 288
34 318
34 340
34 344
34 357
34 381
34 409
34 421
34 424
34 506
35 52
35 62
35 79
35 89
35 130
35 140
35 176
35 179
35 221
35 291
35 302
35 332
35 360
35 364
35 409
35 450
35 472
35 505
35 594
36 56
36 71
36 85
36 89
36 103
36 108
36 130
36 136
36 138
36 145
36 162
36 167
36 169
36 224
36 246
36 248
36 256
36 262
36 337
36 391
36 393
36 413
36 436
37 42
37 96
37 105
37 108
37 110
37 148
37 163
37 184
37 191
37 218
37 252
37 329
37 340
37 359
37 426
37 431
37 442
37 465
37 507
37 576
90 101
90 106
90 114
90 130
90 141
90 143
90 170
90 243
90 247
90 248
90 308
90 312
90 321
90 324
90 377
90 393
90 395
90 409
62 101
66 101
101 127
101 146
101 167
101 178
101 211
101 261
101 279
101 300
101 316
101 329
101 341
101 351
101 358
101 514
101 526
101 588
62 131
99 131
131 140
131 148
131 178
131 179
131 189
131 230
131 257
131 260
131 262
131 326
131 381
131 383
131 395
131 397
131 401
131 419
131 432
131 499
131 576
131 606
55 191
82 191
153 191
175 191
191 192
191 195
191 199
191 200
191 201
191 204
191 226
191 380
191 545
191 548
80 236
156 236
200 236
201 236
202 236
203 236
232 236
236 245
236 270
236 272
236 279
236 286
236 287
236 288
236 289
236 403
236 457
236 557
236 566
236 625
236 628
45 241
52 241
80 241
119 241
121 241
126 241
203 241
235 241
241 250
241 257
241 370
241 406
241 442
241 458
241 499
241 514
241 515
241 516
241 619
48 291
55 291
75 291
104 291
133 291
230 291
246 291
247 291
256 291
262 291
271 291
291 324
291 377
291 442
291 451
291 462
291 489
291 526
291 528
291 548
67 371
75 371
197 371
198 371
249 371
260 371
325 371
333 371
340 371
364 371
366 371
371 393
371 408
371 421
371 432
371 448
371 453
371 455
371 503
39 393
42 393
137 393
156 393
304 393
344 393
348 393
352 393
354 393
357 393
366 393
370 393
372 393
393 411
393 596
42 394
50 394
56 394
71 394
95 394
119 394
130 394
137 394
156 394
174 394
176 394
217 394
394 423
394 467
394 500
394 631
154 504
219 504
269 504
278 504
297 504
468 504
482 504
48 136
48 142
48 143
48 192
48 203
48 211
48 213
48 217
48 270
48 280
48 290
48 292
48 293
48 401
48 530
48 552
48 553
48 557
48 580
48 595
48 606
48 612
49 61
50 61
56 61
58 61
61 62
61 154
61 166
61 167
61 221
61 226
61 242
61 243
61 265
61 407
61 489
61 500
61 566
45 76
74 76
76 88
76 98
76 134
76 147
76 148
76 173
76 178
76 181
76 220
76 299
76 329
76 347
76 355
76 376
76 381
76 495
76 512
76 529
76 532
76 576
76 578
59 117
81 117
117 134
117 146
117 148
117 169
117 175
117 180
117 208
117 227
117 233
117 235
117 272
117 310
117 323
117 338
117 344
117 388
117 389
117 392
117 470
117 488
117 530
38 125
93 125
108 125
125 155
125 205
125 206
125 240
125 271
125 275
125 295
125 310
125 311
125 313
125 317
125 381
125 383
126 141
126 180
126 219
126 220
126 223
126 225
126 240
126 248
126 262
126 275
126 337
126 377
126 381
126 400
126 403
126 426
126 442
126 457
38 130
74 130
91 130
95 130
112 130
130 140
130 146
130 148
130 180
130 341
130 353
130 354
130 358
130 376
130 378
130 392
130 434
130 470
130 600
59 137
105 137
112 137
113 137
133 137
137 140
137 151
137 166
137 173
137 190
137 194
137 234
137 273
137 327
137 335
137 338
137 342
137 363
137 473
137 600
137 629
38 244
83 244
123 244
154 244
199 244
202 244
205 244
206 244
207 244
224 244
226 244
244 261
244 280
244 294
244 299
244 302
244 444
244 539
244 571
49 364
85 364
188 364
219 364
306 364
321 364
325 364
326 364
362 364
364 395
364 400
364 408
364 423
364 425
59 406
172 406
235 406
266 406
297 406
306 406
329 406
354 406
375 406
386 406
406 431
406 460
406 494
406 496
406 499
406 563
406 588
406 627
219 506
245 506
269 506
288 506
296 506
298 506
397 506
400 506
425 506
483 506
485 506
486 506
506 521
60 619
200 619
266 619
272 619
297 619
497 619
509 619
521 619
49 68
68 69
68 71
68 144
68 187
68 202
68 210
68 275
68 315
68 318
68 431
68 497
68 551
68 552
68 580
68 604
50 148
52 148
77 148
89 148
93 148
104 148
106 148
129 148
132 148
133 148
148 174
148 214
148 339
148 365
148 451
148 458
148 555
60 151
69 151
134 151
136 151
138 151
139 151
140 151
141 151
151 455
151 571
151 620
151 625
151 628
50 155
60 155
155 161
155 166
155 200
155 203
155 216
155 277
155 278
155 442
60 156
99 156
156 235
156 243
156 255
156 281
156 289
156 305
156 408
156 433
156 443
156 450
156 458
156 471
156 472
156 473
93 161
94 161
153 161
161 185
161 203
161 259
161 271
55 162
141 162
162 214
162 218
162 224
162 315
162 348
162 365
162 409
162 422
162 429
162 432
162 438
162 456
162 490
162 500
162 549
162 551
162 626
129 163
163 256
163 269
163 320
163 343
163 415
163 458
163 467
163 474
163 484
163 486
163 508
43 164
112 164
164 228
164 316
164 381
164 416
164 417
164 467
164 534
164 547
164 564
164 592
164 609
164 626
108 165
122 165
138 165
165 210
165 270
165 292
165 403
165 520
165 535
165 612
165 616
165 620
55 171
59 171
66 171
74 171
80 171
85 171
96 171
104 171
110 171
167 171
171 181
171 188
171 264
171 286
171 296
171 303
171 331
171 346
171 366
171 374
171 376
171 389
171 496
55 192
66 192
74 192
82 192
85 192
89 192
120 192
189 192
192 195
192 202
192 207
192 211
192 212
192 213
192 227
192 275
192 342
192 454
192 455
192 484
192 505
65 201
69 201
88 201
96 201
97 201
145 201
178 201
201 214
201 221
201 246
201 275
201 392
201 401
201 413
201 519
201 526
201 568
52 370
102 370
132 370
203 370
215 370
262 370
270 370
271 370
272 370
342 370
357 370
370 382
370 401
370 419
370 422
370 442
370 459
88 409
103 409
121 409
198 409
288 409
302 409
331 409
345 409
348 409
353 409
391 409
392 409
408 409
409 437
409 464
409 488
409 490
409 517
98 470
99 470
120 470
167 470
175 470
217 470
221 470
248 470
249 470
308 470
461 470
470 485
470 492
88 472
212 472
223 472
288 472
293 472
330 472
366 472
411 472
432 472
448 472
453 472
472 500
38 83
38 92
38 97
38 146
38 169
38 177
38 178
38 179
38 221
38 250
38 265
38 316
38 319
38 321
38 336
38 337
38 400
38 437
38 497
38 511
38 570
38 572
53 54
53 83
53 98
53 116
53 146
53 186
53 199
53 216
53 232
53 233
53 262
53 265
53 282
53 342
53 346
53 351
53 354
53 355
53 356
53 435
53 463
53 570
52 77
60 77
77 95
77 118
77 154
77 175
77 186
77 208
77 261
77 267
77 432
77 436
77 437
77 541
77 566
77 574
52 81
67 81
81 89
81 93
81 98
81 99
81 139
81 180
81 202
81 221
81 261
81 270
81 275
81 401
81 581
85 92
92 102
92 123
92 175
92 197
92 237
92 249
92 296
92 373
92 497
92 501
92 556
78 114
88 114
100 114
114 115
114 123
114 129
114 292
114 334
114 401
114 402
114 429
114 432
114 513
114 529
114 570
114 573
114 582
114 583
114 604
40 127
56 127
78 127
127 147
127 212
127 221
127 227
127 245
127 256
127 260
127 274
127 403
127 442
127 451
127 459
127 510
127 515
127 531
127 559
127 577
127 580
127 582
127 605
127 628
60 154
95 154
153 154
154 167
154 169
154 176
154 200
154 204
154 211
154 235
154 272
154 275
45 182
58 182
82 182
85 182
96 182
97 182
119 182
120 182
174 182
175 182
176 182
182 187
182 196
182 231
182 257
182 339
182 351
182 544
182 605
182 611
182 620
132 245
149 245
160 245
170 245
203 245
205 245
207 245
214 245
220 245
238 245
245 250
245 255
245 266
245 293
245 385
245 539
42 258
75 258
83 258
119 258
169 258
200 258
207 258
220 258
232 258
237 258
246 258
253 258
258 273
258 278
258 290
258 292
258 300
258 305
258 429
258 451
258 479
258 480
258 573
42 265
59 265
60 265
95 265
167 265
204 265
229 265
169 281
198 281
235 281
243 281
253 281
281 282
281 298
281 301
281 308
281 376
281 385
281 391
281 417
281 424
281 426
281 431
281 448
281 455
89 316
119 316
129 316
136 316
141 316
234 316
252 316
292 316
293 316
307 316
316 338
316 401
316 452
316 553
316 556
316 597
316 623
169 419
223 419
229 419
242 419
262 419
282 419
330 419
340 419
356 419
403 419
407 419
417 419
419 424
419 432
419 433
419 434
419 447
419 448
419 459
419 480
419 500
419 508
419 533
419 631
49 432
60 432
85 432
104 432
106 432
139 432
206 432
243 432
247 432
289 432
312 432
323 432
420 432
432 440
67 95
95 153
95 199
95 204
95 207
95 215
95 243
95 264
95 266
95 339
95 360
95 596
95 616
59 122
69 122
108 122
122 219
122 223
122 351
122 352
122 446
122 517
122 528
122 531
122 532
122 534
122 564
83 250
93 250
100 250
110 250
147 250
153 250
205 250
211 250
216 250
221 250
230 250
243 250
250 251
250 300
250 330
250 417
250 424
250 535
250 574
49 301
170 301
196 301
230 301
259 301
283 301
301 323
301 337
301 426
301 433
301 438
301 451
301 453
301 499
301 599
301 607
153 341
218 341
302 341
305 341
341 352
341 356
341 408
341 493
341 501
341 573
341 623
341 628
62 345
128 345
129 345
253 345
303 345
311 345
321 345
322 345
338 345
345 373
345 374
345 398
75 351
98 351
197 351
223 351
247 351
325 351
351 399
351 402
351 403
351 405
351 466
351 495
56 352
94 352
103 352
111 352
213 352
223 352
247 352
352 421
352 448
69 353
79 353
83 353
87 353
102 353
145 353
170 353
177 353
284 353
342 353
347 353
348 353
353 365
353 366
353 390
353 412
353 413
353 422
100 487
107 487
198 487
243 487
256 487
288 487
342 487
384 487
399 487
449 487
452 487
486 487
487 507
94 501
132 501
198 501
255 501
275 501
448 501
485 501
488 501
501 519
123 571
264 571
267 571
283 571
289 571
310 571
311 571
313 571
100 572
113 572
147 572
284 572
296 572
376 572
497 572
45 74
49 74
58 74
59 74
74 166
74 174
74 176
74 177
74 178
74 179
74 180
74 188
74 219
74 246
74 328
74 380
74 449
74 457
45 75
75 186
75 205
75 217
75 296
75 326
75 329
75 390
75 424
75 435
75 437
75 443
75 444
75 511
75 553
75 555
75 566
75 574
75 582
52 80
79 80
80 111
80 136
80 141
80 149
80 185
80 199
80 228
80 274
80 292
80 306
80 311
80 382
80 408
80 436
80 440
80 442
80 443
80 474
80 491
60 93
83 93
93 94
93 133
93 153
93 175
93 194
93 207
93 208
93 209
93 210
93 348
93 356
93 439
93 480
93 511
93 520
86 113
104 113
106 113
113 129
113 146
113 218
113 233
113 295
113 309
113 319
113 323
113 325
113 343
113 346
113 375
113 388
113 412
113 436
113 444
113 447
113 458
113 539
72 118
78 118
89 118
118 134
118 142
118 167
118 176
118 177
118 179
118 217
118 227
118 228
118 261
118 392
118 523
118 534
118 580
118 590
118 598
60 185
115 185
124 185
143 185
185 206
185 208
185 360
185 401
185 449
185 450
185 531
185 534
185 585
185 611
185 618
185 623
185 628
60 200
83 200
119 200
147 200
188 200
200 218
200 226
200 230
200 235
200 237
200 238
200 260
200 292
200 305
200 404
200 412
200 441
200 451
200 465
200 568
99 228
184 228
199 228
205 228
217 228
228 231
228 237
228 290
228 294
228 333
228 380
228 397
228 428
228 429
228 557
228 570
228 584
228 604
84 249
207 249
213 249
225 249
226 249
233 249
249 287
249 367
249 369
249 388
249 405
249 458
249 459
249 473
249 477
249 481
249 483
249 488
249 489
249 491
249 494
249 535
79 256
87 256
216 256
232 256
256 270
256 274
256 279
256 283
256 287
256 292
256 468
256 479
256 489
256 500
256 517
256 541
66 259
124 259
218 259
220 259
259 260
259 264
259 294
259 300
259 312
259 337
259 451
259 479
259 516
259 523
259 540
259 573
259 585
65 275
69 275
78 275
94 275
119 275
139 275
170 275
232 275
275 404
275 449
275 479
275 493
275 541
275 565
115 337
176 337
225 337
337 378
337 404
337 493
337 499
337 566
337 576
337 595
85 367
97 367
102 367
103 367
105 367
132 367
145 367
180 367
276 367
322 367
323 367
326 367
329 367
357 367
362 367
367 385
367 410
367 478
367 505
39 390
43 390
175 390
179 390
184 390
186 390
220 390
320 390
390 401
390 474
390 591
390 604
49 404
94 404
98 404
170 404
173 404
176 404
196 404
323 404
384 404
404 439
404 465
404 479
404 480
404 494
404 540
86 451
87 451
210 451
225 451
252 451
274 451
300 451
323 451
375 451
389 451
398 451
451 480
451 481
451 484
451 540
451 565
42 497
43 497
66 497
143 497
176 497
283 497
307 497
440 497
447 497
462 497
496 497
497 551
497 583
497 585
497 589
497 604
497 611
42 499
56 499
85 499
104 499
204 499
218 499
235 499
246 499
270 499
274 499
277 499
320 499
329 499
403 499
420 499
468 499
495 499
499 541
499 573
499 625
102 500
121 500
132 500
221 500
224 500
262 500
305 500
322 500
395 500
420 500
463 500
474 500
500 521
51 508
69 508
134 508
194 508
221 508
224 508
400 508
403 508
405 508
443 508
455 508
474 508
507 508
508 599
67 71
67 78
67 121
67 133
67 335
67 372
67 384
67 448
67 460
67 473
67 545
67 603
52 79
71 79
79 108
79 121
79 160
79 219
79 224
79 294
79 344
79 363
79 375
79 392
79 478
79 490
79 520
79 521
106 177
112 177
140 177
177 180
177 190
177 266
177 290
177 302
177 375
177 377
177 378
177 379
177 395
177 415
177 471
78 179
91 179
112 179
140 179
179 190
179 195
179 213
179 240
179 310
179 323
179 335
179 340
179 384
179 389
179 391
179 446
179 563
99 226
107 226
194 226
199 226
214 226
216 226
226 230
226 232
226 264
226 267
226 269
226 408
226 412
226 421
226 429
226 433
226 462
50 240
136 240
141 240
142 240
203 240
217 240
240 252
240 315
240 322
240 400
240 405
240 449
240 553
240 561
240 592
240 605
240 609
51 267
100 267
108 267
128 267
133 267
169 267
214 267
223 267
232 267
252 267
267 305
267 307
267 308
267 457
267 551
267 553
58 308
62 308
71 308
105 308
229 308
233 308
255 308
271 308
279 308
308 347
308 360
308 363
308 415
308 475
308 477
308 481
308 490
308 491
308 539
308 576
110 435
128 435
132 435
149 435
170 435
176 435
230 435
243 435
252 435
274 435
276 435
290 435
309 435
435 454
435 488
43 530
50 530
51 530
72 530
119 530
160 530
484 530
523 530
530 547
530 596
214 535
311 535
313 535
315 535
450 535
459 535
471 535
511 535
515 535
533 535
535 541
535 547
535 554
535 614
535 620
189 566
264 566
303 566
386 566
462 566
466 566
55 89
89 149
89 169
89 205
89 211
89 334
89 349
89 355
89 386
89 400
89 415
89 436
89 466
102 167
102 178
102 181
102 205
102 230
102 262
102 287
102 348
102 368
102 439
102 468
102 546
49 104
50 104
65 104
78 104
104 119
104 206
104 211
104 220
104 293
104 454
104 505
104 576
136 205
186 205
205 220
205 227
205 326
205 329
205 466
205 493
205 526
205 541
55 213
65 213
69 213
98 213
174 213
176 213
213 246
213 252
213 260
213 305
213 356
213 365
213 395
213 445
213 465
213 519
213 526
213 543
42 242
85 242
119 242
198 242
203 242
229 242
238 242
242 257
242 262
242 266
242 270
242 276
242 295
242 297
242 320
242 356
242 415
242 423
242 458
242 471
242 537
49 271
119 271
196 271
199 271
209 271
232 271
251 271
252 271
271 290
271 305
271 306
271 315
271 326
271 479
271 480
271 541
271 565
121 298
243 298
269 298
278 298
288 298
294 298
297 298
298 414
298 424
298 488
298 519
82 338
87 338
96 338
99 338
120 338
166 338
217 338
273 338
336 338
338 401
338 412
338 462
338 496
338 549
338 560
338 570
338 605
40 401
108 401
190 401
210 401
227 401
339 401
348 401
388 401
391 401
401 466
401 631
97 423
106 423
196 423
220 423
246 423
247 423
264 423
288 423
297 423
303 423
389 423
396 423
400 423
414 423
423 442
423 465
423 468
121 440
219 440
224 440
237 440
269 440
349 440
431 440
440 464
440 474
440 486
440 489
440 551
440 554
440 584
160 443
255 443
295 443
443 486
443 488
443 507
443 519
181 448
183 448
347 448
424 448
444 448
448 450
448 490
448 541
448 551
448 556
448 584
42 457
103 457
120 457
184 457
204 457
212 457
231 457
237 457
274 457
303 457
349 457
359 457
374 457
376 457
457 461
457 468
457 488
457 523
457 591
85 474
132 474
160 474
274 474
288 474
329 474
330 474
357 474
384 474
386 474
411 474
412 474
413 474
474 480
474 503
98 533
107 533
129 533
144 533
160 533
204 533
214 533
234 533
248 533
517 533
533 544
533 561
39 88
39 100
39 134
39 169
39 176
39 178
39 209
39 220
39 229
39 246
39 251
39 323
39 324
39 329
39 335
39 336
39 343
39 344
39 358
39 388
39 395
39 396
39 402
39 428
39 529
39 546
40 43
40 78
40 134
40 136
40 142
40 144
40 147
40 217
40 379
40 400
40 513
40 552
40 555
40 611
42 123
42 134
42 150
42 180
42 208
42 266
42 278
42 297
42 323
42 324
42 395
42 396
43 227
43 385
43 450
43 510
43 529
43 531
43 582
43 585
43 590
43 597
43 598
43 621
43 622
43 626
66 120
66 134
66 136
66 138
66 145
66 149
66 289
66 297
66 449
66 450
66 546
60 147
69 147
72 147
119 147
128 147
147 174
147 187
147 283
147 289
147 307
147 431
147 438
147 618
72 517
115 517
199 517
210 517
212 517
219 517
312 517
315 517
403 517
405 517
408 517
515 517
517 528
517 534
517 613
517 626
143 520
160 520
211 520
289 520
312 520
317 520
453 520
455 520
520 529
520 564
45 49
45 87
45 150
45 172
45 175
45 181
45 403
45 480
45 496
49 65
49 71
49 85
49 108
49 175
49 248
49 260
49 346
49 366
49 376
49 378
49 433
49 461
49 492
50 115
50 152
50 235
50 260
50 321
50 334
50 359
50 372
50 381
50 437
50 444
50 539
50 548
51 82
51 178
51 272
51 347
51 381
51 412
51 414
51 438
51 456
51 461
51 494
51 529
51 570
51 578
59 60
59 121
59 123
59 124
59 186
59 297
59 623
60 152
71 152
78 152
142 152
143 152
144 152
152 243
152 288
152 433
152 467
83 170
103 170
138 170
170 181
170 261
170 274
170 279
170 280
170 290
170 295
170 326
170 331
170 340
170 343
170 357
170 388
170 444
170 502
170 570
62 328
128 328
180 328
211 328
294 328
309 328
328 354
328 379
328 380
328 395
62 365
97 365
206 365
208 365
253 365
292 365
321 365
322 365
326 365
365 374
365 377
365 403
365 425
365 524
88 382
106 382
133 382
134 382
142 382
332 382
366 382
369 382
382 518
382 594
382 629
54 112
54 178
54 251
54 299
54 318
54 319
54 378
54 380
54 386
54 420
54 514
54 578
65 100
100 149
100 334
100 405
100 514
100 546
82 129
110 129
111 129
112 129
115 129
116 129
120 129
129 166
129 181
129 303
129 347
129 355
129 381
129 417
97 172
142 172
172 181
172 184
172 190
172 231
172 255
172 257
172 260
172 305
172 336
172 349
172 359
172 376
172 388
172 397
172 452
172 458
172 459
172 460
172 461
172 482
172 532
172 604
172 605
172 606
172 612
85 174
112 174
149 174
150 174
174 195
174 266
174 280
174 300
174 313
174 381
174 391
174 395
174 428
174 477
174 627
65 251
145 251
214 251
216 251
247 251
251 317
251 326
251 339
251 369
251 488
251 489
87 252
116 252
146 252
216 252
223 252
229 252
252 262
252 279
252 299
252 310
252 326
252 329
252 343
252 388
252 405
252 428
252 437
252 442
252 456
252 462
252 481
252 627
116 253
120 253
176 253
216 253
253 287
253 359
253 429
253 433
253 461
253 475
253 482
98 260
120 260
220 260
260 261
260 262
260 279
260 286
260 294
260 295
260 321
260 326
260 343
260 359
260 385
260 398
260 428
260 434
260 484
260 496
85 290
86 290
88 290
183 290
190 290
290 349
290 391
290 434
290 482
290 510
55 302
120 302
210 302
212 302
246 302
264 302
302 389
302 429
302 445
302 592
302 626
52 306
55 306
65 306
88 306
98 306
133 306
204 306
214 306
306 322
306 333
306 349
306 366
306 391
306 417
306 446
306 481
306 484
306 488
190 329
211 329
319 329
320 329
329 347
329 381
329 388
329 400
329 428
329 436
329 447
329 468
329 546
83 335
84 335
86 335
87 335
146 335
266 335
309 335
325 335
335 336
335 354
335 359
335 386
335 388
335 441
335 557
335 605
335 606
212 374
297 374
331 374
334 374
349 374
359 374
374 417
374 526
374 594
374 602
86 375
88 375
124 375
169 375
184 375
225 375
227 375
231 375
283 375
307 375
326 375
332 375
375 585
375 625
55 402
334 402
360 402
402 405
402 467
402 544
402 584
402 627
65 615
334 615
72 150
72 420
72 496
72 529
72 542
72 544
72 550
72 552
72 605
72 606
112 136
136 144
136 149
136 167
136 230
136 287
136 310
136 346
136 347
136 379
136 473
138 190
139 190
146 190
189 190
190 202
190 280
190 332
190 333
190 334
190 336
190 346
190 349
190 441
146 212
149 212
167 212
183 212
188 212
207 212
212 237
212 294
212 324
212 496
212 514
212 579
99 388
119 388
176 388
277 388
299 388
327 388
336 388
347 388
362 388
388 399
388 456
388 475
388 558
388 588
388 606
106 426
144 426
296 426
355 426
360 426
410 426
426 473
426 478
426 481
426 482
426 486
426 532
426 561
426 584
84 428
169 428
206 428
210 428
231 428
277 428
282 428
318 428
322 428
359 428
428 482
428 614
183 438
189 438
198 438
227 438
237 438
269 438
293 438
349 438
438 460
438 483
438 492
438 496
438 503
438 561
103 449
186 449
195 449
237 449
273 449
403 449
449 514
449 554
462 513
496 513
513 523
513 595
513 612
513 625
379 608
467 608
523 608
542 608
124 609
150 609
160 609
188 609
207 609
237 609
389 609
105 141
141 183
141 198
141 379
141 380
141 473
141 484
141 519
82 198
86 198
133 198
173 198
198 354
198 362
198 377
198 384
198 407
198 414
198 439
198 462
198 492
198 502
198 503
198 526
112 218
121 218
173 218
194 218
218 230
218 358
218 381
218 389
218 396
218 429
218 587
71 221
98 221
195 221
196 221
221 276
221 289
221 346
221 358
221 362
221 386
221 437
221 464
221 469
221 471
221 494
221 576
96 223
132 223
196 223
206 223
214 223
220 223
223 224
223 248
223 277
223 305
223 348
223 389
223 391
223 459
223 465
223 543
160 224
196 224
216 224
224 282
224 284
224 348
224 397
224 400
224 442
224 459
62 321
96 321
97 321
280 321
321 358
321 362
321 366
321 505
321 524
105 342
110 342
220 342
277 342
303 342
305 342
309 342
342 355
342 369
342 397
342 620
62 455
121 455
132 455
277 455
287 455
397 455
446 455
455 459
455 468
455 477
455 484
455 509
455 514
455 515
455 516
455 627
139 469
140 469
304 469
359 469
384 469
398 469
408 469
411 469
412 469
417 469
434 469
469 509
469 625
139 564
211 564
216 564
280 564
292 564
400 564
528 564
69 603
143 603
299 617
309 617
542 617
55 146
55 202
55 215
55 220
55 225
55 246
55 286
55 294
55 311
55 334
55 376
55 378
55 392
55 400
55 434
149 227
149 264
149 326
149 368
149 369
149 417
149 433
149 445
149 446
149 610
149 618
149 626
107 237
133 237
142 237
173 237
237 330
237 339
237 340
237 355
237 417
237 431
237 447
237 607
237 610
121 269
243 269
269 274
269 286
269 344
269 366
269 407
269 421
269 422
269 437
269 442
269 444
269 477
269 480
269 481
269 505
269 507
178 286
233 286
246 286
264 286
286 307
286 325
286 326
286 327
286 421
286 482
286 489
286 599
84 322
120 322
121 322
273 322
280 322
310 322
322 325
322 333
322 347
322 348
322 355
322 357
322 363
322 368
322 369
322 403
322 424
56 360
132 360
145 360
183 360
215 360
318 360
325 360
330 360
360 362
360 407
360 416
360 421
360 425
360 519
78 372
119 372
128 372
142 372
318 372
325 372
340 372
363 372
372 384
372 416
91 408
103 408
133 408
266 408
272 408
297 408
340 408
344 408
357 408
408 413
408 468
408 475
408 486
408 488
408 489
408 521
88 415
145 415
217 415
303 415
330 415
357 415
415 416
415 425
415 478
415 490
415 491
88 471
233 471
366 471
384 471
471 509
471 521
124 555
150 555
299 555
312 555
317 555
425 555
299 582
380 582
523 582
128 368
325 368
368 424
368 425
368 427
52 403
85 403
86 403
98 403
173 403
178 403
277 403
403 460
403 464
403 468
144 421
183 421
247 421
287 421
309 421
326 421
411 421
421 479
421 482
421 485
421 488
421 492
421 493
421 551
84 431
108 431
175 431
188 431
194 431
210 431
231 431
431 496
431 560
431 589
431 610
431 614
431 621
324 446
373 446
445 446
446 463
446 514
446 532
446 546
215 450
230 450
334 450
369 450
450 488
450 492
450 493
450 523
91 454
220 454
299 454
357 454
369 454
392 454
397 454
416 454
447 454
454 545
454 548
454 549
454 550
454 552
454 554
454 558
454 620
52 56
52 78
56 108
56 140
56 230
56 231
56 257
56 313
56 326
56 392
56 395
56 461
56 491
56 493
56 502
56 503
56 539
56 576
58 82
82 97
82 142
82 187
82 189
82 194
82 195
82 196
82 197
82 229
82 378
82 453
82 537
82 591
71 106
106 217
106 284
106 330
106 340
106 344
106 356
106 399
106 405
106 526
106 539
71 134
96 134
134 166
134 167
134 211
134 266
134 273
134 340
134 384
134 473
134 563
60 160
160 278
160 397
160 400
160 534
160 547
160 607
160 610
160 626
65 103
65 178
65 183
65 206
65 272
65 295
65 334
65 377
65 579
69 98
69 196
69 331
69 484
69 531
69 532
69 534
69 539
69 545
69 576
96 439
123 439
184 439
208 439
296 439
300 439
349 439
377 439
379 439
383 439
439 510
439 587
116 518
124 518
304 518
414 518
453 518
518 524
518 587
518 589
518 591
87 112
88 112
112 146
112 178
112 217
112 234
112 261
112 296
112 319
112 333
112 336
112 399
112 502
112 559
112 580
115 150
115 225
115 234
115 293
115 303
115 304
115 312
115 317
115 516
115 523
115 583
115 589
115 590
115 598
115 618
128 150
150 315
150 496
150 515
150 538
150 626
150 633
175 186
186 188
186 199
186 202
186 203
186 204
186 206
186 219
186 232
186 326
186 511
186 569
103 318
178 318
199 318
246 318
247 318
262 318
272 318
279 318
300 318
318 343
318 357
318 358
318 362
318 363
318 529
318 532
318 539
318 568
139 546
357 546
447 546
526 546
78 584
175 584
210 584
389 584
425 584
459 584
58 86
83 86
85 86
86 139
86 181
86 184
86 313
86 346
86 359
86 385
86 461
86 576
86 600
121 143
143 344
143 389
143 464
143 473
143 486
143 503
143 524
143 525
143 528
143 545
121 219
124 219
194 219
206 219
219 309
219 602
98 284
139 284
142 284
230 284
233 284
235 284
284 309
284 326
284 327
284 344
284 355
284 366
284 369
284 436
284 460
284 503
121 315
124 315
315 340
315 485
315 510
315 524
315 531
315 545
248 355
320 355
324 355
330 355
339 355
349 355
355 369
355 399
355 544
197 357
247 357
317 357
357 366
357 396
357 410
357 411
357 414
87 399
103 399
255 399
261 399
266 399
274 399
283 399
289 399
309 399
347 399
354 399
383 399
395 399
399 442
399 452
399 464
399 477
399 480
399 485
399 486
399 532
399 570
399 595
91 412
105 412
138 412
140 412
153 412
208 412
300 412
324 412
343 412
395 412
412 427
412 434
412 489
412 490
412 492
412 532
105 413
138 413
142 413
255 413
261 413
274 413
283 413
304 413
411 413
413 478
413 489
413 492
153 441
208 441
229 441
230 441
248 441
303 441
376 441
383 441
385 441
441 489
441 495
441 496
441 524
441 576
441 594
441 602
71 464
167 464
197 464
225 464
274 464
282 464
288 464
293 464
362 464
414 464
461 464
462 464
464 479
464 488
464 493
58 83
58 84
58 85
58 87
58 121
58 407
58 425
58 442
62 71
71 83
71 85
71 91
71 140
71 181
71 194
71 296
71 319
71 323
71 377
71 392
71 458
71 462
71 484
71 528
94 99
99 133
99 196
99 229
99 274
99 287
99 336
99 369
99 381
99 385
99 389
99 395
99 396
99 460
99 565
133 166
145 166
146 166
166 194
166 363
166 396
166 600
103 176
120 176
176 197
176 227
176 379
176 396
176 434
176 437
176 478
176 481
87 196
195 196
196 197
196 216
196 220
196 225
196 303
196 362
196 407
196 480
98 217
169 217
175 217
189 217
194 217
195 217
207 217
217 227
217 344
217 346
217 377
217 383
217 384
217 385
217 539
138 248
207 248
247 248
248 262
248 287
248 297
248 354
248 436
248 465
248 473
248 477
248 482
248 483
248 484
248 495
110 262
208 262
210 262
220 262
246 262
262 287
262 326
262 391
262 417
262 420
262 495
105 319
145 319
273 319
279 319
280 319
295 319
319 334
319 343
319 347
319 358
319 395
319 398
319 434
319 465
319 477
319 478
319 576
319 588
144 323
231 323
280 323
323 376
323 405
323 425
323 453
323 553
323 583
323 591
323 611
323 612
111 332
169 332
209 332
287 332
295 332
299 332
303 332
310 332
332 434
332 588
87 334
88 334
294 334
312 334
333 334
334 386
334 525
105 336
210 336
227 336
257 336
300 336
336 339
336 475
336 537
97 354
103 354
120 354
304 354
324 354
330 354
333 354
340 354
354 366
354 384
354 490
354 495
88 378
97 378
139 378
204 378
208 378
333 378
378 538
378 581
378 590
62 110
110 116
110 138
110 145
110 169
110 247
110 279
110 282
110 287
110 325
110 479
108 187
142 187
153 187
173 187
181 187
183 187
184 187
187 189
187 194
187 547
187 549
187 594
78 189
175 189
181 189
188 189
189 203
189 429
189 534
189 561
189 605
105 339
153 339
178 339
209 339
305 339
327 339
339 383
339 475
339 529
339 542
339 552
87 452
120 452
197 452
209 452
331 452
384 452
420 452
452 456
452 548
121 453
184 453
210 453
385 453
389 453
453 473
453 521
108 515
515 529
515 595
144 542
496 542
542 626
181 549
194 549
293 549
391 549
78 270
78 397
78 458
78 550
78 552
78 580
194 216
199 216
216 243
216 255
216 257
216 383
216 400
91 385
98 385
133 385
139 385
231 385
246 385
331 385
349 385
362 385
363 385
385 397
385 437
385 510
385 558
385 605
385 627
348 400
400 405
400 442
119 405
210 405
214 405
229 405
274 405
276 405
320 405
381 405
405 420
405 463
405 528
405 627
380 552
83 153
83 194
83 206
83 257
83 280
83 383
83 396
83 447
83 587
87 105
87 140
87 180
87 208
87 227
87 362
87 381
87 478
87 579
94 107
94 173
94 215
94 327
94 531
94 540
94 543
94 565
94 586
60 153
144 153
153 210
153 232
153 233
153 234
153 305
153 559
119 175
175 183
175 184
175 202
175 611
235 282
276 282
278 282
282 346
282 433
282 456
282 460
282 463
282 483
138 369
197 369
243 369
303 369
327 369
340 369
344 369
369 456
369 503
369 519
380 556
380 559
380 569
380 613
380 628
98 383
119 383
144 383
277 383
348 383
383 398
383 420
383 445
383 459
383 465
383 466
383 480
383 523
383 547
383 611
98 386
173 386
261 386
307 386
324 386
347 386
386 570
386 579
225 456
233 456
274 456
276 456
434 456
456 460
456 479
456 492
462 511
511 612
511 625
121 528
142 528
144 528
173 528
278 528
444 528
484 528
510 528
528 529
528 544
528 554
111 531
116 531
211 531
531 544
531 592
531 612
531 614
60 429
84 429
183 429
184 429
207 429
231 429
296 429
373 429
429 489
429 495
429 589
429 593
429 622
96 447
128 447
144 447
169 447
183 447
359 447
384 447
447 466
447 493
142 463
276 463
362 463
398 463
461 463
463 494
108 604
140 604
210 604
340 604
389 604
526 604
60 202
60 551
60 623
62 91
62 325
62 333
62 389
62 407
62 416
62 526
139 227
142 227
169 227
183 227
199 227
227 294
227 381
227 590
119 310
310 595
230 503
356 503
444 503
495 503
91 120
91 142
91 184
91 377
91 407
91 523
91 534
91 590
111 142
111 274
111 356
111 358
111 373
111 376
111 377
111 379
111 397
111 540
111 576
111 587
124 184
142 184
184 293
184 384
184 422
184 427
184 445
184 460
184 488
184 547
184 589
183 199
199 229
199 230
199 231
199 243
199 246
199 509
124 270
270 276
270 356
270 373
270 384
270 407
270 442
270 507
204 307
295 307
307 425
307 475
307 563
144 397
183 397
215 397
384 397
392 397
425 599
427 599
507 599
84 183
183 376
183 384
183 416
183 427
183 436
183 437
183 616
145 195
195 214
195 220
105 202
202 204
202 232
105 305
116 305
121 305
173 305
204 305
305 309
305 327
305 340
305 343
305 344
305 347
305 376
305 481
305 496
305 539
229 462
230 462
255 462
274 462
343 462
460 462
462 465
462 480
462 489
462 509
462 510
462 512
462 595
120 491
243 491
324 491
363 491
410 491
414 491
416 491
427 491
460 491
373 559
108 203
133 203
180 203
203 232
203 541
203 631
215 220
220 261
220 459
225 229
225 376
225 416
225 459
230 234
234 257
234 358
234 512
234 540
234 600
234 602
232 264
264 295
264 297
264 300
264 303
264 304
119 272
145 272
272 433
272 623
145 273
204 273
214 273
273 278
273 459
274 309
274 327
274 433
274 434
274 436
274 444
274 477
274 481
274 489
132 292
133 292
214 292
247 292
292 381
292 391
292 486
188 433
238 433
309 433
349 433
373 433
433 482
433 489
433 495
433 532
433 560
132 437
197 437
276 437
349 437
414 437
425 437
437 460
437 561
123 574
257 574
373 574
88 211
88 311
88 348
138 206
138 229
138 247
138 384
138 407
138 410
138 411
138 414
138 473
132 246
139 246
167 246
207 246
246 300
246 309
246 347
246 349
246 366
246 373
246 407
246 477
96 280
235 280
280 324
280 466
280 519
133 294
243 294
294 331
294 333
294 488
294 509
145 327
146 327
257 327
277 327
324 327
327 376
327 411
327 557
327 577
98 346
146 346
261 346
309 346
311 346
326 346
346 514
84 331
97 331
173 331
211 331
331 359
331 362
331 373
331 579
120 140
120 142
120 411
120 425
120 434
120 460
120 465
120 496
120 568
288 289
288 297
288 356
288 424
288 475
288 477
288 478
288 485
288 507
288 519
84 340
96 340
145 340
311 340
340 343
340 347
340 356
145 344
255 344
344 359
344 411
344 461
344 495
344 612
108 381
231 381
333 381
381 445
381 502
381 510
381 540
381 560
381 577
381 583
381 624
139 424
247 424
261 424
287 424
289 424
417 424
424 466
424 489
424 507
140 146
140 231
140 261
140 366
140 547
140 625
84 505
97 505
105 505
178 505
325 505
363 505
468 505
482 505
84 594
232 594
333 594
458 594
466 594
85 377
85 414
85 507
96 103
103 209
103 243
103 356
103 363
103 376
103 407
103 414
103 468
108 257
108 514
108 516
108 606
108 616
145 167
145 209
145 247
145 261
145 392
145 563
96 167
97 167
107 167
167 197
167 204
167 235
167 325
123 169
169 181
169 324
169 475
169 579
119 391
247 391
257 391
287 391
377 391
391 420
391 495
391 539
391 596
142 436
276 436
303 436
349 436
436 461
436 524
436 560
436 602
84 96
96 98
96 178
96 311
96 333
96 362
96 407
96 414
105 146
105 257
105 363
105 366
105 565
105 576
105 577
107 359
173 359
208 359
209 359
231 359
238 359
358 359
359 422
359 492
359 495
277 442
278 442
303 442
362 442
384 442
442 465
442 468
229 465
261 465
465 602
238 507
279 507
283 507
296 507
475 507
477 507
479 507
493 507
507 509
507 521
97 128
97 247
97 358
97 526
146 180
146 197
146 210
146 214
146 295
146 358
146 490
146 588
178 325
178 362
178 410
214 570
320 570
330 570
132 209
209 458
209 467
209 526
209 544
209 558
209 616
229 230
229 257
229 277
229 278
229 320
229 434
229 612
266 324
304 324
324 343
324 349
324 376
324 417
343 417
343 493
358 379
358 623
358 624
119 395
395 416
395 481
395 494
119 396
233 396
297 396
330 396
362 396
366 396
396 420
396 467
396 477
396 481
396 596
529 534
529 538
529 547
529 550
529 616
142 384
144 317
144 483
144 510
144 532
144 537
144 550
379 534
379 598
379 613
173 611
194 611
207 611
139 173
173 181
173 211
173 231
173 521
173 557
173 560
173 577
173 605
297 349
311 349
349 407
349 422
206 377
276 377
317 377
377 468
84 389
139 389
181 389
366 389
389 407
389 551
389 597
119 460
347 460
427 460
460 480
460 490
460 557
460 558
460 560
460 624
299 545
309 545
116 123
123 214
123 215
123 526
123 548
123 569
180 255
180 257
180 320
180 488
208 257
208 276
208 492
208 537
208 553
208 557
243 266
266 407
278 299
278 317
278 376
278 521
243 297
297 304
297 309
297 320
116 510
289 510
317 510
510 525
510 610
510 622
300 585
467 590
526 590
467 597
303 598
304 598
425 598
523 598
300 621
521 621
525 621
526 621
537 621
427 622
522 622
524 622
525 622
181 445
181 467
181 526
181 537
181 591
215 493
230 493
243 493
296 493
330 493
366 493
384 493
417 493
486 493
493 495
107 565
133 565
211 565
215 565
197 480
215 480
255 480
320 480
425 480
459 480
107 496
116 496
116 119
119 210
119 309
119 392
119 512
293 326
293 458
293 534
293 547
206 569
512 573
537 573
540 573
133 577
98 211
197 211
204 211
211 326
211 330
303 553
330 553
362 553
459 553
466 553
232 557
257 595
414 595
532 595
540 595
541 595
231 612
509 612
540 612
276 366
366 410
366 483
366 485
366 602
326 376
376 479
376 560
376 561
276 461
414 461
420 461
434 461
444 461
461 468
461 473
461 479
461 483
461 532
230 492
257 492
283 492
320 492
411 492
414 492
492 625
206 235
235 243
235 257
235 279
235 283
235 623
243 444
363 444
444 486
444 509
197 539
238 539
524 539
539 587
539 601
128 347
311 347
347 362
347 414
233 414
255 414
296 414
309 414
414 478
414 490
414 519
215 494
261 494
363 494
425 494
494 521
98 287
98 303
98 330
107 116
116 132
116 210
116 238
116 296
116 538
116 540
116 560
207 232
232 276
232 313
232 620
210 233
231 233
233 276
233 407
233 467
233 537
230 356
276 356
356 417
356 466
299 326
299 551
276 420
313 420
420 600
362 514
363 514
204 215
215 526
311 348
392 458
392 519
303 434
309 434
363 434
417 434
434 473
434 482
434 509
230 276
230 458
230 482
230 502
231 483
231 537
231 568
257 495
257 568
277 313
313 325
313 468
206 326
247 326
276 326
296 326
326 348
326 373
495 502
210 482
210 583
333 425
348 425
410 425
425 458
425 490
526 623
509 624
512 624
525 624
540 624
84 422
84 427
84 524
84 602
121 289
121 317
121 458
247 407
407 482
407 483
407 485
407 519
407 544
407 551
124 521
124 525
124 550
124 613
304 551
417 551
466 551
207 243
243 279
243 289
243 295
243 296
243 309
276 489
283 489
289 489
458 489
489 495
489 541
489 628
325 348
325 416
325 600
333 362
333 384
139 416
261 416
416 479
416 482
416 483
526 589
526 592
526 607
214 309
309 410
312 537
312 544
312 554
512 625
512 628
206 541
295 417
295 468
295 541
289 522
289 541
133 616
139 384
287 384
296 384
384 490
330 473
411 473
255 484
363 484
484 509
197 532
317 532
532 544
532 561
317 534
524 534
194 204
194 547
194 554
194 605
296 303
362 458
458 524
107 544
362 544
255 495
320 495
467 495
485 495
495 620
214 261
261 330
261 417
261 459
276 541
283 541
128 363
303 363
363 519
197 478
247 478
478 485
478 486
478 509
490 521
521 523
521 592
521 610
139 417
197 207
197 279
197 287
197 475
197 477
197 479
197 481
197 519
238 537
523 537
537 556
537 592
537 593
422 591
519 591
247 422
287 422
320 422
422 481
422 486
422 592
422 614
283 427
427 481
427 610
524 556
524 607
524 628
398 602
468 602
362 475
362 482
362 560
207 348
348 410
466 488
207 247
247 330
247 568
523 525
523 607
523 618
523 633
373 558
373 561
373 625
207 556
317 556
207 592
107 560
540 628
128 204
509 596
128 627
287 330
287 410
303 410
283 330
330 475
279 320
279 486
132 300
214 300
300 479
300 592
300 610
411 468
417 560
459 560
467 516
417 479
317 525
467 538
488 592
411 482
411 486
255 568
467 525
525 614
459 554
417 485
417 561
445 477
398 629
255 410
410 485
410 486
522 625
283 519
519 610
320 486
283 509
398 445
445 481
445 632
522 610
509 620
467 593
255 485
320 475
522 592
522 561
522 614
