1 2
1 3
1 4
1 6
1 13
1 44
1 46
1 204
1 223
1 279
1 280
1 300
1 340
1 352
1 377
1 401
1 434
1 441
1 443
1 459
1 532
1 572
2 5
2 7
2 9
2 19
2 67
2 103
2 367
2 407
2 427
2 447
2 544
2 603
3 6
3 8
3 9
3 10
3 11
3 14
3 27
3 29
3 129
3 133
3 141
3 142
3 153
3 260
3 281
3 291
3 339
3 350
3 458
3 528
3 545
3 552
4 5
4 7
4 10
4 12
4 15
4 19
4 21
4 53
4 58
4 88
4 105
4 124
4 172
4 175
4 178
4 185
4 218
4 222
4 233
4 293
4 408
4 552
6 10
6 11
6 12
6 14
6 15
6 16
6 17
6 21
6 110
6 145
6 164
6 193
6 332
6 350
6 371
6 375
6 386
6 427
6 461
5 13
10 13
13 16
13 20
13 21
13 30
13 32
13 34
13 87
13 156
13 197
13 199
13 224
13 237
13 241
13 322
13 327
13 349
13 370
13 377
13 405
13 441
13 520
25 44
29 44
38 44
42 44
44 45
44 70
44 72
44 74
44 75
44 76
44 81
44 94
44 129
44 136
44 189
44 300
44 303
44 326
44 362
44 363
44 401
44 407
44 418
44 419
44 502
29 46
31 46
38 46
46 62
46 63
46 69
46 81
46 82
46 134
46 166
46 185
46 280
46 303
46 370
46 375
46 386
46 390
46 408
46 432
46 444
46 472
46 571
46 633
9 204
22 204
33 204
52 204
60 204
76 204
125 204
128 204
141 204
146 204
155 204
156 204
204 240
204 294
204 306
204 319
204 332
204 357
204 369
204 376
204 408
204 414
204 415
204 419
204 433
204 566
30 223
63 223
89 223
90 223
107 223
110 223
132 223
134 223
144 223
193 223
223 269
223 307
223 309
223 395
223 409
223 437
223 439
223 468
223 577
64 279
78 279
94 279
114 279
115 279
118 279
147 279
210 279
212 279
279 293
279 306
279 349
279 408
279 461
279 501
279 502
28 280
73 280
85 280
111 280
114 280
116 280
148 280
225 280
232 280
280 304
280 307
280 318
280 356
280 411
280 419
280 490
280 501
280 514
280 526
280 622
59 300
110 300
130 300
300 305
300 309
300 342
300 344
300 412
300 417
300 418
300 423
300 487
300 513
300 573
75 340
144 340
145 340
188 340
284 340
289 340
308 340
340 377
340 401
340 446
340 474
340 494
340 533
340 556
340 582
340 607
340 624
9 352
89 352
153 352
172 352
176 352
180 352
240 352
255 352
259 352
261 352
304 352
317 352
352 417
352 433
352 434
352 450
352 532
352 562
33 377
34 377
42 377
139 377
156 377
167 377
168 377
226 377
238 377
302 377
304 377
305 377
345 377
377 455
377 468
377 540
5 401
12 401
72 401
81 401
103 401
121 401
123 401
126 401
196 401
251 401
281 401
304 401
309 401
401 440
401 441
401 472
401 473
401 474
401 555
401 564
401 620
401 629
67 434
82 434
141 434
192 434
222 434
226 434
228 434
241 434
292 434
320 434
362 434
395 434
430 434
434 482
434 509
434 512
434 520
434 526
434 575
434 595
434 613
49 441
178 441
210 441
224 441
227 441
235 441
251 441
259 441
284 441
331 441
335 441
380 441
393 441
394 441
397 441
403 441
414 441
432 441
441 498
441 576
441 602
32 443
35 443
92 443
114 443
178 443
182 443
184 443
213 443
225 443
291 443
322 443
342 443
356 443
392 443
399 443
402 443
403 443
17 459
68 459
72 459
78 459
80 459
146 459
162 459
164 459
169 459
212 459
213 459
246 459
248 459
249 459
255 459
257 459
262 459
294 459
346 459
405 459
425 459
426 459
459 516
459 575
200 532
207 532
285 532
339 532
345 532
348 532
390 532
21 572
45 572
137 572
205 572
216 572
221 572
238 572
358 572
384 572
439 572
5 8
5 9
5 11
5 12
5 39
5 53
5 109
5 123
5 125
5 128
5 135
5 140
5 322
5 348
5 350
5 351
5 566
5 576
5 594
7 11
7 14
7 17
7 39
7 84
7 98
7 105
7 109
7 129
7 152
7 194
7 196
7 201
7 202
7 203
7 208
7 215
7 217
7 293
7 304
7 376
7 465
7 523
9 14
9 18
9 19
9 20
9 94
9 130
9 207
9 240
9 247
9 259
9 263
9 281
9 410
9 533
9 590
10 19
11 19
14 19
19 23
19 24
19 27
19 142
19 203
19 219
19 243
19 292
19 330
19 339
19 348
19 368
19 376
19 410
19 603
15 67
40 67
56 67
67 89
67 90
67 93
67 103
67 107
67 109
67 115
67 122
67 124
67 127
67 145
67 149
67 151
67 160
67 163
67 164
67 165
67 168
67 173
67 177
67 178
67 179
67 180
67 181
67 182
67 183
67 184
67 185
67 186
67 193
67 202
67 289
67 313
67 347
67 437
67 583
50 103
86 103
89 103
96 103
100 103
103 163
103 251
103 281
103 282
103 319
103 320
103 353
103 376
103 391
103 402
103 403
103 407
103 430
103 438
22 367
45 367
65 367
68 367
72 367
91 367
128 367
161 367
180 367
181 367
182 367
185 367
242 367
244 367
246 367
258 367
306 367
308 367
311 367
322 367
367 440
367 488
367 490
367 555
367 564
367 610
200 407
205 407
236 407
248 407
305 407
328 407
339 407
350 407
390 407
407 410
407 466
407 467
407 497
407 533
407 579
48 427
129 427
133 427
216 427
219 427
263 427
427 447
427 455
427 456
427 582
427 609
427 620
107 447
165 447
227 447
228 447
230 447
231 447
353 447
447 466
447 483
447 496
348 544
349 544
350 544
412 544
425 544
235 603
284 603
361 603
380 603
404 603
8 11
8 15
8 16
8 17
8 18
8 22
8 29
8 36
8 74
8 127
8 139
8 149
8 222
8 224
8 259
8 301
8 491
8 502
8 536
10 15
10 18
10 20
10 37
10 98
10 199
10 239
10 263
10 266
10 285
10 310
10 368
10 405
10 493
10 502
10 580
11 15
11 16
11 20
11 23
11 26
11 27
11 29
11 33
11 34
11 55
11 78
11 139
11 207
11 209
11 267
11 349
11 350
11 370
11 396
11 405
11 409
14 20
14 24
14 254
14 261
14 291
14 294
14 310
14 355
14 458
14 499
14 530
14 542
20 27
27 30
27 38
27 40
27 77
27 139
27 153
27 170
27 175
27 360
27 410
27 528
27 537
27 540
21 29
24 29
25 29
29 39
29 40
29 41
29 42
29 43
29 45
29 138
29 199
29 209
29 315
29 326
29 418
29 464
29 536
37 129
57 129
81 129
127 129
129 133
129 181
129 258
129 303
129 305
129 309
129 311
129 339
129 350
129 569
56 133
58 133
81 133
99 133
133 138
133 153
133 200
133 214
133 227
133 261
133 297
133 306
133 319
133 320
133 370
133 399
133 461
12 141
59 141
75 141
82 141
98 141
104 141
109 141
112 141
141 160
141 244
141 245
141 251
141 291
141 301
141 313
141 334
141 335
141 343
141 353
141 391
141 410
141 431
141 461
60 142
106 142
142 179
142 184
142 244
142 293
142 298
142 336
142 337
142 344
142 348
142 385
142 387
142 411
142 415
142 424
35 153
59 153
69 153
73 153
76 153
82 153
92 153
94 153
97 153
122 153
126 153
137 153
138 153
153 163
153 185
153 198
153 201
153 230
153 242
153 299
153 320
153 337
153 349
153 350
153 389
153 584
12 260
108 260
109 260
135 260
260 304
260 344
260 376
260 399
260 413
260 419
260 471
260 475
260 477
260 478
260 493
260 567
26 281
28 281
89 281
95 281
109 281
113 281
114 281
117 281
143 281
179 281
185 281
220 281
249 281
281 312
281 384
281 546
281 562
281 604
25 291
50 291
51 291
76 291
84 291
92 291
109 291
120 291
122 291
126 291
144 291
166 291
196 291
215 291
220 291
243 291
246 291
255 291
262 291
277 291
278 291
291 293
291 328
291 345
291 384
291 452
291 454
291 575
28 339
143 339
160 339
162 339
170 339
179 339
181 339
322 339
339 473
339 477
339 492
339 502
339 531
339 537
339 555
24 350
41 350
151 350
170 350
176 350
212 350
243 350
284 350
305 350
338 350
350 499
350 529
350 530
350 545
350 552
350 582
73 458
77 458
165 458
267 458
284 458
327 458
343 458
431 458
458 557
458 558
458 613
458 615
458 623
458 627
458 628
26 528
203 528
205 528
268 528
337 528
360 528
405 528
47 545
259 545
267 545
338 545
380 545
409 545
344 552
362 552
363 552
371 552
415 552
420 552
12 15
12 17
12 18
12 21
12 22
12 66
12 72
12 89
12 158
12 175
12 199
12 240
12 293
12 309
12 312
12 317
12 400
12 522
12 576
12 588
15 22
15 23
15 150
15 177
15 302
15 342
15 347
15 387
15 411
15 412
15 467
15 515
15 574
21 40
21 82
21 85
21 126
21 194
21 199
21 206
21 239
21 310
21 412
21 435
21 529
21 555
21 633
34 53
38 53
42 53
53 59
53 90
53 104
53 105
53 109
53 110
53 111
53 112
53 113
53 121
53 199
53 205
53 363
53 378
53 419
53 420
53 437
53 468
35 58
37 58
38 58
42 58
45 58
58 123
58 124
58 130
58 131
58 132
58 134
58 144
58 163
58 166
58 177
58 203
58 308
58 332
58 457
58 559
49 88
63 88
86 88
88 92
88 101
88 102
88 154
88 169
88 170
88 171
88 186
88 196
88 217
88 227
88 228
88 235
88 252
88 253
88 255
88 323
88 324
88 366
88 369
52 105
64 105
76 105
95 105
98 105
101 105
105 146
105 155
105 192
105 237
105 249
105 252
105 253
105 254
105 256
105 257
105 296
105 307
105 319
105 324
105 343
105 376
105 391
105 409
105 422
105 588
57 124
60 124
87 124
112 124
124 176
124 181
124 185
124 254
124 285
124 301
124 305
124 306
124 326
124 330
124 341
124 346
124 422
124 425
65 172
66 172
95 172
151 172
172 173
172 174
172 195
172 236
172 237
172 240
172 241
172 242
172 245
172 272
172 318
172 329
172 347
172 351
172 384
172 385
172 422
25 175
62 175
85 175
92 175
102 175
139 175
156 175
175 246
175 282
175 298
175 299
175 312
175 316
175 325
175 366
175 370
175 406
69 178
70 178
97 178
167 178
178 180
178 183
178 216
178 277
178 282
178 295
178 331
178 358
178 368
178 382
178 390
178 599
22 185
65 185
66 185
77 185
128 185
160 185
164 185
176 185
185 231
185 259
185 261
185 264
185 284
185 318
185 321
185 388
185 425
185 634
80 218
81 218
188 218
197 218
218 227
218 229
218 297
218 343
218 353
218 354
218 355
218 392
218 399
218 426
218 428
218 430
218 575
52 222
82 222
98 222
106 222
155 222
180 222
190 222
216 222
222 264
222 285
222 289
222 304
222 332
222 342
222 371
222 380
222 419
222 431
222 435
222 436
50 233
91 233
98 233
216 233
233 284
233 298
233 324
233 325
233 344
233 346
233 380
233 396
233 451
233 574
84 293
120 293
128 293
130 293
132 293
139 293
236 293
258 293
293 305
293 328
293 345
293 408
293 580
293 581
92 408
95 408
96 408
137 408
140 408
201 408
203 408
205 408
232 408
236 408
240 408
262 408
408 579
408 616
17 39
30 39
34 39
39 45
39 54
39 59
39 60
39 62
39 63
39 65
39 66
39 136
39 207
39 239
39 303
39 318
39 319
39 411
39 414
39 461
39 565
16 109
54 109
77 109
92 109
95 109
109 113
109 176
109 237
109 248
109 250
109 262
109 263
109 465
109 504
109 570
43 123
52 123
57 123
75 123
120 123
123 128
123 136
123 203
123 254
123 264
123 301
123 302
123 303
123 304
123 312
123 313
123 409
123 537
123 585
43 125
57 125
59 125
71 125
112 125
125 205
125 208
125 227
125 263
125 307
125 308
125 309
125 511
57 128
84 128
120 128
128 132
128 206
128 207
128 263
128 265
128 310
128 395
128 405
128 597
85 135
87 135
89 135
131 135
135 140
135 240
135 252
135 257
135 289
135 306
135 314
135 322
135 342
135 348
135 357
135 358
135 359
135 396
135 399
50 140
59 140
62 140
66 140
140 145
140 147
140 179
140 241
140 271
140 325
140 327
140 329
140 331
140 332
140 333
140 376
137 322
173 322
235 322
237 322
242 322
256 322
273 322
284 322
286 322
290 322
322 344
322 373
322 395
322 397
322 409
322 449
322 457
322 521
18 348
116 348
210 348
230 348
348 404
348 446
348 475
348 598
66 351
74 351
89 351
90 351
152 351
244 351
294 351
301 351
351 433
351 486
351 489
351 490
351 524
351 546
351 624
110 566
121 566
305 566
369 566
372 566
375 566
397 566
17 576
18 576
73 576
169 576
243 576
380 576
259 594
396 594
442 594
16 22
16 36
16 81
16 137
16 181
16 196
16 198
16 303
16 333
16 347
16 390
16 448
16 473
16 483
16 484
16 489
16 543
17 24
17 25
17 33
17 80
17 205
17 206
17 250
17 255
17 314
17 347
17 366
17 575
17 577
17 578
17 606
25 110
55 110
78 110
98 110
101 110
110 112
110 149
110 157
110 159
110 173
110 229
110 251
110 256
110 259
110 264
110 284
110 324
110 402
110 425
49 145
56 145
61 145
78 145
81 145
121 145
145 149
145 152
145 241
145 331
145 334
145 338
145 398
145 429
145 450
145 451
22 164
31 164
57 164
63 164
79 164
134 164
164 169
164 192
164 212
164 245
164 255
164 266
164 289
164 297
164 306
164 317
164 346
164 353
164 371
164 372
164 381
164 425
20 193
23 193
25 193
35 193
54 193
69 193
71 193
193 200
193 210
193 220
193 230
193 232
193 258
193 264
193 299
193 357
193 380
193 388
193 402
193 404
193 452
42 332
85 332
184 332
219 332
313 332
332 357
332 376
332 379
332 392
332 410
332 421
332 445
332 451
332 512
332 524
332 526
332 570
332 573
332 595
40 371
41 371
159 371
162 371
182 371
199 371
213 371
290 371
369 371
371 373
371 432
371 502
371 520
371 548
371 569
65 375
121 375
134 375
136 375
166 375
168 375
211 375
216 375
256 375
264 375
265 375
295 375
299 375
308 375
369 375
375 379
375 421
375 537
375 553
375 570
40 386
61 386
65 386
66 386
148 386
160 386
180 386
181 386
214 386
307 386
311 386
313 386
320 386
356 386
379 386
386 491
386 557
386 567
386 575
386 612
22 461
31 461
38 461
79 461
99 461
168 461
187 461
243 461
316 461
444 461
461 473
461 569
461 614
23 84
33 84
48 84
84 90
84 130
84 156
84 176
84 188
84 264
84 301
84 304
84 372
84 403
84 456
84 457
84 508
84 557
33 98
51 98
72 98
75 98
89 98
98 108
98 184
98 242
98 353
98 354
98 395
98 453
52 152
81 152
92 152
137 152
152 155
152 210
152 263
152 380
152 429
23 194
69 194
168 194
186 194
194 203
194 221
194 240
194 253
194 262
194 353
194 403
194 429
194 439
56 196
70 196
111 196
196 201
196 216
196 238
196 253
196 328
196 353
196 362
196 426
56 201
74 201
200 201
201 226
201 325
201 346
201 359
201 366
201 368
201 369
201 403
201 406
201 409
201 455
57 202
74 202
113 202
147 202
158 202
179 202
191 202
202 256
202 306
202 312
202 369
202 395
202 410
202 411
202 448
202 489
202 514
202 595
202 627
40 203
42 203
76 203
77 203
93 203
104 203
180 203
203 276
203 282
203 343
203 391
203 406
203 411
203 412
203 413
203 473
203 515
43 208
63 208
68 208
77 208
113 208
160 208
208 237
208 270
208 294
208 303
208 318
208 321
208 328
208 376
208 380
208 414
208 415
208 501
208 546
208 553
208 626
33 215
52 215
59 215
63 215
64 215
71 215
81 215
162 215
187 215
192 215
210 215
215 239
215 299
215 304
215 313
215 321
215 337
215 381
215 395
215 415
215 425
215 522
18 217
54 217
71 217
81 217
113 217
174 217
189 217
217 226
217 240
217 255
217 299
217 320
217 394
217 422
217 424
217 429
217 431
217 560
217 570
217 575
24 304
25 304
80 304
94 304
130 304
138 304
154 304
187 304
205 304
207 304
238 304
262 304
304 405
304 452
304 499
304 500
304 520
304 522
102 376
132 376
138 376
166 376
173 376
216 376
228 376
243 376
245 376
248 376
262 376
331 376
356 376
376 562
376 588
104 465
206 465
236 465
239 465
251 465
254 465
390 465
465 618
75 523
330 523
331 523
353 523
380 523
446 523
18 25
18 26
18 32
18 33
18 102
18 111
18 146
18 150
18 169
18 206
18 213
18 282
18 294
18 295
18 301
18 384
18 389
18 392
18 425
18 600
22 32
22 34
22 35
22 64
22 147
22 199
22 209
22 212
22 360
22 501
24 36
34 36
36 41
36 51
36 56
36 60
36 61
36 62
36 132
36 137
36 270
36 288
36 344
36 390
36 414
36 425
36 426
36 516
37 74
74 97
74 154
74 158
74 163
74 168
74 197
74 200
74 216
74 242
74 303
74 315
74 335
74 384
74 432
35 127
41 127
50 127
55 127
57 127
73 127
99 127
127 131
127 136
127 137
127 292
127 305
127 308
127 310
127 311
127 331
127 347
127 559
26 139
59 139
137 139
139 144
139 148
139 155
139 271
139 276
139 285
139 305
139 321
139 324
139 326
139 328
139 329
139 330
139 331
139 333
139 347
139 379
139 410
24 149
25 149
61 149
73 149
112 149
138 149
149 155
149 177
149 288
149 307
149 326
149 342
149 347
149 363
149 423
30 224
31 224
42 224
69 224
71 224
86 224
87 224
197 224
224 244
224 247
224 292
224 313
224 334
224 380
224 411
224 435
224 436
224 439
224 440
224 622
61 259
108 259
229 259
240 259
259 262
259 400
259 418
259 442
259 446
259 475
259 476
259 549
259 551
23 301
131 301
134 301
143 301
211 301
247 301
297 301
299 301
301 429
301 494
301 512
301 513
301 627
63 491
266 491
268 491
385 491
444 491
38 502
186 502
247 502
303 502
315 502
369 502
47 536
173 536
245 536
255 536
266 536
317 536
347 536
370 536
409 536
20 26
20 28
20 82
20 96
20 100
20 102
20 132
20 137
20 177
20 190
20 230
20 342
20 358
20 360
20 389
20 402
20 406
20 440
50 94
51 94
82 94
91 94
94 96
94 106
94 122
94 154
94 155
94 168
94 238
94 292
94 428
55 130
56 130
59 130
126 130
130 134
130 176
130 236
130 287
130 294
130 309
130 353
130 391
130 583
34 207
41 207
77 207
78 207
92 207
151 207
207 269
207 294
207 296
207 314
207 380
207 399
207 404
207 406
207 417
207 435
207 529
80 240
91 240
96 240
97 240
100 240
158 240
195 240
240 243
240 248
240 262
240 271
240 354
240 456
240 522
240 562
240 563
76 247
89 247
101 247
102 247
162 247
181 247
241 247
247 256
247 306
247 323
247 406
247 442
247 462
49 263
161 263
263 287
263 398
263 409
263 438
263 472
263 479
263 480
263 481
263 482
263 483
263 525
263 564
263 565
24 410
232 410
243 410
399 410
410 420
410 421
410 453
410 520
410 540
410 542
410 580
48 533
328 533
392 533
283 590
353 590
394 590
413 590
417 590
450 590
25 37
37 43
37 52
37 57
37 60
37 63
37 64
37 65
37 73
37 75
37 78
37 297
37 400
37 429
37 433
37 450
37 464
37 467
34 199
47 199
73 199
87 199
177 199
199 264
199 267
199 289
199 294
199 359
199 369
199 406
199 432
199 437
199 508
95 239
97 239
99 239
143 239
163 239
166 239
186 239
189 239
220 239
228 239
237 239
239 302
239 316
239 329
239 370
239 444
239 455
239 562
239 588
239 606
111 266
114 266
117 266
119 266
161 266
163 266
229 266
266 316
266 333
266 454
266 468
266 477
266 480
266 482
266 483
266 486
266 490
266 492
43 285
112 285
116 285
119 285
120 285
143 285
186 285
229 285
230 285
285 316
285 453
285 542
25 310
121 310
188 310
310 341
310 344
310 349
310 359
310 400
310 403
310 413
310 421
310 455
310 483
310 514
310 515
310 568
310 595
310 613
24 368
26 368
28 368
100 368
111 368
134 368
162 368
225 368
246 368
250 368
320 368
368 563
368 588
41 405
47 405
82 405
106 405
107 405
134 405
156 405
200 405
221 405
254 405
256 405
277 405
278 405
317 405
379 405
405 455
405 468
405 605
48 493
268 493
269 493
359 493
384 493
385 493
378 580
382 580
383 580
413 580
414 580
415 580
429 580
437 580
23 33
23 34
23 40
23 41
23 75
23 108
23 200
23 303
23 311
23 312
23 317
23 381
23 383
23 403
23 421
23 612
26 77
26 93
26 143
26 361
26 395
26 404
26 529
26 540
26 578
28 33
33 82
33 92
33 101
33 106
33 132
33 158
33 220
33 243
33 252
33 328
33 354
33 444
31 34
34 50
34 51
34 52
34 54
34 55
34 156
34 317
34 319
34 325
34 329
34 345
34 370
34 432
34 521
34 557
25 55
55 107
55 116
55 119
55 120
55 121
55 122
55 234
55 326
55 354
55 378
55 382
55 398
55 450
32 78
35 78
45 78
48 78
78 184
78 205
78 210
78 211
78 303
78 305
78 370
32 209
64 209
86 209
183 209
209 270
209 294
209 302
209 327
209 383
209 396
209 415
209 421
209 486
209 512
209 622
24 267
40 267
111 267
113 267
118 267
160 267
230 267
243 267
267 473
267 477
267 478
267 492
267 550
267 555
30 349
31 349
151 349
154 349
156 349
163 349
205 349
268 349
349 444
349 478
349 531
349 636
40 370
41 370
73 370
97 370
99 370
122 370
198 370
270 370
299 370
324 370
370 440
370 509
370 521
370 568
28 396
95 396
132 396
143 396
144 396
161 396
162 396
166 396
206 396
214 396
249 396
307 396
308 396
317 396
356 396
396 416
396 468
396 553
396 557
40 409
54 409
83 409
93 409
112 409
126 409
162 409
206 409
210 409
249 409
250 409
251 409
253 409
254 409
315 409
366 409
379 409
409 558
66 87
66 106
66 144
66 155
66 166
66 173
66 174
66 187
66 237
66 261
66 262
66 295
66 315
66 355
66 384
66 385
66 456
66 467
42 72
43 72
45 72
47 72
72 147
72 161
72 176
72 180
72 181
72 231
72 262
72 318
72 331
72 335
72 415
72 469
72 584
49 89
51 89
82 89
89 134
89 136
89 158
89 160
89 191
89 231
89 258
89 308
89 537
30 158
62 158
68 158
77 158
79 158
82 158
86 158
87 158
115 158
158 161
158 198
158 220
158 229
158 245
158 253
158 256
158 314
158 342
158 345
158 353
158 356
158 360
57 309
82 309
138 309
206 309
212 309
227 309
289 309
309 319
309 353
309 355
309 399
309 402
309 488
309 512
309 514
309 515
309 526
35 312
112 312
146 312
154 312
165 312
186 312
220 312
238 312
251 312
305 312
312 341
312 389
312 395
312 497
312 510
60 317
69 317
181 317
292 317
314 317
317 318
317 319
317 333
317 342
317 344
317 388
317 390
317 393
317 411
317 412
317 414
317 517
317 633
169 400
192 400
221 400
252 400
268 400
270 400
328 400
341 400
389 400
400 471
400 555
400 582
400 598
400 614
400 636
47 522
77 522
93 522
163 522
284 522
299 522
313 522
323 522
82 588
90 588
93 588
146 588
173 588
251 588
252 588
282 588
379 588
431 588
30 32
30 45
30 47
30 180
30 227
30 228
30 229
30 230
30 288
30 418
30 421
30 423
28 32
32 35
32 41
32 47
32 48
32 49
32 101
32 184
32 200
32 214
32 242
32 245
32 284
32 289
32 335
32 450
35 87
49 87
62 87
65 87
87 97
87 100
87 108
87 115
87 126
87 171
87 182
87 198
87 220
87 221
87 226
87 237
64 156
68 156
83 156
100 156
101 156
102 156
104 156
107 156
115 156
148 156
156 186
156 213
156 214
156 221
156 256
156 257
156 314
156 354
156 381
70 197
100 197
176 197
197 214
197 229
197 270
197 275
197 314
197 359
197 362
197 364
197 366
197 383
197 388
197 397
197 419
197 521
92 237
93 237
97 237
104 237
189 237
206 237
229 237
237 245
237 319
237 380
237 385
237 394
237 438
237 476
237 503
237 587
237 591
96 241
99 241
118 241
170 241
189 241
213 241
214 241
216 241
220 241
236 241
241 253
241 287
241 296
241 321
241 359
241 385
241 457
241 470
35 327
90 327
101 327
138 327
148 327
159 327
179 327
200 327
213 327
220 327
228 327
296 327
327 397
327 415
327 432
327 437
327 600
372 520
403 520
24 107
24 268
24 270
24 315
24 413
24 478
24 577
24 619
93 254
100 254
116 254
132 254
151 254
173 254
184 254
238 254
254 359
254 361
254 466
254 562
45 261
108 261
132 261
192 261
261 313
261 323
261 329
261 333
261 446
261 472
261 477
261 480
261 487
261 495
261 556
99 294
120 294
155 294
184 294
198 294
242 294
294 316
294 347
294 446
106 355
146 355
160 355
251 355
278 355
355 448
355 469
355 480
355 490
355 525
355 535
355 556
278 499
328 499
389 499
303 530
328 530
345 530
344 542
414 542
415 542
28 150
52 150
56 150
65 150
114 150
137 150
143 150
150 244
150 245
150 313
150 399
150 421
150 423
150 510
150 583
68 177
75 177
96 177
148 177
177 182
177 320
177 325
177 334
177 335
177 379
177 421
177 448
177 509
177 565
177 575
177 633
79 302
126 302
132 302
137 302
146 302
236 302
238 302
252 302
292 302
302 388
302 392
302 446
302 480
40 342
147 342
171 342
174 342
198 342
232 342
342 529
342 537
342 567
82 347
85 347
231 347
234 347
297 347
314 347
347 477
347 565
347 619
151 387
180 387
234 387
276 387
319 387
341 387
387 567
387 586
144 411
229 411
232 411
411 440
411 478
411 484
411 495
411 534
411 547
411 549
411 550
411 605
411 610
411 612
136 412
323 412
412 417
412 418
412 420
412 430
412 437
412 484
412 531
412 534
412 547
412 604
412 607
412 610
236 467
253 467
264 467
283 467
341 467
423 467
467 581
467 633
289 515
311 515
325 515
440 515
42 574
120 574
374 574
397 574
457 574
47 81
81 120
81 134
81 219
81 262
81 454
81 577
59 137
60 137
70 137
80 137
126 137
137 243
137 249
137 255
137 286
137 298
137 320
137 325
137 378
137 413
169 181
170 181
181 189
181 206
181 268
181 269
181 275
181 278
181 306
181 328
181 372
181 373
181 389
181 391
181 394
70 198
101 198
198 214
198 242
198 276
198 365
198 392
198 402
198 403
198 455
40 303
43 303
75 303
79 303
80 303
83 303
187 303
258 303
265 303
268 303
303 417
303 500
303 529
56 333
136 333
170 333
186 333
284 333
333 372
333 418
333 429
333 439
333 451
333 514
333 525
333 526
333 571
333 596
163 390
174 390
182 390
186 390
229 390
244 390
249 390
289 390
290 390
390 433
390 468
228 448
229 448
231 448
269 448
433 448
445 448
448 489
448 496
448 543
448 615
258 473
264 483
271 483
362 484
420 484
265 489
270 489
330 489
325 543
346 543
361 543
25 93
25 356
25 440
25 444
25 577
25 583
25 612
80 131
80 151
80 155
80 216
80 219
80 251
80 277
80 328
80 559
61 205
76 205
83 205
106 205
138 205
205 214
205 275
205 321
205 366
205 379
205 403
205 416
205 417
205 431
54 206
62 206
73 206
77 206
157 206
182 206
206 268
206 319
206 321
206 389
206 397
206 414
206 415
206 416
206 422
206 553
59 250
64 250
100 250
101 250
106 250
169 250
250 277
250 282
250 314
250 345
250 357
250 363
250 389
250 431
250 438
250 444
250 457
250 470
250 519
250 591
70 255
82 255
100 255
106 255
107 255
146 255
165 255
221 255
229 255
245 255
255 268
255 337
255 354
255 398
255 437
255 469
255 479
255 565
28 314
99 314
131 314
132 314
163 314
176 314
182 314
290 314
314 388
314 403
314 404
314 415
314 430
314 432
314 516
314 575
114 366
115 366
117 366
151 366
161 366
162 366
186 366
195 366
244 366
284 366
321 366
366 437
366 440
366 464
366 562
49 575
372 575
389 575
378 577
385 577
343 578
381 578
381 606
414 606
430 606
50 102
76 102
85 102
90 102
96 102
101 102
102 143
102 200
102 214
102 221
102 235
102 245
102 251
102 252
102 253
102 257
102 284
102 296
102 358
102 379
102 394
56 111
71 111
108 111
111 113
111 114
111 147
111 190
111 256
111 265
111 268
111 269
111 278
111 288
111 325
111 463
61 146
71 146
93 146
101 146
115 146
146 154
146 166
146 210
146 219
146 288
146 419
146 468
146 563
59 169
65 169
162 169
163 169
169 171
169 173
169 183
169 195
169 214
169 252
169 299
169 313
169 319
169 321
169 324
169 341
169 379
169 381
169 382
169 510
169 565
41 213
79 213
121 213
154 213
176 213
189 213
211 213
213 226
213 265
213 297
213 356
213 362
213 373
213 394
213 399
213 424
213 509
28 282
86 282
96 282
113 282
115 282
116 282
148 282
161 282
182 282
232 282
282 307
282 497
42 295
43 295
136 295
295 308
295 313
295 418
295 421
295 422
295 423
295 504
295 510
295 511
295 585
126 384
173 384
176 384
245 384
271 384
318 384
380 384
384 537
384 559
384 582
384 585
384 621
138 389
143 389
159 389
160 389
242 389
243 389
257 389
389 500
389 540
389 583
183 392
184 392
220 392
244 392
311 392
358 392
392 397
392 432
392 455
392 538
392 587
392 589
134 425
171 425
290 425
307 425
315 425
316 425
323 425
417 425
425 583
425 612
425 621
40 600
86 600
442 600
188 219
219 230
219 269
219 324
219 328
219 343
219 431
219 432
47 243
97 243
104 243
167 243
190 243
200 243
243 338
243 341
243 345
243 369
243 378
243 379
243 394
243 420
243 469
47 292
120 292
136 292
144 292
220 292
242 292
244 292
258 292
292 369
292 420
292 435
59 330
120 330
138 330
211 330
330 334
330 335
330 338
330 364
330 369
330 422
330 432
330 433
330 435
330 440
330 474
330 481
330 524
330 525
330 535
28 62
28 64
28 83
28 85
28 86
28 244
28 251
28 256
28 274
28 360
28 379
28 388
28 449
28 452
82 143
82 315
82 373
49 96
50 96
62 96
90 96
93 96
96 118
96 120
96 168
96 195
96 229
96 234
96 252
96 274
96 308
96 385
96 398
96 431
96 449
96 452
49 100
51 100
92 100
100 163
100 184
100 195
100 244
100 245
100 246
100 248
100 308
100 379
100 403
100 431
100 630
132 200
132 227
132 230
132 283
132 316
132 404
132 406
132 435
68 190
71 190
114 190
143 190
157 190
190 210
190 221
190 226
190 256
190 399
190 428
190 429
97 230
134 230
157 230
230 284
230 307
230 402
230 598
50 358
171 358
195 358
256 358
257 358
273 358
277 358
290 358
299 358
323 358
329 358
357 358
358 362
358 422
358 430
358 435
358 570
358 583
176 360
195 360
200 360
249 360
256 360
360 404
360 453
360 492
360 548
360 550
186 402
200 402
227 402
277 402
323 402
336 402
337 402
362 402
374 402
402 403
402 457
402 519
402 599
186 406
200 406
225 406
236 406
289 406
383 406
406 446
406 452
406 503
406 587
406 601
226 440
228 440
298 440
361 440
404 440
440 492
440 509
440 540
440 619
31 40
38 40
40 47
40 51
40 268
40 383
40 436
40 508
45 85
85 157
85 315
85 456
85 632
42 126
57 126
75 126
126 265
126 307
126 369
126 429
126 583
31 435
54 435
220 435
232 435
271 435
331 435
432 435
435 454
435 462
435 573
435 592
435 604
435 613
435 622
435 628
51 529
372 529
374 529
362 555
38 633
211 633
31 35
35 42
35 50
35 56
35 57
35 59
35 171
35 174
35 242
35 248
35 306
35 313
35 341
35 568
41 64
42 64
48 64
64 93
64 121
64 154
64 166
64 167
64 186
64 221
64 354
64 444
64 455
61 147
90 147
147 154
147 251
147 262
147 306
147 343
147 418
147 419
147 450
42 212
70 212
162 212
173 212
174 212
210 212
212 227
212 242
212 248
212 296
212 308
212 321
212 324
212 338
212 341
212 479
99 501
144 501
189 501
262 501
316 501
354 501
41 47
41 56
41 68
41 69
41 70
41 298
41 338
41 346
41 415
70 75
75 120
75 121
75 183
75 191
75 195
75 216
75 231
75 329
75 452
75 469
75 527
52 108
56 108
68 108
108 157
108 159
108 167
108 176
108 214
108 258
108 272
108 404
108 553
108 570
73 200
86 200
200 220
200 246
200 270
200 325
200 563
188 311
251 311
311 344
311 382
311 403
311 422
311 429
311 496
311 498
311 514
311 595
311 613
248 381
257 381
273 381
290 381
299 381
321 381
329 381
381 404
381 428
381 453
134 383
171 383
174 383
184 383
290 383
306 383
383 429
383 540
104 403
274 403
313 403
403 428
403 453
52 421
73 421
79 421
166 421
173 421
211 421
276 421
421 446
421 455
421 611
421 622
421 628
187 612
268 612
362 612
393 612
419 612
420 612
52 107
97 107
107 113
107 163
107 180
107 245
107 258
107 450
107 453
107 605
107 630
45 268
79 268
114 268
160 268
162 268
268 306
268 605
83 270
112 270
114 270
117 270
171 270
184 270
227 270
256 270
270 290
270 481
270 482
270 488
270 492
270 494
270 534
270 630
60 315
77 315
131 315
136 315
235 315
315 393
315 413
315 471
315 567
143 413
144 413
326 413
413 420
413 437
413 583
413 597
413 604
415 478
288 619
326 619
399 619
429 619
430 619
50 93
90 93
93 99
93 104
93 117
93 159
93 174
93 176
93 221
93 235
93 245
93 253
93 262
68 356
73 356
148 356
157 356
159 356
167 356
220 356
269 356
271 356
318 356
356 378
356 517
356 527
214 444
225 444
318 444
320 444
341 444
432 444
444 462
444 516
444 565
382 583
398 583
399 583
426 583
433 583
43 77
77 97
77 116
77 131
77 144
77 228
77 369
77 454
77 455
59 143
61 143
69 143
70 143
76 143
138 143
143 276
143 336
143 338
143 341
143 344
143 363
143 399
143 414
47 361
70 361
159 361
160 361
162 361
165 361
320 361
361 450
361 462
361 481
361 486
361 492
361 547
361 564
49 395
160 395
161 395
182 395
184 395
186 395
220 395
306 395
307 395
335 395
353 395
395 431
104 404
274 404
277 404
404 452
404 475
404 497
404 632
69 540
73 540
379 540
38 57
38 61
38 65
38 399
38 509
38 565
38 567
65 170
68 170
69 170
157 170
160 170
161 170
165 170
168 170
170 256
170 277
170 344
170 365
170 374
170 446
170 452
170 479
457 537
62 90
62 115
62 154
62 159
62 220
62 221
62 225
62 313
47 83
68 83
73 83
83 97
83 114
83 154
83 159
83 220
83 248
83 290
83 321
49 86
50 86
86 101
86 104
86 138
86 176
86 251
86 275
86 278
86 431
86 516
101 244
184 244
244 265
244 345
244 420
244 452
244 457
244 460
159 251
174 251
176 251
182 251
235 251
246 251
248 251
251 256
251 257
251 464
251 579
106 256
166 256
214 256
220 256
221 256
225 256
229 256
235 256
256 359
91 274
112 274
115 274
117 274
118 274
174 274
220 274
221 274
228 274
242 274
253 274
274 468
274 498
274 562
238 379
329 379
338 379
379 432
379 563
95 388
165 388
171 388
182 388
191 388
313 388
388 480
388 586
235 449
242 449
245 449
320 449
334 449
449 511
449 539
449 585
449 589
449 593
449 608
449 624
68 452
161 452
235 452
337 452
378 452
430 452
439 452
452 470
452 498
452 546
452 570
452 584
452 604
42 43
42 52
42 57
42 68
42 71
42 73
42 271
42 299
42 357
42 517
43 57
43 59
43 69
43 71
43 76
43 258
43 289
43 418
43 419
45 57
45 60
45 63
45 68
45 71
45 121
45 264
45 474
45 512
45 571
45 622
49 138
50 138
59 138
104 138
138 179
138 236
138 275
138 276
138 305
138 326
138 343
138 431
166 326
180 326
326 417
326 436
326 451
326 453
326 455
326 531
31 418
52 418
54 418
210 418
227 418
258 418
262 418
305 418
417 418
418 610
221 464
253 464
272 464
275 464
464 621
464 636
47 70
47 79
47 284
47 442
47 462
47 548
47 549
71 180
112 180
121 180
122 180
180 186
180 227
180 344
180 568
91 227
97 227
122 227
151 227
165 227
220 227
227 305
227 598
76 228
92 228
176 228
228 442
228 487
228 585
228 607
228 624
134 229
229 264
229 320
229 439
229 627
229 631
31 288
51 288
118 288
119 288
160 288
288 507
288 547
288 549
288 596
288 623
52 423
211 423
298 423
423 454
423 513
423 559
423 607
423 621
423 626
423 631
31 48
31 210
31 231
31 289
31 354
31 429
48 51
48 211
48 323
48 324
48 336
48 337
48 380
48 626
79 210
171 210
186 210
210 284
210 336
210 454
210 468
210 602
183 231
187 231
231 354
231 445
231 621
231 625
68 289
112 289
115 289
122 289
157 289
289 308
289 357
289 380
289 439
289 512
289 564
63 354
90 354
155 354
245 354
337 354
354 451
354 569
54 429
429 431
429 455
429 457
429 495
429 513
429 631
49 63
49 90
49 91
49 97
49 99
49 101
49 187
49 313
79 101
101 159
101 173
101 248
101 249
101 318
101 497
101 498
101 560
104 184
184 264
184 297
184 299
184 335
184 415
57 214
79 214
106 214
214 307
214 321
214 323
214 343
214 353
214 424
97 242
120 242
191 242
220 242
221 242
234 242
242 271
242 287
242 439
242 456
242 460
120 245
168 245
171 245
179 245
191 245
245 248
245 272
245 296
245 479
245 518
245 527
71 284
183 284
284 323
284 329
284 450
284 476
284 549
151 335
160 335
183 335
258 335
331 335
335 445
335 490
335 496
335 524
335 527
335 546
335 564
335 592
187 450
189 450
323 450
336 450
346 450
450 581
450 597
450 626
50 92
76 92
79 92
92 116
92 144
92 151
92 173
92 221
92 232
92 236
52 106
54 106
106 112
106 167
106 226
106 236
106 253
106 319
106 353
76 220
90 220
220 345
220 431
220 433
220 498
159 252
225 252
252 273
252 455
252 468
252 497
252 579
171 328
183 328
246 328
248 328
316 328
328 398
328 546
328 570
328 604
50 91
50 95
50 122
50 167
50 221
50 399
50 570
50 579
51 91
52 104
52 151
52 216
52 234
52 454
54 90
54 115
54 116
54 117
54 118
54 119
54 454
166 319
176 319
188 319
195 319
221 319
249 319
287 319
296 319
319 323
319 336
319 346
319 369
319 378
319 457
319 518
61 325
70 325
325 346
325 363
325 378
325 430
325 439
325 508
325 623
63 329
151 329
161 329
321 329
329 334
329 341
329 380
329 393
329 394
329 430
148 345
157 345
162 345
249 345
299 345
323 345
337 345
345 476
345 500
345 584
345 630
61 432
299 432
305 432
313 432
399 432
419 432
430 432
432 517
432 584
136 521
363 557
372 557
378 557
419 557
420 557
56 69
56 113
56 114
56 115
56 117
56 118
56 120
56 122
56 299
56 331
57 65
57 120
57 148
57 159
57 298
57 416
59 95
59 120
59 121
59 166
59 168
59 455
59 570
65 171
71 171
115 171
119 171
171 176
171 192
171 195
171 257
171 297
171 320
171 399
69 174
166 174
174 236
174 273
174 296
174 331
174 346
174 359
174 373
174 385
174 397
174 446
121 248
192 248
236 248
248 257
248 305
248 364
248 398
248 456
248 462
248 476
248 485
157 306
179 306
183 306
225 306
286 306
306 359
306 460
79 313
216 313
271 313
313 320
313 369
313 393
121 341
173 341
249 341
307 341
341 468
341 503
341 538
341 560
341 589
120 568
163 568
165 568
60 131
60 136
60 183
60 316
61 104
61 144
61 148
61 321
61 323
61 372
61 373
144 344
148 344
161 344
179 344
308 344
316 344
323 344
344 549
344 605
121 414
262 414
316 414
414 417
414 605
179 426
216 426
221 426
272 426
323 426
373 426
426 431
426 446
426 589
426 591
426 604
192 516
63 90
63 121
63 160
63 161
63 162
63 163
63 165
63 262
65 97
65 122
65 148
65 154
65 168
65 234
65 235
65 258
65 369
65 391
65 456
73 162
73 316
122 297
166 297
186 297
297 308
297 487
297 505
297 511
297 593
168 433
221 433
238 433
305 433
308 433
433 511
433 585
433 597
148 399
157 399
211 399
324 399
399 513
399 534
399 596
399 613
186 509
290 509
307 509
308 509
374 509
216 565
385 565
95 567
131 567
136 305
136 321
136 323
136 324
136 363
136 365
136 394
136 507
136 549
136 558
116 318
119 318
134 318
232 318
235 318
318 456
318 518
183 436
308 436
436 511
436 513
436 573
436 593
323 508
442 508
68 163
68 168
68 186
68 188
68 189
68 191
69 112
69 113
69 159
69 163
69 167
69 188
69 298
69 430
69 498
70 179
70 186
70 187
70 189
70 195
70 269
70 560
70 584
99 298
122 298
188 298
298 506
298 511
79 338
163 338
165 338
168 338
189 338
235 338
246 338
249 338
338 472
338 474
338 476
338 477
338 481
338 486
338 547
338 554
120 346
148 346
160 346
179 346
290 346
346 481
346 488
346 525
346 554
415 531
415 550
415 614
71 90
71 157
71 162
71 225
71 290
71 437
71 602
95 271
112 271
113 271
162 271
271 477
271 481
271 487
271 488
271 524
271 534
122 299
277 299
299 372
299 374
299 481
299 512
299 596
76 357
157 357
166 357
182 357
276 357
277 357
307 357
357 369
357 420
357 463
357 599
166 517
316 517
369 517
456 517
76 97
76 168
76 226
187 258
188 258
258 337
258 416
258 439
258 471
258 472
258 474
258 488
258 490
258 610
104 419
114 419
148 419
182 419
225 419
316 419
321 419
419 604
419 626
151 189
160 189
176 189
189 337
189 364
189 397
189 398
122 362
159 362
161 362
163 362
308 362
362 369
362 471
362 482
362 524
362 551
362 553
362 554
362 556
362 584
159 363
162 363
167 363
363 558
363 559
363 605
99 121
112 121
119 121
121 173
121 296
121 416
192 264
232 264
264 272
264 385
264 472
264 486
264 487
264 488
264 561
264 592
265 474
373 512
373 571
397 571
456 571
398 622
445 622
451 622
112 134
134 249
134 257
134 262
134 269
134 296
134 321
134 353
134 382
134 397
90 166
97 166
166 173
166 195
166 265
166 276
166 373
79 112
79 182
79 336
221 442
225 442
226 442
334 442
442 602
442 632
249 462
290 462
334 462
446 462
462 599
324 548
373 548
374 548
187 211
211 246
211 321
211 422
211 455
99 323
192 323
238 324
277 324
324 451
151 336
161 336
162 336
192 336
235 336
238 336
265 336
334 336
336 382
336 485
336 563
336 630
97 337
114 337
144 337
186 337
188 337
337 563
380 456
445 626
451 626
90 97
90 115
90 154
90 221
90 232
90 455
91 154
91 168
91 216
91 343
91 369
91 391
91 558
97 104
97 179
97 195
97 226
97 316
97 630
99 182
99 277
99 278
99 397
99 454
160 187
182 187
187 236
187 286
187 334
95 165
95 253
95 283
117 122
122 179
122 246
122 296
122 369
104 167
167 179
167 195
167 316
167 374
167 378
167 584
167 599
188 221
195 221
221 369
221 560
278 570
372 570
176 579
104 216
104 253
104 420
104 498
116 151
144 151
151 235
151 272
151 394
151 454
151 455
144 216
216 232
216 439
113 234
115 234
116 234
179 234
186 234
234 253
234 307
234 616
119 454
131 454
454 585
454 598
454 621
112 116
112 265
112 272
112 273
113 148
113 257
113 269
113 272
113 277
113 283
113 321
113 331
176 378
378 446
378 581
114 420
225 420
257 420
305 420
420 605
420 613
420 623
420 631
131 437
437 559
437 581
437 614
119 468
253 468
283 468
290 468
115 117
115 192
115 275
115 278
116 157
116 183
116 276
117 120
117 191
117 195
117 265
117 269
117 278
117 286
117 287
118 120
118 253
118 273
118 286
118 287
118 290
119 275
119 277
119 283
173 382
382 504
382 551
382 553
382 582
382 584
382 597
382 598
179 398
257 398
320 398
321 398
398 535
398 573
398 596
398 627
114 273
114 278
114 343
160 331
161 331
162 331
182 331
331 364
331 451
331 479
148 168
148 173
148 176
148 257
148 307
148 321
157 159
159 188
159 257
159 265
159 278
159 307
159 364
159 373
159 463
192 416
305 416
416 446
416 539
416 585
416 589
416 607
416 608
416 611
416 621
416 625
131 394
131 417
131 475
131 510
144 160
144 305
144 446
163 272
163 321
163 369
163 372
163 479
168 308
296 308
308 445
308 457
457 559
457 569
365 559
453 559
162 168
168 272
168 320
168 353
168 364
168 469
236 455
276 455
455 510
183 226
183 235
183 393
316 372
316 430
316 469
316 634
192 321
226 321
296 321
226 372
307 372
320 372
372 553
372 605
161 373
165 373
320 373
373 397
373 554
373 623
154 353
225 463
160 365
161 176
161 278
162 191
162 269
162 296
162 364
162 365
165 277
165 305
165 374
192 262
262 364
262 469
262 479
262 551
186 192
186 235
235 257
369 551
155 391
391 616
195 456
456 556
456 569
456 573
456 631
155 238
155 283
155 287
173 257
173 283
179 385
385 510
385 586
179 397
182 257
182 269
182 334
182 470
188 195
188 307
188 446
176 191
191 253
191 307
191 334
191 397
191 424
191 439
275 430
277 430
430 550
430 558
275 498
276 498
192 195
195 238
195 253
195 359
195 365
269 480
269 492
269 494
269 495
269 564
192 560
364 560
157 192
157 296
157 343
157 353
157 394
290 476
290 507
192 602
176 253
176 470
469 541
226 275
226 445
226 446
226 611
305 551
192 277
277 428
277 630
275 296
275 424
278 307
278 320
278 428
278 500
393 431
428 431
192 253
253 466
253 518
253 546
232 439
232 445
232 628
364 558
374 558
236 246
236 276
236 604
238 422
238 438
238 446
238 546
238 589
374 428
428 608
428 618
283 307
283 504
283 505
353 504
353 546
353 582
272 453
276 453
453 585
453 625
453 627
453 628
453 631
265 397
397 422
397 513
397 526
397 553
397 561
397 595
397 628
246 359
249 365
249 460
249 463
249 519
276 497
466 497
257 359
257 470
296 307
296 480
296 481
296 486
296 487
296 494
296 510
296 535
394 495
394 534
394 535
394 585
394 592
394 593
394 625
273 320
286 320
320 365
320 476
320 507
320 519
265 438
334 438
438 505
438 616
192 273
265 307
422 597
422 609
422 610
422 614
422 629
422 636
364 605
272 482
272 488
272 496
286 504
365 504
265 486
265 490
265 539
265 561
265 611
463 541
463 617
273 485
273 635
276 466
286 506
286 581
286 597
287 505
287 506
445 585
417 495
417 531
417 607
417 609
417 621
417 629
359 510
359 486
359 494
359 538
359 539
359 587
365 494
365 524
365 556
365 561
365 593
365 625
334 364
334 591
424 608
446 470
446 551
451 513
451 539
451 589
451 627
364 482
364 494
364 554
364 561
364 615
393 534
393 535
393 539
393 547
393 589
393 591
393 592
393 611
393 615
439 445
439 492
439 496
439 525
439 534
439 561
445 627
445 573
445 624
460 617
466 538
466 601
