1 2
1 3
1 4
1 5
1 6
1 7
1 8
1 9
1 10
1 11
1 12
1 13
1 14
1 15
1 16
1 17
1 18
1 19
1 20
1 21
1 22
1 23
2 3
2 5
2 24
2 25
2 26
2 27
2 28
2 29
2 30
2 31
2 32
2 33
2 34
2 35
2 36
2 37
2 38
2 39
2 40
2 41
2 42
2 43
2 44
2 45
3 5
3 19
3 46
3 47
3 48
3 49
3 50
3 51
3 52
3 53
3 54
3 55
3 56
3 57
3 58
3 59
3 60
3 61
3 62
3 63
3 64
4 24
4 33
4 51
4 65
4 66
4 67
4 68
4 69
4 70
4 71
4 72
4 73
4 74
4 75
4 76
4 77
4 78
4 79
4 80
4 81
4 82
4 83
4 84
5 13
5 15
5 16
5 47
5 49
5 59
5 72
5 85
5 86
5 87
5 88
5 89
5 90
5 91
5 92
5 93
5 94
5 95
5 96
6 16
6 24
6 25
6 26
6 46
6 72
6 85
6 146
6 147
6 148
6 149
6 150
6 151
6 152
6 153
6 154
6 155
6 156
6 157
6 158
6 159
7 46
7 47
7 67
7 73
7 83
7 93
7 97
7 127
7 163
7 166
7 182
7 183
7 184
7 185
7 186
7 187
7 188
7 189
7 190
7 191
7 192
7 193
7 194
8 9
8 65
8 100
8 103
8 123
8 163
8 244
8 265
8 266
8 272
8 273
8 274
8 275
8 276
8 277
9 41
9 65
9 69
9 76
9 86
9 103
9 108
9 135
9 143
9 146
9 170
9 238
9 252
9 264
9 314
9 335
9 338
9 339
9 340
9 341
9 342
9 343
10 23
10 68
10 76
10 87
10 113
10 160
10 168
10 172
10 188
10 235
10 237
10 263
10 272
10 282
10 332
10 334
10 410
10 439
10 472
10 518
11 39
11 48
11 89
11 128
11 198
11 263
11 268
11 273
11 280
11 288
11 302
11 338
11 422
11 428
11 458
11 497
11 558
11 559
12 27
12 29
12 37
12 54
12 59
12 126
12 135
12 150
12 161
12 162
12 175
12 185
12 237
12 248
12 249
12 282
12 295
12 298
12 320
12 322
12 323
12 327
12 348
12 350
12 404
12 435
12 440
12 456
12 501
12 541
12 571
12 576
13 31
13 52
13 53
13 60
13 74
13 87
13 88
13 90
13 124
13 131
13 161
13 162
13 219
13 232
13 243
13 308
13 315
13 354
13 359
13 493
13 500
13 502
13 524
13 561
13 571
13 578
14 16
14 30
14 88
14 155
14 182
14 183
14 227
14 315
14 334
14 345
14 423
14 455
14 488
14 495
14 514
14 530
14 594
14 595
15 16
15 22
15 92
15 137
15 213
15 266
15 267
15 284
15 287
15 298
15 299
15 300
15 336
15 371
15 424
15 428
15 480
15 504
15 516
15 521
15 525
15 554
15 560
15 593
16 58
16 88
16 92
16 113
16 123
16 135
16 137
16 168
16 176
16 185
16 260
16 324
16 339
16 352
16 355
16 457
16 526
16 536
16 576
16 593
16 619
17 56
17 93
17 100
17 123
17 161
17 162
17 171
17 195
17 209
17 222
17 233
17 246
17 249
17 279
17 292
17 336
17 338
17 348
17 389
17 424
17 448
17 456
17 461
17 478
17 507
17 571
18 24
18 28
18 40
18 47
18 48
18 59
18 93
18 103
18 140
18 142
18 149
18 170
18 178
18 344
18 349
18 367
18 369
18 440
18 484
18 496
18 505
19 70
19 83
19 122
19 150
19 190
19 212
19 273
19 305
19 381
19 405
19 466
19 469
19 503
19 569
19 572
19 586
20 29
20 51
20 125
20 141
20 171
20 172
20 183
20 215
20 218
20 238
20 241
20 316
20 323
20 347
20 354
20 372
20 417
20 420
20 461
20 483
20 498
20 548
20 571
20 596
21 42
21 65
21 84
21 309
21 319
21 320
21 331
21 342
21 348
21 377
21 391
21 417
21 493
21 508
21 536
22 59
22 125
22 144
22 181
22 241
22 260
22 297
22 353
22 357
22 376
22 387
22 420
22 519
22 607
22 613
22 619
22 623
23 46
23 55
23 72
23 87
23 166
23 168
23 179
23 183
23 227
23 252
23 258
23 271
23 342
23 393
23 405
23 424
23 432
23 475
23 514
23 599
23 611
24 26
24 47
24 50
24 57
24 91
24 97
24 98
24 99
24 100
24 101
24 102
24 103
24 104
24 105
24 106
24 107
24 108
24 109
25 72
25 97
25 110
25 115
25 117
25 154
25 156
25 160
25 194
25 195
25 196
25 197
26 49
26 57
26 66
26 97
26 102
26 106
26 109
26 168
26 244
26 250
26 251
26 252
26 253
26 254
26 255
26 256
26 257
26 258
26 259
27 62
27 97
27 112
27 123
27 148
27 195
27 198
27 251
27 262
27 272
27 275
27 279
27 290
27 294
27 359
27 402
27 410
27 411
27 412
28 35
28 45
28 51
28 80
28 108
28 119
28 124
28 126
28 158
28 214
28 223
28 244
28 252
28 282
28 288
28 302
28 328
28 343
28 344
28 451
28 508
28 516
29 57
29 69
29 100
29 104
29 136
29 142
29 215
29 227
29 290
29 310
29 345
29 398
29 405
29 434
29 461
29 504
29 532
29 533
30 52
30 65
30 74
30 114
30 131
30 137
30 138
30 150
30 163
30 164
30 213
30 214
30 250
30 428
30 434
30 451
30 454
30 459
30 482
30 541
30 575
30 577
30 582
31 157
31 281
31 297
31 325
31 371
31 383
31 384
31 386
31 459
31 482
31 562
31 582
31 595
31 607
31 608
32 65
32 91
32 207
32 292
32 300
32 301
32 334
32 345
32 367
32 372
32 406
32 414
32 419
32 421
32 428
32 457
32 482
32 524
32 602
32 603
32 619
33 37
33 76
33 93
33 115
33 117
33 124
33 154
33 186
33 221
33 259
33 272
33 288
33 296
33 344
33 434
33 435
33 464
33 467
33 468
33 472
33 525
34 54
34 61
34 73
34 75
34 82
34 123
34 124
34 147
34 187
34 201
34 207
34 208
34 215
34 263
34 292
34 317
34 346
34 393
34 417
34 422
34 430
34 492
34 496
34 499
34 576
34 579
34 581
34 618
35 101
35 107
35 160
35 206
35 225
35 233
35 244
35 272
35 290
35 402
35 459
35 462
35 469
35 474
35 563
35 587
35 630
36 133
36 151
36 207
36 221
36 247
36 292
36 344
36 392
36 447
36 448
36 456
36 473
36 478
36 492
36 494
36 522
36 526
36 531
36 568
37 80
37 92
37 116
37 266
37 347
37 381
37 413
37 419
37 429
37 474
37 476
37 496
37 504
37 518
37 565
37 590
37 599
38 101
38 106
38 122
38 189
38 227
38 267
38 272
38 276
38 281
38 292
38 307
38 357
38 359
38 384
38 386
38 405
38 448
38 456
38 601
39 59
39 85
39 90
39 132
39 133
39 142
39 276
39 283
39 409
39 420
39 532
39 583
39 586
39 602
39 603
39 619
40 58
40 80
40 96
40 143
40 146
40 195
40 227
40 243
40 244
40 270
40 387
40 388
40 399
40 431
40 508
40 538
40 606
40 627
41 62
41 80
41 122
41 189
41 255
41 257
41 277
41 280
41 294
41 302
41 361
41 403
41 431
41 465
41 468
41 474
41 499
41 505
42 67
42 87
42 109
42 119
42 162
42 255
42 302
42 388
42 412
42 415
42 449
43 156
43 195
44 101
44 109
44 113
44 225
44 255
44 290
44 294
44 459
44 507
44 521
44 526
44 534
45 146
45 172
45 417
46 48
46 64
46 88
46 90
46 94
46 100
46 110
46 111
46 112
46 113
46 114
46 115
46 116
46 117
46 118
46 119
47 55
47 65
47 72
47 90
47 111
47 135
47 136
47 137
47 138
47 139
47 140
47 141
47 142
47 143
47 144
47 145
48 85
48 97
48 99
48 120
48 121
48 129
48 143
48 175
48 184
48 192
48 193
48 198
48 199
48 200
48 201
48 202
48 203
48 204
48 205
48 206
48 207
48 208
48 209
48 210
48 211
48 212
49 50
49 70
49 111
49 114
49 116
49 159
49 184
49 193
49 212
49 213
49 214
49 215
49 216
49 217
49 218
49 219
49 220
49 221
49 222
49 223
49 224
49 225
49 226
50 65
50 100
50 118
50 165
50 180
50 185
50 218
50 260
50 261
51 140
51 149
51 173
51 231
51 252
51 263
51 279
51 288
51 320
51 331
51 374
51 378
51 381
51 427
51 432
51 439
51 469
51 470
52 163
52 167
52 232
52 239
52 259
52 262
52 280
52 390
52 423
52 435
52 472
52 554
53 67
53 94
53 101
53 102
53 136
53 139
53 143
53 163
53 176
53 178
53 229
53 250
53 276
53 300
53 310
53 339
53 373
53 379
53 389
53 429
53 480
53 517
53 531
53 533
53 549
53 561
54 72
54 97
54 109
54 110
54 111
54 120
54 121
54 130
54 153
54 176
54 189
54 196
54 206
54 233
54 264
54 275
54 292
54 345
54 359
54 385
54 386
54 391
54 447
54 520
54 526
54 540
54 541
54 545
54 550
55 117
55 210
55 227
55 233
55 278
55 291
55 297
55 350
55 357
55 393
55 526
55 588
55 607
55 613
56 57
56 65
56 137
56 143
56 169
56 218
56 291
56 296
56 297
56 350
56 357
56 367
56 369
56 379
56 413
56 419
56 421
56 452
56 485
56 502
56 514
56 613
57 145
57 148
57 151
57 152
57 156
57 173
57 176
57 189
57 191
57 192
57 226
57 263
57 330
57 340
57 447
57 453
57 479
57 495
57 539
57 559
57 583
57 596
57 614
58 73
58 79
58 102
58 103
58 140
58 157
58 167
58 169
58 195
58 220
58 239
58 281
58 300
58 333
58 339
58 345
58 367
58 389
58 393
58 458
58 485
58 507
58 560
58 589
59 79
59 166
59 188
59 189
59 190
59 214
59 227
59 254
59 267
59 272
59 297
59 371
59 372
59 383
59 416
59 439
59 454
59 519
59 540
59 554
60 101
60 104
60 118
60 174
60 273
60 275
60 293
60 300
60 379
60 384
60 390
60 393
60 423
60 447
60 517
60 560
60 621
61 78
61 96
61 134
61 142
61 143
61 171
61 172
61 208
61 244
61 272
61 283
61 293
61 353
61 357
61 375
61 380
61 417
61 466
61 468
61 536
62 88
62 140
62 153
62 175
62 180
62 208
62 218
62 263
62 314
62 318
62 320
62 331
62 356
62 433
62 490
62 521
62 529
62 531
62 536
62 567
62 575
62 581
62 586
62 615
62 620
63 126
63 154
63 180
63 181
63 226
63 275
63 295
63 311
63 357
63 358
63 359
63 376
63 387
63 392
63 393
63 426
63 441
63 455
63 464
63 510
63 553
63 623
64 75
64 103
64 111
64 212
64 392
64 544
64 586
65 72
65 74
65 97
65 98
65 105
65 106
65 110
65 115
65 118
65 120
65 121
65 122
65 123
65 124
65 125
65 126
65 127
65 128
65 129
65 130
65 131
65 132
65 133
65 134
66 67
66 96
66 146
66 187
66 231
66 239
66 281
66 284
66 336
66 350
66 367
66 375
66 378
66 379
66 380
66 381
66 382
67 79
67 86
67 112
67 115
67 148
67 192
67 260
67 279
67 320
67 330
67 338
67 344
67 378
67 395
67 396
68 149
68 200
68 206
68 214
68 223
68 251
68 253
68 263
68 266
68 292
68 307
68 314
68 331
68 349
68 378
68 416
68 417
68 431
68 444
68 445
68 463
68 471
68 472
68 473
69 124
69 132
69 171
69 251
69 279
69 285
69 304
69 305
69 309
69 331
69 335
69 338
69 349
69 372
69 381
69 397
69 439
69 471
69 475
69 477
69 481
70 73
70 89
70 90
70 129
70 150
70 159
70 197
70 203
70 217
70 237
70 242
70 243
70 282
70 322
70 368
70 428
70 477
70 553
70 563
71 81
71 87
71 103
71 110
71 114
71 116
71 125
71 182
71 196
71 204
71 221
71 231
71 321
71 366
71 386
71 451
71 458
71 471
71 482
71 491
71 534
71 541
71 545
71 557
71 571
72 87
72 94
72 97
72 114
72 139
72 164
72 183
72 190
72 200
72 244
72 276
72 491
72 540
72 541
73 77
73 101
73 116
73 178
73 235
73 274
73 300
73 306
73 310
73 324
73 339
73 446
73 447
73 508
73 524
73 527
73 576
74 83
74 133
74 185
74 208
74 236
74 245
74 264
74 276
74 309
74 339
74 347
74 366
74 423
74 447
74 504
74 561
75 80
75 103
75 108
75 110
75 129
75 137
75 142
75 183
75 189
75 274
75 299
75 339
75 345
75 369
75 377
75 407
75 464
75 540
75 583
76 77
76 118
76 130
76 153
76 175
76 183
76 204
76 212
76 216
76 242
76 274
76 297
76 315
76 326
76 341
76 351
76 366
76 421
76 443
76 447
76 456
76 507
76 533
77 78
77 88
77 92
77 117
77 170
77 196
77 208
77 265
77 335
77 401
77 465
77 513
77 558
77 561
77 569
77 590
78 103
78 133
78 134
78 140
78 162
78 207
78 245
78 301
78 334
78 354
78 392
78 393
78 434
78 448
78 467
78 530
78 544
78 569
79 92
79 131
79 146
79 150
79 180
79 201
79 212
79 219
79 227
79 238
79 245
79 261
79 283
79 375
79 414
79 436
79 523
79 565
79 595
80 100
80 115
80 130
80 162
80 180
80 191
80 197
80 218
80 292
80 295
80 346
80 366
80 396
80 417
80 425
80 446
80 456
80 469
80 527
80 576
81 129
81 130
81 146
81 206
81 236
81 261
81 299
81 324
81 334
81 350
81 361
81 368
81 369
81 380
81 398
81 425
81 434
81 453
81 478
81 483
81 489
81 518
82 92
82 107
82 118
82 153
82 189
82 198
82 250
82 255
82 265
82 274
82 311
82 335
82 348
82 385
82 420
82 442
83 97
83 110
83 170
83 171
83 180
83 181
83 251
83 255
83 266
83 275
83 277
83 280
83 293
83 361
83 433
83 478
83 510
83 553
83 613
84 267
84 332
84 373
84 412
84 468
84 535
84 547
85 91
85 122
85 145
85 157
85 163
85 250
85 255
85 278
85 279
85 280
85 281
85 282
85 283
85 284
85 285
85 286
85 287
85 288
85 289
86 90
86 100
86 112
86 115
86 127
86 161
86 175
86 183
86 185
86 209
86 243
86 301
86 320
86 323
86 331
86 350
86 383
86 400
86 406
86 407
86 408
86 409
87 93
87 173
87 188
87 202
87 203
87 226
87 237
87 263
87 272
87 273
87 274
87 280
87 288
87 345
87 351
87 367
87 368
87 369
87 444
87 452
87 507
87 515
87 520
87 524
87 550
88 111
88 150
88 182
88 189
88 208
88 214
88 317
88 324
88 325
88 351
88 366
88 368
88 389
88 394
88 403
88 416
88 451
88 459
88 526
88 527
88 550
88 554
88 555
88 562
88 563
88 566
88 582
89 113
89 132
89 160
89 162
89 184
89 268
89 392
89 419
89 446
89 514
89 529
89 530
89 549
89 582
89 594
90 93
90 111
90 185
90 186
90 204
90 264
90 267
90 285
90 297
90 315
90 371
90 461
90 554
90 583
91 96
91 111
91 169
91 282
91 296
91 297
91 308
91 312
91 364
91 385
91 452
91 483
91 485
91 579
91 607
92 93
92 111
92 167
92 199
92 263
92 267
92 269
92 317
92 324
92 347
92 370
92 372
92 402
92 410
92 412
92 478
92 526
92 527
93 96
93 141
93 143
93 166
93 188
93 189
93 220
93 277
93 284
93 286
93 288
93 310
93 337
93 364
93 469
93 512
93 589
93 617
93 626
94 119
94 142
94 195
94 243
94 285
94 301
94 310
94 343
94 393
94 457
94 508
94 519
94 566
95 132
95 157
95 191
95 239
95 241
95 268
95 339
95 373
95 378
95 383
95 387
95 405
95 456
95 467
95 508
95 514
95 517
95 601
95 612
95 613
96 127
96 259
96 342
96 389
96 484
96 502
96 512
96 538
96 539
96 552
96 566
96 580
96 583
96 601
96 604
96 616
96 625
104 146
107 146
110 146
116 146
146 163
146 168
146 183
146 195
146 213
146 218
146 244
146 250
146 274
146 290
146 291
146 292
146 293
146 294
146 295
146 296
97 147
101 147
147 153
147 163
147 164
147 176
147 197
147 213
147 215
147 264
147 278
147 311
147 350
147 351
147 352
147 353
147 354
147 355
147 356
147 357
147 358
97 148
106 148
148 160
148 168
148 188
148 195
148 244
148 255
148 262
148 283
148 331
148 340
148 350
148 364
148 374
148 375
148 385
148 389
148 390
109 149
131 149
149 168
149 178
149 212
149 214
149 284
149 287
149 290
149 295
149 302
149 337
149 344
149 351
149 372
149 397
149 419
149 427
149 486
125 150
131 150
150 162
150 163
150 220
150 228
150 236
150 243
150 266
150 325
150 386
150 443
150 452
150 478
150 520
150 521
150 547
150 554
150 562
150 571
150 596
114 151
151 183
151 184
151 217
151 228
151 266
151 284
151 345
151 349
151 355
151 459
151 515
151 527
151 543
151 545
151 596
97 152
120 152
127 152
131 152
152 210
152 219
152 232
152 236
152 292
152 299
152 316
152 359
152 370
152 402
152 418
152 456
152 458
152 459
152 543
152 545
152 549
152 567
99 153
106 153
111 153
116 153
129 153
140 153
142 153
143 153
153 173
153 175
153 178
153 187
153 191
153 293
153 299
153 313
153 345
153 408
153 469
153 494
153 520
153 526
153 531
153 573
153 576
154 178
154 179
154 182
154 183
154 230
154 238
154 315
154 347
154 367
154 385
154 470
154 503
154 561
154 567
154 572
154 581
118 155
125 155
133 155
155 209
155 220
155 234
155 247
155 306
155 411
155 425
155 428
155 494
155 503
155 507
155 522
155 523
155 531
155 555
155 569
155 583
155 594
156 158
156 195
156 206
156 209
156 222
156 225
156 252
156 355
156 411
156 509
156 534
156 539
156 558
156 559
156 605
156 632
157 166
157 167
157 246
157 362
157 363
157 484
157 485
157 489
157 566
157 588
157 591
157 628
158 206
158 209
158 219
158 225
158 243
158 292
158 295
158 411
158 417
159 203
159 266
159 520
159 540
159 562
97 106
97 132
97 160
97 161
97 162
97 163
97 164
97 165
97 166
97 167
125 127
127 186
127 189
127 236
127 244
127 246
127 281
127 282
127 298
127 308
127 351
127 374
127 378
127 385
127 483
127 491
127 541
127 550
127 580
111 163
161 163
163 182
163 184
163 193
163 205
163 211
163 228
163 229
163 236
163 261
163 355
163 368
163 416
163 500
163 566
163 592
163 594
166 167
166 185
166 225
166 240
166 264
166 266
166 281
166 283
166 316
166 379
166 383
166 427
166 434
166 588
166 607
105 182
108 182
138 182
182 221
182 232
182 235
182 243
182 338
182 339
182 391
182 401
182 482
182 516
182 541
182 545
115 183
125 183
172 183
183 186
183 229
183 237
183 243
183 246
183 351
183 443
183 452
183 529
183 536
183 545
113 184
132 184
138 184
145 184
172 184
184 201
184 222
184 230
184 241
184 243
184 323
184 340
184 345
184 385
184 434
184 453
184 480
184 481
184 502
184 503
184 557
137 185
160 185
179 185
185 187
185 189
185 196
185 210
185 213
185 299
185 308
185 316
185 340
185 372
185 434
185 436
185 438
185 454
185 470
185 525
185 537
185 590
185 593
171 186
186 214
186 234
186 250
186 289
186 297
186 307
186 353
186 383
186 398
186 439
186 463
186 495
186 496
186 532
186 551
186 586
186 601
129 187
177 187
187 274
187 308
187 369
187 375
187 387
187 409
187 429
187 467
187 502
187 511
187 576
187 580
175 188
188 215
188 269
188 392
188 435
188 448
188 449
188 494
188 559
188 574
160 189
161 189
189 216
189 222
189 246
189 317
189 323
189 332
189 392
189 444
189 454
189 496
189 507
189 537
189 556
189 562
189 567
189 579
101 190
145 190
174 190
190 202
190 210
190 243
190 264
190 339
190 355
190 418
190 491
190 502
190 543
190 565
190 574
190 575
181 191
191 268
191 308
191 310
191 312
191 355
191 362
191 408
191 412
191 415
191 457
191 499
191 514
191 538
191 566
102 192
114 192
161 192
192 256
192 259
192 300
192 305
192 424
192 432
192 449
192 485
192 612
193 255
193 257
193 304
193 305
193 431
193 469
193 599
111 194
194 266
194 284
194 315
194 369
100 243
100 251
100 253
100 254
100 297
100 308
100 310
100 321
100 323
100 381
100 385
100 475
100 482
100 483
100 484
100 485
100 486
100 487
100 488
100 489
100 490
103 106
103 138
103 175
103 179
103 324
103 365
103 373
103 398
103 418
103 420
103 452
103 467
103 524
103 530
106 123
107 123
118 123
120 123
121 123
123 129
123 177
123 242
123 263
123 306
123 332
123 344
123 345
123 346
123 347
123 348
123 349
98 244
111 244
126 244
172 244
203 244
208 244
244 316
244 340
244 351
244 352
244 370
244 402
244 430
244 433
244 471
244 484
244 526
244 546
244 562
244 573
98 265
121 265
135 265
200 265
219 265
232 265
233 265
248 265
265 295
265 299
265 313
265 316
265 318
265 319
265 355
265 386
265 406
265 431
265 459
265 534
265 587
98 266
138 266
164 266
196 266
199 266
266 267
266 283
266 329
266 433
266 478
266 541
266 593
266 598
125 272
137 272
173 272
217 272
269 272
272 302
272 321
272 331
272 332
272 344
272 378
272 399
272 400
272 421
272 491
272 499
272 500
272 501
125 273
126 273
195 273
209 273
212 273
236 273
273 314
273 328
273 399
273 417
273 440
273 453
273 492
273 516
273 519
161 274
196 274
198 274
203 274
205 274
232 274
274 299
274 319
274 340
274 370
274 391
274 428
274 458
274 537
274 563
274 573
130 275
132 275
180 275
209 275
223 275
236 275
275 300
275 370
275 372
275 373
275 416
275 419
275 440
275 447
275 452
275 507
275 576
275 595
179 276
276 309
276 373
276 380
276 439
276 452
276 468
276 494
276 498
276 522
276 621
276 622
276 623
122 277
199 277
267 277
277 279
277 426
277 471
277 623
108 254
108 309
108 334
108 335
108 348
108 354
108 383
108 393
108 419
108 503
108 569
108 590
111 135
122 135
135 145
135 204
135 297
135 298
135 299
135 300
135 301
135 302
135 303
135 304
135 305
106 143
143 145
143 209
143 278
143 283
143 312
143 331
143 337
143 405
143 423
143 485
143 487
143 517
143 589
105 170
110 170
130 170
170 180
170 215
170 251
170 294
170 381
170 406
170 411
170 417
170 462
170 471
170 483
170 518
170 561
170 597
213 238
238 249
238 293
238 311
238 408
238 456
238 468
238 521
238 522
238 555
238 596
195 252
251 252
252 314
252 330
252 336
252 417
252 461
98 264
115 264
124 264
161 264
171 264
175 264
201 264
205 264
218 264
227 264
230 264
242 264
264 352
264 365
264 463
264 494
264 557
264 569
264 575
107 314
121 314
122 314
180 314
251 314
279 314
314 412
314 413
314 476
122 335
206 335
221 335
248 335
285 335
293 335
306 335
307 335
335 427
335 433
335 455
335 467
335 472
335 548
335 583
136 338
145 338
197 338
201 338
202 338
209 338
290 338
315 338
338 345
338 366
338 368
338 438
338 483
338 528
338 533
338 573
128 339
137 339
181 339
207 339
216 339
309 339
326 339
339 341
339 401
339 444
339 458
339 467
339 531
339 546
339 573
339 581
178 340
206 340
242 340
340 345
340 385
340 447
340 448
340 618
340 620
340 622
104 341
115 341
281 341
290 341
300 341
333 341
334 341
337 341
341 348
341 357
341 401
341 414
341 421
341 517
341 581
341 597
341 601
341 614
232 342
234 342
236 342
237 342
311 342
342 376
342 384
342 387
342 424
342 450
342 457
342 572
342 601
132 343
204 343
212 343
253 343
268 343
303 343
343 381
343 405
343 466
343 490
343 505
113 114
113 130
113 173
113 196
113 203
113 229
113 240
113 262
113 263
113 378
113 397
113 404
113 406
113 413
113 430
113 479
113 496
113 515
113 557
113 560
112 160
120 160
160 175
160 201
160 202
160 250
160 255
160 278
160 291
160 303
160 359
160 360
160 361
160 362
160 363
160 364
110 168
122 168
168 198
168 217
168 246
168 262
168 332
168 334
168 349
168 402
168 441
168 443
168 444
168 445
110 172
140 172
172 195
172 206
172 209
172 217
172 298
172 331
172 345
172 370
172 381
172 483
172 611
169 235
213 235
214 235
235 239
235 253
235 257
235 259
235 269
235 333
235 334
235 483
235 515
235 545
235 566
235 582
235 589
235 607
235 617
131 237
210 237
213 237
237 253
237 254
237 255
237 271
237 284
237 297
237 300
237 316
237 431
237 449
237 483
237 486
237 616
98 263
122 263
198 263
242 263
263 394
263 395
118 282
132 282
169 282
180 282
258 282
259 282
282 292
282 305
282 345
282 363
282 383
282 432
282 434
282 439
282 456
282 462
282 473
282 487
282 538
282 539
282 613
122 332
198 332
209 332
242 332
243 332
279 332
330 332
332 351
332 395
332 433
332 471
106 334
116 334
122 334
141 334
175 334
218 334
285 334
298 334
306 334
334 399
334 446
334 508
334 518
334 526
334 591
162 410
165 410
173 410
200 410
253 410
255 410
257 410
279 410
292 410
322 410
333 410
351 410
366 410
397 410
400 410
410 412
410 416
410 427
410 435
410 454
410 482
410 506
101 439
119 439
125 439
199 439
251 439
254 439
280 439
290 439
294 439
400 439
416 439
437 439
439 455
439 501
439 502
178 472
205 472
207 472
234 472
283 472
301 472
306 472
326 472
351 472
354 472
422 472
433 472
454 472
472 479
472 498
472 502
472 504
472 595
130 518
132 518
165 518
177 518
220 518
234 518
241 518
245 518
249 518
307 518
347 518
348 518
351 518
354 518
394 518
404 518
419 518
442 518
462 518
479 518
503 518
504 518
518 537
128 129
128 213
128 230
128 287
128 316
128 454
128 516
128 524
128 525
128 564
128 574
128 575
140 198
198 199
198 291
198 306
198 330
198 378
198 395
198 400
198 411
198 463
198 464
198 465
198 466
98 268
145 268
211 268
212 268
268 373
268 387
268 419
268 457
268 539
268 558
268 586
125 280
173 280
195 280
214 280
227 280
234 280
243 280
280 306
280 322
280 330
280 345
280 413
280 425
280 445
280 451
280 503
280 504
280 505
205 288
214 288
233 288
288 480
288 494
126 302
269 302
285 302
286 302
302 328
302 463
302 516
101 422
106 422
281 422
286 422
292 422
307 422
359 422
382 422
393 422
422 425
422 461
422 478
422 507
422 526
422 595
422 606
137 428
257 428
271 428
305 428
330 428
404 428
414 428
427 428
428 467
428 558
428 559
101 458
104 458
142 458
145 458
173 458
215 458
228 458
315 458
367 458
389 458
401 458
406 458
429 458
458 480
458 533
458 569
458 597
207 497
210 497
214 497
225 497
247 497
306 497
309 497
371 497
406 497
456 497
497 522
497 523
497 549
118 558
133 558
216 558
231 558
323 558
354 558
419 558
446 558
207 559
209 559
294 559
354 559
455 559
528 559
546 559
559 622
126 131
126 255
126 297
126 369
126 488
126 525
126 540
98 161
102 161
106 161
120 161
121 161
161 250
161 365
161 366
161 367
161 368
161 369
161 370
161 371
161 372
161 373
125 162
162 226
162 259
162 262
162 296
162 349
162 385
162 389
162 398
162 444
162 445
162 486
162 494
162 496
162 499
162 504
162 548
106 175
120 175
132 175
175 176
175 250
175 347
175 478
175 482
175 523
175 568
175 571
175 576
175 596
111 248
140 248
204 248
248 297
248 300
248 310
248 393
248 447
248 448
248 503
248 537
248 590
248 595
248 620
109 249
111 249
132 249
145 249
249 301
249 313
249 345
249 382
249 421
249 452
249 514
249 523
249 548
249 596
105 295
121 295
138 295
140 295
195 295
206 295
207 295
251 295
253 295
258 295
295 435
295 466
295 467
295 491
295 502
176 298
209 298
234 298
247 298
298 352
298 355
298 366
298 386
298 391
298 457
298 480
298 502
298 504
298 554
298 572
298 602
112 320
250 320
290 320
315 320
320 345
320 359
320 369
320 371
320 385
320 416
139 322
250 322
290 322
292 322
294 322
322 366
322 423
322 429
322 450
322 461
322 463
322 506
322 512
322 550
322 551
322 552
104 323
115 323
131 323
136 323
145 323
197 323
250 323
323 324
323 353
323 366
323 369
323 404
323 427
323 434
323 436
323 448
323 528
323 605
178 327
250 327
301 327
309 327
317 327
327 353
327 366
327 392
327 447
327 448
327 468
327 473
327 520
327 523
327 549
130 348
181 348
215 348
294 348
324 348
345 348
348 421
348 427
348 456
348 525
348 560
348 591
348 596
348 623
112 350
169 350
251 350
278 350
281 350
333 350
349 350
350 363
350 365
350 385
350 386
350 387
350 388
116 404
134 404
195 404
216 404
231 404
234 404
245 404
309 404
347 404
381 404
404 425
404 474
404 529
141 435
220 435
225 435
229 435
234 435
245 435
279 435
281 435
283 435
291 435
308 435
355 435
371 435
372 435
383 435
384 435
424 435
435 503
435 551
435 606
107 440
131 440
251 440
297 440
300 440
308 440
363 440
369 440
371 440
384 440
385 440
388 440
440 450
440 452
440 486
440 514
440 517
440 525
142 456
253 456
286 456
346 456
381 456
397 456
413 456
441 456
456 473
456 477
456 481
456 506
456 547
107 501
116 501
118 501
145 501
178 501
233 501
326 501
385 501
392 501
423 501
427 501
437 501
460 501
501 570
501 630
142 541
176 541
223 541
233 541
270 541
284 541
286 541
292 541
304 541
351 541
360 541
367 541
375 541
398 541
512 541
540 541
202 571
215 571
216 571
219 571
294 571
315 571
370 571
398 571
407 571
418 571
448 571
474 571
502 571
525 571
526 571
561 571
567 571
571 585
104 576
136 576
139 576
207 576
231 576
326 576
367 576
385 576
399 576
474 576
519 576
547 576
115 124
124 133
124 284
124 346
124 366
124 368
124 382
124 398
124 430
124 434
124 463
124 468
124 530
124 534
124 535
130 131
131 180
131 203
131 240
131 292
131 325
131 329
131 394
131 398
131 413
131 417
131 419
131 444
131 469
131 477
131 496
131 500
131 514
131 555
131 556
131 562
131 614
178 219
203 219
219 258
219 261
219 291
219 300
219 318
219 331
219 361
219 406
219 407
219 427
219 429
219 520
219 533
219 550
219 569
114 232
203 232
213 232
217 232
224 232
232 250
232 297
232 367
232 368
232 369
232 385
232 414
232 431
232 432
232 487
232 494
232 520
232 544
232 549
232 550
102 243
111 243
218 243
243 355
243 392
243 395
243 398
243 457
243 503
243 539
99 308
105 308
112 308
117 308
164 308
231 308
246 308
247 308
278 308
308 375
308 443
308 480
308 533
308 560
121 315
200 315
208 315
217 315
227 315
242 315
245 315
315 403
315 446
315 451
315 464
315 471
315 520
315 534
315 573
140 354
228 354
337 354
354 374
354 390
354 441
354 449
354 499
354 504
354 581
354 583
112 359
145 359
165 359
177 359
206 359
222 359
223 359
230 359
345 359
359 392
359 413
359 416
359 417
359 418
359 419
359 420
359 421
102 493
133 493
233 493
255 493
260 493
267 493
290 493
306 493
307 493
366 493
373 493
406 493
427 493
459 493
473 493
480 493
493 496
493 537
493 549
493 557
493 568
493 585
493 603
114 500
259 500
260 500
296 500
337 500
398 500
409 500
412 500
500 540
500 562
500 603
176 502
206 502
318 502
329 502
360 502
363 502
366 502
379 502
380 502
385 502
393 502
418 502
434 502
444 502
502 536
502 538
502 615
104 524
107 524
129 524
201 524
202 524
321 524
407 524
418 524
434 524
524 563
524 569
524 570
101 561
317 561
392 561
409 561
423 561
446 561
467 561
519 561
525 561
554 561
561 568
561 569
561 585
561 590
561 596
174 578
373 578
379 578
431 578
436 578
443 578
547 578
564 578
569 578
575 578
129 227
130 227
204 227
213 227
227 240
227 351
227 406
227 446
227 477
227 479
227 481
227 496
227 506
227 530
221 345
261 345
285 345
345 418
345 444
345 474
345 531
345 557
345 563
345 598
345 602
114 423
117 423
130 423
211 423
216 423
318 423
325 423
366 423
368 423
378 423
418 423
423 438
423 446
423 464
423 471
423 477
423 555
423 563
423 566
164 455
165 455
178 455
208 455
370 455
408 455
413 455
438 455
455 469
455 533
455 548
455 549
455 568
455 585
455 594
455 622
211 488
361 488
441 488
469 488
488 507
488 509
488 549
488 568
488 607
488 613
105 495
134 495
204 495
206 495
208 495
229 495
230 495
245 495
306 495
392 495
406 495
409 495
448 495
451 495
480 495
495 525
495 528
495 534
495 583
495 614
116 514
214 514
236 514
255 514
290 514
329 514
394 514
405 514
448 514
452 514
473 514
474 514
514 521
514 526
514 560
514 582
514 591
117 530
129 530
233 530
242 530
319 530
328 530
368 530
401 530
407 530
459 530
464 530
525 530
530 532
530 572
130 594
134 594
196 594
208 594
224 594
303 594
307 594
311 594
326 594
333 594
346 594
361 594
379 594
447 594
478 594
521 594
565 594
594 622
116 595
211 595
229 595
312 595
388 595
390 595
464 595
494 595
522 595
535 595
556 595
567 595
585 595
115 137
137 333
137 352
137 353
137 366
137 367
137 383
137 405
137 450
137 463
137 601
112 213
121 213
213 228
213 229
213 230
213 231
213 233
213 234
213 236
213 239
213 240
213 241
98 267
267 306
267 309
267 317
267 347
267 420
267 447
267 463
267 467
267 498
267 513
267 521
267 536
267 575
179 284
284 395
284 492
284 542
102 287
117 287
167 287
202 287
220 287
228 287
287 318
287 329
287 395
287 496
287 532
118 299
203 299
217 299
299 304
299 360
299 367
299 369
299 376
299 429
299 569
299 589
299 602
171 300
207 300
300 374
300 408
300 528
300 579
122 336
171 336
239 336
270 336
271 336
289 336
305 336
310 336
336 364
336 371
336 387
336 399
336 402
336 464
336 483
336 512
336 539
336 583
132 371
200 371
209 371
216 371
262 371
371 415
371 553
125 424
171 424
206 424
246 424
325 424
333 424
360 424
375 424
378 424
380 424
385 424
390 424
424 475
424 482
424 491
424 515
424 544
424 589
116 480
134 480
208 480
229 480
398 480
421 480
425 480
430 480
433 480
443 480
480 534
480 569
480 593
217 504
234 504
285 504
309 504
346 504
446 504
481 504
498 504
504 523
504 525
504 529
504 532
115 516
171 516
201 516
228 516
245 516
401 516
505 516
516 536
516 557
165 521
229 521
347 521
370 521
389 521
394 521
477 521
478 521
515 521
521 522
521 542
521 597
521 618
104 525
132 525
138 525
174 525
181 525
200 525
228 525
229 525
318 525
321 525
325 525
401 525
525 532
525 544
197 554
214 554
215 554
220 554
554 586
418 560
474 560
479 560
560 564
560 586
560 598
560 620
132 593
140 593
164 593
165 593
206 593
228 593
255 593
281 593
375 593
444 593
469 593
470 593
475 593
479 593
581 593
593 599
593 600
593 609
593 614
593 615
120 176
132 176
173 176
176 207
176 233
176 261
176 292
176 319
176 328
176 375
176 459
176 482
176 557
176 565
176 620
140 260
145 260
260 310
260 409
260 517
102 324
118 324
206 324
250 324
255 324
324 367
324 429
324 520
324 549
324 556
324 572
324 598
129 352
174 352
177 352
206 352
292 352
310 352
337 352
352 369
352 384
352 390
352 393
352 414
352 419
352 420
352 569
352 589
352 616
132 355
207 355
222 355
258 355
278 355
355 360
355 363
355 364
355 414
355 427
355 475
355 565
355 609
355 623
253 457
321 457
413 457
452 457
179 526
205 526
222 526
233 526
292 526
312 526
321 526
358 526
360 526
364 526
369 526
393 526
486 526
490 526
526 617
138 536
139 536
141 536
164 536
177 536
229 536
281 536
307 536
366 536
372 536
386 536
443 536
444 536
482 536
527 536
536 575
536 597
140 619
145 619
310 619
105 171
110 171
138 171
141 171
142 171
171 180
171 231
171 253
171 297
171 378
171 443
171 467
171 470
171 473
171 548
171 596
122 195
139 195
165 195
173 195
195 226
195 313
195 330
195 400
195 401
195 402
195 403
195 405
101 209
136 209
145 209
169 209
209 222
209 255
209 397
209 441
209 506
101 222
106 222
139 222
165 222
222 247
222 279
222 436
222 506
222 507
222 509
222 598
116 233
203 233
218 233
220 233
233 293
233 414
233 429
233 430
233 443
233 492
233 499
233 520
233 555
233 557
233 562
111 246
169 246
217 246
242 246
246 367
246 369
246 385
246 387
246 487
246 511
246 573
246 580
246 604
122 279
173 279
253 279
255 279
279 292
279 344
279 365
279 379
279 414
279 425
279 427
279 429
279 433
279 434
279 436
279 437
279 438
165 292
223 292
292 405
292 408
292 461
292 473
292 509
292 556
292 564
262 389
358 389
369 389
375 389
389 416
389 483
389 589
389 596
174 448
223 448
293 448
344 448
346 448
400 448
430 448
448 462
448 470
448 481
448 505
448 546
448 556
448 562
448 598
448 621
257 461
270 461
414 461
416 461
434 461
461 463
461 491
461 506
461 507
461 508
461 509
461 510
461 511
461 512
118 478
132 478
218 478
257 478
304 478
366 478
381 478
395 478
414 478
433 478
441 478
473 478
476 478
478 507
478 547
478 591
223 507
239 507
261 507
349 507
391 507
117 140
140 169
140 181
140 247
140 459
110 142
119 142
142 181
142 208
142 212
142 318
142 373
142 421
142 491
142 567
142 573
142 581
142 623
120 178
129 178
178 228
178 261
178 318
178 394
178 417
178 430
178 464
178 470
178 477
178 542
178 556
178 581
133 344
206 344
225 344
290 344
307 344
313 344
333 344
344 378
344 397
344 413
344 425
344 429
344 463
344 467
344 468
344 469
230 349
349 463
349 469
349 529
116 367
199 367
221 367
367 370
367 386
367 391
367 482
367 579
169 369
245 369
247 369
326 369
369 386
369 459
369 586
107 484
109 484
119 484
255 484
376 484
408 484
465 484
484 511
101 496
294 496
306 496
409 496
425 496
473 496
474 496
482 496
496 546
221 505
226 505
241 505
290 505
303 505
328 505
376 505
415 505
441 505
462 505
505 517
505 583
505 613
505 624
98 122
99 122
119 122
122 271
122 330
122 331
122 333
122 337
106 212
118 212
212 236
212 251
212 278
212 283
212 361
212 466
212 483
212 489
212 510
212 553
212 589
212 613
305 346
305 509
305 570
169 381
177 381
180 381
247 381
270 381
347 381
381 474
381 523
381 574
130 405
203 405
240 405
255 405
283 405
325 405
330 405
390 405
393 405
405 430
405 483
405 535
405 550
405 589
405 617
374 466
403 466
466 566
165 469
207 469
226 469
316 469
346 469
394 469
425 469
426 469
436 469
469 473
469 531
469 538
469 555
469 607
116 503
196 503
217 503
229 503
286 503
317 503
446 503
464 503
481 503
486 503
503 515
503 542
503 596
105 569
106 569
138 569
196 569
221 569
317 569
366 569
468 569
474 569
569 585
569 621
569 622
117 572
129 572
217 572
223 572
374 572
409 572
464 572
470 572
506 572
535 572
572 621
138 586
211 586
301 586
353 586
527 586
553 586
574 586
125 197
125 215
125 262
125 297
125 398
125 416
125 441
125 529
141 181
141 283
141 337
141 346
141 373
141 390
141 415
141 421
141 468
141 522
141 531
141 596
130 215
139 215
215 242
215 368
215 401
215 425
215 481
215 532
215 547
106 218
107 218
136 218
169 218
218 254
218 255
218 261
218 399
218 407
218 409
218 416
119 241
225 241
241 290
241 312
241 362
241 388
241 395
241 431
241 447
112 316
121 316
200 316
201 316
206 316
316 357
316 363
316 385
316 429
316 483
316 515
316 550
316 609
130 347
199 347
207 347
221 347
251 347
255 347
293 347
347 356
347 361
347 394
347 420
347 437
347 474
347 492
205 372
216 372
230 372
358 372
360 372
372 375
372 383
372 395
372 473
372 511
372 546
372 547
372 565
372 575
372 620
106 417
138 417
165 417
255 417
378 417
397 417
398 417
403 417
417 427
417 441
417 451
417 482
417 506
417 517
116 420
180 420
202 420
230 420
309 420
317 420
366 420
416 420
420 436
420 446
420 452
420 463
420 547
420 568
291 483
326 483
386 483
401 483
442 483
483 529
483 562
181 498
306 498
309 498
412 498
468 498
491 498
498 528
498 546
498 568
119 548
492 548
522 548
523 548
528 548
546 548
119 596
134 596
165 596
247 596
294 596
309 596
429 596
473 596
533 596
590 596
99 309
285 309
309 523
309 528
309 531
309 542
309 567
309 622
121 319
319 431
319 591
115 331
262 331
331 386
331 395
331 397
105 377
174 377
278 377
293 377
377 379
377 397
377 529
377 544
377 575
106 391
112 391
114 391
115 391
202 391
391 395
391 402
391 544
391 580
391 610
391 611
239 508
296 508
356 508
362 508
415 508
508 545
105 144
144 240
144 270
144 358
144 393
144 460
144 513
144 568
144 570
144 626
98 181
120 181
181 285
181 293
181 301
181 310
181 373
181 393
181 414
181 427
181 468
181 517
181 519
228 297
242 297
297 312
297 425
297 481
297 557
297 579
236 353
353 375
353 453
353 556
353 564
353 629
254 357
278 357
313 357
326 357
357 409
119 376
254 376
278 376
313 376
375 376
376 453
376 566
119 387
145 387
254 387
387 519
387 566
387 570
387 579
211 519
239 519
296 519
312 519
412 519
449 519
451 519
519 538
519 584
304 607
490 607
511 607
167 613
301 613
566 613
221 623
270 623
393 623
412 623
450 623
467 623
511 623
523 623
551 623
552 623
581 623
598 623
104 179
120 179
165 179
179 293
179 296
179 382
179 390
179 401
179 444
179 464
179 532
179 544
179 581
179 585
179 598
179 604
236 258
258 534
98 271
197 271
271 433
271 471
271 563
112 393
375 393
330 432
432 574
397 475
402 475
459 475
475 534
236 599
426 599
509 599
563 599
584 599
98 262
98 269
98 270
99 107
99 169
99 306
99 307
99 310
99 311
99 312
101 173
101 204
101 216
101 217
101 224
101 245
101 321
101 398
101 473
101 477
101 482
101 492
101 499
101 515
101 555
101 562
102 129
102 196
102 370
102 491
102 579
104 129
104 132
104 202
104 253
104 398
104 399
104 402
104 454
104 570
104 575
105 111
105 116
105 540
105 587
106 136
106 205
106 307
106 434
106 447
106 557
106 618
106 620
107 117
107 236
107 239
107 396
107 433
107 434
107 444
107 499
107 545
107 565
109 112
109 228
109 236
109 281
109 368
109 429
109 471
109 515
109 566
109 568
109 592
109 598
109 614
109 620
110 118
110 132
110 138
110 169
115 138
115 203
115 205
115 223
115 366
115 411
115 416
115 452
115 491
115 537
115 545
115 573
115 582
117 169
117 245
117 247
117 255
117 318
196 202
196 207
196 216
196 245
196 247
196 447
196 459
196 513
196 527
196 544
196 549
196 581
116 197
129 197
197 202
197 207
197 269
197 403
197 411
197 450
197 552
197 575
197 580
197 589
197 606
197 626
167 250
199 250
236 250
250 321
250 325
250 326
250 328
250 329
251 262
251 370
251 397
251 441
251 442
236 253
253 290
253 294
253 326
253 446
253 522
239 254
254 281
254 293
254 375
254 398
254 531
240 255
255 317
255 326
255 453
255 471
255 562
255 573
256 262
256 269
256 399
257 356
257 509
259 511
112 120
112 202
112 207
112 278
112 313
112 356
112 358
112 392
112 394
226 262
262 365
262 373
262 378
262 395
262 397
262 398
262 399
138 290
200 290
203 290
217 290
269 290
290 419
290 451
290 515
240 294
294 301
294 366
294 403
294 419
294 444
294 464
130 402
139 402
356 402
361 402
379 402
402 429
402 474
402 486
402 565
402 618
165 411
269 411
380 411
395 411
411 416
411 464
411 583
411 598
119 412
180 412
200 412
205 412
394 412
412 479
119 380
119 384
119 421
119 452
119 551
119 601
119 606
136 214
214 545
214 553
205 223
223 239
223 394
223 462
223 531
223 614
118 328
328 397
328 476
328 547
328 591
114 451
136 451
291 451
346 451
398 451
413 451
446 451
451 546
136 138
136 216
136 368
136 374
136 399
136 471
136 492
136 543
136 545
136 577
134 310
208 310
310 522
310 531
310 570
310 584
118 398
130 398
133 398
205 398
398 399
398 401
398 434
398 446
398 474
398 494
398 557
398 574
130 434
164 434
217 434
325 434
408 434
416 434
434 477
434 491
434 492
434 537
434 555
434 564
434 565
532 600
204 533
217 533
286 533
346 533
467 533
473 533
513 533
533 567
533 590
533 618
114 368
114 520
114 553
114 591
114 592
138 234
138 326
138 395
138 408
138 544
138 546
138 556
164 202
164 205
164 210
164 211
164 293
164 360
164 361
164 363
164 375
164 380
164 386
164 427
164 462
164 489
164 490
164 535
164 550
164 562
164 565
164 589
164 620
240 454
307 454
333 454
413 454
454 481
454 535
454 542
454 565
454 620
173 459
174 459
199 459
203 459
363 459
379 459
459 489
459 550
459 562
459 565
326 482
374 482
386 482
482 535
482 537
482 538
234 575
383 575
545 575
565 575
545 577
311 582
329 582
362 582
390 582
464 582
545 582
134 281
207 281
281 374
281 388
281 468
281 618
281 621
174 325
325 351
325 360
325 399
325 476
325 479
325 535
325 565
325 624
203 383
242 383
365 383
374 383
383 400
383 491
383 527
383 543
383 553
167 384
270 384
365 384
384 400
203 386
204 386
321 386
379 386
386 540
386 544
386 545
386 550
386 557
206 562
228 562
418 562
476 562
489 562
534 562
542 562
549 562
550 562
562 614
562 615
311 608
511 608
579 608
588 608
134 207
139 207
177 207
207 224
207 247
207 418
207 568
207 618
129 301
301 329
301 380
301 408
301 426
301 462
301 476
301 481
301 510
301 547
301 553
229 406
230 406
303 406
380 406
406 416
406 427
406 476
236 414
313 414
317 414
333 414
414 425
414 460
414 563
201 419
326 419
399 419
401 419
416 419
419 421
419 427
419 436
419 447
419 462
419 476
419 605
180 421
380 421
401 421
413 421
421 452
421 462
421 479
234 602
247 602
304 602
426 602
429 602
467 602
513 602
537 602
564 602
565 602
590 602
588 603
221 247
221 426
221 430
167 296
270 296
118 464
133 464
177 464
374 464
418 464
464 528
199 467
208 467
216 467
245 467
346 467
467 471
467 522
467 542
467 546
467 547
133 468
165 468
177 468
180 468
208 468
306 468
407 468
444 468
468 473
468 499
468 523
468 556
468 597
111 201
139 201
174 201
177 201
201 216
201 220
201 242
201 245
201 321
201 368
201 418
201 544
201 568
116 208
208 385
208 427
208 490
208 565
208 590
208 620
121 317
173 317
206 317
311 317
317 418
317 430
317 465
317 556
317 591
285 346
286 346
293 346
307 346
333 346
346 379
346 429
346 441
346 473
346 474
177 430
311 430
330 430
356 430
360 430
430 474
430 568
430 614
203 492
234 492
306 492
441 492
463 492
492 520
492 540
492 547
134 499
306 499
318 499
426 499
473 499
499 522
499 620
139 579
231 579
563 579
579 604
579 612
203 581
247 581
429 581
568 581
133 618
286 618
304 618
361 618
425 618
429 618
565 618
568 618
583 618
590 618
614 618
206 236
206 394
206 473
206 481
206 550
225 240
225 242
225 362
225 565
225 609
165 462
200 462
217 462
390 462
415 462
416 462
453 462
462 486
462 609
397 474
425 474
441 474
443 474
444 474
474 479
474 591
474 614
474 620
202 563
203 563
231 563
431 563
520 563
563 565
564 587
133 312
133 337
133 374
133 446
133 481
133 506
133 535
133 546
133 590
133 622
111 247
180 247
204 247
210 247
220 247
247 374
247 375
247 380
247 385
247 481
247 494
247 544
165 392
203 392
210 392
211 392
242 392
392 400
392 444
392 477
392 481
392 506
392 528
392 531
392 542
392 556
392 567
130 447
204 447
229 447
379 447
400 447
408 447
436 447
443 447
446 447
447 481
447 535
447 621
231 473
307 473
443 473
473 531
473 534
473 537
473 549
473 556
473 614
139 494
230 494
240 494
306 494
333 494
494 523
494 568
477 522
522 549
522 567
522 585
522 590
522 597
132 531
242 531
418 531
479 531
506 531
531 546
531 549
531 568
531 620
204 568
216 568
228 568
444 568
470 568
528 568
567 568
568 620
116 245
116 385
116 549
306 413
313 413
361 413
378 413
413 452
413 453
204 429
211 429
330 429
429 527
429 537
429 555
429 600
132 476
180 476
394 476
453 476
476 534
220 565
360 565
403 565
437 565
565 597
204 590
534 590
535 590
547 590
211 307
307 365
307 437
307 471
307 479
307 535
307 574
307 609
167 601
588 601
132 368
132 547
174 283
283 313
283 360
283 365
283 551
283 552
283 609
283 624
283 626
220 409
303 409
380 409
396 409
409 415
409 416
409 485
409 573
409 615
409 628
425 583
511 583
545 583
546 583
270 373
270 375
270 517
270 584
270 612
270 628
205 388
211 388
234 388
388 444
388 574
388 631
173 399
204 399
373 399
399 433
399 441
239 431
330 431
361 431
425 431
431 509
139 538
236 538
240 538
285 538
312 538
517 538
538 551
538 584
538 625
511 606
570 606
311 627
333 627
356 627
118 361
173 361
326 361
361 370
361 394
361 433
361 438
361 445
361 534
361 550
210 403
216 403
291 403
293 403
311 403
362 403
403 540
403 615
326 465
426 465
313 415
356 449
400 449
449 570
203 534
205 534
291 534
427 534
527 534
111 121
111 199
111 200
111 242
111 245
118 134
118 224
118 261
118 360
118 425
118 470
118 573
118 620
139 269
139 375
139 453
139 460
145 211
145 261
145 408
145 539
120 173
120 174
120 177
120 180
121 203
121 313
121 318
129 177
129 544
177 199
199 306
199 527
199 549
200 395
200 520
202 242
202 407
202 446
203 370
203 557
177 204
204 394
204 446
204 585
205 216
205 231
205 374
205 379
205 427
205 506
205 527
205 609
210 396
210 549
210 591
210 614
211 312
211 362
211 549
211 620
177 216
216 306
216 318
216 547
216 549
217 234
217 416
217 436
217 549
217 557
217 598
173 220
220 312
220 351
220 374
220 529
224 236
224 425
226 304
226 490
165 453
165 549
180 230
180 418
180 436
180 452
180 547
180 549
231 261
261 379
261 520
173 313
173 321
173 330
173 453
173 460
231 380
231 460
231 509
231 539
231 540
231 574
174 374
278 374
333 374
374 378
374 380
374 443
374 444
374 600
306 378
360 378
366 378
378 394
378 425
378 426
228 427
240 427
245 427
291 427
330 427
395 427
427 555
427 556
306 470
318 470
470 527
470 585
470 600
167 239
167 517
167 610
167 633
230 239
239 289
239 510
239 511
239 513
239 580
239 604
239 617
239 626
169 390
229 291
229 362
229 527
229 549
313 373
230 379
330 379
379 394
379 425
379 453
379 570
245 517
517 539
517 570
517 622
228 549
285 549
286 549
453 549
515 549
549 622
130 234
130 326
130 366
130 416
130 481
130 591
313 385
351 385
385 400
385 453
385 557
228 520
321 520
436 520
477 520
520 537
520 545
520 555
520 564
520 567
230 540
351 540
481 540
537 540
491 545
544 545
545 584
291 550
356 550
542 550
278 313
278 330
278 375
291 330
291 368
291 453
291 485
291 542
291 566
291 588
312 588
169 293
169 380
169 485
169 487
169 628
401 452
312 330
330 397
312 453
364 453
401 453
436 453
453 511
453 529
453 564
453 591
433 479
479 557
479 614
479 621
240 539
362 539
450 539
490 539
539 624
506 614
537 614
174 333
333 360
333 375
333 400
333 574
333 625
333 626
245 589
174 245
174 407
174 570
174 597
174 600
293 418
293 425
293 570
293 573
177 621
312 621
360 621
620 621
134 425
375 546
375 597
375 600
375 626
312 380
380 573
230 318
318 407
318 408
318 528
318 537
318 553
318 598
312 356
356 360
356 437
356 450
356 511
356 552
242 433
286 433
306 433
321 433
433 477
360 490
394 490
426 490
490 509
321 529
337 529
486 529
529 546
426 567
446 567
567 622
574 615
443 620
506 620
537 620
547 620
591 620
311 510
311 580
311 584
311 610
311 616
358 528
358 597
286 426
303 426
408 426
426 491
426 523
426 537
285 441
286 441
418 553
553 557
236 544
418 544
491 544
382 523
382 600
242 395
313 395
269 396
269 445
445 574
230 463
397 463
463 513
285 306
285 631
304 574
304 631
303 397
397 400
306 477
477 523
326 481
481 585
481 597
242 366
368 407
368 418
368 585
321 527
321 528
177 366
228 366
366 400
366 574
306 491
491 546
306 400
177 446
326 446
400 446
438 446
446 597
234 527
351 527
513 527
527 555
236 360
236 509
236 609
236 617
228 245
245 555
407 535
407 547
326 591
269 351
351 542
351 543
230 443
443 570
443 609
400 401
401 585
337 513
513 604
394 436
286 523
437 523
506 523
523 542
394 425
425 535
177 535
418 535
535 537
286 528
286 600
289 511
364 400
400 450
394 537
234 555
566 610
566 628
312 628
313 364
240 269
370 546
177 337
234 337
552 584
230 604
511 604
570 625
584 625
600 625
625 631
230 486
418 486
228 418
362 418
418 542
418 609
313 363
240 437
240 509
240 609
240 610
230 537
234 537
528 573
360 438
528 551
551 600
551 631
177 362
177 528
177 622
230 585
234 506
234 609
234 622
556 597
556 600
450 546
585 622
450 597
450 631
511 633
597 624
511 584
584 624
624 631
