1 2
1 3
1 4
1 5
1 6
1 7
1 8
1 9
1 10
1 11
2 44
2 57
2 67
2 80
2 99
2 100
2 149
2 236
2 240
2 271
2 311
2 320
2 328
2 349
2 350
2 377
2 381
2 389
2 392
2 409
2 410
2 411
2 412
2 413
2 414
2 415
2 416
2 417
2 418
2 419
2 420
2 421
2 422
2 423
2 424
2 425
2 426
2 427
2 428
2 429
2 430
2 431
3 35
3 48
3 56
3 215
3 226
3 277
3 351
3 385
3 400
3 424
3 425
3 456
3 457
3 505
3 540
3 541
3 542
3 543
3 544
3 545
3 546
3 547
3 548
3 549
3 550
3 551
3 552
3 553
3 554
4 102
4 109
4 182
4 188
4 198
4 200
4 225
4 230
4 235
4 256
4 306
4 313
4 319
4 346
4 353
4 394
4 442
4 494
4 555
4 556
4 557
4 558
4 559
4 560
4 561
4 562
4 563
4 564
4 565
4 566
4 567
4 568
4 569
4 570
4 571
4 572
4 573
4 574
4 575
4 576
4 577
4 578
4 579
4 580
5 41
5 50
5 106
5 107
5 194
5 200
5 310
5 577
5 581
5 582
5 583
5 584
5 585
5 586
5 587
5 588
5 589
5 590
5 591
6 47
6 193
6 273
6 284
6 322
6 592
6 593
6 594
6 595
6 596
6 597
6 598
6 599
6 600
7 42
7 57
7 75
7 79
7 95
7 103
7 114
7 116
7 145
7 147
7 159
7 185
7 218
7 220
7 234
7 275
7 279
7 282
7 358
7 401
7 430
7 451
7 504
7 529
7 532
7 574
7 601
7 602
7 603
7 604
7 605
7 606
7 607
7 608
7 609
7 610
7 611
7 612
7 613
7 614
7 615
7 616
7 617
8 48
8 50
8 57
8 107
8 215
8 226
8 236
8 237
8 272
8 358
8 459
8 460
8 534
8 541
8 543
8 544
8 548
8 554
8 635
8 644
8 645
8 646
8 647
8 648
8 649
8 650
8 651
8 652
8 653
8 654
8 655
9 12
9 98
9 101
9 109
9 111
9 184
9 191
9 199
9 227
9 228
9 235
9 239
9 244
9 264
9 282
9 320
9 391
9 394
9 422
9 451
9 494
9 502
9 506
9 525
9 539
9 574
9 630
9 635
9 646
9 663
9 685
9 686
9 687
9 688
9 689
9 690
9 691
9 692
9 693
9 694
9 695
9 696
9 697
9 698
10 110
10 362
10 396
10 421
10 550
10 649
10 704
10 705
11 236
11 237
11 272
11 277
11 287
11 385
11 424
11 458
11 461
11 508
11 511
11 537
11 545
11 546
11 547
11 552
11 645
11 646
11 647
11 650
11 654
11 664
11 719
11 720
11 721
11 722
11 723
11 724
17 44
17 57
57 330
57 515
57 733
57 777
58 67
67 485
16 80
58 80
80 745
80 787
81 99
81 100
117 149
201 236
236 670
201 240
240 806
245 271
271 515
288 311
288 320
288 328
328 372
328 432
328 670
328 733
330 349
330 350
372 377
372 381
372 389
372 392
418 710
420 485
421 780
423 464
425 777
426 464
426 787
427 432
427 637
427 710
405 428
428 745
16 429
430 806
431 769
431 824
17 35
17 48
48 81
17 56
56 330
56 777
201 215
201 226
245 277
277 485
330 351
351 777
372 385
372 400
400 618
400 777
454 456
454 457
485 505
505 777
548 739
549 739
550 766
551 618
551 665
551 777
552 757
552 780
553 766
553 780
554 757
554 795
81 102
102 245
102 485
81 109
169 182
169 188
169 198
198 733
198 797
169 200
200 791
200 822
201 225
225 372
201 230
201 235
245 256
288 306
288 313
13 319
288 319
330 346
346 515
330 353
372 394
394 432
432 442
485 494
566 618
566 665
567 637
15 568
569 710
16 570
570 758
571 618
572 739
572 822
573 797
576 670
576 791
577 637
577 733
578 733
578 739
578 822
405 579
579 665
579 813
580 791
580 797
17 41
17 50
81 106
81 107
169 194
288 310
310 670
584 739
585 733
586 739
587 670
588 739
588 822
589 739
589 822
590 818
590 822
591 733
591 791
16 47
17 47
169 193
193 758
245 273
273 758
245 284
284 813
288 322
322 745
597 745
16 598
405 599
405 600
600 637
600 813
17 42
42 245
58 75
15 79
58 79
81 95
81 103
103 117
81 114
114 485
114 780
114 795
16 116
81 116
116 758
117 145
117 147
117 159
159 201
169 185
185 485
201 218
201 220
201 234
245 275
245 279
279 710
245 282
330 358
358 372
358 670
358 777
372 401
401 806
432 451
485 504
515 529
515 532
15 608
608 710
610 780
610 795
611 769
612 710
613 733
614 637
15 615
615 745
615 813
616 795
616 813
616 823
617 769
617 795
617 823
201 237
237 372
237 733
245 272
454 459
454 460
515 534
534 777
618 635
635 777
645 670
647 733
648 670
648 777
649 757
650 822
651 766
651 795
652 665
652 733
652 777
653 766
653 780
653 806
654 806
655 777
655 806
12 13
12 14
12 15
12 16
81 98
81 101
81 111
111 637
169 184
184 485
169 191
191 201
191 288
169 199
199 637
199 710
199 733
199 791
201 227
201 228
201 239
201 244
244 780
244 795
245 264
372 391
485 502
15 506
485 506
515 525
515 539
539 769
618 630
630 665
13 663
689 710
691 710
692 797
693 758
693 787
694 710
695 739
695 822
696 733
696 797
697 710
698 797
698 806
81 110
110 795
360 362
372 396
396 780
405 704
704 823
705 780
705 828
245 287
287 515
287 777
454 458
454 461
461 797
485 508
508 791
485 511
511 618
511 710
511 777
511 818
515 537
537 777
537 791
13 664
664 818
720 777
721 777
722 757
722 777
722 780
723 777
723 787
724 766
724 795
724 797
724 806
13 54
13 265
13 267
13 278
13 280
13 286
13 317
13 449
13 538
13 642
13 656
13 657
13 658
13 659
13 660
13 661
13 662
14 371
14 699
14 700
14 701
14 702
14 703
15 71
15 77
15 78
15 146
15 152
15 155
15 163
15 164
15 274
15 283
15 286
15 323
15 447
15 513
15 533
15 706
15 707
15 708
15 709
16 166
16 356
16 397
16 402
16 452
16 470
16 474
16 725
16 726
16 727
16 728
16 729
16 730
16 731
16 732
17 54
54 818
245 265
245 267
267 432
245 278
278 515
245 280
280 665
280 710
245 286
286 637
288 317
432 449
515 538
637 642
642 733
642 818
662 818
360 371
371 478
371 828
703 757
703 828
58 71
58 77
77 117
77 485
77 710
58 78
78 117
78 432
117 146
146 288
117 152
117 155
155 245
117 163
163 245
117 164
164 485
164 710
245 274
245 283
283 515
283 665
288 323
323 637
432 447
447 710
485 513
513 791
515 533
708 733
708 791
405 709
709 710
709 758
709 787
117 166
166 405
166 758
330 356
372 397
372 402
402 405
402 787
432 452
452 813
464 470
464 474
729 745
729 758
732 733
732 813
17 18
17 19
17 20
17 21
17 22
17 23
17 24
17 25
17 26
17 27
17 28
17 29
17 30
17 31
17 32
17 33
17 34
17 36
17 37
17 38
17 39
17 40
17 43
17 45
17 46
17 49
17 51
17 52
17 53
17 55
28 245
28 288
30 117
30 245
31 169
32 58
34 81
36 58
39 288
40 330
40 618
43 665
45 432
45 637
46 245
46 733
49 637
51 117
51 330
51 618
52 58
52 245
52 637
53 169
53 710
55 288
55 432
55 515
55 665
69 245
130 245
144 245
245 246
245 247
245 248
245 249
245 250
245 251
245 252
245 253
245 254
245 255
245 257
245 258
245 259
245 260
245 261
245 262
245 263
245 266
245 268
245 269
245 270
245 276
245 281
245 285
153 288
156 288
160 288
181 288
190 288
229 288
260 288
288 289
288 290
288 291
288 292
288 293
288 294
288 295
288 296
288 297
288 298
288 299
288 300
288 301
288 302
288 303
288 304
288 305
288 307
288 308
288 309
288 312
288 314
288 315
288 316
288 318
288 321
288 324
288 325
288 326
288 327
288 329
69 117
70 117
73 117
96 117
115 117
117 118
117 119
117 120
117 121
117 122
117 123
117 124
117 125
117 126
117 127
117 128
117 129
117 130
117 131
117 132
117 133
117 134
117 135
117 136
117 137
117 138
117 139
117 140
117 141
117 142
117 143
117 144
117 148
117 150
117 151
117 153
117 154
117 156
117 157
117 158
117 160
117 161
117 162
117 165
117 167
117 168
169 170
169 171
169 172
169 173
169 174
169 175
169 176
169 177
169 178
169 179
169 180
169 181
169 183
169 186
169 187
169 189
169 190
169 192
169 195
169 196
169 197
58 59
58 60
58 61
58 62
58 63
58 64
58 65
58 66
58 68
58 69
58 70
58 72
58 73
58 74
58 76
68 81
74 81
81 82
81 83
81 84
81 85
81 86
81 87
81 88
81 89
81 90
81 91
81 92
81 93
81 94
81 96
81 97
81 104
81 105
81 108
81 112
81 113
81 115
151 330
330 331
330 332
330 333
330 334
330 335
330 336
330 337
330 338
330 339
330 340
330 341
330 342
330 343
330 344
330 345
330 347
330 348
330 352
330 354
330 355
330 357
330 359
151 618
167 618
281 618
285 618
340 618
386 618
446 618
450 618
500 618
503 618
522 618
527 618
618 619
618 620
618 621
618 622
618 623
618 624
618 625
618 626
618 627
618 628
618 629
618 631
618 632
618 633
618 634
618 636
269 665
314 665
450 665
524 665
530 665
536 665
629 665
636 665
665 666
665 667
665 668
665 669
69 432
104 432
140 432
157 432
262 432
298 432
308 432
387 432
432 433
432 434
432 435
432 436
432 437
432 438
432 439
432 440
432 441
432 443
432 444
432 445
432 446
432 448
432 450
432 453
72 637
160 637
190 637
266 637
304 637
325 637
453 637
637 638
637 639
637 640
637 641
637 643
318 733
329 733
354 733
443 733
677 733
678 733
681 733
733 734
733 735
733 736
733 737
733 738
113 710
154 710
281 710
309 710
325 710
395 710
453 710
499 710
531 710
632 710
636 710
668 710
710 711
710 712
710 713
710 714
710 715
710 716
710 717
710 718
167 818
197 818
327 818
329 818
453 818
643 818
680 818
805 818
818 819
818 820
818 821
129 515
151 515
153 515
160 515
261 515
268 515
303 515
436 515
492 515
503 515
509 515
515 516
515 517
515 518
515 519
515 520
515 521
515 522
515 523
515 524
515 526
515 527
515 528
515 530
515 531
515 535
515 536
462 777
636 777
767 777
768 777
777 778
777 779
73 485
76 745
112 485
131 485
143 485
154 485
158 485
222 485
263 485
388 485
485 486
485 487
485 488
485 489
485 490
485 491
485 492
485 493
485 495
485 496
485 497
485 498
485 499
485 500
485 501
485 503
485 507
485 509
485 510
485 512
485 514
115 745
161 745
162 745
165 745
509 745
510 745
745 746
745 747
745 748
745 749
745 750
745 751
745 752
745 753
745 754
745 755
745 756
393 787
510 787
512 787
787 788
787 789
787 790
85 201
92 201
96 372
108 405
112 806
113 806
115 405
143 201
177 201
201 202
201 203
201 204
201 205
201 206
201 207
201 208
201 209
201 210
201 211
201 212
201 213
201 214
201 216
201 217
201 219
201 221
201 222
201 223
201 224
201 229
201 231
201 232
201 233
201 238
201 241
201 242
201 243
131 372
150 372
242 372
309 372
338 372
347 372
372 373
372 374
372 375
372 376
372 378
372 379
372 380
372 382
372 383
372 384
372 386
372 387
372 388
372 390
372 393
372 395
372 398
372 399
372 403
165 405
168 405
398 405
404 405
405 448
405 514
405 634
405 717
405 718
405 751
405 764
405 783
405 784
405 785
405 786
243 795
368 795
781 795
795 796
242 806
482 806
483 806
781 806
790 806
806 807
806 808
806 809
806 810
806 811
806 812
243 780
364 780
367 780
718 780
767 780
776 780
780 781
780 782
148 758
162 758
168 758
285 758
476 758
510 758
512 758
535 758
753 758
754 758
758 759
758 760
758 761
758 762
758 763
758 764
758 765
148 464
165 769
167 791
168 813
241 464
321 464
344 464
393 464
399 464
464 465
464 466
464 467
464 468
464 469
464 471
464 472
464 473
464 475
464 476
464 477
233 769
326 769
357 769
507 769
751 769
755 769
756 769
769 770
769 771
769 772
769 773
769 774
769 775
769 776
276 791
324 791
327 791
444 791
636 791
716 791
765 791
791 792
791 793
791 794
238 813
326 813
359 813
403 813
509 813
718 813
765 813
775 813
813 814
813 815
813 816
813 817
186 739
195 797
196 670
196 739
196 822
197 670
739 740
739 741
739 742
739 743
739 744
462 797
682 797
683 797
768 797
797 798
797 799
797 800
797 801
797 802
797 803
797 804
797 805
232 670
315 670
354 670
444 670
477 670
670 671
670 672
670 673
670 674
670 675
670 676
670 677
670 678
670 679
670 680
670 681
670 682
670 683
670 684
741 822
742 822
743 822
744 822
779 822
794 822
821 822
360 361
360 363
360 364
360 365
360 366
360 367
360 368
360 369
360 370
361 766
363 757
365 454
365 757
366 454
366 478
366 766
369 823
370 828
463 766
766 767
766 768
463 757
454 455
454 462
454 463
406 478
478 479
478 480
478 481
478 482
478 483
478 484
718 823
768 823
776 823
782 823
796 823
781 828
782 828
403 824
484 824
514 824
717 824
768 824
782 824
811 824
812 824
824 825
824 826
824 827
404 406
404 407
404 408
