1 2
1 3
2 19
2 30
2 32
2 35
3 6
3 11
3 13
3 14
3 15
3 18
3 19
3 26
3 32
3 33
3 46
3 48
3 50
3 51
3 52
18 19
19 23
19 32
19 52
19 55
9 30
30 34
30 35
31 32
35 53
35 60
4 6
5 6
6 8
6 15
6 18
6 33
6 37
6 46
6 47
6 48
6 49
8 11
11 12
11 13
11 14
11 15
11 18
11 29
11 33
11 37
11 38
11 39
11 40
11 41
11 51
11 57
11 58
11 59
5 13
12 13
13 15
13 17
13 43
13 44
13 45
5 14
14 26
5 15
15 33
34 46
37 50
50 57
28 51
51 52
4 5
5 12
5 16
5 17
16 20
16 21
16 54
16 55
17 37
7 8
8 9
8 10
36 37
9 29
10 27
29 38
29 39
29 40
27 28
38 39
39 56
34 41
41 42
34 44
20 21
21 36
21 55
53 54
54 55
25 55
53 55
22 23
23 31
23 34
28 31
34 42
34 60
24 25
