1 2
1 3
1 4
1 756
2 5
2 6
2 7
2 8
2 9
2 10
2 11
2 12
2 13
2 14
2 15
2 16
2 17
2 18
2 19
2 20
2 21
2 22
2 23
2 24
2 25
2 26
2 694
3 27
3 93
4 24
4 336
5 19
5 716
6 28
6 223
6 660
7 29
8 30
8 33
9 31
10 32
10 33
10 34
10 35
10 36
10 37
10 38
10 39
11 31
11 320
11 710
11 773
12 40
12 41
12 42
12 67
13 42
13 495
13 608
14 42
14 211
14 305
14 338
14 356
14 361
14 439
14 475
14 498
14 563
14 661
14 665
14 782
15 43
15 67
16 44
16 67
17 45
17 46
17 47
17 48
17 49
17 309
18 50
19 51
19 361
19 499
19 603
19 620
19 768
19 820
20 51
20 67
20 90
21 52
21 53
21 449
22 39
22 54
22 186
22 471
22 806
23 55
23 304
23 356
23 578
23 690
24 48
24 56
24 286
24 287
24 360
24 401
24 781
25 56
25 338
26 57
26 300
26 528
26 587
27 58
27 214
52 93
93 396
40 336
46 336
291 336
322 336
336 354
336 355
336 356
336 357
336 358
28 59
28 73
28 97
28 114
28 497
28 595
28 647
28 803
155 223
174 223
29 60
29 467
29 486
29 557
29 648
29 736
30 42
30 61
30 299
30 480
33 282
33 374
33 432
31 62
31 549
31 783
32 63
32 225
34 56
34 64
35 63
35 69
35 70
35 568
35 582
36 65
36 66
36 130
36 285
36 289
36 366
36 520
36 544
36 545
37 65
37 66
37 67
37 68
37 69
37 70
37 71
37 72
37 568
38 73
38 139
39 81
39 82
39 154
39 162
39 167
39 224
39 225
39 331
39 332
39 343
39 435
265 320
320 414
320 514
320 717
40 74
40 75
40 335
40 747
41 75
41 76
41 570
41 714
42 556
67 326
67 337
67 456
67 571
495 592
495 692
144 211
211 369
211 370
242 305
305 313
291 338
79 356
80 356
162 356
187 356
206 356
356 377
356 378
356 379
356 380
356 507
356 736
343 361
361 509
361 519
263 439
432 439
439 450
439 779
475 531
498 592
480 563
43 73
43 77
43 97
43 178
43 185
43 250
43 306
43 365
43 425
43 497
43 566
43 606
43 795
44 78
44 419
44 470
44 689
45 79
45 80
45 514
46 81
46 82
46 91
46 274
46 291
46 400
46 514
46 812
47 83
47 272
47 277
47 424
47 536
47 815
48 84
48 514
49 85
49 514
245 309
309 466
309 681
309 744
309 746
50 57
50 58
50 86
50 302
50 493
50 569
50 796
51 87
51 88
51 89
51 90
51 91
51 92
51 404
51 407
499 596
499 815
74 90
90 112
90 511
52 347
52 549
52 697
52 779
53 94
53 536
53 785
95 449
449 474
54 94
54 95
54 96
54 97
54 466
120 186
129 186
471 515
55 79
55 404
55 405
78 304
242 304
304 314
304 342
304 398
160 690
183 690
348 690
517 690
518 690
519 690
56 98
56 99
56 100
56 101
56 102
56 103
56 104
56 105
56 106
56 107
56 108
56 109
56 110
56 156
56 177
56 607
56 763
220 286
220 287
287 497
287 725
342 360
360 533
360 572
396 401
401 531
57 82
57 104
57 108
57 191
57 638
238 300
300 324
300 343
300 735
300 826
528 702
58 106
58 108
58 776
146 214
214 238
214 263
214 264
214 265
214 266
214 267
214 537
214 541
59 110
59 425
59 613
59 715
71 73
73 404
97 234
97 235
97 517
97 614
97 684
97 701
97 741
62 114
95 114
114 262
114 451
114 604
114 753
114 802
95 497
210 497
383 497
454 497
455 497
456 497
497 592
60 111
60 195
60 196
60 376
60 549
60 580
60 711
467 514
467 577
467 788
486 548
486 549
151 736
243 736
294 736
399 736
61 112
61 363
61 417
61 525
61 527
77 299
237 299
299 515
480 534
480 564
480 613
480 666
62 64
62 113
62 115
62 116
62 117
62 145
62 146
62 462
62 463
62 464
121 549
436 549
487 549
549 815
487 783
63 118
63 281
63 636
63 760
158 225
206 225
210 225
225 230
225 252
225 276
225 290
225 292
225 443
220 282
264 282
282 375
353 374
374 584
425 432
432 490
432 715
432 729
64 119
69 328
70 101
70 683
65 120
65 121
65 326
79 130
130 143
130 767
220 285
221 289
289 674
345 366
520 692
544 811
545 812
68 121
68 348
68 797
71 316
71 797
72 88
72 122
72 184
72 200
72 523
72 797
85 139
139 152
81 221
81 424
81 659
82 136
82 319
82 567
82 632
82 772
99 154
154 384
107 162
162 231
162 355
108 167
167 233
167 729
155 224
258 331
277 331
280 332
322 332
332 397
332 654
332 757
111 343
308 343
314 343
343 384
430 435
435 437
435 482
435 516
435 599
435 719
435 720
74 91
74 110
74 122
74 123
74 124
74 125
75 88
75 126
75 244
151 335
291 335
76 95
77 98
77 127
77 291
77 459
77 763
115 178
119 185
185 441
185 815
190 250
243 306
344 365
365 383
365 696
365 703
94 425
95 425
96 425
110 425
218 425
235 425
317 425
417 425
419 425
421 425
422 425
423 425
425 426
425 427
425 428
425 429
425 430
425 431
425 584
78 80
78 128
78 129
78 239
78 444
78 445
78 446
78 542
78 677
413 419
419 613
419 715
249 470
470 514
79 131
79 132
79 133
79 134
79 135
79 418
79 657
80 113
80 433
80 539
384 514
466 514
468 514
469 514
514 680
514 681
514 745
91 550
220 274
274 410
274 686
222 291
291 334
291 337
291 634
395 400
400 404
400 663
400 815
112 812
334 812
83 137
83 384
83 644
220 272
272 565
220 277
277 296
277 327
277 328
277 329
277 330
277 392
277 729
420 424
424 695
204 536
208 536
482 536
536 758
536 797
133 815
160 815
256 815
308 815
352 815
359 815
404 815
415 815
473 815
489 815
511 815
512 815
513 815
525 815
529 815
546 815
547 815
548 815
550 815
551 815
84 138
85 675
85 715
86 140
86 163
86 381
86 506
86 761
241 302
302 352
493 581
493 818
87 141
87 142
87 143
87 144
87 368
87 438
87 631
87 639
87 651
87 770
88 116
88 126
88 145
88 146
88 147
88 148
88 149
88 377
89 146
89 148
89 150
92 96
92 151
169 404
189 404
404 405
404 406
404 407
404 408
404 409
407 415
315 347
347 809
94 152
94 447
94 649
95 278
95 346
95 409
95 413
95 637
95 695
242 466
169 405
402 405
405 410
405 411
405 437
405 476
405 704
98 153
98 205
99 693
100 155
100 679
101 155
101 159
101 284
102 156
102 171
103 157
104 158
104 159
104 303
104 412
104 787
105 160
106 157
106 161
106 412
107 297
107 303
107 641
108 163
108 164
108 165
108 166
108 168
108 303
109 165
109 363
110 128
110 169
110 396
110 531
110 533
110 572
110 695
110 715
110 743
110 774
110 775
110 776
110 777
110 778
110 811
156 680
156 746
115 177
177 633
177 634
345 763
538 763
126 191
191 577
118 715
140 715
417 715
490 715
531 715
532 715
533 715
111 165
111 169
111 275
128 195
195 531
128 196
196 531
196 533
354 376
376 695
112 170
112 171
112 172
112 246
112 468
112 496
112 662
112 719
112 822
344 363
363 382
413 417
417 695
525 696
527 696
115 173
115 174
115 175
115 176
115 179
115 180
115 181
115 362
115 504
116 166
116 233
116 505
116 807
117 182
117 183
117 333
117 452
117 474
145 152
146 152
146 212
146 213
146 215
146 216
146 217
146 269
462 512
463 512
464 513
118 184
220 281
124 636
506 636
119 184
119 220
119 584
119 729
120 406
273 326
326 809
326 810
315 348
368 797
387 797
537 797
258 316
316 676
316 681
316 682
122 187
122 609
184 232
129 200
155 200
523 695
123 188
124 189
125 190
125 515
126 190
126 713
155 244
188 244
244 600
127 192
459 502
459 574
128 193
128 194
128 197
129 193
129 198
129 199
129 351
174 239
444 472
444 724
445 472
445 510
446 474
542 799
131 189
131 201
131 202
131 203
131 767
132 182
132 767
133 204
134 204
134 767
135 205
135 767
187 418
413 418
418 695
428 433
433 441
539 775
153 221
221 288
221 290
221 512
221 734
141 659
142 659
143 659
144 659
234 659
293 659
442 659
509 659
136 206
136 330
136 621
263 319
319 362
395 567
490 567
137 207
137 729
262 384
269 384
353 384
370 384
138 208
138 242
138 255
138 398
138 625
140 158
140 202
140 695
158 381
357 381
381 391
381 392
381 393
381 394
141 209
142 210
345 368
438 442
438 575
438 577
438 601
147 161
147 218
148 219
149 153
150 187
172 511
511 663
151 172
151 176
188 396
390 396
396 402
396 676
396 764
152 157
152 189
152 220
152 260
152 364
152 616
447 474
447 488
502 649
220 278
278 723
313 346
346 671
218 413
383 413
410 413
413 460
413 643
413 646
413 655
413 686
303 637
260 695
521 695
522 695
168 234
234 658
169 235
235 811
517 764
153 219
153 397
153 408
153 473
153 477
153 484
153 487
153 562
153 698
153 699
153 726
153 748
153 816
155 199
155 208
155 222
155 522
155 759
159 207
159 226
159 227
159 228
159 229
159 230
220 284
229 284
242 284
284 543
171 236
171 824
157 786
242 303
410 412
160 207
160 809
161 170
161 256
161 311
161 339
161 340
161 386
161 436
161 479
161 672
161 673
231 297
232 297
297 341
297 538
297 681
164 232
165 180
166 279
166 593
166 814
168 709
169 313
169 722
194 531
197 531
402 531
474 531
476 531
198 533
461 533
479 533
460 572
461 572
479 572
491 572
492 572
460 774
540 778
266 811
543 811
220 275
172 237
190 246
246 585
468 765
496 592
510 662
310 719
213 262
262 469
262 481
262 618
262 678
262 780
451 474
451 491
451 492
173 238
173 243
173 602
173 788
174 222
174 240
174 633
174 652
175 228
175 295
176 591
179 241
181 242
181 307
181 389
181 440
181 457
220 362
344 362
362 696
504 627
233 700
505 635
505 642
182 215
183 243
283 333
333 351
333 352
333 353
333 739
440 452
441 452
452 485
452 551
452 788
219 474
389 474
448 474
450 474
474 818
220 273
220 276
220 279
220 280
220 283
261 729
263 729
535 729
189 406
318 406
403 406
406 437
187 216
187 589
187 590
187 630
187 668
187 669
188 397
189 245
189 472
189 610
189 798
190 247
190 248
190 249
190 489
190 818
472 515
515 680
515 681
515 744
515 805
192 251
192 707
193 252
194 253
197 254
198 212
199 255
199 256
199 792
321 351
351 370
351 371
351 592
494 767
201 257
202 218
202 245
202 554
203 258
203 738
204 249
204 259
204 808
206 270
206 391
206 526
206 576
206 629
207 260
242 579
255 301
392 398
398 426
398 784
209 261
212 238
212 494
212 546
215 268
216 264
216 267
216 268
216 598
217 269
217 317
217 358
217 804
240 269
269 327
218 270
219 270
219 271
219 553
344 364
364 696
392 397
393 397
397 403
408 415
473 521
477 532
484 543
484 752
487 667
254 680
254 746
226 293
227 294
227 588
227 749
227 823
228 295
229 296
248 311
311 740
292 339
339 414
339 483
293 340
340 345
371 386
434 436
232 247
232 399
279 359
253 313
313 754
236 298
236 387
236 626
236 670
238 597
243 478
259 788
541 788
240 301
292 652
295 524
241 334
241 448
245 307
307 600
379 389
457 500
457 502
441 573
245 308
245 552
245 640
247 310
248 294
248 329
248 790
248 791
249 312
489 561
259 577
443 577
251 283
251 298
251 367
251 465
251 740
251 817
252 592
253 314
253 592
254 271
257 294
257 315
257 431
257 619
257 730
259 317
382 391
526 696
261 318
350 369
369 410
370 385
370 529
370 558
370 755
494 583
494 718
263 264
263 378
265 827
266 321
266 357
267 322
267 323
537 758
541 789
268 324
358 664
271 325
271 653
271 751
271 829
280 666
288 334
290 349
290 416
290 559
290 617
290 623
290 742
512 663
443 458
293 318
293 612
294 427
294 615
296 341
296 547
296 611
394 399
399 825
298 341
298 828
371 387
301 321
301 372
301 737
322 334
478 532
500 600
501 600
308 650
310 344
310 721
312 345
345 367
465 513
416 740
352 592
353 592
315 344
315 733
315 762
318 560
469 524
388 481
481 535
481 696
481 702
378 732
378 793
378 794
321 728
323 349
324 750
324 821
325 350
410 476
516 686
383 392
530 723
534 723
341 359
354 375
375 691
485 543
349 414
349 766
411 416
416 739
524 696
352 372
372 385
352 373
342 771
344 503
344 594
344 642
388 414
411 414
414 420
414 421
414 422
519 821
483 540
503 624
503 764
434 642
507 642
508 642
371 518
373 388
373 813
379 586
379 628
379 731
379 793
380 390
380 727
380 731
513 664
509 800
508 696
382 508
385 769
529 705
388 395
388 461
390 454
390 712
393 555
394 645
461 502
442 454
411 415
437 605
460 502
420 423
429 434
453 490
516 685
442 453
442 455
442 530
442 687
442 688
453 656
530 706
530 708
458 501
458 502
488 561
502 622
501 819
535 801
