1 17
1 72
10 17
11 17
17 21
17 24
17 25
17 32
17 36
17 37
17 39
17 40
17 41
17 43
17 48
17 55
17 58
17 60
17 61
17 70
17 76
17 82
17 95
17 101
17 104
17 105
17 115
17 121
17 122
17 124
17 128
5 72
10 72
14 72
22 72
31 72
37 72
48 72
50 72
68 72
69 72
72 105
72 132
72 134
72 135
72 136
72 143
2 3
2 19
2 20
2 27
2 29
2 31
2 48
2 65
2 67
2 69
2 71
2 132
2 136
3 4
3 19
3 20
3 28
3 31
3 65
3 67
3 69
3 71
3 132
3 136
4 19
18 19
19 20
19 27
19 28
19 29
19 31
19 48
19 54
19 67
19 69
19 71
19 132
19 136
4 20
18 20
20 27
20 28
20 29
20 31
20 54
20 65
20 67
20 69
20 71
20 107
20 132
20 136
4 27
18 27
27 31
27 48
27 69
27 71
27 136
4 29
18 29
29 54
29 67
29 69
29 71
29 132
29 136
4 31
18 31
22 31
28 31
31 48
31 50
31 65
31 67
31 69
31 132
31 134
31 136
18 48
22 48
39 48
48 58
48 60
48 69
48 74
48 90
48 91
48 99
48 101
48 121
48 132
48 136
18 65
28 65
30 65
50 65
65 67
65 73
65 118
65 123
65 125
65 132
65 136
18 67
28 67
47 67
67 69
67 71
67 118
67 125
67 132
67 136
4 69
18 69
28 69
54 69
69 71
69 136
4 71
54 71
71 136
4 132
14 132
18 132
28 132
51 132
64 132
73 132
74 132
132 136
4 136
28 136
54 136
4 54
28 123
5 22
14 22
22 38
22 50
22 64
22 68
22 91
22 105
22 111
22 126
22 140
6 9
6 13
6 16
6 26
6 47
6 49
6 64
6 66
6 105
9 13
9 47
9 49
9 51
9 56
9 66
9 74
9 75
9 78
9 91
9 139
13 26
13 32
13 47
13 49
13 56
13 66
13 75
13 105
13 139
14 16
16 26
16 47
16 50
16 64
16 73
16 105
16 107
16 122
14 26
26 47
26 51
26 64
26 74
26 91
26 105
26 139
47 49
47 51
47 56
47 66
47 77
47 90
47 105
47 131
47 137
47 139
32 49
49 51
49 56
49 66
49 75
49 139
14 64
50 64
53 64
64 73
64 74
64 105
64 142
64 143
32 66
51 66
56 66
66 95
66 131
66 139
21 105
35 105
37 105
43 105
44 105
45 105
50 105
52 105
53 105
56 105
57 105
61 105
68 105
74 105
76 105
77 105
78 105
83 105
91 105
95 105
97 105
101 105
102 105
105 107
105 111
105 117
105 118
105 119
105 122
105 123
105 125
105 139
105 142
7 11
7 12
7 24
7 74
7 75
11 12
11 32
11 37
11 74
11 124
11 137
12 32
12 37
12 74
12 75
24 25
24 39
24 58
24 60
24 122
24 124
32 74
37 74
56 74
57 74
74 75
74 94
74 108
74 114
74 137
32 75
51 75
56 75
59 75
75 95
75 97
75 131
75 137
75 139
8 112
8 124
51 112
62 112
80 112
88 112
94 112
95 112
108 112
112 124
10 124
21 124
32 124
60 124
70 124
78 124
95 124
99 124
100 124
104 124
110 124
124 138
51 94
51 130
51 139
32 56
37 56
56 90
56 95
56 122
56 137
44 78
78 91
78 111
78 118
23 91
38 91
43 91
68 91
82 91
91 107
91 111
91 116
91 120
91 122
91 128
91 142
10 21
10 37
10 53
10 70
10 122
21 70
21 83
32 37
36 37
37 40
37 100
37 115
37 137
35 53
43 53
50 53
53 57
53 63
53 77
53 118
53 119
53 123
53 125
53 142
39 70
58 70
70 79
41 122
43 122
83 122
95 122
102 122
110 122
122 142
32 40
32 43
32 55
32 103
32 137
32 141
59 137
121 137
131 137
14 50
14 68
14 73
35 50
50 68
50 107
50 118
50 123
50 142
50 143
45 68
68 123
68 125
68 134
68 143
73 123
73 125
73 143
15 85
85 86
85 113
85 126
85 129
85 130
85 133
85 134
85 141
35 107
107 118
107 119
107 125
25 55
25 60
36 39
36 58
36 60
36 89
39 40
39 41
39 58
39 60
40 60
41 59
41 60
41 104
41 115
41 121
35 43
43 52
43 61
43 77
43 90
43 95
43 99
43 100
43 101
43 103
43 109
43 117
43 142
55 60
58 60
58 104
58 115
60 104
60 115
60 121
61 95
61 101
61 121
35 76
76 89
76 100
76 115
77 82
82 95
82 115
82 116
82 120
46 95
57 95
62 95
88 95
95 100
95 101
95 102
95 108
95 109
95 117
95 118
95 142
77 101
90 101
99 101
101 103
101 109
101 118
83 104
99 104
104 110
104 121
100 115
106 115
115 120
57 121
79 121
94 121
102 121
114 121
96 128
83 90
30 38
23 111
87 111
106 111
96 126
126 129
126 130
134 140
23 33
23 87
23 120
33 34
33 120
87 116
34 120
106 120
30 123
35 123
118 123
119 123
123 125
123 143
30 44
44 77
129 134
134 135
103 109
103 117
84 141
86 141
92 141
127 141
129 141
130 141
133 141
34 81
42 81
35 77
35 119
35 125
77 99
77 100
77 109
77 142
45 119
118 119
119 143
118 125
46 100
93 100
100 109
100 117
79 90
90 99
90 109
99 109
99 110
93 109
57 117
102 117
118 142
142 143
45 118
118 143
46 108
94 102
84 130
86 130
98 130
127 130
129 130
57 102
79 102
102 114
106 116
84 86
84 127
86 113
86 129
110 138
