1 2
1 3
1 4
1 5
1 6
1 7
1 8
1 9
1 10
1 11
1 12
1 13
1 14
1 15
1 16
1 17
1 18
1 19
1 20
1 21
1 22
1 23
1 24
1 25
1 26
1 27
1 28
1 29
1 30
1 31
1 32
1 33
1 34
1 35
1 36
1 37
1 38
1 39
1 40
1 41
1 42
1 43
1 44
1 45
1 46
1 47
1 48
1 49
1 50
1 51
1 52
1 53
1 54
1 55
1 56
1 57
1 58
1 59
1 60
1 61
1 62
2 4
2 5
2 6
2 7
2 11
2 15
2 16
2 17
2 22
2 23
2 26
2 27
2 29
2 32
2 35
2 37
2 39
2 40
2 41
2 42
2 46
2 47
2 49
2 55
2 57
2 61
2 63
3 5
3 6
3 8
3 10
3 11
3 13
3 16
3 17
3 19
3 22
3 23
3 24
3 25
3 26
3 27
3 29
3 30
3 31
3 32
3 35
3 36
3 40
3 45
3 46
3 48
3 64
4 5
4 6
4 7
4 11
4 12
4 13
4 15
4 16
4 17
4 20
4 22
4 23
4 26
4 27
4 29
4 32
4 33
4 35
4 36
4 37
4 39
4 40
4 41
4 46
4 47
4 48
4 49
4 56
4 57
4 61
4 63
4 65
5 6
5 7
5 10
5 11
5 13
5 15
5 16
5 17
5 18
5 19
5 20
5 21
5 22
5 23
5 24
5 25
5 26
5 27
5 29
5 30
5 31
5 32
5 33
5 35
5 36
5 37
5 39
5 40
5 41
5 43
5 44
5 45
5 46
5 47
5 48
5 49
5 50
5 51
5 52
5 55
5 56
5 57
5 60
5 61
5 62
5 64
5 66
5 67
5 68
5 69
5 70
6 7
6 8
6 9
6 10
6 11
6 12
6 13
6 14
6 15
6 17
6 18
6 19
6 20
6 21
6 22
6 23
6 24
6 25
6 26
6 27
6 29
6 32
6 33
6 35
6 36
6 41
6 44
6 45
6 46
6 48
6 50
6 51
6 56
6 57
6 59
6 61
6 64
6 67
6 68
6 71
7 9
7 10
7 11
7 12
7 13
7 15
7 16
7 17
7 19
7 20
7 21
7 22
7 23
7 24
7 26
7 27
7 28
7 29
7 30
7 31
7 32
7 33
7 35
7 36
7 37
7 39
7 40
7 41
7 43
7 44
7 45
7 46
7 47
7 48
7 49
7 50
7 51
7 52
7 54
7 55
7 56
7 57
7 58
7 60
7 61
7 63
7 64
7 65
7 68
7 69
7 70
7 71
8 10
8 17
8 19
8 21
8 23
8 24
8 34
8 35
8 36
8 39
8 41
8 45
8 46
8 48
8 67
8 68
9 11
9 13
9 15
9 16
9 17
9 18
9 21
9 22
9 23
9 24
9 25
9 26
9 27
9 28
9 29
9 30
9 31
9 33
9 35
9 41
9 45
9 50
9 52
9 54
9 56
9 57
9 58
9 62
9 63
10 11
10 13
10 15
10 16
10 17
10 19
10 20
10 21
10 23
10 25
10 26
10 27
10 29
10 30
10 31
10 34
10 35
10 36
10 39
10 41
10 45
10 46
10 47
10 50
10 51
10 52
10 54
10 55
10 57
10 60
10 61
10 62
10 63
10 64
10 72
11 12
11 13
11 14
11 15
11 16
11 17
11 18
11 19
11 20
11 21
11 22
11 23
11 24
11 25
11 26
11 27
11 28
11 29
11 30
11 31
11 32
11 33
11 35
11 38
11 41
11 43
11 44
11 45
11 47
11 48
11 49
11 54
11 55
11 56
11 57
11 58
11 59
11 61
11 62
11 65
11 69
12 13
12 15
12 16
12 17
12 18
12 19
12 20
12 22
12 23
12 28
12 29
12 30
12 32
12 33
12 35
12 41
12 43
12 44
12 45
12 47
12 49
12 52
12 55
12 57
12 58
12 60
12 61
12 63
13 14
13 15
13 16
13 17
13 18
13 19
13 20
13 21
13 24
13 25
13 26
13 27
13 29
13 30
13 31
13 32
13 33
13 35
13 37
13 39
13 40
13 41
13 43
13 45
13 46
13 47
13 48
13 49
13 51
13 52
13 56
13 57
13 58
13 59
13 61
13 63
13 64
13 65
14 15
14 16
14 18
14 22
14 23
14 24
14 26
14 28
14 41
14 43
15 16
15 17
15 18
15 19
15 20
15 21
15 22
15 23
15 24
15 25
15 26
15 27
15 28
15 29
15 30
15 31
15 32
15 33
15 34
15 35
15 36
15 39
15 40
15 41
15 42
15 43
15 45
15 46
15 47
15 50
15 55
15 56
15 57
15 58
15 59
15 60
15 61
15 64
15 65
15 67
15 73
16 17
16 18
16 19
16 20
16 22
16 23
16 25
16 26
16 27
16 28
16 29
16 30
16 32
16 33
16 34
16 35
16 40
16 41
16 42
16 45
16 46
16 47
16 52
16 55
16 57
16 58
16 60
16 61
16 62
16 71
17 18
17 19
17 20
17 21
17 22
17 23
17 24
17 25
17 26
17 27
17 28
17 29
17 30
17 31
17 32
17 33
17 34
17 35
17 36
17 37
17 38
17 39
17 41
17 42
17 43
17 44
17 45
17 46
17 47
17 48
17 49
17 50
17 52
17 53
17 54
17 55
17 57
17 60
17 61
17 62
17 65
17 69
18 20
18 21
18 22
18 27
18 28
18 29
18 30
18 32
18 33
18 45
18 53
18 57
18 58
18 63
19 20
19 21
19 22
19 23
19 24
19 25
19 26
19 27
19 29
19 30
19 31
19 32
19 34
19 35
19 36
19 37
19 39
19 41
19 43
19 44
19 45
19 47
19 48
19 49
19 50
19 55
19 57
19 60
19 61
19 62
19 63
19 65
20 21
20 22
20 23
20 25
20 26
20 27
20 28
20 29
20 31
20 32
20 34
20 35
20 37
20 39
20 46
20 47
20 48
20 49
20 51
20 55
20 56
20 57
20 59
20 60
20 61
20 62
20 63
20 70
20 74
21 22
21 23
21 24
21 25
21 26
21 28
21 29
21 30
21 31
21 33
21 34
21 35
21 41
21 43
21 44
21 45
21 47
21 48
21 49
21 51
21 52
21 54
21 55
21 56
21 57
21 59
21 60
21 63
21 64
21 67
21 69
21 71
21 72
21 73
22 23
22 24
22 26
22 27
22 28
22 29
22 30
22 32
22 33
22 34
22 35
22 37
22 38
22 39
22 40
22 41
22 42
22 43
22 47
22 49
22 63
22 65
23 24
23 25
23 26
23 27
23 28
23 29
23 30
23 31
23 32
23 33
23 34
23 35
23 37
23 39
23 40
23 41
23 43
23 45
23 46
23 47
23 48
23 49
23 50
23 51
23 52
23 55
23 57
23 60
23 62
23 63
23 65
23 67
23 68
23 69
23 70
23 71
23 72
23 75
24 25
24 26
24 27
24 28
24 29
24 30
24 32
24 33
24 34
24 35
24 36
24 37
24 39
24 41
24 43
24 45
24 46
24 47
24 48
24 49
24 52
24 56
24 57
24 63
24 64
24 65
24 67
24 69
24 71
25 26
25 27
25 29
25 30
25 31
25 32
25 34
25 35
25 37
25 39
25 40
25 41
25 43
25 45
25 46
25 47
25 48
25 50
25 51
25 52
25 54
25 55
25 61
25 62
25 65
25 69
25 73
26 27
26 29
26 30
26 32
26 35
26 37
26 39
26 43
26 45
26 46
26 47
26 48
26 49
26 51
26 52
26 55
26 56
26 57
26 62
26 63
26 64
26 65
26 69
26 70
26 72
26 73
26 75
27 28
27 29
27 30
27 32
27 33
27 35
27 36
27 37
27 38
27 39
27 40
27 41
27 42
27 43
27 44
27 45
27 46
27 47
27 48
27 49
27 57
27 63
27 64
27 65
27 67
27 68
27 71
28 29
28 30
28 33
28 35
28 45
28 47
28 56
28 62
29 30
29 32
29 33
29 35
29 37
29 38
29 39
29 40
29 41
29 43
29 44
29 45
29 46
29 47
29 48
29 49
29 50
29 54
29 55
29 56
29 57
29 58
29 60
29 61
29 62
29 63
29 64
29 67
29 68
29 73
30 32
30 33
30 34
30 35
30 40
30 41
30 45
30 49
30 50
30 51
30 53
30 55
30 57
30 58
30 60
30 61
30 64
30 69
31 35
31 41
31 45
31 46
31 47
31 50
31 52
31 54
31 55
31 56
31 57
31 61
31 62
32 33
32 35
32 36
32 39
32 40
32 41
32 43
32 44
32 45
32 46
32 47
32 49
32 57
32 63
32 64
32 65
33 35
33 40
33 41
33 42
33 45
33 46
33 49
33 50
33 52
33 56
33 57
33 58
33 63
33 64
33 69
33 73
34 37
34 39
34 43
34 47
34 49
34 51
34 52
34 55
34 60
34 62
34 65
34 69
34 72
35 36
35 37
35 40
35 41
35 43
35 45
35 46
35 47
35 48
35 49
35 50
35 51
35 54
35 55
35 56
35 57
35 58
35 59
35 60
35 61
35 64
35 67
35 68
35 71
35 73
36 41
36 55
36 57
36 62
37 49
37 57
37 66
37 74
38 66
39 57
39 66
39 72
39 74
39 75
40 55
40 56
40 57
40 72
40 75
41 48
41 50
41 55
41 56
41 57
41 58
41 62
41 66
41 72
41 74
41 75
42 62
43 66
43 74
44 49
45 55
45 56
45 57
45 64
45 66
45 72
45 74
45 75
46 55
46 56
46 57
46 58
46 61
46 66
46 67
46 72
46 74
46 75
47 57
47 59
47 66
47 72
47 74
47 75
48 66
48 74
49 57
49 66
49 74
50 55
50 56
50 57
50 58
50 72
50 75
51 72
51 75
52 57
52 65
52 72
52 73
53 57
53 70
54 56
54 57
54 72
55 57
55 61
55 64
55 72
55 75
56 57
56 58
56 59
56 61
56 64
56 70
57 60
57 61
57 62
57 63
57 65
57 69
57 70
57 73
58 61
58 62
58 64
58 69
58 73
60 75
61 72
61 75
63 75
64 72
64 75
65 66
65 72
65 74
66 67
66 68
66 71
66 74
67 74
68 74
69 72
72 73
72 75
