1 2
1 3
1 4
1 5
1 6
1 7
1 8
1 9
1 10
1 11
1 12
1 13
1 14
1 15
1 16
1 17
1 18
1 19
1 20
1 21
1 22
1 23
1 24
1 25
1 26
1 27
1 28
1 29
1 30
1 31
1 32
1 33
1 34
1 35
1 36
1 37
1 38
1 39
1 40
1 41
1 42
1 43
1 44
1 45
1 46
1 47
1 48
1 49
1 50
1 51
1 52
1 53
1 54
1 55
1 56
1 57
1 58
1 59
1 60
1 61
1 62
1 63
1 64
1 65
1 66
1 67
1 68
1 69
1 70
1 71
1 72
1 73
1 74
1 75
1 76
1 77
1 78
1 79
1 80
1 81
1 82
1 83
1 84
2 3
2 4
2 5
2 6
2 7
2 8
2 9
2 10
2 11
2 12
2 13
2 14
2 15
2 16
2 18
2 20
2 21
2 22
2 23
2 24
2 26
2 27
2 29
2 32
2 33
2 36
2 46
2 49
2 50
2 51
2 53
2 68
2 69
2 76
2 77
2 85
2 86
2 87
2 88
2 89
2 90
2 91
2 92
2 93
2 94
2 95
3 4
3 5
3 6
3 7
3 8
3 9
3 10
3 11
3 12
3 13
3 14
3 15
3 16
3 17
3 18
3 19
3 20
3 21
3 22
3 23
3 24
3 25
3 26
3 27
3 28
3 29
3 30
3 31
3 32
3 34
3 35
3 36
3 37
3 38
3 40
3 41
3 42
3 43
3 44
3 46
3 49
3 50
3 51
3 52
3 54
3 55
3 56
3 57
3 58
3 60
3 61
3 62
3 63
3 64
3 65
3 66
3 67
3 69
3 70
3 77
3 78
3 79
3 84
3 85
3 86
3 89
3 92
3 94
3 96
3 97
3 98
3 99
3 100
3 101
3 102
3 103
3 104
3 105
3 106
3 107
4 5
4 6
4 7
4 8
4 9
4 10
4 11
4 12
4 13
4 14
4 15
4 16
4 18
4 20
4 21
4 22
4 23
4 24
4 26
4 27
4 29
4 32
4 33
4 36
4 40
4 43
4 44
4 46
4 49
4 50
4 51
4 56
4 60
4 63
4 65
4 66
4 68
4 70
4 77
4 79
4 82
4 85
4 96
4 98
4 99
4 103
4 107
4 108
4 109
4 110
4 111
4 112
4 113
4 114
4 115
4 116
4 117
4 118
4 119
4 120
4 121
5 6
5 7
5 8
5 9
5 10
5 12
5 13
5 16
5 18
5 19
5 20
5 21
5 22
5 23
5 24
5 25
5 27
5 30
5 32
5 34
5 35
5 37
5 38
5 42
5 43
5 46
5 49
5 50
5 77
5 79
5 85
5 86
5 91
6 7
6 8
6 9
6 10
6 11
6 12
6 14
6 15
6 16
6 17
6 18
6 20
6 21
6 22
6 23
6 24
6 26
6 27
6 28
6 29
6 31
6 32
6 33
6 36
6 37
6 39
6 40
6 43
6 44
6 46
6 48
6 49
6 50
6 51
6 58
6 59
6 65
6 66
6 68
6 70
6 72
6 75
6 77
6 81
6 82
6 85
6 100
6 103
6 104
6 108
6 110
6 112
6 118
6 119
6 121
6 122
6 123
6 124
6 125
6 126
6 127
6 128
6 129
6 130
6 131
6 132
7 8
7 9
7 10
7 11
7 12
7 13
7 15
7 17
7 18
7 20
7 21
7 22
7 23
7 24
7 26
7 27
7 28
7 29
7 30
7 31
7 32
7 33
7 36
7 38
7 39
7 40
7 41
7 42
7 44
7 46
7 49
7 50
7 51
7 55
7 58
7 59
7 60
7 61
7 62
7 63
7 65
7 66
7 68
7 69
7 71
7 75
7 77
7 78
7 79
7 81
7 82
7 84
7 94
7 98
7 100
7 102
7 104
7 105
7 106
7 107
7 110
7 115
7 118
7 122
7 125
7 128
7 131
7 132
7 133
7 134
7 135
7 136
7 137
7 138
7 139
7 140
7 141
7 142
7 143
7 144
7 145
7 146
7 147
7 148
7 149
7 150
7 151
7 152
8 9
8 10
8 11
8 12
8 14
8 16
8 17
8 18
8 19
8 20
8 21
8 22
8 23
8 24
8 26
8 27
8 29
8 32
8 33
8 36
8 42
8 46
8 48
8 49
8 50
8 51
8 53
8 68
8 77
8 108
8 110
8 153
9 10
9 11
9 12
9 13
9 14
9 15
9 16
9 17
9 18
9 19
9 20
9 21
9 22
9 23
9 24
9 25
9 26
9 27
9 28
9 29
9 31
9 32
9 35
9 37
9 39
9 40
9 44
9 45
9 46
9 49
9 50
9 51
9 55
9 56
9 57
9 59
9 60
9 61
9 62
9 63
9 64
9 67
9 68
9 69
9 72
9 75
9 76
9 77
9 78
9 79
9 80
9 81
9 82
9 84
9 85
9 88
9 89
9 97
9 98
9 99
9 100
9 101
9 104
9 105
9 106
9 107
9 108
9 113
9 115
9 116
9 118
9 119
9 121
9 122
9 134
9 136
9 137
9 140
9 146
9 151
9 152
9 154
9 155
9 156
9 157
9 158
9 159
10 11
10 12
10 14
10 15
10 16
10 17
10 18
10 20
10 21
10 22
10 23
10 24
10 26
10 27
10 28
10 29
10 30
10 31
10 32
10 33
10 34
10 38
10 39
10 40
10 41
10 42
10 43
10 45
10 46
10 49
10 50
10 51
10 52
10 56
10 57
10 58
10 63
10 64
10 66
10 67
10 68
10 70
10 72
10 75
10 77
10 79
10 80
10 84
10 87
10 89
10 94
10 97
10 98
10 99
10 100
10 102
10 104
10 106
10 107
10 108
10 110
10 120
10 150
10 154
10 158
10 160
10 161
11 12
11 14
11 15
11 17
11 18
11 20
11 21
11 22
11 23
11 24
11 26
11 27
11 32
11 33
11 36
11 46
11 49
11 50
11 51
11 68
11 77
11 134
11 162
12 13
12 14
12 15
12 16
12 17
12 18
12 19
12 20
12 21
12 22
12 23
12 24
12 25
12 26
12 27
12 28
12 29
12 30
12 31
12 32
12 33
12 35
12 36
12 38
12 39
12 40
12 41
12 42
12 43
12 46
12 49
12 50
12 51
12 54
12 56
12 58
12 59
12 61
12 62
12 63
12 64
12 66
12 68
12 69
12 70
12 71
12 72
12 77
12 79
12 80
12 81
12 82
12 85
12 86
12 88
12 92
12 94
12 96
12 99
12 100
12 101
12 106
12 107
12 108
12 109
12 110
12 112
12 115
12 122
12 130
12 131
12 133
12 137
12 138
12 141
12 142
12 144
12 151
12 155
12 156
12 158
12 163
12 164
12 165
12 166
13 14
13 15
13 16
13 17
13 19
13 20
13 22
13 23
13 25
13 27
13 28
13 29
13 31
13 32
13 34
13 35
13 36
13 44
13 46
13 48
13 51
13 54
13 57
13 69
13 77
13 84
13 85
13 86
13 87
13 89
13 92
13 96
13 111
13 114
13 124
13 128
13 153
13 154
13 155
13 156
13 167
13 168
13 169
13 170
13 171
14 15
14 16
14 17
14 18
14 19
14 20
14 22
14 23
14 24
14 25
14 26
14 27
14 28
14 29
14 30
14 31
14 32
14 33
14 34
14 35
14 36
14 37
14 38
14 39
14 42
14 44
14 46
14 49
14 50
14 51
14 54
14 55
14 57
14 58
14 60
14 61
14 62
14 65
14 66
14 67
14 69
14 70
14 71
14 72
14 77
14 79
14 80
14 85
14 86
14 87
14 89
14 96
14 98
14 105
14 108
14 136
14 149
14 155
14 156
14 158
14 164
14 171
14 172
14 173
14 174
14 175
15 16
15 17
15 18
15 19
15 20
15 21
15 22
15 23
15 24
15 25
15 26
15 27
15 28
15 29
15 30
15 31
15 32
15 33
15 34
15 35
15 36
15 39
15 40
15 41
15 42
15 43
15 44
15 46
15 49
15 50
15 51
15 54
15 55
15 56
15 57
15 59
15 60
15 61
15 62
15 63
15 66
15 69
15 70
15 71
15 72
15 74
15 78
15 79
15 80
15 81
15 82
15 84
15 85
15 86
15 87
15 89
15 94
15 96
15 100
15 101
15 105
15 107
15 108
15 110
15 111
15 112
15 116
15 118
15 119
15 120
15 121
15 123
15 124
15 131
15 134
15 136
15 137
15 140
15 143
15 147
15 151
15 152
15 155
15 156
15 158
15 160
15 161
15 165
15 169
15 175
15 177
15 178
15 179
15 180
15 181
15 182
15 183
15 184
15 185
16 17
16 18
16 19
16 22
16 23
16 24
16 25
16 26
16 27
16 28
16 29
16 31
16 32
16 33
16 34
16 35
16 36
16 39
16 40
16 41
16 42
16 46
16 49
16 50
16 51
16 52
16 54
16 55
16 56
16 57
16 58
16 60
16 62
16 63
16 64
16 65
16 66
16 69
16 72
16 75
16 76
16 78
16 79
16 80
16 82
16 84
16 85
16 86
16 87
16 89
16 96
16 101
16 105
16 107
16 108
16 109
16 111
16 119
16 126
16 129
16 132
16 134
16 136
16 147
16 148
16 155
16 156
16 158
16 161
16 170
16 171
16 177
16 178
16 184
16 186
16 187
16 188
16 189
16 190
16 191
16 192
16 193
16 194
16 195
16 196
17 18
17 19
17 20
17 22
17 23
17 24
17 25
17 26
17 27
17 28
17 29
17 30
17 31
17 32
17 33
17 34
17 35
17 36
17 39
17 40
17 44
17 46
17 49
17 50
17 51
17 62
17 63
17 69
17 81
17 85
17 86
17 87
17 89
17 96
17 98
17 99
17 100
17 108
17 145
17 151
17 156
17 162
17 176
17 191
17 197
17 198
17 199
17 200
17 201
17 202
18 19
18 20
18 21
18 22
18 23
18 24
18 26
18 27
18 28
18 29
18 33
18 35
18 39
18 40
18 42
18 43
18 46
18 49
18 50
18 51
18 54
18 55
18 57
18 58
18 60
18 61
18 64
18 66
18 68
18 69
18 75
18 77
18 79
18 80
18 81
18 107
18 112
18 130
18 131
18 138
18 142
18 143
18 149
18 160
18 193
19 20
19 22
19 23
19 24
19 25
19 26
19 28
19 29
19 30
19 31
19 32
19 34
19 35
19 36
19 37
19 39
19 40
19 41
19 42
19 46
19 48
19 50
19 51
19 53
19 54
19 55
19 56
19 57
19 58
19 59
19 62
19 63
19 64
19 65
19 67
19 69
19 71
19 72
19 78
19 79
19 80
19 83
19 85
19 86
19 87
19 89
19 96
19 98
19 100
19 101
19 102
19 108
19 110
19 114
19 123
19 134
19 137
19 147
19 150
19 154
19 155
19 156
19 163
19 166
19 167
19 168
19 175
19 176
19 179
19 205
19 206
19 207
20 21
20 22
20 23
20 24
20 26
20 27
20 28
20 32
20 33
20 34
20 35
20 36
20 40
20 43
20 46
20 49
20 50
20 51
20 59
20 63
20 68
20 72
20 77
20 84
20 85
20 87
20 100
20 105
20 107
20 112
20 124
20 131
20 144
20 162
20 192
21 22
21 23
21 24
21 26
21 27
21 29
21 30
21 31
21 32
21 33
21 36
21 39
21 46
21 49
21 50
21 51
21 53
21 68
21 77
21 79
21 81
21 103
21 119
21 135
21 138
21 145
21 150
21 160
21 162
21 182
21 208
22 23
22 24
22 25
22 26
22 28
22 29
22 30
22 31
22 32
22 33
22 34
22 35
22 36
22 39
22 40
22 41
22 42
22 43
22 44
22 45
22 46
22 49
22 50
22 51
22 53
22 54
22 55
22 56
22 59
22 63
22 64
22 66
22 67
22 69
22 71
22 72
22 75
22 76
22 78
22 79
22 82
22 83
22 84
22 85
22 86
22 87
22 89
22 92
22 93
22 96
22 99
22 100
22 105
22 107
22 108
22 110
22 124
22 126
22 129
22 135
22 138
22 140
22 148
22 154
22 156
22 162
22 170
22 171
22 174
22 177
22 184
22 187
22 188
22 190
22 193
22 202
22 204
23 24
23 25
23 26
23 27
23 28
23 31
23 32
23 34
23 35
23 36
23 39
23 40
23 41
23 42
23 43
23 44
23 46
23 48
23 49
23 50
23 51
23 52
23 53
23 54
23 55
23 56
23 59
23 60
23 63
23 64
23 66
23 68
23 69
23 71
23 72
23 75
23 77
23 78
23 79
23 80
23 81
23 82
23 85
23 86
23 91
23 100
23 105
23 107
23 108
23 110
23 112
23 115
23 124
23 127
23 128
23 129
23 131
23 133
23 134
23 135
23 139
23 142
23 144
23 145
23 146
23 149
23 154
23 158
23 160
23 162
23 163
23 183
23 211
24 25
24 26
24 27
24 28
24 29
24 30
24 31
24 32
24 33
24 35
24 36
24 39
24 40
24 41
24 42
24 43
24 44
24 45
24 46
24 49
24 50
24 51
24 53
24 54
24 55
24 56
24 58
24 60
24 63
24 66
24 68
24 69
24 71
24 72
24 75
24 76
24 77
24 78
24 79
24 81
24 82
24 84
24 85
24 87
24 94
24 101
24 104
24 105
24 106
24 107
24 108
24 110
24 118
24 121
24 137
24 146
24 151
24 165
24 212
25 28
25 29
25 30
25 31
25 32
25 33
25 34
25 35
25 36
25 46
25 50
25 54
25 58
25 60
25 69
25 71
25 72
25 75
25 79
25 80
25 85
25 86
25 87
25 89
25 96
25 102
25 114
25 137
25 153
25 154
25 156
25 169
25 176
25 182
25 190
26 27
26 28
26 29
26 31
26 32
26 33
26 36
26 40
26 41
26 43
26 44
26 45
26 46
26 49
26 50
26 51
26 54
26 55
26 56
26 58
26 59
26 63
26 68
26 69
26 71
26 72
26 74
26 77
26 79
26 82
26 101
26 105
26 108
26 126
26 131
26 134
26 138
26 144
26 165
26 168
26 173
26 206
26 208
27 28
27 29
27 30
27 31
27 32
27 36
27 37
27 38
27 39
27 40
27 43
27 44
27 45
27 46
27 48
27 49
27 50
27 51
27 57
27 58
27 60
27 63
27 65
27 66
27 72
27 75
27 77
27 78
27 79
27 85
27 86
27 89
27 96
27 98
27 100
27 105
27 107
27 108
27 110
27 112
27 113
27 116
27 118
27 121
27 126
27 127
27 133
27 144
27 158
27 164
27 183
27 184
27 213
28 29
28 31
28 32
28 33
28 34
28 35
28 36
28 39
28 40
28 42
28 43
28 44
28 46
28 49
28 50
28 51
28 52
28 54
28 55
28 56
28 59
28 60
28 62
28 64
28 66
28 69
28 70
28 71
28 75
28 78
28 79
28 81
28 82
28 84
28 85
28 86
28 87
28 89
28 96
28 98
28 100
28 101
28 104
28 105
28 106
28 107
28 108
28 122
28 125
28 126
28 127
28 129
28 131
28 136
28 140
28 156
28 169
28 182
28 185
28 194
28 207
28 209
29 30
29 31
29 32
29 33
29 34
29 35
29 36
29 39
29 40
29 41
29 42
29 43
29 44
29 45
29 46
29 49
29 50
29 51
29 54
29 55
29 56
29 58
29 60
29 61
29 62
29 65
29 66
29 69
29 70
29 71
29 72
29 75
29 77
29 78
29 79
29 80
29 84
29 85
29 86
29 87
29 89
29 96
29 97
29 99
29 100
29 101
29 103
29 104
29 106
29 108
29 110
29 113
29 115
29 118
29 131
29 134
29 136
29 137
29 140
29 144
29 145
29 146
29 148
29 156
29 158
29 159
29 161
29 163
29 168
29 170
29 171
29 172
29 174
29 179
29 182
29 184
29 187
29 192
29 194
29 197
29 200
29 204
30 31
30 33
30 34
30 35
30 36
30 37
30 38
30 39
30 40
30 41
30 42
30 43
30 45
30 46
30 50
30 54
30 56
30 57
30 58
30 62
30 63
30 64
30 65
30 66
30 67
30 70
30 72
30 74
30 75
30 79
30 80
30 81
30 82
30 84
30 97
30 100
30 101
30 103
30 104
30 105
30 106
30 107
30 108
30 110
30 111
30 112
30 118
30 121
30 122
30 124
30 131
30 133
30 134
30 143
30 146
30 158
30 161
30 162
30 166
30 173
30 178
30 213
30 214
30 215
30 216
30 217
31 32
31 33
31 34
31 35
31 36
31 39
31 40
31 42
31 43
31 44
31 45
31 46
31 49
31 51
31 55
31 57
31 59
31 60
31 61
31 63
31 66
31 67
31 69
31 70
31 71
31 79
31 81
31 82
31 85
31 86
31 87
31 89
31 96
31 100
31 101
31 104
31 105
31 106
31 108
31 115
31 120
31 132
31 142
31 147
31 149
31 151
31 153
31 154
31 156
31 158
31 162
31 182
31 205
32 33
32 34
32 35
32 36
32 37
32 39
32 40
32 43
32 46
32 49
32 50
32 55
32 57
32 58
32 60
32 61
32 64
32 66
32 69
32 70
32 71
32 75
32 79
32 80
32 85
32 86
32 87
32 89
32 96
32 98
32 99
32 100
32 101
32 123
32 125
32 134
32 136
32 146
32 149
32 156
32 158
32 166
32 178
32 186
33 34
33 35
33 36
33 37
33 46
33 49
33 50
33 51
33 77
33 85
33 87
33 89
33 96
33 162
34 35
34 36
34 37
34 38
34 39
34 42
34 49
34 50
34 52
34 53
34 54
34 55
34 56
34 58
34 69
34 72
34 78
34 85
34 86
34 87
34 89
34 96
34 114
34 122
34 148
34 154
34 155
34 156
34 169
34 186
34 189
34 193
34 205
34 206
34 221
34 222
35 36
35 37
35 39
35 40
35 43
35 45
35 46
35 50
35 51
35 54
35 55
35 56
35 57
35 58
35 60
35 64
35 66
35 69
35 71
35 77
35 79
35 82
35 85
35 87
35 89
35 93
35 96
35 98
35 99
35 100
35 103
35 104
35 106
35 108
35 123
35 128
35 131
35 136
35 137
35 140
35 148
35 155
35 156
35 159
35 174
35 175
35 176
35 179
36 40
36 43
36 44
36 46
36 49
36 50
36 51
36 57
36 63
36 66
36 69
36 70
36 71
36 72
36 78
36 82
36 85
36 86
36 87
36 89
36 96
36 98
36 99
36 106
36 108
36 110
36 132
36 142
36 146
36 151
36 155
36 156
36 164
36 172
36 190
36 195
36 199
36 201
36 202
36 225
37 38
37 39
37 40
37 41
37 42
37 46
37 50
37 57
37 59
37 64
37 66
37 71
37 75
37 79
37 97
37 108
37 111
37 118
37 122
37 123
37 133
37 134
37 155
37 159
37 162
37 169
37 170
37 173
37 175
37 178
37 179
37 214
37 215
37 216
38 39
38 40
38 41
38 42
38 45
38 50
38 52
38 63
38 64
38 66
38 71
38 75
38 79
38 80
38 85
38 94
38 97
38 98
38 104
38 106
38 108
38 110
38 111
38 118
38 121
38 122
38 124
38 133
38 134
38 136
38 140
38 162
38 164
38 166
38 173
38 184
38 214
38 215
39 40
39 41
39 42
39 45
39 50
39 52
39 55
39 56
39 57
39 59
39 60
39 62
39 63
39 64
39 65
39 66
39 69
39 70
39 71
39 72
39 75
39 78
39 79
39 80
39 81
39 82
39 83
39 84
39 86
39 94
39 96
39 97
39 99
39 100
39 101
39 104
39 105
39 106
39 107
39 108
39 109
39 111
39 118
39 121
39 122
39 126
39 130
39 131
39 133
39 134
39 136
39 140
39 143
39 145
39 146
39 149
39 151
39 158
39 161
39 162
39 163
39 173
39 207
39 214
39 215
39 216
40 41
40 42
40 44
40 46
40 49
40 50
40 51
40 52
40 55
40 56
40 57
40 58
40 59
40 60
40 62
40 63
40 64
40 66
40 67
40 70
40 71
40 72
40 75
40 76
40 78
40 79
40 80
40 81
40 82
40 84
40 85
40 89
40 94
40 97
40 101
40 104
40 105
40 106
40 107
40 108
40 111
40 116
40 118
40 120
40 122
40 123
40 125
40 127
40 131
40 133
40 134
40 136
40 137
40 142
40 149
40 151
40 157
40 158
40 162
40 170
40 173
40 183
40 190
40 203
40 214
40 215
40 223
41 42
41 54
41 55
41 56
41 57
41 59
41 60
41 61
41 62
41 64
41 66
41 70
41 71
41 75
41 79
41 80
41 94
41 97
41 101
41 105
41 106
41 108
41 111
41 118
41 122
41 131
41 133
41 134
41 136
41 139
41 158
41 162
41 166
41 171
41 173
41 214
41 215
42 43
42 46
42 49
42 50
42 51
42 54
42 55
42 56
42 57
42 58
42 59
42 60
42 61
42 62
42 64
42 66
42 69
42 71
42 75
42 79
42 82
42 84
42 93
42 97
42 101
42 105
42 107
42 108
42 111
42 115
42 118
42 122
42 126
42 129
42 131
42 133
42 134
42 143
42 146
42 159
42 162
42 170
42 173
42 175
42 178
42 181
42 199
42 210
42 214
42 215
42 216
42 217
42 219
42 226
43 44
43 45
43 47
43 48
43 49
43 50
43 52
43 53
43 55
43 57
43 58
43 61
43 62
43 63
43 64
43 65
43 66
43 67
43 69
43 70
43 71
43 72
43 73
43 74
43 76
43 77
43 78
43 80
43 81
43 84
43 85
43 87
43 89
43 91
43 92
43 94
43 97
43 98
43 99
43 100
43 102
43 104
43 106
43 107
43 108
43 110
43 113
43 114
43 115
43 118
43 120
43 121
43 122
43 123
43 124
43 125
43 126
43 127
43 128
43 129
43 130
43 131
43 132
43 136
43 138
43 140
43 141
43 142
43 143
43 146
43 147
43 148
43 151
43 152
43 153
43 154
43 155
43 158
43 160
43 163
43 165
43 166
43 168
43 171
43 175
43 182
43 185
43 186
43 188
43 189
43 190
43 192
43 194
43 196
43 200
43 205
43 206
43 207
43 208
43 210
43 212
43 217
43 218
43 221
43 227
43 228
43 229
43 230
43 231
43 232
43 233
44 45
44 46
44 47
44 48
44 50
44 52
44 56
44 57
44 58
44 59
44 60
44 62
44 63
44 65
44 66
44 67
44 69
44 70
44 71
44 72
44 73
44 74
44 76
44 78
44 81
44 82
44 83
44 84
44 85
44 87
44 91
44 92
44 94
44 96
44 97
44 98
44 99
44 100
44 101
44 107
44 109
44 110
44 113
44 114
44 115
44 120
44 121
44 123
44 124
44 125
44 126
44 128
44 130
44 131
44 132
44 136
44 138
44 140
44 145
44 146
44 147
44 148
44 150
44 151
44 152
44 153
44 154
44 156
44 158
44 163
44 164
44 165
44 168
44 169
44 176
44 180
44 182
44 184
44 186
44 188
44 190
44 192
44 193
44 194
44 196
44 198
44 204
44 205
44 206
44 207
44 208
44 209
44 218
44 221
44 227
44 229
44 230
44 231
44 234
44 235
44 236
44 237
45 47
45 48
45 50
45 52
45 55
45 56
45 62
45 63
45 64
45 65
45 66
45 67
45 70
45 72
45 73
45 74
45 76
45 78
45 79
45 80
45 81
45 82
45 84
45 91
45 92
45 94
45 97
45 98
45 99
45 100
45 101
45 102
45 104
45 106
45 110
45 113
45 114
45 115
45 119
45 120
45 121
45 123
45 126
45 128
45 130
45 132
45 136
45 138
45 140
45 146
45 148
45 151
45 152
45 153
45 154
45 157
45 158
45 160
45 161
45 163
45 164
45 172
45 177
45 181
45 182
45 183
45 186
45 188
45 190
45 192
45 194
45 196
45 200
45 205
45 206
45 207
45 208
45 218
45 221
45 222
45 227
45 228
45 229
45 234
45 235
45 237
46 49
46 50
46 51
46 55
46 56
46 57
46 59
46 60
46 62
46 63
46 64
46 66
46 68
46 71
46 72
46 75
46 77
46 78
46 81
46 82
46 85
46 88
46 93
46 96
46 97
46 98
46 99
46 100
46 101
46 102
46 104
46 105
46 107
46 108
46 110
46 111
46 112
46 113
46 116
46 118
46 122
46 134
46 136
46 137
46 144
46 145
46 151
46 155
46 156
46 158
46 168
46 187
46 196
46 197
46 203
46 214
46 218
46 238
47 48
47 52
47 53
47 56
47 57
47 58
47 63
47 65
47 66
47 67
47 70
47 72
47 73
47 78
47 79
47 80
47 83
47 84
47 91
47 92
47 94
47 97
47 98
47 99
47 100
47 102
47 106
47 110
47 114
47 115
47 120
47 121
47 123
47 125
47 126
47 128
47 130
47 132
47 138
47 140
47 146
47 148
47 151
47 152
47 153
47 154
47 158
47 161
47 163
47 164
47 165
47 166
47 168
47 171
47 174
47 181
47 182
47 186
47 189
47 190
47 194
47 195
47 201
47 205
47 206
47 207
47 218
47 221
47 227
47 228
47 229
47 234
47 235
47 239
48 53
48 57
48 63
48 69
48 73
48 84
48 89
48 91
48 92
48 98
48 99
48 100
48 102
48 110
48 112
48 114
48 126
48 129
48 130
48 132
48 138
48 142
48 145
48 146
48 147
48 153
48 154
48 160
48 163
48 168
48 171
48 177
48 182
48 186
48 188
48 189
48 190
48 192
48 193
48 194
48 203
48 205
48 206
48 208
48 209
48 218
48 221
48 227
48 228
48 229
48 235
48 240
49 50
49 51
49 56
49 63
49 65
49 66
49 68
49 70
49 72
49 74
49 76
49 77
49 79
49 81
49 82
49 84
49 85
49 87
49 88
49 89
49 96
49 97
49 98
49 99
49 106
49 107
49 108
49 110
49 111
49 112
49 116
49 129
49 137
49 141
49 162
49 202
50 51
50 54
50 55
50 58
50 59
50 60
50 68
50 69
50 70
50 71
50 72
50 76
50 77
50 78
50 79
50 80
50 87
50 89
50 96
50 99
50 104
50 106
50 107
50 108
50 118
50 128
50 130
50 131
50 134
50 140
50 160
50 166
50 196
50 224
50 227
51 52
51 54
51 55
51 56
51 57
51 58
51 59
51 60
51 62
51 66
51 68
51 69
51 71
51 73
51 77
51 79
51 80
51 84
51 93
51 96
51 97
51 101
51 105
51 106
51 108
51 121
51 129
51 131
51 136
51 154
51 155
51 161
51 165
51 209
52 54
52 56
52 58
52 59
52 60
52 62
52 63
52 64
52 65
52 66
52 67
52 70
52 71
52 72
52 73
52 75
52 78
52 81
52 83
52 84
52 86
52 88
52 94
52 95
52 97
52 100
52 101
52 102
52 107
52 110
52 112
52 113
52 115
52 120
52 121
52 123
52 124
52 125
52 126
52 127
52 128
52 130
52 132
52 136
52 137
52 139
52 143
52 146
52 147
52 148
52 149
52 150
52 151
52 152
52 154
52 155
52 157
52 158
52 159
52 161
52 165
52 166
52 167
52 168
52 171
52 172
52 174
52 175
52 176
52 177
52 178
52 179
52 181
52 183
52 184
52 185
52 186
52 192
52 194
52 197
52 198
52 201
52 203
52 206
52 207
52 213
52 216
52 218
52 225
52 230
52 233
52 234
52 235
52 236
52 238
52 240
53 63
53 70
53 72
53 76
53 78
53 80
53 81
53 82
53 83
53 91
53 92
53 98
53 100
53 104
53 105
53 106
53 107
53 109
53 115
53 116
53 119
53 135
53 138
53 145
53 146
53 147
53 150
53 160
53 163
53 168
53 172
53 177
53 182
53 186
53 187
53 188
53 191
53 193
53 195
53 199
53 201
53 202
53 203
53 204
53 205
53 212
53 220
53 222
53 224
53 231
53 235
54 55
54 56
54 57
54 58
54 59
54 60
54 61
54 62
54 65
54 66
54 67
54 70
54 71
54 76
54 78
54 79
54 80
54 82
54 84
54 90
54 93
54 94
54 95
54 96
54 98
54 101
54 102
54 110
54 115
54 120
54 123
54 124
54 126
54 127
54 136
54 137
54 141
54 143
54 154
54 155
54 158
54 159
54 168
54 169
54 170
54 175
54 176
54 178
54 179
54 183
54 184
54 186
54 198
54 206
54 209
54 210
54 211
54 230
55 56
55 57
55 58
55 59
55 60
55 61
55 62
55 65
55 66
55 69
55 71
55 72
55 73
55 79
55 83
55 84
55 86
55 88
55 90
55 93
55 94
55 96
55 101
55 105
55 107
55 108
55 110
55 123
55 124
55 131
55 134
55 136
55 137
55 148
55 154
55 155
55 158
55 159
55 163
55 166
55 167
55 169
55 170
55 171
55 172
55 175
55 176
55 178
55 179
55 198
55 207
55 209
55 210
55 219
55 233
55 238
56 57
56 58
56 59
56 60
56 61
56 62
56 64
56 65
56 66
56 67
56 69
56 70
56 71
56 72
56 74
56 75
56 79
56 80
56 83
56 84
56 85
56 86
56 90
56 93
56 94
56 96
56 97
56 98
56 99
56 101
56 102
56 103
56 105
56 106
56 107
56 108
56 110
56 111
56 112
56 114
56 115
56 116
56 118
56 120
56 121
56 123
56 124
56 125
56 127
56 128
56 129
56 131
56 132
56 134
56 136
56 137
56 141
56 144
56 147
56 148
56 153
56 155
56 156
56 158
56 159
56 160
56 161
56 166
56 169
56 170
56 175
56 176
56 178
56 179
56 182
56 183
56 184
56 194
56 196
56 197
56 198
56 200
56 203
56 209
56 210
56 215
56 219
56 227
56 229
56 230
56 232
56 239
57 58
57 59
57 60
57 61
57 62
57 63
57 66
57 67
57 69
57 70
57 71
57 72
57 74
57 76
57 78
57 79
57 82
57 83
57 84
57 85
57 90
57 93
57 94
57 98
57 101
57 102
57 103
57 105
57 106
57 107
57 108
57 110
57 113
57 115
57 120
57 121
57 123
57 124
57 125
57 127
57 128
57 134
57 136
57 137
57 141
57 143
57 144
57 146
57 149
57 152
57 155
57 158
57 159
57 161
57 164
57 165
57 166
57 169
57 170
57 174
57 175
57 176
57 179
57 180
57 182
57 184
57 186
57 187
57 190
57 192
57 198
57 203
57 207
57 209
57 210
57 218
57 226
57 227
57 229
57 236
58 59
58 60
58 61
58 62
58 64
58 65
58 66
58 69
58 70
58 71
58 72
58 74
58 75
58 79
58 81
58 83
58 84
58 86
58 87
58 88
58 90
58 91
58 93
58 94
58 97
58 98
58 99
58 101
58 102
58 103
58 104
58 106
58 108
58 109
58 112
58 113
58 114
58 115
58 116
58 120
58 121
58 123
58 124
58 125
58 126
58 127
58 128
58 129
58 130
58 132
58 136
58 137
58 139
58 141
58 142
58 143
58 144
58 145
58 146
58 147
58 148
58 149
58 151
58 152
58 153
58 154
58 155
58 157
58 158
58 159
58 161
58 165
58 166
58 169
58 170
58 174
58 175
58 176
58 178
58 179
58 182
58 183
58 184
58 186
58 194
58 196
58 198
58 203
58 209
58 210
58 218
58 219
58 233
59 60
59 61
59 62
59 63
59 64
59 65
59 66
59 67
59 70
59 71
59 72
59 74
59 75
59 79
59 80
59 81
59 84
59 88
59 89
59 90
59 92
59 93
59 97
59 98
59 99
59 100
59 101
59 105
59 106
59 107
59 108
59 110
59 112
59 115
59 116
59 118
59 121
59 123
59 124
59 125
59 126
59 128
59 130
59 131
59 132
59 136
59 137
59 141
59 147
59 149
59 151
59 152
59 158
59 159
59 161
59 166
59 168
59 169
59 170
59 172
59 175
59 176
59 179
59 183
59 184
59 197
59 198
59 203
59 209
59 210
59 226
59 234
59 236
59 238
59 239
60 61
60 62
60 63
60 66
60 67
60 70
60 71
60 74
60 79
60 82
60 83
60 84
60 88
60 89
60 90
60 93
60 95
60 97
60 101
60 102
60 103
60 106
60 112
60 115
60 120
60 121
60 124
60 125
60 126
60 127
60 128
60 131
60 132
60 134
60 136
60 137
60 141
60 145
60 146
60 147
60 149
60 151
60 153
60 154
60 158
60 159
60 160
60 164
60 165
60 168
60 169
60 170
60 171
60 175
60 176
60 179
60 180
60 182
60 184
60 185
60 186
60 190
60 198
60 203
60 207
60 209
60 210
60 218
60 227
60 238
61 62
61 63
61 64
61 66
61 67
61 70
61 71
61 74
61 80
61 81
61 83
61 84
61 90
61 92
61 93
61 94
61 96
61 97
61 98
61 101
61 103
61 107
61 110
61 112
61 115
61 121
61 123
61 124
61 125
61 128
61 130
61 131
61 134
61 136
61 137
61 142
61 151
61 152
61 154
61 157
61 158
61 159
61 163
61 165
61 166
61 169
61 170
61 174
61 175
61 176
61 179
61 183
61 198
61 209
61 210
61 217
61 220
61 234
62 64
62 65
62 66
62 69
62 70
62 71
62 72
62 73
62 74
62 75
62 78
62 79
62 80
62 84
62 86
62 89
62 90
62 93
62 94
62 95
62 97
62 100
62 101
62 102
62 103
62 106
62 108
62 110
62 113
62 116
62 120
62 121
62 124
62 125
62 126
62 130
62 136
62 137
62 144
62 146
62 147
62 151
62 152
62 155
62 156
62 158
62 159
62 160
62 161
62 163
62 165
62 166
62 169
62 170
62 175
62 176
62 179
62 180
62 196
62 198
62 209
62 210
62 215
62 218
62 227
62 230
62 239
62 241
63 64
63 65
63 66
63 70
63 71
63 72
63 74
63 78
63 79
63 80
63 81
63 82
63 84
63 86
63 91
63 92
63 93
63 94
63 96
63 97
63 98
63 99
63 100
63 101
63 104
63 106
63 107
63 108
63 110
63 112
63 113
63 114
63 115
63 116
63 118
63 120
63 121
63 122
63 124
63 125
63 126
63 128
63 130
63 131
63 132
63 138
63 140
63 141
63 142
63 146
63 147
63 148
63 149
63 152
63 153
63 154
63 155
63 158
63 160
63 161
63 163
63 164
63 165
63 166
63 179
63 182
63 186
63 188
63 189
63 190
63 194
63 205
63 206
63 207
63 208
63 218
63 219
63 221
63 226
63 227
63 229
63 230
63 234
63 235
63 239
64 66
64 70
64 75
64 79
64 80
64 81
64 94
64 97
64 98
64 99
64 100
64 101
64 104
64 105
64 106
64 107
64 108
64 110
64 111
64 112
64 118
64 121
64 122
64 131
64 133
64 134
64 136
64 139
64 140
64 146
64 151
64 152
64 158
64 162
64 173
64 208
64 214
64 215
65 66
65 67
65 70
65 71
65 72
65 73
65 74
65 75
65 76
65 78
65 79
65 80
65 82
65 83
65 84
65 88
65 90
65 91
65 94
65 95
65 97
65 98
65 100
65 101
65 102
65 103
65 104
65 107
65 110
65 112
65 113
65 115
65 120
65 121
65 123
65 124
65 125
65 126
65 127
65 129
65 130
65 131
65 132
65 136
65 137
65 140
65 141
65 144
65 146
65 147
65 148
65 149
65 151
65 152
65 154
65 155
65 157
65 158
65 159
65 160
65 161
65 164
65 165
65 166
65 168
65 170
65 171
65 174
65 180
65 181
65 183
65 184
65 189
65 190
65 194
65 196
65 200
65 206
65 207
65 210
65 211
65 217
65 218
65 219
65 223
65 226
65 232
65 236
65 237
65 238
65 239
65 241
65 242
66 71
66 72
66 75
66 76
66 79
66 80
66 81
66 82
66 83
66 84
66 94
66 95
66 96
66 97
66 99
66 100
66 101
66 104
66 106
66 107
66 108
66 110
66 111
66 115
66 116
66 118
66 120
66 122
66 123
66 125
66 126
66 130
66 131
66 132
66 133
66 134
66 136
66 137
66 140
66 144
66 146
66 147
66 149
66 154
66 156
66 158
66 159
66 162
66 165
66 168
66 173
66 179
66 183
66 185
66 190
66 203
66 206
66 210
66 214
66 215
67 70
67 72
67 73
67 80
67 83
67 88
67 90
67 93
67 94
67 98
67 100
67 101
67 104
67 106
67 112
67 113
67 115
67 116
67 120
67 121
67 124
67 125
67 126
67 127
67 128
67 130
67 137
67 140
67 143
67 144
67 146
67 147
67 148
67 149
67 151
67 152
67 154
67 155
67 157
67 158
67 163
67 164
67 165
67 166
67 167
67 168
67 171
67 174
67 180
67 181
67 183
67 185
67 190
67 196
67 197
67 207
67 211
67 217
67 218
67 219
67 223
67 226
67 232
67 234
67 236
67 237
67 238
67 239
67 241
67 242
68 77
69 71
69 72
69 73
69 78
69 79
69 80
69 81
69 84
69 85
69 86
69 87
69 89
69 91
69 96
69 100
69 101
69 105
69 107
69 108
69 110
69 123
69 131
69 132
69 134
69 137
69 148
69 154
69 156
69 163
69 167
69 178
69 190
69 205
69 228
69 236
70 72
70 74
70 76
70 78
70 79
70 80
70 81
70 83
70 84
70 89
70 94
70 98
70 99
70 100
70 101
70 103
70 104
70 105
70 107
70 110
70 112
70 115
70 116
70 117
70 119
70 120
70 121
70 123
70 124
70 125
70 126
70 128
70 129
70 130
70 132
70 136
70 137
70 138
70 139
70 140
70 141
70 142
70 143
70 144
70 145
70 146
70 149
70 151
70 152
70 153
70 154
70 155
70 157
70 158
70 159
70 160
70 161
70 164
70 165
70 166
70 168
70 171
70 174
70 175
70 177
70 180
70 181
70 182
70 183
70 184
70 187
70 188
70 189
70 190
70 191
70 192
70 194
70 196
70 197
70 199
70 200
70 203
70 204
70 207
70 213
70 218
70 225
70 230
70 233
70 234
70 236
71 72
71 74
71 75
71 79
71 80
71 81
71 82
71 83
71 84
71 90
71 91
71 93
71 94
71 97
71 98
71 99
71 100
71 101
71 103
71 105
71 106
71 107
71 108
71 111
71 112
71 115
71 116
71 118
71 120
71 121
71 124
71 125
71 126
71 127
71 128
71 130
71 131
71 136
71 137
71 140
71 144
71 149
71 151
71 152
71 158
71 159
71 161
71 165
71 167
71 169
71 170
71 171
71 172
71 174
71 175
71 176
71 177
71 178
71 179
71 180
71 182
71 184
71 186
71 197
71 198
71 203
71 207
71 209
71 210
71 218
71 219
71 221
71 223
71 229
71 233
71 238
72 73
72 76
72 78
72 79
72 80
72 81
72 82
72 83
72 84
72 85
72 91
72 92
72 94
72 97
72 98
72 99
72 100
72 101
72 102
72 104
72 105
72 106
72 107
72 108
72 110
72 113
72 114
72 115
72 116
72 118
72 120
72 121
72 122
72 123
72 124
72 125
72 126
72 128
72 129
72 130
72 131
72 132
72 138
72 140
72 142
72 143
72 146
72 147
72 148
72 151
72 152
72 154
72 155
72 157
72 158
72 161
72 163
72 164
72 166
72 174
72 175
72 181
72 182
72 183
72 184
72 186
72 188
72 189
72 190
72 192
72 194
72 197
72 200
72 203
72 205
72 206
72 208
72 218
72 220
72 227
72 228
72 229
72 231
72 236
72 238
73 78
73 80
73 83
73 84
73 91
73 92
73 94
73 99
73 100
73 101
73 102
73 113
73 114
73 115
73 116
73 119
73 120
73 121
73 123
73 125
73 126
73 128
73 129
73 130
73 132
73 138
73 140
73 144
73 145
73 146
73 147
73 148
73 151
73 152
73 154
73 161
73 163
73 165
73 174
73 175
73 182
73 188
73 189
73 190
73 192
73 194
73 196
73 200
73 203
73 206
73 207
73 208
73 218
73 228
73 231
73 234
74 76
74 78
74 82
74 84
74 85
74 91
74 93
74 94
74 95
74 98
74 99
74 101
74 103
74 112
74 114
74 115
74 116
74 117
74 121
74 124
74 125
74 126
74 127
74 128
74 129
74 130
74 135
74 136
74 137
74 138
74 139
74 141
74 142
74 143
74 144
74 145
74 152
74 155
74 160
74 161
74 164
74 165
74 168
74 169
74 171
74 174
74 182
74 183
74 184
74 188
74 189
74 195
74 201
74 203
74 204
74 213
74 218
74 225
74 227
74 230
74 240
75 79
75 80
75 83
75 84
75 94
75 97
75 98
75 99
75 100
75 104
75 106
75 107
75 108
75 110
75 111
75 116
75 118
75 122
75 131
75 133
75 134
75 136
75 146
75 158
75 162
75 167
75 173
75 178
75 214
75 215
75 216
75 225
76 78
76 81
76 82
76 89
76 91
76 93
76 96
76 98
76 99
76 102
76 103
76 104
76 106
76 107
76 112
76 115
76 116
76 117
76 120
76 121
76 128
76 129
76 130
76 131
76 139
76 141
76 142
76 143
76 144
76 145
76 147
76 148
76 150
76 154
76 156
76 160
76 161
76 164
76 165
76 171
76 173
76 182
76 184
76 189
76 192
76 193
76 194
76 199
76 202
76 203
76 204
76 212
76 213
76 230
76 235
77 88
77 89
77 93
77 108
77 109
77 111
78 79
78 81
78 82
78 83
78 84
78 87
78 91
78 92
78 94
78 97
78 98
78 99
78 100
78 101
78 102
78 103
78 104
78 105
78 107
78 110
78 113
78 114
78 115
78 116
78 119
78 120
78 121
78 122
78 123
78 125
78 126
78 128
78 129
78 130
78 131
78 132
78 138
78 140
78 143
78 144
78 146
78 147
78 148
78 149
78 150
78 152
78 153
78 154
78 155
78 158
78 160
78 161
78 163
78 164
78 166
78 168
78 175
78 181
78 182
78 183
78 184
78 186
78 188
78 189
78 190
78 192
78 194
78 196
78 200
78 204
78 205
78 206
78 208
78 218
78 219
78 221
78 227
78 228
78 229
78 231
78 235
79 80
79 82
79 84
79 97
79 99
79 101
79 103
79 104
79 105
79 106
79 108
79 111
79 118
79 121
79 122
79 131
79 133
79 134
79 136
79 140
79 141
79 143
79 146
79 152
79 154
79 159
79 161
79 162
79 163
79 165
79 168
79 173
79 175
79 178
79 197
79 209
79 214
79 215
79 216
79 218
79 219
80 81
80 82
80 94
80 98
80 99
80 100
80 101
80 104
80 105
80 106
80 107
80 108
80 109
80 110
80 111
80 112
80 119
80 121
80 128
80 130
80 131
80 133
80 134
80 135
80 146
80 148
80 150
80 151
80 154
80 155
80 158
80 160
80 161
80 163
80 165
80 174
80 183
80 187
80 190
80 191
80 192
80 193
80 195
80 199
80 201
80 202
80 203
80 204
80 206
80 207
80 208
80 212
80 222
80 224
80 231
80 235
81 82
81 85
81 97
81 98
81 100
81 103
81 104
81 105
81 106
81 107
81 109
81 110
81 114
81 115
81 119
81 122
81 123
81 127
81 131
81 132
81 133
81 134
81 135
81 136
81 140
81 142
81 148
81 150
81 153
81 160
81 163
81 177
81 182
81 184
81 187
81 191
81 193
81 195
81 199
81 201
81 202
81 204
81 212
81 221
81 224
82 91
82 95
82 100
82 103
82 104
82 105
82 106
82 107
82 108
82 109
82 110
82 118
82 119
82 120
82 122
82 125
82 127
82 131
82 132
82 134
82 135
82 150
82 160
82 161
82 163
82 166
82 187
82 190
82 191
82 193
82 199
82 201
82 203
82 204
82 207
82 212
82 220
82 222
82 224
82 227
82 235
82 238
83 90
83 94
83 95
83 100
83 101
83 102
83 103
83 106
83 107
83 110
83 112
83 113
83 115
83 116
83 120
83 121
83 123
83 124
83 125
83 126
83 128
83 129
83 130
83 132
83 135
83 136
83 137
83 138
83 140
83 141
83 143
83 146
83 147
83 148
83 149
83 150
83 151
83 152
83 154
83 155
83 156
83 157
83 158
83 159
83 164
83 165
83 166
83 167
83 168
83 169
83 170
83 171
83 172
83 174
83 177
83 178
83 179
83 181
83 183
83 185
83 194
83 197
83 198
83 202
83 203
83 206
83 207
83 216
83 218
83 220
83 225
83 233
83 234
83 238
83 240
84 90
84 91
84 93
84 94
84 95
84 97
84 98
84 99
84 100
84 101
84 102
84 103
84 105
84 108
84 110
84 112
84 115
84 116
84 121
84 123
84 124
84 125
84 126
84 127
84 128
84 129
84 130
84 134
84 136
84 137
84 141
84 144
84 146
84 148
84 149
84 152
84 155
84 158
84 159
84 165
84 166
84 169
84 170
84 171
84 174
84 175
84 176
84 179
84 180
84 183
84 184
84 194
84 196
84 198
84 203
84 207
84 209
84 210
84 216
84 218
84 221
84 227
84 229
84 236
84 239
85 86
85 87
85 89
85 96
85 102
85 107
85 110
85 112
85 115
85 123
85 125
85 131
85 154
85 155
85 156
85 165
85 176
85 177
86 87
86 89
86 96
86 98
86 108
86 114
86 129
86 134
86 136
86 148
86 156
86 170
86 173
86 175
86 179
86 190
86 192
86 203
86 204
87 89
87 96
87 98
87 100
87 115
87 136
87 154
87 156
87 177
87 179
87 182
87 186
87 199
87 209
87 210
88 92
88 94
88 95
88 111
88 120
88 125
88 127
88 137
88 149
88 151
88 155
88 157
88 158
88 159
88 166
88 171
88 174
88 178
88 180
88 181
88 183
88 185
88 196
88 197
88 207
88 208
88 211
88 217
88 219
88 223
88 225
88 226
88 232
88 233
88 234
88 236
88 237
88 238
88 239
88 241
88 242
89 91
89 92
89 93
89 95
89 96
89 107
89 110
89 111
89 115
89 121
89 130
89 156
89 182
90 93
90 99
90 101
90 121
90 124
90 136
90 137
90 147
90 158
90 159
90 166
90 167
90 169
90 170
90 175
90 176
90 179
90 180
90 184
90 198
90 209
90 210
90 226
90 232
90 241
91 92
91 95
91 98
91 99
91 100
91 102
91 110
91 113
91 114
91 116
91 120
91 126
91 130
91 132
91 138
91 140
91 146
91 147
91 148
91 149
91 153
91 154
91 155
91 160
91 163
91 171
91 182
91 184
91 186
91 190
91 192
91 196
91 200
91 205
91 207
91 208
91 216
91 218
91 221
91 226
91 227
91 228
91 229
91 233
91 235
91 237
92 93
92 95
92 97
92 98
92 99
92 100
92 101
92 107
92 109
92 110
92 114
92 126
92 130
92 132
92 138
92 146
92 147
92 148
92 153
92 154
92 163
92 177
92 182
92 183
92 186
92 188
92 189
92 190
92 194
92 200
92 205
92 206
92 208
92 218
92 221
92 227
92 228
92 229
92 235
93 95
93 101
93 109
93 111
93 112
93 115
93 116
93 121
93 124
93 128
93 129
93 136
93 137
93 139
93 145
93 146
93 147
93 148
93 152
93 159
93 165
93 166
93 168
93 169
93 170
93 175
93 176
93 179
93 198
93 209
93 210
94 95
94 97
94 98
94 100
94 101
94 102
94 103
94 105
94 107
94 113
94 115
94 116
94 120
94 121
94 123
94 125
94 126
94 127
94 130
94 132
94 133
94 136
94 140
94 141
94 143
94 144
94 146
94 147
94 148
94 149
94 151
94 152
94 154
94 155
94 157
94 158
94 159
94 161
94 163
94 165
94 166
94 168
94 169
94 171
94 174
94 175
94 178
94 180
94 181
94 183
94 190
94 194
94 196
94 206
94 207
94 209
94 211
94 215
94 217
94 218
94 219
94 221
94 223
94 226
94 230
94 232
94 234
94 236
94 237
94 239
94 241
94 242
95 101
95 104
95 109
95 111
95 116
95 120
95 121
95 123
95 130
95 132
95 136
95 140
95 147
95 149
95 152
95 155
95 158
95 166
95 167
95 168
95 170
95 171
95 172
95 174
95 177
95 178
95 180
95 185
95 197
95 202
95 203
95 207
95 208
95 211
95 216
95 217
95 220
95 225
95 231
95 233
95 234
95 237
95 238
95 240
96 108
96 119
96 126
96 128
96 136
96 137
96 153
96 155
96 156
96 161
96 169
96 171
96 173
96 179
96 182
96 187
96 192
96 194
96 195
96 200
96 207
97 99
97 100
97 101
97 104
97 105
97 106
97 108
97 111
97 115
97 117
97 118
97 122
97 126
97 130
97 131
97 133
97 134
97 136
97 137
97 140
97 141
97 142
97 147
97 155
97 159
97 162
97 165
97 173
97 190
97 203
97 214
97 215
98 99
98 100
98 104
98 105
98 106
98 107
98 108
98 110
98 112
98 114
98 118
98 119
98 121
98 122
98 123
98 124
98 126
98 127
98 130
98 131
98 133
98 138
98 140
98 145
98 146
98 149
98 151
98 152
98 153
98 154
98 155
98 159
98 161
98 163
98 180
98 182
98 186
98 187
98 189
98 190
98 192
98 194
98 199
98 200
98 205
98 206
98 208
98 218
98 221
98 227
98 228
98 229
98 235
99 100
99 101
99 102
99 106
99 108
99 110
99 113
99 114
99 118
99 120
99 121
99 122
99 125
99 126
99 130
99 137
99 138
99 140
99 145
99 146
99 148
99 151
99 153
99 154
99 155
99 158
99 160
99 163
99 182
99 186
99 187
99 190
99 194
99 196
99 200
99 205
99 206
99 221
99 227
99 228
99 229
99 232
99 235
99 239
100 101
100 102
100 104
100 105
100 110
100 112
100 114
100 115
100 116
100 120
100 121
100 122
100 123
100 124
100 125
100 126
100 128
100 130
100 132
100 134
100 135
100 136
100 138
100 140
100 142
100 143
100 144
100 145
100 146
100 147
100 148
100 151
100 153
100 154
100 155
100 157
100 160
100 163
100 164
100 166
100 167
100 171
100 174
100 178
100 180
100 182
100 186
100 188
100 189
100 190
100 192
100 194
100 200
100 205
100 206
100 207
100 216
100 218
100 221
100 227
100 228
100 229
100 231
100 233
100 234
100 235
100 236
100 239
101 103
101 104
101 106
101 108
101 110
101 111
101 112
101 113
101 114
101 115
101 116
101 118
101 120
101 123
101 124
101 125
101 126
101 127
101 128
101 129
101 132
101 134
101 136
101 137
101 140
101 141
101 142
101 144
101 145
101 146
101 147
101 148
101 152
101 153
101 155
101 156
101 159
101 160
101 161
101 163
101 165
101 167
101 169
101 170
101 174
101 175
101 176
101 179
101 180
101 183
101 184
101 194
101 196
101 198
101 207
101 209
101 210
101 218
101 220
101 235
101 239
102 103
102 112
102 113
102 114
102 115
102 116
102 118
102 120
102 121
102 125
102 126
102 127
102 129
102 130
102 132
102 136
102 137
102 138
102 140
102 144
102 146
102 147
102 148
102 149
102 151
102 152
102 153
102 154
102 155
102 157
102 160
102 161
102 163
102 182
102 183
102 184
102 186
102 188
102 189
102 190
102 192
102 194
102 200
102 205
102 206
102 207
102 208
102 218
102 221
102 228
102 229
102 231
102 235
103 104
103 105
103 107
103 108
103 110
103 112
103 115
103 116
103 117
103 123
103 126
103 128
103 129
103 132
103 135
103 136
103 137
103 141
103 142
103 143
103 144
103 145
103 146
103 147
103 150
103 151
103 152
103 158
103 160
103 161
103 164
103 165
103 169
103 180
103 184
103 191
103 193
103 197
103 201
103 203
103 206
103 213
103 230
104 105
104 106
104 107
104 108
104 109
104 110
104 115
104 119
104 122
104 131
104 132
104 133
104 135
104 142
104 146
104 147
104 150
104 160
104 161
104 180
104 182
104 187
104 191
104 193
104 195
104 199
104 201
104 202
104 204
104 222
104 224
104 233
105 106
105 107
105 108
105 109
105 110
105 111
105 115
105 116
105 118
105 119
105 122
105 123
105 131
105 134
105 135
105 139
105 140
105 143
105 146
105 147
105 148
105 150
105 160
105 181
105 184
105 187
105 189
105 191
105 192
105 193
105 194
105 195
105 196
105 199
105 201
105 202
105 204
105 212
105 222
105 224
106 107
106 108
106 109
106 110
106 112
106 113
106 118
106 119
106 120
106 122
106 126
106 128
106 130
106 131
106 133
106 135
106 136
106 140
106 145
106 146
106 150
106 152
106 153
106 158
106 160
106 165
106 186
106 187
106 191
106 193
106 194
106 195
106 199
106 201
106 202
106 204
106 212
106 213
106 221
106 222
106 224
107 108
107 109
107 110
107 118
107 119
107 122
107 123
107 128
107 129
107 131
107 132
107 134
107 135
107 136
107 139
107 146
107 150
107 155
107 160
107 184
107 187
107 189
107 192
107 193
107 195
107 199
107 201
107 203
107 204
107 212
107 222
107 224
107 227
108 109
108 111
108 118
108 121
108 122
108 131
108 132
108 134
108 136
108 140
108 141
108 147
108 154
108 158
108 161
108 162
108 167
108 169
108 173
108 175
108 176
108 197
108 198
108 208
108 209
108 214
108 215
108 217
108 218
108 219
108 220
109 111
109 118
109 119
109 131
109 134
109 135
109 139
109 148
109 150
109 187
109 191
109 193
109 195
109 199
109 201
109 202
109 204
109 208
109 212
109 222
109 224
110 114
110 115
110 120
110 121
110 124
110 125
110 126
110 128
110 129
110 130
110 131
110 132
110 133
110 138
110 140
110 146
110 148
110 149
110 150
110 151
110 153
110 154
110 155
110 158
110 161
110 163
110 164
110 165
110 166
110 170
110 176
110 182
110 186
110 190
110 192
110 194
110 200
110 205
110 206
110 207
110 209
110 219
110 221
110 227
110 228
110 229
110 235
110 239
111 118
111 122
111 124
111 131
111 133
111 134
111 139
111 143
111 162
111 167
111 173
111 175
111 190
111 209
111 214
111 215
112 113
112 115
112 116
112 117
112 120
112 121
112 124
112 125
112 127
112 128
112 129
112 131
112 132
112 133
112 134
112 135
112 136
112 139
112 141
112 142
112 143
112 144
112 145
112 146
112 147
112 149
112 151
112 158
112 160
112 161
112 163
112 164
112 165
112 172
112 176
112 179
112 180
112 183
112 184
112 188
112 194
112 197
112 203
112 207
112 213
112 224
112 225
112 228
112 230
113 114
113 115
113 116
113 120
113 121
113 124
113 125
113 126
113 127
113 130
113 132
113 136
113 138
113 140
113 143
113 144
113 146
113 147
113 148
113 152
113 154
113 155
113 158
113 163
113 168
113 182
113 186
113 188
113 189
113 190
113 192
113 194
113 200
113 203
113 206
113 208
113 218
113 221
113 228
113 229
113 231
113 235
114 115
114 124
114 132
114 138
114 140
114 142
114 144
114 146
114 147
114 148
114 153
114 154
114 160
114 163
114 164
114 182
114 186
114 189
114 190
114 194
114 200
114 205
114 206
114 208
114 218
114 221
114 227
114 228
114 229
114 235
115 116
115 117
115 119
115 120
115 121
115 123
115 124
115 125
115 126
115 127
115 128
115 129
115 130
115 132
115 135
115 136
115 137
115 139
115 140
115 141
115 142
115 143
115 144
115 145
115 146
115 147
115 148
115 149
115 150
115 151
115 154
115 155
115 158
115 159
115 160
115 161
115 164
115 165
115 166
115 167
115 168
115 171
115 174
115 176
115 177
115 181
115 183
115 184
115 190
115 192
115 194
115 196
115 197
115 203
115 207
115 213
115 218
115 227
115 230
115 236
115 238
116 117
116 120
116 121
116 123
116 126
116 127
116 128
116 129
116 130
116 136
116 139
116 141
116 142
116 143
116 144
116 145
116 146
116 147
116 148
116 149
116 152
116 160
116 161
116 163
116 164
116 165
116 166
116 174
116 177
116 178
116 180
116 184
116 189
116 196
116 197
116 203
116 210
116 213
116 230
116 238
117 124
117 128
117 129
117 136
117 138
117 139
117 141
117 142
117 143
117 144
117 145
117 159
117 160
117 161
117 163
117 164
117 165
117 184
117 185
117 203
117 213
117 230
118 122
118 126
118 131
118 133
118 134
118 137
118 140
118 145
118 158
118 162
118 173
118 175
118 208
118 214
118 215
119 123
119 126
119 129
119 131
119 135
119 143
119 150
119 152
119 154
119 182
119 184
119 187
119 189
119 191
119 193
119 195
119 199
119 200
119 201
119 202
119 204
119 206
119 212
119 221
119 222
119 224
119 235
120 121
120 123
120 124
120 125
120 126
120 127
120 130
120 132
120 136
120 144
120 146
120 147
120 148
120 149
120 151
120 152
120 154
120 155
120 157
120 158
120 160
120 161
120 165
120 166
120 168
120 174
120 180
120 181
120 183
120 194
120 196
120 206
120 207
120 210
120 211
120 217
120 218
120 219
120 223
120 226
120 232
120 236
120 237
120 238
120 239
120 241
120 242
121 123
121 124
121 125
121 128
121 129
121 130
121 132
121 136
121 137
121 141
121 143
121 146
121 147
121 148
121 149
121 151
121 152
121 154
121 155
121 157
121 158
121 159
121 161
121 163
121 165
121 166
121 167
121 168
121 171
121 172
121 174
121 177
121 178
121 181
121 182
121 183
121 184
121 185
121 190
121 194
121 196
121 197
121 205
121 206
121 207
121 216
121 218
121 220
121 225
121 233
121 234
121 235
121 236
121 237
121 238
121 240
122 131
122 133
122 134
122 140
122 144
122 161
122 162
122 170
122 173
122 214
122 215
123 125
123 126
123 127
123 128
123 129
123 130
123 132
123 135
123 136
123 137
123 140
123 143
123 145
123 146
123 147
123 148
123 149
123 150
123 151
123 152
123 154
123 155
123 157
123 158
123 159
123 161
123 163
123 164
123 165
123 166
123 167
123 168
123 170
123 171
123 172
123 174
123 175
123 177
123 178
123 179
123 181
123 183
123 185
123 186
123 189
123 192
123 195
123 196
123 197
123 203
123 206
123 207
123 216
123 218
123 220
123 225
123 228
123 230
123 233
123 234
123 238
124 126
124 127
124 131
124 132
124 136
124 137
124 141
124 143
124 144
124 145
124 149
124 151
124 152
124 157
124 158
124 159
124 160
124 161
124 165
124 169
124 170
124 172
124 174
124 175
124 176
124 180
124 198
124 205
124 209
124 210
124 227
124 232
125 127
125 128
125 130
125 132
125 136
125 137
125 140
125 141
125 143
125 146
125 148
125 149
125 151
125 152
125 154
125 155
125 157
125 158
125 159
125 161
125 163
125 164
125 165
125 166
125 168
125 170
125 171
125 174
125 180
125 181
125 183
125 184
125 194
125 196
125 198
125 203
125 206
125 207
125 211
125 217
125 218
125 219
125 223
125 226
125 228
125 232
125 234
125 236
125 237
125 238
125 239
125 241
126 130
126 132
126 137
126 138
126 140
126 142
126 143
126 145
126 146
126 147
126 148
126 151
126 152
126 153
126 154
126 158
126 159
126 160
126 161
126 163
126 165
126 166
126 168
126 180
126 183
126 184
126 186
126 188
126 189
126 190
126 192
126 194
126 197
126 200
126 203
126 205
126 206
126 207
126 208
126 218
126 227
126 228
126 231
127 132
127 133
127 136
127 137
127 140
127 141
127 144
127 146
127 147
127 149
127 151
127 155
127 157
127 158
127 159
127 165
127 166
127 169
127 170
127 174
127 179
127 180
127 181
127 183
127 184
127 196
127 197
127 211
127 217
127 218
127 219
127 223
127 225
127 226
127 232
127 236
127 237
127 239
127 241
127 242
128 129
128 130
128 132
128 134
128 135
128 136
128 137
128 139
128 140
128 141
128 142
128 143
128 144
128 145
128 146
128 147
128 148
128 152
128 154
128 158
128 159
128 160
128 161
128 163
128 164
128 165
128 166
128 168
128 171
128 181
128 182
128 183
128 184
128 185
128 188
128 190
128 192
128 194
128 196
128 200
128 203
128 204
128 206
128 207
128 213
128 218
128 224
128 227
128 231
128 234
128 236
128 238
129 132
129 139
129 140
129 141
129 142
129 143
129 144
129 145
129 146
129 160
129 161
129 162
129 163
129 164
129 165
129 167
129 175
129 177
129 184
129 188
129 189
129 192
129 193
129 194
129 195
129 197
129 202
129 203
129 204
129 206
129 213
129 218
129 229
129 230
129 231
129 233
130 132
130 137
130 140
130 141
130 145
130 146
130 147
130 148
130 149
130 150
130 152
130 153
130 154
130 155
130 158
130 163
130 165
130 166
130 180
130 182
130 183
130 184
130 186
130 188
130 189
130 190
130 192
130 194
130 196
130 200
130 203
130 205
130 206
130 207
130 208
130 218
130 228
130 231
130 233
131 134
131 135
131 136
131 137
131 140
131 150
131 151
131 152
131 158
131 163
131 187
131 193
131 195
131 199
131 201
131 202
131 204
131 206
131 207
131 212
131 218
131 222
131 224
132 137
132 140
132 141
132 144
132 146
132 147
132 148
132 151
132 152
132 154
132 155
132 157
132 158
132 159
132 161
132 163
132 164
132 165
132 166
132 168
132 174
132 175
132 182
132 183
132 184
132 186
132 188
132 189
132 190
132 192
132 194
132 196
132 197
132 200
132 203
132 205
132 206
132 208
132 210
132 213
132 218
132 227
132 228
132 231
132 238
133 134
133 137
133 144
133 149
133 158
133 162
133 165
133 173
133 181
133 214
133 215
133 217
133 223
134 136
134 149
134 155
134 158
134 162
134 173
134 181
134 185
134 214
134 215
134 223
135 138
135 142
135 145
135 150
135 155
135 163
135 167
135 184
135 187
135 189
135 191
135 193
135 194
135 195
135 199
135 201
135 202
135 204
135 206
135 212
135 218
135 222
135 224
135 227
136 137
136 139
136 141
136 144
136 146
136 147
136 152
136 153
136 155
136 158
136 159
136 160
136 161
136 165
136 166
136 167
136 169
136 170
136 174
136 175
136 176
136 178
136 179
136 182
136 184
136 185
136 197
136 198
136 203
136 207
136 209
136 210
136 226
136 227
136 229
136 238
137 142
137 145
137 146
137 151
137 152
137 154
137 155
137 158
137 159
137 167
137 169
137 170
137 174
137 175
137 176
137 179
137 180
137 184
137 186
137 194
137 196
137 197
137 198
137 203
137 207
137 209
137 210
137 215
137 216
137 219
137 231
137 233
138 140
138 141
138 146
138 153
138 154
138 155
138 163
138 182
138 186
138 188
138 189
138 190
138 192
138 194
138 196
138 200
138 205
138 208
138 212
138 221
138 227
138 228
138 229
138 235
138 236
139 142
139 143
139 144
139 145
139 152
139 159
139 160
139 161
139 164
139 165
139 173
139 175
139 176
139 184
139 203
139 208
139 213
140 143
140 144
140 146
140 147
140 148
140 153
140 154
140 155
140 158
140 159
140 163
140 166
140 167
140 168
140 175
140 177
140 180
140 182
140 184
140 188
140 189
140 190
140 191
140 192
140 194
140 200
140 206
140 207
140 208
140 209
140 218
140 228
140 229
140 231
140 233
140 238
141 142
141 143
141 144
141 145
141 147
141 148
141 149
141 151
141 152
141 155
141 158
141 159
141 160
141 161
141 164
141 165
141 168
141 174
141 182
141 183
141 184
141 189
141 196
141 199
141 203
141 204
141 213
141 218
141 225
141 229
141 230
142 143
142 144
142 145
142 152
142 154
142 159
142 160
142 161
142 164
142 165
142 180
142 184
142 185
142 190
142 194
142 203
142 213
142 230
142 240
143 144
143 145
143 146
143 149
143 152
143 155
143 160
143 161
143 164
143 165
143 168
143 171
143 175
143 178
143 179
143 183
143 184
143 188
143 192
143 194
143 202
143 203
143 207
143 210
143 213
143 230
143 233
143 238
144 145
144 146
144 151
144 152
144 154
144 155
144 157
144 158
144 160
144 161
144 164
144 165
144 166
144 170
144 178
144 180
144 184
144 196
144 200
144 203
144 213
144 218
144 230
145 150
145 153
145 158
145 160
145 161
145 164
145 165
145 166
145 174
145 182
145 183
145 184
145 186
145 188
145 192
145 194
145 203
145 204
145 205
145 206
145 213
145 218
145 227
145 230
145 235
146 147
146 148
146 151
146 152
146 153
146 154
146 155
146 157
146 158
146 160
146 161
146 163
146 165
146 168
146 171
146 174
146 180
146 181
146 182
146 183
146 184
146 185
146 186
146 188
146 189
146 190
146 192
146 194
146 196
146 200
146 203
146 205
146 206
146 207
146 208
146 218
146 221
146 227
146 228
146 229
146 231
146 234
147 148
147 149
147 152
147 154
147 155
147 158
147 160
147 161
147 163
147 164
147 165
147 166
147 168
147 174
147 181
147 182
147 183
147 186
147 187
147 188
147 189
147 190
147 192
147 194
147 197
147 200
147 206
147 208
147 218
147 221
147 227
147 228
147 230
147 231
147 234
148 149
148 150
148 151
148 152
148 154
148 157
148 161
148 163
148 164
148 165
148 166
148 167
148 168
148 174
148 178
148 181
148 182
148 184
148 188
148 189
148 190
148 191
148 192
148 193
148 194
148 196
148 200
148 205
148 206
148 207
148 208
148 218
148 221
148 228
148 229
148 231
148 234
148 236
149 151
149 152
149 154
149 155
149 157
149 158
149 159
149 161
149 163
149 165
149 166
149 168
149 171
149 174
149 180
149 181
149 183
149 196
149 197
149 206
149 207
149 211
149 217
149 219
149 223
149 226
149 229
149 232
149 234
149 236
149 237
149 238
149 239
149 241
149 242
150 167
150 177
150 182
150 187
150 191
150 192
150 193
150 195
150 199
150 200
150 201
150 202
150 204
150 212
150 222
150 233
150 235
151 152
151 155
151 158
151 159
151 161
151 163
151 166
151 168
151 171
151 174
151 180
151 181
151 183
151 196
151 197
151 206
151 207
151 211
151 213
151 217
151 218
151 219
151 223
151 226
151 232
151 234
151 236
151 237
151 238
151 239
151 241
151 242
152 154
152 155
152 157
152 158
152 160
152 161
152 163
152 164
152 165
152 166
152 167
152 168
152 171
152 172
152 174
152 177
152 178
152 180
152 181
152 183
152 184
152 185
152 194
152 196
152 197
152 204
152 205
152 207
152 216
152 218
152 220
152 225
152 233
152 234
152 236
152 237
152 238
152 240
153 154
153 163
153 176
153 182
153 184
153 186
153 188
153 189
153 190
153 192
153 194
153 198
153 200
153 205
153 206
153 208
153 209
153 218
153 221
153 227
153 229
153 231
153 232
153 235
154 155
154 157
154 158
154 163
154 164
154 166
154 178
154 182
154 183
154 186
154 188
154 190
154 193
154 194
154 200
154 204
154 205
154 206
154 207
154 208
154 210
154 218
154 221
154 227
154 228
154 229
154 230
154 235
154 238
155 156
155 157
155 158
155 160
155 161
155 163
155 164
155 165
155 166
155 167
155 168
155 169
155 171
155 172
155 173
155 174
155 175
155 177
155 178
155 180
155 181
155 183
155 184
155 185
155 186
155 190
155 194
155 197
155 199
155 203
155 206
155 207
155 212
155 216
155 218
155 220
155 225
155 230
155 233
155 234
155 235
155 238
156 167
156 207
156 229
157 158
157 163
157 166
157 180
157 181
157 183
157 184
157 196
157 211
157 217
157 219
157 223
157 226
157 232
157 236
157 237
157 241
158 159
158 161
158 163
158 164
158 165
158 166
158 171
158 174
158 175
158 180
158 181
158 183
158 184
158 185
158 186
158 190
158 194
158 196
158 197
158 203
158 207
158 209
158 211
158 214
158 217
158 218
158 219
158 223
158 226
158 232
158 234
158 236
158 237
158 238
158 239
158 241
158 242
159 161
159 164
159 165
159 166
159 168
159 169
159 170
159 171
159 173
159 174
159 175
159 176
159 179
159 180
159 181
159 184
159 196
159 198
159 209
159 210
159 226
159 227
159 238
160 161
160 164
160 165
160 166
160 167
160 169
160 179
160 182
160 183
160 184
160 187
160 189
160 190
160 193
160 194
160 195
160 199
160 203
160 204
160 207
160 209
160 213
160 218
160 220
160 228
160 230
161 163
161 164
161 165
161 166
161 168
161 178
161 184
161 190
161 191
161 192
161 193
161 194
161 195
161 203
161 206
161 207
161 208
161 218
162 165
162 173
162 209
162 214
162 215
163 164
163 165
163 166
163 171
163 174
163 182
163 183
163 184
163 186
163 188
163 189
163 190
163 192
163 194
163 195
163 200
163 205
163 206
163 208
163 218
163 219
163 221
163 227
163 228
163 231
163 234
163 236
163 241
164 165
164 166
164 168
164 177
164 182
164 184
164 194
164 200
164 203
164 207
164 213
164 230
164 234
164 238
165 166
165 168
165 171
165 174
165 181
165 183
165 184
165 194
165 203
165 204
165 206
165 213
165 218
165 224
165 227
165 230
165 234
165 236
165 238
166 168
166 169
166 170
166 171
166 174
166 175
166 180
166 181
166 183
166 194
166 196
166 207
166 210
166 211
166 217
166 219
166 223
166 226
166 232
166 234
166 236
166 237
166 238
166 239
166 241
166 242
167 168
167 169
167 170
167 171
167 172
167 173
167 174
167 177
167 178
167 179
167 181
167 185
167 187
167 189
167 192
167 197
167 207
167 216
167 220
167 225
167 229
167 233
167 234
167 238
167 240
168 170
168 171
168 172
168 174
168 177
168 178
168 181
168 182
168 185
168 194
168 196
168 197
168 203
168 207
168 216
168 220
168 225
168 233
168 234
168 236
168 238
168 240
169 170
169 172
169 175
169 176
169 179
169 180
169 183
169 196
169 197
169 198
169 203
169 207
169 209
169 210
169 213
169 219
169 227
169 232
169 238
170 175
170 176
170 177
170 179
170 188
170 189
170 196
170 197
170 198
170 200
170 209
170 210
170 215
170 216
170 219
170 225
170 226
170 233
171 172
171 174
171 177
171 178
171 181
171 183
171 185
171 189
171 194
171 196
171 197
171 207
171 210
171 216
171 220
171 225
171 233
171 234
171 236
171 238
172 174
172 175
172 177
172 178
172 179
172 185
172 186
172 188
172 197
172 207
172 216
172 220
172 225
172 233
172 234
172 238
172 240
173 175
173 178
173 214
173 215
173 216
173 225
174 175
174 177
174 178
174 180
174 181
174 185
174 192
174 197
174 207
174 216
174 218
174 220
174 225
174 233
174 234
174 236
174 238
175 176
175 177
175 178
175 179
175 186
175 198
175 200
175 207
175 209
175 210
175 211
175 226
176 177
177 178
177 179
177 182
177 184
177 185
177 186
177 189
177 192
177 197
177 198
177 202
177 207
177 216
177 220
177 221
177 225
177 233
177 234
177 238
177 240
178 184
178 185
178 193
178 197
178 206
178 207
178 212
178 216
178 220
178 225
178 227
178 233
178 234
178 238
178 240
176 179
179 194
179 198
179 207
179 209
179 210
179 211
179 216
179 219
179 227
180 181
180 183
180 196
180 197
180 211
180 217
180 218
180 219
180 223
180 226
180 228
180 232
180 236
180 237
180 239
180 242
181 183
181 196
181 203
181 207
181 211
181 217
181 219
181 223
181 226
181 229
181 232
181 234
181 236
181 237
181 238
181 239
181 241
181 242
182 186
182 188
182 189
182 190
182 194
182 195
182 196
182 197
182 200
182 205
182 206
182 208
182 209
182 218
182 221
182 227
182 228
182 229
182 234
182 235
182 238
183 184
183 189
183 192
183 196
183 206
183 207
183 211
183 217
183 218
183 219
183 223
183 232
183 236
183 237
183 241
183 242
184 187
184 193
184 203
184 213
184 218
184 220
184 227
184 230
184 238
185 188
185 197
185 206
185 207
185 213
185 216
185 220
185 225
185 233
185 234
185 238
185 240
176 186
186 188
186 189
186 190
186 192
186 194
186 200
186 205
186 206
186 208
186 212
186 218
186 221
186 222
186 227
186 229
186 231
186 233
186 235
186 236
186 237
187 191
187 193
187 195
187 199
187 200
187 201
187 202
187 203
187 204
187 208
187 212
187 222
187 224
188 189
188 190
188 192
188 194
188 200
188 205
188 206
188 208
188 210
188 218
188 227
188 228
188 229
188 231
189 190
189 191
189 192
189 194
189 199
189 200
189 206
189 208
189 218
189 227
189 228
189 229
189 231
189 233
190 192
190 194
190 200
190 206
190 208
190 218
190 219
190 221
190 227
190 228
190 229
190 231
190 235
190 236
190 238
191 193
191 195
191 199
191 201
191 202
191 204
191 212
191 222
191 224
192 194
192 196
192 200
192 203
192 205
192 206
192 208
192 212
192 218
192 227
192 228
192 231
192 233
192 236
193 195
193 199
193 201
193 202
193 204
193 212
193 222
193 224
193 227
176 194
194 196
194 200
194 205
194 206
194 208
194 218
194 220
194 221
194 227
194 228
194 229
194 231
194 238
194 241
195 199
195 201
195 202
195 204
195 212
195 222
195 224
196 206
196 207
196 211
196 217
196 219
196 223
196 226
196 227
196 229
196 232
196 234
196 236
196 237
196 238
196 239
196 241
196 242
176 198
176 207
176 209
176 210
176 232
197 207
197 210
197 216
197 218
197 220
197 225
197 233
197 234
197 237
197 238
197 240
198 209
198 210
199 201
199 202
199 204
199 212
199 222
199 233
200 206
200 207
200 208
200 211
200 218
200 228
200 231
200 237
201 202
201 204
201 212
201 221
201 222
202 204
202 212
202 222
204 205
205 206
205 207
205 208
205 218
205 219
205 221
205 227
205 228
205 229
205 231
205 235
206 207
206 208
206 218
206 219
206 220
206 221
206 227
206 228
206 231
206 234
206 235
207 210
207 216
207 220
207 221
207 225
207 228
207 233
207 234
207 236
207 238
207 240
208 218
208 228
208 231
208 235
204 212
204 222
204 224
211 217
211 219
211 223
211 232
211 236
211 237
211 239
211 241
212 222
203 213
213 231
209 210
209 226
209 241
214 215
216 220
216 225
216 233
216 234
216 238
216 240
217 219
217 223
217 226
217 232
217 236
217 237
217 239
217 241
217 242
218 221
219 221
221 227
221 229
221 235
220 225
225 233
225 234
225 238
203 210
203 220
203 230
203 233
203 238
219 223
223 226
223 232
223 236
223 237
223 239
223 241
223 242
210 219
210 220
210 229
219 226
219 229
219 232
219 236
219 237
219 239
219 241
219 242
226 232
226 236
226 237
226 239
226 241
226 242
218 227
218 228
218 231
218 241
227 228
227 229
227 232
227 235
227 239
227 241
228 229
228 235
229 231
229 241
230 234
230 238
232 236
232 237
232 239
232 241
232 242
220 233
233 234
233 238
233 240
220 234
234 236
234 238
234 240
236 237
236 239
236 241
236 242
237 239
237 241
237 242
220 238
239 241
239 242
220 240
