1 2
1 3
1 4
1 5
1 6
1 7
1 8
2 3
2 4
2 5
2 7
2 8
2 10
2 29
2 30
2 31
2 32
2 33
2 34
2 35
2 36
2 37
2 38
2 39
2 40
2 41
2 42
2 43
2 44
2 45
3 4
3 5
3 6
3 7
3 8
3 14
3 22
3 26
3 28
3 29
3 30
3 31
3 32
3 33
3 34
3 36
3 38
3 40
3 42
3 45
3 50
3 59
3 61
3 72
3 73
3 74
3 75
3 85
3 87
3 89
4 5
4 6
4 20
4 23
4 25
4 29
4 31
4 33
4 36
4 38
4 39
4 40
4 49
4 52
4 53
4 56
4 60
4 72
4 76
4 77
4 80
4 82
4 85
5 6
5 7
5 8
5 14
5 16
5 25
5 26
5 29
5 32
5 34
5 37
5 38
5 40
5 42
5 44
5 45
5 59
5 60
5 74
5 75
5 78
5 83
5 86
5 89
6 10
6 14
6 15
6 17
6 29
6 31
6 34
6 46
6 49
6 60
6 77
6 89
7 8
7 17
7 26
7 28
7 29
7 30
7 31
7 33
7 34
7 38
7 40
7 41
7 42
7 60
7 62
7 70
7 74
7 75
7 77
7 86
7 88
8 9
8 17
8 23
8 26
8 29
8 32
8 36
8 38
8 40
8 42
8 45
8 64
8 67
8 73
8 88
8 91
9 10
10 11
10 13
10 14
10 15
10 18
10 19
10 23
10 24
10 25
10 26
10 27
10 28
23 29
26 29
29 31
29 32
29 34
29 36
29 38
29 42
29 43
29 45
29 53
29 57
29 58
29 59
29 60
29 61
29 62
29 63
16 30
23 30
26 30
27 30
30 36
30 40
30 44
30 45
30 50
30 54
30 59
30 62
30 64
30 70
30 71
30 72
30 73
30 74
16 31
23 31
31 35
31 38
31 40
31 42
31 55
31 59
31 64
31 67
31 68
31 71
31 82
31 85
31 86
32 34
32 36
32 41
32 42
32 43
32 59
32 61
32 70
32 72
32 74
17 33
20 33
21 33
22 33
25 33
33 38
33 40
33 50
33 54
33 55
33 63
33 75
33 79
33 84
33 88
26 34
28 34
34 36
34 40
34 42
34 43
34 45
34 50
34 59
34 64
34 72
34 85
34 86
34 89
34 91
35 39
35 49
35 71
35 75
35 76
35 77
35 78
35 82
35 84
23 36
36 40
36 42
36 43
36 50
36 59
36 60
36 61
36 64
36 73
36 74
36 85
36 91
14 37
25 37
37 40
37 75
37 88
14 38
18 38
27 38
38 39
38 40
38 42
38 51
38 55
38 59
38 67
38 71
38 75
38 83
38 85
38 86
38 88
16 39
25 39
39 65
39 71
39 75
39 76
39 78
39 79
39 80
39 81
39 82
39 83
39 84
39 85
11 40
12 40
14 40
17 40
20 40
22 40
23 40
26 40
40 42
40 45
40 49
40 55
40 59
40 61
40 65
40 67
40 72
40 73
40 74
40 77
40 79
40 85
40 86
40 87
40 88
17 41
41 59
41 70
14 42
15 42
17 42
22 42
26 42
42 43
42 45
42 55
42 59
42 63
42 64
42 74
42 75
42 88
43 45
43 50
43 64
43 70
43 72
43 74
43 75
43 86
43 91
28 44
26 45
45 72
45 74
45 86
45 91
9 14
11 14
12 14
14 15
14 16
14 17
14 20
14 21
14 22
14 23
14 24
14 27
14 49
14 55
14 66
14 67
14 68
14 72
14 76
14 85
14 87
14 88
14 89
9 22
12 22
16 22
19 22
20 22
21 22
22 58
22 69
22 87
22 90
26 65
26 68
26 74
26 75
26 76
26 86
28 62
28 64
28 72
28 76
28 77
28 78
12 50
17 50
20 50
23 50
24 50
27 50
46 50
47 50
49 50
50 51
50 52
50 53
50 55
50 57
50 60
50 63
50 66
50 68
50 88
23 59
55 59
59 70
59 71
61 65
24 72
64 72
72 77
72 86
72 91
73 85
73 89
71 74
74 76
74 78
74 86
25 75
27 75
57 75
64 75
66 75
70 75
71 75
75 76
75 77
75 78
75 79
75 80
75 81
75 82
75 83
75 84
75 85
17 85
23 85
55 85
85 89
19 87
23 87
51 87
60 87
77 87
17 89
49 89
9 20
12 20
16 20
18 20
20 21
20 23
20 24
20 58
20 67
20 88
20 90
9 23
11 23
12 23
13 23
15 23
16 23
17 23
18 23
19 23
21 23
23 24
23 25
23 46
23 49
23 51
23 52
23 54
23 55
23 56
23 58
23 60
23 63
23 65
23 66
23 67
23 69
23 70
23 88
23 90
23 92
19 25
21 25
25 58
25 65
25 68
25 71
25 76
25 78
25 79
25 81
25 82
25 83
25 84
25 86
24 49
46 49
49 51
49 52
49 53
49 54
49 55
49 60
49 65
49 66
49 84
49 90
46 52
47 52
51 52
52 53
52 54
52 55
52 56
52 60
52 63
52 65
52 88
46 53
53 54
53 55
53 60
53 69
46 56
51 56
54 56
56 60
56 65
56 67
17 60
47 60
51 60
54 60
55 60
60 63
60 65
60 86
71 76
76 78
76 79
76 80
76 81
76 82
76 83
76 84
76 91
64 77
77 82
77 91
58 80
71 80
78 80
80 81
80 83
80 92
58 82
71 82
78 82
79 82
81 82
82 83
82 84
82 86
9 16
12 16
13 16
15 16
16 18
16 21
16 24
16 65
16 66
16 78
16 83
55 78
58 78
78 79
78 81
81 83
83 84
13 86
55 86
86 91
9 15
15 17
15 18
15 19
15 24
15 27
15 90
9 17
11 17
12 17
17 18
17 19
17 21
17 24
17 27
17 51
17 58
17 63
17 66
17 67
17 68
17 69
17 84
46 47
46 48
46 51
46 54
46 55
66 70
67 70
21 88
51 88
54 88
55 88
58 88
63 88
9 11
9 12
9 13
9 18
9 19
9 21
9 24
11 64
51 64
58 64
12 67
19 67
21 67
24 67
27 67
55 67
58 67
66 67
67 68
55 91
11 12
11 13
11 18
11 19
11 24
11 27
12 18
12 19
12 21
12 24
12 55
12 58
12 65
12 66
12 68
12 69
13 18
13 19
18 19
18 24
19 24
19 48
19 58
19 63
19 68
21 24
21 58
21 66
21 68
21 69
21 90
24 27
24 54
24 57
24 58
24 63
24 65
24 68
24 69
24 92
27 54
27 58
27 66
27 68
27 69
27 92
48 55
51 55
54 55
55 63
55 65
54 58
58 66
58 71
58 81
47 65
54 65
63 65
66 68
66 92
68 71
68 79
51 54
51 63
47 63
54 63
63 79
71 84
79 84
48 54
47 54
71 79
71 81
79 81
