1 2
1 3
1 4
1 5
1 6
1 7
1 8
1 9
1 10
1 11
2 12
2 37
2 125
2 127
2 128
2 151
2 156
2 224
2 225
2 231
2 238
2 257
2 260
2 261
2 262
2 268
2 271
2 273
2 277
2 280
2 307
2 308
2 318
2 349
2 370
2 406
2 422
2 465
2 472
2 474
2 651
3 29
3 143
3 150
3 151
3 163
3 205
3 221
3 254
3 265
3 328
3 578
4 269
4 277
4 468
4 627
4 759
4 800
5 60
5 142
5 143
5 145
5 146
5 147
5 148
5 152
5 153
5 155
5 159
5 222
5 269
5 270
5 274
5 277
5 328
5 527
5 556
5 590
5 591
5 615
5 627
5 652
5 752
5 758
5 759
5 760
5 767
5 768
5 795
5 800
5 973
6 381
6 627
6 768
6 823
6 824
7 12
7 172
7 285
7 291
7 381
7 487
7 643
7 710
7 813
7 840
7 852
7 853
7 863
8 93
8 492
8 627
8 730
8 823
8 824
8 896
9 12
9 229
9 358
9 365
9 487
9 492
9 643
9 731
9 840
9 842
9 853
9 900
9 907
10 25
10 163
10 285
10 291
10 493
10 643
10 710
10 813
10 850
10 852
10 898
10 906
11 32
11 163
11 178
11 358
11 365
11 381
11 492
11 498
11 643
11 731
11 842
11 857
11 902
11 907
12 13
12 14
12 15
12 16
12 17
12 18
12 19
12 20
12 21
12 22
12 23
12 24
32 37
37 165
37 187
37 188
37 410
37 428
37 436
37 494
37 505
37 550
37 665
37 666
37 739
37 741
37 747
37 902
37 915
37 919
58 125
69 125
91 125
100 125
125 293
125 295
125 311
125 401
125 419
125 427
125 470
125 480
125 494
125 495
125 499
125 516
125 537
125 539
125 548
125 575
125 596
125 666
125 686
125 718
125 720
125 722
125 727
125 813
125 840
125 842
125 847
125 867
125 872
125 887
125 906
125 910
125 918
125 927
125 938
69 127
91 127
127 291
127 293
127 311
127 333
127 365
127 376
127 420
127 427
127 454
127 457
127 480
127 487
127 493
127 502
127 512
127 513
127 518
127 520
127 521
127 531
127 853
127 882
127 887
127 889
127 907
127 918
127 938
127 942
14 128
49 128
69 128
91 128
101 128
102 128
128 178
128 191
128 293
128 295
128 311
128 379
128 421
128 427
128 461
128 480
128 484
128 488
128 504
128 518
128 523
128 538
128 545
128 549
128 575
128 576
128 778
128 781
128 788
128 816
128 818
128 842
128 846
128 847
128 852
128 853
128 872
128 876
128 879
128 889
128 890
128 891
128 894
128 906
128 910
128 921
128 922
128 928
128 939
128 942
128 944
128 946
128 956
128 957
128 969
128 971
18 151
27 151
47 151
48 151
58 151
69 151
82 151
91 151
94 151
151 186
151 311
151 384
151 385
151 420
151 436
151 448
151 457
151 495
151 502
151 522
151 596
151 638
151 639
151 679
151 698
151 702
151 707
151 718
151 721
151 725
151 727
151 733
151 735
151 739
151 741
151 745
151 809
151 815
151 828
151 840
151 841
151 842
151 869
151 872
151 889
151 899
151 905
151 927
151 932
151 935
151 938
20 156
27 156
47 156
49 156
58 156
69 156
72 156
73 156
75 156
91 156
99 156
156 186
156 188
156 234
156 250
156 293
156 295
156 311
156 334
156 367
156 379
156 385
156 390
156 421
156 427
156 502
156 522
156 555
156 557
156 616
156 623
156 637
156 663
156 675
156 698
156 702
156 713
156 715
156 717
156 718
156 720
156 721
156 727
156 741
156 743
156 747
156 749
156 750
156 755
156 783
156 810
156 812
156 814
156 816
156 828
156 841
156 842
156 844
156 851
156 869
156 872
156 875
156 887
156 888
156 889
156 890
156 894
156 914
156 915
156 927
156 928
156 935
156 939
156 941
156 946
156 951
156 954
156 959
156 967
156 969
156 971
156 975
14 224
20 224
41 224
57 224
72 224
73 224
75 224
95 224
167 224
173 224
186 224
187 224
188 224
191 224
224 248
224 250
224 292
224 309
224 311
224 312
224 338
224 344
224 397
224 402
224 421
224 448
224 457
224 518
224 525
224 555
224 560
224 575
224 582
224 644
224 655
224 656
224 661
224 662
224 666
224 669
224 672
224 691
224 721
224 738
224 741
224 745
224 747
224 749
224 777
224 815
224 818
224 842
224 844
224 846
224 856
224 871
224 879
224 882
224 886
224 887
224 888
224 890
224 891
224 893
224 912
224 913
224 916
224 917
224 921
224 929
224 946
224 948
224 949
224 954
224 956
224 969
224 971
27 225
56 225
179 225
186 225
191 225
225 293
225 296
225 310
225 311
225 317
225 334
225 380
225 383
225 438
225 457
225 494
225 495
225 575
225 596
225 619
225 659
225 675
225 679
225 688
225 707
225 713
225 718
225 720
225 722
225 741
225 747
225 794
225 801
225 809
225 813
225 816
225 828
225 840
225 847
225 851
225 854
225 856
225 866
225 867
225 869
225 870
225 876
225 879
225 880
225 918
225 935
225 962
225 965
229 231
231 281
231 309
231 385
231 401
231 428
231 436
231 457
231 481
231 494
231 512
231 516
231 718
231 719
231 721
231 731
231 739
231 741
231 889
231 900
231 905
231 938
231 939
232 238
238 281
238 432
238 644
238 662
238 718
238 719
238 720
238 741
238 781
238 813
238 816
238 845
238 846
238 847
238 870
238 875
238 878
238 879
238 880
47 257
96 257
100 257
250 257
257 281
257 377
257 385
257 480
257 518
257 666
257 698
257 718
257 719
257 720
257 741
257 745
257 840
257 841
257 842
257 847
257 869
257 872
257 929
257 938
257 939
17 260
250 260
260 377
260 427
260 463
260 467
260 488
260 489
260 623
260 768
260 783
260 788
260 789
260 840
260 841
260 842
260 844
260 847
260 853
260 888
260 890
260 891
260 893
260 894
260 928
260 929
260 944
260 946
260 966
58 261
178 261
250 261
261 295
261 311
261 366
261 387
261 427
261 470
261 475
261 480
261 481
261 514
261 536
261 538
261 623
261 645
261 663
261 768
261 801
261 810
261 812
261 823
261 824
261 828
261 841
261 842
261 848
261 857
261 869
261 872
261 877
261 887
261 888
261 889
261 906
261 907
261 910
261 914
261 927
261 942
261 944
261 967
58 262
62 262
82 262
93 262
178 262
250 262
262 373
262 427
262 438
262 457
262 473
262 478
262 488
262 511
262 514
262 530
262 536
262 623
262 645
262 809
262 810
262 812
262 813
262 815
262 823
262 840
262 844
262 851
262 852
262 857
262 867
262 887
262 888
262 894
262 915
262 919
262 927
262 929
262 942
262 944
262 946
262 968
20 268
40 268
165 268
178 268
191 268
250 268
268 334
268 366
268 384
268 390
268 436
268 461
268 481
268 494
268 602
268 616
268 638
268 641
268 645
268 662
268 696
268 698
268 713
268 715
268 716
268 718
268 731
268 741
268 747
268 778
268 788
268 801
268 821
268 827
268 838
268 840
268 841
268 845
268 846
268 876
268 879
268 889
268 900
268 905
268 927
268 944
268 966
14 271
20 271
26 271
58 271
68 271
72 271
73 271
102 271
166 271
173 271
178 271
187 271
188 271
191 271
250 271
251 271
271 292
271 334
271 360
271 366
271 367
271 380
271 390
271 397
271 401
271 402
271 413
271 421
271 427
271 461
271 481
271 518
271 542
271 575
271 582
271 602
271 622
271 640
271 644
271 656
271 662
271 686
271 698
271 718
271 727
271 741
271 748
271 750
271 781
271 788
271 801
271 805
271 816
271 818
271 837
271 840
271 841
271 844
271 845
271 846
271 851
271 861
271 871
271 873
271 876
271 879
271 882
271 890
271 893
271 912
271 917
271 920
271 927
271 928
271 929
271 944
271 955
271 956
271 966
271 969
20 273
48 273
75 273
165 273
188 273
191 273
250 273
273 311
273 334
273 436
273 438
273 460
273 518
273 542
273 582
273 641
273 645
273 655
273 662
273 666
273 696
273 713
273 716
273 725
273 727
273 731
273 738
273 739
273 741
273 744
273 745
273 815
273 842
273 846
273 879
273 901
273 913
273 919
273 929
273 931
273 936
273 944
273 949
273 955
14 277
17 277
18 277
20 277
27 277
49 277
70 277
72 277
73 277
75 277
82 277
86 277
104 277
167 277
168 277
173 277
179 277
188 277
191 277
242 277
248 277
250 277
277 295
277 305
277 306
277 313
277 317
277 337
277 344
277 367
277 380
277 390
277 397
277 413
277 414
277 421
277 427
277 457
277 525
277 570
277 575
277 619
277 623
277 637
277 673
277 688
277 755
277 785
277 794
277 810
277 812
277 813
277 814
277 815
277 828
277 839
277 842
277 844
277 846
277 847
277 849
277 850
277 854
277 856
277 866
277 867
277 869
277 871
277 873
277 876
277 879
277 880
277 886
277 887
277 888
277 890
277 920
277 921
277 927
277 932
277 935
277 938
277 946
277 956
277 959
277 965
277 969
277 971
251 280
278 280
280 281
280 296
280 304
280 311
280 313
280 334
280 367
280 385
280 402
280 420
280 421
280 427
280 432
280 447
280 481
280 518
280 522
280 523
280 528
280 719
280 728
280 729
280 738
280 741
280 747
280 750
280 816
280 879
280 880
280 887
280 938
280 939
68 307
82 307
304 307
307 432
307 481
307 489
307 528
307 644
307 662
307 667
307 720
307 727
307 728
307 741
307 813
307 816
307 846
307 868
307 878
307 880
307 886
307 887
307 890
307 891
307 892
55 308
293 308
304 308
308 311
308 312
308 313
308 385
308 457
308 488
308 518
308 666
308 719
308 727
308 729
308 749
308 750
308 840
308 841
308 888
308 891
308 894
308 940
308 941
187 318
188 318
309 318
318 481
318 489
318 644
318 662
318 665
318 667
318 721
318 741
318 749
318 842
318 846
318 887
318 890
318 891
318 911
318 914
318 916
318 917
187 349
188 349
292 349
337 349
343 349
349 426
349 447
349 448
349 502
349 506
349 507
349 557
349 665
349 667
349 741
349 747
349 748
349 788
349 882
349 886
349 909
349 920
349 921
293 370
311 370
365 370
370 376
370 454
370 455
370 457
370 487
370 488
370 498
370 512
370 514
370 518
370 521
370 531
370 541
370 546
370 576
370 887
370 889
370 894
370 907
370 919
370 942
370 944
370 946
370 950
75 406
92 406
178 406
188 406
311 406
334 406
401 406
406 419
406 438
406 457
406 473
406 494
406 505
406 512
406 516
406 536
406 537
406 539
406 550
406 551
406 623
406 626
406 645
406 718
406 721
406 727
406 741
406 747
406 813
406 847
406 877
406 889
406 894
406 938
406 939
406 944
406 952
75 422
101 422
167 422
168 422
173 422
188 422
311 422
313 422
337 422
344 422
367 422
380 422
402 422
420 422
421 422
422 427
422 457
422 484
422 489
422 506
422 518
422 523
422 545
422 555
422 559
422 623
422 780
422 781
422 813
422 816
422 842
422 847
422 850
422 877
422 879
422 880
422 887
422 890
422 891
422 893
422 912
422 917
422 920
422 938
422 939
422 946
422 952
422 956
422 959
422 969
311 465
366 465
461 465
463 465
465 480
465 538
465 580
465 623
465 768
465 781
465 782
465 786
465 788
465 810
465 813
465 824
465 840
465 841
465 846
465 847
465 869
465 872
465 877
465 879
465 927
465 965
465 966
58 472
82 472
93 472
293 472
295 472
360 472
373 472
377 472
411 472
427 472
457 472
470 472
472 480
472 481
472 512
472 513
472 530
472 575
472 596
472 646
472 647
472 805
472 813
472 815
472 823
472 824
472 828
472 840
472 841
472 842
472 848
472 850
472 852
472 854
472 861
472 866
472 869
472 872
472 882
472 887
472 889
472 906
472 929
472 932
472 935
472 938
472 939
472 942
41 474
57 474
92 474
293 474
310 474
311 474
312 474
377 474
387 474
411 474
438 474
457 474
473 474
474 488
474 510
474 512
474 513
474 575
474 596
474 663
474 768
474 801
474 809
474 813
474 816
474 823
474 840
474 844
474 850
474 851
474 856
474 857
474 867
474 869
474 870
474 882
474 888
474 894
474 907
474 918
474 935
474 939
82 651
177 651
187 651
188 651
305 651
644 651
651 662
651 665
651 721
651 741
651 745
651 746
651 842
651 846
651 847
651 879
651 913
25 29
29 82
29 93
29 94
29 480
29 481
29 627
29 635
29 658
29 681
29 711
29 725
29 731
29 733
29 809
29 813
29 824
29 828
29 840
29 842
29 867
29 869
29 900
29 906
29 910
27 143
61 143
91 143
143 235
143 293
143 311
143 316
143 317
143 361
143 383
143 457
143 567
143 596
143 617
143 618
143 619
143 639
143 641
143 643
143 644
143 653
143 658
143 663
143 690
143 695
143 707
143 712
143 719
143 726
143 733
143 737
143 755
143 768
143 771
143 777
143 786
143 810
143 815
143 820
143 821
143 823
143 834
143 836
143 840
143 841
143 851
143 856
143 857
143 865
143 869
143 872
143 877
143 888
143 898
143 900
143 907
143 918
143 924
143 927
18 150
27 150
58 150
69 150
91 150
94 150
96 150
150 189
150 233
150 250
150 309
150 311
150 332
150 373
150 411
150 427
150 448
150 457
150 481
150 518
150 522
150 569
150 581
150 595
150 596
150 617
150 624
150 627
150 630
150 631
150 633
150 635
150 636
150 639
150 646
150 647
150 648
150 653
150 654
150 681
150 687
150 699
150 701
150 707
150 719
150 724
150 725
150 731
150 733
150 735
150 742
150 805
150 809
150 815
150 823
150 828
150 841
150 848
150 853
150 858
150 867
150 872
150 889
150 897
150 899
150 900
150 907
150 910
150 918
150 935
150 939
33 163
63 163
65 163
66 163
163 164
163 165
163 166
163 167
163 168
163 169
163 170
163 171
57 205
186 205
190 205
205 229
205 232
205 244
205 250
205 301
205 309
205 427
205 510
205 513
205 627
205 638
205 708
205 710
205 719
205 725
205 810
205 812
205 815
205 850
205 852
205 869
205 898
205 918
205 927
205 929
205 935
186 221
190 221
195 221
221 250
221 286
221 309
221 346
221 411
221 427
221 495
221 569
221 581
221 595
221 621
221 635
221 636
221 653
221 680
221 682
221 690
221 701
221 707
221 708
221 710
221 720
221 724
221 725
221 727
221 794
221 799
221 810
221 813
221 815
221 848
221 861
221 866
221 869
221 897
221 898
221 903
221 906
221 918
221 929
221 930
221 935
250 254
254 627
254 638
254 653
254 658
254 690
254 698
254 701
254 707
254 710
254 711
254 725
254 809
254 898
235 265
250 265
265 579
265 618
265 627
265 635
265 636
265 638
265 653
265 658
265 690
265 695
265 698
265 704
265 707
265 753
265 754
265 763
265 768
265 769
265 798
265 799
265 801
265 803
265 804
265 809
265 812
265 835
265 859
265 866
265 869
265 898
265 906
265 974
27 328
41 328
49 328
55 328
69 328
76 328
95 328
164 328
178 328
190 328
193 328
293 328
295 328
309 328
312 328
314 328
316 328
328 361
328 386
328 390
328 401
328 421
328 457
328 522
328 525
328 528
328 574
328 582
328 635
328 636
328 637
328 638
328 641
328 644
328 653
328 661
328 672
328 690
328 696
328 706
328 710
328 716
328 717
328 719
328 728
328 731
328 733
328 734
328 738
328 740
328 743
328 755
328 777
328 778
328 814
328 816
328 828
328 840
328 842
328 846
328 852
328 853
328 871
328 888
328 890
328 891
328 892
328 904
328 909
328 910
328 918
328 921
328 939
328 971
328 972
18 578
27 578
56 578
69 578
94 578
100 578
191 578
251 578
287 578
294 578
295 578
311 578
316 578
317 578
383 578
569 578
574 578
578 595
578 618
578 619
578 621
578 635
578 638
578 639
578 657
578 658
578 695
578 698
578 700
578 704
578 707
578 709
578 710
578 713
578 716
578 731
578 737
578 738
578 744
578 755
578 768
578 776
578 794
578 801
578 805
578 809
578 813
578 815
578 818
578 824
578 826
578 828
578 830
578 835
578 838
578 839
578 840
578 841
578 842
578 869
578 872
578 874
578 876
578 879
578 906
578 910
578 924
578 927
578 932
578 935
578 936
578 938
578 965
18 269
19 269
20 269
27 269
42 269
62 269
95 269
99 269
177 269
191 269
196 269
235 269
250 269
269 287
269 295
269 306
269 361
269 383
269 390
269 397
269 398
269 413
269 420
269 569
269 579
269 580
269 582
269 583
269 592
269 602
269 617
269 619
269 628
269 631
269 644
269 650
269 653
269 656
269 657
269 661
269 664
269 665
269 679
269 687
269 688
269 695
269 696
269 698
269 702
269 711
269 713
269 717
269 738
269 744
269 746
269 755
269 777
269 799
269 804
269 805
269 809
269 810
269 814
269 815
269 826
269 828
269 831
269 837
269 843
269 844
269 865
269 866
269 871
269 872
269 912
269 927
269 931
269 939
269 948
269 949
269 964
269 969
269 974
15 468
382 468
467 468
468 484
468 580
468 623
468 772
468 785
468 809
468 810
468 815
468 828
468 844
468 867
468 871
468 876
468 927
468 963
15 627
16 627
18 627
19 627
21 627
22 627
23 627
26 627
27 627
28 627
33 627
34 627
35 627
36 627
63 627
65 627
66 627
110 627
112 627
133 627
141 627
142 627
144 627
166 627
167 627
169 627
170 627
173 627
174 627
175 627
199 627
201 627
215 627
216 627
218 627
222 627
230 627
270 627
409 627
544 627
569 627
570 627
572 627
607 627
610 627
617 627
619 627
620 627
627 628
627 629
16 759
18 759
20 759
27 759
41 759
42 759
62 759
63 759
70 759
72 759
73 759
83 759
86 759
101 759
105 759
161 759
191 759
196 759
235 759
236 759
242 759
248 759
287 759
294 759
306 759
313 759
317 759
338 759
347 759
353 759
361 759
367 759
377 759
382 759
383 759
390 759
397 759
398 759
399 759
421 759
569 759
570 759
571 759
577 759
581 759
582 759
583 759
607 759
617 759
619 759
623 759
624 759
628 759
633 759
637 759
642 759
648 759
650 759
657 759
669 759
672 759
673 759
675 759
688 759
755 759
759 771
759 772
759 794
759 799
759 801
759 809
759 810
759 815
759 816
759 828
759 830
759 844
759 858
759 859
759 865
759 867
759 871
759 877
759 891
759 892
759 912
759 927
759 935
759 939
759 949
759 956
759 964
759 969
759 974
14 800
15 800
20 800
26 800
93 800
166 800
196 800
197 800
287 800
305 800
306 800
380 800
383 800
397 800
412 800
427 800
438 800
569 800
570 800
575 800
583 800
603 800
645 800
675 800
688 800
799 800
800 801
800 809
800 810
800 823
800 839
800 840
800 846
800 848
800 852
800 854
800 860
800 861
800 871
800 873
800 874
800 876
800 919
800 942
800 944
800 962
60 61
60 62
60 63
60 64
60 65
60 66
14 142
26 142
27 142
91 142
93 142
142 178
142 186
142 196
142 252
142 287
142 293
142 306
142 382
142 390
142 457
142 481
142 567
142 579
142 592
142 596
142 602
142 619
142 635
142 638
142 639
142 644
142 656
142 679
142 690
142 695
142 696
142 706
142 711
142 713
142 726
142 738
142 755
142 772
142 778
142 785
142 809
142 812
142 816
142 820
142 821
142 823
142 827
142 828
142 833
142 837
142 838
142 839
142 846
142 851
142 852
142 863
142 867
142 871
142 876
142 889
142 902
142 904
142 906
142 925
142 927
142 942
142 974
18 145
27 145
42 145
91 145
97 145
105 145
145 181
145 196
145 197
145 235
145 236
145 250
145 287
145 295
145 306
145 353
145 361
145 377
145 383
145 390
145 398
145 434
145 569
145 579
145 581
145 603
145 619
145 624
145 628
145 631
145 636
145 639
145 647
145 648
145 653
145 657
145 687
145 690
145 695
145 696
145 697
145 699
145 704
145 706
145 714
145 737
145 744
145 755
145 799
145 809
145 816
145 825
145 826
145 827
145 828
145 832
145 833
145 836
145 841
145 864
145 865
145 866
145 872
145 931
145 932
145 935
145 939
145 964
145 974
18 146
27 146
42 146
56 146
70 146
91 146
105 146
146 191
146 197
146 235
146 251
146 287
146 294
146 314
146 317
146 377
146 390
146 399
146 403
146 421
146 569
146 579
146 602
146 603
146 606
146 628
146 632
146 637
146 640
146 644
146 647
146 656
146 660
146 690
146 698
146 707
146 714
146 728
146 748
146 772
146 801
146 805
146 828
146 829
146 832
146 834
146 837
146 844
146 868
146 871
146 873
146 877
146 924
146 928
146 933
146 939
18 147
39 147
58 147
69 147
91 147
94 147
97 147
105 147
147 293
147 309
147 315
147 361
147 387
147 411
147 427
147 437
147 481
147 569
147 579
147 581
147 619
147 630
147 631
147 643
147 648
147 658
147 660
147 663
147 687
147 690
147 699
147 704
147 709
147 710
147 711
147 712
147 714
147 724
147 726
147 730
147 733
147 744
147 766
147 784
147 801
147 805
147 809
147 810
147 828
147 835
147 836
147 848
147 851
147 857
147 863
147 865
147 867
147 877
147 889
147 897
147 898
147 910
147 918
147 931
147 935
147 938
147 939
14 148
27 148
61 148
69 148
91 148
97 148
148 252
148 287
148 293
148 295
148 309
148 314
148 345
148 379
148 382
148 390
148 421
148 427
148 574
148 579
148 581
148 618
148 635
148 636
148 637
148 640
148 641
148 644
148 690
148 695
148 696
148 700
148 706
148 710
148 713
148 714
148 725
148 726
148 731
148 733
148 737
148 748
148 755
148 768
148 783
148 805
148 814
148 816
148 828
148 835
148 837
148 840
148 842
148 846
148 853
148 871
148 875
148 877
148 879
148 888
148 904
148 906
148 908
148 909
148 912
148 927
148 929
148 933
148 936
148 937
148 939
148 971
18 152
20 152
27 152
58 152
91 152
95 152
96 152
99 152
152 164
152 177
152 250
152 361
152 387
152 438
152 448
152 457
152 460
152 494
152 518
152 522
152 542
152 550
152 576
152 582
152 583
152 596
152 630
152 631
152 638
152 641
152 644
152 645
152 653
152 661
152 663
152 664
152 687
152 698
152 700
152 701
152 717
152 730
152 731
152 733
152 735
152 740
152 743
152 746
152 784
152 809
152 844
152 855
152 857
152 865
152 872
152 889
152 899
152 901
152 919
152 939
152 943
152 944
152 946
152 969
27 153
42 153
70 153
73 153
91 153
95 153
153 233
153 317
153 361
153 391
153 421
153 518
153 555
153 557
153 582
153 595
153 606
153 617
153 639
153 640
153 644
153 647
153 649
153 653
153 655
153 656
153 674
153 715
153 733
153 743
153 786
153 841
153 872
153 877
153 891
153 911
153 921
153 947
153 953
153 969
153 975
20 155
75 155
91 155
99 155
155 173
155 193
155 251
155 295
155 311
155 367
155 379
155 397
155 427
155 448
155 481
155 560
155 637
155 675
155 681
155 695
155 700
155 709
155 711
155 716
155 717
155 725
155 733
155 740
155 748
155 810
155 814
155 842
155 846
155 850
155 871
155 890
155 914
155 928
155 936
155 939
155 948
155 956
155 967
155 975
14 159
18 159
20 159
26 159
27 159
49 159
58 159
69 159
70 159
72 159
73 159
75 159
84 159
91 159
92 159
101 159
102 159
103 159
159 161
159 178
159 188
159 191
159 196
159 287
159 293
159 294
159 311
159 317
159 361
159 366
159 367
159 379
159 380
159 382
159 387
159 390
159 399
159 402
159 421
159 427
159 461
159 481
159 569
159 570
159 575
159 576
159 582
159 606
159 623
159 637
159 640
159 646
159 647
159 649
159 650
159 657
159 663
159 675
159 755
159 768
159 772
159 782
159 794
159 796
159 799
159 801
159 805
159 810
159 813
159 814
159 816
159 818
159 824
159 828
159 829
159 830
159 840
159 841
159 842
159 844
159 846
159 848
159 851
159 852
159 853
159 857
159 858
159 861
159 869
159 871
159 872
159 876
159 877
159 879
159 883
159 885
159 886
159 887
159 889
159 890
159 893
159 894
159 906
159 910
159 912
159 924
159 925
159 927
159 928
159 935
159 939
159 944
159 946
159 956
159 957
159 959
159 964
159 965
159 966
159 967
159 969
159 971
159 974
159 975
26 222
27 222
41 222
95 222
97 222
186 222
196 222
222 293
222 309
222 315
222 361
222 411
222 420
222 438
222 449
222 457
222 518
222 522
222 581
222 582
222 592
222 595
222 596
222 619
222 630
222 635
222 644
222 653
222 655
222 656
222 659
222 690
222 692
222 703
222 706
222 710
222 712
222 716
222 730
222 731
222 733
222 735
222 743
222 816
222 823
222 828
222 846
222 851
222 866
222 867
222 871
222 876
222 885
222 897
222 901
222 902
222 904
222 907
222 912
222 918
222 919
222 930
222 931
222 942
222 972
18 270
20 270
26 270
39 270
58 270
94 270
99 270
191 270
196 270
250 270
270 361
270 427
270 448
270 449
270 460
270 481
270 502
270 542
270 569
270 618
270 630
270 645
270 649
270 681
270 698
270 700
270 701
270 702
270 705
270 712
270 713
270 715
270 716
270 724
270 730
270 743
270 744
270 799
270 810
270 823
270 836
270 838
270 841
270 846
270 848
270 861
270 864
270 871
270 872
270 876
270 885
270 889
270 899
270 900
270 907
270 927
270 942
270 944
270 966
270 967
18 274
27 274
41 274
42 274
55 274
56 274
70 274
72 274
76 274
97 274
99 274
105 274
179 274
189 274
190 274
191 274
192 274
235 274
250 274
251 274
274 287
274 313
274 314
274 317
274 361
274 367
274 377
274 383
274 386
274 388
274 390
274 421
274 481
274 518
274 525
274 528
274 569
274 581
274 582
274 595
274 604
274 619
274 624
274 628
274 637
274 642
274 647
274 648
274 654
274 657
274 672
274 675
274 679
274 683
274 690
274 695
274 696
274 698
274 699
274 700
274 702
274 704
274 706
274 707
274 712
274 713
274 717
274 719
274 728
274 738
274 743
274 755
274 771
274 801
274 810
274 816
274 828
274 841
274 844
274 858
274 865
274 867
274 871
274 875
274 927
274 935
274 939
274 940
274 964
16 527
41 527
63 527
97 527
98 527
181 527
287 527
295 527
314 527
383 527
397 527
525 527
527 569
527 581
527 597
527 637
527 642
527 648
527 672
527 675
527 690
527 695
527 699
527 700
527 704
527 733
527 734
527 742
527 934
527 939
527 940
18 556
20 556
55 556
62 556
63 556
73 556
83 556
85 556
98 556
99 556
192 556
242 556
313 556
361 556
367 556
377 556
390 556
555 556
556 595
556 617
556 619
556 637
556 642
556 648
556 650
556 669
556 673
556 675
556 683
556 696
556 698
556 700
556 701
556 702
556 712
556 713
556 733
556 738
556 742
556 743
556 746
556 809
556 816
556 828
556 865
556 875
556 877
556 891
556 939
556 948
556 953
556 956
556 969
18 590
20 590
42 590
94 590
98 590
181 590
233 590
235 590
287 590
295 590
361 590
374 590
390 590
391 590
569 590
579 590
580 590
590 605
590 617
590 633
590 636
590 649
590 653
590 657
590 696
590 700
590 711
590 712
590 733
590 744
590 778
590 810
590 826
590 827
590 828
590 836
590 841
590 858
590 872
590 910
590 927
590 947
590 964
590 967
590 974
16 591
18 591
20 591
27 591
62 591
63 591
72 591
73 591
83 591
95 591
105 591
191 591
192 591
287 591
338 591
361 591
377 591
390 591
391 591
397 591
569 591
579 591
581 591
582 591
591 602
591 616
591 617
591 628
591 633
591 636
591 637
591 639
591 640
591 644
591 649
591 650
591 653
591 655
591 665
591 695
591 696
591 713
591 717
591 737
591 744
591 748
591 755
591 778
591 801
591 805
591 810
591 816
591 828
591 829
591 836
591 837
591 841
591 843
591 844
591 868
591 871
591 872
591 884
591 891
591 909
591 910
591 911
591 921
591 928
591 939
591 948
591 956
591 957
591 967
591 969
591 975
16 615
18 615
27 615
41 615
55 615
63 615
72 615
76 615
105 615
235 615
287 615
313 615
317 615
361 615
377 615
386 615
397 615
398 615
414 615
602 615
604 615
615 619
615 637
615 642
615 644
615 661
615 672
615 690
615 698
615 707
615 728
615 755
615 814
615 816
615 833
615 834
615 841
615 843
615 844
615 862
615 868
615 891
615 932
615 934
615 935
615 940
615 974
27 652
41 652
42 652
96 652
189 652
196 652
235 652
236 652
310 652
317 652
347 652
353 652
361 652
377 652
383 652
388 652
399 652
417 652
577 652
581 652
582 652
617 652
619 652
633 652
642 652
644 652
652 655
652 688
652 690
652 692
652 703
652 707
652 719
652 746
652 794
652 809
652 816
652 825
652 828
652 831
652 834
652 844
652 858
652 884
652 930
652 935
652 939
652 964
20 752
27 752
66 752
215 752
573 752
617 752
628 752
642 752
16 758
18 758
20 758
27 758
42 758
62 758
63 758
72 758
73 758
104 758
105 758
181 758
196 758
197 758
235 758
236 758
287 758
295 758
361 758
374 758
390 758
391 758
397 758
403 758
413 758
434 758
569 758
570 758
581 758
582 758
603 758
606 758
607 758
628 758
637 758
640 758
649 758
650 758
657 758
675 758
683 758
697 758
755 758
758 810
758 816
758 828
758 841
758 844
758 858
758 908
758 924
758 927
758 928
758 964
758 967
758 974
758 975
16 760
17 760
18 760
20 760
26 760
27 760
41 760
49 760
58 760
62 760
71 760
72 760
73 760
83 760
84 760
86 760
100 760
101 760
166 760
167 760
168 760
178 760
188 760
191 760
196 760
234 760
287 760
293 760
295 760
311 760
313 760
337 760
361 760
373 760
377 760
380 760
383 760
390 760
397 760
402 760
413 760
421 760
438 760
457 760
568 760
569 760
571 760
576 760
581 760
582 760
583 760
619 760
637 760
650 760
663 760
669 760
672 760
673 760
675 760
683 760
755 760
760 768
760 776
760 777
760 794
760 796
760 799
760 801
760 809
760 813
760 815
760 828
760 839
760 840
760 844
760 846
760 848
760 851
760 852
760 853
760 857
760 861
760 865
760 866
760 869
760 871
760 874
760 876
760 877
760 879
760 888
760 890
760 891
760 893
760 894
760 906
760 915
760 917
760 919
760 921
760 927
760 929
760 932
760 935
760 938
760 939
760 942
760 944
760 956
760 959
760 960
760 968
760 969
760 971
760 972
19 767
20 767
27 767
85 767
103 767
105 767
178 767
234 767
235 767
293 767
311 767
361 767
380 767
390 767
427 767
438 767
457 767
569 767
570 767
580 767
583 767
596 767
617 767
619 767
623 767
624 767
645 767
646 767
650 767
663 767
664 767
675 767
688 767
766 767
767 768
767 799
767 801
767 804
767 805
767 809
767 810
767 812
767 814
767 815
767 823
767 828
767 848
767 851
767 853
767 855
767 857
767 858
767 859
767 865
767 866
767 867
767 869
767 872
767 875
767 877
767 888
767 889
767 906
767 907
767 938
767 944
767 946
767 950
767 952
767 962
767 964
767 968
767 974
18 768
19 768
21 768
22 768
27 768
28 768
63 768
141 768
169 768
174 768
319 768
464 768
466 768
471 768
490 768
535 768
571 768
756 768
73 795
83 795
84 795
101 795
161 795
167 795
173 795
180 795
191 795
242 795
310 795
311 795
338 795
344 795
373 795
383 795
387 795
397 795
411 795
457 795
571 795
582 795
619 795
629 795
673 795
675 795
691 795
692 795
794 795
795 801
795 813
795 844
795 846
795 850
795 867
795 870
795 871
795 879
795 885
795 894
795 912
795 917
795 922
795 956
795 959
795 960
42 973
73 973
235 973
236 973
353 973
383 973
417 973
433 973
571 973
582 973
607 973
619 973
629 973
673 973
674 973
692 973
286 381
289 381
360 381
361 381
381 382
381 383
21 823
22 823
24 823
171 823
200 823
218 823
392 823
394 823
395 823
405 823
408 823
409 823
471 823
535 823
544 823
571 823
572 823
573 823
756 823
28 824
185 824
263 824
464 824
466 824
490 824
535 824
571 824
22 172
66 172
121 172
122 172
164 172
171 172
172 173
172 174
172 175
89 285
123 285
187 285
285 286
285 287
285 288
285 289
285 290
43 291
47 291
50 291
51 291
55 291
56 291
59 291
89 291
123 291
130 291
187 291
192 291
194 291
206 291
264 291
286 291
291 292
291 293
291 294
291 295
291 296
291 297
291 298
291 299
291 300
50 487
55 487
204 487
293 487
298 487
299 487
17 643
20 643
22 643
24 643
31 643
33 643
66 643
122 643
133 643
168 643
171 643
198 643
215 643
218 643
404 643
408 643
496 643
497 643
573 643
598 643
607 643
610 643
642 643
22 710
28 710
30 710
79 710
85 710
88 710
90 710
110 710
117 710
121 710
122 710
124 710
149 710
169 710
175 710
185 710
196 710
198 710
209 710
217 710
218 710
248 710
249 710
255 710
287 710
289 710
302 710
319 710
326 710
350 710
397 710
398 710
400 710
415 710
417 710
425 710
452 710
526 710
544 710
561 710
570 710
586 710
597 710
598 710
599 710
601 710
697 710
22 813
23 813
24 813
28 813
30 813
79 813
85 813
86 813
109 813
113 813
121 813
126 813
154 813
169 813
170 813
171 813
185 813
202 813
217 813
246 813
263 813
284 813
298 813
299 813
327 813
350 813
464 813
466 813
471 813
483 813
490 813
503 813
524 813
601 813
614 813
625 813
756 813
23 840
28 840
121 840
122 840
126 840
129 840
132 840
140 840
141 840
144 840
149 840
154 840
171 840
175 840
201 840
203 840
218 840
226 840
230 840
298 840
299 840
327 840
393 840
405 840
408 840
409 840
450 840
464 840
466 840
503 840
515 840
573 840
601 840
620 840
21 852
22 852
23 852
33 852
34 852
65 852
66 852
149 852
170 852
200 852
215 852
216 852
218 852
298 852
299 852
405 852
408 852
409 852
471 852
503 852
515 852
756 852
21 853
22 853
23 853
24 853
123 853
124 853
141 853
200 853
201 853
263 853
298 853
299 853
302 853
320 853
371 853
466 853
471 853
490 853
503 853
524 853
756 853
28 863
34 863
110 863
112 863
121 863
122 863
132 863
133 863
141 863
408 863
483 863
598 863
91 93
93 175
93 241
93 572
93 620
56 492
57 492
293 492
298 492
299 492
385 492
23 730
24 730
157 730
200 730
201 730
207 730
209 730
220 730
249 730
258 730
275 730
341 730
355 730
357 730
383 730
390 730
392 730
395 730
397 730
403 730
404 730
441 730
445 730
534 730
571 730
598 730
629 730
24 896
35 896
171 896
201 896
218 896
220 896
392 896
404 896
409 896
445 896
496 896
572 896
573 896
610 896
33 229
66 229
122 229
165 229
168 229
201 229
229 230
288 358
290 358
358 359
358 360
358 361
358 362
358 363
358 364
44 365
47 365
51 365
52 365
55 365
57 365
194 365
204 365
210 365
288 365
290 365
293 365
295 365
298 365
299 365
300 365
315 365
334 365
359 365
360 365
365 366
365 367
365 368
365 369
365 371
21 731
31 731
33 731
34 731
110 731
112 731
124 731
149 731
158 731
185 731
208 731
209 731
223 731
230 731
272 731
276 731
302 731
303 731
320 731
321 731
329 731
356 731
357 731
361 731
363 731
391 731
393 731
398 731
399 731
403 731
404 731
409 731
412 731
413 731
425 731
429 731
430 731
442 731
443 731
446 731
464 731
496 731
497 731
607 731
21 842
31 842
33 842
34 842
35 842
36 842
109 842
113 842
124 842
129 842
154 842
185 842
200 842
201 842
203 842
219 842
226 842
263 842
282 842
298 842
299 842
302 842
330 842
348 842
393 842
405 842
407 842
440 842
450 842
464 842
466 842
471 842
490 842
614 842
756 842
36 900
122 900
133 900
393 900
404 900
497 900
573 900
620 900
24 907
31 907
35 907
36 907
122 907
126 907
133 907
144 907
171 907
201 907
218 907
230 907
298 907
299 907
409 907
544 907
573 907
610 907
13 25
22 25
24 25
25 26
25 27
25 28
25 30
25 31
52 493
56 493
192 493
206 493
298 493
169 850
170 850
174 850
298 850
319 850
405 850
466 850
756 850
30 898
31 898
174 898
198 898
199 898
215 898
216 898
217 898
24 906
30 906
126 906
154 906
170 906
174 906
202 906
215 906
217 906
218 906
246 906
298 906
319 906
326 906
327 906
490 906
14 32
17 32
20 32
31 32
32 33
32 34
32 35
32 36
31 178
35 178
36 178
133 178
149 178
175 178
176 178
178 200
178 226
178 232
178 250
178 272
178 278
178 299
178 321
178 322
178 329
178 407
178 409
178 466
178 490
178 610
52 498
57 498
299 498
334 498
375 498
31 857
33 857
34 857
35 857
36 857
50 857
51 857
52 857
126 857
171 857
249 857
264 857
276 857
288 857
299 857
300 857
357 857
471 857
561 857
31 902
133 902
144 902
175 902
230 902
440 902
444 902
496 902
497 902
544 902
610 902
13 284
13 326
13 327
13 451
13 500
14 31
14 126
14 216
14 284
14 319
14 326
14 327
14 348
14 451
14 466
15 126
15 136
15 614
15 630
15 631
16 469
16 638
16 639
17 149
17 219
17 228
17 515
17 641
17 644
18 140
18 149
18 154
18 226
18 483
18 544
18 561
18 567
18 574
18 630
18 631
18 677
18 751
18 766
19 409
19 574
19 618
19 638
19 639
19 754
19 755
19 770
19 776
20 144
20 149
20 219
20 226
20 544
20 614
20 641
20 644
20 761
20 773
20 783
20 784
21 186
21 567
21 574
21 638
21 639
21 641
21 696
21 755
21 783
21 812
21 821
21 827
21 851
22 396
22 470
22 618
22 635
22 636
22 695
22 734
22 772
22 776
22 801
22 820
22 828
22 830
22 848
22 854
23 39
23 186
23 618
23 630
23 681
23 724
23 794
23 796
23 829
23 851
23 864
23 883
24 94
24 470
24 595
24 635
24 636
24 681
24 724
24 733
24 828
24 830
24 848
24 883
24 897
24 908
283 284
284 622
284 720
284 722
284 723
284 782
284 816
284 818
284 862
284 881
284 882
194 326
195 326
309 326
317 326
326 359
326 427
326 595
326 622
326 635
326 640
326 656
326 685
326 696
326 708
326 715
326 716
326 723
326 729
326 772
326 806
326 816
326 817
326 818
326 861
326 873
326 903
326 904
326 923
326 934
26 327
41 327
58 327
68 327
72 327
100 327
190 327
194 327
293 327
296 327
309 327
311 327
313 327
314 327
317 327
327 377
327 380
327 382
327 385
327 390
327 399
327 402
327 421
327 427
327 457
327 495
327 575
327 582
327 602
327 619
327 622
327 637
327 662
327 672
327 719
327 720
327 722
327 728
327 729
327 750
327 771
327 772
327 780
327 781
327 801
327 810
327 818
327 830
327 834
327 839
327 841
327 844
327 845
327 846
327 848
327 854
327 867
327 869
327 871
327 876
327 878
327 879
327 880
327 885
327 886
327 887
327 890
327 893
327 912
327 938
327 939
327 940
327 970
327 971
327 972
292 451
397 451
414 451
448 451
451 502
451 644
451 662
451 667
451 774
451 779
451 785
451 846
451 862
451 876
451 878
451 880
451 881
451 886
451 909
451 920
451 921
451 970
71 500
195 500
293 500
421 500
499 500
500 504
500 548
500 552
500 553
500 554
500 622
500 729
500 781
500 786
500 846
500 877
500 894
500 918
500 921
500 970
500 972
31 92
31 396
31 424
31 504
31 658
31 665
31 716
31 726
31 737
31 738
31 780
31 876
31 877
31 904
31 909
31 910
31 912
31 918
26 126
58 126
91 126
126 191
126 293
126 295
126 427
126 438
126 457
126 470
126 473
126 484
126 504
126 512
126 519
126 536
126 540
126 549
126 575
126 596
126 623
126 645
126 780
126 781
126 818
126 839
126 846
126 855
126 861
126 866
126 867
126 872
126 876
126 885
126 887
126 889
126 894
126 912
126 915
126 919
126 927
126 939
126 942
126 944
126 949
126 950
126 969
186 216
216 250
216 306
216 317
216 636
216 641
216 656
216 696
216 706
216 708
216 753
216 761
216 774
216 797
216 802
216 806
216 856
216 862
216 866
216 873
216 904
216 918
57 319
309 319
319 427
319 510
319 635
319 641
319 696
319 708
319 716
319 816
319 818
319 856
319 904
319 934
292 348
343 348
348 448
348 644
348 662
348 721
348 747
348 748
348 783
348 846
348 882
348 886
348 909
26 466
58 466
360 466
377 466
411 466
427 466
457 466
463 466
466 486
466 511
466 766
466 780
466 781
466 805
466 809
466 810
466 812
466 818
466 839
466 841
466 846
466 848
466 851
466 854
466 882
466 885
466 887
91 136
136 177
136 187
136 188
136 305
136 397
136 413
136 622
136 644
136 662
136 665
136 765
136 779
136 781
136 818
136 839
136 845
136 846
136 874
136 876
136 879
136 913
47 614
75 614
96 614
188 614
191 614
294 614
311 614
382 614
390 614
399 614
580 614
582 614
602 614
614 619
614 622
614 626
614 655
614 662
614 688
614 698
614 718
614 741
614 746
614 780
614 781
614 801
614 809
614 810
614 812
614 815
614 830
614 831
614 839
614 845
614 846
614 847
614 859
614 869
614 872
614 876
614 879
614 913
614 938
614 939
614 949
614 951
614 952
614 963
614 965
63 630
166 630
170 630
198 630
200 630
215 630
218 630
220 630
392 630
394 630
395 630
405 630
408 630
409 630
445 630
544 630
571 630
598 630
628 630
629 630
135 631
218 631
220 631
253 631
339 631
354 631
392 631
408 631
479 631
496 631
544 631
571 631
572 631
582 631
588 631
596 631
598 631
608 631
610 631
631 632
631 633
631 634
345 469
377 469
467 469
469 478
469 575
469 755
469 801
469 805
469 814
469 816
469 829
469 830
469 844
469 924
469 928
33 638
66 638
110 638
132 638
144 638
149 638
168 638
201 638
230 638
393 638
405 638
408 638
409 638
446 638
464 638
607 638
617 638
106 639
108 639
110 639
111 639
132 639
133 639
134 639
135 639
149 639
354 639
404 639
405 639
446 639
497 639
573 639
582 639
584 639
587 639
596 639
633 639
639 640
61 149
62 149
73 149
91 149
149 164
149 192
149 193
149 250
149 251
149 252
149 293
149 311
149 337
149 361
149 367
149 377
149 397
149 401
149 461
149 542
149 574
149 576
149 618
149 637
149 641
149 650
149 665
149 695
149 696
149 698
149 701
149 711
149 712
149 717
149 725
149 743
149 748
149 814
149 829
149 838
149 841
149 843
149 844
149 868
149 877
149 888
149 889
149 890
149 891
149 893
149 911
149 927
149 928
149 939
149 942
149 944
149 946
149 966
149 975
55 219
62 219
68 219
73 219
75 219
84 219
167 219
168 219
186 219
187 219
188 219
191 219
219 311
219 313
219 338
219 344
219 377
219 380
219 387
219 390
219 411
219 421
219 427
219 457
219 582
219 602
219 623
219 637
219 644
219 661
219 662
219 667
219 669
219 673
219 698
219 718
219 720
219 727
219 741
219 750
219 780
219 789
219 801
219 809
219 812
219 839
219 843
219 844
219 845
219 846
219 867
219 876
219 878
219 885
219 888
219 890
219 891
219 893
219 894
219 916
219 917
219 938
219 939
219 941
219 946
219 952
219 956
219 958
219 959
73 228
104 228
167 228
186 228
228 242
228 310
228 311
228 337
228 344
228 380
228 397
228 420
228 457
228 507
228 555
228 566
228 629
228 659
228 673
228 675
228 741
228 743
228 745
228 747
228 844
228 856
228 888
228 953
228 954
228 958
228 959
228 960
100 515
101 515
168 515
242 515
295 515
311 515
367 515
380 515
402 515
514 515
515 519
515 525
515 545
515 549
515 576
515 839
515 846
515 876
515 880
515 886
515 890
515 919
515 939
515 942
515 944
515 956
515 960
33 641
34 641
35 641
36 641
65 641
112 641
133 641
167 641
199 641
200 641
223 641
272 641
321 641
329 641
409 641
607 641
610 641
641 642
33 644
35 644
107 644
109 644
111 644
112 644
113 644
133 644
135 644
137 644
183 644
223 644
272 644
354 644
440 644
444 644
479 644
482 644
496 644
604 644
605 644
608 644
610 644
611 644
612 644
625 644
644 645
644 646
644 647
644 648
644 649
644 650
61 140
91 140
92 140
140 293
140 311
140 316
140 343
140 346
140 359
140 377
140 379
140 385
140 387
140 437
140 618
140 637
140 671
140 682
140 695
140 698
140 712
140 714
140 717
140 724
140 726
140 727
140 728
140 729
140 733
140 737
140 807
140 811
140 816
140 829
140 844
140 868
140 877
140 883
140 888
140 927
140 928
140 937
140 939
140 941
27 154
47 154
69 154
91 154
154 189
154 293
154 295
154 309
154 311
154 314
154 345
154 373
154 377
154 379
154 385
154 402
154 439
154 495
154 518
154 569
154 575
154 581
154 606
154 646
154 647
154 683
154 686
154 698
154 702
154 707
154 722
154 727
154 729
154 741
154 745
154 805
154 828
154 829
154 830
154 848
154 858
154 869
154 883
154 887
154 908
154 924
154 927
154 928
154 929
154 939
49 226
62 226
73 226
75 226
82 226
84 226
86 226
101 226
103 226
161 226
186 226
192 226
226 242
226 293
226 295
226 296
226 311
226 313
226 334
226 344
226 367
226 373
226 387
226 411
226 420
226 427
226 438
226 439
226 542
226 555
226 568
226 576
226 582
226 637
226 673
226 679
226 713
226 717
226 718
226 720
226 727
226 738
226 741
226 743
226 745
226 750
226 809
226 810
226 814
226 815
226 816
226 851
226 888
226 890
226 891
226 892
226 894
226 922
226 927
226 932
226 938
226 941
226 944
226 946
226 954
226 955
226 956
226 958
226 959
226 960
226 968
39 483
58 483
82 483
191 483
251 483
293 483
315 483
334 483
346 483
385 483
481 483
483 619
483 680
483 681
483 682
483 695
483 698
483 700
483 709
483 711
483 713
483 720
483 725
483 726
483 727
483 733
483 794
483 807
483 808
483 815
483 816
483 841
483 851
483 864
483 867
483 879
483 889
483 927
483 932
483 936
483 938
39 544
58 544
61 544
62 544
98 544
177 544
293 544
311 544
315 544
332 544
373 544
438 544
460 544
542 544
544 576
544 582
544 583
544 617
544 618
544 619
544 633
544 645
544 650
544 665
544 687
544 695
544 696
544 700
544 701
544 711
544 712
544 725
544 733
544 736
544 742
544 744
544 746
544 809
544 810
544 815
544 844
544 851
544 877
544 884
544 889
544 901
544 919
544 931
544 939
544 944
544 950
544 968
49 561
58 561
62 561
73 561
75 561
84 561
98 561
191 561
192 561
234 561
252 561
293 561
295 561
316 561
332 561
373 561
377 561
379 561
437 561
449 561
560 561
561 582
561 637
561 649
561 650
561 675
561 683
561 695
561 696
561 700
561 709
561 711
561 712
561 713
561 724
561 733
561 735
561 737
561 744
561 748
561 810
561 883
561 885
561 893
561 915
561 927
561 928
561 936
561 939
561 947
561 948
561 956
561 957
63 567
141 567
144 567
169 567
215 567
409 567
567 568
567 569
567 570
567 571
567 572
567 573
62 574
64 574
169 574
200 574
405 574
408 574
409 574
568 574
570 574
571 574
574 575
574 576
574 577
55 677
192 677
251 677
313 677
367 677
388 677
456 677
582 677
619 677
633 677
637 677
642 677
671 677
677 682
677 695
677 696
677 712
677 719
677 728
677 808
677 811
677 816
677 841
677 868
677 884
677 891
677 892
677 926
677 939
677 940
63 751
215 751
394 751
408 751
569 751
572 751
573 751
610 751
628 751
141 766
571 766
58 409
105 409
196 409
235 409
287 409
401 409
409 460
409 461
409 580
409 602
409 616
409 617
409 645
409 649
409 653
409 655
409 657
409 687
409 700
409 702
409 733
409 736
409 755
409 799
409 801
409 819
409 821
409 822
409 826
409 828
409 831
409 848
409 851
409 855
409 899
409 901
409 942
409 961
409 962
66 618
85 618
169 618
171 618
173 618
174 618
175 618
217 618
218 618
350 618
464 618
570 618
573 618
575 618
586 618
597 618
601 618
618 619
618 620
66 754
132 754
133 754
408 754
573 754
617 754
619 754
620 754
76 755
107 755
108 755
141 755
144 755
169 755
217 755
218 755
245 755
266 755
267 755
330 755
350 755
351 755
408 755
476 755
573 755
582 755
584 755
587 755
589 755
600 755
606 755
607 755
608 755
609 755
617 755
633 755
634 755
637 755
640 755
689 755
755 756
755 757
132 770
134 770
582 770
588 770
620 770
633 770
648 770
649 770
33 776
109 776
330 776
350 776
490 776
756 776
91 144
144 164
144 250
144 361
144 383
144 397
144 645
144 650
144 661
144 664
144 665
144 696
144 698
144 717
144 777
144 809
144 821
144 843
144 844
144 855
144 888
144 919
144 927
144 944
144 946
144 950
144 968
65 761
133 761
444 761
610 761
642 761
133 773
135 773
605 773
612 773
624 773
649 773
650 773
664 773
471 783
33 784
50 784
52 784
471 784
33 186
34 186
55 186
65 186
66 186
88 186
89 186
164 186
165 186
167 186
168 186
170 186
186 187
186 188
186 189
186 190
186 191
186 192
186 193
186 194
186 195
186 196
186 197
186 198
186 199
186 200
186 201
186 202
186 203
186 204
186 206
186 207
186 208
186 209
186 210
186 211
186 212
186 213
186 214
186 215
186 217
186 218
186 220
186 223
186 227
65 696
73 696
78 696
118 696
120 696
133 696
161 696
167 696
179 696
180 696
184 696
199 696
200 696
223 696
245 696
253 696
256 696
267 696
272 696
320 696
355 696
356 696
452 696
464 696
496 696
497 696
584 696
589 696
599 696
601 696
606 696
610 696
613 696
672 696
683 696
693 696
696 697
66 812
85 812
169 812
174 812
202 812
217 812
464 812
471 812
33 821
573 821
607 821
610 821
108 827
111 827
253 827
351 827
464 827
573 827
584 827
588 827
601 827
612 827
33 851
35 851
171 851
200 851
203 851
218 851
471 851
573 851
610 851
756 851
28 396
121 396
123 396
175 396
249 396
286 396
290 396
345 396
346 396
396 397
396 398
396 399
396 400
189 470
201 470
298 470
470 471
26 635
27 635
28 635
64 635
87 635
141 635
169 635
170 635
215 635
217 635
218 635
570 635
576 635
577 635
586 635
593 635
594 635
26 636
27 636
107 636
135 636
141 636
183 636
198 636
199 636
215 636
217 636
253 636
482 636
581 636
582 636
586 636
587 636
596 636
634 636
636 637
28 695
66 695
76 695
78 695
80 695
106 695
110 695
117 695
119 695
132 695
141 695
171 695
173 695
174 695
179 695
180 695
182 695
184 695
217 695
240 695
243 695
248 695
249 695
256 695
267 695
279 695
350 695
408 695
583 695
585 695
586 695
589 695
597 695
598 695
600 695
613 695
634 695
670 695
672 695
675 695
117 734
279 734
350 734
397 734
526 734
634 734
27 772
141 772
215 772
217 772
218 772
471 772
476 772
485 772
582 772
584 772
28 801
33 801
66 801
73 801
76 801
111 801
132 801
141 801
174 801
182 801
183 801
184 801
217 801
218 801
237 801
243 801
245 801
253 801
330 801
350 801
408 801
471 801
476 801
477 801
485 801
573 801
584 801
601 801
608 801
620 801
676 801
141 820
169 820
215 820
217 820
218 820
408 820
570 820
28 828
118 828
134 828
141 828
201 828
218 828
220 828
240 828
253 828
330 828
339 828
350 828
351 828
404 828
408 828
471 828
476 828
477 828
485 828
584 828
587 828
588 828
589 828
171 830
218 830
350 830
471 830
477 830
485 830
584 830
601 830
625 830
141 848
169 848
170 848
201 848
202 848
215 848
217 848
218 848
330 848
405 848
408 848
471 848
756 848
28 854
64 854
87 854
141 854
594 854
756 854
38 39
39 46
39 54
39 171
39 218
39 445
39 573
39 598
83 681
87 681
173 681
174 681
248 681
320 681
341 681
452 681
464 681
576 681
586 681
593 681
601 681
88 724
119 724
157 724
170 724
171 724
196 724
198 724
207 724
220 724
249 724
255 724
275 724
276 724
320 724
341 724
397 724
441 724
445 724
452 724
526 724
598 724
73 794
76 794
169 794
170 794
217 794
218 794
237 794
239 794
476 794
479 794
584 794
589 794
606 794
608 794
609 794
676 794
689 794
756 794
63 796
169 796
170 796
215 796
218 796
571 796
756 796
120 829
404 829
405 829
573 829
584 829
587 829
253 864
479 864
587 864
612 864
620 864
35 883
113 883
263 883
405 883
91 94
94 135
94 244
94 339
94 354
94 405
94 482
94 587
94 588
26 595
110 595
171 595
173 595
179 595
184 595
198 595
218 595
240 595
243 595
276 595
340 595
342 595
452 595
570 595
580 595
584 595
586 595
595 596
595 597
595 598
595 599
595 600
595 601
106 733
117 733
118 733
119 733
120 733
157 733
158 733
171 733
175 733
200 733
207 733
218 733
227 733
240 733
253 733
258 733
276 733
279 733
338 733
339 733
340 733
341 733
342 733
355 733
356 733
397 733
398 733
403 733
405 733
423 733
441 733
526 733
543 733
584 733
634 733
170 897
198 897
215 897
218 897
220 897
477 908
587 908
26 621
27 330
27 753
27 769
27 782
28 247
28 480
28 658
28 709
28 737
28 805
28 809
28 835
28 866
28 867
28 869
28 870
30 416
30 419
30 499
30 626
30 658
30 680
30 711
30 722
30 861
30 866
30 903
86 621
170 621
171 621
185 621
276 621
575 621
597 621
41 330
49 330
58 330
69 330
71 330
72 330
76 330
92 330
195 330
293 330
296 330
309 330
312 330
313 330
314 330
330 377
330 383
330 386
330 387
330 402
330 420
330 495
330 518
330 637
330 663
330 675
330 679
330 707
330 717
330 718
330 729
330 741
330 749
330 816
330 844
330 865
330 877
330 888
330 894
330 910
330 918
330 927
330 938
330 941
64 753
215 753
577 753
594 753
588 769
637 769
650 769
657 769
169 782
217 782
471 782
79 247
121 247
123 247
124 247
174 247
177 247
185 247
247 248
247 249
251 480
106 658
134 658
135 658
339 658
354 658
588 658
646 658
650 658
657 658
79 709
132 709
174 709
185 709
217 709
248 709
249 709
586 709
597 709
601 709
106 737
107 737
117 737
119 737
120 737
121 737
124 737
141 737
175 737
183 737
249 737
258 737
340 737
353 737
354 737
356 737
398 737
399 737
400 737
425 737
77 805
87 805
106 805
107 805
115 805
116 805
141 805
183 805
350 805
351 805
476 805
669 805
674 805
757 805
85 809
106 809
108 809
110 809
111 809
132 809
133 809
134 809
135 809
161 809
182 809
202 809
237 809
239 809
240 809
253 809
464 809
476 809
588 809
613 809
620 809
670 809
675 809
676 809
693 809
141 835
174 835
217 835
350 835
586 835
134 866
183 866
253 866
339 866
121 867
122 867
141 867
240 867
253 867
340 867
452 867
476 867
503 867
524 867
141 869
174 869
217 869
246 869
350 869
490 869
132 870
34 82
81 82
82 91
36 481
50 481
111 481
122 481
137 481
191 481
204 481
211 481
251 481
252 481
253 481
479 481
481 482
118 711
122 711
174 711
180 711
181 711
182 711
199 711
217 711
248 711
253 711
255 711
256 711
338 711
339 711
341 711
355 711
415 711
417 711
482 711
585 711
586 711
34 725
90 725
112 725
117 725
158 725
175 725
185 725
197 725
209 725
227 725
255 725
276 725
302 725
341 725
398 725
423 725
442 725
452 725
135 910
482 910
588 910
89 416
121 416
345 416
400 416
416 417
416 418
43 419
89 419
121 419
129 419
131 419
204 419
206 419
210 419
211 419
213 419
312 419
317 419
345 419
386 419
388 419
206 499
386 499
85 626
202 626
623 626
625 626
83 680
84 680
85 680
86 680
87 680
88 680
121 680
350 680
400 680
417 680
452 680
526 680
593 680
597 680
601 680
87 722
105 722
202 722
217 722
594 722
174 861
182 861
184 861
217 861
243 861
339 861
476 861
485 861
87 903
217 903
593 903
594 903
34 92
43 92
51 92
91 92
92 160
92 276
122 424
124 424
288 424
323 424
346 424
399 424
415 424
418 424
424 425
52 504
324 504
495 504
34 665
36 665
108 665
133 665
135 665
137 665
183 665
354 665
479 665
482 665
497 665
612 665
624 665
663 665
664 665
86 716
110 716
117 716
122 716
124 716
199 716
223 716
272 716
276 716
320 716
399 716
415 716
425 716
440 716
444 716
452 716
464 716
599 716
601 716
697 716
34 726
89 726
112 726
119 726
121 726
123 726
124 726
141 726
174 726
197 726
199 726
217 726
249 726
255 726
258 726
288 726
290 726
355 726
356 726
399 726
400 726
418 726
107 738
117 738
118 738
122 738
183 738
203 738
223 738
276 738
279 738
321 738
329 738
353 738
354 738
355 738
399 738
415 738
435 738
452 738
601 738
464 780
601 780
624 780
122 876
137 876
183 876
240 876
444 876
477 876
482 876
485 876
503 876
601 876
175 877
183 877
185 877
211 877
213 877
263 877
276 877
342 877
418 877
482 877
485 877
490 877
199 904
329 904
135 909
354 909
135 912
329 912
477 912
482 912
52 918
206 918
503 918
33 410
33 473
33 698
33 855
33 856
34 61
34 301
34 410
34 488
34 815
34 816
34 841
34 844
34 856
34 868
34 888
34 889
35 177
35 473
35 735
35 736
35 855
35 901
36 164
36 488
36 740
36 841
36 844
36 888
36 889
36 911
36 914
36 915
122 410
209 410
230 410
290 410
346 410
360 410
364 410
410 411
410 412
410 413
410 414
410 415
171 473
190 473
299 473
471 473
66 698
73 698
76 698
78 698
79 698
85 698
108 698
120 698
168 698
181 698
183 698
201 698
202 698
203 698
234 698
235 698
237 698
239 698
243 698
245 698
246 698
266 698
267 698
279 698
282 698
351 698
393 698
404 698
446 698
573 698
589 698
606 698
608 698
609 698
620 698
675 698
676 698
201 855
218 855
220 855
298 855
299 855
445 855
471 855
610 855
65 856
203 856
756 856
61 67
61 112
61 133
61 175
61 272
90 301
124 301
188 301
197 301
209 301
290 301
301 302
301 303
191 488
407 488
80 815
108 815
161 815
183 815
237 815
239 815
351 815
476 815
479 815
625 815
676 815
78 816
86 816
108 816
109 816
113 816
120 816
124 816
161 816
183 816
184 816
203 816
237 816
245 816
267 816
276 816
351 816
476 816
479 816
485 816
503 816
524 816
670 816
108 841
118 841
133 841
135 841
183 841
203 841
253 841
339 841
351 841
354 841
393 841
446 841
464 841
476 841
477 841
479 841
482 841
485 841
497 841
588 841
601 841
612 841
620 841
108 844
120 844
133 844
135 844
183 844
223 844
227 844
240 844
263 844
272 844
276 844
302 844
354 844
452 844
479 844
482 844
490 844
497 844
612 844
670 844
111 868
113 868
133 868
135 868
137 868
183 868
479 868
133 888
175 888
227 888
230 888
322 888
490 888
50 889
122 889
133 889
204 889
211 889
446 889
176 177
177 250
177 482
177 611
177 612
158 735
200 735
201 735
207 735
208 735
209 735
220 735
227 735
258 735
272 735
275 735
276 735
320 735
355 735
357 735
403 735
404 735
405 735
412 735
423 735
441 735
445 735
496 735
171 736
207 736
218 736
275 736
289 736
363 736
412 736
415 736
441 736
445 736
496 736
543 736
200 901
445 901
496 901
610 901
133 164
164 176
164 223
164 230
164 446
164 497
223 740
227 740
230 740
302 740
356 740
357 740
413 740
443 740
446 740
462 740
497 740
137 911
446 911
482 911
612 911
446 914
44 915
227 915
300 915
165 223
165 232
165 272
165 321
165 323
165 329
165 440
165 444
44 187
45 187
137 187
187 223
187 272
187 325
187 625
51 188
137 188
188 211
188 213
188 263
188 272
188 300
188 323
188 324
188 435
188 524
303 428
323 428
362 428
411 428
414 428
428 429
428 430
428 431
207 436
220 436
223 436
227 436
312 436
332 436
373 436
378 436
379 436
388 436
411 436
414 436
423 436
429 436
436 437
436 438
436 439
436 440
436 441
436 442
436 443
436 444
436 445
436 446
56 494
57 494
220 494
293 494
313 494
404 494
444 494
445 494
494 495
494 496
494 497
324 505
335 505
375 505
407 505
437 505
48 550
275 550
543 550
203 666
393 666
407 666
663 666
208 739
223 739
227 739
303 739
321 739
329 739
391 739
393 739
414 739
429 739
430 739
440 739
59 741
109 741
113 741
131 741
203 741
204 741
208 741
210 741
212 741
214 741
223 741
227 741
259 741
272 741
282 741
297 741
322 741
323 741
324 741
347 741
362 741
368 741
369 741
375 741
407 741
414 741
429 741
430 741
433 741
434 741
435 741
442 741
450 741
203 747
272 747
321 747
329 747
347 747
407 747
435 747
444 747
52 919
223 919
230 919
324 919
375 919
444 919
38 40
38 41
38 42
38 43
38 44
38 45
40 158
40 272
40 323
40 362
40 431
40 442
40 443
40 446
40 455
40 459
40 507
40 509
40 554
40 563
40 564
41 485
41 490
41 501
41 553
41 667
42 46
42 553
42 565
42 667
42 787
42 789
43 46
43 309
43 331
43 376
43 491
43 528
43 539
43 552
43 553
43 729
43 878
43 886
43 893
43 894
44 309
44 372
44 376
44 491
44 509
44 517
44 553
44 558
44 750
44 893
44 894
44 917
45 46
45 333
45 344
45 432
45 453
45 454
45 507
45 508
45 539
45 558
45 564
45 667
45 750
45 894
45 917
45 922
46 47
46 48
46 49
46 50
46 51
46 52
46 53
51 54
54 55
54 56
54 57
54 58
54 59
171 411
171 512
171 703
171 931
171 932
58 218
100 218
105 218
218 235
218 236
218 287
218 315
218 347
218 579
218 592
218 596
218 617
218 648
218 653
218 657
218 699
218 700
218 703
218 771
218 819
218 822
218 825
218 826
218 942
218 962
58 445
389 445
445 458
445 617
445 645
445 649
445 655
445 687
445 700
445 701
445 895
105 573
287 573
573 602
573 687
573 700
573 764
573 793
598 654
598 700
48 158
49 158
58 158
91 158
103 158
158 161
158 311
158 332
158 373
158 384
158 439
158 459
158 560
158 675
158 727
158 750
158 928
158 944
158 947
158 951
158 959
48 272
49 272
58 272
68 272
73 272
166 272
250 272
272 309
272 316
272 343
272 384
272 402
272 421
272 449
272 459
272 507
272 518
272 522
272 557
272 576
272 582
272 715
272 727
272 743
272 744
272 745
272 750
272 890
272 893
272 928
272 929
272 944
272 954
252 323
309 323
323 402
323 447
323 459
323 522
323 542
323 549
323 558
323 662
323 748
323 750
323 893
323 944
323 955
323 956
362 372
362 541
362 944
431 453
431 454
431 459
431 542
431 551
431 750
431 959
48 442
311 442
442 460
442 461
442 538
442 542
442 744
442 745
443 542
443 749
443 750
443 944
443 945
443 946
73 446
379 446
385 446
387 446
446 522
446 576
446 717
446 749
446 750
446 891
446 905
446 922
446 939
446 941
446 944
446 945
446 946
446 975
48 455
49 455
52 455
130 455
210 455
264 455
300 455
315 455
367 455
369 455
371 455
373 455
375 455
455 456
455 457
455 458
157 459
223 459
227 459
275 459
303 459
316 459
329 459
380 459
389 459
423 459
430 459
439 459
456 459
457 459
458 459
459 460
459 461
459 462
58 507
223 507
276 507
407 507
449 507
461 507
58 509
264 509
300 509
457 509
131 554
213 554
297 554
335 554
369 554
380 554
438 554
450 554
460 554
49 563
227 563
276 563
324 563
335 563
407 563
213 564
214 564
325 564
461 564
70 485
71 485
191 485
194 485
294 485
313 485
314 485
377 485
421 485
484 485
485 575
485 647
485 871
485 873
485 874
485 891
485 892
485 932
485 935
485 939
485 940
485 970
71 490
100 490
293 490
311 490
312 490
313 490
314 490
377 490
378 490
380 490
402 490
457 490
489 490
490 513
490 514
490 528
490 846
490 875
490 879
490 880
490 882
490 886
490 890
490 893
490 929
490 938
490 939
490 940
490 971
490 972
204 501
212 501
386 501
437 501
211 553
212 553
324 553
325 553
438 553
439 553
137 667
325 667
625 667
325 565
461 565
137 787
664 787
53 789
324 789
47 309
59 309
88 309
90 309
113 309
122 309
124 309
137 309
175 309
193 309
209 309
223 309
230 309
246 309
249 309
259 309
282 309
292 309
294 309
297 309
302 309
303 309
305 309
306 309
309 310
309 311
309 312
309 313
309 314
309 315
309 316
309 317
309 320
309 321
309 322
309 324
309 325
309 329
59 331
89 331
204 331
206 331
210 331
292 331
297 331
317 331
331 332
47 376
48 376
49 376
50 376
51 376
58 376
194 376
204 376
294 376
295 376
296 376
297 376
298 376
299 376
300 376
332 376
366 376
367 376
368 376
376 377
376 378
376 379
376 380
47 491
48 491
50 491
51 491
52 491
264 491
288 491
300 491
279 528
314 528
329 528
452 528
59 539
210 539
211 539
214 539
332 539
368 539
373 539
374 539
388 539
389 539
407 539
439 539
211 552
213 552
325 552
418 552
438 552
59 729
90 729
246 729
282 729
297 729
317 729
418 729
452 729
526 729
325 878
444 878
452 878
51 886
113 886
137 886
211 886
212 886
325 886
524 886
51 893
211 893
213 893
223 893
263 893
276 893
300 893
302 893
324 893
325 893
329 893
452 893
51 894
52 894
53 894
263 894
282 894
300 894
324 894
335 894
375 894
407 894
450 894
524 894
625 894
204 372
210 372
366 372
368 372
369 372
372 373
372 374
372 375
129 517
206 517
312 517
316 517
317 517
324 517
375 517
211 558
212 558
213 558
214 558
324 558
325 558
439 558
211 750
213 750
227 750
259 750
303 750
322 750
335 750
368 750
369 750
374 750
430 750
435 750
625 750
137 917
213 917
214 917
263 917
300 917
325 917
625 917
47 333
52 333
53 333
192 333
206 333
292 333
293 333
294 333
315 333
333 334
333 335
53 344
212 344
214 344
223 344
324 344
325 344
335 344
343 344
344 352
344 407
344 625
259 432
282 432
303 432
374 432
377 432
411 432
427 432
430 432
432 433
432 434
432 435
59 453
297 453
335 453
368 453
369 453
374 453
377 453
380 453
51 454
53 454
58 454
59 454
294 454
296 454
297 454
300 454
315 454
335 454
367 454
377 454
49 508
51 508
53 508
58 508
300 508
335 508
407 922
47 129
47 350
48 208
48 227
48 303
48 423
48 429
48 448
48 521
48 522
48 541
48 542
48 549
49 51
49 131
49 212
49 213
49 227
49 276
49 297
49 300
49 303
49 368
49 407
49 425
49 450
49 503
49 524
49 526
49 559
49 560
49 562
50 250
50 427
50 463
50 519
50 541
50 781
50 846
50 887
50 944
50 966
51 75
51 293
51 379
51 380
51 402
51 518
51 520
51 523
51 531
51 538
51 549
51 555
51 557
51 562
51 887
51 944
51 959
52 293
52 457
52 510
52 511
52 521
52 781
52 846
52 882
52 972
53 506
53 555
53 559
53 566
53 691
53 959
69 129
91 129
129 295
129 311
129 314
129 379
129 401
129 402
129 427
129 448
129 513
129 516
129 522
129 532
129 575
129 686
129 718
129 721
129 745
129 882
129 928
129 939
343 350
350 383
350 420
350 569
350 679
350 686
350 702
350 704
350 714
350 718
350 792
350 807
350 924
350 927
350 937
350 938
58 208
208 316
208 343
208 384
208 448
208 457
208 727
208 744
73 227
86 227
167 227
193 227
227 234
227 296
227 313
227 438
227 448
227 457
227 522
227 555
227 560
227 717
227 743
227 749
227 941
227 943
227 945
227 946
227 948
227 951
227 954
227 958
227 959
227 960
296 303
303 304
303 311
303 313
303 316
303 401
303 402
303 448
303 457
303 522
303 532
303 721
303 728
303 745
296 423
310 423
311 423
315 423
346 423
389 423
420 423
423 438
423 522
423 675
423 682
423 745
311 429
429 438
429 460
429 536
429 537
429 551
429 727
429 746
429 944
429 951
429 952
59 448
211 448
212 448
223 448
294 448
296 448
320 448
322 448
332 448
341 448
347 448
357 448
368 448
407 448
427 448
439 448
448 449
448 450
448 452
204 521
210 521
288 521
289 521
290 521
294 521
298 521
315 521
332 521
371 521
378 521
59 522
258 522
275 522
294 522
297 522
314 522
315 522
324 522
329 522
332 522
355 522
356 522
407 522
438 522
450 522
130 541
264 541
296 541
299 541
363 541
364 541
367 541
373 541
375 541
379 541
131 542
157 542
211 542
213 542
223 542
275 542
276 542
296 542
335 542
367 542
373 542
402 542
407 542
430 542
439 542
450 542
542 543
211 549
213 549
300 549
324 549
415 549
425 549
438 549
439 549
524 549
58 131
91 131
103 131
104 131
131 295
131 311
131 380
131 401
131 427
131 439
131 461
131 530
131 532
131 537
131 538
131 551
131 686
131 727
131 745
131 928
131 959
75 212
212 248
212 367
212 457
212 523
212 532
212 559
212 560
212 623
212 662
212 846
212 887
212 892
212 913
212 951
212 956
212 959
68 213
101 213
166 213
167 213
213 248
213 250
213 293
213 296
213 305
213 380
213 421
213 427
213 438
213 525
213 537
213 540
213 545
213 551
213 568
213 622
213 662
213 720
213 846
213 944
213 956
213 959
58 276
73 276
84 276
86 276
103 276
161 276
166 276
167 276
192 276
193 276
242 276
250 276
276 313
276 332
276 387
276 388
276 401
276 438
276 449
276 525
276 555
276 560
276 582
276 583
276 637
276 650
276 654
276 675
276 701
276 712
276 717
276 742
276 743
276 746
276 943
276 944
276 948
276 953
276 956
276 960
293 297
296 297
297 304
297 380
297 402
297 525
297 531
297 537
297 548
167 300
293 300
300 380
300 402
300 489
300 525
300 531
300 545
300 546
300 555
300 562
300 568
300 944
300 959
300 960
368 380
368 531
368 532
368 538
368 551
368 560
368 562
368 944
368 951
368 959
101 407
167 407
311 407
313 407
401 407
402 407
407 457
407 489
407 532
407 547
407 551
407 576
407 721
407 745
407 749
407 887
407 891
407 944
407 946
407 954
407 959
407 960
193 425
293 425
316 425
425 426
425 461
425 538
425 545
425 744
425 748
425 846
425 890
425 942
425 944
425 946
425 948
425 956
425 957
58 450
101 450
234 450
293 450
379 450
380 450
402 450
450 461
450 514
450 516
450 537
450 538
450 547
450 548
450 551
450 576
450 718
450 720
450 721
450 727
450 749
450 939
450 941
450 946
450 957
450 959
69 503
179 503
191 503
293 503
313 503
314 503
367 503
380 503
402 503
421 503
457 503
502 503
503 513
503 519
503 523
503 525
503 575
503 818
503 839
503 879
503 880
503 881
503 882
503 927
503 938
503 939
503 965
503 970
58 524
84 524
100 524
101 524
103 524
104 524
191 524
234 524
242 524
248 524
293 524
295 524
311 524
313 524
380 524
421 524
438 524
457 524
523 524
524 530
524 540
524 545
524 559
524 568
524 818
524 846
524 879
524 885
524 890
524 927
524 938
524 942
524 944
524 949
524 956
524 959
524 960
58 526
293 526
295 526
296 526
313 526
316 526
332 526
346 526
373 526
377 526
388 526
439 526
456 526
525 526
526 675
526 682
526 683
526 728
526 742
214 559
335 559
435 559
439 559
214 560
369 560
380 560
435 560
439 560
462 560
130 562
369 562
371 562
380 562
458 562
78 250
79 250
89 250
90 250
118 250
174 250
180 250
181 250
183 250
193 250
195 250
199 250
206 250
211 250
239 250
246 250
250 251
250 252
250 253
250 255
250 256
250 258
250 259
250 263
250 264
250 266
250 267
250 275
88 427
89 427
90 427
121 427
122 427
123 427
124 427
130 427
141 427
174 427
175 427
202 427
203 427
206 427
211 427
217 427
246 427
249 427
263 427
264 427
320 427
341 427
426 427
427 447
427 452
96 463
109 463
463 464
122 519
211 519
313 519
109 781
211 781
324 781
624 781
664 781
109 846
113 846
137 846
185 846
211 846
214 846
263 846
264 846
288 846
320 846
415 846
418 846
440 846
444 846
452 846
601 846
625 846
59 887
113 887
203 887
204 887
211 887
263 887
130 944
211 944
223 944
263 944
264 944
322 944
324 944
341 944
357 944
364 944
369 944
375 944
415 944
430 944
211 966
74 75
75 211
75 671
59 293
124 293
204 293
209 293
210 293
211 293
249 293
282 293
288 293
290 293
293 302
293 371
293 400
293 401
293 415
293 418
293 452
293 512
59 379
124 379
211 379
130 380
210 380
211 380
214 380
259 380
263 380
264 380
322 380
371 380
380 435
380 551
59 402
223 402
259 402
263 402
282 402
322 402
324 402
401 402
402 538
402 545
59 518
118 518
120 518
211 518
223 518
240 518
312 518
313 518
314 518
340 518
452 518
59 520
123 520
294 520
371 520
124 523
211 523
314 523
130 531
290 531
296 531
315 531
263 538
296 538
322 538
341 538
388 538
322 555
324 555
335 555
342 555
438 555
439 555
342 557
438 557
211 959
214 959
335 959
369 959
430 959
435 959
625 959
122 457
175 457
203 457
204 457
209 457
210 457
214 457
223 457
230 457
259 457
288 457
290 457
302 457
320 457
321 457
329 457
357 457
371 457
435 457
457 625
170 510
192 510
193 510
202 510
206 510
200 511
230 511
311 511
321 511
334 511
375 511
202 882
206 882
246 882
324 882
324 972
329 972
324 506
449 506
461 566
324 691
690 691
691 699
55 223
55 230
55 240
55 279
55 282
55 302
55 452
55 670
56 243
56 401
56 600
56 676
57 202
58 203
58 207
58 220
58 249
58 259
58 263
58 282
58 289
58 298
58 299
58 320
58 341
58 357
58 363
58 400
58 415
58 441
58 452
58 471
58 756
59 281
59 385
59 516
59 548
73 223
167 223
193 223
223 312
223 525
223 576
223 661
223 669
223 743
223 749
223 890
223 891
223 916
223 945
223 946
223 954
223 955
223 956
223 960
230 232
230 312
230 512
230 514
230 719
230 939
230 942
96 240
99 240
191 240
232 240
240 278
240 310
240 377
240 484
240 659
240 703
240 713
240 719
240 743
240 746
240 871
240 931
240 939
191 279
192 279
278 279
279 295
279 313
279 377
279 388
279 421
279 426
279 525
279 713
279 728
279 743
279 932
279 939
279 940
281 282
282 296
282 312
282 387
282 525
282 718
282 728
282 749
282 938
282 939
282 940
282 941
193 302
252 302
302 311
302 312
302 313
302 489
302 728
302 890
302 940
68 452
193 452
252 452
296 452
311 452
313 452
346 452
377 452
421 452
449 452
452 582
452 637
452 654
452 671
452 728
452 743
452 811
452 817
452 885
452 890
452 926
452 940
98 670
310 670
361 670
377 670
383 670
397 670
617 670
619 670
642 670
668 670
670 671
670 682
670 703
670 712
670 719
670 793
670 802
670 811
670 843
670 931
670 939
190 243
194 243
241 243
243 244
243 278
243 294
243 314
243 377
243 382
243 708
243 713
243 715
243 723
243 728
243 810
243 927
243 928
243 933
243 935
121 401
200 401
203 401
207 401
220 401
286 401
295 401
314 401
321 401
329 401
356 401
401 403
401 404
401 405
401 408
600 616
600 690
600 707
600 713
600 715
600 810
600 933
190 676
235 676
286 676
294 676
353 676
377 676
382 676
569 676
577 676
581 676
671 676
676 690
676 704
676 707
676 708
676 713
676 803
676 808
676 825
676 859
676 926
676 930
676 935
676 974
190 202
202 283
202 377
202 411
202 495
202 718
202 720
202 721
202 727
202 810
203 251
203 334
203 686
203 718
203 727
207 315
207 389
207 732
220 389
220 596
220 617
220 648
220 653
220 654
220 699
220 702
220 703
220 732
220 895
220 899
249 295
249 315
249 377
249 387
249 411
249 437
249 744
249 932
249 938
100 259
259 296
259 304
259 311
259 313
259 373
259 377
259 388
259 439
259 525
259 530
259 720
259 727
259 728
259 745
259 929
62 263
84 263
101 263
166 263
263 311
263 366
263 373
263 377
263 387
263 461
263 478
263 486
263 489
263 530
263 810
263 879
263 890
263 927
263 928
263 929
263 946
100 289
289 315
289 529
289 942
100 298
298 529
298 596
298 847
298 942
299 461
299 529
299 533
299 645
299 847
299 942
320 343
320 377
320 411
320 449
320 486
320 744
320 885
295 341
311 341
332 341
336 341
341 373
341 460
341 530
341 536
341 744
341 942
341 947
352 357
357 387
357 438
357 460
357 536
357 744
357 746
357 943
357 946
357 948
363 460
363 461
363 529
363 533
363 942
100 400
295 400
311 400
315 400
316 400
346 400
400 537
400 548
400 720
400 727
400 744
295 415
315 415
415 438
415 449
415 460
415 536
415 540
415 744
415 746
415 885
415 948
415 949
415 950
389 441
441 458
441 460
441 536
471 536
471 580
471 847
471 961
471 962
471 963
756 847
756 849
756 962
79 281
233 281
236 281
246 281
204 385
211 385
384 385
385 601
121 516
204 516
211 516
312 516
332 548
418 548
438 548
62 477
62 625
63 687
64 67
64 690
64 797
64 849
65 67
65 802
66 74
66 798
67 68
67 69
67 70
67 71
67 72
67 73
91 112
112 654
112 660
112 712
112 714
91 133
133 361
133 390
133 661
133 712
133 714
133 717
133 719
133 775
133 798
133 811
133 814
133 875
175 176
175 512
175 514
175 714
175 929
175 939
175 942
83 477
101 477
102 477
295 477
377 477
382 477
421 477
475 477
477 478
477 484
477 623
477 810
477 871
477 891
477 927
477 928
477 967
68 625
73 625
84 625
167 625
248 625
311 625
313 625
373 625
382 625
388 625
411 625
421 625
439 625
582 625
619 625
622 625
623 625
625 655
625 673
625 674
625 727
625 746
625 810
625 879
625 884
625 885
625 891
625 913
625 949
625 951
76 687
118 687
166 687
179 687
184 687
198 687
215 687
239 687
340 687
351 687
392 687
404 687
571 687
572 687
584 687
613 687
672 687
687 688
687 689
72 690
77 690
103 690
114 690
115 690
116 690
138 690
139 690
169 690
170 690
182 690
184 690
198 690
215 690
217 690
239 690
242 690
245 690
256 690
266 690
267 690
576 690
593 690
594 690
613 690
669 690
673 690
684 690
689 690
690 692
690 693
690 694
72 797
77 797
138 797
594 797
613 797
669 797
674 797
169 849
73 802
78 802
86 802
161 802
444 802
613 802
68 74
71 74
73 74
74 76
74 77
74 78
74 79
74 80
76 798
79 798
80 798
85 798
161 798
266 798
351 798
601 798
613 798
672 798
675 798
683 798
68 113
68 137
69 668
70 671
70 678
71 324
71 671
71 678
71 679
72 678
72 699
72 791
73 232
73 602
73 671
73 678
73 700
73 703
73 793
91 113
113 486
113 622
113 662
113 686
113 727
113 728
113 818
113 885
91 137
102 137
137 338
137 397
137 622
137 662
137 775
137 779
137 818
137 885
137 890
137 891
137 916
101 668
668 669
76 671
83 671
85 671
87 671
88 671
101 671
102 671
115 671
116 671
161 671
162 671
217 671
255 671
267 671
351 671
601 671
669 671
671 672
671 673
671 674
671 675
77 678
78 678
102 678
161 678
613 678
674 678
168 324
292 324
324 662
324 921
324 955
324 956
77 679
104 679
107 679
110 679
111 679
118 679
132 679
408 679
607 679
608 679
669 679
115 699
138 699
198 699
215 699
256 699
266 699
267 699
684 699
689 699
138 791
215 791
266 791
613 791
692 791
694 791
78 232
80 232
232 233
232 234
232 235
232 236
232 237
232 239
107 602
111 602
135 602
237 602
589 602
601 602
602 603
602 604
602 605
602 606
602 607
602 608
602 609
602 610
602 611
602 612
602 613
117 700
179 700
184 700
256 700
340 700
351 700
496 700
584 700
610 700
613 700
634 700
672 700
170 703
200 703
201 703
234 703
496 703
589 703
608 703
610 703
694 703
351 793
589 793
601 793
606 793
610 793
613 793
672 793
76 176
76 579
76 616
76 702
76 792
76 799
77 91
77 241
77 244
77 685
77 704
77 707
77 708
77 803
77 923
77 924
77 925
78 176
78 685
78 712
78 717
78 811
78 926
78 927
79 81
79 176
79 359
79 366
79 685
79 714
79 718
79 720
79 807
79 810
79 927
80 160
80 278
80 382
80 685
80 713
80 719
80 808
80 810
80 926
80 927
102 211
211 367
211 421
211 551
211 622
211 623
211 662
211 720
211 845
211 875
211 956
174 176
176 179
176 180
176 181
176 182
176 183
176 184
176 185
141 579
182 579
215 579
217 579
253 579
266 579
351 579
408 579
570 579
579 580
579 581
579 582
579 583
579 584
579 585
579 586
579 587
579 588
579 589
217 616
245 616
603 616
616 617
118 702
234 702
239 702
266 702
404 702
408 702
608 702
266 792
351 792
408 792
583 792
589 792
182 799
215 799
217 799
239 799
253 799
266 799
476 799
584 799
84 91
91 95
91 96
91 97
91 98
91 99
91 100
91 101
91 102
91 103
91 104
91 105
91 106
91 107
91 108
91 109
91 110
91 111
91 114
91 115
91 116
91 117
91 118
91 119
91 120
91 121
91 122
91 123
91 124
91 130
91 132
91 134
91 135
91 138
91 139
91 141
91 157
174 241
182 241
184 241
241 242
104 244
116 244
237 244
239 244
244 245
244 246
84 685
86 685
90 685
102 685
114 685
161 685
162 685
266 685
267 685
599 685
613 685
683 685
138 704
141 704
182 704
184 704
242 704
585 704
586 704
613 704
673 704
104 707
115 707
116 707
138 707
217 707
237 707
239 707
245 707
266 707
267 707
609 707
669 707
87 708
104 708
115 708
138 708
174 708
184 708
199 708
217 708
237 708
239 708
245 708
256 708
266 708
267 708
609 708
613 708
674 708
138 803
217 803
266 803
267 803
613 803
669 803
673 803
87 923
114 923
115 923
116 923
138 923
139 923
267 923
116 924
138 924
141 924
476 924
217 925
476 925
106 712
119 712
180 712
184 712
253 712
256 712
267 712
275 712
340 712
355 712
683 712
108 717
111 717
118 717
120 717
161 717
235 717
245 717
267 717
351 717
356 717
497 717
161 811
267 811
351 811
683 811
88 926
90 926
162 926
267 926
118 927
121 927
122 927
141 927
174 927
184 927
239 927
246 927
266 927
267 927
340 927
351 927
476 927
613 927
81 83
81 84
81 85
81 86
81 87
81 88
81 89
81 90
89 359
90 359
217 359
255 359
359 418
359 599
174 366
217 366
246 366
107 714
117 714
118 714
120 714
121 714
122 714
124 714
141 714
174 714
181 714
183 714
185 714
256 714
266 714
340 714
351 714
601 714
683 714
85 718
109 718
121 718
132 718
217 718
236 718
246 718
393 718
86 720
88 720
89 720
204 720
206 720
210 720
217 720
236 720
246 720
306 720
601 720
85 807
121 807
132 807
217 807
597 807
601 807
85 810
108 810
111 810
161 810
174 810
182 810
217 810
237 810
239 810
246 810
253 810
256 810
266 810
267 810
351 810
464 810
476 810
601 810
609 810
613 810
675 810
683 810
684 810
693 810
90 160
102 160
116 160
160 161
160 162
122 278
124 278
181 278
183 278
382 384
382 601
107 713
110 713
117 713
181 713
183 713
351 713
601 713
620 713
675 713
109 719
118 719
122 719
161 719
236 719
239 719
351 719
497 719
601 719
613 719
351 808
620 808
675 808
84 686
85 157
86 622
86 817
86 818
87 283
87 360
87 686
88 346
88 377
88 411
88 727
90 304
90 346
90 377
90 727
90 728
90 928
90 929
105 686
109 686
121 686
103 157
157 332
157 389
157 438
157 460
157 675
157 732
157 742
157 746
109 622
418 622
601 622
622 623
622 624
418 817
444 817
599 817
601 817
109 818
122 818
124 818
95 283
105 283
206 283
246 283
174 360
255 346
343 346
346 426
118 377
120 377
162 377
184 377
185 377
209 377
239 377
245 377
246 377
267 377
340 377
351 377
377 601
377 613
170 411
200 411
201 411
209 411
246 727
306 727
246 304
304 305
304 306
120 728
124 728
162 728
245 728
267 728
306 728
356 728
120 928
124 928
162 928
245 928
246 928
267 928
684 928
185 929
246 929
95 135
95 354
95 482
96 201
96 351
96 589
97 184
97 256
97 267
97 467
97 613
98 340
98 475
99 118
99 351
99 478
100 185
100 486
100 601
101 214
101 682
102 682
103 130
103 706
105 141
105 408
105 587
105 589
105 723
106 653
106 836
107 656
107 837
108 467
108 661
108 777
108 814
108 843
109 662
109 778
109 839
109 845
109 847
110 659
110 838
111 478
111 661
111 814
111 843
114 706
114 806
115 286
115 682
116 286
116 345
116 682
116 723
117 936
117 937
118 251
118 352
118 420
118 475
118 743
118 865
118 931
119 437
119 937
120 192
120 251
120 352
120 478
120 743
120 748
121 937
121 938
122 191
122 251
122 512
122 838
122 839
122 939
122 942
123 343
123 420
123 937
123 938
124 191
124 251
124 295
124 311
124 316
124 343
124 421
124 426
124 748
124 879
124 936
124 937
124 939
130 311
130 420
130 438
130 529
130 530
130 536
130 942
130 952
132 383
132 384
132 905
134 181
134 197
134 233
134 235
134 343
134 383
134 417
134 420
134 592
134 653
134 763
134 832
134 858
135 196
135 287
135 306
135 317
135 343
135 361
135 390
135 398
135 399
135 655
135 656
135 661
135 763
135 765
135 774
135 775
135 814
135 834
135 837
135 871
135 872
138 197
138 286
138 434
139 197
139 632
139 706
139 723
139 806
141 197
141 235
141 383
141 569
141 624
141 646
141 771
141 832
141 858
141 937
141 938
181 572
572 697
572 762
572 790
572 819
572 822
287 620
383 620
620 764
620 838
620 839
620 874
233 339
336 339
339 420
339 502
339 592
339 653
339 701
339 705
339 742
339 858
352 354
354 502
354 655
354 661
354 743
354 744
405 899
482 484
482 656
482 715
482 743
482 744
482 871
482 872
235 587
236 587
287 587
403 587
587 697
587 762
587 763
587 764
587 822
587 825
587 826
181 588
235 588
287 588
383 588
398 588
588 763
588 764
588 833
588 836
588 865
588 974
201 512
201 899
201 932
191 351
251 351
287 351
343 351
351 361
351 383
351 390
351 569
351 617
351 619
351 628
351 682
351 777
351 778
351 836
351 837
351 865
351 871
351 872
351 939
196 589
235 589
287 589
347 589
353 589
589 790
589 822
589 826
589 831
589 931
589 932
184 701
184 930
184 934
184 935
256 701
256 706
256 933
190 267
235 267
267 286
267 314
267 317
267 386
267 569
267 581
267 604
267 628
267 640
267 706
267 723
267 806
267 814
267 834
267 862
267 933
267 934
267 935
267 974
190 613
235 613
236 613
306 613
317 613
569 613
577 613
613 628
613 706
613 806
613 833
613 834
613 930
613 934
613 935
613 974
336 340
340 478
340 654
340 742
340 744
340 931
253 475
475 476
476 478
478 479
185 252
185 660
185 744
185 879
185 931
185 936
185 938
185 939
264 486
252 601
390 601
601 619
601 838
601 839
601 845
601 879
601 931
601 936
601 938
601 939
167 214
180 214
214 545
214 547
214 662
214 916
214 956
214 958
214 960
161 682
162 682
255 682
675 682
682 683
682 684
199 706
674 706
693 706
235 408
408 653
408 763
408 771
408 899
245 723
246 723
684 723
198 653
215 653
253 653
404 653
582 653
584 653
596 653
634 653
637 653
253 836
183 656
199 656
329 656
646 656
650 656
656 657
183 837
497 661
647 661
649 661
476 777
649 777
161 814
237 814
245 814
612 843
329 662
440 662
444 662
624 662
662 663
662 664
476 778
649 778
464 839
444 659
646 659
464 838
496 654
596 654
342 660
418 660
646 660
674 806
286 684
343 345
345 384
345 420
322 352
342 352
352 353
352 355
352 356
313 420
329 420
338 420
355 420
386 420
420 421
275 743
342 743
353 743
355 743
356 743
543 743
253 865
476 865
200 931
275 437
322 748
342 748
347 748
356 748
418 748
371 938
312 512
313 512
209 942
290 942
290 343
337 343
343 347
295 529
295 533
295 536
209 311
290 311
311 322
311 435
311 514
258 316
290 316
316 356
316 384
316 525
316 532
329 421
342 421
418 421
421 536
421 540
183 426
347 426
353 426
217 495
246 495
495 502
210 537
388 537
476 575
183 872
209 438
210 438
264 438
275 438
371 438
183 484
252 484
371 536
388 536
264 540
645 655
364 950
371 950
386 502
174 513
193 513
246 513
322 461
435 545
664 788
435 890
322 946
364 946
371 946
430 946
435 946
435 956
246 314
314 525
314 684
236 721
246 721
306 721
321 721
322 721
329 721
440 721
322 745
433 745
194 529
210 529
264 529
371 529
195 530
209 530
371 952
435 952
439 551
335 551
369 551
373 551
430 551
312 384
321 384
329 384
384 386
384 387
384 388
384 389
384 390
384 391
384 392
384 393
384 394
384 395
393 905
361 612
390 612
390 732
612 775
648 775
649 775
183 875
181 394
181 395
181 715
197 594
215 235
235 266
235 694
182 592
577 592
580 592
582 592
585 592
592 593
592 594
215 763
581 763
582 763
637 763
182 832
266 832
585 832
182 858
239 858
266 858
476 858
684 858
196 610
196 611
196 612
287 610
287 611
287 612
479 655
496 655
605 655
608 655
610 655
604 765
605 765
610 765
611 765
612 765
650 774
657 774
237 834
609 834
183 871
264 305
329 397
397 444
413 612
325 779
444 779
624 779
664 779
183 874
336 338
338 742
266 434
434 749
632 762
387 533
217 569
266 569
569 684
476 771
582 771
608 771
252 288
252 321
252 329
252 355
252 356
252 418
650 785
693 833
217 974
266 974
650 786
215 236
236 266
236 694
353 694
353 744
581 684
603 757
258 744
275 744
342 744
689 825
694 825
584 826
634 826
174 935
217 935
239 935
245 935
266 935
476 964
403 611
640 764
183 873
174 933
217 933
266 933
209 315
258 315
275 315
315 355
193 356
325 337
336 337
367 546
179 701
180 701
198 701
255 701
258 701
275 701
404 701
189 239
189 266
189 684
209 332
258 332
209 373
633 764
258 742
404 899
275 460
460 543
275 583
209 746
433 746
435 746
543 746
275 943
543 943
391 612
199 715
342 715
599 715
342 947
342 953
275 675
322 948
342 948
435 948
234 275
234 371
322 749
430 749
435 951
322 954
435 954
275 389
389 547
275 732
392 732
162 456
456 684
166 264
166 275
168 325
170 930
292 329
329 378
329 672
329 880
329 920
329 934
444 880
275 449
239 930
694 930
322 514
182 859
182 860
412 611
611 762
611 822
611 831
612 764
612 884
322 955
394 895
395 458
395 605
395 819
395 895
395 961
237 859
594 860
245 934
190 239
190 245
190 246
190 684
195 206
195 246
209 310
209 388
210 296
435 447
435 958
266 374
374 684
597 684
245 386
246 378
310 489
369 568
369 547
430 547
369 958
430 958
462 958
369 960
430 960
462 960
237 862
347 447
571 819
629 819
571 822
584 822
608 822
669 804
392 895
355 449
430 945
462 945
335 955
375 955
688 790
242 705
462 629
371 546
433 694
694 790
593 705
258 336
336 342
693 804
608 831
335 447
533 534
533 535
364 546
369 546
458 534
535 961
479 884
