1 2
1 3
1 4
1 5
1 6
1 7
2 8
2 233
2 259
2 367
2 371
3 93
3 140
3 305
3 374
4 88
4 89
4 92
4 95
4 96
4 97
4 100
4 222
4 237
4 288
4 291
4 305
4 339
4 346
4 349
4 360
4 390
4 416
4 421
5 8
5 10
5 21
5 106
5 315
5 468
5 475
6 305
6 499
7 8
7 35
7 112
7 315
7 497
7 501
8 9
8 10
8 11
8 12
8 13
8 14
8 15
8 16
8 17
8 18
8 19
8 20
201 233
231 233
233 280
233 292
233 363
233 397
233 417
233 432
233 448
233 451
233 484
241 259
259 273
259 280
259 447
259 450
259 461
259 476
167 367
189 367
363 367
367 395
367 397
367 408
367 409
367 457
367 470
367 476
367 477
367 514
16 371
23 371
33 371
58 371
116 371
154 371
175 371
176 371
189 371
201 371
203 371
206 371
243 371
244 371
246 371
271 371
283 371
295 371
313 371
320 371
322 371
363 371
371 381
371 388
371 395
371 397
371 399
371 405
371 408
371 412
371 421
371 431
371 432
371 436
371 438
371 447
371 450
371 451
371 457
371 468
371 470
371 475
371 477
371 479
371 481
371 488
371 491
371 493
371 497
371 499
371 501
371 505
371 510
371 513
371 514
371 515
371 516
371 519
371 522
371 523
371 525
371 526
371 529
371 535
55 93
78 93
93 130
93 137
93 153
93 189
93 192
93 239
93 243
93 252
93 319
93 413
93 427
93 430
93 433
93 436
93 441
93 443
93 483
93 485
93 491
93 497
93 505
93 509
93 526
93 530
93 535
11 140
56 140
130 140
137 140
140 151
140 164
140 168
140 293
140 353
140 414
140 441
140 443
140 491
140 530
11 305
12 305
14 305
15 305
17 305
19 305
22 305
23 305
24 305
25 305
36 305
37 305
38 305
39 305
89 305
90 305
98 305
125 305
155 305
171 305
172 305
182 305
185 305
186 305
205 305
227 305
240 305
284 305
305 306
16 374
30 374
33 374
48 374
56 374
57 374
130 374
152 374
170 374
176 374
194 374
239 374
242 374
256 374
271 374
293 374
294 374
313 374
363 374
374 407
374 412
374 414
374 431
374 436
374 441
374 442
374 451
374 457
374 469
374 472
374 474
374 477
374 478
374 491
374 492
374 505
374 519
374 523
374 527
374 535
374 538
15 88
78 88
88 166
88 188
88 203
88 238
88 240
88 241
88 311
88 312
88 316
88 357
88 363
88 390
88 395
88 405
88 408
88 409
88 417
88 418
88 421
88 422
88 423
88 437
88 457
88 460
88 463
88 468
88 469
88 476
88 477
88 487
88 492
88 514
88 521
88 528
10 89
16 89
78 89
89 166
89 231
89 243
89 246
89 282
89 289
89 294
89 311
89 312
89 317
89 410
89 412
89 417
89 419
89 421
89 425
89 427
89 433
89 436
89 456
89 462
89 467
89 469
89 475
89 477
89 481
89 493
89 528
15 92
16 92
23 92
33 92
78 92
80 92
92 137
92 174
92 175
92 188
92 190
92 206
92 228
92 231
92 238
92 246
92 249
92 251
92 294
92 311
92 317
92 321
92 322
92 381
92 407
92 408
92 422
92 426
92 427
92 429
92 437
92 500
92 503
92 505
92 514
92 517
92 518
92 523
92 524
92 530
92 535
92 537
16 95
22 95
29 95
32 95
78 95
95 154
95 190
95 201
95 203
95 204
95 208
95 240
95 241
95 245
95 246
95 270
95 273
95 282
95 289
95 294
95 295
95 311
95 316
95 321
95 334
95 446
95 454
95 455
95 456
95 457
95 461
95 462
95 465
95 470
95 477
95 480
95 514
14 96
15 96
22 96
23 96
78 96
96 167
96 200
96 203
96 208
96 211
96 240
96 241
96 270
96 295
96 301
96 302
96 363
96 381
96 395
96 446
96 450
96 454
96 459
96 460
96 463
96 470
96 472
96 480
96 489
96 514
9 97
22 97
46 97
78 97
97 190
97 204
97 240
97 245
97 252
97 253
97 282
97 285
97 294
97 295
97 301
97 321
97 337
97 407
97 410
97 457
97 462
97 463
97 470
97 471
97 494
12 100
13 100
22 100
23 100
33 100
48 100
57 100
70 100
78 100
80 100
100 116
100 130
100 152
100 168
100 189
100 190
100 192
100 193
100 198
100 206
100 242
100 243
100 246
100 252
100 254
100 271
100 286
100 294
100 295
100 313
100 322
100 337
100 363
100 389
100 390
100 395
100 405
100 407
100 412
100 414
100 425
100 428
100 431
100 432
100 433
100 441
100 450
100 452
100 457
100 468
100 470
100 475
100 479
100 480
100 481
100 483
100 491
100 492
100 493
100 494
100 497
100 505
100 521
100 523
100 526
100 527
100 530
100 535
100 538
32 222
154 222
171 222
188 222
203 222
222 238
222 240
222 241
222 246
222 321
222 334
222 351
222 357
222 364
222 378
222 380
222 393
222 394
222 408
222 456
222 462
222 470
222 514
22 237
23 237
32 237
46 237
159 237
201 237
202 237
203 237
207 237
234 237
237 240
237 245
237 273
237 285
237 295
237 317
237 363
237 381
237 398
237 399
237 457
237 458
237 461
237 463
237 466
237 470
237 472
237 476
237 479
237 481
237 514
237 531
22 288
23 288
189 288
203 288
285 288
288 292
288 295
288 319
288 363
288 381
288 395
288 399
288 405
288 406
288 414
288 425
288 432
288 447
288 450
288 457
288 458
288 463
288 468
288 469
288 470
288 472
288 473
288 477
288 478
288 482
288 483
288 484
288 488
288 490
288 491
288 492
288 493
288 513
288 514
288 521
288 528
15 291
16 291
23 291
32 291
46 291
154 291
190 291
197 291
200 291
202 291
203 291
204 291
245 291
246 291
247 291
289 291
291 294
291 301
291 321
291 328
291 351
291 363
291 378
291 381
291 387
291 400
291 401
291 404
291 407
291 450
291 457
291 458
291 460
291 463
291 470
291 472
291 476
291 514
12 339
14 339
15 339
23 339
33 339
48 339
49 339
70 339
154 339
190 339
200 339
201 339
204 339
206 339
209 339
239 339
240 339
245 339
246 339
248 339
252 339
254 339
271 339
294 339
295 339
296 339
302 339
313 339
321 339
322 339
334 339
337 339
339 363
339 381
339 407
339 446
339 452
339 457
339 470
339 476
339 494
339 511
339 520
339 524
339 535
339 538
23 346
33 346
56 346
57 346
58 346
80 346
116 346
168 346
174 346
176 346
177 346
190 346
191 346
193 346
203 346
240 346
245 346
251 346
271 346
286 346
294 346
295 346
313 346
320 346
322 346
342 346
346 357
346 363
346 381
346 388
346 390
346 395
346 398
346 405
346 407
346 433
346 434
346 435
346 437
346 439
346 447
346 450
346 457
346 468
346 469
346 472
346 476
346 477
346 478
346 480
346 488
346 491
346 493
346 497
346 501
346 513
346 515
346 517
346 518
346 519
346 521
346 522
346 528
346 532
15 349
22 349
23 349
30 349
33 349
49 349
130 349
167 349
168 349
169 349
172 349
190 349
192 349
197 349
200 349
201 349
202 349
204 349
206 349
207 349
209 349
240 349
245 349
246 349
248 349
252 349
254 349
257 349
258 349
271 349
274 349
294 349
295 349
313 349
321 349
322 349
347 349
349 351
349 381
349 395
349 399
349 436
349 439
349 447
349 450
349 457
349 470
349 476
349 479
349 480
349 481
349 494
349 505
349 519
349 523
349 524
349 531
349 535
349 537
349 538
12 360
14 360
15 360
16 360
23 360
32 360
33 360
47 360
48 360
49 360
80 360
154 360
159 360
167 360
173 360
174 360
175 360
176 360
177 360
190 360
191 360
198 360
200 360
201 360
203 360
204 360
205 360
206 360
207 360
211 360
235 360
240 360
245 360
246 360
247 360
249 360
251 360
257 360
271 360
275 360
294 360
295 360
313 360
321 360
322 360
334 360
351 360
357 360
360 363
360 364
360 381
360 395
360 407
360 408
360 410
360 425
360 447
360 450
360 457
360 470
360 472
360 476
360 477
360 480
360 514
360 516
360 517
360 518
360 520
360 535
14 390
15 390
23 390
24 390
72 390
73 390
74 390
76 390
84 390
117 390
174 390
175 390
177 390
185 390
277 390
313 390
343 390
344 390
345 390
365 390
366 390
370 390
373 390
386 390
390 391
390 392
16 416
18 416
23 416
36 416
179 416
181 416
183 416
184 416
205 416
206 416
212 416
227 416
240 416
268 416
17 421
18 421
23 421
72 421
74 421
85 421
109 421
117 421
131 421
174 421
175 421
177 421
179 421
181 421
182 421
183 421
184 421
186 421
187 421
359 421
362 421
365 421
366 421
386 421
391 421
10 24
10 26
10 27
10 35
10 37
10 94
10 183
10 185
10 187
10 276
10 278
10 284
10 306
10 308
9 21
18 21
20 21
21 22
21 23
21 24
21 25
21 26
21 27
50 106
55 106
57 106
60 106
61 106
62 106
65 106
66 106
106 107
13 315
16 315
18 315
20 315
27 315
121 315
122 315
183 315
184 315
187 315
206 315
268 315
278 315
308 315
19 468
20 468
24 468
25 468
26 468
60 468
62 468
71 468
72 468
73 468
74 468
75 468
76 468
77 468
83 468
84 468
85 468
87 468
94 468
103 468
107 468
110 468
117 468
119 468
132 468
134 468
143 468
148 468
183 468
185 468
186 468
227 468
236 468
268 468
276 468
277 468
296 468
298 468
299 468
300 468
303 468
313 468
345 468
359 468
362 468
365 468
370 468
373 468
385 468
17 475
18 475
19 475
36 475
37 475
60 475
62 475
74 475
77 475
99 475
107 475
109 475
110 475
117 475
124 475
131 475
148 475
183 475
227 475
310 475
359 475
365 475
366 475
373 475
385 475
25 499
72 499
85 499
110 499
182 499
186 499
391 499
13 35
16 35
27 35
35 36
35 37
35 38
35 39
35 40
51 112
56 112
58 112
60 112
61 112
63 112
66 112
107 112
112 113
25 497
27 497
38 497
39 497
60 497
63 497
72 497
73 497
75 497
76 497
77 497
84 497
85 497
87 497
90 497
91 497
99 497
107 497
109 497
110 497
111 497
118 497
119 497
124 497
125 497
126 497
131 497
144 497
145 497
146 497
148 497
150 497
184 497
186 497
187 497
287 497
299 497
300 497
310 497
314 497
323 497
324 497
325 497
344 497
359 497
366 497
370 497
373 497
385 497
386 497
392 497
20 501
27 501
38 501
39 501
60 501
63 501
65 501
66 501
76 501
85 501
90 501
98 501
103 501
107 501
109 501
113 501
117 501
118 501
125 501
131 501
132 501
155 501
184 501
187 501
268 501
359 501
362 501
386 501
9 28
9 260
9 265
9 297
9 303
9 369
11 163
11 307
11 385
12 76
12 85
12 98
12 99
12 105
12 142
12 144
12 146
12 269
12 279
12 312
12 372
12 373
13 65
13 75
13 77
13 143
13 144
13 277
13 278
13 312
13 386
14 166
14 188
14 220
14 221
14 223
14 241
14 262
14 264
14 272
14 342
14 369
14 376
14 384
14 388
14 389
14 533
15 124
15 125
15 141
15 166
15 187
15 219
15 220
15 223
15 224
15 225
15 226
15 227
15 229
15 266
15 267
15 268
15 269
15 279
15 361
15 362
15 363
15 372
15 381
15 386
15 389
15 394
15 402
15 405
15 406
15 533
16 312
16 372
16 419
16 428
16 433
16 434
16 435
16 533
17 166
17 289
17 312
17 419
17 433
17 456
17 469
18 289
18 311
18 399
18 402
18 405
18 451
18 457
19 29
19 307
19 458
19 486
19 488
20 70
20 114
20 311
20 486
20 488
20 500
24 28
25 28
28 29
28 30
28 31
28 32
28 33
28 34
241 260
260 285
260 301
260 363
260 447
260 450
260 452
260 463
260 476
172 265
201 265
202 265
241 265
265 282
265 301
265 351
265 375
265 401
265 445
265 450
265 462
292 297
297 432
297 450
297 451
297 484
297 485
31 303
189 303
197 303
243 303
252 303
294 303
301 303
303 329
303 347
303 399
303 401
303 411
303 412
303 413
303 432
303 436
303 470
303 481
303 482
303 484
303 491
201 369
363 369
369 446
369 449
369 450
369 452
369 454
369 463
369 476
24 69
24 318
24 450
24 451
24 457
24 464
24 477
24 478
26 133
26 292
26 318
26 448
26 477
27 41
27 55
27 80
27 114
27 147
27 318
27 328
27 412
27 467
27 493
27 505
37 46
37 108
37 312
37 328
37 469
37 470
37 472
37 487
37 492
37 493
29 94
46 94
78 94
94 295
94 311
94 316
94 448
94 449
94 458
94 470
94 472
94 477
94 482
94 486
94 487
94 488
94 490
94 492
94 493
166 183
183 188
183 200
183 231
183 240
183 245
183 273
183 289
183 311
183 337
183 347
183 351
183 363
183 376
183 378
183 379
183 388
183 389
183 395
183 399
183 402
183 405
183 417
183 432
183 447
183 513
166 185
185 188
185 201
185 203
185 240
185 241
185 245
185 273
185 311
185 318
185 342
185 357
185 363
185 379
185 395
185 398
185 399
185 402
185 405
185 417
185 423
185 425
185 432
185 447
185 451
185 457
185 461
185 464
185 476
185 477
185 478
185 521
33 187
166 187
187 188
187 241
187 282
187 286
187 294
187 316
187 318
187 322
187 328
187 381
187 402
187 404
187 407
187 419
187 433
187 439
187 450
187 452
187 465
187 480
187 487
187 492
187 493
187 522
203 276
273 276
276 285
276 292
276 311
276 356
276 363
276 381
276 394
276 399
276 402
276 405
276 406
276 447
276 448
276 450
276 457
276 464
276 473
276 478
80 278
209 278
273 278
278 295
278 307
278 318
278 322
278 435
278 450
278 457
278 464
278 465
278 486
278 488
278 493
278 500
278 532
282 284
284 311
284 312
284 317
284 467
306 312
306 316
306 318
306 487
307 308
308 311
308 316
308 486
162 163
163 352
163 440
163 443
98 307
124 307
127 307
128 307
155 307
174 307
177 307
205 307
227 307
230 307
307 309
307 310
30 385
33 385
48 385
56 385
58 385
116 385
130 385
168 385
169 385
176 385
239 385
246 385
256 385
286 385
290 385
295 385
322 385
333 385
381 385
385 389
385 405
385 407
385 433
385 438
385 441
385 443
385 457
385 458
385 472
385 477
385 492
385 508
385 510
385 511
385 524
385 526
385 527
385 535
385 538
48 76
56 76
57 76
69 76
76 80
76 114
76 116
76 320
76 457
76 469
76 470
76 478
76 488
76 491
76 493
76 532
57 85
58 85
78 85
80 85
85 114
85 129
85 168
85 286
85 405
85 480
85 483
85 491
85 492
85 529
29 98
54 98
58 98
78 98
98 137
98 153
98 175
98 244
98 271
98 280
98 282
98 295
98 316
98 317
98 320
98 322
98 465
98 467
98 470
98 477
98 486
98 488
98 493
98 500
98 503
98 505
98 526
46 99
55 99
57 99
78 99
80 99
99 130
99 153
99 193
99 254
99 271
99 282
99 311
99 312
99 316
99 322
99 328
99 407
99 467
99 470
99 471
99 487
99 493
99 494
99 498
99 503
99 504
99 526
99 527
99 535
48 105
70 105
101 105
105 168
105 169
105 192
105 399
105 457
105 470
105 479
105 481
105 494
105 505
30 142
33 142
79 142
137 142
142 174
142 176
142 177
142 191
142 203
142 204
142 206
142 240
142 241
142 246
142 251
142 270
142 273
142 280
142 282
142 285
142 295
142 316
142 317
142 321
142 322
142 328
142 357
142 395
142 407
142 408
142 450
142 455
142 459
142 460
142 466
142 470
142 471
142 472
142 477
142 480
142 503
142 505
142 516
142 517
142 518
142 523
142 535
33 144
56 144
57 144
80 144
115 144
116 144
137 144
144 152
144 168
144 193
144 254
144 271
144 285
144 286
144 319
144 329
144 381
144 405
144 428
144 444
144 457
144 470
144 471
144 473
144 480
144 482
144 488
144 490
144 493
144 494
144 507
144 524
144 532
144 538
48 146
56 146
57 146
58 146
115 146
116 146
130 146
137 146
146 152
146 153
146 164
146 193
146 194
146 256
146 271
146 286
146 293
146 317
146 319
146 333
146 407
146 433
146 469
146 472
146 491
146 492
146 503
146 506
146 507
146 509
146 527
146 535
146 538
49 269
80 269
173 269
177 269
203 269
206 269
241 269
269 270
269 273
269 295
269 302
269 311
269 316
269 322
269 455
269 456
269 465
269 470
269 480
269 500
269 502
269 518
269 520
269 535
30 279
33 279
46 279
49 279
55 279
80 279
130 279
169 279
204 279
206 279
209 279
235 279
254 279
271 279
273 279
279 282
279 285
279 294
279 295
279 311
279 316
279 322
279 328
279 381
279 410
279 450
279 457
279 465
279 466
279 470
279 471
279 480
279 489
279 494
279 503
279 504
279 520
279 524
279 535
279 538
36 312
38 312
39 312
90 312
91 312
124 312
125 312
128 312
145 312
156 312
175 312
206 312
240 312
277 312
287 312
310 312
312 313
312 314
32 372
33 372
49 372
80 372
130 372
168 372
169 372
170 372
176 372
177 372
191 372
194 372
196 372
198 372
200 372
203 372
206 372
208 372
235 372
240 372
245 372
246 372
249 372
256 372
271 372
281 372
290 372
294 372
295 372
296 372
313 372
321 372
322 372
363 372
372 381
372 395
372 398
372 399
372 425
372 457
372 458
372 472
372 479
372 505
372 520
372 523
372 524
372 530
372 535
372 538
48 373
58 373
80 373
116 373
130 373
152 373
168 373
169 373
170 373
175 373
193 373
194 373
196 373
203 373
206 373
232 373
242 373
244 373
256 373
271 373
274 373
290 373
293 373
294 373
295 373
322 373
333 373
363 373
373 399
373 406
373 407
373 412
373 443
373 444
373 447
373 457
373 458
373 472
373 477
373 478
373 479
373 488
373 492
373 505
373 520
373 526
373 527
373 532
373 535
373 537
373 538
53 65
56 65
65 69
65 114
65 137
65 157
65 491
65 493
56 75
69 75
75 80
75 114
75 120
75 133
75 135
75 149
75 292
75 319
75 414
75 473
75 480
75 491
75 493
75 519
75 522
30 77
48 77
56 77
69 77
77 80
77 101
77 108
77 116
77 130
77 137
77 147
77 151
77 152
77 192
77 193
77 242
77 410
77 412
77 413
77 414
77 441
77 480
77 491
77 493
77 494
77 505
77 519
23 143
33 143
56 143
68 143
70 143
137 143
143 285
143 292
143 295
143 319
143 381
143 405
143 414
143 428
143 450
143 452
143 457
143 459
143 473
143 476
143 480
143 492
143 506
143 517
143 521
33 277
55 277
70 277
80 277
206 277
242 277
273 277
277 282
277 294
277 295
277 311
277 318
277 363
277 412
277 428
277 450
277 452
277 455
277 457
277 464
277 466
277 467
277 479
277 480
277 487
277 492
277 500
277 505
277 516
23 386
33 386
56 386
80 386
167 386
174 386
201 386
209 386
232 386
235 386
240 386
258 386
295 386
381 386
386 388
386 395
386 399
386 425
386 432
386 450
386 451
386 452
386 457
386 476
386 480
386 488
386 491
386 492
386 493
386 513
386 517
386 519
386 521
386 522
90 166
124 166
125 166
166 167
166 168
166 169
166 170
166 171
166 172
166 173
166 174
166 175
166 176
166 177
166 178
166 179
166 180
166 181
166 182
166 184
166 186
32 188
90 188
124 188
141 188
167 188
170 188
172 188
174 188
179 188
181 188
188 189
188 190
188 191
188 192
188 193
188 194
188 195
188 196
188 197
188 198
188 199
188 200
188 201
188 202
188 203
188 204
188 205
188 206
188 207
188 208
188 209
188 210
188 211
188 212
188 213
188 214
188 215
188 216
188 217
188 218
188 219
188 220
188 221
188 223
188 224
188 225
188 226
188 227
47 220
70 220
159 220
174 220
200 220
205 220
206 220
207 220
209 220
220 231
220 238
220 240
220 241
220 245
220 246
220 248
220 270
220 273
220 282
220 311
220 334
220 337
220 351
220 363
220 377
220 379
220 380
220 381
220 395
220 420
220 422
220 425
220 455
220 457
220 500
220 516
220 517
167 221
201 221
203 221
211 221
221 231
221 240
221 241
221 245
221 247
221 318
221 334
221 351
221 378
221 379
221 381
221 394
221 395
221 397
221 450
221 457
221 461
221 476
221 477
33 223
80 223
154 223
173 223
191 223
201 223
203 223
206 223
223 228
223 240
223 245
223 246
223 249
223 273
223 282
223 318
223 321
223 334
223 379
223 380
223 381
223 394
223 395
223 403
223 408
223 422
223 423
223 424
223 437
223 450
223 457
223 465
223 500
223 516
223 517
32 241
34 241
81 241
90 241
125 241
168 241
173 241
176 241
177 241
179 241
180 241
181 241
184 241
197 241
205 241
224 241
225 241
229 241
239 241
240 241
241 242
241 243
241 244
241 245
241 246
241 247
241 248
241 249
241 250
241 251
241 252
241 253
241 254
241 255
241 256
241 257
241 258
241 261
241 262
241 263
241 264
241 266
241 267
241 268
250 262
262 270
262 289
262 351
262 354
262 355
262 378
262 454
201 264
264 273
264 285
264 351
264 356
264 357
264 363
264 364
264 378
264 393
264 445
264 447
264 450
264 461
264 463
264 476
200 272
245 272
270 272
272 285
272 289
272 337
272 354
272 356
272 363
272 379
272 395
272 457
272 459
170 342
342 343
342 344
342 345
171 376
179 376
182 376
184 376
23 384
33 384
154 384
159 384
172 384
201 384
206 384
207 384
209 384
240 384
245 384
246 384
248 384
257 384
258 384
283 384
294 384
295 384
321 384
322 384
334 384
351 384
381 384
384 450
384 516
384 534
174 388
177 388
179 388
182 388
227 388
268 388
343 388
359 388
362 388
365 388
366 388
176 389
178 389
180 389
343 389
359 389
365 389
366 389
370 389
32 533
33 533
49 533
175 533
176 533
199 533
200 533
203 533
206 533
207 533
208 533
211 533
240 533
245 533
247 533
250 533
256 533
257 533
271 533
274 533
290 533
294 533
295 533
296 533
313 533
321 533
322 533
334 533
351 533
533 535
533 536
533 537
533 538
54 124
120 124
124 174
124 209
124 238
124 240
124 270
124 285
124 316
124 381
124 395
124 415
124 418
124 420
124 422
124 434
124 457
124 459
124 488
124 512
124 513
124 517
124 522
54 125
120 125
125 174
125 175
125 206
125 228
125 282
125 316
125 415
125 419
125 426
125 434
125 453
125 455
125 488
125 512
125 515
125 518
125 529
33 141
137 141
141 167
141 173
141 201
141 211
141 228
141 231
141 240
141 280
141 316
141 408
141 422
141 424
141 437
141 477
141 502
141 517
141 536
29 219
32 219
159 219
199 219
200 219
207 219
208 219
219 228
219 240
219 245
219 247
219 250
219 289
219 334
219 351
219 377
219 378
219 381
219 403
219 453
219 454
219 458
219 514
23 224
33 224
55 224
80 224
154 224
172 224
174 224
198 224
201 224
206 224
224 231
224 245
224 246
224 248
224 285
224 294
224 318
224 321
224 322
224 328
224 379
224 381
224 387
224 404
224 407
224 425
224 427
224 436
224 447
224 450
224 452
224 466
224 479
224 480
224 505
224 517
224 523
33 225
49 225
174 225
176 225
203 225
204 225
206 225
225 238
225 239
225 245
225 246
225 249
225 251
225 285
225 294
225 322
225 328
225 357
225 380
225 381
225 387
225 400
225 404
225 407
225 408
225 429
225 450
225 456
225 457
225 470
225 471
225 472
225 504
225 511
225 516
225 518
225 520
225 524
225 535
29 226
32 226
33 226
49 226
79 226
175 226
176 226
200 226
226 228
226 294
226 322
226 328
226 363
226 403
226 404
226 408
226 426
226 470
226 472
226 489
226 516
226 520
226 524
226 536
226 537
200 227
208 227
227 228
227 231
227 234
227 240
227 289
227 316
227 363
227 395
227 399
227 415
227 417
227 422
227 425
227 434
227 453
227 454
227 486
227 488
227 513
227 514
227 528
32 229
47 229
79 229
174 229
175 229
200 229
206 229
207 229
210 229
228 229
229 245
229 246
229 247
229 283
229 285
229 357
229 363
229 377
229 387
229 395
229 426
229 453
229 457
229 459
229 518
29 266
32 266
203 266
266 273
266 356
266 363
266 394
266 403
266 408
266 409
266 449
266 457
266 460
266 466
266 470
266 479
46 267
203 267
204 267
267 282
267 289
267 294
267 301
267 356
267 375
267 381
267 400
267 404
267 407
267 410
267 445
267 449
267 450
267 456
267 460
267 465
267 470
267 471
267 472
267 480
200 268
206 268
209 268
268 270
268 273
268 280
268 316
268 363
268 381
268 399
268 402
268 403
268 415
268 420
268 434
268 455
268 457
268 486
268 488
268 515
268 516
268 522
32 361
47 361
48 361
68 361
171 361
174 361
176 361
194 361
195 361
203 361
210 361
239 361
240 361
246 361
255 361
257 361
271 361
275 361
283 361
290 361
321 361
322 361
351 361
357 361
361 363
361 395
361 397
361 407
361 409
361 436
361 457
361 477
361 479
361 505
361 511
361 518
361 523
361 535
56 362
58 362
116 362
168 362
174 362
176 362
203 362
232 362
235 362
255 362
271 362
286 362
290 362
320 362
322 362
333 362
357 362
362 363
362 405
362 407
362 409
362 457
362 477
362 492
362 515
362 518
362 520
362 529
362 535
32 363
126 363
178 363
199 363
201 363
202 363
203 363
204 363
239 363
248 363
250 363
252 363
253 363
256 363
263 363
283 363
338 363
348 363
358 363
359 363
363 364
363 365
363 366
363 368
363 370
32 381
90 381
175 381
181 381
184 381
186 381
202 381
207 381
208 381
214 381
215 381
239 381
240 381
254 381
258 381
263 381
290 381
348 381
358 381
365 381
366 381
368 381
370 381
381 382
381 383
32 394
181 394
186 394
200 394
202 394
203 394
204 394
214 394
218 394
172 402
181 402
186 402
36 405
74 405
117 405
131 405
175 405
181 405
184 405
186 405
296 405
299 405
344 405
359 405
365 405
366 405
370 405
23 406
73 406
131 406
294 406
365 406
370 406
90 419
91 419
184 419
206 419
212 419
84 428
117 428
175 428
321 428
366 428
109 433
126 433
131 433
184 433
212 433
324 433
345 433
359 433
366 433
36 434
60 434
62 434
63 434
90 434
103 434
117 434
118 434
131 434
184 434
212 434
359 434
61 435
128 435
131 435
36 289
42 289
178 289
199 289
201 289
206 289
212 289
235 289
252 289
253 289
254 289
263 289
271 289
283 289
286 289
289 290
34 456
81 456
91 456
235 456
236 456
263 456
290 456
313 456
36 469
74 469
109 469
131 469
296 469
298 469
313 469
326 469
327 469
345 469
365 469
22 311
23 311
30 311
32 311
34 311
42 311
43 311
155 311
198 311
207 311
258 311
271 311
275 311
23 399
32 399
87 399
102 399
104 399
117 399
131 399
186 399
208 399
235 399
236 399
299 399
348 399
359 399
368 399
370 399
383 399
72 451
74 451
87 451
110 451
117 451
126 451
178 451
295 451
299 451
344 451
366 451
392 451
34 457
36 457
42 457
72 457
74 457
81 457
102 457
104 457
117 457
126 457
131 457
186 457
235 457
254 457
263 457
287 457
370 457
383 457
29 34
29 41
29 82
82 458
235 458
254 458
263 458
365 458
383 458
127 486
155 486
38 488
87 488
110 488
117 488
131 488
155 488
298 488
300 488
310 488
365 488
366 488
392 488
69 70
70 78
70 117
70 300
25 114
57 114
66 114
72 114
114 115
114 116
114 117
114 118
114 119
25 500
43 500
138 500
139 500
145 500
155 500
310 500
22 74
22 104
23 370
23 417
23 423
23 425
23 432
25 80
25 318
25 487
25 492
69 74
74 78
74 108
74 189
74 450
74 470
74 472
74 477
74 478
74 480
74 483
74 485
74 491
74 492
74 493
74 521
74 528
31 104
101 104
104 189
104 470
104 479
104 481
104 494
104 531
30 370
33 370
47 370
48 370
56 370
68 370
80 370
176 370
193 370
197 370
203 370
206 370
242 370
246 370
271 370
275 370
294 370
370 412
370 413
370 414
370 432
370 437
370 438
370 441
370 447
370 472
370 476
370 478
370 479
370 505
370 508
370 510
370 517
370 521
370 525
370 531
173 417
178 417
180 417
33 423
207 423
210 423
214 423
217 423
102 425
117 425
208 425
214 425
396 425
72 432
117 432
178 432
180 432
345 432
359 432
365 432
69 71
69 72
69 73
31 318
33 318
138 318
139 318
210 318
257 318
42 450
72 450
87 450
102 450
110 450
155 450
186 450
255 450
256 450
257 450
258 450
295 450
299 450
300 450
302 450
344 450
358 450
368 450
382 450
392 450
396 450
446 450
275 464
34 477
42 477
72 477
102 477
103 477
110 477
126 477
132 477
134 477
138 477
396 477
71 478
72 478
73 478
126 478
287 478
299 478
43 80
72 80
78 80
80 102
80 108
80 118
80 119
80 148
80 155
145 487
155 487
72 492
73 492
83 492
84 492
87 492
109 492
110 492
126 492
145 492
300 492
323 492
326 492
50 133
86 133
115 133
119 133
133 134
87 292
119 292
126 292
134 292
292 293
292 294
292 295
292 296
292 298
292 299
292 300
236 448
281 448
295 448
31 41
33 41
41 42
41 43
41 44
44 55
53 55
55 139
55 324
61 147
86 147
103 147
116 147
118 147
132 147
136 147
147 148
39 328
40 328
42 328
43 328
44 328
82 328
87 328
90 328
122 328
139 328
155 328
290 328
299 328
320 328
321 328
322 328
323 328
325 328
87 412
103 412
118 412
132 412
148 412
186 412
236 412
294 412
299 412
313 412
321 412
326 412
327 412
341 412
344 412
345 412
392 412
91 467
186 467
236 467
313 467
50 493
61 493
66 493
86 493
109 493
118 493
119 493
126 493
155 493
43 505
87 505
91 505
102 505
103 505
118 505
126 505
132 505
148 505
299 505
326 505
327 505
30 103
30 126
30 316
31 317
32 231
32 263
32 273
32 379
32 395
32 397
32 398
33 90
33 126
33 186
33 287
33 317
33 427
33 436
33 437
33 438
33 439
34 78
34 273
34 316
34 465
34 470
46 82
78 82
82 470
82 472
82 489
58 103
101 103
103 129
103 413
103 480
103 491
103 510
103 519
103 522
103 525
56 126
58 126
116 126
120 126
126 176
126 242
126 271
126 285
126 294
126 317
126 319
126 320
126 408
126 410
126 414
126 441
126 442
126 466
126 472
126 473
126 490
126 507
126 509
126 515
126 516
126 519
126 522
121 316
127 316
128 316
138 316
155 316
165 316
207 316
208 316
235 316
257 316
271 316
42 317
43 317
91 317
165 317
186 317
210 317
236 317
258 317
173 231
180 231
190 231
196 231
198 231
208 231
214 231
231 232
200 263
245 263
246 263
263 273
263 282
263 354
263 355
263 356
263 375
263 380
263 387
263 453
263 455
263 460
172 273
181 273
186 273
198 273
235 273
243 273
247 273
252 273
273 274
273 275
198 379
214 379
208 395
214 395
254 395
348 395
359 395
395 396
180 397
359 397
181 398
201 398
299 398
359 398
383 398
57 90
58 90
78 90
90 120
90 238
90 251
90 282
90 286
90 322
90 407
90 408
90 418
90 429
90 460
90 471
90 480
90 498
90 522
90 524
90 529
90 535
186 203
186 206
186 246
186 280
186 282
186 285
186 380
186 408
186 418
186 424
186 438
186 447
186 466
186 479
186 510
186 516
186 522
285 287
287 319
287 408
287 418
287 424
287 442
287 473
287 496
287 522
210 427
217 427
102 436
217 436
72 437
118 437
134 437
217 437
102 438
341 438
73 439
86 439
165 439
42 78
50 78
61 78
71 78
78 79
78 81
78 83
78 84
78 86
78 87
78 91
257 465
42 470
71 470
73 470
81 470
83 470
84 470
87 470
102 470
109 470
236 470
290 470
296 470
298 470
299 470
304 470
313 470
345 470
383 470
36 418
36 460
38 54
38 79
38 129
39 57
39 58
39 129
39 498
39 504
40 56
40 58
40 120
40 129
40 149
40 319
40 496
40 507
175 418
181 418
184 418
240 418
42 460
71 460
254 460
290 460
296 460
299 460
42 46
45 46
46 53
46 81
46 83
46 87
46 298
46 304
66 108
83 108
84 108
108 109
108 110
108 111
42 472
102 472
109 472
110 472
145 472
155 472
290 472
383 472
53 54
54 67
54 121
54 127
54 128
54 145
54 155
54 310
43 79
79 101
79 128
79 155
79 323
79 326
58 129
66 129
109 129
110 129
113 129
116 129
123 129
129 130
129 131
129 132
53 57
57 84
57 109
57 120
57 156
57 325
57 327
51 58
53 58
58 61
58 66
58 91
58 109
58 110
58 113
58 120
58 123
58 128
58 132
58 136
58 145
58 148
58 155
58 156
122 498
128 498
156 498
43 504
156 504
165 504
325 504
327 504
44 56
53 56
56 66
56 73
56 84
56 87
56 110
56 113
56 119
56 123
56 145
56 148
56 299
56 323
56 325
56 326
56 327
91 120
116 120
119 120
120 121
120 122
120 123
120 127
120 128
51 149
52 149
111 149
119 149
123 149
130 149
136 149
149 150
71 319
83 319
91 319
111 319
119 319
123 319
145 319
150 319
296 319
298 319
314 319
319 320
319 321
319 322
319 323
319 324
319 325
319 326
319 327
91 496
145 496
156 496
314 496
44 507
51 507
52 507
87 507
136 507
145 507
156 507
299 507
300 507
323 507
325 507
42 101
42 301
42 466
42 479
42 480
42 481
43 503
44 130
44 137
44 151
44 153
44 329
44 441
44 491
44 509
101 102
71 301
81 301
83 301
236 301
290 301
293 301
294 301
301 302
301 304
258 466
102 479
299 479
326 479
71 480
73 480
102 480
299 480
87 481
102 481
236 481
299 481
128 503
139 503
165 503
86 130
130 135
130 136
130 148
130 165
66 137
115 137
116 137
137 138
137 139
137 145
64 151
136 151
148 151
151 152
47 153
52 153
59 153
68 153
111 153
128 153
136 153
145 153
150 153
152 153
153 154
153 155
153 156
48 329
49 329
52 329
83 329
86 329
87 329
300 329
325 329
73 441
84 441
87 441
91 441
148 441
299 441
322 441
341 441
50 491
61 491
66 491
83 491
84 491
87 491
110 491
111 491
136 491
298 491
324 491
327 491
345 491
392 491
91 509
123 509
324 509
45 47
45 48
45 49
45 50
45 51
45 52
47 158
47 160
47 348
47 359
48 110
48 111
48 119
48 132
48 135
48 148
48 300
49 53
49 67
49 135
49 162
49 165
49 440
49 443
49 444
50 53
50 135
50 482
51 116
51 135
51 158
52 53
52 116
52 152
52 157
52 160
53 59
53 60
53 61
53 62
53 63
53 64
53 66
81 285
81 471
83 482
83 483
83 490
83 494
87 116
87 192
87 244
87 294
87 404
87 411
87 430
87 431
87 440
87 443
87 490
87 494
87 519
87 524
87 526
87 527
87 535
87 537
87 538
298 490
295 304
302 304
304 449
304 489
304 494
59 158
61 158
66 158
68 158
107 158
113 158
158 159
86 160
119 160
150 160
154 160
68 348
347 348
348 447
59 359
68 359
159 359
174 359
177 359
200 359
206 359
210 359
240 359
245 359
246 359
275 359
320 359
351 359
357 359
359 508
359 512
359 513
359 515
110 116
110 232
110 320
111 135
111 152
111 193
111 494
111 506
116 119
119 193
119 320
119 490
119 508
116 132
132 161
132 194
132 195
132 244
132 320
132 431
115 135
123 135
134 135
135 136
116 148
148 152
148 161
148 170
148 193
148 194
148 196
148 333
148 431
148 508
148 527
116 300
152 300
193 300
232 300
271 300
274 300
295 300
300 452
300 489
300 490
300 494
300 506
61 67
64 67
67 68
86 162
136 162
154 162
164 165
165 169
165 177
165 194
165 234
165 256
165 271
165 274
165 294
165 322
165 502
322 440
327 440
341 440
64 443
84 443
136 443
327 443
64 444
109 444
118 444
123 444
71 482
86 482
236 482
61 116
64 116
66 116
84 116
86 116
113 116
116 136
116 150
116 325
64 152
136 152
150 152
152 156
59 157
64 157
66 157
113 157
59 182
59 343
60 414
60 522
61 431
61 526
62 414
62 528
63 414
63 529
64 161
64 164
64 293
66 193
127 177
127 320
127 495
128 194
128 255
128 271
128 320
128 322
128 333
128 532
145 193
145 271
145 320
145 490
145 506
155 177
155 193
155 232
155 235
155 271
155 295
155 320
155 489
155 502
73 168
73 242
73 414
73 431
73 483
73 508
73 518
73 526
84 168
84 414
84 483
84 494
84 524
84 526
84 527
113 333
123 168
123 293
123 414
123 529
68 299
176 299
198 299
242 299
294 299
299 353
299 387
299 408
299 411
299 414
299 430
299 431
299 473
299 508
299 510
299 518
299 525
299 526
299 535
323 506
323 508
115 325
68 326
176 326
195 326
242 326
293 326
326 409
326 414
326 426
326 430
326 431
326 506
326 518
326 535
326 537
115 327
170 327
281 327
293 327
327 429
327 430
327 519
327 524
327 527
327 535
327 538
109 286
109 408
109 414
109 442
109 519
109 522
109 524
115 156
156 256
156 333
91 430
91 483
91 526
91 529
91 535
136 161
136 168
136 170
136 293
136 430
136 431
136 526
173 182
182 205
182 228
182 270
182 334
182 377
182 415
182 512
71 414
72 414
117 414
118 414
131 414
134 414
294 414
296 414
321 414
322 414
344 414
365 414
366 414
72 522
86 431
321 431
322 431
341 431
392 431
86 526
118 528
134 528
118 529
68 161
154 161
154 164
193 228
193 331
193 332
68 102
68 117
68 131
68 382
102 168
102 408
102 517
102 518
102 519
102 523
102 524
102 525
117 512
117 513
117 517
131 512
131 515
131 518
382 407
382 452
382 511
71 473
71 483
72 408
72 442
72 517
72 519
72 521
296 473
204 408
211 408
218 408
296 408
344 408
396 408
322 442
368 519
396 519
86 168
118 168
242 270
107 508
118 189
134 189
189 228
189 383
345 485
107 320
86 192
192 331
204 410
294 410
383 410
294 413
341 413
345 413
86 411
118 243
118 353
118 525
118 530
181 285
184 285
199 285
201 285
240 285
248 285
252 285
254 285
256 285
258 285
285 286
290 471
236 411
294 411
341 411
244 282
244 392
236 294
294 400
203 404
204 404
218 404
321 430
322 430
341 430
181 238
184 238
191 238
195 238
200 238
207 238
214 238
238 239
238 240
181 357
200 357
214 357
239 357
248 357
250 357
256 357
357 358
204 409
207 422
208 422
214 422
256 463
383 476
365 514
383 514
243 280
243 345
184 246
212 246
216 246
217 246
218 246
246 270
246 354
246 355
184 282
200 282
206 282
212 282
239 282
251 282
255 282
257 282
271 282
282 283
255 462
251 375
251 445
204 407
211 407
218 407
290 407
368 407
383 407
211 429
218 429
174 184
174 415
174 420
175 424
190 234
190 383
184 206
179 228
197 228
202 228
205 228
207 228
214 228
228 230
218 249
249 378
209 426
216 426
239 341
239 380
252 355
252 356
252 445
252 447
295 445
302 449
446 449
154 358
201 387
201 400
204 400
208 280
208 420
208 424
181 245
184 245
214 245
215 245
245 354
179 270
197 270
205 270
230 270
253 270
270 271
179 334
213 334
214 334
215 334
261 334
332 334
334 340
334 350
445 446
253 454
235 455
271 455
274 461
200 380
211 424
302 445
302 452
254 459
184 337
195 337
199 337
337 338
138 280
173 280
274 280
280 281
254 453
198 218
368 452
341 525
344 510
169 330
232 335
150 333
332 333
333 340
115 150
150 196
184 512
230 512
391 512
365 513
344 353
351 353
209 420
177 415
179 415
205 415
230 415
213 420
215 420
216 420
177 453
235 453
261 453
184 515
366 515
176 330
176 355
366 516
368 516
396 516
230 495
309 495
194 336
195 332
195 336
134 484
170 330
170 332
138 502
173 230
215 424
218 424
191 396
196 332
196 335
196 347
234 235
159 338
341 352
351 352
172 234
234 236
171 217
178 474
179 330
179 331
179 354
180 330
180 335
180 351
180 355
180 393
181 330
181 332
181 336
181 356
184 380
184 387
184 447
212 330
214 332
215 332
197 217
217 335
217 340
217 393
217 400
217 401
212 355
248 355
283 355
365 474
213 331
214 331
215 331
216 331
261 354
214 335
214 351
350 351
250 393
364 393
214 336
215 336
218 336
247 356
248 356
197 377
213 377
261 377
214 378
250 378
368 447
396 447
215 380
199 387
216 387
199 261
202 403
212 340
212 375
212 400
213 534
214 247
215 248
215 403
216 248
216 283
216 340
218 340
218 350
341 400
340 341
236 375
283 375
364 401
368 520
236 445
