1 2
1 3
1 4
1 5
1 6
1 7
1 8
1 9
1 10
1 11
1 12
1 13
2 5
2 6
2 12
2 14
2 15
2 16
2 17
3 6
3 8
3 10
3 11
3 13
3 18
4 13
4 19
4 20
5 6
5 8
5 10
5 12
5 14
5 15
5 17
5 21
5 22
5 23
5 24
5 25
6 8
6 10
6 11
6 12
6 13
7 10
7 13
7 18
7 26
7 27
7 28
8 10
8 12
8 13
9 10
9 11
9 13
9 18
10 11
10 12
10 13
10 18
11 13
11 18
11 29
12 17
12 23
12 30
13 18
13 27
13 31
14 15
14 22
14 24
14 30
14 32
15 21
15 22
15 24
15 25
15 33
16 34
16 35
16 36
16 37
17 22
17 24
17 30
17 32
17 38
18 26
18 39
18 40
19 41
20 42
21 23
21 33
22 24
22 25
22 38
22 43
24 25
24 30
24 32
24 43
24 44
25 43
26 39
26 40
26 45
27 31
27 46
27 47
27 48
29 49
30 32
31 46
31 47
31 49
31 50
31 51
32 44
32 52
32 53
33 54
35 36
35 37
36 37
39 55
42 56
44 53
44 57
46 58
47 48
47 49
49 50
49 51
49 59
50 51
50 59
50 60
50 61
51 62
52 53
57 63
58 64
59 60
59 61
59 65
60 61
60 66
61 65
61 67
62 68
62 69
63 70
63 71
64 72
64 73
65 67
70 71
70 74
70 75
70 76
70 77
72 73
72 78
72 79
72 80
74 76
74 77
75 77
75 81
76 77
80 82
80 83
81 84
82 83
84 85
84 86
85 87
85 88
85 89
85 90
86 88
87 88
