1 2
1 3
1 4
1 5
1 6
2 81
2 82
2 663
2 664
2 665
3 173
3 209
3 294
3 338
3 421
3 518
3 616
3 617
3 666
3 667
3 668
3 669
3 670
3 671
3 672
3 673
3 674
3 675
3 676
4 620
5 351
5 415
5 551
5 677
6 678
23 81
81 709
82 380
82 405
82 832
82 833
47 663
173 174
173 175
208 209
209 301
209 303
209 388
99 294
294 1119
337 338
338 1165
338 1166
216 421
217 421
421 1029
309 518
361 518
427 518
518 1329
175 616
441 616
581 616
616 1408
616 1409
301 617
521 617
617 1379
617 1410
617 1411
14 667
273 669
114 671
158 671
23 672
49 673
170 673
206 673
207 673
587 620
619 620
620 1412
620 1413
190 351
351 574
351 1188
414 415
415 629
347 551
550 551
551 588
551 592
551 677
551 1350
429 677
493 678
7 8
7 9
7 679
8 347
8 679
9 349
9 428
347 1185
317 349
348 349
349 539
349 1186
428 429
428 430
10 11
10 12
11 12
11 84
12 84
12 680
12 681
83 84
84 93
84 278
84 364
84 365
56 680
356 681
376 681
13 14
13 15
14 98
14 99
14 100
14 101
14 102
14 103
14 104
14 105
14 106
14 107
14 108
14 109
14 110
14 682
14 683
14 684
14 685
14 686
14 687
14 688
14 689
14 690
14 691
15 129
15 271
15 621
15 692
15 693
15 694
47 98
98 854
100 416
101 526
101 855
102 210
102 856
102 857
19 103
103 263
103 425
103 578
103 858
103 859
104 860
105 255
105 457
58 106
106 514
106 861
107 658
59 108
108 510
109 638
110 861
96 129
129 927
50 271
80 271
270 271
271 577
271 873
621 1414
180 693
16 17
17 39
17 68
17 134
17 145
17 165
17 249
17 290
17 291
17 536
17 537
17 538
17 539
17 540
17 695
17 696
17 697
17 698
17 699
35 39
38 39
39 44
39 68
39 74
39 124
39 220
39 695
39 744
39 745
39 746
65 68
67 68
68 165
68 536
68 608
68 696
68 761
68 829
133 134
134 929
144 145
145 935
52 165
59 165
163 165
164 165
165 261
165 290
165 475
165 956
165 957
165 958
249 250
249 1062
249 1063
290 291
290 292
290 293
291 538
291 540
291 1116
536 538
537 539
537 1343
538 1344
42 539
125 539
350 539
539 540
539 1345
54 540
540 791
540 1186
49 697
18 19
18 20
18 700
20 411
20 700
20 701
20 702
289 411
411 418
411 1243
411 1244
116 701
21 22
21 23
21 24
22 87
22 612
22 703
23 27
23 48
23 58
23 62
23 80
23 139
23 237
23 254
23 274
23 329
23 389
23 448
23 492
23 576
23 605
23 606
23 613
23 704
23 705
23 706
23 707
23 708
23 709
23 710
23 711
23 712
23 713
23 714
23 715
23 716
23 717
23 718
23 719
23 720
23 721
24 263
83 87
87 89
87 834
332 612
612 613
612 645
25 27
27 329
27 548
27 569
27 576
27 586
27 722
27 723
46 48
48 67
48 224
48 392
48 578
48 761
48 762
48 763
48 764
48 765
48 766
48 767
48 768
48 769
57 58
58 78
58 158
58 177
58 203
58 264
58 288
58 364
58 378
58 379
58 418
58 492
58 545
58 628
58 641
58 642
58 644
58 718
58 801
58 802
58 803
58 804
58 805
58 806
58 807
58 808
58 809
61 62
62 116
62 231
62 232
62 704
62 822
62 823
62 824
79 80
80 221
80 317
80 463
26 139
136 139
139 241
139 380
139 478
139 549
188 237
237 238
237 239
237 240
237 241
47 254
254 377
254 866
254 1069
274 1091
274 1092
274 1093
28 329
127 329
329 402
329 462
329 463
388 389
389 593
389 1220
89 448
217 448
231 448
448 449
448 1072
448 1275
448 1276
435 492
481 492
492 1309
261 576
575 576
576 1109
576 1369
605 953
60 606
361 606
399 606
525 606
606 1260
613 1397
613 1398
47 706
141 706
295 707
264 712
520 713
188 718
632 719
47 263
226 263
263 392
263 514
25 26
25 28
26 549
28 402
548 549
549 1349
478 548
522 548
410 569
474 569
491 569
568 569
569 579
569 1359
569 1360
402 586
586 1378
401 402
402 437
402 1230
29 30
30 413
413 589
31 32
31 33
31 34
31 35
31 36
31 37
31 724
31 725
31 726
32 76
32 183
32 194
32 195
32 196
32 197
32 198
32 199
32 200
32 726
32 727
32 728
32 729
32 730
32 731
32 732
32 733
33 199
33 278
33 344
33 345
33 346
33 732
33 734
33 735
33 736
33 737
33 738
34 213
34 367
34 385
34 739
35 38
36 175
37 740
72 76
76 362
76 831
183 184
183 185
183 186
183 727
183 728
194 343
194 1000
194 1001
195 1002
196 343
197 403
197 439
198 1003
199 633
200 403
200 1004
277 278
278 875
278 1095
278 1096
278 1097
278 1098
278 1099
278 1100
278 1101
344 385
188 345
345 346
345 467
345 468
345 469
345 734
345 1173
345 1174
345 1175
345 1176
345 1177
345 1178
345 1179
143 346
346 614
346 1180
346 1181
346 1182
346 1183
346 1184
212 213
213 435
213 579
213 1021
213 1022
213 1023
213 1024
112 367
292 367
361 367
366 367
367 435
367 1201
301 385
385 435
385 874
385 1017
385 1214
385 1215
385 1216
385 1217
590 739
38 40
38 41
38 42
38 43
38 44
38 45
38 741
38 742
38 743
175 394
175 482
175 972
175 973
175 974
175 975
175 976
175 977
40 43
40 74
40 454
40 747
40 748
41 317
42 124
42 256
42 258
42 317
42 348
43 74
43 454
43 749
43 750
44 52
45 577
72 74
73 74
74 77
74 362
124 125
220 654
114 744
47 745
454 1278
153 317
256 317
257 317
258 317
317 350
317 394
317 444
317 877
317 1147
317 1148
317 1149
317 1150
317 1151
317 1152
47 256
125 256
256 258
256 283
256 292
256 394
256 458
256 459
256 460
256 461
256 1070
47 258
125 258
258 283
258 292
258 394
258 459
258 461
258 1070
348 350
51 52
52 60
52 181
52 319
52 468
52 643
52 791
52 792
577 1370
577 1371
577 1372
46 47
46 49
46 50
46 751
47 77
47 151
47 211
47 253
47 255
47 257
47 259
47 260
47 261
47 262
47 264
47 265
47 752
47 753
47 754
47 755
47 756
47 757
47 758
47 759
47 760
49 57
49 169
49 177
49 302
49 439
49 501
49 531
49 770
49 771
49 772
49 773
49 774
49 775
49 776
49 777
49 778
49 779
49 780
49 781
49 782
49 783
49 784
49 785
49 786
49 787
49 788
50 57
50 283
50 441
50 525
50 789
72 77
77 362
77 363
150 151
151 943
210 211
211 927
211 1019
211 1020
253 276
218 255
255 457
59 257
257 316
257 873
228 259
259 517
180 260
260 261
260 1071
261 559
138 262
262 449
262 1072
91 264
264 1073
264 1074
265 1075
176 752
172 753
185 753
59 754
65 67
224 225
224 226
224 227
224 228
227 392
391 392
392 573
392 1224
578 1373
578 1374
226 761
227 761
439 765
227 767
573 767
57 59
57 60
169 170
176 177
177 400
177 873
177 980
273 302
302 303
302 304
437 439
439 1266
238 501
364 501
403 501
435 501
501 522
531 532
531 533
176 772
172 774
486 775
500 775
170 776
158 777
375 786
125 283
180 283
283 284
283 285
283 286
283 287
283 1105
283 1106
283 1107
283 1108
440 441
472 525
525 555
525 556
525 557
525 571
525 1333
525 1334
51 790
60 530
60 573
60 607
60 818
60 819
60 820
181 182
181 990
318 319
319 805
468 1221
463 643
643 1427
643 1428
292 791
293 791
596 791
53 54
55 56
56 112
56 148
56 149
56 426
56 527
56 793
56 794
56 795
56 796
56 797
56 798
56 799
56 800
111 112
112 863
148 149
148 793
148 794
148 941
148 942
149 423
426 427
59 527
527 1337
275 795
403 797
185 798
59 65
59 66
59 69
59 187
59 293
59 554
59 596
59 810
59 811
59 812
59 813
59 814
59 815
59 816
59 817
72 78
75 78
78 362
78 493
122 158
157 158
158 239
158 289
158 361
158 947
158 948
158 949
158 950
158 951
203 204
288 289
89 364
188 364
364 839
343 378
378 379
378 380
180 379
234 379
343 379
379 380
417 418
418 1247
543 545
544 545
545 546
545 1347
545 1348
380 641
640 641
641 1425
642 1426
180 644
463 644
424 801
234 802
188 805
180 807
380 807
65 66
65 69
65 827
65 828
66 475
69 458
187 188
293 877
293 1118
238 554
554 660
243 596
596 597
380 810
443 810
599 811
125 812
650 813
499 530
530 650
573 1362
573 1363
607 1394
607 1395
514 818
61 821
115 116
116 822
116 871
116 872
71 231
232 463
232 823
115 822
63 64
64 178
64 179
64 825
64 826
178 179
178 180
178 825
127 179
179 825
475 1296
458 608
608 1362
70 71
72 73
72 75
73 362
73 363
75 362
75 493
75 830
362 493
362 1198
363 601
363 615
363 1199
221 222
221 223
221 1035
463 1000
463 1286
463 1287
143 380
380 412
380 1207
380 1208
404 405
405 1233
405 1234
405 1235
83 85
83 86
83 88
83 89
83 90
83 91
83 92
83 93
83 94
85 89
85 472
86 89
86 92
88 472
88 835
89 90
89 92
89 93
89 94
89 162
89 309
89 472
89 836
89 837
89 838
89 839
89 840
89 841
89 842
89 843
89 844
89 845
89 846
89 847
89 848
89 849
90 93
90 465
90 472
90 850
92 472
93 156
93 472
93 839
94 472
365 1200
472 840
161 162
162 170
162 580
162 841
162 955
114 309
172 309
273 309
309 482
147 837
185 844
341 465
465 1288
465 1289
155 156
156 434
156 435
156 436
95 96
95 97
96 128
96 851
97 852
97 853
128 926
273 854
234 526
304 526
526 1335
526 1336
226 425
424 425
425 1256
425 1257
425 1258
282 457
457 1279
514 515
514 516
514 1064
514 1325
514 1326
514 1327
516 658
656 658
658 1454
238 510
503 510
510 646
510 1316
510 1320
510 1321
510 1322
636 638
637 638
638 1423
111 862
113 114
114 172
114 273
114 864
114 865
114 866
114 867
114 868
114 869
114 870
171 172
172 273
172 310
172 311
172 312
172 313
172 963
172 964
172 965
172 966
172 967
172 968
172 969
172 970
172 971
272 273
273 947
273 1085
273 1086
273 1087
273 1088
273 1089
273 1090
117 118
117 119
117 120
117 121
117 122
117 123
118 119
118 120
118 121
118 122
118 123
119 120
119 121
119 123
120 121
120 122
120 123
120 873
121 122
121 123
121 874
122 316
153 316
316 519
316 1142
316 1143
316 1144
316 1145
316 1146
125 132
125 292
125 461
125 875
125 876
125 877
125 878
125 879
132 928
140 292
292 394
292 460
292 654
292 876
292 1117
461 564
297 875
127 876
394 877
444 877
481 878
126 127
127 189
127 328
127 330
127 331
127 332
127 333
127 880
127 881
127 882
127 883
127 884
127 885
127 886
127 887
127 888
127 889
127 890
127 891
127 892
127 893
127 894
127 895
127 896
127 897
127 898
127 899
127 900
127 901
127 902
127 903
127 904
127 905
127 906
127 907
127 908
127 909
127 910
127 911
127 912
127 913
127 914
127 915
127 916
127 917
127 918
127 919
127 920
127 921
127 922
127 923
127 924
127 925
189 190
189 191
189 192
189 998
328 450
330 552
331 602
332 602
333 396
193 882
130 131
131 555
516 555
555 556
555 557
555 1004
555 1333
133 135
135 930
136 137
136 138
136 140
136 141
136 931
136 932
137 562
138 240
138 243
141 933
562 660
240 374
240 1056
240 1057
240 1058
242 243
243 1028
216 241
218 241
219 241
241 1028
315 478
142 143
142 934
146 147
147 354
147 584
147 585
147 936
147 937
147 938
147 939
147 940
353 354
354 1193
354 1194
584 1376
453 585
585 1377
350 936
356 423
423 1251
423 1252
423 1253
423 1254
152 153
152 154
153 303
153 944
154 589
303 412
250 589
589 1210
589 1320
589 1378
589 1379
589 1380
589 1381
589 1382
589 1383
589 1384
589 1385
589 1386
589 1387
589 1388
589 1389
589 1390
155 945
155 946
267 434
434 481
435 561
435 1263
435 1264
436 542
436 1127
436 1200
239 466
239 497
239 581
239 1054
239 1055
289 342
289 1115
182 361
357 361
361 1197
159 160
159 952
160 953
161 954
170 560
170 962
580 1375
163 164
267 956
166 167
166 168
166 959
166 960
166 961
167 470
167 471
168 180
470 471
470 1295
471 1295
180 397
180 406
180 479
180 515
180 547
180 661
180 981
180 982
180 983
180 984
180 985
180 986
180 987
180 988
180 989
206 560
560 1356
310 517
311 495
311 517
311 1133
312 512
312 1134
312 1135
313 497
313 992
174 504
502 504
504 1315
393 394
394 604
394 1225
480 482
482 1300
482 1301
176 978
176 979
400 542
400 656
400 657
400 1229
397 398
397 399
315 406
406 407
406 1236
315 479
479 1061
515 654
544 547
546 547
547 1348
626 981
182 360
182 991
182 992
360 559
184 321
185 489
185 523
185 993
186 994
320 321
321 483
321 534
321 1159
321 1160
321 1161
488 489
489 1303
489 1304
523 524
188 609
188 610
188 611
188 995
188 996
188 997
610 618
610 1229
611 1396
190 352
190 999
191 535
192 999
215 352
352 1189
352 1190
352 1191
352 1192
430 535
535 1342
342 343
343 542
343 1168
343 1169
343 1170
343 1171
343 1172
280 1000
287 403
336 403
401 403
403 427
403 659
403 1182
403 1231
403 1232
559 1003
633 1421
633 1422
201 202
202 476
202 1005
202 1006
476 1005
427 1005
204 218
204 235
204 1007
214 218
216 218
217 218
218 327
218 1028
218 1032
218 1033
218 1034
235 236
235 1052
205 206
205 207
206 207
206 1008
206 1009
206 1010
207 1009
207 1010
207 1011
207 1012
207 1013
207 1014
207 1015
207 1016
207 1017
207 1018
269 301
296 301
298 301
301 375
301 437
301 542
301 1126
301 1127
388 1219
579 1200
214 215
214 216
214 217
214 219
215 374
215 417
215 1025
215 1026
216 217
216 419
216 420
216 422
216 1027
216 1028
216 1029
216 1030
216 1031
217 366
217 420
217 422
217 486
217 487
219 420
219 1028
373 374
374 490
419 1248
420 487
420 528
420 529
420 1249
420 1250
422 486
422 1031
487 1297
327 1162
654 1399
654 1448
654 1449
222 1035
223 1035
225 334
225 335
225 336
226 1036
227 1037
335 1082
335 1163
229 230
230 477
230 1038
230 1039
477 655
477 1297
477 1298
233 234
234 307
234 399
234 497
234 651
234 652
234 1040
234 1041
234 1042
234 1043
234 1044
234 1045
234 1046
234 1047
234 1048
234 1049
234 1050
234 1051
307 308
496 497
497 1182
497 1311
497 1312
371 1041
372 1041
315 1042
456 1045
236 1052
238 503
238 511
238 1053
502 503
503 1314
252 511
384 511
511 1323
466 1290
369 581
581 1055
581 1118
269 1057
242 1059
244 245
244 246
245 246
246 446
246 447
445 446
446 447
446 1270
446 1271
446 1272
447 1270
447 1271
447 1273
447 1274
247 248
248 381
248 445
248 1060
248 1061
381 382
250 1064
250 1065
251 252
252 1066
252 1067
252 1068
276 1094
377 1206
322 1069
459 1280
459 1281
459 1282
350 460
460 1283
460 1284
427 517
449 517
517 1328
558 559
449 1072
266 267
267 480
267 481
267 1076
267 1077
267 1078
267 1079
267 1080
480 481
481 1077
481 1299
268 269
269 1081
269 1082
269 1083
269 1084
279 280
280 1102
280 1103
281 282
282 1104
285 1109
285 1110
285 1111
285 1112
286 1113
286 1114
287 369
368 369
369 1203
369 1204
646 1118
295 296
298 299
298 300
298 1120
298 1121
298 1122
298 1123
299 1124
300 1125
623 1125
373 375
375 1205
437 438
541 542
542 1346
412 1245
412 1246
305 306
306 595
306 1128
306 1129
594 595
595 1332
308 387
308 1130
308 1131
308 1132
386 387
387 1130
494 495
495 1133
512 513
314 315
315 1136
315 1137
315 1138
315 1139
315 1140
315 1141
519 649
519 650
350 1187
444 1269
318 1153
318 1154
320 1155
320 1156
320 1157
320 1158
483 484
483 485
534 1311
534 1341
323 324
324 390
390 1221
390 1222
390 1223
325 326
326 522
522 1331
450 1277
462 1285
552 646
552 1351
552 1352
552 1353
432 602
602 1393
395 396
396 1227
337 1164
339 340
339 341
340 1167
467 646
467 1291
467 1292
467 1293
469 1243
469 1294
614 615
574 1364
574 1365
574 1366
574 1367
574 1368
553 1189
355 356
355 357
356 1195
357 431
357 432
357 433
431 1261
384 432
433 1262
358 359
358 1196
359 528
359 571
528 1250
570 571
571 1361
505 1198
598 601
601 625
615 1399
615 1400
615 1401
615 1402
615 1403
615 1404
615 1405
615 1406
615 1407
625 1199
368 1202
499 1203
572 1204
370 371
370 372
490 491
490 1305
464 1207
382 631
382 1209
382 1210
631 1419
565 1209
383 384
384 1211
384 1212
384 1213
386 1218
593 1391
391 1224
395 1226
398 521
398 1228
656 1450
657 1451
657 1452
657 1453
618 1229
659 1455
408 409
408 410
408 1237
408 1238
408 1239
408 1240
409 410
409 451
409 1241
410 451
410 1241
410 1242
451 1241
629 1416
529 1338
529 1339
424 1255
430 1259
430 1260
561 1264
438 1265
440 1267
442 443
443 587
443 1268
587 647
452 453
455 456
563 564
564 1357
646 653
646 1440
473 474
509 1296
655 1371
502 1297
484 485
485 1302
491 603
491 1306
491 1307
491 1308
603 662
494 1310
498 499
502 505
502 506
502 1313
506 1316
583 1316
507 508
507 1317
508 1318
508 1319
583 1318
653 1321
513 1324
649 1445
650 1446
520 1330
622 1331
524 1332
556 557
556 1333
557 1333
532 533
532 1340
533 1340
543 544
543 1347
591 592
553 1354
553 1355
660 1456
565 1358
566 567
567 648
647 648
648 1441
648 1442
648 1443
648 1444
582 583
597 630
630 1417
630 1418
598 599
598 600
600 1392
662 1457
662 1458
635 645
645 1429
645 1430
645 1431
645 1432
645 1433
645 1434
645 1435
645 1436
645 1437
645 1438
645 1439
623 624
624 627
627 1415
632 1420
634 635
636 637
636 639
637 639
639 1424
653 1447
