1 2
1 3
2 3
2 4
2 5
2 6
2 7
2 8
2 9
2 10
2 11
2 12
2 13
3 4
3 7
3 10
3 12
3 14
4 5
4 7
4 10
4 12
4 13
4 14
4 15
4 16
4 17
4 18
4 19
4 20
5 13
5 21
6 8
6 9
6 10
6 12
7 8
7 10
7 11
7 12
7 13
7 14
7 17
7 18
7 21
7 22
7 23
7 24
7 25
7 26
7 27
7 28
7 29
8 9
8 10
8 12
8 23
8 30
9 10
9 12
10 11
10 12
10 13
10 27
11 12
11 13
11 21
11 23
11 31
11 32
12 13
12 27
12 29
13 18
13 21
13 28
13 33
14 16
14 18
14 20
15 34
15 35
15 36
15 37
16 18
16 19
16 20
16 38
16 39
16 40
17 26
17 29
18 20
19 20
19 41
19 42
20 26
20 38
20 39
21 22
21 23
21 24
21 30
21 32
21 43
21 44
21 45
22 23
22 24
22 30
22 44
22 46
22 47
22 48
22 49
22 50
22 51
23 24
23 30
23 44
23 46
23 47
23 48
23 49
23 50
23 52
24 30
24 37
24 44
24 46
24 47
24 48
24 49
24 50
24 51
24 53
24 54
25 26
25 28
26 28
26 29
26 32
27 31
28 29
30 32
30 43
30 44
30 45
30 46
30 47
30 50
30 55
30 56
30 57
31 47
32 33
32 43
32 45
33 43
33 58
34 59
35 60
35 61
36 62
36 63
37 51
37 64
37 65
38 66
38 67
38 68
38 69
38 70
38 71
38 72
39 68
39 73
39 74
39 75
41 42
42 73
42 75
43 45
43 58
43 76
44 50
44 51
44 52
44 53
44 55
44 57
44 77
45 57
46 47
46 49
46 52
46 78
47 48
47 49
47 50
47 78
48 49
48 79
49 50
49 52
49 78
49 80
50 52
50 56
50 81
51 53
51 64
51 82
52 83
52 84
52 85
52 86
52 87
53 77
55 57
57 83
57 88
60 61
61 89
61 90
62 90
62 91
62 92
63 89
63 93
64 94
64 95
64 96
66 67
66 68
66 69
66 70
66 71
66 72
66 97
67 68
67 69
67 70
67 71
67 72
67 73
67 74
68 69
68 70
68 71
68 72
68 73
69 70
69 71
69 72
69 73
70 71
70 72
70 96
71 72
71 73
72 97
73 75
74 75
76 98
78 99
80 86
83 100
84 86
84 87
84 101
84 102
86 87
86 101
86 102
86 103
89 90
89 91
89 92
89 93
89 104
90 91
90 92
90 93
91 93
94 96
94 105
94 106
95 96
97 107
97 108
97 109
97 110
98 104
98 111
101 102
101 103
101 112
102 103
105 113
107 109
107 110
108 109
108 110
108 114
108 115
109 110
110 116
111 117
112 118
113 119
114 115
114 120
114 121
114 122
114 123
115 120
115 121
115 122
115 123
115 124
115 125
120 121
120 122
120 126
120 127
121 122
121 124
121 125
121 128
122 124
122 126
123 124
123 129
124 125
124 128
124 129
124 130
125 129
126 127
126 131
126 132
127 131
128 130
131 132
131 133
131 134
132 134
