1 438
1 2572
438 1018
2 1520
2 2198
180 1520
497 1520
507 1520
553 1520
666 1520
730 1520
799 1520
979 1520
983 1520
1095 1520
1161 1520
1321 1520
1360 1520
1365 1520
1424 1520
1448 1520
1488 1520
1520 1677
1520 1766
1520 1856
1520 1907
1520 1989
1520 2034
1520 2371
1520 2447
1520 2603
1520 2614
1520 2682
1520 2711
1520 2787
1520 3031
1520 3061
1520 3225
1520 3238
1520 3243
1520 3263
1520 3334
1520 3424
1520 3521
249 2198
535 2198
599 2198
642 2198
901 2198
1314 2198
1515 2198
2198 2993
2198 3458
2198 3563
3 3073
1535 3073
4 3315
2825 3315
2963 3315
3039 3315
5 3082
19 3082
24 3082
27 3082
35 3082
36 3082
40 3082
45 3082
56 3082
63 3082
65 3082
79 3082
85 3082
91 3082
101 3082
116 3082
119 3082
126 3082
141 3082
155 3082
186 3082
192 3082
197 3082
211 3082
213 3082
215 3082
216 3082
219 3082
231 3082
241 3082
242 3082
244 3082
245 3082
261 3082
268 3082
278 3082
285 3082
286 3082
291 3082
292 3082
296 3082
300 3082
301 3082
310 3082
315 3082
325 3082
332 3082
338 3082
341 3082
351 3082
360 3082
374 3082
378 3082
385 3082
392 3082
405 3082
407 3082
414 3082
419 3082
428 3082
447 3082
448 3082
450 3082
451 3082
457 3082
461 3082
462 3082
466 3082
478 3082
479 3082
481 3082
483 3082
488 3082
492 3082
497 3082
505 3082
509 3082
510 3082
514 3082
516 3082
531 3082
532 3082
536 3082
540 3082
543 3082
553 3082
562 3082
566 3082
570 3082
571 3082
586 3082
591 3082
594 3082
605 3082
606 3082
607 3082
616 3082
628 3082
633 3082
637 3082
638 3082
639 3082
640 3082
647 3082
648 3082
651 3082
653 3082
659 3082
664 3082
698 3082
700 3082
701 3082
704 3082
711 3082
717 3082
730 3082
748 3082
751 3082
764 3082
765 3082
767 3082
769 3082
777 3082
778 3082
788 3082
794 3082
798 3082
802 3082
807 3082
811 3082
812 3082
813 3082
814 3082
817 3082
824 3082
831 3082
840 3082
846 3082
848 3082
863 3082
869 3082
878 3082
883 3082
887 3082
894 3082
897 3082
902 3082
908 3082
916 3082
918 3082
922 3082
929 3082
934 3082
951 3082
967 3082
973 3082
976 3082
983 3082
989 3082
992 3082
997 3082
999 3082
1001 3082
1009 3082
1010 3082
1022 3082
1034 3082
1048 3082
1051 3082
1058 3082
1059 3082
1063 3082
1064 3082
1080 3082
1084 3082
1087 3082
1089 3082
1092 3082
1093 3082
1095 3082
1112 3082
1118 3082
1120 3082
1129 3082
1134 3082
1147 3082
1152 3082
1153 3082
1160 3082
1163 3082
1171 3082
1173 3082
1174 3082
1176 3082
1185 3082
1199 3082
1202 3082
1207 3082
1210 3082
1218 3082
1224 3082
1228 3082
1232 3082
1236 3082
1241 3082
1248 3082
1249 3082
1253 3082
1257 3082
1260 3082
1261 3082
1276 3082
1278 3082
1283 3082
1285 3082
1287 3082
1290 3082
1292 3082
1301 3082
1303 3082
1304 3082
1313 3082
1316 3082
1327 3082
1330 3082
1350 3082
1356 3082
1366 3082
1369 3082
1374 3082
1379 3082
1383 3082
1387 3082
1402 3082
1405 3082
1429 3082
1431 3082
1434 3082
1439 3082
1445 3082
1450 3082
1456 3082
1463 3082
1470 3082
1484 3082
1486 3082
1495 3082
1513 3082
1521 3082
1532 3082
1536 3082
1539 3082
1543 3082
1546 3082
1550 3082
1552 3082
1556 3082
1559 3082
1561 3082
1568 3082
1573 3082
1580 3082
1582 3082
1586 3082
1587 3082
1589 3082
1591 3082
1592 3082
1593 3082
1603 3082
1623 3082
1624 3082
1625 3082
1641 3082
1657 3082
1660 3082
1667 3082
1668 3082
1673 3082
1696 3082
1701 3082
1703 3082
1714 3082
1731 3082
1743 3082
1744 3082
1760 3082
1763 3082
1786 3082
1790 3082
1801 3082
1802 3082
1809 3082
1815 3082
1826 3082
1828 3082
1829 3082
1830 3082
1842 3082
1845 3082
1847 3082
1852 3082
1854 3082
1863 3082
1865 3082
1866 3082
1874 3082
1889 3082
1890 3082
1906 3082
1907 3082
1911 3082
1913 3082
1925 3082
1939 3082
1945 3082
1965 3082
1972 3082
1976 3082
1981 3082
1983 3082
1988 3082
1991 3082
1998 3082
2001 3082
2013 3082
2016 3082
2022 3082
2037 3082
2045 3082
2058 3082
2060 3082
2068 3082
2069 3082
2071 3082
2117 3082
2122 3082
2131 3082
2140 3082
2142 3082
2154 3082
2163 3082
2168 3082
2170 3082
2174 3082
2189 3082
2192 3082
2193 3082
2195 3082
2200 3082
2203 3082
2204 3082
2218 3082
2225 3082
2227 3082
2237 3082
2256 3082
2261 3082
2263 3082
2282 3082
2285 3082
2287 3082
2288 3082
2290 3082
2296 3082
2299 3082
2306 3082
2311 3082
2319 3082
2320 3082
2321 3082
2334 3082
2337 3082
2338 3082
2341 3082
2353 3082
2358 3082
2359 3082
2365 3082
2372 3082
2378 3082
2384 3082
2386 3082
2394 3082
2395 3082
2408 3082
2409 3082
2410 3082
2414 3082
2423 3082
2428 3082
2429 3082
2430 3082
2433 3082
2443 3082
2444 3082
2447 3082
2453 3082
2457 3082
2474 3082
2480 3082
2484 3082
2485 3082
2486 3082
2488 3082
2502 3082
2509 3082
2515 3082
2516 3082
2522 3082
2524 3082
2527 3082
2528 3082
2530 3082
2546 3082
2551 3082
2562 3082
2563 3082
2565 3082
2567 3082
2571 3082
2573 3082
2608 3082
2618 3082
2619 3082
2625 3082
2630 3082
2632 3082
2634 3082
2635 3082
2636 3082
2643 3082
2655 3082
2656 3082
2659 3082
2668 3082
2674 3082
2675 3082
2679 3082
2686 3082
2687 3082
2694 3082
2706 3082
2708 3082
2723 3082
2729 3082
2730 3082
2736 3082
2740 3082
2741 3082
2745 3082
2750 3082
2754 3082
2758 3082
2763 3082
2771 3082
2772 3082
2773 3082
2788 3082
2790 3082
2802 3082
2810 3082
2819 3082
2820 3082
2822 3082
2826 3082
2831 3082
2848 3082
2858 3082
2862 3082
2875 3082
2877 3082
2883 3082
2899 3082
2915 3082
2919 3082
2924 3082
2936 3082
2942 3082
2946 3082
2949 3082
2955 3082
2959 3082
2960 3082
2961 3082
2973 3082
2974 3082
2975 3082
2978 3082
2981 3082
2985 3082
2999 3082
3008 3082
3022 3082
3026 3082
3028 3082
3034 3082
3038 3082
3041 3082
3043 3082
3044 3082
3052 3082
3058 3082
3069 3082
3076 3082
3079 3082
3082 3093
3082 3096
3082 3121
3082 3127
3082 3145
3082 3150
3082 3162
3082 3163
3082 3169
3082 3174
3082 3180
3082 3181
3082 3185
3082 3189
3082 3201
3082 3204
3082 3207
3082 3210
3082 3223
3082 3231
3082 3232
3082 3241
3082 3243
3082 3255
3082 3256
3082 3259
3082 3263
3082 3264
3082 3285
3082 3287
3082 3296
3082 3300
3082 3304
3082 3306
3082 3313
3082 3321
3082 3347
3082 3352
3082 3353
3082 3354
3082 3357
3082 3366
3082 3376
3082 3385
3082 3400
3082 3407
3082 3411
3082 3418
3082 3425
3082 3433
3082 3434
3082 3435
3082 3450
3082 3452
3082 3453
3082 3455
3082 3461
3082 3471
3082 3472
3082 3474
3082 3481
3082 3495
3082 3498
3082 3509
3082 3512
3082 3513
3082 3514
3082 3520
3082 3524
3082 3527
3082 3547
3082 3555
3082 3560
3082 3565
3082 3570
3082 3586
3082 3589
3082 3591
3082 3595
3082 3600
3082 3605
3082 3607
3082 3618
3082 3623
3082 3628
3082 3665
6 1353
87 1353
533 1353
759 1353
1045 1353
1049 1353
1239 1353
1353 1497
1353 1582
7 590
7 1096
7 2682
7 3595
37 590
108 590
131 590
318 590
335 590
590 895
590 1138
590 1187
590 1287
590 1379
590 1454
590 1541
590 1607
590 1705
590 1958
590 2127
590 2142
590 2273
590 2417
590 2553
590 2557
590 2736
590 2804
590 2882
590 2964
590 3023
590 3050
590 3053
590 3235
590 3297
590 3598
590 3616
85 1096
283 1096
1096 1310
1096 1748
1096 1816
22 2682
56 2682
57 2682
59 2682
62 2682
101 2682
107 2682
121 2682
128 2682
148 2682
155 2682
158 2682
164 2682
169 2682
173 2682
184 2682
208 2682
214 2682
217 2682
229 2682
264 2682
279 2682
286 2682
302 2682
319 2682
325 2682
327 2682
408 2682
413 2682
420 2682
446 2682
473 2682
523 2682
530 2682
554 2682
586 2682
608 2682
618 2682
619 2682
655 2682
661 2682
692 2682
699 2682
727 2682
742 2682
760 2682
773 2682
774 2682
787 2682
803 2682
813 2682
817 2682
890 2682
893 2682
908 2682
966 2682
985 2682
1008 2682
1012 2682
1015 2682
1056 2682
1067 2682
1083 2682
1090 2682
1095 2682
1103 2682
1105 2682
1109 2682
1114 2682
1115 2682
1139 2682
1144 2682
1154 2682
1163 2682
1189 2682
1194 2682
1201 2682
1211 2682
1219 2682
1258 2682
1262 2682
1265 2682
1268 2682
1287 2682
1303 2682
1306 2682
1324 2682
1329 2682
1331 2682
1383 2682
1386 2682
1393 2682
1402 2682
1465 2682
1474 2682
1479 2682
1480 2682
1481 2682
1482 2682
1492 2682
1495 2682
1496 2682
1510 2682
1518 2682
1540 2682
1544 2682
1548 2682
1584 2682
1596 2682
1611 2682
1619 2682
1627 2682
1637 2682
1638 2682
1665 2682
1671 2682
1688 2682
1736 2682
1737 2682
1748 2682
1750 2682
1789 2682
1805 2682
1810 2682
1820 2682
1827 2682
1841 2682
1855 2682
1857 2682
1914 2682
1954 2682
1960 2682
1969 2682
1993 2682
1995 2682
2023 2682
2031 2682
2053 2682
2105 2682
2109 2682
2111 2682
2128 2682
2166 2682
2168 2682
2178 2682
2181 2682
2195 2682
2211 2682
2219 2682
2228 2682
2257 2682
2260 2682
2285 2682
2292 2682
2294 2682
2317 2682
2363 2682
2388 2682
2394 2682
2403 2682
2420 2682
2431 2682
2448 2682
2451 2682
2456 2682
2478 2682
2508 2682
2515 2682
2529 2682
2532 2682
2534 2682
2560 2682
2587 2682
2598 2682
2606 2682
2628 2682
2671 2682
2675 2682
2682 2721
2682 2732
2682 2735
2682 2757
2682 2761
2682 2768
2682 2812
2682 2817
2682 2820
2682 2825
2682 2855
2682 2865
2682 2866
2682 2874
2682 2907
2682 2915
2682 2925
2682 2932
2682 2934
2682 2939
2682 2966
2682 2976
2682 2978
2682 2997
2682 3006
2682 3009
2682 3013
2682 3037
2682 3066
2682 3119
2682 3170
2682 3172
2682 3222
2682 3228
2682 3237
2682 3271
2682 3277
2682 3286
2682 3287
2682 3301
2682 3310
2682 3320
2682 3326
2682 3331
2682 3336
2682 3337
2682 3341
2682 3377
2682 3385
2682 3409
2682 3497
2682 3503
2682 3578
2682 3579
2682 3581
2682 3605
2682 3607
2682 3627
2682 3635
2682 3664
212 3595
239 3595
247 3595
285 3595
367 3595
380 3595
490 3595
575 3595
588 3595
635 3595
997 3595
1220 3595
1343 3595
1699 3595
1704 3595
1930 3595
1957 3595
1964 3595
2015 3595
2052 3595
2062 3595
2139 3595
2194 3595
2207 3595
2300 3595
2359 3595
2374 3595
2435 3595
2752 3595
2805 3595
2827 3595
2835 3595
2843 3595
3177 3595
3272 3595
3279 3595
3416 3595
3437 3595
3451 3595
3575 3595
8 761
8 899
8 1582
8 2808
8 2878
579 1582
609 1582
1052 1582
1535 1582
1582 2661
1582 2746
1582 3536
933 2878
9 330
11 330
25 330
37 330
67 330
88 330
120 330
123 330
153 330
157 330
159 330
189 330
207 330
273 330
276 330
283 330
314 330
330 353
330 362
330 371
330 383
330 424
330 436
330 464
330 466
330 468
330 550
330 552
330 565
330 656
330 687
330 718
330 726
330 732
330 745
330 785
330 806
330 826
330 838
330 839
330 856
330 881
330 917
330 921
330 930
330 938
330 993
330 1019
330 1070
330 1077
330 1141
330 1144
330 1156
330 1157
330 1161
330 1175
330 1190
330 1229
330 1292
330 1305
330 1317
330 1324
330 1341
330 1410
330 1411
330 1435
330 1451
330 1497
330 1505
330 1545
330 1567
330 1618
330 1626
330 1685
330 1707
330 1712
330 1715
330 1761
330 1838
330 1843
330 1873
330 1880
330 1884
330 1894
330 1937
330 1939
330 1994
330 1997
330 2017
330 2021
330 2025
330 2043
330 2047
330 2057
330 2116
330 2195
330 2212
330 2223
330 2235
330 2261
330 2267
330 2295
330 2298
330 2325
330 2343
330 2381
330 2387
330 2389
330 2404
330 2445
330 2475
330 2507
330 2508
330 2509
330 2523
330 2538
330 2545
330 2576
330 2583
330 2609
330 2616
330 2622
330 2638
330 2693
330 2718
330 2780
330 2794
330 2829
330 2830
330 2833
330 2844
330 2854
330 2860
330 2875
330 2888
330 2901
330 2927
330 2946
330 2947
330 2970
330 2998
330 3030
330 3051
330 3074
330 3077
330 3087
330 3088
330 3101
330 3116
330 3147
330 3151
330 3158
330 3176
330 3178
330 3187
330 3265
330 3312
330 3318
330 3327
330 3333
330 3348
330 3383
330 3385
330 3436
330 3459
330 3467
330 3506
330 3537
330 3542
330 3544
330 3550
330 3559
330 3577
330 3587
330 3594
330 3611
330 3614
330 3640
330 3661
10 1133
47 1133
135 1133
142 1133
290 1133
321 1133
356 1133
723 1133
790 1133
926 1133
946 1133
948 1133
965 1133
987 1133
1007 1133
1118 1133
1133 1362
1133 1364
1133 1389
1133 1408
1133 1425
1133 1427
1133 1478
1133 1489
1133 1525
1133 1670
1133 1688
1133 1733
1133 1738
1133 1751
1133 1777
1133 1840
1133 1888
1133 1921
1133 2024
1133 2112
1133 2152
1133 2247
1133 2269
1133 2274
1133 2277
1133 2326
1133 2489
1133 2540
1133 2564
1133 2599
1133 2648
1133 2736
1133 2857
1133 2971
1133 2983
1133 3029
1133 3125
1133 3175
1133 3282
1133 3299
1133 3306
1133 3339
1133 3453
12 3652
137 3652
179 3652
222 3652
254 3652
348 3652
352 3652
390 3652
415 3652
434 3652
437 3652
495 3652
499 3652
517 3652
526 3652
580 3652
644 3652
697 3652
757 3652
770 3652
780 3652
782 3652
793 3652
853 3652
855 3652
963 3652
980 3652
1079 3652
1131 3652
1140 3652
1161 3652
1172 3652
1247 3652
1254 3652
1263 3652
1323 3652
1428 3652
1464 3652
1468 3652
1616 3652
1633 3652
1710 3652
1713 3652
1739 3652
1757 3652
1785 3652
1867 3652
1887 3652
1901 3652
1908 3652
1923 3652
1934 3652
1996 3652
2005 3652
2070 3652
2098 3652
2144 3652
2155 3652
2183 3652
2245 3652
2253 3652
2272 3652
2354 3652
2361 3652
2375 3652
2406 3652
2418 3652
2442 3652
2465 3652
2512 3652
2517 3652
2544 3652
2654 3652
2696 3652
2707 3652
2731 3652
2756 3652
2806 3652
2864 3652
2904 3652
2906 3652
2913 3652
3014 3652
3040 3652
3124 3652
3133 3652
3138 3652
3152 3652
3161 3652
3200 3652
3212 3652
3302 3652
3374 3652
3440 3652
3549 3652
3619 3652
3633 3652
3634 3652
3643 3652
13 2500
16 2500
250 2500
287 2500
358 2500
674 2500
865 2500
1035 2500
1098 2500
1183 2500
1227 2500
1384 2500
1600 2500
1676 2500
1695 2500
1708 2500
1885 2500
1907 2500
1956 2500
2010 2500
2051 2500
2082 2500
2132 2500
2432 2500
2439 2500
2500 2520
2500 2719
2500 2774
2500 2956
2500 2957
2500 2988
2500 3021
2500 3159
2500 3405
2500 3414
2500 3432
2500 3484
14 217
14 1000
14 2367
14 3576
217 1817
217 2002
248 1000
1000 2786
15 410
410 459
410 551
410 593
410 618
410 675
410 1041
410 1053
410 1197
410 1937
410 2103
410 2217
410 2449
410 2768
410 3215
410 3279
410 3292
410 3411
410 3516
16 911
680 911
911 975
911 1215
911 2310
17 1635
74 1635
206 1635
287 1635
289 1635
324 1635
347 1635
452 1635
672 1635
687 1635
709 1635
754 1635
789 1635
1048 1635
1208 1635
1216 1635
1299 1635
1635 1651
1635 1747
1635 1768
1635 1844
1635 1899
1635 1948
1635 2048
1635 2072
1635 2089
1635 2276
1635 2303
1635 2351
1635 2355
1635 2657
1635 2739
1635 2944
1635 3015
1635 3070
1635 3230
1635 3254
1635 3266
1635 3441
1635 3512
1635 3529
1635 3600
1635 3653
18 1875
952 1875
1116 1875
1130 1875
1235 1875
1875 2463
1875 2717
20 1535
31 1535
49 1535
58 1535
61 1535
77 1535
81 1535
89 1535
106 1535
117 1535
132 1535
166 1535
221 1535
223 1535
225 1535
230 1535
243 1535
258 1535
271 1535
282 1535
284 1535
286 1535
294 1535
297 1535
312 1535
313 1535
322 1535
323 1535
326 1535
327 1535
344 1535
381 1535
387 1535
412 1535
414 1535
435 1535
439 1535
445 1535
479 1535
501 1535
528 1535
530 1535
540 1535
547 1535
558 1535
592 1535
604 1535
627 1535
671 1535
678 1535
681 1535
683 1535
693 1535
696 1535
698 1535
707 1535
712 1535
728 1535
740 1535
762 1535
791 1535
796 1535
801 1535
831 1535
851 1535
861 1535
883 1535
885 1535
891 1535
904 1535
908 1535
920 1535
929 1535
942 1535
943 1535
945 1535
959 1535
977 1535
987 1535
991 1535
1021 1535
1025 1535
1111 1535
1151 1535
1169 1535
1176 1535
1180 1535
1199 1535
1249 1535
1264 1535
1296 1535
1306 1535
1312 1535
1340 1535
1347 1535
1354 1535
1359 1535
1360 1535
1368 1535
1388 1535
1396 1535
1398 1535
1409 1535
1441 1535
1449 1535
1463 1535
1471 1535
1496 1535
1503 1535
1506 1535
1535 1556
1535 1563
1535 1579
1535 1581
1535 1608
1535 1642
1535 1650
1535 1652
1535 1684
1535 1688
1535 1696
1535 1709
1535 1717
1535 1725
1535 1729
1535 1735
1535 1741
1535 1752
1535 1755
1535 1770
1535 1778
1535 1779
1535 1782
1535 1796
1535 1800
1535 1823
1535 1833
1535 1835
1535 1839
1535 1848
1535 1849
1535 1871
1535 1900
1535 1912
1535 1917
1535 1951
1535 1952
1535 1953
1535 1974
1535 1988
1535 2004
1535 2012
1535 2039
1535 2060
1535 2061
1535 2085
1535 2087
1535 2091
1535 2099
1535 2102
1535 2103
1535 2109
1535 2110
1535 2142
1535 2159
1535 2160
1535 2162
1535 2188
1535 2195
1535 2216
1535 2220
1535 2222
1535 2241
1535 2249
1535 2271
1535 2275
1535 2297
1535 2309
1535 2312
1535 2316
1535 2323
1535 2324
1535 2335
1535 2345
1535 2346
1535 2351
1535 2355
1535 2359
1535 2364
1535 2369
1535 2371
1535 2395
1535 2402
1535 2415
1535 2427
1535 2450
1535 2468
1535 2469
1535 2489
1535 2490
1535 2493
1535 2510
1535 2522
1535 2524
1535 2525
1535 2534
1535 2558
1535 2596
1535 2601
1535 2628
1535 2640
1535 2651
1535 2673
1535 2685
1535 2689
1535 2690
1535 2698
1535 2700
1535 2720
1535 2726
1535 2735
1535 2788
1535 2789
1535 2799
1535 2828
1535 2829
1535 2842
1535 2885
1535 2891
1535 2896
1535 2898
1535 2916
1535 2921
1535 2934
1535 2940
1535 2943
1535 2945
1535 2954
1535 2987
1535 2993
1535 3000
1535 3010
1535 3020
1535 3043
1535 3062
1535 3067
1535 3071
1535 3076
1535 3080
1535 3088
1535 3097
1535 3106
1535 3110
1535 3130
1535 3204
1535 3225
1535 3244
1535 3279
1535 3286
1535 3288
1535 3294
1535 3297
1535 3330
1535 3351
1535 3353
1535 3376
1535 3398
1535 3415
1535 3429
1535 3478
1535 3483
1535 3489
1535 3492
1535 3499
1535 3503
1535 3505
1535 3522
1535 3535
1535 3545
1535 3547
1535 3568
1535 3570
1535 3615
1535 3653
1535 3665
21 3543
277 3543
2158 3543
2912 3543
3278 3543
23 2433
152 2433
156 2433
236 2433
295 2433
463 2433
549 2433
618 2433
852 2433
854 2433
872 2433
906 2433
955 2433
998 2433
1082 2433
1143 2433
1669 2433
1861 2433
1891 2433
1903 2433
1909 2433
1927 2433
1985 2433
1986 2433
2059 2433
2129 2433
2139 2433
2377 2433
2426 2433
2433 2479
2433 2556
2433 2630
2433 2699
2433 2762
2433 2914
2433 2929
2433 2992
2433 3016
2433 3045
2433 3136
2433 3268
2433 3430
2433 3546
2433 3630
26 3657
286 3657
1155 3657
1212 3657
1708 3657
2027 3657
2499 3657
2771 3657
3479 3657
28 1817
71 1817
73 1817
200 1817
201 1817
205 1817
240 1817
286 1817
377 1817
463 1817
469 1817
473 1817
485 1817
535 1817
543 1817
572 1817
578 1817
586 1817
602 1817
621 1817
667 1817
671 1817
679 1817
712 1817
715 1817
721 1817
722 1817
735 1817
879 1817
882 1817
905 1817
907 1817
956 1817
987 1817
1087 1817
1107 1817
1115 1817
1170 1817
1193 1817
1228 1817
1234 1817
1245 1817
1290 1817
1293 1817
1336 1817
1394 1817
1395 1817
1423 1817
1426 1817
1438 1817
1442 1817
1507 1817
1511 1817
1530 1817
1564 1817
1574 1817
1576 1817
1628 1817
1666 1817
1723 1817
1762 1817
1791 1817
1812 1817
1817 1898
1817 1899
1817 1911
1817 1966
1817 1968
1817 2018
1817 2090
1817 2113
1817 2184
1817 2191
1817 2202
1817 2210
1817 2281
1817 2319
1817 2363
1817 2378
1817 2410
1817 2412
1817 2426
1817 2446
1817 2447
1817 2459
1817 2527
1817 2586
1817 2657
1817 2679
1817 2736
1817 2794
1817 2807
1817 2821
1817 2825
1817 2885
1817 2895
1817 2911
1817 2982
1817 3002
1817 3012
1817 3031
1817 3090
1817 3129
1817 3169
1817 3190
1817 3192
1817 3236
1817 3241
1817 3247
1817 3260
1817 3269
1817 3273
1817 3274
1817 3286
1817 3305
1817 3416
1817 3463
1817 3503
1817 3515
1817 3532
1817 3547
1817 3567
1817 3570
1817 3601
1817 3637
1817 3638
29 933
44 933
69 933
84 933
96 933
112 933
162 933
236 933
245 933
413 933
504 933
547 933
564 933
567 933
586 933
618 933
624 933
688 933
735 933
807 933
895 933
903 933
933 1012
933 1017
933 1022
933 1048
933 1083
933 1102
933 1110
933 1149
933 1150
933 1304
933 1345
933 1347
933 1392
933 1496
933 1515
933 1517
933 1553
933 1615
933 1657
933 1674
933 1687
933 1694
933 1703
933 1704
933 1734
933 1918
933 1942
933 1950
933 1951
933 1991
933 2079
933 2100
933 2142
933 2161
933 2203
933 2230
933 2305
933 2358
933 2363
933 2366
933 2423
933 2441
933 2584
933 2602
933 2613
933 2665
933 2704
933 2716
933 2764
933 2836
933 2905
933 2909
933 2928
933 2958
933 3072
933 3111
933 3113
933 3153
933 3162
933 3169
933 3191
933 3199
933 3226
933 3231
933 3263
933 3276
933 3303
933 3335
933 3401
933 3442
933 3454
933 3508
933 3599
933 3635
933 3662
30 1134
1134 2018
1134 2143
1134 2312
1134 2641
32 3055
202 3055
731 3055
1181 3055
1311 3055
1661 3055
2495 3055
2670 3055
2676 3055
3055 3166
33 1696
1206 1696
1696 1842
1696 2355
34 1526
198 1526
265 1526
427 1526
471 1526
546 1526
577 1526
634 1526
713 1526
729 1526
775 1526
779 1526
845 1526
1003 1526
1091 1526
1196 1526
1200 1526
1240 1526
1514 1526
1526 1528
1526 1663
1526 1745
1526 1806
1526 1808
1526 1818
1526 1821
1526 1905
1526 1962
1526 2411
1526 2518
1526 2541
1526 2591
1526 2683
1526 2714
1526 2753
1526 2840
1526 2867
1526 3157
1526 3217
1526 3261
1526 3317
1526 3345
1526 3365
1526 3439
1526 3517
1526 3558
1526 3588
37 2746
38 2746
60 2746
98 2746
124 2746
233 2746
285 2746
286 2746
307 2746
312 2746
368 2746
466 2746
502 2746
542 2746
581 2746
617 2746
636 2746
671 2746
694 2746
827 2746
830 2746
834 2746
956 2746
957 2746
987 2746
1126 2746
1187 2746
1232 2746
1234 2746
1244 2746
1421 2746
1448 2746
1512 2746
1617 2746
1634 2746
1655 2746
1660 2746
1683 2746
1705 2746
1793 2746
1795 2746
1801 2746
1853 2746
1876 2746
1892 2746
1968 2746
2006 2746
2046 2746
2064 2746
2118 2746
2160 2746
2211 2746
2225 2746
2238 2746
2240 2746
2279 2746
2396 2746
2471 2746
2543 2746
2561 2746
2601 2746
2611 2746
2726 2746
2746 2747
2746 2782
2746 2792
2746 2802
2746 2813
2746 2820
2746 2908
2746 2961
2746 2986
2746 3086
2746 3262
2746 3368
2746 3387
2746 3397
2746 3446
2746 3474
2746 3570
39 2165
100 2165
136 2165
299 2165
343 2165
345 2165
357 2165
498 2165
744 2165
986 2165
1099 2165
1199 2165
1433 2165
1636 2165
1732 2165
1872 2165
2165 2262
2165 2265
2165 2499
2165 2607
2165 2672
2165 2852
2165 2892
2165 3057
2165 3120
2165 3173
2165 3188
2165 3196
2165 3323
2165 3402
2165 3540
41 586
586 1027
42 1442
1442 3160
43 2710
781 2710
950 2710
1773 2710
1928 2710
2710 3255
46 3541
176 3541
220 3541
393 3541
568 3541
598 3541
1358 3541
1811 3541
1943 3541
2361 3541
2390 3541
2737 3541
3065 3541
3229 3541
3393 3541
3417 3541
48 1100
68 1100
82 1100
416 1100
500 1100
585 1100
625 1100
658 1100
755 1100
844 1100
925 1100
954 1100
1023 1100
1046 1100
1074 1100
1100 1159
1100 1214
1100 1308
1100 1373
1100 1803
1100 1992
1100 2010
1100 2179
1100 2224
1100 2401
1100 2491
1100 2519
1100 2552
1100 2645
1100 2662
1100 3014
1100 3075
1100 3168
1100 3372
1100 3419
1100 3504
1100 3556
1100 3663
50 1016
133 1016
174 1016
316 1016
443 1016
1016 1334
1016 1371
1016 1742
1016 1795
1016 1879
1016 1987
1016 2045
1016 2134
1016 2601
1016 2617
1016 3192
51 1831
720 1831
1831 2202
1831 2715
1831 2743
52 1053
53 1053
138 1053
342 1053
350 1053
373 1053
576 1053
768 1053
842 1053
942 1053
990 1053
1041 1053
1053 1203
1053 1339
1053 1491
1053 1518
1053 1533
1053 1643
1053 1973
1053 2045
1053 2362
1053 2644
1053 2692
1053 2841
1053 2863
1053 2942
1053 3060
1053 3102
1053 3126
1053 3235
1053 3474
1053 3654
54 134
85 134
111 134
115 134
134 230
134 324
134 785
134 939
134 982
134 1458
134 1646
134 1832
134 2454
134 2920
134 3316
134 3352
55 3552
633 3552
785 3552
56 190
56 1864
56 2610
121 190
190 354
190 626
190 1355
190 1549
190 1850
190 1945
190 2060
190 2174
190 2206
190 2226
190 2266
190 2679
190 2847
190 2899
190 3375
60 1256
255 1256
310 1256
432 1256
469 1256
582 1256
786 1256
1256 1758
1256 1775
1256 2355
1256 2903
1256 3137
1256 3197
1256 3339
1256 3416
1256 3625
63 1056
205 1056
359 1056
574 1056
997 1056
1056 1534
1056 1689
1056 2391
1056 2790
1056 3466
64 1922
64 3398
1907 1922
1922 2868
66 527
66 1191
66 1280
66 1307
66 2704
66 3108
66 3451
66 3491
66 3496
66 3605
89 2704
125 2704
175 2704
375 2704
431 2704
529 2704
591 2704
665 2704
688 2704
762 2704
836 2704
851 2704
937 2704
978 2704
1031 2704
1085 2704
1165 2704
1234 2704
1422 2704
1553 2704
1597 2704
1659 2704
1721 2704
1727 2704
1743 2704
1857 2704
1882 2704
1886 2704
1948 2704
1978 2704
2019 2704
2038 2704
2055 2704
2078 2704
2139 2704
2142 2704
2208 2704
2221 2704
2258 2704
2284 2704
2314 2704
2351 2704
2391 2704
2441 2704
2468 2704
2600 2704
2616 2704
2619 2704
2704 2841
2704 2851
2704 2872
2704 2984
2704 2995
2704 3018
2704 3043
2704 3064
2704 3094
2704 3171
2704 3191
2704 3220
2704 3224
2704 3246
2704 3250
2704 3420
2704 3515
2704 3521
2704 3538
2704 3603
2704 3651
1658 3108
93 3491
151 3491
159 3491
289 3491
293 3491
518 3491
578 3491
589 3491
679 3491
876 3491
895 3491
907 3491
942 3491
1029 3491
1033 3491
1233 3491
1348 3491
1363 3491
1373 3491
1383 3491
1523 3491
1532 3491
1534 3491
1583 3491
1860 3491
1874 3491
1879 3491
1944 3491
1979 3491
2280 3491
2313 3491
2318 3491
2454 3491
2628 3491
2646 3491
2669 3491
2697 3491
2705 3491
2752 3491
2841 3491
2967 3491
2975 3491
3007 3491
3126 3491
3194 3491
3367 3491
3369 3491
3458 3491
3491 3571
218 3496
228 3496
423 3496
532 3496
601 3496
739 3496
915 3496
956 3496
1026 3496
1042 3496
1095 3496
1122 3496
1182 3496
1473 3496
1544 3496
1698 3496
1902 3496
1941 3496
2011 3496
2040 3496
2121 3496
2259 3496
2424 3496
2535 3496
2628 3496
2657 3496
2683 3496
3013 3496
3032 3496
3185 3496
3249 3496
3450 3496
3496 3551
3496 3629
1609 3605
70 708
70 1195
70 2113
70 3071
70 3175
70 3256
154 3071
2786 3256
72 1980
122 1980
183 1980
376 1980
519 1980
646 1980
749 1980
1097 1980
1223 1980
1319 1980
1373 1980
1381 1980
1498 1980
1895 1980
1980 2073
1980 2147
1980 2175
1980 2328
1980 2336
1980 2350
1980 2477
1980 2549
1980 3118
1980 3184
1980 3413
75 2636
1771 2636
1907 2636
76 2978
1907 2978
78 1608
80 1771
422 1771
489 1771
631 1771
676 1771
764 1771
772 1771
900 1771
1167 1771
1204 1771
1261 1771
1270 1771
1273 1771
1653 1771
1679 1771
1691 1771
1771 1856
1771 2046
1771 2135
1771 2151
1771 2153
1771 2233
1771 2255
1771 2526
1771 2926
1771 2942
1771 3110
1771 3112
1771 3192
1771 3289
82 1436
1436 1870
1436 1896
1436 2209
1436 2440
1436 2581
1436 2859
1436 3251
1436 3525
83 3426
2080 3426
85 1220
85 1432
85 3004
1283 3004
2190 3004
2412 3004
2791 3004
86 1081
406 1081
703 1081
1081 1469
1081 2303
90 3516
541 3516
2351 3516
2666 3516
2678 3516
3436 3516
3516 3531
3516 3607
92 232
144 232
232 2629
93 3234
160 3234
1005 3234
1127 3234
1161 3234
1856 3234
1925 3234
2347 3234
2449 3234
2457 3234
3003 3234
3216 3234
3234 3460
3234 3562
94 1161
94 2893
705 1161
928 1161
1161 1907
1161 2124
1161 2330
1161 2356
1161 3338
95 3536
435 3536
654 3536
724 3536
808 3536
913 3536
942 3536
1160 3536
1314 3536
1492 3536
1499 3536
1615 3536
2090 3536
2250 3536
2360 3536
2461 3536
2941 3536
3206 3536
97 2547
657 2547
2547 2871
98 1907
145 1907
168 1907
170 1907
219 1907
274 1907
284 1907
394 1907
433 1907
591 1907
645 1907
671 1907
804 1907
809 1907
857 1907
878 1907
960 1907
988 1907
1153 1907
1166 1907
1269 1907
1313 1907
1337 1907
1484 1907
1494 1907
1544 1907
1621 1907
1774 1907
1781 1907
1813 1907
1834 1907
1879 1907
1907 1944
1907 2012
1907 2086
1907 2090
1907 2104
1907 2115
1907 2142
1907 2160
1907 2172
1907 2251
1907 2280
1907 2389
1907 2407
1907 2427
1907 2467
1907 2472
1907 2558
1907 2603
1907 2605
1907 2660
1907 2697
1907 2826
1907 2883
1907 2958
1907 3056
1907 3084
1907 3132
1907 3140
1907 3203
1907 3280
1907 3297
1907 3389
1907 3399
1907 3453
1907 3513
1907 3547
1907 3570
1907 3583
99 2558
637 2558
2392 2558
100 1335
100 3198
910 1335
1335 1692
1335 2252
1335 2494
1335 2629
1335 3380
114 3198
118 3198
185 3198
237 3198
326 3198
370 3198
418 3198
455 3198
460 3198
663 3198
702 3198
875 3198
947 3198
1040 3198
1073 3198
1135 3198
1178 3198
1198 3198
1213 3198
1222 3198
1242 3198
1289 3198
1291 3198
1407 3198
1475 3198
1562 3198
1569 3198
1594 3198
1598 3198
1749 3198
1977 3198
2026 3198
2042 3198
2045 3198
2164 3198
2296 3198
2397 3198
2570 3198
2589 3198
2621 3198
2647 3198
2676 3198
2744 3198
2845 3198
2880 3198
2884 3198
2933 3198
3033 3198
3198 3253
3198 3365
3198 3473
3198 3554
3198 3561
102 1375
129 1375
314 1375
361 1375
391 1375
513 1375
660 1375
898 1375
910 1375
1065 1375
1072 1375
1119 1375
1291 1375
1375 1767
1375 1836
1375 1929
1375 1933
1375 2041
1375 2045
1375 2101
1375 2150
1375 2303
1375 2400
1375 2496
1375 2533
1375 2581
1375 2734
1375 2887
1375 3063
1375 3122
1375 3227
1375 3456
1375 3561
1375 3649
103 2582
2304 2582
104 140
140 364
140 1938
105 2303
705 2303
1198 2303
2303 2539
2303 3122
2303 3239
109 1832
538 1832
807 1832
1832 1898
1832 2412
1832 2725
1832 2970
110 1217
219 1217
670 1217
823 1217
878 1217
1217 1281
1217 1412
1217 1440
1217 1515
1217 2796
1217 3048
1217 3102
1217 3347
1217 3529
113 2242
821 2242
114 2590
114 3360
2246 3360
3360 3465
3360 3494
115 195
195 889
195 1444
195 2968
119 2333
127 1299
1128 1299
129 266
129 690
129 1446
129 2709
690 1859
2709 3214
130 1124
1124 1367
1124 2581
1124 2793
1124 3641
132 363
324 944
324 2177
194 785
388 785
637 785
785 928
785 1086
785 1150
785 1724
785 1913
785 2002
785 2150
785 2405
785 3421
785 3445
785 3574
1646 2009
1646 2210
1646 3258
553 2454
1259 2454
2180 2454
2301 2454
2371 2454
2454 3257
136 1132
136 2639
357 1132
425 1132
733 1132
816 1132
1132 1516
1132 1599
1132 2185
1132 2368
1132 2424
1132 3490
1132 3493
137 734
138 1820
138 3258
1158 1820
1591 1820
1820 2006
1820 2172
1820 2291
1820 2627
1820 3043
1820 3553
1515 3258
1537 3258
1615 3258
1718 3258
2268 3258
2487 3258
2883 3258
3237 3258
139 2527
365 2527
429 2527
819 2527
1205 2527
1728 2527
1828 2527
2142 2527
364 2754
1305 1938
142 1973
864 1973
1849 1973
1874 1973
1973 3103
1973 3639
143 1874
199 1874
215 1874
269 1874
375 1874
456 1874
472 1874
496 1874
537 1874
545 1874
560 1874
595 1874
696 1874
736 1874
766 1874
1068 1874
1117 1874
1179 1874
1286 1874
1484 1874
1499 1874
1529 1874
1655 1874
1689 1874
1804 1874
1874 2096
1874 2180
1874 2186
1874 2322
1874 2554
1874 2663
1874 2960
1874 2966
1874 3100
1874 3105
1874 3225
1874 3238
1874 3241
1874 3297
1874 3353
1874 3547
146 556
257 556
556 750
556 752
556 764
556 888
556 1538
556 1711
556 1718
556 2148
556 2156
556 2331
556 2950
556 3281
556 3404
556 3447
147 2196
1809 2196
149 399
399 426
399 981
399 1055
399 1349
399 1664
399 2702
399 2846
399 3211
399 3242
399 3573
150 2666
154 252
154 463
154 1013
154 1115
154 1698
154 2220
154 2620
154 2627
154 2829
154 2910
154 3048
154 3416
463 2435
579 1698
1186 1698
1698 2801
2177 2220
1027 2627
1590 2829
1485 2910
2048 3048
2065 3048
2726 3048
3047 3048
2174 3416
159 2902
159 3038
792 2902
467 3038
821 3038
1383 3038
3038 3202
161 2953
263 2953
275 2953
281 2953
694 2953
818 2953
1290 2953
1357 2953
1495 2953
1527 2953
2097 2953
2239 2953
2389 2953
2784 2953
2799 2953
2953 3076
2953 3395
2953 3495
2953 3645
163 2351
398 2351
1113 2351
2351 2460
2351 3344
2351 3358
165 1970
571 1970
1383 1970
1611 1970
1789 1970
1955 1970
1970 2003
1970 2089
1970 2201
1970 2922
1970 3441
1970 3466
167 3283
1036 3283
1570 3283
2133 3283
2370 3283
2604 3283
2795 3283
3043 3283
171 3530
1666 3530
2063 3530
2962 3530
172 643
172 3658
643 2790
643 2983
174 177
178 2119
238 2119
246 2119
314 2119
386 2119
404 2119
465 2119
503 2119
539 2119
597 2119
632 2119
737 2119
872 2119
941 2119
949 2119
962 2119
1320 2119
1430 2119
1504 2119
2032 2119
2033 2119
2119 2373
2119 2452
2119 2503
2119 2626
2119 2658
2119 2900
2119 3154
2119 3314
2119 3350
2119 3364
2119 3390
2119 3539
2119 3608
181 2717
203 2717
884 2717
1295 2717
1501 2717
2146 2717
2717 2777
2717 2846
2717 3078
2717 3502
182 421
421 907
187 841
841 1397
841 1784
188 944
188 3183
944 1619
307 626
315 626
411 626
626 649
626 820
626 2762
248 1549
458 1549
559 1549
1007 1549
1035 1549
1122 1549
1549 2958
1549 3089
1549 3109
1549 3296
392 2174
1274 2174
1347 2174
1932 2174
1944 2174
2168 2174
2174 2239
2174 3590
191 1076
191 1437
191 1651
248 1651
193 1522
193 2114
193 3123
1522 2171
1522 3386
695 889
889 3504
928 2968
1142 2968
2112 2968
2839 2968
196 2464
2447 2464
199 615
615 3059
204 1924
520 1924
1106 1924
1414 1924
1924 2121
1924 2653
1924 2923
1924 2990
1924 2994
1924 3128
1924 3276
1924 3485
209 910
209 2069
209 2304
209 2329
209 2897
209 3586
910 1086
910 1595
910 2667
1605 2304
1856 2304
210 685
685 1457
685 2092
482 2002
1363 2002
2002 3408
219 1448
219 3622
679 1448
448 3622
484 3622
506 3622
753 3622
871 3622
1050 3622
1184 3622
1325 3622
1369 3622
1447 3622
1578 3622
1866 3622
2095 3622
2141 3622
2248 3622
2286 3622
2412 3622
2413 3622
2521 3622
2522 3622
2964 3622
3186 3622
3507 3622
224 2094
1419 2094
2094 2617
226 612
226 1416
234 612
596 612
612 2028
612 2138
612 2199
612 2783
612 2873
612 3443
612 3609
1416 2724
227 1215
557 1215
606 1215
1215 1903
1215 2050
1215 2234
1215 3511
1215 3526
1420 2629
1746 2629
2629 2684
235 1287
1287 2177
1287 3584
240 506
506 892
506 1590
506 2046
506 2483
506 3043
248 286
248 487
248 532
248 650
248 788
248 828
248 914
248 1171
248 1385
248 1718
248 1862
248 2058
248 2191
248 2293
248 2339
248 2555
248 2631
248 2703
248 2882
248 3005
248 3431
248 3486
248 3528
248 3632
286 1002
286 1094
286 3361
532 3580
603 828
828 1590
1315 1718
1515 1718
1718 1724
1718 2122
1718 2778
305 2703
250 521
250 3160
521 1490
521 3291
2623 3160
3160 3457
251 1057
251 1126
251 2132
251 2349
251 3134
1044 1057
2132 3564
2349 2751
1916 3134
253 259
253 2505
259 1331
259 1814
259 2135
259 2600
259 3054
259 3221
259 3252
256 1565
350 1565
547 1565
859 1565
1565 2006
1565 2203
1565 2818
1565 2911
258 700
1352 1814
1472 2135
2846 3252
260 2379
367 2379
1152 2379
261 579
579 609
579 692
579 896
579 1014
579 1462
579 1898
579 1899
579 1911
579 1951
579 2045
579 2185
579 2302
579 2369
579 2389
579 2958
579 2999
579 3017
262 2177
304 2177
544 2177
614 2177
686 2177
807 2177
2154 2177
2177 2308
2177 2424
2177 2876
2177 2915
2177 2931
267 272
267 829
272 692
270 1231
1231 1499
1231 2972
280 3114
337 3114
837 3114
1127 3114
2675 3114
3114 3164
283 2213
2213 3474
1002 1007
1002 1659
1002 2511
1002 2695
1002 2766
1002 3308
1002 3449
315 1094
430 1094
795 1094
822 1094
913 1094
919 1094
1037 1094
1068 1094
1094 1264
1094 1587
1094 2283
1094 2624
1094 3406
1094 3442
1094 3659
2376 3361
2736 3361
2781 3361
288 314
288 1558
289 2573
1303 2573
1615 2573
2489 2573
2573 2870
2573 3427
298 382
340 382
382 435
382 450
382 452
382 710
382 747
382 758
382 767
382 802
382 862
382 958
382 997
382 1078
382 1288
382 1309
382 1361
382 1391
382 1452
382 1461
382 1649
382 1776
382 1828
382 2093
382 2145
382 2169
382 2312
382 2383
382 2476
382 2593
382 2642
382 2850
382 2949
382 2964
382 3042
382 3155
382 3189
382 3207
382 3240
382 3370
382 3596
303 1052
339 1052
1052 1878
1052 2054
1052 2182
1052 2185
1052 2398
1052 2764
306 3214
695 3214
1294 3214
1302 3214
1904 3214
2377 3214
3063 3214
3214 3636
308 1686
308 2568
308 3019
308 3391
1142 1686
1686 2791
1686 3068
1686 3519
1119 3019
1722 3019
491 3391
309 877
543 877
877 2075
877 2748
310 1101
311 1837
819 1837
1837 1856
1837 2360
1837 2492
1837 3036
1837 3105
1837 3476
317 3404
486 3404
849 3404
867 3404
1032 3404
1284 3404
1298 3404
1612 3404
1672 3404
1792 3404
1967 3404
2008 3404
2167 3404
2214 3404
2814 3404
3092 3404
3209 3404
3404 3518
3404 3617
320 2649
320 2912
1326 2649
2264 2649
1018 2912
323 366
328 2452
329 3482
336 3482
570 3482
1066 3482
1975 3482
2029 3482
2045 3482
2210 3482
2215 3482
466 2894
687 2112
684 1305
936 1305
1246 1305
1279 1305
1305 1645
1305 2577
1305 2738
1305 3085
1305 3602
1269 1505
1916 2261
637 2389
1332 2794
2575 3088
1509 3385
1230 3436
2832 3436
3537 3654
331 3550
669 3661
333 2380
974 2380
1678 2380
1913 2380
2380 3027
334 1822
1822 3205
335 1916
443 1916
1496 1916
1632 1916
1916 2078
1916 2136
1916 2499
1916 2628
1916 3063
1916 3444
1916 3475
1916 3574
339 2171
339 2438
1551 2171
376 2438
2264 2438
346 1472
861 1472
1379 1472
1472 1524
1472 1556
1472 2424
1472 3267
1472 3529
1472 3628
349 2736
589 2736
1043 2736
1495 2736
2736 3469
350 381
381 444
381 498
381 677
381 873
381 924
381 1145
381 1487
381 1857
381 1925
381 1998
381 2056
381 2966
381 3029
381 3146
381 3329
381 3610
381 3613
381 3620
355 3107
1500 3107
2030 3107
2253 3107
3107 3480
361 386
386 555
386 629
386 1380
386 2084
386 2307
386 2744
386 2797
386 3063
367 1765
369 1243
1086 1243
372 1856
373 1856
805 1856
821 1856
928 1856
1226 1856
1455 1856
1502 1856
1824 1856
1856 2425
1856 2742
1856 2838
1856 3103
1856 3179
1856 3510
1856 3523
373 2044
373 3604
374 1188
376 1919
1221 1919
1551 1919
1629 1919
1818 1919
1919 2680
1919 3035
1919 3311
1919 3649
377 1039
377 1069
379 1326
1018 1326
1326 1417
1326 3184
498 2965
873 2969
924 2779
454 1925
1275 1925
1679 1925
1883 1925
673 2966
1515 2966
1547 3029
3566 3610
409 3613
637 3613
435 2778
470 2093
476 2093
866 2093
1760 2093
2093 2435
2093 3298
2093 3464
384 1186
1186 1310
1186 1531
1186 2083
1186 3210
1893 3063
388 931
388 1104
388 1189
388 1234
388 2125
388 2785
388 3141
388 3371
388 3396
388 3523
1234 3342
479 3523
825 3523
1382 3523
389 630
630 1509
391 1352
396 1352
1352 1680
1352 2938
1352 3268
395 1168
395 3103
587 3103
1577 3103
1780 3103
2482 3103
397 1551
400 2846
442 2846
1162 2846
1818 2846
2142 2846
2350 2846
401 2751
972 2751
1336 2751
1926 2751
2501 2751
402 2615
1681 2615
2615 3142
403 860
573 860
607 860
860 2419
860 3233
405 609
609 956
609 1119
609 1271
609 1342
609 1477
609 2045
609 2889
609 2958
1041 2841
1197 3164
2803 3411
414 2803
417 1639
1639 3321
1639 3650
433 725
433 784
433 2294
433 2566
433 2657
433 3239
2294 2722
1566 3239
2574 3239
668 2778
783 2778
1030 2778
1080 2778
2715 2778
2778 3043
440 1018
441 456
441 2579
448 1590
448 1935
448 2062
1146 1590
1376 1590
1590 2066
1590 2617
1590 3167
477 1935
545 1935
600 1935
1075 1935
1252 1935
1935 2142
1935 2550
1935 3592
613 2062
1413 2062
2009 2062
2062 2112
2062 2185
449 3014
494 3014
1006 3014
3014 3332
453 1296
462 1794
821 2435
1931 2435
2000 2435
2314 2435
474 1417
474 2350
1237 2350
475 511
475 1071
475 1265
475 1266
475 1706
475 1961
475 2006
475 2952
475 3003
475 3262
475 3470
475 3581
1086 3003
480 771
480 874
771 1346
771 1459
771 1730
771 1772
771 1897
874 1061
874 1726
874 1947
874 2106
874 3083
874 3293
485 1936
1154 1936
493 3139
1599 3139
2637 3139
2046 2356
1702 2483
2007 2483
2176 2483
2483 3190
1024 3043
1610 3043
2074 3043
508 1913
1913 2076
1913 2506
1913 2597
512 1501
515 3656
2045 3656
2063 3656
3091 3656
516 2393
1493 2393
2393 3557
519 2120
522 1846
522 2801
1846 2801
2205 2801
2244 2801
524 1251
563 1251
682 1251
719 1251
996 1251
1121 1251
1238 1251
1251 1645
1251 1713
1251 2481
1251 3131
1251 3534
1251 3548
525 854
525 1377
525 2455
756 3580
1154 3580
2142 3580
2612 3580
534 637
637 978
637 1225
637 1310
637 1606
637 1825
637 2139
637 2594
637 2823
637 3208
637 3464
637 3503
535 591
591 1372
540 978
548 1088
548 3184
1088 3184
652 3184
764 1270
764 1815
764 3569
1946 3447
558 2150
716 2150
2051 2150
2150 2391
2150 2918
2150 3024
560 1781
560 3428
2839 3428
561 1745
561 2416
561 2421
561 2770
561 3606
1681 2421
2421 2991
569 3566
1028 3566
2088 3566
2254 3566
3566 3582
570 706
571 1136
575 1209
746 2045
583 3106
584 695
695 886
695 1297
695 1601
695 1719
695 1746
695 1767
695 1806
695 1851
695 2137
695 2315
695 2399
695 2578
695 2652
695 2691
695 2728
695 3104
695 3306
695 3477
695 3612
1027 2760
589 1572
589 3049
1187 2395
1705 1753
821 2142
1485 2142
1557 2142
1940 2142
2036 2142
2142 2283
2142 2786
2142 3307
2142 3513
1137 2417
1915 2804
2769 2804
603 815
603 1754
603 3098
610 3164
968 3164
1177 3164
1208 3164
1316 3164
2283 3164
2296 3164
2462 3164
3164 3355
3164 3508
3164 3521
611 1954
2783 3284
620 1746
689 1746
1291 1746
1476 1746
1746 2032
1746 2173
1746 2834
1746 2980
1746 3143
1746 3465
622 682
623 3380
635 3362
2229 3362
1225 3647
821 3464
821 3503
641 689
689 1453
689 2537
689 3572
1322 2983
648 2020
652 1403
654 1113
654 2811
654 2930
1113 2504
1630 2811
662 2619
714 2619
2187 2619
667 2395
667 3205
2243 2395
2395 2713
2513 3205
669 2436
669 2775
669 3171
672 1164
1164 1336
1457 2322
1038 2112
1401 2112
1585 2112
1695 2112
1877 2112
1989 2112
2112 2157
2112 2868
2112 2886
2112 2996
2112 3148
691 1959
741 1959
845 1959
927 1959
1123 1959
1640 1959
1959 2869
1959 3647
1004 1767
1418 1767
1498 1767
1767 2890
1767 3422
1351 2652
704 2497
705 833
705 843
705 1046
705 1250
705 1963
705 1971
705 1996
705 2077
705 2731
705 3319
705 3356
705 3631
727 1999
727 2308
1150 1999
2270 2308
728 1397
850 1397
1397 2569
1397 3117
1397 3373
738 1332
743 3458
776 3458
2742 3458
763 2879
763 3626
1697 2879
2232 3626
1518 1815
1815 2592
1815 3182
1346 2473
1346 3386
964 1459
777 2712
2487 2712
928 1675
928 2296
928 2601
928 3295
1086 2499
1406 1724
1724 2948
2405 2470
2405 2815
789 1682
792 929
792 1740
792 2348
792 2701
858 1740
1508 1740
1740 1783
1740 2236
1740 2474
1740 3099
797 1044
1044 1054
1044 1267
1044 2278
800 2849
1378 2849
2536 2849
2727 2849
2759 2849
2849 3028
810 912
912 915
912 1703
912 2197
819 2332
819 2990
821 1269
821 1652
821 2122
821 2189
821 2559
821 2633
821 2664
821 2863
1269 2635
832 2122
1575 2122
1868 2122
2122 2425
2122 3368
2168 2189
835 1537
1537 2836
847 2210
961 2210
850 3321
909 3321
851 3257
1303 3257
1467 3257
1484 3257
1604 3257
1990 3257
3257 3324
853 1700
1700 2871
868 1588
1060 1588
1588 1620
1588 1807
1588 2816
1588 3617
870 2009
1693 2009
1984 2009
2009 2681
880 2236
884 2170
2170 2181
2170 2601
1703 1858
918 2126
923 3129
2767 3129
3129 3487
2498 2779
2779 2800
932 2437
2437 2752
1022 1323
2358 2786
935 2067
1047 2067
2067 3290
940 1206
942 1333
953 3469
1090 3469
1819 3469
3469 3660
969 1797
1797 1881
1797 2749
970 2786
1328 2786
1460 2786
1690 2786
1799 2786
2166 2786
2786 3115
2786 3438
971 1622
971 2487
1622 2327
984 2014
984 2581
984 3388
2581 2979
986 1920
986 2595
987 2936
987 3144
2977 3144
3046 3144
3144 3624
994 1571
994 2406
995 1697
1697 2490
1011 1915
1915 2035
1915 2881
1915 3462
1015 1644
1015 1787
1344 1371
1371 3270
1277 1795
3192 3432
1020 3547
2054 2580
1643 2585
1148 2391
1062 2641
1062 3241
1064 3501
1066 2029
1554 2029
2029 3468
1079 2123
1415 2123
1469 1560
1108 1199
1125 2802
2024 2108
2024 2356
1654 2857
1142 1277
1277 1648
1277 2659
1148 1769
1152 3296
1153 3270
2755 3270
2856 3270
3270 3384
2356 2371
2356 2711
2356 2937
2798 3338
1336 3381
1172 2382
1647 2382
2382 2458
2382 2765
1192 3408
1205 3408
1542 3408
2342 3408
1205 3463
1750 3463
1281 1519
2935 3647
3382 3647
1230 3156
1255 2697
1282 3137
1259 2825
2776 2825
1272 1485
1485 1774
1289 3465
1613 3465
1300 2531
1300 3091
2531 3284
2548 3085
1311 1390
1390 1614
1390 2049
1390 3435
1313 2514
1318 1680
1322 1798
1338 1630
1630 3392
2473 3245
1681 3386
1910 3386
2264 3386
3325 3386
1351 3302
1363 2429
1370 3448
1370 3588
2887 3621
3403 3649
1399 3149
1656 3149
3149 3553
1400 1555
1555 2757
1404 2109
2837 3525
1443 2979
1483 2979
2344 2979
2979 3011
2979 3165
2979 3340
2979 3593
1455 3025
1455 3389
1466 2231
2231 2574
1556 2434
1774 3585
1989 3322
1759 2711
1818 2080
2061 2130
2159 3135
2107 2468
2685 3218
2661 2677
2661 3481
1602 2839
1631 2832
2588 2832
1632 2038
2038 3412
2585 3275
2585 3343
1662 2810
1676 3193
2749 3193
1681 3410
1842 3363
1753 1906
1716 3142
1910 3142
2824 3142
3142 3219
3142 3379
1720 3209
1728 3349
1750 2357
2357 2486
1906 3533
1756 3564
2081 3564
2082 3564
1764 3644
2861 3644
3084 3644
1773 3095
1788 2741
2749 3395
1805 2809
2821 3309
2352 3363
1869 3513
3407 3513
1914 2769
2769 3081
1930 2501
1931 3423
2917 3423
1949 3387
3195 3387
2922 3359
2149 3118
1982 2107
2107 2289
2107 2385
2107 2688
1986 3378
2036 2951
2130 3328
2989 3290
3290 3655
2157 2989
2886 3642
2989 3001
2989 3646
2853 3135
2314 2422
2340 2984
2937 3648
2733 3016
3016 3597
2466 3655
3284 3488
2542 2870
2870 3248
2870 3500
2650 3341
3218 3394
3250 3346
3213 3636
