1 2
1 3
1 4
1 5
1 6
1 7
1 8
1 9
1 10
1 11
1 12
1 13
1 14
1 15
1 16
1 17
1 18
1 19
1 20
1 21
1 22
1 23
1 24
2 4
2 6
2 7
2 10
2 13
2 14
2 15
2 21
2 29
2 42
2 46
2 47
2 48
2 53
2 55
2 66
2 69
2 71
2 73
2 77
2 82
2 84
2 95
2 100
2 102
2 106
2 107
2 108
2 113
2 115
2 133
2 137
2 141
2 145
2 147
2 153
2 160
2 162
2 164
2 171
2 172
2 175
2 176
2 185
2 187
2 192
2 196
2 199
2 205
2 209
2 219
2 223
2 231
2 242
2 243
2 244
2 245
2 246
2 247
2 248
2 249
2 250
2 251
2 252
2 253
2 254
2 255
2 256
2 257
2 258
2 259
2 260
2 261
2 262
2 263
2 264
2 265
2 266
2 267
3 10
3 11
3 31
3 41
3 50
3 53
3 55
3 66
3 68
3 73
3 77
3 82
3 88
3 101
3 109
3 114
3 133
3 134
3 137
3 145
3 151
3 154
3 160
3 165
3 168
3 170
3 180
3 184
3 194
3 195
3 205
3 216
3 223
3 226
3 255
3 262
3 278
3 286
3 287
4 5
4 8
4 11
4 12
4 14
4 16
4 19
4 20
4 21
4 22
4 24
4 30
4 31
4 32
4 38
4 41
4 42
4 44
4 45
4 48
4 49
4 53
4 55
4 57
4 59
4 61
4 62
4 65
4 66
4 68
4 69
4 71
4 74
4 77
4 80
4 85
4 86
4 88
4 89
4 91
4 95
4 99
4 102
4 103
4 107
4 110
4 111
4 113
4 114
4 115
4 117
4 118
4 121
4 122
4 123
4 126
4 134
4 135
4 137
4 138
4 143
4 144
4 145
4 147
4 149
4 152
4 154
4 157
4 159
4 161
4 163
4 164
4 170
4 171
4 173
4 178
4 180
4 182
4 186
4 187
4 191
4 194
4 198
4 202
4 203
4 204
4 206
4 207
4 211
4 215
4 216
4 217
4 219
4 223
4 224
4 228
4 229
4 230
4 232
4 233
4 237
4 238
4 239
4 243
4 246
4 247
4 249
4 250
4 252
4 254
4 255
4 258
4 261
4 264
4 266
4 267
4 269
4 270
4 277
4 280
4 281
4 288
4 289
4 290
4 291
4 292
4 293
4 294
4 295
4 296
4 297
4 298
4 299
4 300
4 301
4 302
4 303
4 304
4 305
4 306
4 307
4 308
4 309
4 310
4 311
4 312
4 313
4 314
4 315
4 316
4 317
4 318
4 319
4 320
4 321
4 322
5 6
5 8
5 10
5 11
5 12
5 14
5 22
5 24
5 29
5 33
5 48
5 53
5 54
5 94
5 96
5 99
5 101
5 118
5 123
5 124
5 126
5 141
5 153
5 154
5 168
5 170
5 182
5 193
5 194
5 205
5 209
5 222
5 225
5 243
5 244
5 249
5 259
5 261
5 270
5 272
5 326
5 335
5 341
5 347
5 348
5 349
6 8
6 12
6 20
6 26
6 35
6 42
6 44
6 59
6 69
6 74
6 80
6 85
6 86
6 87
6 93
6 96
6 98
6 105
6 113
6 132
6 142
6 146
6 153
6 164
6 169
6 170
6 171
6 178
6 180
6 181
6 183
6 184
6 190
6 196
6 197
6 205
6 215
6 216
6 226
6 247
6 249
6 254
6 257
6 273
6 279
6 291
6 293
6 309
6 350
6 351
7 10
7 11
7 12
7 13
7 17
7 21
7 22
7 28
7 30
7 42
7 45
7 46
7 48
7 59
7 66
7 67
7 69
7 73
7 79
7 80
7 83
7 84
7 87
7 91
7 95
7 96
7 97
7 102
7 108
7 111
7 126
7 131
7 136
7 141
7 142
7 145
7 146
7 147
7 148
7 150
7 158
7 162
7 164
7 170
7 171
7 172
7 177
7 187
7 207
7 210
7 229
7 230
7 233
7 235
7 236
7 238
7 242
7 249
7 252
7 255
7 256
7 258
7 259
7 261
7 278
7 280
7 282
7 290
7 292
7 307
7 309
7 313
7 322
7 338
7 344
7 345
7 350
7 360
7 362
8 10
8 17
8 32
8 51
8 54
8 76
8 79
8 80
8 100
8 107
8 108
8 113
8 121
8 133
8 135
8 140
8 145
8 154
8 165
8 168
8 177
8 187
8 194
8 197
8 198
8 206
8 210
8 218
8 232
8 249
8 250
8 256
8 257
8 261
8 272
8 322
8 328
8 335
8 340
8 345
8 352
8 353
8 378
9 10
9 13
9 14
9 16
9 24
9 26
9 32
9 33
9 42
9 63
9 68
9 71
9 74
9 76
9 79
9 80
9 82
9 83
9 86
9 93
9 103
9 105
9 111
9 113
9 116
9 117
9 118
9 136
9 139
9 140
9 145
9 152
9 153
9 157
9 164
9 171
9 179
9 180
9 182
9 187
9 190
9 194
9 195
9 204
9 216
9 219
9 226
9 228
9 232
9 243
9 245
9 247
9 249
9 250
9 252
9 253
9 254
9 257
9 261
9 267
9 271
9 276
9 280
9 282
9 285
9 287
9 289
9 294
9 296
9 301
9 318
9 332
9 340
9 344
9 347
9 348
9 352
9 367
9 369
9 379
10 11
10 12
10 13
10 14
10 17
10 18
10 20
10 21
10 22
10 23
10 24
10 26
10 28
10 48
10 54
10 55
10 56
10 60
10 68
10 74
10 80
10 82
10 89
10 94
10 99
10 101
10 107
10 121
10 124
10 134
10 137
10 163
10 170
10 171
10 184
10 191
10 194
10 195
10 202
10 205
10 224
10 229
10 232
10 255
10 256
10 261
10 294
10 301
10 305
10 307
10 313
10 322
10 370
10 380
10 390
11 13
11 14
11 15
11 17
11 20
11 21
11 23
11 24
11 26
11 37
11 38
11 40
11 44
11 45
11 46
11 48
11 53
11 59
11 64
11 66
11 68
11 70
11 71
11 76
11 87
11 91
11 96
11 101
11 102
11 111
11 113
11 122
11 123
11 126
11 128
11 133
11 138
11 140
11 153
11 154
11 157
11 159
11 165
11 170
11 171
11 176
11 178
11 180
11 181
11 184
11 192
11 196
11 198
11 199
11 202
11 204
11 206
11 208
11 209
11 212
11 213
11 218
11 221
11 225
11 226
11 228
11 229
11 232
11 240
11 243
11 246
11 247
11 250
11 258
11 260
11 261
11 263
11 271
11 272
11 273
11 279
11 280
11 284
11 288
11 301
11 305
11 313
11 314
11 316
11 329
11 332
11 351
11 352
11 354
11 361
11 363
11 364
11 368
11 380
11 382
11 388
12 14
12 19
12 20
12 23
12 26
12 30
12 32
12 35
12 41
12 42
12 44
12 45
12 46
12 48
12 49
12 53
12 59
12 62
12 64
12 69
12 72
12 76
12 79
12 83
12 85
12 87
12 88
12 94
12 95
12 100
12 101
12 102
12 103
12 105
12 108
12 109
12 110
12 111
12 114
12 115
12 116
12 117
12 122
12 137
12 139
12 141
12 146
12 147
12 149
12 150
12 153
12 154
12 164
12 167
12 176
12 181
12 187
12 190
12 191
12 192
12 200
12 202
12 215
12 216
12 219
12 223
12 229
12 233
12 236
12 238
12 243
12 249
12 251
12 253
12 255
12 256
12 257
12 261
12 264
12 267
12 272
12 279
12 282
12 290
12 307
12 309
12 314
12 315
12 322
12 330
12 331
12 337
12 338
12 341
12 352
12 354
12 356
12 370
12 383
12 390
13 14
13 21
13 23
13 29
13 30
13 31
13 32
13 33
13 45
13 46
13 47
13 57
13 59
13 63
13 68
13 73
13 84
13 96
13 115
13 117
13 124
13 126
13 134
13 140
13 142
13 145
13 153
13 156
13 164
13 169
13 171
13 172
13 176
13 178
13 179
13 181
13 182
13 184
13 187
13 194
13 199
13 205
13 207
13 214
13 217
13 219
13 224
13 228
13 235
13 236
13 245
13 259
13 265
13 272
13 278
13 286
13 294
13 296
13 298
13 307
13 313
13 316
13 322
13 332
13 341
13 345
13 350
13 353
13 354
13 360
13 366
13 367
13 370
13 387
13 400
14 16
14 21
14 24
14 26
14 30
14 41
14 48
14 49
14 54
14 55
14 57
14 59
14 62
14 63
14 66
14 68
14 69
14 73
14 74
14 76
14 77
14 79
14 88
14 95
14 96
14 99
14 100
14 103
14 107
14 110
14 113
14 117
14 118
14 121
14 122
14 123
14 126
14 133
14 135
14 137
14 144
14 145
14 147
14 157
14 159
14 161
14 163
14 164
14 168
14 170
14 171
14 173
14 174
14 177
14 178
14 181
14 183
14 185
14 191
14 192
14 195
14 199
14 202
14 203
14 204
14 207
14 209
14 215
14 216
14 217
14 219
14 223
14 228
14 229
14 243
14 249
14 250
14 254
14 256
14 258
14 259
14 260
14 261
14 263
14 269
14 270
14 272
14 290
14 292
14 293
14 295
14 296
14 297
14 298
14 300
14 301
14 303
14 305
14 307
14 315
14 316
14 317
14 319
14 320
14 321
14 322
14 333
14 335
14 340
14 354
14 356
14 357
14 358
14 363
14 380
15 17
15 29
15 45
15 46
15 49
15 50
15 55
15 59
15 71
15 75
15 76
15 83
15 92
15 97
15 105
15 115
15 118
15 126
15 129
15 133
15 139
15 142
15 143
15 146
15 149
15 151
15 211
15 212
15 222
15 224
15 229
15 231
15 235
15 264
15 284
15 304
15 380
15 388
16 17
16 21
16 30
16 41
16 45
16 49
16 63
16 76
16 100
16 122
16 140
16 157
16 181
16 199
16 222
16 256
16 298
16 305
16 307
16 341
16 347
16 352
17 22
17 24
17 28
17 30
17 32
17 35
17 38
17 41
17 46
17 48
17 49
17 50
17 53
17 56
17 57
17 60
17 61
17 65
17 66
17 69
17 70
17 72
17 75
17 78
17 80
17 88
17 89
17 94
17 103
17 110
17 113
17 114
17 115
17 117
17 118
17 122
17 128
17 133
17 134
17 135
17 137
17 138
17 139
17 140
17 141
17 145
17 152
17 153
17 154
17 157
17 159
17 163
17 165
17 168
17 170
17 172
17 174
17 176
17 178
17 180
17 182
17 185
17 187
17 188
17 190
17 191
17 192
17 195
17 199
17 204
17 205
17 211
17 213
17 216
17 218
17 224
17 228
17 229
17 237
17 247
17 248
17 254
17 256
17 257
17 258
17 259
17 260
17 261
17 265
17 269
17 274
17 287
17 289
17 301
17 303
17 304
17 312
17 315
17 316
17 318
17 325
17 328
17 329
17 331
17 332
17 333
17 336
17 337
17 340
17 342
17 349
17 351
17 363
17 381
17 385
18 46
18 109
18 114
18 265
19 20
19 30
19 48
19 57
19 59
19 71
19 124
19 154
19 168
19 178
19 184
19 191
19 197
19 209
19 253
19 261
19 283
19 287
19 291
19 298
19 314
19 332
19 340
19 341
19 380
20 31
20 33
20 45
20 46
20 59
20 66
20 74
20 76
20 80
20 83
20 88
20 92
20 98
20 99
20 101
20 107
20 108
20 110
20 114
20 117
20 121
20 123
20 139
20 145
20 146
20 154
20 156
20 161
20 167
20 168
20 171
20 173
20 192
20 193
20 197
20 198
20 199
20 209
20 211
20 218
20 219
20 222
20 223
20 234
20 247
20 253
20 257
20 259
20 283
20 286
20 300
20 305
20 314
20 320
20 330
20 338
20 363
20 382
20 397
21 22
21 24
21 30
21 38
21 41
21 42
21 44
21 45
21 48
21 49
21 50
21 57
21 59
21 60
21 62
21 63
21 66
21 68
21 74
21 77
21 78
21 82
21 83
21 94
21 95
21 106
21 107
21 110
21 113
21 114
21 115
21 117
21 118
21 120
21 121
21 123
21 130
21 133
21 135
21 136
21 138
21 143
21 145
21 147
21 163
21 164
21 168
21 170
21 171
21 173
21 181
21 185
21 187
21 188
21 189
21 190
21 191
21 192
21 194
21 200
21 206
21 211
21 214
21 215
21 217
21 223
21 226
21 230
21 237
21 238
21 243
21 250
21 254
21 256
21 258
21 260
21 261
21 276
21 277
21 279
21 287
21 292
21 293
21 296
21 297
21 298
21 300
21 301
21 302
21 303
21 305
21 306
21 307
21 311
21 314
21 315
21 317
21 318
21 319
21 320
21 333
21 340
21 357
21 359
21 380
21 381
21 382
22 45
22 46
22 52
22 59
22 104
22 177
22 180
22 193
22 201
22 215
22 265
22 305
22 332
22 389
23 25
23 30
23 41
23 44
23 53
23 54
23 59
23 71
23 72
23 73
23 76
23 80
23 84
23 85
23 88
23 92
23 94
23 95
23 96
23 101
23 102
23 105
23 113
23 115
23 121
23 122
23 128
23 137
23 138
23 146
23 147
23 153
23 159
23 163
23 165
23 168
23 180
23 185
23 187
23 189
23 190
23 195
23 203
23 207
23 211
23 217
23 222
23 227
23 237
23 243
23 247
23 250
23 254
23 255
23 258
23 261
23 266
23 294
23 298
23 305
23 314
23 320
23 331
23 332
23 352
23 353
23 363
23 368
23 373
23 376
24 31
24 45
24 46
24 48
24 53
24 55
24 63
24 66
24 76
24 77
24 83
24 88
24 91
24 94
24 99
24 100
24 101
24 107
24 111
24 113
24 117
24 118
24 124
24 130
24 131
24 135
24 136
24 140
24 141
24 147
24 153
24 163
24 164
24 165
24 168
24 170
24 179
24 184
24 185
24 195
24 199
24 203
24 228
24 232
24 248
24 250
24 254
24 255
24 256
24 257
24 261
24 262
24 269
24 295
24 305
24 307
24 313
24 331
24 333
24 363
24 367
24 390
25 29
29 30
29 32
29 34
29 38
29 39
29 43
29 51
29 53
29 55
29 56
29 57
29 66
29 68
29 69
29 76
29 78
29 79
29 82
29 88
29 94
29 105
29 107
29 109
29 113
29 114
29 115
29 121
29 123
29 126
29 127
29 133
29 137
29 138
29 141
29 155
29 165
29 168
29 171
29 178
29 179
29 182
29 186
29 190
29 191
29 209
29 211
29 215
29 216
29 218
29 221
29 228
29 239
29 243
29 254
29 260
29 263
29 264
29 268
29 276
29 295
29 298
29 300
29 318
29 320
29 322
29 335
29 340
29 347
29 349
29 359
29 371
29 372
25 42
28 42
32 42
33 42
37 42
42 46
42 47
42 50
42 53
42 62
42 66
42 69
42 76
42 78
42 80
42 81
42 82
42 83
42 86
42 91
42 92
42 93
42 95
42 96
42 98
42 99
42 100
42 105
42 106
42 108
42 111
42 113
42 115
42 119
42 129
42 133
42 141
42 142
42 145
42 146
42 147
42 155
42 156
42 168
42 170
42 175
42 177
42 178
42 181
42 183
42 187
42 190
42 202
42 205
42 209
42 215
42 216
42 223
42 229
42 235
42 237
42 242
42 245
42 249
42 250
42 254
42 268
42 276
42 277
42 278
42 293
42 299
42 308
42 313
42 326
42 331
42 334
42 336
42 341
42 344
42 349
42 351
42 353
42 355
42 357
42 361
42 383
25 46
27 46
30 46
31 46
33 46
35 46
38 46
45 46
46 47
46 48
46 49
46 51
46 53
46 55
46 61
46 63
46 66
46 67
46 73
46 74
46 75
46 76
46 77
46 78
46 79
46 80
46 83
46 85
46 89
46 95
46 96
46 100
46 102
46 109
46 111
46 112
46 113
46 114
46 116
46 117
46 118
46 120
46 122
46 123
46 124
46 125
46 129
46 130
46 132
46 135
46 137
46 139
46 141
46 142
46 145
46 146
46 147
46 148
46 150
46 158
46 162
46 163
46 166
46 169
46 171
46 172
46 173
46 177
46 180
46 181
46 187
46 188
46 189
46 190
46 191
46 192
46 193
46 196
46 200
46 203
46 207
46 214
46 216
46 218
46 219
46 221
46 224
46 229
46 231
46 234
46 235
46 236
46 238
46 240
46 248
46 255
46 258
46 259
46 260
46 261
46 263
46 264
46 274
46 276
46 278
46 282
46 285
46 286
46 291
46 295
46 298
46 299
46 305
46 306
46 307
46 310
46 311
46 314
46 315
46 316
46 318
46 319
46 322
46 325
46 330
46 334
46 336
46 339
46 341
46 344
46 345
46 349
46 350
46 351
46 352
46 356
46 359
46 360
46 367
46 370
46 371
46 375
46 378
46 386
46 387
46 390
46 393
46 394
46 400
46 402
46 403
25 47
26 47
40 47
47 49
47 56
47 58
47 73
47 80
47 86
47 96
47 98
47 106
47 118
47 145
47 152
47 204
47 205
47 259
47 261
47 268
47 400
25 48
30 48
32 48
40 48
41 48
44 48
45 48
48 49
48 50
48 55
48 56
48 57
48 68
48 69
48 76
48 77
48 80
48 83
48 84
48 87
48 88
48 89
48 92
48 94
48 95
48 101
48 102
48 109
48 110
48 111
48 113
48 114
48 117
48 120
48 121
48 131
48 134
48 140
48 142
48 146
48 147
48 149
48 152
48 163
48 164
48 169
48 170
48 171
48 172
48 173
48 177
48 178
48 180
48 181
48 184
48 195
48 197
48 201
48 204
48 205
48 217
48 219
48 223
48 224
48 229
48 232
48 238
48 243
48 244
48 247
48 248
48 249
48 253
48 254
48 256
48 258
48 260
48 272
48 277
48 278
48 281
48 282
48 283
48 286
48 287
48 290
48 292
48 299
48 300
48 303
48 307
48 309
48 314
48 319
48 320
48 332
48 340
48 342
48 350
48 364
48 369
48 382
48 383
48 393
48 403
25 53
26 53
30 53
31 53
32 53
38 53
44 53
50 53
53 54
53 59
53 66
53 68
53 69
53 70
53 71
53 74
53 76
53 79
53 80
53 88
53 89
53 91
53 92
53 94
53 99
53 100
53 108
53 111
53 113
53 114
53 117
53 118
53 119
53 127
53 136
53 137
53 138
53 141
53 144
53 154
53 156
53 157
53 162
53 163
53 167
53 168
53 170
53 173
53 176
53 177
53 178
53 179
53 180
53 181
53 184
53 186
53 188
53 190
53 194
53 199
53 208
53 214
53 215
53 216
53 239
53 242
53 243
53 244
53 246
53 247
53 249
53 254
53 258
53 261
53 264
53 265
53 269
53 274
53 280
53 282
53 298
53 304
53 313
53 329
53 338
53 343
53 344
53 352
53 359
53 361
53 363
53 365
53 383
53 391
53 394
53 395
53 396
25 55
38 55
45 55
55 57
55 59
55 66
55 71
55 76
55 77
55 83
55 88
55 107
55 114
55 119
55 121
55 126
55 135
55 138
55 139
55 145
55 163
55 164
55 165
55 173
55 187
55 199
55 203
55 209
55 213
55 214
55 215
55 220
55 223
55 224
55 229
55 235
55 239
55 244
55 246
55 256
55 272
55 286
55 304
55 305
55 307
55 319
55 380
26 66
32 66
38 66
40 66
41 66
45 66
59 66
60 66
62 66
63 66
66 68
66 71
66 76
66 77
66 78
66 80
66 83
66 88
66 89
66 94
66 99
66 103
66 106
66 107
66 111
66 117
66 118
66 119
66 120
66 122
66 124
66 131
66 133
66 135
66 137
66 138
66 139
66 140
66 142
66 143
66 145
66 146
66 149
66 153
66 160
66 162
66 163
66 165
66 167
66 168
66 170
66 171
66 172
66 175
66 176
66 178
66 181
66 184
66 187
66 188
66 195
66 196
66 199
66 204
66 209
66 213
66 216
66 218
66 239
66 242
66 247
66 250
66 254
66 256
66 258
66 264
66 269
66 275
66 291
66 293
66 308
66 348
66 357
66 364
66 368
66 372
32 69
33 69
35 69
41 69
49 69
51 69
60 69
62 69
63 69
68 69
69 77
69 79
69 81
69 83
69 85
69 94
69 95
69 96
69 98
69 102
69 105
69 118
69 128
69 136
69 145
69 147
69 149
69 159
69 162
69 164
69 170
69 178
69 182
69 192
69 193
69 201
69 216
69 218
69 223
69 224
69 232
69 247
69 249
69 256
69 259
69 264
69 274
69 276
69 277
69 287
69 305
69 307
69 309
69 314
69 318
69 322
69 334
69 344
69 346
69 369
69 379
26 71
30 71
37 71
38 71
40 71
41 71
44 71
45 71
54 71
57 71
59 71
60 71
61 71
68 71
70 71
71 76
71 79
71 81
71 83
71 89
71 90
71 94
71 95
71 98
71 102
71 103
71 105
71 106
71 108
71 111
71 112
71 113
71 114
71 124
71 126
71 133
71 134
71 137
71 141
71 142
71 144
71 151
71 153
71 156
71 157
71 164
71 165
71 168
71 170
71 177
71 178
71 182
71 184
71 192
71 197
71 201
71 204
71 205
71 209
71 210
71 213
71 214
71 216
71 223
71 224
71 225
71 228
71 231
71 249
71 250
71 254
71 255
71 261
71 273
71 276
71 278
71 279
71 280
71 283
71 298
71 301
71 307
71 308
71 323
71 328
71 340
71 342
71 352
71 353
71 360
71 364
71 369
71 381
30 73
38 73
45 73
52 73
59 73
60 73
73 78
73 83
73 84
73 96
73 99
73 100
73 101
73 103
73 126
73 130
73 133
73 135
73 142
73 154
73 165
73 169
73 181
73 184
73 187
73 190
73 199
73 203
73 207
73 217
73 219
73 223
73 236
73 255
73 260
73 265
73 278
73 285
73 286
73 295
73 296
73 307
73 360
73 373
73 396
26 77
30 77
31 77
32 77
35 77
41 77
56 77
60 77
62 77
63 77
70 77
76 77
77 79
77 80
77 107
77 113
77 117
77 131
77 145
77 157
77 163
77 170
77 178
77 179
77 180
77 195
77 203
77 210
77 216
77 225
77 229
77 232
77 238
77 247
77 255
77 257
77 259
77 261
77 263
77 292
77 330
77 342
77 350
77 361
31 82
57 82
60 82
68 82
70 82
76 82
80 82
82 84
82 93
82 111
82 114
82 115
82 116
82 122
82 145
82 161
82 165
82 186
82 200
82 229
82 231
82 232
82 263
82 270
82 279
82 281
82 305
82 316
82 321
82 329
82 331
82 340
82 367
82 379
82 380
82 393
26 84
31 84
60 84
78 84
84 90
84 101
84 103
84 115
84 117
84 119
84 138
84 145
84 147
84 154
84 155
84 177
84 178
84 185
84 204
84 219
84 220
84 254
84 298
84 302
84 305
84 307
84 313
84 316
84 340
84 369
84 378
84 379
84 380
26 95
30 95
59 95
61 95
72 95
74 95
80 95
83 95
93 95
94 95
95 96
95 105
95 112
95 118
95 137
95 141
95 146
95 147
95 148
95 150
95 153
95 162
95 164
95 180
95 190
95 191
95 197
95 201
95 205
95 206
95 216
95 227
95 243
95 244
95 245
95 249
95 271
95 273
95 279
95 294
95 298
95 309
95 333
95 349
95 353
95 362
95 371
95 381
26 100
59 100
80 100
88 100
91 100
94 100
99 100
100 101
100 106
100 113
100 117
100 118
100 140
100 157
100 171
100 188
100 204
100 229
100 242
100 254
100 276
100 305
100 354
100 394
26 102
32 102
41 102
75 102
76 102
80 102
83 102
94 102
96 102
99 102
102 108
102 122
102 132
102 133
102 141
102 142
102 147
102 150
102 152
102 157
102 161
102 170
102 181
102 183
102 184
102 187
102 189
102 190
102 204
102 206
102 207
102 216
102 245
102 249
102 265
102 272
102 294
102 313
102 316
102 320
102 322
102 332
102 382
26 106
44 106
62 106
63 106
78 106
80 106
86 106
87 106
91 106
93 106
96 106
98 106
103 106
106 108
106 113
106 118
106 123
106 126
106 140
106 168
106 170
106 178
106 179
106 181
106 183
106 188
106 190
106 191
106 195
106 197
106 205
106 206
106 216
106 222
106 249
106 257
106 268
106 284
106 287
106 289
106 331
106 338
106 350
106 351
106 352
106 354
106 363
106 372
106 394
26 107
35 107
38 107
64 107
80 107
81 107
88 107
89 107
91 107
96 107
107 108
107 118
107 129
107 133
107 145
107 157
107 159
107 168
107 173
107 176
107 177
107 185
107 207
107 212
107 221
107 222
107 235
107 236
107 256
107 257
107 261
107 262
107 273
107 276
107 284
107 287
107 291
107 293
107 298
107 320
107 332
107 359
107 371
107 375
107 401
26 108
34 108
35 108
41 108
49 108
50 108
59 108
80 108
83 108
93 108
99 108
108 116
108 117
108 118
108 124
108 126
108 132
108 139
108 140
108 141
108 163
108 168
108 171
108 176
108 177
108 178
108 182
108 183
108 188
108 191
108 194
108 195
108 197
108 199
108 200
108 208
108 211
108 221
108 223
108 226
108 229
108 239
108 247
108 249
108 256
108 257
108 269
108 271
108 272
108 279
108 294
108 350
108 353
108 360
108 363
108 369
108 401
26 113
30 113
31 113
41 113
44 113
45 113
49 113
62 113
74 113
76 113
79 113
80 113
86 113
87 113
88 113
93 113
99 113
101 113
113 117
113 121
113 122
113 123
113 126
113 127
113 135
113 136
113 138
113 145
113 149
113 151
113 153
113 154
113 157
113 160
113 163
113 164
113 165
113 168
113 170
113 173
113 176
113 177
113 178
113 182
113 185
113 186
113 192
113 195
113 197
113 199
113 204
113 206
113 219
113 223
113 226
113 243
113 247
113 250
113 253
113 254
113 255
113 258
113 272
113 276
113 282
113 298
113 307
113 308
113 312
113 313
113 317
113 331
113 332
113 335
113 344
113 355
113 367
113 371
113 379
113 380
26 115
33 115
35 115
36 115
38 115
67 115
72 115
83 115
97 115
115 125
115 126
115 128
115 133
115 145
115 158
115 171
115 177
115 202
115 215
115 228
115 235
115 236
115 245
115 254
115 256
115 272
115 276
115 298
115 301
115 303
115 305
115 322
115 329
115 347
115 352
115 355
115 396
26 133
34 133
45 133
76 133
80 133
83 133
94 133
111 133
114 133
118 133
121 133
124 133
128 133
130 133
132 133
133 137
133 145
133 149
133 151
133 170
133 171
133 176
133 178
133 185
133 187
133 188
133 190
133 191
133 200
133 206
133 207
133 209
133 214
133 216
133 223
133 225
133 242
133 259
133 261
133 262
133 263
133 264
133 272
133 280
133 281
133 285
133 286
133 294
133 300
133 305
133 316
133 322
133 323
133 337
133 341
133 345
133 352
133 354
133 370
133 373
27 137
32 137
34 137
37 137
41 137
45 137
50 137
54 137
59 137
61 137
74 137
76 137
78 137
80 137
86 137
87 137
91 137
94 137
96 137
99 137
101 137
105 137
111 137
117 137
118 137
122 137
123 137
124 137
125 137
126 137
128 137
129 137
131 137
136 137
137 138
137 139
137 140
137 141
137 145
137 146
137 147
137 152
137 153
137 154
137 157
137 162
137 165
137 166
137 173
137 174
137 177
137 178
137 179
137 180
137 182
137 184
137 186
137 190
137 193
137 195
137 196
137 198
137 200
137 204
137 206
137 207
137 208
137 212
137 216
137 219
137 221
137 224
137 226
137 228
137 229
137 230
137 233
137 234
137 235
137 240
137 250
137 253
137 254
137 255
137 257
137 258
137 261
137 264
137 269
137 271
137 272
137 273
137 277
137 278
137 279
137 285
137 287
137 298
137 318
137 319
137 320
137 322
137 324
137 329
137 331
137 337
137 348
137 352
137 353
137 354
137 355
137 356
35 141
44 141
49 141
50 141
62 141
67 141
75 141
76 141
83 141
90 141
97 141
99 141
118 141
119 141
122 141
126 141
136 141
138 141
140 141
141 144
141 147
141 148
141 150
141 154
141 158
141 163
141 164
141 181
141 183
141 185
141 194
141 200
141 207
141 217
141 221
141 226
141 227
141 228
141 229
141 237
141 238
141 244
141 245
141 249
141 261
141 266
141 267
141 277
141 280
141 294
141 296
141 317
141 327
141 329
141 332
141 344
141 347
141 348
141 359
30 145
33 145
35 145
38 145
40 145
51 145
57 145
64 145
67 145
70 145
74 145
75 145
76 145
79 145
80 145
83 145
85 145
96 145
97 145
105 145
110 145
120 145
121 145
122 145
126 145
132 145
136 145
138 145
139 145
144 145
145 146
145 147
145 149
145 152
145 153
145 154
145 155
145 157
145 159
145 161
145 162
145 163
145 164
145 165
145 166
145 167
145 170
145 171
145 173
145 175
145 176
145 177
145 180
145 181
145 183
145 184
145 187
145 189
145 190
145 191
145 192
145 193
145 198
145 203
145 204
145 207
145 212
145 213
145 214
145 215
145 219
145 220
145 224
145 227
145 228
145 229
145 230
145 232
145 234
145 235
145 236
145 241
145 248
145 250
145 253
145 254
145 256
145 258
145 259
145 267
145 269
145 271
145 272
145 273
145 276
145 281
145 284
145 293
145 295
145 298
145 300
145 301
145 302
145 304
145 305
145 307
145 308
145 311
145 313
145 315
145 316
145 320
145 322
145 324
145 326
145 327
145 329
145 330
145 332
145 334
145 337
145 338
145 340
145 344
145 350
145 355
145 357
145 358
145 359
145 361
145 367
145 369
145 370
145 371
145 373
145 375
145 378
145 379
145 380
145 386
145 387
145 390
145 399
145 400
28 147
30 147
56 147
76 147
79 147
80 147
83 147
91 147
96 147
111 147
114 147
122 147
126 147
131 147
134 147
136 147
142 147
146 147
147 148
147 150
147 158
147 162
147 164
147 170
147 172
147 181
147 183
147 187
147 195
147 207
147 208
147 211
147 216
147 221
147 224
147 230
147 232
147 233
147 235
147 236
147 238
147 242
147 249
147 256
147 261
147 263
147 264
147 273
147 274
147 278
147 280
147 282
147 294
147 307
147 309
147 313
147 322
147 323
147 335
147 336
147 344
147 350
147 363
147 393
35 153
57 153
59 153
76 153
81 153
83 153
86 153
97 153
99 153
101 153
103 153
122 153
128 153
136 153
149 153
153 154
153 163
153 165
153 175
153 181
153 182
153 183
153 185
153 186
153 190
153 194
153 196
153 198
153 199
153 205
153 206
153 207
153 209
153 210
153 216
153 218
153 219
153 223
153 224
153 227
153 235
153 237
153 249
153 279
153 290
153 291
153 294
153 305
153 309
153 330
153 332
153 333
153 341
153 347
153 353
153 358
153 359
153 369
153 381
153 396
32 160
35 160
41 160
45 160
59 160
65 160
76 160
80 160
81 160
91 160
99 160
101 160
103 160
105 160
123 160
124 160
134 160
136 160
138 160
142 160
157 160
160 162
160 168
160 180
160 185
160 193
160 195
160 199
160 203
160 204
160 213
160 215
160 219
160 221
160 228
160 229
160 247
160 250
160 255
160 256
160 258
160 272
160 291
160 294
160 298
160 315
160 328
160 329
160 341
160 351
160 371
160 380
160 391
28 162
33 162
37 162
51 162
79 162
96 162
122 162
136 162
140 162
162 170
162 176
162 188
162 193
162 203
162 215
162 219
162 222
162 232
162 249
162 307
162 309
162 331
162 334
162 344
162 354
162 394
30 164
38 164
44 164
45 164
49 164
57 164
59 164
65 164
79 164
80 164
88 164
121 164
122 164
134 164
135 164
136 164
138 164
140 164
152 164
157 164
164 171
164 173
164 178
164 184
164 185
164 186
164 195
164 197
164 201
164 202
164 207
164 215
164 216
164 219
164 229
164 238
164 244
164 247
164 250
164 252
164 253
164 258
164 260
164 261
164 262
164 283
164 286
164 290
164 292
164 299
164 300
164 302
164 305
164 307
164 309
164 319
164 320
164 340
164 344
164 350
164 356
164 357
164 358
164 382
30 171
41 171
44 171
45 171
49 171
58 171
63 171
83 171
85 171
92 171
96 171
103 171
114 171
118 171
120 171
139 171
140 171
142 171
158 171
169 171
170 171
171 173
171 176
171 178
171 181
171 187
171 196
171 197
171 207
171 219
171 223
171 226
171 228
171 229
171 247
171 249
171 278
171 280
171 287
171 291
171 297
171 299
171 305
171 307
171 309
171 320
171 332
171 334
171 335
171 344
171 350
171 360
171 366
34 172
49 172
80 172
114 172
131 172
140 172
156 172
169 172
172 178
172 188
172 195
172 210
172 211
172 227
172 232
172 248
172 249
172 254
172 256
172 268
172 280
172 316
172 320
172 333
172 340
172 354
172 358
172 359
172 361
27 175
43 175
76 175
111 175
166 175
175 180
175 181
175 194
175 196
175 205
175 209
175 220
175 222
175 225
175 227
175 237
175 255
175 261
175 266
175 279
175 287
175 333
175 334
175 368
27 176
31 176
32 176
33 176
36 176
41 176
43 176
57 176
59 176
75 176
76 176
96 176
117 176
119 176
123 176
140 176
143 176
149 176
154 176
156 176
167 176
168 176
176 177
176 182
176 187
176 193
176 196
176 199
176 204
176 208
176 209
176 210
176 214
176 232
176 237
176 247
176 254
176 255
176 260
176 263
176 265
176 280
176 290
176 296
176 304
176 305
176 325
176 344
176 351
176 360
176 363
176 384
176 389
28 185
54 185
76 185
80 185
91 185
105 185
117 185
118 185
157 185
165 185
184 185
185 191
185 192
185 197
185 203
185 206
185 209
185 210
185 216
185 237
185 254
185 266
185 278
185 286
185 296
185 298
185 305
185 348
185 360
185 368
28 187
32 187
33 187
34 187
35 187
44 187
68 187
75 187
76 187
79 187
80 187
83 187
86 187
96 187
98 187
99 187
109 187
112 187
117 187
119 187
129 187
131 187
132 187
138 187
140 187
154 187
157 187
159 187
161 187
168 187
170 187
173 187
178 187
183 187
184 187
187 190
187 192
187 195
187 198
187 200
187 201
187 203
187 204
187 206
187 207
187 214
187 222
187 228
187 229
187 231
187 235
187 236
187 239
187 243
187 249
187 250
187 256
187 262
187 272
187 273
187 278
187 288
187 293
187 296
187 308
187 309
187 318
187 329
187 348
187 351
187 354
187 360
187 369
187 371
28 192
32 192
49 192
54 192
57 192
68 192
76 192
80 192
105 192
114 192
121 192
123 192
149 192
157 192
159 192
165 192
177 192
180 192
189 192
192 194
192 196
192 205
192 206
192 209
192 210
192 216
192 218
192 220
192 226
192 248
192 254
192 255
192 256
192 258
192 260
192 265
192 272
192 306
192 308
192 310
192 316
192 321
192 332
192 340
38 196
41 196
49 196
50 196
59 196
68 196
76 196
78 196
83 196
85 196
91 196
93 196
103 196
109 196
118 196
122 196
144 196
179 196
180 196
184 196
193 196
195 196
196 197
196 198
196 199
196 200
196 201
196 202
196 203
196 204
196 205
196 206
196 207
196 208
196 209
196 210
196 211
196 212
196 213
196 214
196 215
196 216
196 217
196 218
196 219
196 220
196 221
196 222
196 223
196 224
33 199
36 199
45 199
59 199
67 199
76 199
78 199
83 199
85 199
96 199
99 199
104 199
105 199
126 199
130 199
135 199
142 199
154 199
156 199
163 199
165 199
168 199
184 199
190 199
197 199
199 203
199 208
199 215
199 217
199 228
199 229
199 232
199 236
199 250
199 256
199 260
199 272
199 285
199 298
199 303
199 314
199 349
199 350
199 360
199 361
45 205
50 205
72 205
78 205
80 205
81 205
86 205
88 205
94 205
96 205
105 205
110 205
114 205
128 205
142 205
151 205
152 205
156 205
157 205
163 205
166 205
170 205
190 205
191 205
197 205
201 205
205 206
205 216
205 218
205 220
205 242
205 247
205 249
205 256
205 259
205 261
205 268
205 270
205 272
205 277
205 278
205 279
205 286
205 309
205 313
205 321
205 328
205 344
205 353
205 360
205 363
205 380
205 381
30 209
31 209
33 209
61 209
74 209
76 209
79 209
83 209
85 209
86 209
89 209
90 209
96 209
118 209
123 209
125 209
132 209
138 209
139 209
156 209
161 209
165 209
173 209
177 209
181 209
184 209
193 209
200 209
204 209
207 209
209 213
209 216
209 217
209 218
209 221
209 237
209 247
209 249
209 254
209 260
209 278
209 280
209 281
209 285
209 287
209 289
209 291
209 298
209 314
209 319
209 337
209 338
209 340
209 348
209 359
209 363
209 370
30 219
32 219
38 219
41 219
44 219
59 219
74 219
78 219
79 219
80 219
105 219
118 219
123 219
124 219
154 219
177 219
180 219
191 219
204 219
207 219
208 219
216 219
217 219
219 256
219 264
219 268
219 273
219 280
219 298
219 307
219 308
219 313
219 314
219 321
219 331
219 341
219 350
219 363
219 371
31 223
49 223
59 223
81 223
83 223
85 223
88 223
93 223
99 223
117 223
122 223
125 223
180 223
181 223
182 223
191 223
200 223
202 223
223 224
223 229
223 232
223 236
223 247
223 249
223 251
223 257
223 261
223 267
223 271
223 272
223 276
223 279
223 280
223 314
223 320
223 335
223 344
223 358
223 367
223 371
223 380
35 231
51 231
85 231
97 231
116 231
117 231
118 231
130 231
155 231
170 231
178 231
201 231
224 231
225 231
230 231
231 259
231 298
231 314
231 315
231 317
231 318
231 327
231 367
231 379
41 242
49 242
76 242
78 242
81 242
83 242
101 242
110 242
111 242
117 242
118 242
126 242
138 242
144 242
152 242
157 242
170 242
178 242
182 242
186 242
204 242
210 242
215 242
229 242
240 242
242 247
242 254
242 256
242 259
242 265
242 272
242 300
242 304
242 313
242 319
242 320
242 323
242 335
242 343
242 352
35 243
36 243
38 243
45 243
49 243
50 243
59 243
65 243
68 243
90 243
101 243
118 243
131 243
138 243
151 243
154 243
156 243
170 243
174 243
178 243
190 243
191 243
194 243
201 243
210 243
216 243
221 243
229 243
243 246
243 247
243 249
243 250
243 257
243 261
243 262
243 263
243 264
243 278
243 280
243 284
243 294
243 298
243 301
243 332
243 339
243 351
243 352
243 359
32 244
33 244
41 244
58 244
59 244
62 244
63 244
76 244
78 244
80 244
83 244
96 244
101 244
144 244
157 244
161 244
190 244
194 244
198 244
239 244
244 247
244 249
244 254
244 287
244 292
244 319
244 330
244 336
244 342
244 348
244 350
244 353
244 363
244 377
76 245
79 245
81 245
96 245
121 245
122 245
123 245
152 245
177 245
180 245
183 245
190 245
198 245
201 245
206 245
215 245
232 245
237 245
245 249
245 255
245 256
245 261
245 272
245 278
245 289
245 291
245 313
245 322
245 334
245 340
245 373
80 246
83 246
98 246
170 246
180 246
195 246
237 246
246 274
246 286
246 304
246 371
246 380
30 247
38 247
39 247
41 247
44 247
45 247
50 247
54 247
59 247
76 247
80 247
83 247
87 247
88 247
99 247
103 247
109 247
114 247
117 247
121 247
124 247
134 247
138 247
139 247
140 247
151 247
157 247
173 247
177 247
179 247
181 247
184 247
186 247
190 247
197 247
201 247
202 247
210 247
211 247
212 247
214 247
215 247
218 247
221 247
222 247
229 247
247 254
247 258
247 259
247 270
247 272
247 278
247 298
247 300
247 307
247 314
247 316
247 323
247 332
247 335
247 341
247 349
247 351
247 352
247 354
247 358
247 380
247 398
49 248
81 248
87 248
101 248
129 248
138 248
177 248
181 248
200 248
221 248
248 251
248 307
248 313
248 316
248 328
32 249
33 249
35 249
45 249
49 249
59 249
62 249
68 249
76 249
80 249
83 249
86 249
92 249
93 249
96 249
105 249
112 249
118 249
138 249
140 249
146 249
152 249
157 249
159 249
161 249
170 249
180 249
181 249
183 249
190 249
193 249
194 249
195 249
198 249
200 249
204 249
206 249
212 249
214 249
215 249
232 249
235 249
249 252
249 256
249 260
249 273
249 278
249 279
249 284
249 285
249 287
249 289
249 291
249 292
249 293
249 294
249 301
249 307
249 309
249 314
249 320
249 327
249 329
249 331
249 334
249 337
249 350
249 351
249 358
249 365
249 371
249 379
249 401
32 250
54 250
57 250
76 250
78 250
93 250
94 250
98 250
99 250
103 250
116 250
123 250
139 250
140 250
148 250
152 250
156 250
165 250
180 250
195 250
213 250
228 250
229 250
232 250
250 261
250 264
250 290
250 312
250 313
250 322
250 331
250 337
250 340
250 341
250 360
250 367
64 251
101 251
121 251
135 251
251 269
251 300
251 313
251 332
251 340
59 252
79 252
96 252
128 252
134 252
152 252
204 252
211 252
252 261
252 265
252 272
252 302
252 390
30 253
31 253
35 253
57 253
59 253
62 253
63 253
76 253
83 253
85 253
97 253
119 253
139 253
146 253
167 253
211 253
229 253
236 253
253 254
253 307
253 335
253 369
30 254
31 254
34 254
37 254
41 254
45 254
49 254
52 254
54 254
65 254
72 254
76 254
79 254
80 254
81 254
83 254
86 254
87 254
88 254
91 254
99 254
101 254
117 254
118 254
119 254
121 254
124 254
126 254
151 254
152 254
154 254
165 254
170 254
173 254
177 254
178 254
179 254
181 254
182 254
186 254
188 254
189 254
195 254
197 254
210 254
216 254
217 254
222 254
235 254
236 254
254 255
254 257
254 258
254 272
254 279
254 282
254 284
254 289
254 298
254 312
254 313
254 317
254 335
254 344
254 349
254 355
254 358
254 359
254 360
254 379
254 380
30 255
41 255
49 255
59 255
63 255
68 255
94 255
110 255
122 255
123 255
132 255
138 255
157 255
163 255
178 255
183 255
200 255
201 255
204 255
214 255
218 255
226 255
229 255
232 255
235 255
255 258
255 283
255 290
255 292
255 312
255 342
255 343
255 346
255 352
255 354
255 359
255 363
255 376
255 377
255 379
255 393
30 256
35 256
38 256
45 256
49 256
50 256
54 256
56 256
59 256
76 256
78 256
79 256
80 256
83 256
87 256
97 256
99 256
110 256
117 256
118 256
128 256
131 256
140 256
144 256
155 256
157 256
159 256
165 256
167 256
168 256
170 256
177 256
181 256
183 256
184 256
190 256
191 256
204 256
210 256
212 256
221 256
224 256
226 256
228 256
229 256
235 256
236 256
237 256
256 257
256 261
256 265
256 266
256 272
256 273
256 276
256 279
256 280
256 285
256 286
256 289
256 290
256 293
256 298
256 301
256 303
256 318
256 321
256 331
256 332
256 341
256 352
256 353
256 354
256 358
256 380
256 381
59 257
75 257
78 257
79 257
80 257
83 257
90 257
93 257
117 257
118 257
122 257
124 257
132 257
139 257
140 257
166 257
168 257
183 257
206 257
208 257
222 257
229 257
257 315
257 332
257 350
30 258
49 258
80 258
138 258
139 258
170 258
182 258
184 258
208 258
258 260
258 261
258 272
258 298
258 317
258 363
33 259
41 259
51 259
63 259
67 259
68 259
83 259
97 259
101 259
116 259
123 259
130 259
138 259
139 259
149 259
178 259
186 259
188 259
208 259
215 259
224 259
229 259
240 259
259 274
259 277
259 278
259 305
259 325
259 350
259 357
259 370
259 378
259 380
259 387
259 390
259 394
41 260
57 260
76 260
79 260
80 260
83 260
88 260
91 260
111 260
124 260
131 260
146 260
157 260
165 260
167 260
170 260
177 260
178 260
181 260
184 260
190 260
194 260
195 260
203 260
212 260
229 260
260 261
260 263
260 264
260 265
260 286
260 288
260 291
260 302
260 305
260 307
260 317
260 318
260 320
260 330
260 338
260 341
260 370
260 390
32 261
33 261
41 261
43 261
44 261
49 261
50 261
54 261
57 261
68 261
70 261
76 261
78 261
83 261
86 261
96 261
104 261
105 261
109 261
111 261
117 261
118 261
122 261
131 261
135 261
138 261
144 261
152 261
157 261
159 261
161 261
163 261
167 261
173 261
184 261
188 261
194 261
195 261
206 261
220 261
238 261
240 261
261 262
261 264
261 269
261 272
261 275
261 286
261 287
261 291
261 298
261 299
261 305
261 308
261 316
261 322
261 327
261 329
261 346
261 363
261 365
31 262
61 262
76 262
118 262
138 262
163 262
184 262
186 262
206 262
262 264
262 265
262 269
262 278
262 286
30 263
83 263
110 263
139 263
263 266
263 291
263 321
263 363
263 365
31 264
45 264
49 264
64 264
68 264
83 264
94 264
105 264
112 264
116 264
126 264
138 264
139 264
151 264
154 264
165 264
170 264
184 264
190 264
194 264
195 264
201 264
239 264
264 272
264 286
264 295
264 314
264 330
264 340
264 351
264 359
264 388
36 265
79 265
103 265
117 265
122 265
128 265
138 265
156 265
165 265
166 265
194 265
206 265
208 265
217 265
226 265
235 265
265 278
265 286
265 287
265 293
265 304
265 355
265 361
265 363
265 368
265 384
265 387
52 266
62 266
63 266
68 266
81 266
93 266
109 266
118 266
129 266
228 266
266 278
266 321
266 329
266 342
266 348
45 267
68 267
118 267
140 267
143 267
154 267
163 267
178 267
181 267
184 267
194 267
198 267
214 267
232 267
236 267
267 277
267 303
267 312
267 316
267 320
267 325
267 329
267 336
267 357
25 31
28 31
31 41
31 54
31 64
31 70
31 76
31 101
31 110
31 111
31 140
31 161
31 163
31 178
31 190
31 208
31 226
31 270
31 281
31 284
31 288
31 305
31 321
31 335
31 341
31 352
31 353
31 354
31 367
31 378
25 41
26 41
28 41
35 41
38 41
41 45
41 49
41 50
41 54
41 59
41 61
41 62
41 63
41 76
41 83
41 88
41 97
41 103
41 104
41 105
41 114
41 116
41 117
41 121
41 122
41 124
41 127
41 138
41 146
41 151
41 163
41 166
41 173
41 178
41 181
41 183
41 184
41 186
41 191
41 195
41 198
41 200
41 203
41 207
41 212
41 215
41 218
41 222
41 228
41 229
41 268
41 272
41 278
41 280
41 289
41 296
41 300
41 302
41 312
41 314
41 315
41 330
41 332
41 333
41 335
41 336
41 337
41 338
41 341
41 343
41 354
41 358
41 363
41 364
41 368
41 372
41 392
25 50
28 50
33 50
50 51
50 59
50 76
50 79
50 85
50 96
50 117
50 122
50 136
50 138
50 139
50 152
50 154
50 157
50 167
50 173
50 179
50 184
50 270
50 272
50 274
50 368
50 377
50 379
35 68
44 68
45 68
60 68
68 76
68 85
68 86
68 87
68 96
68 111
68 118
68 125
68 126
68 129
68 132
68 138
68 139
68 154
68 157
68 165
68 167
68 170
68 173
68 178
68 181
68 182
68 190
68 194
68 201
68 208
68 212
68 228
68 229
68 269
68 277
68 278
68 279
68 280
68 284
68 298
68 301
68 305
68 311
68 321
68 329
68 337
68 338
68 346
68 347
68 349
68 351
68 353
68 363
68 367
68 380
68 390
26 88
45 88
49 88
59 88
75 88
76 88
83 88
85 88
88 91
88 93
88 99
88 109
88 110
88 112
88 114
88 117
88 118
88 124
88 127
88 130
88 131
88 154
88 156
88 159
88 165
88 178
88 182
88 195
88 197
88 208
88 222
88 229
88 272
88 273
88 277
88 280
88 292
88 298
88 303
88 313
88 316
88 320
88 343
88 349
88 354
88 363
26 101
45 101
52 101
64 101
79 101
83 101
94 101
101 123
101 131
101 135
101 139
101 140
101 146
101 151
101 163
101 168
101 181
101 182
101 183
101 190
101 210
101 217
101 235
101 236
101 276
101 288
101 298
101 304
101 305
101 311
101 313
101 322
101 332
101 341
101 345
101 348
101 352
101 372
26 109
76 109
79 109
83 109
92 109
109 114
109 131
109 186
109 195
109 241
109 280
26 114
38 114
49 114
59 114
62 114
63 114
74 114
76 114
80 114
83 114
85 114
86 114
87 114
92 114
114 117
114 118
114 124
114 131
114 178
114 181
114 186
114 195
114 197
114 215
114 216
114 222
114 229
114 279
114 280
114 284
114 292
114 294
114 340
114 349
26 134
30 134
36 134
54 134
79 134
87 134
97 134
103 134
128 134
134 151
134 157
134 168
134 181
134 184
134 189
134 195
134 232
134 235
134 271
134 294
134 298
134 301
134 308
134 343
134 345
134 367
134 368
134 378
28 151
34 151
44 151
74 151
76 151
80 151
83 151
112 151
118 151
136 151
143 151
149 151
151 152
151 154
151 155
151 165
151 170
151 182
151 184
151 189
151 197
151 200
151 216
151 217
151 222
151 232
151 234
151 237
151 274
151 285
151 291
151 298
151 367
151 379
28 154
44 154
45 154
51 154
75 154
79 154
89 154
93 154
94 154
96 154
99 154
116 154
117 154
119 154
127 154
136 154
138 154
140 154
142 154
154 156
154 165
154 166
154 168
154 178
154 193
154 195
154 215
154 216
154 229
154 232
154 272
154 274
154 277
154 278
154 281
154 289
154 291
154 293
154 296
154 315
154 316
154 317
154 324
154 340
154 344
154 354
154 359
154 360
154 361
154 363
154 367
154 369
154 377
154 383
154 384
154 390
28 165
45 165
49 165
51 165
59 165
76 165
79 165
91 165
93 165
99 165
119 165
123 165
125 165
127 165
136 165
140 165
142 165
143 165
155 165
156 165
165 166
165 168
165 177
165 182
165 194
165 195
165 214
165 215
165 226
165 229
165 232
165 271
165 272
165 277
165 278
165 285
165 286
165 304
165 340
165 347
165 354
165 361
165 367
165 370
165 378
165 383
165 390
33 168
38 168
54 168
76 168
78 168
83 168
96 168
99 168
117 168
119 168
127 168
130 168
135 168
136 168
140 168
142 168
156 168
163 168
168 206
168 211
168 215
168 216
168 217
168 228
168 229
168 232
168 235
168 289
168 293
168 298
168 318
168 340
168 349
168 354
168 355
168 359
168 363
168 369
28 170
30 170
35 170
38 170
45 170
56 170
58 170
59 170
62 170
63 170
70 170
74 170
83 170
86 170
90 170
94 170
96 170
98 170
105 170
111 170
112 170
118 170
120 170
124 170
128 170
130 170
131 170
140 170
144 170
157 170
159 170
169 170
170 181
170 183
170 184
170 195
170 203
170 204
170 206
170 216
170 224
170 227
170 229
170 232
170 233
170 237
170 239
170 270
170 274
170 282
170 293
170 298
170 305
170 307
170 316
170 319
170 326
170 328
170 329
170 330
170 331
170 332
170 334
170 337
170 344
170 352
170 360
170 379
27 180
30 180
33 180
38 180
43 180
44 180
51 180
56 180
61 180
65 180
99 180
103 180
104 180
111 180
122 180
128 180
143 180
173 180
174 180
177 180
178 180
180 181
180 193
180 194
180 198
180 200
180 202
180 204
180 208
180 212
180 218
180 227
180 228
180 237
180 270
180 279
180 282
180 296
180 297
180 305
180 306
180 310
180 313
180 343
180 350
180 354
180 363
28 184
32 184
38 184
39 184
43 184
57 184
74 184
76 184
78 184
86 184
93 184
96 184
99 184
110 184
126 184
146 184
163 184
184 186
184 188
184 189
184 190
184 194
184 197
184 203
184 204
184 206
184 211
184 212
184 213
184 216
184 228
184 230
184 237
184 268
184 272
184 273
184 277
184 280
184 286
184 291
184 292
184 305
184 314
184 317
184 334
184 335
184 336
184 337
184 338
184 339
184 340
184 341
184 342
184 343
28 194
35 194
44 194
49 194
57 194
65 194
75 194
85 194
86 194
93 194
96 194
103 194
111 194
120 194
123 194
126 194
132 194
139 194
143 194
157 194
159 194
167 194
178 194
181 194
183 194
190 194
191 194
194 198
194 204
194 207
194 227
194 228
194 286
194 291
194 298
194 301
194 329
194 336
194 351
194 363
194 369
194 370
194 380
194 390
28 195
44 195
49 195
59 195
75 195
76 195
83 195
85 195
93 195
99 195
112 195
117 195
118 195
122 195
123 195
124 195
131 195
138 195
139 195
157 195
163 195
178 195
182 195
195 208
195 211
195 214
195 215
195 220
195 222
195 227
195 237
195 271
195 276
195 280
195 298
195 313
195 317
195 318
195 321
195 337
195 341
195 350
195 363
30 216
45 216
74 216
76 216
78 216
80 216
81 216
89 216
93 216
94 216
96 216
98 216
105 216
118 216
126 216
130 216
157 216
161 216
177 216
181 216
188 216
189 216
190 216
191 216
197 216
200 216
201 216
206 216
214 216
216 220
216 221
216 236
216 273
216 279
216 291
216 298
216 301
216 307
216 314
216 335
216 340
216 353
216 360
216 372
216 377
216 381
216 383
36 226
44 226
45 226
70 226
76 226
91 226
93 226
99 226
103 226
127 226
143 226
156 226
186 226
188 226
210 226
225 226
226 228
226 287
226 305
226 316
226 322
226 329
226 352
226 354
34 278
35 278
49 278
54 278
80 278
85 278
86 278
87 278
97 278
98 278
105 278
117 278
118 278
122 278
139 278
161 278
197 278
206 278
220 278
221 278
235 278
236 278
238 278
276 278
278 328
278 331
278 337
278 341
278 343
278 355
278 360
278 371
278 387
35 286
43 286
54 286
59 286
67 286
75 286
76 286
83 286
86 286
91 286
96 286
97 286
119 286
126 286
129 286
132 286
135 286
138 286
139 286
146 286
156 286
167 286
173 286
190 286
200 286
201 286
203 286
215 286
217 286
272 286
286 293
286 304
286 312
286 319
286 334
286 343
286 351
286 368
286 371
286 375
286 376
286 377
44 287
51 287
58 287
61 287
63 287
83 287
93 287
94 287
118 287
122 287
138 287
159 287
161 287
182 287
193 287
203 287
228 287
287 291
287 305
287 327
287 329
287 350
287 369
25 30
30 34
30 38
30 43
30 45
30 49
30 56
30 57
30 59
30 65
30 79
30 80
30 91
30 110
30 111
30 118
30 121
30 126
30 138
30 142
30 144
30 152
30 157
30 159
30 161
30 200
30 201
30 202
30 203
30 207
30 217
30 230
30 233
30 236
30 237
30 238
30 240
30 268
30 273
30 283
30 290
30 295
30 299
30 300
30 302
30 303
30 307
30 309
30 315
30 340
30 350
30 357
30 358
30 381
30 382
25 32
32 34
32 35
32 49
32 52
32 57
32 60
32 62
32 63
32 76
32 78
32 80
32 81
32 83
32 94
32 124
32 129
32 138
32 142
32 143
32 144
32 149
32 152
32 157
32 159
32 169
32 181
32 183
32 186
32 188
32 203
32 204
32 206
32 218
32 220
32 222
32 227
32 239
32 268
32 269
32 272
32 275
32 279
32 282
32 291
32 292
32 293
32 294
32 296
32 299
32 303
32 322
32 330
32 335
32 338
32 343
32 344
32 345
32 350
32 353
32 359
32 384
25 38
27 38
34 38
38 39
38 40
38 43
38 56
38 57
38 61
38 62
38 64
38 65
38 76
38 80
38 83
38 85
38 91
38 94
38 110
38 117
38 139
38 140
38 161
38 174
38 177
38 188
38 193
38 204
38 239
38 269
38 270
38 274
38 276
38 289
38 306
38 322
38 328
38 345
38 371
38 382
25 44
26 44
44 51
44 59
44 76
44 80
44 83
44 85
44 86
44 93
44 98
44 105
44 112
44 116
44 118
44 122
44 130
44 140
44 142
44 146
44 152
44 177
44 178
44 181
44 214
44 272
44 289
44 294
44 301
44 314
44 320
44 327
44 331
44 337
44 343
44 353
44 361
25 45
45 49
45 59
45 60
45 76
45 79
45 83
45 87
45 110
45 116
45 117
45 118
45 119
45 121
45 122
45 125
45 126
45 136
45 138
45 142
45 156
45 177
45 178
45 181
45 183
45 189
45 197
45 200
45 204
45 206
45 210
45 211
45 215
45 220
45 228
45 229
45 232
45 272
45 280
45 284
45 285
45 298
45 305
45 307
45 313
45 336
45 347
45 352
45 377
25 49
35 49
40 49
49 51
49 56
49 57
49 58
49 59
49 62
49 75
49 85
49 87
49 99
49 105
49 110
49 117
49 122
49 129
49 138
49 139
49 140
49 144
49 156
49 159
49 177
49 181
49 188
49 204
49 210
49 211
49 222
49 229
49 237
49 295
49 311
49 313
49 319
49 321
49 336
49 337
49 340
49 343
49 361
25 57
51 57
57 70
57 76
57 78
57 85
57 111
57 117
57 118
57 126
57 128
57 138
57 182
57 191
57 220
57 222
57 228
57 238
57 269
57 277
57 282
57 283
57 293
57 298
57 307
57 314
57 332
57 340
57 347
57 349
57 356
57 370
57 372
57 378
57 384
25 59
33 59
35 59
56 59
59 63
59 64
59 75
59 76
59 80
59 86
59 87
59 89
59 90
59 93
59 96
59 99
59 103
59 104
59 110
59 118
59 123
59 130
59 131
59 132
59 138
59 146
59 149
59 156
59 157
59 173
59 178
59 179
59 191
59 204
59 207
59 210
59 211
59 212
59 215
59 218
59 224
59 227
59 229
59 236
59 237
59 238
59 240
59 270
59 273
59 279
59 283
59 291
59 292
59 296
59 298
59 305
59 319
59 320
59 330
59 338
59 342
59 343
59 352
59 353
59 366
59 383
59 388
59 389
33 61
34 61
43 61
51 61
60 61
61 63
61 65
61 79
61 83
61 85
61 94
61 118
61 122
61 140
61 152
61 174
61 177
61 221
61 277
61 285
61 298
61 310
61 337
61 340
61 343
61 345
61 347
26 62
35 62
51 62
52 62
60 62
62 63
62 75
62 78
62 79
62 83
62 94
62 97
62 110
62 118
62 129
62 173
62 178
62 193
62 211
62 228
62 229
62 268
62 273
62 292
62 321
62 322
62 338
62 342
62 345
62 348
62 358
62 371
27 65
34 65
39 65
40 65
43 65
60 65
65 103
65 135
65 143
65 174
65 177
65 204
65 210
65 237
65 314
65 335
65 351
26 74
35 74
60 74
74 76
74 80
74 81
74 99
74 103
74 119
74 178
74 179
74 189
74 190
74 201
74 213
74 217
74 232
74 276
74 280
74 291
74 314
74 352
74 358
74 367
74 380
74 398
26 80
35 80
60 80
76 80
78 80
80 81
80 83
80 86
80 93
80 96
80 97
80 98
80 99
80 105
80 111
80 112
80 118
80 119
80 120
80 121
80 122
80 123
80 124
80 129
80 138
80 152
80 155
80 156
80 159
80 179
80 181
80 183
80 186
80 188
80 190
80 197
80 204
80 206
80 207
80 208
80 213
80 215
80 218
80 220
80 221
80 222
80 229
80 239
80 268
80 272
80 279
80 280
80 289
80 293
80 299
80 312
80 314
80 317
80 320
80 334
80 340
80 347
80 350
80 351
80 359
80 367
80 394
35 85
60 85
63 85
67 85
75 85
76 85
83 85
85 86
85 92
85 93
85 97
85 120
85 121
85 126
85 128
85 131
85 132
85 136
85 138
85 139
85 146
85 159
85 167
85 169
85 198
85 200
85 211
85 218
85 222
85 229
85 236
85 239
85 271
85 272
85 273
85 291
85 300
85 309
85 314
85 322
85 326
85 329
85 338
85 356
85 360
85 368
85 371
85 375
26 86
37 86
52 86
75 86
76 86
78 86
83 86
86 93
86 96
86 98
86 111
86 118
86 121
86 125
86 131
86 136
86 139
86 159
86 163
86 167
86 173
86 181
86 183
86 190
86 191
86 203
86 220
86 230
86 268
86 280
86 289
86 291
86 293
86 294
86 342
86 343
86 349
86 350
86 353
86 359
86 368
86 369
86 370
26 89
89 94
89 138
89 140
89 156
89 197
89 201
89 232
89 272
89 275
89 290
89 294
89 296
89 305
89 321
89 347
26 91
34 91
52 91
87 91
90 91
91 96
91 99
91 124
91 135
91 138
91 167
91 178
91 179
91 203
91 228
91 277
91 298
91 303
91 341
91 342
26 99
28 99
54 99
76 99
78 99
83 99
99 111
99 118
99 119
99 127
99 128
99 136
99 140
99 142
99 155
99 156
99 163
99 179
99 186
99 198
99 218
99 228
99 229
99 235
99 240
99 272
99 277
99 284
99 305
99 316
99 317
99 318
99 325
99 337
99 344
99 350
99 353
99 354
99 367
99 371
26 103
33 103
94 103
103 105
103 117
103 122
103 124
103 140
103 158
103 161
103 190
103 200
103 204
103 207
103 211
103 212
103 228
103 229
103 239
103 290
103 298
103 308
103 333
103 335
103 337
103 340
103 341
103 357
26 110
58 110
63 110
79 110
83 110
110 126
110 152
110 173
110 181
110 206
110 217
110 218
110 224
110 229
110 235
110 290
110 299
110 303
110 307
110 313
110 332
110 344
110 354
110 403
26 111
37 111
70 111
75 111
76 111
79 111
83 111
94 111
96 111
104 111
111 118
111 120
111 122
111 128
111 129
111 136
111 139
111 157
111 163
111 167
111 177
111 179
111 181
111 190
111 215
111 222
111 235
111 272
111 282
111 298
111 307
111 316
111 326
111 329
111 332
111 339
111 340
111 341
111 387
111 398
26 117
37 117
63 117
70 117
76 117
79 117
87 117
94 117
97 117
105 117
112 117
116 117
117 118
117 122
117 124
117 131
117 138
117 149
117 157
117 163
117 166
117 177
117 178
117 188
117 191
117 197
117 200
117 204
117 206
117 210
117 218
117 220
117 229
117 276
117 289
117 293
117 299
117 307
117 311
117 312
117 313
117 314
117 316
117 323
117 331
117 355
117 356
117 358
117 369
117 377
117 383
117 398
26 118
28 118
33 118
52 118
54 118
63 118
75 118
76 118
81 118
93 118
96 118
98 118
105 118
112 118
118 123
118 126
118 129
118 131
118 142
118 157
118 163
118 173
118 178
118 179
118 182
118 183
118 186
118 188
118 189
118 190
118 198
118 203
118 206
118 213
118 214
118 217
118 224
118 228
118 229
118 241
118 272
118 274
118 276
118 280
118 282
118 284
118 293
118 294
118 308
118 314
118 316
118 321
118 330
118 332
118 335
118 338
118 342
118 348
118 352
118 354
118 363
118 370
118 371
26 121
76 121
83 121
105 121
121 138
121 183
121 186
121 204
121 228
121 300
121 307
121 376
26 122
63 122
76 122
92 122
94 122
104 122
112 122
122 131
122 135
122 139
122 144
122 152
122 178
122 181
122 183
122 186
122 193
122 204
122 214
122 215
122 224
122 228
122 229
122 232
122 271
122 274
122 280
122 291
122 313
122 316
122 325
122 354
122 356
122 364
122 367
122 369
122 389
26 123
28 123
35 123
43 123
64 123
75 123
76 123
79 123
83 123
92 123
123 138
123 139
123 146
123 156
123 157
123 173
123 178
123 179
123 188
123 191
123 200
123 203
123 204
123 210
123 217
123 221
123 225
123 228
123 229
123 233
123 235
123 236
123 239
123 240
123 241
123 280
123 284
123 305
123 307
123 312
123 313
123 322
123 333
123 335
123 345
123 353
123 356
123 360
123 376
123 377
26 126
35 126
79 126
83 126
97 126
126 139
126 146
126 156
126 157
126 197
126 210
126 228
126 229
126 236
126 239
126 268
126 272
126 340
126 352
126 360
126 363
126 371
126 398
26 135
54 135
67 135
75 135
83 135
87 135
97 135
116 135
132 135
135 139
135 140
135 146
135 155
135 157
135 163
135 174
135 181
135 203
135 210
135 212
135 221
135 228
135 268
135 269
135 298
135 299
135 319
135 322
135 340
135 344
135 345
135 353
135 354
135 355
135 357
135 368
135 371
135 375
35 138
70 138
76 138
83 138
94 138
105 138
127 138
128 138
136 138
138 140
138 144
138 146
138 152
138 163
138 181
138 188
138 200
138 203
138 204
138 206
138 212
138 214
138 217
138 218
138 220
138 268
138 277
138 280
138 284
138 294
138 299
138 300
138 305
138 314
138 319
138 320
138 322
138 331
138 332
138 343
138 349
138 350
138 353
138 363
138 367
138 368
138 372
138 376
138 380
36 143
96 143
136 143
143 149
143 177
143 178
143 224
143 232
143 272
143 291
143 294
143 305
143 351
143 384
35 144
132 144
136 144
144 152
144 156
144 157
144 159
144 177
144 190
144 230
144 239
144 268
144 291
144 294
144 305
144 307
144 327
144 329
54 149
58 149
63 149
76 149
83 149
94 149
104 149
136 149
139 149
146 149
149 161
149 191
149 197
149 202
149 204
149 210
149 218
149 221
149 229
149 235
149 236
149 315
149 326
149 329
149 330
149 334
149 359
149 382
149 383
70 152
93 152
94 152
112 152
128 152
136 152
152 155
152 157
152 159
152 167
152 181
152 182
152 183
152 193
152 206
152 224
152 230
152 232
152 291
152 307
152 316
152 317
152 327
152 329
152 340
152 354
152 389
33 157
35 157
51 157
75 157
79 157
96 157
105 157
119 157
132 157
136 157
156 157
157 159
157 177
157 178
157 183
157 186
157 190
157 202
157 206
157 208
157 214
157 215
157 217
157 218
157 224
157 227
157 230
157 239
157 280
157 305
157 307
157 310
157 320
157 321
157 322
157 327
157 329
157 347
157 352
157 359
157 377
157 380
28 159
35 159
37 159
54 159
75 159
76 159
78 159
79 159
119 159
132 159
136 159
156 159
159 208
159 224
159 230
159 239
159 292
159 307
159 319
159 327
159 329
159 338
159 359
159 361
51 161
58 161
63 161
76 161
83 161
96 161
136 161
161 182
161 202
161 218
161 227
161 284
161 296
161 305
161 307
161 314
161 350
161 357
161 388
33 163
35 163
76 163
96 163
97 163
130 163
136 163
140 163
163 179
163 186
163 204
163 232
163 237
163 269
163 277
163 305
163 313
163 365
163 367
56 173
63 173
67 173
75 173
76 173
83 173
96 173
105 173
119 173
139 173
142 173
146 173
169 173
173 178
173 179
173 181
173 186
173 188
173 211
173 212
173 214
173 229
173 230
173 237
173 241
173 298
173 299
173 307
173 310
173 332
173 335
173 347
173 352
173 355
173 357
173 358
173 376
173 380
27 178
28 178
35 178
43 178
54 178
63 178
76 178
97 178
116 178
131 178
139 178
140 178
146 178
178 183
178 186
178 189
178 190
178 202
178 206
178 211
178 214
178 215
178 232
178 235
178 236
178 268
178 294
178 296
178 298
178 305
178 321
178 323
178 331
178 337
178 341
178 392
27 182
36 182
54 182
64 182
94 182
124 182
131 182
156 182
167 182
177 182
179 182
182 183
182 186
182 206
182 207
182 217
182 224
182 228
182 284
182 291
182 298
182 323
182 340
182 355
182 359
182 366
182 384
182 391
182 396
28 186
33 186
40 186
75 186
79 186
93 186
127 186
140 186
166 186
167 186
181 186
183 186
186 190
186 207
186 215
186 217
186 221
186 227
186 229
186 239
186 270
186 272
186 288
186 296
186 298
186 300
186 305
186 318
186 324
186 331
186 333
186 337
186 347
186 349
186 355
186 357
186 368
28 191
98 191
105 191
191 197
191 211
191 221
191 229
191 279
191 280
191 291
191 342
64 198
76 198
78 198
96 198
198 207
198 229
198 279
198 285
140 202
189 202
200 202
202 229
202 272
202 298
202 351
202 352
202 357
202 359
35 203
54 203
67 203
75 203
83 203
87 203
96 203
97 203
105 203
112 203
120 203
139 203
146 203
179 203
190 203
193 203
200 203
203 204
203 215
203 221
203 233
203 235
203 236
203 240
203 269
203 272
203 277
203 284
203 326
203 330
203 338
203 341
203 342
203 371
79 204
97 204
132 204
139 204
142 204
146 204
156 204
177 204
188 204
190 204
200 204
204 213
204 229
204 232
204 235
204 236
204 238
204 239
204 280
204 291
204 301
204 311
204 322
204 326
204 332
204 340
204 349
204 350
204 354
204 357
75 206
76 206
78 206
87 206
93 206
96 206
98 206
105 206
112 206
125 206
129 206
131 206
142 206
156 206
181 206
183 206
190 206
197 206
206 212
206 214
206 218
206 220
206 222
206 232
206 271
206 277
206 293
206 294
206 296
206 298
206 308
206 316
206 328
206 332
206 337
206 340
206 342
206 350
206 351
206 365
206 376
206 379
206 387
33 207
35 207
83 207
96 207
97 207
190 207
200 207
207 224
207 235
207 236
207 280
207 289
207 301
207 305
207 306
207 337
207 350
63 211
76 211
78 211
83 211
94 211
131 211
177 211
179 211
200 211
211 237
211 239
211 240
211 273
211 307
211 322
211 360
33 215
78 215
79 215
94 215
119 215
131 215
139 215
140 215
146 215
166 215
193 215
208 215
210 215
215 222
215 227
215 235
215 276
215 280
215 296
215 300
215 303
215 307
215 312
215 316
215 317
215 320
215 324
215 334
215 340
215 356
215 359
215 367
92 217
112 217
119 217
139 217
177 217
189 217
190 217
217 222
217 284
217 296
217 308
217 309
217 314
217 335
217 368
33 224
43 224
56 224
67 224
94 224
96 224
116 224
127 224
139 224
188 224
200 224
218 224
220 224
224 229
224 230
224 235
224 294
224 295
224 307
224 316
224 318
224 324
224 325
224 347
224 350
224 351
224 367
224 370
224 387
224 394
43 228
52 228
58 228
63 228
70 228
72 228
81 228
93 228
96 228
129 228
140 228
177 228
190 228
210 228
221 228
225 228
228 230
228 232
228 285
228 308
228 321
228 322
228 334
228 342
228 345
228 348
228 349
228 352
228 360
228 361
228 366
228 383
34 229
37 229
52 229
63 229
76 229
83 229
87 229
90 229
93 229
125 229
129 229
140 229
156 229
183 229
190 229
200 229
212 229
225 229
229 232
229 269
229 270
229 272
229 274
229 280
229 294
229 296
229 307
229 313
229 335
229 351
229 354
229 380
54 230
97 230
222 230
225 230
230 235
230 280
230 299
230 307
230 382
230 401
67 232
75 232
76 232
78 232
83 232
93 232
214 232
225 232
232 270
232 277
232 279
232 284
232 290
232 312
232 315
232 328
232 329
232 334
232 341
232 349
232 367
232 378
232 379
35 233
83 233
97 233
139 233
146 233
200 233
221 233
233 234
233 235
233 236
233 237
233 238
233 239
233 240
233 241
34 237
64 237
105 237
130 237
139 237
166 237
177 237
213 237
222 237
227 237
237 273
237 279
237 298
237 302
237 307
237 308
237 333
237 351
237 371
58 238
96 238
116 238
146 238
200 238
236 238
238 305
238 310
33 239
35 239
76 239
96 239
97 239
105 239
132 239
146 239
221 239
227 239
239 241
239 269
239 272
239 351
35 269
67 269
83 269
94 269
96 269
97 269
139 269
146 269
221 269
234 269
235 269
236 269
268 269
269 275
269 280
269 314
269 322
269 326
269 335
269 340
269 344
269 375
177 270
190 270
193 270
222 270
268 270
270 293
270 305
270 313
270 353
270 354
270 363
78 277
81 277
119 277
124 277
125 277
131 277
142 277
156 277
179 277
197 277
201 277
272 277
277 284
277 312
277 322
277 329
277 332
277 343
277 345
277 346
131 280
158 280
174 280
190 280
197 280
227 280
280 298
280 331
280 335
280 343
280 369
280 371
280 382
35 281
97 281
132 281
139 281
197 281
213 281
221 281
273 281
51 288
222 288
288 291
288 298
288 305
288 308
288 316
288 332
75 289
83 289
139 289
213 289
279 289
285 289
289 297
289 309
289 357
289 358
289 359
56 290
75 290
79 290
105 290
156 290
193 290
208 290
290 303
290 308
290 313
290 328
290 333
290 350
290 363
63 291
70 291
75 291
76 291
78 291
96 291
119 291
177 291
273 291
291 347
291 357
291 365
291 366
291 367
63 292
76 292
78 292
131 292
292 348
292 352
35 293
96 293
116 293
128 293
166 293
179 293
235 293
293 301
293 309
293 311
293 321
293 348
293 372
72 294
78 294
83 294
87 294
105 294
150 294
294 308
294 331
294 347
294 357
294 371
96 295
177 295
295 317
295 318
295 320
295 344
295 350
295 358
295 360
33 296
56 296
76 296
116 296
131 296
139 296
140 296
166 296
177 296
214 296
227 296
235 296
296 324
296 333
296 350
296 371
193 297
227 297
279 297
297 298
297 359
36 298
37 298
54 298
56 298
64 298
81 298
94 298
112 298
116 298
124 298
131 298
140 298
189 298
234 298
272 298
276 298
279 298
298 300
298 304
298 305
298 308
298 314
298 317
298 319
298 332
298 340
298 341
298 342
298 355
298 388
83 299
142 299
299 324
299 334
299 403
76 300
78 300
81 300
97 300
183 300
235 300
300 307
300 371
35 301
54 301
76 301
83 301
96 301
97 301
139 301
177 301
181 301
190 301
214 301
220 301
221 301
235 301
236 301
301 303
301 313
301 331
301 337
301 339
79 302
156 302
302 307
302 347
302 361
302 367
35 303
54 303
58 303
75 303
76 303
98 303
119 303
156 303
235 303
285 303
303 307
303 317
303 369
274 304
304 305
304 395
54 305
75 305
76 305
87 305
124 305
128 305
140 305
156 305
177 305
222 305
271 305
272 305
273 305
283 305
284 305
305 307
305 316
305 318
305 320
305 332
305 336
305 356
148 306
150 306
158 306
177 306
213 306
218 306
306 313
306 349
40 307
56 307
67 307
70 307
79 307
201 307
220 307
282 307
307 314
307 319
307 320
307 322
307 332
307 340
307 350
307 356
307 357
307 360
307 381
76 308
87 308
96 308
98 308
112 308
140 308
189 308
190 308
201 308
272 308
308 316
308 348
308 350
308 387
96 309
142 309
158 309
183 309
236 309
279 309
309 334
309 344
309 350
309 353
309 360
81 311
87 311
190 311
285 311
311 316
311 325
311 332
311 385
311 387
35 312
76 312
96 312
139 312
190 312
312 329
312 377
40 313
67 313
75 313
97 313
128 313
131 313
146 313
167 313
177 313
188 313
214 313
220 313
235 313
240 313
272 313
313 316
313 322
313 327
313 343
313 352
313 353
313 354
313 356
83 314
96 314
97 314
116 314
119 314
128 314
139 314
146 314
189 314
190 314
201 314
221 314
236 314
274 314
282 314
314 320
314 330
314 335
314 339
314 344
314 356
314 358
314 379
314 380
314 384
75 315
76 315
315 329
315 351
315 369
315 371
72 316
76 316
83 316
105 316
119 316
127 316
130 316
166 316
177 316
220 316
222 316
227 316
235 316
274 316
282 316
316 323
316 325
316 328
316 339
316 347
316 351
316 363
316 380
316 385
316 387
97 317
140 317
177 317
190 317
201 317
317 318
317 378
76 318
130 318
132 318
140 318
177 318
190 318
235 318
318 343
318 347
76 319
78 319
156 319
213 319
227 319
272 319
319 320
319 380
319 383
67 320
76 320
79 320
83 320
92 320
131 320
139 320
156 320
236 320
272 320
320 326
320 347
320 353
320 359
52 321
63 321
81 321
93 321
129 321
220 321
241 321
321 342
321 348
321 351
35 322
43 322
63 322
75 322
83 322
105 322
128 322
130 322
140 322
146 322
167 322
200 322
234 322
282 322
322 329
322 345
322 349
322 375
322 377
25 33
33 35
33 51
33 52
33 63
33 76
33 83
33 96
33 127
33 129
33 142
33 155
33 156
33 166
33 174
33 177
33 193
33 218
33 227
33 324
33 331
33 334
33 337
33 367
33 372
33 386
25 54
34 54
54 76
54 96
54 142
54 179
54 197
54 210
54 212
54 218
54 221
54 222
54 330
54 335
54 355
54 361
54 369
26 94
28 94
37 94
40 94
75 94
76 94
94 104
94 119
94 128
94 155
94 179
94 181
94 190
94 213
94 327
94 329
94 332
94 335
94 340
94 342
94 351
94 358
94 369
26 96
35 96
36 96
51 96
52 96
67 96
75 96
76 96
83 96
93 96
96 97
96 98
96 132
96 139
96 140
96 142
96 146
96 156
96 169
96 183
96 190
96 197
96 221
96 235
96 236
96 273
96 334
96 350
96 351
96 353
96 358
96 365
96 377
96 384
26 124
52 124
67 124
70 124
76 124
124 208
124 222
124 279
124 338
124 340
124 341
124 347
124 351
124 354
124 355
124 358
124 363
124 367
124 372
28 193
37 193
51 193
79 193
193 330
193 334
193 344
193 370
193 391
193 396
131 222
146 222
166 222
200 222
210 222
220 222
221 222
222 227
222 279
222 331
222 333
222 341
37 225
79 225
225 227
34 272
78 272
79 272
92 272
119 272
131 272
132 272
139 272
140 272
146 272
167 272
177 272
190 272
197 272
214 272
221 272
236 272
268 272
272 350
272 352
272 354
272 356
272 360
272 369
272 371
272 375
272 380
35 326
40 326
83 326
97 326
132 326
139 326
140 326
183 326
190 326
234 326
236 326
276 326
324 326
326 330
326 359
76 335
97 335
119 335
156 335
189 335
190 335
210 335
213 335
236 335
330 335
335 338
335 348
335 355
335 357
335 364
67 341
76 341
139 341
167 341
208 341
338 341
340 341
341 343
341 347
341 351
341 354
341 355
341 363
34 347
93 347
142 347
158 347
188 347
190 347
234 347
340 347
347 354
347 356
347 361
52 348
63 348
81 348
92 348
93 348
129 348
177 348
274 348
342 348
78 349
83 349
116 349
128 349
132 349
139 349
156 349
181 349
190 349
235 349
345 349
349 358
349 361
25 26
26 40
26 63
26 70
26 76
26 87
26 90
26 92
26 93
26 97
26 98
26 104
26 105
26 112
26 116
26 119
26 120
26 125
26 127
26 128
26 129
26 130
26 131
26 132
25 35
35 60
35 63
35 67
35 75
35 83
35 97
35 104
35 120
35 132
35 136
35 139
35 142
35 146
35 181
35 189
35 234
35 235
35 236
35 240
35 273
35 284
35 329
35 330
35 338
35 355
35 369
35 371
35 375
35 389
35 390
36 87
76 87
87 116
87 167
87 240
87 351
87 352
87 361
87 369
52 93
63 93
76 93
81 93
83 93
93 119
93 129
93 156
93 183
93 274
93 327
93 342
93 344
93 350
93 359
92 98
98 112
98 120
98 146
98 148
98 150
98 156
98 181
98 183
98 200
98 274
98 351
98 352
43 105
105 112
105 116
105 140
105 179
105 190
105 200
105 201
105 212
105 218
105 227
105 234
105 241
105 282
105 328
105 331
105 332
105 337
105 343
105 381
43 132
67 132
75 132
76 132
83 132
97 132
132 139
132 146
132 166
132 221
132 234
132 236
132 268
132 275
132 285
132 329
132 360
132 363
132 371
28 142
78 142
112 142
119 142
120 142
127 142
136 142
142 156
142 169
142 183
142 201
142 214
142 274
142 279
142 344
142 350
67 146
75 146
83 146
97 146
112 146
120 146
128 146
136 146
139 146
140 146
146 148
146 150
146 167
146 190
146 200
146 221
146 235
146 236
146 240
146 268
146 271
146 273
146 329
146 342
146 352
146 356
146 360
146 368
146 371
146 375
146 377
146 396
27 181
76 181
83 181
97 181
116 181
129 181
181 183
181 190
181 221
181 328
181 332
181 333
181 352
181 355
181 369
28 183
76 183
83 183
97 183
112 183
120 183
183 190
183 197
183 235
183 271
183 327
183 328
183 329
183 330
183 331
28 190
52 190
67 190
76 190
78 190
79 190
83 190
112 190
119 190
139 190
140 190
179 190
189 190
190 201
190 210
190 227
190 234
190 235
190 236
190 241
190 276
190 279
190 340
190 352
190 353
190 354
190 369
190 371
197 201
197 220
197 279
197 282
197 283
197 284
197 285
76 273
83 273
97 273
139 273
177 273
227 273
268 273
271 273
273 275
273 336
273 343
273 375
76 279
201 279
220 279
227 279
274 279
279 333
279 350
279 353
279 355
279 381
51 350
58 350
63 350
83 350
214 350
227 350
330 350
83 351
327 351
351 353
351 354
351 363
351 390
25 28
28 83
28 119
28 139
28 156
28 188
28 189
60 67
63 67
67 83
67 97
67 120
67 139
67 167
67 234
67 235
67 236
67 329
67 375
56 79
60 79
76 79
79 83
79 155
79 353
79 361
79 390
27 83
43 83
52 83
58 83
60 83
63 83
75 83
83 92
83 97
83 112
83 120
83 128
83 131
83 136
83 139
83 148
83 150
83 156
83 167
83 179
83 200
83 210
83 213
83 218
83 221
83 235
83 236
83 240
83 268
83 271
83 275
83 285
83 324
83 325
83 329
83 334
83 342
83 355
83 356
83 359
83 360
83 361
83 363
83 371
83 375
83 376
83 379
83 387
83 398
63 97
75 97
76 97
97 104
97 112
97 119
97 120
97 128
97 139
97 150
97 213
97 234
97 235
97 236
97 240
97 271
97 329
97 330
97 337
97 356
97 359
97 360
97 371
97 375
97 376
97 389
97 391
76 131
112 131
120 131
131 167
131 271
131 380
131 383
27 136
63 136
119 136
127 136
128 136
136 139
136 140
136 148
136 150
136 155
136 156
136 158
136 166
136 167
148 150
148 158
150 158
119 158
158 236
158 329
27 177
36 177
43 177
75 177
104 177
174 177
177 189
177 210
177 212
177 214
177 220
177 227
177 235
177 268
177 274
177 282
177 323
177 327
177 353
177 354
177 369
177 384
177 385
177 387
76 210
90 210
125 210
140 210
210 285
210 352
210 354
210 361
43 235
51 235
63 235
75 235
119 235
120 235
139 235
200 235
221 235
234 235
235 236
235 240
235 330
235 336
235 361
235 362
235 363
235 369
235 371
235 375
63 236
72 236
75 236
104 236
139 236
155 236
166 236
167 236
200 236
221 236
236 240
236 268
236 337
236 360
236 361
236 369
236 371
236 375
76 282
120 282
140 282
282 329
282 332
75 338
76 338
78 338
119 338
156 338
166 338
167 338
208 338
213 338
284 338
328 338
330 338
338 359
338 361
338 363
338 369
338 371
338 383
43 344
51 344
78 344
119 344
127 344
156 344
201 344
221 344
274 344
284 344
334 344
344 378
128 345
140 345
331 345
337 345
345 375
56 360
70 360
75 360
112 360
166 360
352 360
360 384
360 387
25 51
51 58
51 63
51 179
51 188
51 342
51 370
51 378
51 387
51 394
37 76
56 76
60 76
64 76
76 78
76 112
76 116
76 139
76 156
76 167
76 174
76 188
76 201
76 208
76 213
76 218
76 227
76 234
76 285
76 327
76 330
76 336
76 337
76 340
76 342
76 343
76 352
76 354
76 356
76 357
76 359
76 367
76 370
76 372
76 375
76 377
76 393
76 403
34 140
52 140
72 140
140 200
140 285
140 323
140 331
140 337
140 352
140 358
140 359
140 363
140 388
81 218
125 218
208 218
218 220
72 328
156 328
328 330
52 340
64 340
70 340
125 340
128 340
189 340
283 340
332 340
340 356
340 370
340 378
340 398
81 352
188 352
285 352
329 352
128 353
274 353
353 354
353 369
353 381
75 378
339 378
371 378
378 379
378 380
52 63
58 63
60 63
63 78
63 81
63 127
63 129
63 139
63 156
63 208
63 329
63 342
63 358
63 363
63 366
63 386
116 201
116 274
116 367
116 379
27 139
56 139
75 139
92 139
112 139
120 139
128 139
139 200
139 208
139 212
139 221
139 240
139 268
139 271
139 329
139 334
139 356
139 359
139 363
139 371
139 374
139 375
139 376
27 179
179 212
179 329
268 271
271 380
40 276
64 276
78 276
268 276
276 283
276 359
276 380
213 285
274 285
285 354
285 369
128 332
240 332
332 366
56 367
70 367
75 367
128 367
284 369
330 369
369 382
25 56
40 56
56 58
56 200
56 382
60 64
60 70
60 72
60 75
60 78
60 81
370 390
212 380
330 380
380 386
274 390
25 37
36 37
37 75
37 212
37 354
25 40
27 40
34 40
39 40
40 43
40 58
40 156
40 174
64 156
64 188
64 221
64 284
64 388
70 128
70 155
70 188
70 220
128 188
128 356
128 359
92 208
208 330
208 363
155 212
212 329
156 213
213 333
156 221
200 221
221 227
221 240
221 376
221 382
221 391
221 396
200 240
58 284
125 284
129 284
201 284
284 329
284 330
284 346
36 329
52 329
129 329
214 329
327 329
329 356
329 397
220 354
354 397
156 361
167 361
331 361
361 397
92 363
227 363
330 363
331 363
337 363
363 381
363 385
75 364
39 368
156 368
200 368
189 382
382 401
383 388
72 167
72 357
72 358
75 167
127 167
156 167
167 268
167 330
167 346
167 355
167 383
166 200
200 201
200 334
78 330
119 330
330 337
330 359
330 374
330 383
330 403
125 331
331 337
112 337
81 356
92 356
188 356
78 383
201 383
34 156
78 156
92 156
125 156
127 156
130 156
156 268
156 359
156 381
119 214
214 220
214 241
214 343
214 357
214 358
214 371
58 366
366 384
274 387
325 387
385 387
27 174
34 174
39 174
43 174
155 174
166 333
227 333
324 333
333 358
34 357
241 357
355 357
357 358
34 358
81 358
241 358
34 75
75 104
75 127
75 371
75 375
75 384
75 389
52 129
78 129
81 129
127 129
129 268
129 342
129 343
52 78
78 81
78 188
78 220
78 359
78 375
34 188
81 188
188 234
188 343
188 394
188 402
268 274
274 324
274 325
323 325
325 385
336 374
52 342
81 342
227 385
189 234
112 120
120 389
119 189
189 201
25 52
52 81
52 343
104 389
81 201
112 201
125 201
201 220
201 346
25 27
25 34
25 36
25 39
25 43
25 58
166 227
227 324
227 334
166 373
27 34
27 39
27 43
34 39
34 43
34 268
36 384
39 43
39 343
112 334
119 127
125 346
125 355
268 275
371 375
371 395
371 396
81 323
323 324
394 402
391 395
391 396
