1 360
4 360
5 360
6 360
7 360
8 360
9 360
10 360
11 360
12 360
13 360
14 360
15 360
16 360
17 360
18 360
19 360
46 360
50 360
55 360
227 360
2 5
2 28
2 48
2 52
2 275
5 8
5 264
5 335
5 336
5 337
5 338
5 339
5 340
5 341
5 342
5 343
5 344
5 345
5 346
5 348
5 350
28 31
28 344
21 48
48 116
48 133
48 257
48 264
48 267
48 268
48 269
48 270
48 271
48 272
48 273
48 274
48 335
22 52
52 159
34 275
50 275
107 275
3 56
3 57
3 58
3 59
3 60
3 61
3 62
3 63
3 64
3 65
3 66
3 67
3 68
3 69
3 70
3 80
3 86
3 87
3 88
3 89
3 97
3 134
3 357
56 94
56 122
56 236
56 278
56 281
56 282
56 283
56 285
56 286
56 287
56 288
56 291
56 293
56 295
24 57
57 94
57 123
57 236
57 281
57 282
57 283
57 285
57 286
57 287
57 288
57 291
57 292
57 293
57 294
57 295
25 58
58 94
58 124
58 236
58 277
58 281
58 282
58 283
58 285
58 286
58 287
58 288
58 291
58 292
58 293
58 294
58 295
26 59
59 94
59 145
59 165
59 236
59 281
59 282
59 283
59 284
59 285
59 286
59 287
59 288
59 291
59 292
59 293
59 294
59 295
27 60
60 94
60 146
60 165
60 236
60 281
60 282
60 283
60 285
60 286
60 287
60 288
60 291
60 292
60 293
60 294
60 295
21 61
61 94
61 147
61 165
61 236
61 281
61 282
61 283
61 285
61 286
61 287
61 288
61 291
61 292
61 293
61 294
61 295
62 94
62 148
62 165
62 236
62 280
62 281
62 282
62 283
62 285
62 286
62 287
62 288
62 291
62 292
62 293
62 294
62 295
30 63
63 94
63 149
63 165
63 236
63 281
63 282
63 283
63 285
63 286
63 287
63 288
63 291
63 292
63 293
63 294
63 295
64 94
64 157
64 165
64 236
64 281
64 282
64 283
64 285
64 286
64 287
64 288
64 289
64 291
64 292
64 293
64 294
64 295
27 65
49 65
65 94
65 165
65 174
65 175
65 177
65 179
65 206
65 208
65 235
65 236
65 277
65 278
65 281
65 282
65 283
65 284
65 285
65 286
65 287
65 288
65 289
65 291
65 292
65 293
65 294
65 295
27 66
66 94
66 111
66 236
66 277
66 278
66 281
66 282
66 283
66 284
66 285
66 286
66 287
66 288
66 289
66 291
66 292
66 293
66 294
66 295
34 67
67 94
67 167
67 236
67 281
67 282
67 283
67 285
67 286
67 287
67 288
67 291
67 292
67 293
67 294
67 295
27 68
35 68
68 94
68 166
68 168
68 236
68 277
68 278
68 281
68 282
68 283
68 284
68 285
68 286
68 287
68 288
68 289
68 291
68 292
68 293
68 294
68 295
36 69
69 94
69 236
69 281
69 282
69 283
69 285
69 286
69 287
69 288
69 291
69 292
69 293
69 294
69 295
69 317
69 319
69 330
69 331
69 332
69 333
69 334
69 335
69 336
69 337
69 338
69 339
69 340
69 341
69 342
69 343
69 344
69 345
69 346
69 347
69 348
37 70
70 94
70 166
70 226
70 229
70 230
70 232
70 236
70 261
70 263
70 278
70 281
70 282
70 283
70 285
70 286
70 287
70 288
70 291
70 292
70 293
70 294
70 295
70 297
80 200
80 273
80 345
86 94
86 114
86 119
86 120
86 122
86 151
86 153
86 160
86 184
86 281
86 282
86 283
86 285
86 286
86 287
86 288
86 291
86 292
86 293
86 294
86 295
87 94
87 118
87 119
87 120
87 122
87 151
87 153
87 161
87 188
87 281
87 282
87 283
87 285
87 286
87 287
87 288
87 291
87 292
87 293
87 294
87 295
88 94
88 162
88 222
88 281
88 282
88 283
88 285
88 286
88 287
88 288
88 291
88 292
88 293
88 294
88 295
89 94
89 163
89 223
89 282
89 283
89 285
89 286
89 287
89 288
89 291
89 292
89 293
89 294
89 295
27 97
53 97
94 97
97 166
97 220
97 221
97 222
97 223
97 224
97 225
97 226
97 227
97 228
97 229
97 230
97 231
97 232
97 233
97 234
97 236
97 245
97 250
97 251
97 252
97 253
97 261
97 277
97 278
97 281
97 282
97 283
97 284
97 285
97 286
97 287
97 288
97 289
97 291
97 292
97 293
97 294
97 295
97 301
134 307
134 335
39 357
53 357
218 357
4 220
4 221
4 222
4 223
4 224
4 225
4 226
4 227
4 228
4 229
4 230
4 231
4 232
4 233
4 234
4 243
4 250
4 251
4 252
4 253
4 261
4 299
4 362
11 220
12 220
16 220
29 220
31 220
44 220
75 220
95 220
119 220
155 220
220 258
220 297
220 331
220 345
220 350
11 221
12 221
16 221
29 221
31 221
44 221
75 221
90 221
95 221
119 221
155 221
176 221
221 241
221 297
221 331
221 346
221 351
11 222
12 222
16 222
29 222
31 222
44 222
75 222
90 222
95 222
119 222
155 222
176 222
222 297
222 331
222 347
222 352
11 223
12 223
16 223
29 223
31 223
44 223
75 223
90 223
95 223
119 223
155 223
176 223
201 223
223 297
223 331
223 348
223 353
11 224
12 224
16 224
29 224
31 224
44 224
75 224
90 224
95 224
119 224
155 224
176 224
201 224
224 237
224 297
224 331
224 349
224 354
11 225
12 225
16 225
29 225
31 225
44 225
75 225
90 225
91 225
95 225
119 225
155 225
176 225
201 225
225 297
225 331
225 358
11 226
12 226
16 226
29 226
31 226
44 226
75 226
90 226
92 226
95 226
119 226
155 226
165 226
166 226
167 226
168 226
169 226
170 226
171 226
172 226
173 226
174 226
175 226
176 226
177 226
178 226
179 226
182 226
195 226
196 226
197 226
198 226
201 226
206 226
226 237
226 297
226 331
11 227
12 227
16 227
29 227
31 227
44 227
75 227
90 227
95 227
119 227
138 227
155 227
176 227
201 227
227 297
227 331
11 228
12 228
16 228
29 228
31 228
44 228
75 228
90 228
95 228
119 228
155 228
176 228
201 228
228 297
228 331
228 361
11 229
12 229
16 229
29 229
31 229
44 229
73 229
74 229
75 229
90 229
95 229
119 229
155 229
176 229
201 229
229 237
229 241
229 258
229 297
229 331
229 362
11 230
12 230
16 230
29 230
31 230
44 230
73 230
75 230
90 230
95 230
119 230
155 230
176 230
230 237
230 241
230 258
230 297
230 317
230 318
230 320
230 331
11 231
12 231
16 231
29 231
31 231
33 231
44 231
75 231
90 231
95 231
119 231
155 231
165 231
166 231
167 231
168 231
169 231
170 231
171 231
172 231
173 231
174 231
175 231
176 231
177 231
178 231
179 231
181 231
195 231
196 231
197 231
198 231
206 231
231 236
231 297
231 331
11 232
12 232
16 232
29 232
31 232
44 232
54 232
73 232
75 232
90 232
95 232
98 232
100 232
101 232
103 232
119 232
155 232
157 232
176 232
232 237
232 241
232 258
232 297
232 331
11 233
12 233
16 233
29 233
31 233
44 233
73 233
75 233
90 233
95 233
99 233
119 233
154 233
155 233
157 233
176 233
212 233
233 297
233 331
11 234
12 234
16 234
29 234
31 234
44 234
54 234
73 234
75 234
90 234
95 234
100 234
119 234
155 234
176 234
209 234
210 234
212 234
234 258
234 267
234 297
234 331
243 276
243 277
243 278
243 279
243 280
243 281
243 282
243 283
243 284
243 285
243 286
243 287
243 288
243 289
243 290
243 294
243 306
243 307
243 308
243 309
243 317
243 323
243 345
243 346
243 347
243 348
11 250
12 250
16 250
29 250
31 250
44 250
75 250
90 250
95 250
119 250
155 250
176 250
196 250
250 276
250 277
250 278
250 279
250 280
250 281
250 282
250 283
250 284
250 285
250 286
250 287
250 288
250 289
250 290
250 297
250 301
250 306
250 307
250 308
250 309
250 317
250 345
250 346
250 347
250 348
11 251
12 251
16 251
29 251
31 251
44 251
75 251
90 251
95 251
119 251
155 251
176 251
197 251
251 277
251 278
251 279
251 280
251 281
251 282
251 283
251 284
251 285
251 286
251 287
251 288
251 289
251 290
251 297
251 302
251 306
251 307
251 308
251 309
251 317
251 345
251 346
251 347
251 348
11 252
12 252
16 252
29 252
31 252
44 252
75 252
90 252
95 252
119 252
155 252
176 252
198 252
252 276
252 277
252 278
252 279
252 280
252 281
252 282
252 283
252 284
252 285
252 286
252 287
252 288
252 289
252 290
252 297
252 303
252 306
252 307
252 308
252 309
252 317
252 345
252 346
252 347
252 348
11 253
12 253
16 253
29 253
31 253
44 253
75 253
90 253
95 253
155 253
176 253
199 253
253 277
253 278
253 279
253 280
253 281
253 282
253 283
253 284
253 285
253 286
253 287
253 288
253 289
253 290
253 297
253 304
253 306
253 307
253 308
253 309
253 317
253 345
253 346
253 347
253 348
11 261
12 261
16 261
29 261
31 261
44 261
54 261
73 261
75 261
90 261
95 261
119 261
155 261
176 261
237 261
241 261
258 261
261 262
261 264
261 297
261 331
110 299
111 299
112 299
113 299
114 299
115 299
116 299
117 299
118 299
119 299
120 299
121 299
122 299
123 299
124 299
126 299
140 299
141 299
142 299
143 299
151 299
181 299
248 299
51 362
8 11
8 154
8 267
8 336
8 337
8 338
8 339
8 340
8 341
8 342
8 343
8 344
8 345
8 346
8 347
8 348
8 349
8 350
14 264
15 264
17 264
19 264
46 264
71 264
235 264
264 332
14 335
15 335
17 335
19 335
39 335
46 335
53 335
109 335
117 335
129 335
130 335
132 335
135 335
140 335
141 335
219 335
255 335
276 335
6 336
7 336
9 336
10 336
11 336
12 336
13 336
14 336
15 336
16 336
17 336
18 336
19 336
20 336
35 336
36 336
37 336
39 336
46 336
71 336
109 336
117 336
129 336
130 336
132 336
135 336
140 336
141 336
219 336
255 336
276 336
6 337
7 337
9 337
10 337
11 337
12 337
13 337
14 337
15 337
16 337
17 337
18 337
19 337
21 337
35 337
36 337
37 337
38 337
46 337
72 337
109 337
117 337
129 337
130 337
132 337
135 337
140 337
141 337
219 337
255 337
276 337
6 338
7 338
9 338
10 338
11 338
12 338
13 338
14 338
15 338
16 338
17 338
18 338
19 338
22 338
35 338
36 338
37 338
38 338
46 338
73 338
109 338
117 338
129 338
130 338
132 338
135 338
137 338
140 338
141 338
219 338
255 338
276 338
6 339
7 339
9 339
10 339
11 339
12 339
13 339
14 339
15 339
16 339
17 339
18 339
19 339
23 339
35 339
36 339
37 339
38 339
46 339
74 339
109 339
117 339
129 339
130 339
132 339
135 339
140 339
141 339
219 339
255 339
276 339
6 340
7 340
9 340
10 340
11 340
12 340
13 340
14 340
15 340
16 340
17 340
18 340
19 340
24 340
35 340
36 340
37 340
38 340
46 340
75 340
109 340
117 340
129 340
130 340
132 340
135 340
140 340
141 340
219 340
255 340
276 340
6 341
7 341
9 341
10 341
11 341
12 341
13 341
14 341
15 341
16 341
17 341
18 341
19 341
25 341
35 341
36 341
37 341
38 341
46 341
76 341
109 341
117 341
129 341
130 341
132 341
135 341
140 341
141 341
219 341
255 341
276 341
6 342
7 342
9 342
10 342
11 342
12 342
13 342
14 342
15 342
16 342
17 342
18 342
19 342
26 342
35 342
36 342
37 342
38 342
46 342
77 342
109 342
117 342
129 342
130 342
132 342
135 342
140 342
141 342
219 342
255 342
276 342
6 343
7 343
9 343
10 343
11 343
12 343
13 343
14 343
15 343
16 343
17 343
18 343
19 343
27 343
35 343
36 343
37 343
38 343
46 343
78 343
109 343
117 343
129 343
130 343
132 343
135 343
140 343
141 343
142 343
219 343
255 343
276 343
6 344
7 344
9 344
10 344
11 344
12 344
13 344
14 344
15 344
16 344
17 344
18 344
19 344
35 344
36 344
37 344
38 344
46 344
79 344
109 344
117 344
129 344
130 344
132 344
135 344
140 344
141 344
143 344
219 344
255 344
276 344
6 345
7 345
9 345
10 345
11 345
12 345
13 345
14 345
15 345
16 345
17 345
18 345
19 345
29 345
35 345
36 345
37 345
38 345
46 345
109 345
117 345
129 345
130 345
132 345
135 345
140 345
141 345
202 345
240 345
242 345
244 345
245 345
246 345
247 345
248 345
249 345
254 345
255 345
276 345
6 346
7 346
9 346
10 346
11 346
12 346
13 346
14 346
15 346
16 346
17 346
18 346
19 346
30 346
35 346
36 346
37 346
38 346
46 346
81 346
109 346
117 346
129 346
130 346
132 346
135 346
140 346
141 346
202 346
240 346
242 346
244 346
245 346
246 346
247 346
248 346
249 346
254 346
255 346
276 346
6 348
7 348
9 348
10 348
11 348
12 348
13 348
14 348
15 348
16 348
17 348
18 348
19 348
32 348
35 348
36 348
37 348
38 348
46 348
83 348
109 348
117 348
130 348
132 348
135 348
140 348
141 348
202 348
242 348
244 348
245 348
246 348
247 348
248 348
249 348
254 348
255 348
276 348
6 350
7 350
9 350
10 350
11 350
12 350
13 350
14 350
15 350
16 350
17 350
18 350
19 350
34 350
35 350
36 350
37 350
38 350
46 350
85 350
144 350
6 9
6 133
6 347
6 349
9 12
9 154
9 268
9 347
9 349
14 133
15 133
17 133
46 133
72 133
94 133
133 289
133 306
7 347
10 347
11 347
12 347
13 347
14 347
15 347
16 347
17 347
18 347
19 347
31 347
35 347
36 347
37 347
38 347
46 347
82 347
109 347
117 347
129 347
130 347
132 347
135 347
140 347
141 347
202 347
240 347
242 347
244 347
245 347
246 347
247 347
248 347
249 347
254 347
255 347
276 347
7 349
10 349
11 349
12 349
13 349
14 349
15 349
16 349
17 349
18 349
19 349
33 349
35 349
36 349
37 349
38 349
46 349
84 349
129 349
240 349
256 349
7 10
7 265
10 13
10 154
10 269
207 265
235 265
265 331
11 154
11 241
11 270
11 297
12 154
13 154
14 154
45 154
108 154
154 259
14 267
15 267
17 267
46 267
74 267
106 267
195 267
207 267
235 267
12 249
12 271
12 305
14 268
15 268
17 268
46 268
75 268
268 333
13 272
13 287
14 269
15 269
17 269
46 269
76 269
191 269
241 263
241 292
241 321
14 270
15 270
17 270
46 270
77 270
192 270
246 297
247 297
297 303
249 276
249 277
249 278
249 279
249 280
249 281
249 282
249 283
249 284
249 285
249 286
249 287
249 288
249 289
249 290
249 300
249 306
249 307
249 308
249 309
249 317
249 329
14 271
15 271
17 271
46 271
78 271
193 271
110 305
111 305
112 305
113 305
114 305
115 305
116 305
117 305
118 305
119 305
120 305
121 305
122 305
123 305
124 305
132 305
140 305
141 305
142 305
143 305
151 305
187 305
254 305
14 272
15 272
17 272
46 272
79 272
194 272
203 272
77 287
131 287
141 287
202 287
240 287
242 287
244 287
245 287
246 287
247 287
248 287
254 287
14 17
14 116
14 263
14 273
14 274
17 47
17 116
17 273
17 274
17 284
15 116
16 116
46 116
72 116
82 116
116 177
116 298
116 300
116 301
116 302
116 303
116 304
116 306
116 307
116 308
116 309
116 310
116 311
116 312
116 358
73 263
237 263
258 263
263 332
15 273
46 273
50 273
273 330
15 274
46 274
81 274
274 331
274 334
15 18
15 93
18 41
40 93
93 162
93 167
93 168
93 169
93 170
16 244
16 300
244 276
244 277
244 278
244 279
244 280
244 281
244 282
244 283
244 284
244 285
244 286
244 288
244 289
244 290
244 295
244 306
244 307
244 308
244 309
244 317
244 324
110 300
111 300
112 300
113 300
114 300
115 300
117 300
118 300
119 300
120 300
121 300
122 300
123 300
124 300
127 300
140 300
141 300
142 300
143 300
151 300
182 300
19 47
45 47
46 47
47 51
99 284
128 284
202 284
213 284
240 284
242 284
245 284
246 284
247 284
248 284
254 284
41 94
41 150
41 156
41 157
41 158
41 356
19 32
19 42
32 43
32 44
42 95
42 151
42 156
42 157
42 158
42 356
20 43
43 103
43 152
43 157
43 356
23 169
23 174
23 175
23 177
23 206
23 208
23 239
92 169
94 169
161 169
169 189
169 315
169 318
169 319
169 320
169 321
169 322
169 323
169 324
169 325
169 326
169 327
169 328
169 329
169 354
142 174
147 174
174 189
174 315
174 316
174 317
174 318
174 319
174 320
174 321
174 322
174 323
174 324
174 325
174 326
174 327
174 328
174 329
174 354
143 175
148 175
175 315
175 316
175 317
175 318
175 319
175 320
175 321
175 322
175 323
175 324
175 325
175 326
175 327
175 328
175 329
175 354
77 177
113 177
114 177
115 177
117 177
118 177
119 177
150 177
177 190
177 315
177 316
177 317
177 318
177 319
177 320
177 321
177 322
177 323
177 324
177 325
177 326
177 327
177 328
177 329
177 354
190 206
206 255
206 256
206 257
206 260
206 315
206 316
206 317
206 318
206 319
206 320
206 321
206 322
206 323
206 324
206 325
206 326
206 327
206 328
206 329
206 354
208 306
208 311
208 314
208 316
208 317
29 239
239 319
239 322
239 329
27 99
27 129
99 112
99 277
99 278
99 289
129 276
129 285
129 286
129 288
129 290
129 302
129 317
129 319
129 330
129 331
129 332
129 333
129 334
31 236
31 292
29 295
85 295
139 295
237 295
55 236
101 236
109 236
236 316
82 292
136 292
202 292
44 153
44 238
44 294
35 149
40 149
96 149
36 150
150 178
37 151
45 151
72 151
151 178
151 259
151 290
151 298
151 301
151 302
151 303
151 304
151 306
151 307
151 308
151 309
151 310
151 311
151 312
151 358
38 91
38 152
91 160
91 167
91 168
91 170
152 259
152 296
39 92
39 153
92 161
92 168
92 170
45 153
72 153
108 153
153 290
40 156
40 158
40 356
105 156
156 359
107 158
158 352
158 353
217 356
79 94
94 163
106 157
157 171
157 183
95 164
95 240
95 296
103 159
103 171
103 257
238 318
238 320
238 321
238 323
84 294
138 294
45 115
45 119
45 120
45 122
45 185
115 172
115 298
115 301
115 302
115 303
115 304
115 306
115 307
115 308
115 309
115 310
115 311
115 312
115 358
72 119
119 235
119 254
119 290
119 291
119 298
119 301
119 302
119 303
119 304
119 306
119 307
119 308
119 309
119 310
119 311
119 312
119 358
72 120
120 288
120 290
120 298
120 301
120 302
120 303
120 304
120 306
120 307
120 308
120 309
120 310
120 311
120 312
120 358
72 122
122 178
122 290
122 298
122 301
122 302
122 303
122 304
122 306
122 307
122 308
122 309
122 310
122 311
122 312
122 358
185 196
185 201
185 303
185 320
46 112
100 112
112 298
112 301
112 302
112 303
112 304
112 306
112 307
112 308
112 309
112 310
112 311
112 312
112 358
51 54
51 358
51 363
49 257
198 257
203 257
204 257
205 257
50 159
50 318
159 167
165 318
166 318
167 318
168 318
170 318
171 318
172 318
173 318
176 318
178 318
179 318
183 318
195 318
196 318
197 318
198 318
54 260
54 279
109 358
110 358
111 358
113 358
114 358
117 358
118 358
121 358
123 358
124 358
155 358
164 358
55 363
102 363
128 363
53 98
53 100
53 351
98 262
98 279
90 351
104 351
145 351
201 260
207 260
209 260
108 279
111 279
132 279
202 279
213 279
240 279
242 279
245 279
246 279
247 279
248 279
254 279
55 121
55 361
121 289
121 298
121 301
121 302
121 303
121 304
121 306
121 307
121 308
121 309
121 310
121 311
121 312
110 278
125 278
202 278
240 278
242 278
245 278
246 278
247 278
248 278
254 278
71 281
90 281
113 281
125 281
202 281
213 281
240 281
242 281
245 281
246 281
247 281
248 281
254 281
72 282
114 282
126 282
135 282
202 282
213 282
240 282
242 282
245 282
246 282
247 282
248 282
254 282
73 283
127 283
202 283
213 283
240 283
242 283
245 283
246 283
247 283
248 283
254 283
276 283
75 285
109 285
117 285
130 285
132 285
135 285
140 285
141 285
202 285
213 285
240 285
242 285
245 285
246 285
247 285
248 285
254 285
255 285
276 285
76 286
109 286
117 286
118 286
130 286
132 286
135 286
140 286
141 286
202 286
240 286
242 286
245 286
246 286
247 286
248 286
254 286
255 286
276 286
78 288
109 288
117 288
130 288
132 288
135 288
140 288
141 288
202 288
214 288
240 288
242 288
245 288
246 288
247 288
248 288
254 288
255 288
276 288
81 291
135 291
240 291
258 291
75 293
83 293
137 293
242 293
123 298
123 301
123 302
123 303
123 304
123 306
123 307
123 308
123 309
123 310
123 311
123 312
124 178
124 298
124 301
124 302
124 303
124 304
124 306
124 307
124 308
124 309
124 310
124 311
124 312
127 277
130 277
202 277
240 277
242 277
245 277
246 277
247 277
248 277
254 277
145 172
145 179
145 180
145 182
96 165
165 315
165 319
165 320
165 321
165 322
165 323
165 324
165 325
165 327
165 329
165 354
146 173
146 180
146 181
146 182
146 352
147 179
147 180
147 181
147 182
147 353
148 181
148 354
109 280
202 280
213 280
240 280
242 280
245 280
246 280
247 280
248 280
254 280
202 289
240 289
242 289
245 289
246 289
247 289
248 289
254 289
79 179
162 179
179 190
179 214
179 315
179 319
179 320
179 321
179 322
179 323
179 324
179 325
179 326
179 327
179 328
179 329
179 354
235 315
235 323
111 298
111 301
111 302
111 303
111 304
111 306
111 307
111 308
111 309
111 310
111 311
111 312
107 167
167 315
167 317
167 319
167 320
167 321
167 322
167 323
167 324
167 325
167 326
167 327
167 328
167 329
167 354
96 166
166 315
166 316
166 319
166 320
166 321
166 322
166 323
166 324
166 325
166 326
166 327
166 328
166 329
166 354
160 168
168 189
168 315
168 319
168 320
168 321
168 322
168 323
168 324
168 325
168 326
168 327
168 328
168 329
168 354
109 317
117 317
130 317
132 317
135 317
140 317
141 317
202 317
214 317
237 317
240 317
242 317
245 317
246 317
247 317
248 317
254 317
255 317
276 317
109 319
117 319
130 319
132 319
135 319
139 319
140 319
141 319
170 319
171 319
172 319
173 319
176 319
178 319
184 319
195 319
196 319
197 319
198 319
255 319
276 319
109 330
117 330
130 330
132 330
135 330
140 330
218 330
219 330
255 330
262 330
276 330
109 331
117 331
130 331
132 331
135 331
140 331
141 331
219 331
255 331
276 331
109 332
117 332
130 332
131 332
132 332
135 332
140 332
141 332
219 332
255 332
276 332
109 333
117 333
130 333
132 333
135 333
140 333
141 333
219 333
255 333
276 333
310 333
324 333
109 334
117 334
130 334
132 334
135 334
140 334
141 334
219 334
255 334
266 334
276 334
322 334
71 171
101 171
171 189
171 315
171 320
171 321
171 322
171 323
171 324
171 325
171 326
171 327
171 328
171 329
171 354
72 186
186 197
186 202
186 304
186 321
73 304
90 304
110 304
113 304
114 304
117 304
118 304
131 304
140 304
141 304
142 304
143 304
75 237
76 176
176 246
176 302
176 315
176 320
176 321
176 322
176 323
176 324
176 325
176 326
176 327
176 328
176 329
176 354
78 178
178 315
178 320
178 321
178 322
178 323
178 324
178 325
178 326
178 327
178 328
178 329
178 354
184 200
191 200
192 200
194 200
200 254
200 259
81 201
192 201
193 201
194 201
82 202
191 202
192 202
193 202
194 202
202 276
202 290
202 306
202 307
202 308
202 309
83 203
187 203
193 203
203 255
203 325
84 204
188 204
204 255
204 256
204 326
85 212
183 212
195 212
212 310
212 315
114 298
114 301
114 302
114 303
114 306
114 307
114 308
114 309
114 310
114 311
114 312
184 195
184 302
118 298
118 301
118 302
118 303
118 306
118 307
118 308
118 309
118 310
118 311
118 312
188 199
188 306
188 323
162 170
163 296
163 313
90 164
90 248
164 354
164 359
248 276
248 290
248 306
248 307
248 308
248 309
248 328
170 189
170 315
170 320
170 321
170 322
170 323
170 324
170 325
170 326
170 327
170 328
170 329
170 354
240 276
240 290
240 306
240 307
240 308
240 310
240 320
108 296
245 296
96 144
144 298
144 352
245 276
245 290
245 306
245 307
245 308
245 309
245 325
110 301
113 301
117 301
128 301
140 301
141 301
142 301
143 301
183 301
108 262
262 359
101 255
196 255
102 256
197 256
205 256
256 324
104 258
104 352
199 258
205 258
105 259
110 136
110 298
110 302
110 303
110 306
110 307
110 308
110 310
110 312
136 309
113 298
117 298
125 298
140 298
141 298
142 298
155 298
180 298
247 298
113 302
117 302
140 302
141 302
142 302
143 302
113 303
117 303
130 303
140 303
141 303
142 303
143 303
113 306
117 306
140 306
141 306
142 306
143 306
242 306
246 306
247 306
254 306
113 307
117 307
140 307
141 307
142 307
143 307
189 307
209 307
242 307
246 307
247 307
254 307
113 308
117 308
135 308
140 308
141 308
142 308
143 308
190 308
210 308
242 308
246 308
247 308
254 308
113 310
117 310
137 310
140 310
141 310
142 310
143 310
192 310
113 312
117 312
139 312
140 312
141 312
142 312
143 312
194 312
209 312
217 312
218 312
113 309
117 309
140 309
141 309
142 309
143 309
191 309
211 309
242 309
246 309
247 309
254 309
113 311
117 311
138 311
140 311
141 311
142 311
143 311
193 311
216 311
217 311
140 172
172 189
172 315
172 320
172 321
172 322
172 323
172 324
172 325
172 326
172 327
172 328
172 329
172 354
117 266
117 290
266 355
189 290
214 290
242 290
246 290
247 290
254 290
254 276
125 313
207 313
210 313
216 313
217 313
218 313
126 314
209 314
211 314
218 314
127 315
173 315
180 315
195 315
196 315
197 315
199 315
242 276
246 276
247 276
139 320
173 320
195 320
196 320
197 320
198 320
141 173
173 189
173 321
173 322
173 323
173 324
173 325
173 326
173 327
173 328
173 329
173 354
180 215
182 217
181 216
199 353
213 353
210 354
219 354
155 183
155 242
242 322
211 359
195 321
196 321
197 321
198 321
215 321
187 322
195 322
196 322
197 322
198 322
195 323
196 323
197 323
198 323
207 323
215 323
189 324
195 324
196 324
197 324
198 324
190 325
195 325
196 325
197 325
198 325
192 327
195 327
196 327
197 327
198 327
205 327
247 327
194 329
195 329
196 329
197 329
198 329
219 329
213 316
214 316
191 326
195 326
196 326
197 326
198 326
246 326
193 328
195 328
196 328
197 328
198 328
216 328
189 205
190 205
216 355
191 217
195 210
187 198
211 355
219 355
