1 2
1 3
1 999
1 1000
2 3
2 4
2 1000
3 4
3 5
3 332
997 999
998 999
999 1000
998 1000
4 5
4 6
5 6
5 7
330 332
331 332
332 333
6 7
6 96
7 8
7 9
94 96
95 96
96 97
96 98
8 9
8 10
9 10
9 11
10 11
10 12
10 843
11 12
11 13
12 13
12 14
841 843
842 843
843 844
13 14
13 148
14 15
14 16
146 148
147 148
148 149
148 150
15 16
15 17
16 17
16 18
17 18
17 19
17 539
18 19
18 20
18 727
18 929
19 20
19 21
19 405
537 539
538 539
539 540
20 21
20 22
726 727
727 728
927 929
928 929
929 930
21 23
21 239
403 405
404 405
405 406
22 23
22 24
23 24
23 25
237 239
239 240
239 241
239 941
24 25
24 26
24 838
25 26
25 27
26 27
26 28
836 838
837 838
838 840
27 28
27 29
28 29
28 30
28 162
29 30
29 31
30 31
30 32
160 162
161 162
162 163
31 32
31 33
32 33
32 34
33 34
33 35
34 35
34 36
35 37
35 589
36 37
36 38
37 38
37 605
276 589
587 589
588 589
589 618
38 39
38 40
38 135
603 605
604 605
605 606
605 607
39 41
39 234
40 41
40 57
133 135
135 994
41 43
41 623
232 234
234 235
234 236
56 57
57 58
57 59
42 43
43 44
43 45
621 623
623 624
623 625
42 44
44 45
44 46
45 292
45 832
46 47
46 48
290 292
291 292
292 293
292 294
830 832
832 833
832 834
832 916
47 49
47 868
48 49
48 50
48 147
48 594
49 50
49 51
866 868
867 868
868 869
868 870
50 51
50 52
145 147
146 147
147 921
593 594
594 596
51 52
51 53
51 578
52 317
52 785
53 54
53 55
53 743
576 578
577 578
578 579
315 317
316 317
317 318
317 319
783 785
784 785
785 786
785 787
54 55
54 56
55 56
55 947
741 743
742 743
743 745
56 58
945 947
946 947
947 948
947 949
58 59
58 60
58 243
59 60
59 61
59 328
60 61
60 62
241 243
242 243
243 245
61 62
61 63
326 328
327 328
328 330
62 63
62 64
63 64
63 65
64 65
64 66
65 66
65 67
66 67
66 68
66 388
67 68
67 925
68 69
68 70
386 388
387 388
388 389
769 925
923 925
924 925
925 926
69 70
69 71
70 71
70 72
71 72
71 73
71 419
72 73
72 74
73 74
73 75
417 419
418 419
419 420
74 75
74 76
75 76
75 77
76 77
76 78
77 79
77 252
78 79
78 80
78 811
79 80
79 81
250 252
251 252
252 253
252 254
80 81
80 82
809 811
810 811
811 812
81 82
81 83
81 357
82 83
82 84
83 84
83 116
355 357
356 357
357 358
84 85
84 278
114 116
115 116
116 117
116 118
85 87
85 356
276 278
277 278
278 279
278 280
86 87
87 88
87 89
354 356
356 358
86 88
88 89
88 90
88 720
89 90
89 91
90 92
90 700
90 780
718 720
719 720
720 722
91 92
91 93
92 93
92 94
698 700
699 700
700 701
665 780
778 780
779 780
780 781
780 782
93 94
93 95
94 95
95 97
97 98
97 99
97 853
98 99
98 100
99 100
99 101
99 895
851 853
852 853
853 855
100 101
100 102
100 495
101 103
101 552
893 895
894 895
895 897
102 104
102 378
494 495
495 497
103 104
103 105
103 575
522 552
550 552
551 552
552 553
104 105
104 106
376 378
377 378
378 379
378 380
378 407
105 106
105 107
105 502
105 664
573 575
574 575
575 577
575 725
106 107
106 108
107 108
107 109
385 502
500 502
501 502
502 504
662 664
663 664
664 666
108 109
108 110
109 110
109 111
110 111
110 112
111 112
111 113
112 113
112 114
113 114
113 115
113 828
114 115
115 117
212 828
826 828
827 828
828 829
828 858
117 118
117 119
118 119
118 120
118 540
119 120
119 857
120 121
120 122
120 753
538 540
540 542
855 857
856 857
857 858
857 859
857 927
121 122
121 123
122 123
122 124
122 498
751 753
752 753
753 755
123 124
123 125
124 125
124 126
497 498
498 500
125 126
125 127
126 127
126 337
127 128
127 129
127 218
335 337
336 337
337 338
337 339
128 129
128 130
129 130
129 131
216 218
217 218
218 220
130 131
130 668
131 132
131 133
666 668
667 668
668 669
668 670
132 133
132 134
132 240
132 465
133 134
134 136
134 906
153 240
238 240
463 465
464 465
465 467
136 137
136 138
904 906
905 906
906 907
906 908
992 994
993 994
994 995
994 996
137 139
137 776
138 139
138 140
139 140
139 141
774 776
775 776
776 777
776 778
140 141
140 142
141 142
141 143
141 338
142 143
142 144
143 144
143 414
143 531
336 338
338 339
144 145
144 255
412 414
414 415
414 902
350 531
529 531
530 531
145 146
253 255
254 255
255 256
255 257
746 921
919 921
920 921
149 151
149 562
149 764
150 151
150 152
151 152
151 153
560 562
561 562
562 563
562 564
763 764
764 765
152 153
152 288
153 154
153 155
286 288
287 288
288 289
288 290
154 155
154 156
155 156
155 157
156 157
156 158
156 922
157 158
157 159
158 159
158 160
920 922
922 924
159 161
159 430
160 161
161 163
428 430
430 431
430 432
163 164
163 165
164 165
164 166
165 166
165 167
166 167
166 168
167 168
167 833
168 170
168 464
831 833
833 834
833 835
169 170
170 171
170 172
462 464
463 464
464 466
169 171
171 172
171 173
172 173
172 174
173 174
173 175
174 175
174 176
175 176
175 177
176 177
176 178
177 178
177 179
178 179
178 180
179 180
179 181
180 181
180 182
181 182
181 183
182 183
182 184
183 184
183 185
184 186
184 349
185 186
185 187
186 187
186 188
347 349
348 349
349 350
349 351
187 188
187 189
188 189
188 190
188 742
189 190
189 191
190 191
190 192
740 742
741 742
191 192
191 193
192 193
192 194
193 194
193 195
194 196
194 525
195 196
195 302
196 198
196 353
196 453
523 525
524 525
525 526
525 527
300 302
301 302
302 303
302 304
197 198
198 199
198 200
351 353
352 353
353 354
353 355
451 453
452 453
453 455
197 199
199 200
199 201
200 201
200 202
201 202
201 203
202 203
202 204
203 204
203 205
203 330
204 205
204 206
205 206
205 207
329 330
206 207
206 208
206 762
207 208
207 209
208 209
208 210
760 762
761 762
762 763
209 210
209 211
210 211
210 212
211 212
211 213
212 214
213 214
213 215
214 215
214 216
215 216
215 217
216 217
217 219
219 220
219 221
220 221
220 222
221 222
221 223
222 223
222 224
223 224
223 225
224 225
224 226
225 227
225 530
226 227
226 228
227 228
227 894
528 530
529 530
530 532
228 229
228 230
476 894
892 894
893 894
229 230
229 231
230 231
230 232
231 232
231 233
232 233
233 235
233 909
235 236
235 237
907 909
908 909
909 910
909 911
236 237
236 238
237 238
238 400
398 400
400 401
400 402
241 242
939 941
941 943
242 244
242 934
244 245
244 246
932 934
933 934
934 936
245 246
245 247
246 247
246 248
246 635
247 248
247 249
247 622
248 249
248 250
248 398
633 635
634 635
635 637
249 250
249 251
620 622
621 622
622 624
250 251
396 398
397 398
251 456
251 705
358 456
454 456
455 456
456 457
703 705
705 706
705 707
253 254
254 256
256 257
256 258
257 258
257 259
258 259
258 260
259 260
259 261
260 261
260 404
261 262
261 604
402 404
403 404
404 406
262 263
262 264
602 604
603 604
604 606
263 264
263 265
264 265
264 266
265 266
265 267
266 267
266 268
267 269
267 911
268 270
268 396
269 270
269 271
910 911
911 912
911 913
270 271
270 272
394 396
395 396
396 397
271 272
271 273
272 273
272 274
273 274
273 275
274 275
274 296
275 276
275 277
275 345
294 296
295 296
296 297
296 298
276 277
277 279
343 345
344 345
345 346
279 280
279 281
280 281
280 282
281 282
281 283
282 283
282 284
283 284
283 285
284 285
284 286
285 286
285 287
286 287
286 493
287 683
491 493
492 493
493 494
681 683
682 683
683 684
683 685
289 290
289 859
290 291
429 859
859 860
859 861
291 293
293 294
293 295
294 295
295 297
297 298
297 299
298 299
298 876
299 300
299 301
874 876
875 876
876 877
876 878
300 301
301 303
303 304
303 305
304 305
304 306
305 306
305 307
306 307
306 308
307 308
307 309
308 309
308 310
309 310
309 441
310 311
310 312
439 441
440 441
441 442
441 443
441 709
311 312
311 313
312 313
312 314
313 314
313 315
314 315
314 361
315 316
359 361
360 361
361 362
361 363
316 318
318 319
318 320
319 320
319 321
320 321
320 322
321 322
321 323
322 323
322 324
323 324
323 325
324 325
324 326
325 327
325 431
325 786
326 327
327 329
429 431
431 432
431 433
784 786
786 788
329 331
331 333
333 334
333 335
334 336
334 861
335 336
335 871
860 861
861 862
861 863
869 871
870 871
871 872
339 340
339 341
340 341
340 342
341 342
341 343
342 343
342 344
343 344
344 346
346 348
346 352
347 348
348 350
350 352
351 352
352 354
350 351
350 413
411 413
412 413
413 415
354 355
355 365
363 365
364 365
365 366
365 367
358 360
359 360
360 362
362 363
362 364
363 364
364 366
366 367
366 368
367 368
367 369
368 369
368 370
369 370
369 864
370 372
370 435
862 864
863 864
864 865
864 866
371 372
372 373
372 374
433 435
434 435
435 436
435 437
371 373
373 374
373 375
373 503
374 375
374 376
374 834
375 376
375 377
501 503
503 504
376 377
834 835
377 379
379 423
379 980
380 381
380 382
406 407
407 408
421 423
422 423
423 424
423 425
978 980
979 980
980 981
980 982
381 382
381 551
381 926
382 383
382 384
549 551
550 551
551 553
924 926
926 928
383 384
383 993
384 385
384 386
991 993
992 993
993 995
385 387
386 387
387 389
387 522
389 390
389 391
520 522
521 522
522 524
390 391
390 392
391 392
391 393
391 714
392 393
392 394
393 395
393 713
712 714
713 714
714 716
394 395
395 397
712 713
713 715
397 399
399 401
399 484
401 402
401 403
482 484
483 484
484 485
484 486
402 403
406 408
406 923
408 409
408 410
409 410
409 411
410 411
410 924
411 412
774 924
415 416
415 417
900 902
901 902
902 903
902 904
416 417
416 418
417 418
418 420
420 421
420 422
421 422
422 424
424 425
424 426
425 426
425 427
426 427
426 428
427 428
427 429
427 841
428 429
839 841
840 841
432 434
432 487
433 434
434 754
485 487
486 487
487 488
487 489
591 754
752 754
754 755
754 756
436 437
436 438
437 438
437 439
438 439
438 440
439 440
440 442
442 443
442 444
443 444
443 445
707 709
708 709
709 711
444 445
444 446
445 446
445 447
446 447
446 448
447 448
447 449
448 449
448 450
449 451
449 494
450 452
450 722
451 452
492 494
494 496
452 454
721 722
722 724
722 793
454 455
455 457
457 458
457 459
458 459
458 460
459 460
459 461
460 461
460 462
460 479
461 462
461 463
462 463
477 479
478 479
479 480
466 467
466 468
467 468
467 469
468 469
468 470
469 470
469 471
470 471
470 472
471 472
471 473
472 473
472 474
473 474
473 475
474 475
474 476
475 476
475 477
476 477
476 478
477 478
478 511
509 511
510 511
511 512
511 513
480 481
480 482
481 482
481 483
482 483
483 485
485 486
486 488
488 489
488 490
489 490
489 491
490 491
490 492
491 492
496 497
496 795
497 499
793 795
794 795
795 796
795 797
499 500
499 501
500 501
501 725
723 725
724 725
504 505
504 506
505 506
505 507
506 508
506 835
507 508
507 509
508 509
508 510
835 836
835 837
509 510
509 766
510 512
765 766
766 768
512 513
512 514
513 514
513 515
514 516
514 960
515 516
515 517
516 517
516 518
958 960
959 960
960 961
960 962
517 518
517 519
518 519
518 520
519 520
519 521
519 649
520 521
521 523
647 649
648 649
649 651
523 524
524 526
526 527
526 528
527 528
527 529
528 529
532 533
532 803
533 534
533 535
801 803
802 803
803 804
803 805
534 535
534 536
535 536
535 537
536 537
536 538
537 538
541 542
542 543
542 544
541 543
543 545
543 696
544 545
544 546
545 546
545 547
694 696
695 696
696 698
696 933
546 547
546 548
547 548
547 549
548 549
548 550
549 550
553 554
553 555
554 555
554 556
555 556
555 557
556 557
556 558
557 558
557 559
558 559
558 560
559 560
559 561
560 561
561 563
563 564
563 565
564 565
564 566
565 566
565 567
566 567
566 568
567 568
567 569
568 569
568 570
569 571
569 976
570 571
570 572
571 572
571 573
974 976
975 976
976 977
976 978
572 573
572 574
573 574
574 576
576 577
576 678
577 579
676 678
677 678
678 680
579 580
579 581
580 581
580 582
581 582
581 583
582 583
582 584
583 584
583 585
584 585
584 586
585 586
585 587
586 587
586 588
587 588
588 590
590 591
590 592
616 618
617 618
618 619
618 620
591 593
592 593
592 642
592 831
592 972
593 595
593 901
640 642
641 642
642 643
642 644
829 831
830 831
852 972
970 972
971 972
972 974
595 596
595 597
899 901
900 901
596 597
596 598
597 598
597 599
598 599
598 600
599 600
599 601
600 601
600 602
601 603
601 718
602 603
716 718
717 718
718 719
606 607
606 608
607 608
607 609
608 609
608 610
609 610
609 611
610 611
610 612
611 612
611 613
612 614
612 951
613 614
613 615
614 615
614 616
949 951
950 951
951 952
951 953
615 616
615 617
616 617
617 619
619 620
619 621
620 621
624 625
624 626
625 626
625 627
626 627
626 628
627 628
627 629
628 629
628 630
629 630
629 631
630 631
630 632
631 632
631 633
632 633
632 634
633 716
634 636
715 716
716 717
636 637
636 638
637 638
637 639
638 639
638 640
639 640
639 641
640 641
641 643
643 644
643 797
644 645
644 646
796 797
797 798
797 799
645 646
645 647
645 851
646 647
646 648
647 648
849 851
850 851
851 957
648 650
650 651
650 652
651 652
651 653
652 653
652 654
653 654
653 655
654 655
654 656
655 656
655 657
656 657
656 658
657 658
657 659
658 659
658 660
659 660
659 661
660 661
660 662
661 662
661 663
662 663
662 747
663 665
745 747
746 747
747 749
665 961
666 973
903 961
959 961
961 962
961 963
971 973
973 974
973 975
667 669
667 965
669 670
669 671
963 965
964 965
965 966
670 672
670 699
670 783
671 672
671 673
672 673
672 674
697 699
698 699
781 783
782 783
783 784
673 674
673 675
674 675
674 676
675 676
675 677
676 677
677 679
679 680
679 681
680 681
680 682
681 682
682 684
684 685
684 686
685 686
685 687
686 688
686 928
687 688
687 689
688 689
688 690
928 930
689 690
689 691
690 691
690 692
691 692
691 693
692 693
692 694
693 694
693 695
694 695
695 697
697 698
931 933
932 933
933 935
701 703
701 830
702 703
703 704
829 830
702 704
704 723
704 873
721 723
723 724
872 873
873 874
873 875
706 707
706 708
707 708
708 710
710 711
710 712
711 712
711 746
744 746
745 746
746 748
746 940
715 717
717 719
719 721
724 726
791 793
792 793
793 794
726 728
728 729
728 730
729 730
729 731
730 731
730 732
730 863
731 732
731 733
732 733
732 734
862 863
733 734
733 735
734 735
734 736
735 736
735 737
736 738
736 852
737 738
737 739
738 739
738 740
850 852
739 740
739 741
740 940
773 940
823 940
938 940
939 940
744 745
748 749
748 750
749 750
749 751
750 751
750 752
751 752
755 756
755 757
756 757
756 758
757 758
757 759
758 759
758 760
759 760
759 761
760 761
761 763
763 765
765 767
767 768
767 769
768 769
768 770
769 770
769 771
770 771
770 772
771 772
771 773
772 773
772 774
773 775
775 777
777 778
777 779
778 779
779 781
781 782
782 784
787 788
787 789
788 789
788 790
789 790
789 791
790 791
790 792
791 792
792 794
794 796
796 798
798 799
798 800
799 800
799 801
800 801
800 802
801 802
802 804
804 805
804 806
805 806
805 807
806 807
806 808
807 808
807 809
808 809
808 810
808 948
809 810
810 812
946 948
948 949
812 813
812 814
813 814
813 815
814 815
814 816
815 816
815 817
816 817
816 897
817 818
817 819
896 897
897 898
897 899
818 819
818 820
819 820
819 821
820 821
820 822
821 822
821 823
822 823
822 824
823 824
823 825
824 825
824 826
825 826
825 827
826 827
827 829
856 858
858 860
914 916
915 916
916 917
836 837
837 839
839 840
840 842
842 844
844 845
844 846
845 846
845 847
846 847
846 848
847 848
847 849
848 849
848 850
849 850
955 957
956 957
957 959
854 855
855 856
854 856
860 862
865 866
865 867
866 867
867 869
869 870
870 872
870 984
872 874
982 984
983 984
984 985
874 875
875 877
877 878
877 879
878 879
878 880
879 880
879 881
880 881
880 882
881 882
881 883
882 883
882 884
883 884
883 885
884 885
884 886
885 886
885 887
886 887
886 888
887 888
887 889
888 889
888 890
889 890
889 891
890 891
890 892
891 892
891 893
892 893
896 898
898 899
898 900
899 900
903 905
904 905
905 907
907 908
908 910
910 912
912 913
912 914
913 914
913 915
914 915
915 917
917 918
917 919
918 919
918 920
919 920
930 931
930 932
931 932
935 936
935 937
936 937
936 938
937 938
937 939
938 939
942 943
943 944
943 945
942 944
944 945
944 946
945 946
949 950
950 952
952 953
952 954
953 954
953 955
954 955
954 956
955 956
956 958
958 959
962 963
962 964
963 964
964 966
966 967
966 968
967 968
967 969
968 969
968 970
969 970
969 971
970 971
974 975
975 977
977 978
977 979
978 979
979 981
981 982
981 983
982 983
983 985
985 986
985 987
986 987
986 988
987 988
987 989
988 989
988 990
989 990
989 991
990 991
990 992
991 992
995 996
995 997
996 997
996 998
997 998
