1 2
1 3
1 933
1 1000
2 3
2 4
2 616
2 1000
3 4
3 5
932 933
933 935
998 1000
999 1000
4 5
4 6
261 616
614 616
615 616
616 618
5 6
5 7
5 130
5 433
6 7
6 8
6 399
7 8
7 9
7 516
129 130
130 132
431 433
432 433
433 435
8 9
8 10
335 399
397 399
399 400
9 10
9 11
514 516
516 517
10 12
10 622
11 12
11 299
12 13
12 14
620 622
621 622
622 623
622 624
297 299
298 299
299 300
299 301
13 14
13 15
14 15
14 16
14 160
14 698
15 16
15 17
16 17
16 18
158 160
160 162
696 698
697 698
698 700
17 18
17 19
18 19
18 20
19 20
19 21
19 208
20 21
20 22
21 22
21 762
206 208
207 208
208 209
22 23
22 24
22 942
236 762
762 763
762 764
23 24
23 857
24 25
24 26
940 942
941 942
942 944
855 857
857 859
857 964
25 27
25 288
26 27
26 120
26 676
27 29
27 747
287 288
288 289
288 537
288 628
118 120
119 120
120 121
120 427
416 676
674 676
675 676
676 678
28 29
29 30
29 31
492 747
745 747
746 747
747 749
28 30
30 31
30 32
30 748
31 32
31 579
32 34
32 103
281 748
401 748
746 748
748 749
748 811
577 579
578 579
579 580
579 581
33 34
34 35
34 36
101 103
102 103
103 104
103 105
33 35
33 515
35 36
35 37
35 925
513 515
514 515
515 517
36 38
36 237
37 38
37 39
37 172
37 442
393 925
923 925
924 925
38 39
38 40
235 237
237 239
237 864
39 40
39 924
170 172
171 172
172 413
440 442
441 442
442 443
40 41
40 758
469 924
923 924
924 926
41 62
41 837
756 758
757 758
758 759
758 760
60 62
62 660
62 757
835 837
836 837
837 838
837 839
42 43
42 44
43 44
43 266
43 416
43 773
43 979
44 45
44 46
264 266
265 266
266 267
266 268
266 385
414 416
415 416
416 418
771 773
772 773
773 774
978 979
979 980
45 46
45 566
46 47
46 303
564 566
565 566
566 568
566 670
47 722
47 830
301 303
303 305
303 882
303 994
409 722
720 722
721 722
722 723
722 724
722 750
806 830
828 830
829 830
830 831
830 832
48 49
48 50
49 50
49 51
50 51
50 52
51 52
51 53
52 53
52 54
52 473
53 54
53 55
54 55
54 444
471 473
472 473
473 474
55 56
55 57
444 445
444 446
56 57
56 58
56 481
56 948
57 58
57 59
58 60
58 356
58 452
479 481
480 481
481 483
946 948
948 950
59 60
59 61
60 61
354 356
356 357
356 358
450 452
451 452
452 506
61 235
61 380
233 235
235 236
378 380
380 381
380 382
658 660
659 660
660 661
660 836
408 757
417 757
755 757
756 757
757 759
63 64
63 65
63 308
64 65
64 66
64 220
65 66
65 489
65 647
306 308
307 308
308 309
66 68
66 565
218 220
219 220
220 221
487 489
489 490
489 491
645 647
646 647
647 648
67 68
68 69
68 70
563 565
564 565
565 567
67 69
67 653
67 798
69 70
69 71
651 653
652 653
653 655
796 798
798 800
70 71
70 72
71 73
71 508
72 73
72 74
73 74
73 75
506 508
507 508
508 509
508 510
74 75
74 76
75 76
75 77
76 77
76 78
77 78
77 79
78 80
78 934
78 957
79 80
79 81
79 573
80 81
80 82
191 934
934 936
894 957
955 957
956 957
957 958
957 959
81 82
81 269
81 312
81 922
571 573
572 573
573 574
82 83
82 413
267 269
269 271
269 932
310 312
312 313
312 314
470 922
920 922
921 922
922 976
83 84
83 85
213 413
411 413
412 413
413 414
84 85
84 86
85 86
85 87
85 488
86 87
86 88
87 88
87 89
379 488
486 488
487 488
488 490
88 89
88 90
89 90
89 528
90 91
90 262
90 939
246 528
526 528
527 528
528 530
91 92
91 93
164 262
260 262
261 262
262 264
262 751
262 865
357 939
937 939
938 939
92 94
92 859
93 95
93 571
94 95
94 96
858 859
859 860
859 861
95 96
95 97
569 571
571 572
96 97
96 465
96 749
97 98
97 99
463 465
464 465
465 466
465 467
749 751
98 99
98 100
99 101
99 350
100 213
100 754
101 102
101 560
348 350
349 350
350 352
350 670
350 902
135 213
211 213
212 213
213 214
213 215
213 635
753 754
754 755
754 756
102 104
558 560
559 560
560 562
104 106
104 575
105 106
105 107
106 108
106 845
574 575
575 576
575 577
107 108
107 703
108 109
108 286
108 650
727 845
843 845
844 845
845 846
845 847
845 977
701 703
702 703
703 704
703 705
109 110
109 111
109 707
217 286
284 286
286 973
648 650
649 650
650 651
110 111
110 967
111 112
111 113
705 707
706 707
707 709
965 967
966 967
967 968
967 969
112 113
112 114
113 114
113 115
114 116
114 796
115 116
115 117
115 250
116 117
116 118
794 796
795 796
796 797
796 824
117 302
117 420
248 250
249 250
250 252
250 695
118 353
281 302
300 302
301 302
302 304
418 420
420 421
420 422
420 947
351 353
352 353
353 354
353 355
119 121
119 251
121 122
121 123
249 251
251 252
426 427
427 428
427 815
122 123
122 124
123 124
123 476
123 785
124 125
124 126
456 476
475 476
476 477
476 478
494 785
783 785
784 785
785 787
125 126
125 127
125 848
126 128
126 511
126 537
127 128
127 861
846 848
847 848
848 849
128 129
128 183
128 317
509 511
510 511
511 513
535 537
536 537
537 538
537 539
860 861
861 862
861 863
129 131
181 183
182 183
183 184
185 317
315 317
316 317
317 319
317 641
131 133
131 329
131 808
131 982
132 133
132 134
133 134
133 135
327 329
328 329
329 344
807 808
808 809
360 982
980 982
981 982
982 984
134 136
134 386
134 428
134 860
135 137
135 313
136 137
136 138
384 386
385 386
386 388
426 428
428 430
813 860
858 860
137 138
137 139
311 313
313 960
138 139
138 140
138 752
139 140
139 141
139 322
140 141
140 142
686 752
751 752
752 753
141 143
141 382
190 322
320 322
321 322
322 324
142 143
142 144
143 144
143 145
368 382
381 382
382 383
382 384
144 145
144 146
145 146
145 147
146 147
146 148
147 148
147 149
148 149
148 150
149 150
149 151
149 270
150 151
150 152
151 152
151 284
151 836
268 270
270 272
152 153
152 154
282 284
283 284
834 836
836 838
153 154
153 155
153 765
154 155
154 156
155 156
155 157
763 765
764 765
765 766
156 157
156 158
157 158
157 159
158 159
159 161
159 192
161 163
161 840
192 193
192 194
162 164
162 417
163 856
163 996
304 840
838 840
840 841
840 842
164 165
415 417
417 419
411 856
548 856
854 856
855 856
856 899
994 996
995 996
996 997
996 998
165 166
165 167
166 167
166 168
167 168
167 169
168 170
168 222
169 170
169 171
170 171
221 222
222 223
222 254
222 670
171 441
439 441
440 441
441 443
173 174
173 175
174 175
174 176
174 396
175 176
175 177
175 570
176 177
176 178
394 396
395 396
396 397
177 178
177 179
305 570
568 570
569 570
178 234
178 475
178 997
179 180
179 181
232 234
233 234
234 236
234 602
474 475
655 997
995 997
997 998
180 181
180 182
180 733
181 182
182 184
731 733
733 734
184 185
184 186
185 186
185 187
186 187
186 188
187 188
187 189
188 189
188 190
188 311
189 190
189 191
190 191
191 193
193 194
193 561
194 195
194 196
559 561
561 562
561 563
561 916
195 196
195 197
195 331
196 197
196 198
197 198
197 199
330 331
331 332
331 499
331 710
198 496
198 725
199 200
199 201
495 496
496 497
496 498
723 725
724 725
725 726
725 727
200 202
200 889
201 202
201 203
201 612
202 203
202 204
202 228
522 889
739 889
889 890
889 891
203 204
203 205
610 612
611 612
612 613
204 205
204 206
226 228
227 228
228 230
205 207
205 777
206 526
206 548
207 209
207 285
527 777
775 777
776 777
777 778
777 779
524 526
526 527
546 548
547 548
209 210
209 211
283 285
285 309
285 744
210 211
210 212
211 212
212 214
212 876
214 215
214 216
214 241
874 876
875 876
876 877
215 217
215 945
279 635
633 635
635 637
216 217
216 218
216 525
216 745
239 241
241 242
217 218
217 219
217 615
943 945
944 945
945 946
945 947
218 219
218 310
523 525
524 525
525 527
743 745
744 745
219 221
613 615
614 615
615 888
309 310
221 534
532 534
533 534
534 535
534 536
223 224
223 225
252 254
253 254
254 255
254 256
668 670
669 670
670 672
224 225
224 226
225 226
225 227
226 227
227 229
229 673
229 959
230 421
230 692
230 847
672 673
673 674
673 675
958 959
959 960
959 961
393 421
419 421
421 422
690 692
691 692
692 694
692 697
846 847
231 232
231 233
232 233
236 513
600 602
601 602
602 603
602 604
512 513
513 514
238 239
239 391
862 864
863 864
864 865
864 866
238 240
238 700
238 835
240 242
240 994
699 700
700 701
826 835
834 835
389 391
390 391
391 392
391 393
242 243
242 244
992 994
993 994
994 995
243 244
243 245
243 761
244 245
244 246
244 276
245 246
245 247
245 981
376 761
759 761
760 761
246 247
246 248
275 276
276 277
276 363
247 248
247 249
247 799
980 981
248 249
799 800
252 253
627 695
694 695
253 682
680 682
681 682
682 683
682 684
255 256
255 257
256 257
256 258
257 258
257 259
258 259
258 260
259 260
259 261
260 986
984 986
985 986
986 987
986 988
263 264
264 265
264 815
750 751
601 865
863 865
865 866
865 988
263 265
265 267
814 815
267 268
268 729
268 954
383 385
384 385
729 730
729 731
729 974
952 954
954 956
271 805
271 882
271 989
930 932
272 273
272 274
803 805
804 805
805 806
805 807
880 882
881 882
882 883
988 989
989 991
273 274
273 842
274 275
274 891
841 842
842 843
842 844
275 277
890 891
891 892
891 893
277 278
277 279
361 363
362 363
363 640
363 711
278 279
278 280
279 281
280 281
280 282
281 282
282 283
307 309
309 656
742 744
743 744
744 746
971 973
972 973
973 974
973 975
287 289
289 290
289 291
324 628
626 628
627 628
290 291
290 362
290 365
291 292
291 293
360 362
362 721
364 365
365 367
292 293
292 294
293 294
293 295
294 295
294 296
294 485
295 296
295 297
296 297
296 298
296 366
483 485
484 485
485 487
485 887
297 298
298 300
364 366
366 367
300 301
304 305
305 306
305 307
306 802
800 802
801 802
802 803
802 804
462 656
654 656
655 656
656 658
314 315
314 316
760 960
958 960
960 961
960 962
315 316
316 964
962 964
963 964
964 965
964 966
318 319
319 320
319 321
319 392
639 641
640 641
641 643
318 320
318 617
320 321
617 619
321 323
390 392
392 393
323 324
323 325
324 326
324 338
325 326
325 493
326 327
326 328
336 338
337 338
338 339
338 340
491 493
492 493
493 494
493 495
327 328
328 330
330 332
330 563
330 896
342 344
343 344
344 345
344 346
332 333
332 334
562 563
895 896
896 897
497 499
498 499
499 501
708 710
709 710
710 711
333 334
333 335
334 335
334 336
335 818
335 929
336 443
336 862
412 818
816 818
817 818
927 929
928 929
929 930
929 931
361 443
443 445
862 863
337 339
337 953
339 340
339 341
952 953
953 955
340 341
340 342
341 342
341 343
341 359
342 343
343 345
357 359
359 361
345 346
345 347
346 347
346 348
346 791
347 348
347 349
348 487
789 791
790 791
791 793
349 351
355 487
486 487
351 352
352 354
572 902
900 902
901 902
354 355
355 357
355 458
357 358
457 458
458 460
358 360
358 646
360 684
360 728
644 646
645 646
646 648
683 684
684 685
684 686
684 890
674 728
726 728
727 728
728 730
719 721
720 721
721 723
638 640
639 640
640 642
711 713
367 369
367 697
368 369
369 370
369 371
696 697
697 699
370 371
370 372
371 372
371 373
372 373
372 374
373 374
373 375
374 376
374 562
375 376
375 377
376 377
376 378
562 564
377 379
377 424
377 704
377 949
378 379
378 501
379 381
379 398
422 424
423 424
424 425
702 704
704 706
949 950
949 951
501 502
381 383
397 398
398 400
398 813
383 384
387 388
388 389
388 390
387 618
387 679
618 620
677 679
679 680
679 681
389 390
390 503
502 503
503 504
393 394
393 395
393 671
394 395
395 397
557 671
669 671
671 672
400 401
400 577
812 813
813 814
401 403
576 577
577 578
402 403
403 404
403 405
402 404
404 406
404 701
405 406
405 407
406 407
406 408
406 500
699 701
701 702
407 408
407 409
408 409
498 500
500 965
409 411
410 411
411 412
410 412
412 414
412 540
414 415
538 540
539 540
540 541
418 419
419 956
955 956
956 958
422 423
518 947
946 947
423 425
425 426
425 674
672 674
429 430
430 431
430 432
429 431
431 432
431 893
432 434
892 893
893 895
434 435
434 436
435 436
435 437
436 437
436 438
437 438
437 439
438 439
438 478
439 440
477 478
478 479
478 727
440 931
472 931
930 931
445 446
445 447
446 447
446 448
446 977
447 448
447 449
448 449
448 450
975 977
449 450
449 838
450 451
470 838
838 839
451 453
451 541
453 454
453 455
539 541
541 542
504 506
505 506
506 507
454 455
454 456
455 456
455 457
456 457
457 459
459 460
459 461
460 461
460 462
461 462
461 463
462 463
463 464
463 474
464 466
472 474
466 467
466 739
467 468
467 627
737 739
738 739
739 740
468 469
468 470
625 627
626 627
627 629
469 471
470 472
471 995
797 995
993 995
477 479
479 480
726 727
480 482
482 483
482 484
483 484
484 486
885 887
886 887
887 888
490 491
490 492
491 492
492 494
494 495
495 497
497 498
664 965
963 965
502 504
504 505
505 507
507 509
509 510
510 512
512 514
517 518
517 519
518 519
518 520
519 520
519 521
520 521
520 522
521 522
521 523
522 524
523 524
529 530
530 531
530 532
529 767
766 767
767 768
767 769
531 532
531 533
531 732
532 533
533 535
730 732
731 732
732 734
535 536
535 693
536 538
691 693
693 694
538 539
542 543
542 576
543 544
543 766
574 576
576 578
544 545
544 546
764 766
766 768
545 546
545 734
546 547
734 735
734 736
547 549
549 550
549 551
550 551
550 552
551 552
551 553
552 553
552 554
553 554
553 927
554 555
554 652
926 927
927 928
555 556
555 557
555 951
651 652
652 654
556 557
556 558
557 559
557 843
950 951
951 952
558 559
841 843
914 916
916 976
567 568
567 569
568 569
572 574
578 580
580 581
580 582
581 582
581 583
582 583
582 584
583 584
583 585
584 585
584 586
585 586
585 587
586 587
586 588
587 588
587 589
588 589
588 590
589 590
589 591
590 591
590 592
591 592
591 593
591 741
592 594
592 795
593 594
593 595
741 742
594 595
594 596
794 795
795 797
595 596
595 597
596 597
596 598
597 598
597 599
598 599
598 600
599 600
599 601
600 601
603 604
603 605
604 605
604 606
605 606
605 607
605 634
605 797
606 607
606 608
607 608
607 609
632 634
633 634
634 636
634 999
608 609
608 610
609 610
609 611
610 611
611 974
678 974
972 974
974 975
613 614
886 888
888 890
619 620
619 621
620 621
621 623
623 624
623 753
624 625
624 626
753 755
625 626
629 630
629 631
630 631
630 632
631 632
631 633
632 633
636 637
636 638
998 999
637 638
637 639
638 639
642 643
642 644
643 644
643 645
644 645
648 649
649 651
649 880
878 880
879 880
654 655
655 657
657 658
657 659
658 659
659 661
661 662
661 663
662 663
662 664
663 664
663 665
664 665
664 666
665 666
665 667
666 667
666 668
667 668
667 669
668 669
675 677
677 678
678 680
680 681
681 683
683 685
683 713
685 686
685 687
712 713
713 714
686 688
687 688
687 689
688 689
688 690
689 690
689 691
690 691
694 696
699 849
849 851
705 706
706 708
708 709
709 789
787 789
788 789
789 790
712 714
714 715
714 716
715 716
715 717
716 717
716 718
717 718
717 719
718 719
718 720
719 720
723 724
724 726
730 731
735 736
735 737
736 737
736 873
737 738
871 873
872 873
873 874
873 875
738 740
740 742
740 787
742 743
786 787
787 788
787 833
809 811
810 811
811 812
755 756
755 816
814 816
759 760
763 764
768 769
768 770
769 770
769 771
770 771
770 772
771 772
772 774
774 775
774 776
775 776
776 778
778 779
778 780
779 780
779 781
780 781
780 782
781 783
781 928
782 783
782 784
783 784
926 928
928 930
784 786
784 867
786 788
866 867
867 868
788 790
831 833
832 833
833 834
790 792
792 793
792 794
793 794
793 846
794 915
844 846
913 915
914 915
915 917
822 824
823 824
824 825
800 801
801 803
803 804
804 806
806 807
807 809
809 810
810 812
812 814
817 819
819 820
819 821
820 821
820 822
821 822
821 823
822 823
823 825
825 826
825 827
826 828
827 828
827 829
828 829
829 831
831 832
832 834
834 920
918 920
919 920
839 841
839 897
839 921
895 897
897 899
919 921
921 926
850 851
851 852
851 853
850 852
852 853
852 854
853 854
853 855
854 855
898 899
899 900
899 901
866 868
987 988
988 990
868 869
868 870
869 871
869 980
870 871
870 872
871 872
978 980
872 910
908 910
909 910
910 911
910 912
874 875
875 877
877 878
877 879
878 879
879 881
879 911
881 883
909 911
911 913
883 884
883 885
884 885
884 886
885 886
892 894
894 895
898 900
900 901
901 903
903 905
903 978
904 905
905 906
905 907
976 978
904 906
906 907
906 908
907 908
907 909
908 909
912 913
912 914
913 914
917 918
917 919
975 976
918 919
935 936
935 937
936 937
936 938
937 938
938 940
940 941
941 943
943 944
943 987
944 946
985 987
950 952
961 962
961 963
962 963
966 968
968 969
968 970
969 970
969 971
970 971
970 972
971 972
983 984
984 985
983 985
990 991
990 992
991 992
991 993
992 993
