1 2
1 4
1 88
1 98
1 99
1 100
2 3
2 4
2 5
2 23
2 35
2 70
2 100
3 4
4 5
4 6
4 7
28 88
46 88
79 88
85 88
86 88
87 88
88 90
95 98
96 98
98 99
98 100
84 99
96 99
97 99
99 100
3 100
37 100
3 5
3 6
5 6
5 7
5 59
20 23
21 23
22 23
23 25
23 81
9 35
32 35
34 35
35 36
35 38
67 70
68 70
69 70
70 72
70 73
6 8
6 9
6 22
6 69
7 8
7 10
7 11
7 22
56 59
58 59
59 60
59 61
59 62
8 9
8 10
8 28
8 51
8 54
9 10
9 11
19 22
20 22
21 22
22 24
22 25
66 69
67 69
68 69
69 72
69 97
10 11
10 12
10 13
11 12
11 25
15 28
26 28
28 29
28 31
28 60
48 51
50 51
51 53
51 54
51 60
51 92
18 54
52 54
54 55
12 14
12 24
12 26
12 85
13 14
13 15
13 16
13 65
16 25
24 25
25 26
25 27
14 15
14 16
14 17
14 83
21 24
24 53
24 84
24 85
26 27
26 55
81 85
82 85
83 85
85 87
15 16
15 18
15 87
16 17
16 18
16 19
16 74
16 78
17 65
33 65
63 65
64 65
65 67
17 18
17 19
17 42
82 83
83 92
18 19
18 21
18 77
84 87
86 87
87 90
19 20
19 45
41 74
71 74
72 74
73 74
74 75
74 77
47 78
76 78
77 78
78 81
32 42
39 42
41 42
42 45
42 52
42 90
20 21
21 71
75 77
76 77
77 79
77 80
44 45
45 46
45 47
45 48
68 71
71 73
80 81
81 82
81 84
27 53
49 53
52 53
49 84
62 84
82 84
84 86
27 29
27 39
27 40
27 55
27 58
27 89
30 55
43 55
52 55
55 57
55 92
55 93
29 30
29 31
29 32
29 40
36 39
37 39
38 39
39 41
38 40
40 41
49 58
56 58
58 60
58 61
32 89
46 89
66 89
86 89
89 90
30 31
31 32
31 63
31 75
31 91
57 60
60 61
60 62
30 32
30 33
32 33
33 34
33 36
57 63
61 63
62 63
63 64
63 66
72 75
73 75
75 76
91 92
91 93
91 94
34 36
34 37
34 50
36 37
36 38
37 82
47 50
48 50
49 50
50 52
50 57
38 66
38 96
79 82
80 82
64 66
66 67
93 96
94 96
95 96
96 97
41 57
56 57
49 52
52 95
80 90
90 92
90 93
90 97
43 44
43 46
44 46
44 47
46 47
46 48
47 48
47 49
48 49
79 92
92 93
93 95
94 95
93 94
61 62
61 64
62 64
64 67
67 68
72 73
94 97
73 76
76 79
