1 2
1 3
1 999
1 1000
2 3
2 4
2 1000
3 5
3 840
818 999
998 999
999 1000
998 1000
4 5
4 6
4 13
5 6
5 7
305 840
838 840
839 840
840 841
840 842
6 7
6 808
11 13
12 13
13 14
7 8
7 9
806 808
807 808
808 809
808 810
8 9
8 10
9 10
9 11
10 11
10 12
11 12
12 545
544 545
545 546
545 547
14 15
14 16
15 16
15 17
15 188
16 18
16 97
17 18
17 19
186 188
187 188
188 190
18 19
18 20
18 686
97 98
97 99
19 20
19 21
20 21
20 22
684 686
685 686
686 688
21 22
21 23
22 23
22 24
23 24
23 25
24 25
24 335
25 26
25 27
333 335
334 335
335 336
335 337
26 27
26 28
27 28
27 29
28 29
28 30
29 30
29 31
30 31
30 32
31 32
31 33
32 33
32 34
33 34
33 35
33 283
34 35
34 36
35 36
35 37
282 283
283 284
36 37
36 38
37 38
37 39
37 912
38 39
38 40
39 40
39 41
910 912
911 912
912 913
40 41
40 42
40 311
41 42
41 43
41 95
42 43
42 44
309 311
310 311
311 313
43 44
43 45
93 95
94 95
95 96
44 45
44 46
45 46
45 47
46 47
46 48
47 48
47 49
47 694
47 708
48 49
48 50
48 907
49 50
49 51
693 694
694 696
706 708
707 708
708 709
50 51
50 52
905 907
907 909
51 52
51 53
52 53
52 54
53 54
53 55
53 535
54 55
54 56
55 56
55 57
534 535
535 537
56 57
56 58
57 58
57 59
58 59
58 60
58 424
58 473
59 60
59 61
60 61
60 62
422 424
423 424
424 425
471 473
473 475
61 62
61 63
62 63
62 64
63 64
63 65
64 65
64 649
64 816
65 66
65 67
349 649
647 649
648 649
649 651
595 816
814 816
815 816
66 67
66 68
66 691
67 68
67 69
68 69
68 230
689 691
690 691
691 692
69 70
69 71
228 230
229 230
230 231
230 232
70 72
70 914
71 72
71 73
72 73
72 74
898 914
914 915
914 916
73 74
73 75
74 75
74 191
75 76
75 77
189 191
190 191
191 192
191 193
76 77
76 78
76 585
77 79
77 617
78 79
78 80
585 586
79 80
79 81
615 617
616 617
617 618
617 619
80 81
80 82
81 82
81 83
81 326
82 83
82 759
83 84
83 85
324 326
325 326
326 327
265 759
757 759
758 759
759 761
84 85
84 86
85 86
85 87
86 87
86 88
87 88
87 89
88 89
88 90
89 90
89 91
90 91
90 92
91 92
91 93
92 93
92 94
93 94
94 96
96 98
96 533
98 99
98 100
98 623
197 533
531 533
532 533
533 534
99 100
99 101
100 102
100 205
100 215
621 623
622 623
623 625
101 102
101 103
102 103
102 104
203 205
204 205
205 206
205 858
137 215
213 215
215 217
103 104
103 105
104 105
104 106
105 106
105 107
106 107
106 108
107 109
107 235
108 109
108 110
109 110
109 111
233 235
235 236
235 237
110 111
110 880
111 113
111 654
879 880
880 881
880 882
112 113
113 114
113 115
124 654
652 654
653 654
654 655
654 896
112 114
114 115
114 116
115 116
115 117
115 692
116 117
116 118
116 800
117 118
117 119
690 692
692 693
118 119
118 120
798 800
799 800
800 801
119 120
119 121
120 121
120 122
120 166
121 122
121 123
121 755
122 123
122 124
165 166
166 167
123 124
123 125
753 755
754 755
755 756
124 143
125 126
125 127
141 143
143 144
143 145
126 127
126 128
127 128
127 129
128 129
128 130
129 130
129 131
130 131
130 132
131 132
131 133
132 133
132 134
133 134
133 135
134 135
134 136
135 136
135 443
136 137
136 138
441 443
442 443
443 445
443 539
137 138
137 139
138 139
138 140
139 140
139 141
140 141
140 142
141 142
142 144
142 395
144 145
144 146
144 389
301 395
393 395
394 395
395 396
395 397
145 146
145 147
146 148
146 555
388 389
389 391
147 148
147 149
148 149
148 150
553 555
554 555
555 556
555 557
149 150
149 151
150 151
150 857
151 152
151 153
855 857
856 857
857 858
857 859
152 153
152 154
153 154
153 155
154 155
154 156
155 156
155 157
156 157
156 158
157 159
157 971
158 159
158 160
159 160
159 488
385 971
969 971
970 971
971 972
160 161
160 162
486 488
488 489
488 490
161 162
161 163
162 163
162 164
163 164
163 165
164 165
164 781
165 167
635 781
779 781
780 781
781 783
167 168
167 169
168 169
168 170
169 170
169 171
170 171
170 172
171 172
171 173
172 173
172 174
172 792
173 174
173 175
174 176
174 560
790 792
791 792
792 793
792 917
175 176
175 177
176 177
176 516
202 560
558 560
559 560
560 561
177 178
177 179
177 332
514 516
515 516
516 517
516 518
178 179
178 180
178 363
179 180
179 181
330 332
331 332
332 334
180 181
180 182
361 363
362 363
363 364
181 182
181 183
182 183
182 184
183 184
183 185
184 185
184 186
185 186
185 187
186 187
187 189
189 190
189 231
190 192
229 231
231 232
192 193
192 194
193 194
193 195
194 195
194 196
194 469
195 196
195 197
196 197
196 198
467 469
468 469
469 471
197 198
197 199
198 199
198 200
199 200
199 201
200 201
200 202
201 202
201 327
201 530
202 203
202 204
325 327
327 328
327 329
528 530
529 530
530 532
203 204
204 234
204 896
232 234
233 234
234 236
894 896
895 896
896 897
896 898
206 207
206 208
206 502
856 858
858 859
858 913
207 208
207 209
208 209
208 210
500 502
501 502
502 504
209 210
209 211
210 211
210 212
211 212
211 213
212 213
212 214
213 645
214 216
214 718
643 645
644 645
645 647
645 991
216 217
216 218
216 607
716 718
717 718
718 719
718 720
217 219
217 665
218 220
218 462
218 991
605 607
606 607
607 609
219 220
219 221
663 665
664 665
665 666
665 667
220 221
220 222
220 960
303 462
460 462
461 462
462 464
462 526
989 991
990 991
991 993
221 222
221 223
222 224
222 825
958 960
959 960
960 961
223 224
223 225
224 226
224 303
823 825
824 825
825 826
825 827
225 226
225 227
226 227
226 677
301 303
302 303
303 304
303 305
303 791
227 228
227 420
675 677
676 677
677 678
677 679
228 229
418 420
419 420
420 421
420 809
232 233
236 237
236 238
237 238
237 239
238 239
238 240
239 240
239 241
240 241
240 242
240 666
241 242
241 909
242 243
242 244
664 666
666 667
908 909
909 910
909 911
243 244
243 245
244 245
244 246
244 481
244 583
245 246
245 247
246 247
246 248
246 279
479 481
480 481
481 482
581 583
583 584
247 248
247 249
248 249
248 751
248 993
277 279
278 279
279 280
249 250
249 251
749 751
750 751
751 753
992 993
993 994
993 995
250 251
250 252
251 252
251 253
252 253
252 254
253 254
253 255
254 255
254 256
255 256
255 257
256 257
256 258
257 258
257 259
258 259
258 260
259 260
259 261
260 261
260 262
261 262
261 263
262 263
262 782
263 264
263 265
780 782
782 783
782 784
264 265
264 266
265 266
265 403
266 267
266 268
266 472
401 403
402 403
403 404
403 405
267 268
267 269
268 269
268 270
470 472
471 472
472 474
269 270
269 271
269 814
270 271
270 272
271 272
271 273
342 814
812 814
813 814
272 273
272 274
273 274
273 275
274 275
274 276
275 276
275 277
276 277
276 278
277 278
278 280
280 281
280 282
281 282
281 669
282 284
667 669
668 669
669 670
669 671
284 285
284 286
285 286
285 287
286 288
286 618
287 288
287 289
288 289
288 290
616 618
618 619
618 620
289 290
289 291
290 291
290 292
291 292
291 293
292 293
292 294
293 294
293 295
294 295
294 296
294 916
295 296
295 519
296 297
296 298
296 435
916 918
517 519
518 519
519 520
519 521
297 298
297 299
297 867
298 299
298 300
433 435
434 435
435 437
299 300
299 301
299 774
865 867
866 867
867 869
300 301
300 302
772 774
773 774
774 776
302 304
304 305
304 306
305 307
789 791
790 791
306 307
306 865
307 308
307 309
307 799
863 865
864 865
865 866
308 309
308 310
309 310
797 799
798 799
310 312
312 313
312 314
313 314
313 315
314 315
314 316
315 316
315 317
316 317
316 318
317 319
317 541
318 319
318 320
319 320
319 321
539 541
540 541
541 542
541 543
320 321
320 322
321 322
321 323
322 323
322 324
323 324
323 325
324 325
325 534
532 534
328 329
328 330
329 330
329 331
330 331
331 333
333 334
334 336
336 337
336 338
337 338
337 339
338 339
338 340
339 340
339 341
340 341
340 342
341 343
341 461
342 393
343 344
343 345
459 461
460 461
461 463
391 393
392 393
393 394
393 918
344 345
344 346
345 346
345 347
346 347
346 348
347 348
347 349
348 349
348 350
349 350
349 351
349 855
350 351
350 352
351 352
351 353
853 855
854 855
352 353
352 354
353 354
353 355
354 355
354 641
355 356
355 357
639 641
640 641
641 642
641 643
356 357
356 358
356 505
357 358
357 359
358 359
358 360
503 505
504 505
505 507
359 360
359 361
360 361
360 362
361 362
362 364
364 365
364 366
365 366
365 367
366 367
366 368
367 368
367 369
368 369
368 370
369 370
369 371
370 371
370 372
371 372
371 373
372 373
372 374
372 500
373 374
373 375
374 375
374 376
374 627
498 500
375 376
375 377
376 377
376 378
376 924
625 627
626 627
627 629
377 378
377 379
377 582
378 379
378 380
802 924
922 924
923 924
924 925
379 380
379 381
580 582
581 582
582 584
380 381
380 382
380 414
381 382
381 383
382 383
382 384
412 414
413 414
414 752
383 384
383 385
384 385
384 386
384 454
385 386
385 387
385 793
386 387
386 388
452 454
453 454
454 456
387 388
387 675
793 795
388 390
673 675
674 675
675 676
390 391
390 392
391 392
391 576
392 568
574 576
575 576
576 577
566 568
567 568
568 569
568 570
394 396
918 919
396 397
396 398
397 398
397 399
398 400
398 590
398 743
399 400
399 401
399 573
400 401
400 402
588 590
589 590
590 591
590 592
741 743
742 743
743 744
401 402
571 573
572 573
573 574
402 404
404 405
404 406
405 406
405 407
406 407
406 408
407 408
407 409
408 409
408 410
409 410
409 411
410 411
410 412
411 412
411 413
412 413
413 415
415 416
415 417
750 752
752 753
752 754
416 417
416 418
417 418
417 419
418 419
419 421
421 422
421 423
807 809
809 810
809 811
422 423
423 425
423 915
425 426
425 427
913 915
915 937
426 427
426 428
427 428
427 429
428 430
428 657
429 430
429 431
430 431
430 432
629 657
655 657
656 657
657 658
657 659
431 432
431 433
432 433
432 434
433 434
434 436
436 437
436 438
437 438
437 439
438 439
438 440
439 440
439 441
439 890
440 441
440 442
441 442
441 688
888 890
889 890
890 891
442 444
687 688
688 690
444 445
444 446
445 446
445 447
537 539
538 539
539 540
446 447
446 448
447 448
447 449
448 449
448 450
449 450
449 451
450 451
450 452
451 452
451 453
452 453
453 455
455 456
455 457
456 457
456 458
457 458
457 459
458 459
458 460
459 460
463 464
463 465
464 465
464 466
464 564
524 526
525 526
526 527
465 466
465 624
466 468
466 788
562 564
563 564
564 565
622 624
624 626
624 636
467 468
468 470
786 788
787 788
788 789
788 790
470 471
474 475
474 476
475 476
475 477
476 477
476 637
477 478
477 479
636 637
637 638
637 639
478 479
478 480
479 480
480 482
482 483
482 484
483 484
483 485
484 485
484 486
484 634
485 486
485 487
486 487
632 634
633 634
634 635
487 489
487 961
489 490
489 491
959 961
961 962
961 963
490 491
490 492
491 492
491 493
492 493
492 494
493 494
493 495
494 496
494 906
495 496
495 497
496 497
496 498
904 906
905 906
906 908
906 929
497 498
497 499
497 650
497 745
498 499
499 501
499 780
648 650
650 652
744 745
745 747
745 900
501 503
778 780
779 780
503 504
504 506
506 507
506 508
506 712
507 508
507 509
508 509
508 510
710 712
711 712
712 714
509 510
509 511
510 512
510 955
511 512
511 513
512 513
512 514
953 955
954 955
955 956
955 957
513 514
513 515
514 515
515 517
517 518
518 520
520 521
520 522
521 522
521 523
522 523
522 524
523 524
523 525
524 525
525 527
527 528
527 529
528 529
529 531
531 532
536 537
537 538
536 538
538 540
540 542
542 543
542 544
543 544
543 584
543 876
544 546
584 586
584 775
874 876
875 876
876 878
546 547
546 548
547 548
547 549
548 549
548 550
549 550
549 551
550 551
550 552
551 552
551 553
552 553
552 554
553 554
554 556
556 557
556 558
557 558
557 559
558 559
559 561
561 562
561 765
562 563
763 765
764 765
765 766
765 767
563 565
565 566
565 567
566 567
567 569
569 570
569 571
569 870
570 571
570 953
571 572
868 870
869 870
870 872
951 953
952 953
953 954
572 574
574 575
575 577
577 578
577 579
578 579
578 580
579 580
579 581
580 581
586 587
586 588
773 775
775 776
775 777
587 588
587 589
588 589
589 884
882 884
883 884
884 885
884 886
591 592
591 593
592 593
592 594
593 594
593 595
594 595
594 596
595 596
595 597
596 597
596 598
597 598
597 599
598 599
598 600
599 600
599 601
600 601
600 602
601 602
601 603
602 603
602 604
603 604
603 605
604 605
604 606
605 606
606 938
936 938
937 938
938 939
938 940
608 609
609 610
609 611
609 925
608 610
610 611
610 612
611 612
611 613
923 925
925 926
612 614
612 771
612 905
613 614
613 615
614 615
614 616
769 771
770 771
771 773
903 905
904 905
615 616
619 620
619 621
620 621
620 622
621 622
625 626
626 628
635 636
636 638
628 629
628 630
629 630
630 631
630 632
631 632
631 633
632 633
633 748
633 860
746 748
747 748
748 749
859 860
860 861
860 862
635 785
783 785
784 785
785 786
785 787
638 639
638 640
639 640
640 642
642 643
642 644
643 644
644 646
646 647
646 648
646 949
647 648
947 949
948 949
949 950
651 652
651 653
652 653
653 655
655 656
655 802
656 658
801 802
658 659
658 660
659 660
659 661
660 661
660 662
661 662
661 663
662 664
662 844
662 987
663 664
842 844
843 844
844 845
844 846
985 987
986 987
987 988
667 668
668 670
670 671
670 672
671 672
671 673
672 673
672 674
673 674
674 676
676 678
678 679
678 680
679 680
679 681
680 681
680 682
681 682
681 683
682 683
682 684
683 684
683 685
684 685
685 687
687 689
689 690
693 695
695 696
695 697
696 697
696 698
697 698
697 699
698 699
698 700
698 794
699 700
699 701
700 701
700 702
794 795
701 702
701 703
702 703
702 704
703 704
703 705
704 705
704 706
705 706
705 707
706 707
707 709
709 710
709 711
710 711
711 713
713 714
713 715
714 716
714 891
715 716
715 717
716 717
889 891
891 892
891 893
717 719
719 720
719 813
720 721
720 722
811 813
812 813
813 815
721 722
721 723
722 723
722 724
723 725
723 776
724 725
724 726
725 726
725 727
776 777
776 778
726 727
726 728
727 728
727 729
728 729
728 730
729 730
729 731
730 731
730 732
731 732
731 733
732 733
732 734
733 734
733 735
734 735
734 736
735 736
735 737
736 737
736 738
737 738
737 739
737 997
738 739
738 740
739 740
739 741
995 997
996 997
997 998
740 741
740 742
741 742
742 744
744 746
746 747
747 749
898 900
899 900
900 901
749 750
753 754
754 756
756 757
756 758
757 758
758 760
760 761
760 762
761 762
761 763
762 763
762 764
763 764
763 843
764 766
841 843
842 843
766 767
766 768
767 768
767 769
768 769
768 770
769 770
770 772
772 773
777 778
777 779
778 779
783 784
784 786
786 787
787 789
789 790
917 919
795 796
795 797
796 797
796 798
797 798
801 803
803 804
803 805
804 805
804 806
805 806
805 807
806 807
810 811
810 812
811 812
815 817
817 818
817 819
818 819
819 820
819 821
820 821
820 822
821 822
821 823
822 823
822 824
823 824
824 826
826 827
826 828
826 944
827 828
827 829
828 829
828 830
942 944
943 944
944 945
829 830
829 831
830 831
830 832
831 832
831 833
832 833
832 834
833 834
833 835
834 835
834 836
834 878
835 836
835 837
836 837
836 838
877 878
878 879
837 838
837 839
838 839
839 841
841 842
845 846
845 847
846 847
846 848
846 963
847 848
847 849
847 950
848 849
848 850
962 963
963 964
849 850
849 851
948 950
950 951
850 851
850 852
851 852
851 853
852 853
852 854
853 854
854 856
859 861
911 913
861 862
861 863
862 863
862 864
863 864
864 866
866 868
868 869
869 871
871 872
871 873
872 873
872 874
873 874
873 875
874 875
875 877
877 879
879 881
881 882
881 883
882 883
883 885
885 886
885 887
886 887
886 888
887 888
887 889
888 889
892 893
892 894
893 894
893 895
894 895
895 897
897 898
897 899
899 901
901 902
901 903
902 903
902 904
903 904
908 910
927 929
928 929
929 930
929 931
910 911
935 937
936 937
937 939
919 920
919 921
920 921
920 922
921 922
921 923
922 923
926 927
926 928
927 928
928 930
930 931
930 932
931 932
931 933
932 933
932 934
933 934
933 935
934 935
934 936
935 936
939 940
939 941
940 941
940 942
941 942
941 943
942 943
943 945
945 946
945 947
946 947
946 948
947 948
951 952
952 954
954 956
956 957
956 958
957 958
957 959
958 959
962 964
964 965
964 966
965 966
965 967
966 967
966 968
967 968
967 969
968 969
968 970
969 970
970 972
972 973
972 974
973 974
973 975
974 975
974 976
975 976
975 977
976 977
976 978
977 978
977 979
978 979
978 980
979 980
979 981
980 981
980 982
981 982
981 983
982 983
982 984
983 984
983 985
984 985
984 986
985 986
986 988
988 989
988 990
989 990
990 992
992 994
994 995
994 996
995 996
996 998
