1 2
1 3
1 99
1 100
2 3
2 4
2 100
3 4
3 5
3 48
30 99
97 99
98 99
4 5
4 6
5 6
5 7
46 48
47 48
48 50
48 73
6 7
6 8
7 9
7 83
8 9
8 10
9 10
9 11
9 26
39 83
81 83
82 83
83 85
10 11
10 12
11 12
11 94
24 26
25 26
26 27
12 13
12 41
12 77
20 94
62 94
92 94
93 94
94 95
13 14
13 15
39 41
40 41
41 50
17 77
27 77
75 77
76 77
77 78
77 79
14 16
14 30
15 16
15 17
15 59
16 17
16 18
28 30
29 30
30 31
30 54
30 73
30 91
17 19
17 67
57 59
59 61
59 98
18 19
18 20
18 53
19 20
19 73
65 67
66 67
67 69
20 21
20 22
51 53
52 53
53 55
40 73
71 73
72 73
21 22
21 23
22 23
22 24
23 24
23 25
24 25
25 27
27 36
34 36
36 37
36 38
36 56
28 29
29 31
31 32
31 33
52 54
54 88
54 96
90 91
91 93
32 33
32 34
33 34
33 35
34 35
35 37
35 75
37 38
37 39
37 58
37 85
74 75
75 76
38 39
38 42
55 56
56 58
39 40
57 58
58 60
84 85
85 86
85 89
40 42
42 43
42 44
49 50
50 51
50 52
43 44
43 45
44 45
44 46
45 46
45 47
46 47
47 49
49 51
51 95
93 95
95 96
95 97
55 86
87 88
88 89
96 97
96 98
74 86
84 86
86 87
60 61
60 62
61 62
61 63
87 98
97 98
62 63
63 64
63 65
64 65
64 66
65 66
66 68
68 69
68 70
69 70
69 71
70 71
70 72
71 72
72 74
74 76
76 78
78 79
78 80
79 80
79 81
80 81
80 82
81 82
82 84
89 90
90 92
92 93
