1 4
1 35
1 54
1 99
1 100
2 4
3 4
4 5
4 55
4 69
33 35
34 35
35 36
35 37
35 39
35 73
49 54
51 54
52 54
53 54
54 55
54 56
54 58
2 99
62 99
74 99
97 99
98 99
99 100
2 100
3 100
97 100
98 100
2 3
2 5
2 9
2 11
2 64
3 5
3 6
3 12
3 15
5 7
5 80
5 87
5 88
7 9
9 10
9 11
9 21
8 11
10 11
11 12
11 14
11 52
34 64
61 64
63 64
64 65
64 66
64 97
6 7
6 8
6 55
10 12
12 13
12 15
13 15
14 15
15 17
15 18
53 55
55 56
55 57
55 80
23 69
57 69
66 69
67 69
68 69
69 70
69 71
69 72
7 8
7 10
7 30
18 80
52 80
78 80
80 81
80 82
80 83
85 87
86 87
87 88
87 89
87 90
49 88
52 88
86 88
8 10
8 28
8 51
10 13
10 84
28 30
30 33
30 89
27 28
28 29
28 36
45 51
49 51
50 51
51 52
51 53
19 21
21 47
21 50
21 72
13 14
13 16
81 84
82 84
83 84
84 85
84 86
14 17
14 20
26 52
50 52
16 17
16 18
16 19
16 38
17 18
17 19
17 20
17 41
17 45
17 56
18 20
19 20
20 22
20 23
20 89
18 19
19 22
37 38
38 40
38 43
39 41
41 43
41 44
25 45
42 45
43 45
44 45
45 46
53 56
56 58
56 59
56 79
22 23
22 24
22 60
23 57
23 67
86 89
89 90
89 91
89 92
32 47
44 47
46 47
47 48
47 50
48 50
49 50
50 53
70 72
71 72
72 73
72 75
24 25
24 27
24 37
24 66
24 70
26 60
59 60
60 61
60 62
60 63
60 77
57 58
57 59
66 67
67 68
67 70
25 26
25 78
26 27
27 29
27 71
37 39
37 40
63 66
65 66
68 70
70 73
39 78
75 78
76 78
77 78
78 79
29 31
29 32
29 61
29 85
29 97
39 71
68 71
71 74
36 49
36 76
31 32
31 33
31 34
31 90
31 96
32 33
32 34
32 96
58 61
59 61
61 63
82 85
83 85
85 86
95 97
97 98
33 34
33 77
34 48
90 91
90 93
59 96
81 96
93 96
94 96
95 96
96 98
74 77
75 77
77 79
46 48
48 63
48 92
39 40
39 98
73 74
73 75
73 76
46 49
58 76
74 76
75 76
76 79
40 43
40 93
40 95
42 43
43 44
43 46
95 98
91 93
92 93
93 94
93 95
92 95
94 95
42 44
44 46
44 81
42 94
91 94
92 94
79 81
81 82
62 63
63 65
91 92
53 58
58 74
79 82
62 65
65 68
82 83
83 86
