1 2
1 3
1 99
2 3
2 4
2 100
3 4
3 5
97 99
98 99
99 100
4 5
4 6
4 39
4 88
55 100
98 100
5 6
5 7
5 71
6 7
6 83
39 40
39 69
39 96
86 88
87 88
88 89
7 8
7 9
70 71
71 72
81 83
82 83
83 84
83 85
8 9
8 10
8 23
9 10
9 38
9 51
10 11
10 47
10 59
21 23
22 23
23 25
36 38
37 38
38 98
49 51
50 51
51 52
51 53
11 12
11 37
45 47
46 47
47 49
57 59
58 59
59 60
59 61
12 13
12 53
14 37
35 37
13 14
13 16
52 53
53 54
53 55
14 15
14 57
15 16
16 18
16 82
15 17
55 57
56 57
57 58
17 18
17 19
17 27
18 20
18 29
80 82
81 82
82 84
19 20
19 21
19 67
25 27
26 27
27 29
27 68
27 69
20 21
20 22
28 29
29 30
29 31
21 22
65 67
66 67
67 69
22 24
22 86
24 26
24 87
84 86
85 86
25 26
26 28
87 89
28 30
28 90
66 68
68 69
41 69
30 31
30 32
34 90
89 90
31 32
31 63
32 33
32 34
61 63
62 63
63 65
63 70
33 34
33 35
34 35
34 65
35 36
64 65
65 66
36 48
46 48
48 49
48 50
96 98
97 98
40 41
40 42
60 96
94 96
95 96
41 80
42 43
42 44
78 80
79 80
80 81
43 44
43 45
43 54
44 45
44 46
44 85
45 46
45 76
52 54
54 56
54 72
84 85
74 76
75 76
76 77
49 50
50 52
55 56
56 58
70 72
72 74
58 60
60 62
61 62
62 64
64 66
73 74
74 75
73 75
75 77
77 78
77 79
78 95
79 81
93 95
94 95
95 97
89 91
91 92
91 93
92 93
92 94
93 94
