1 2
1 3
1 4
1 1000
2 4
2 5
2 273
2 1000
3 4
3 5
3 259
3 931
3 1000
4 5
4 6
4 7
999 1000
5 6
5 7
5 654
270 273
271 273
272 273
273 274
273 275
273 276
256 259
257 259
259 260
259 261
259 262
259 287
931 933
931 934
6 7
6 9
6 337
6 924
7 8
7 9
7 10
651 654
653 654
654 655
654 656
654 657
8 9
9 10
9 11
9 182
9 438
99 337
334 337
335 337
336 337
337 339
337 955
361 924
921 924
922 924
923 924
924 925
924 926
8 10
8 11
10 11
10 12
10 13
10 384
10 723
11 12
11 13
11 14
11 272
180 182
181 182
182 183
182 185
182 192
182 756
435 438
436 438
437 438
438 440
438 441
438 595
12 13
12 14
12 15
12 391
13 14
13 15
13 16
13 320
367 384
381 384
383 384
384 386
721 723
722 723
723 724
723 725
14 15
14 16
14 17
269 272
270 272
271 272
272 274
15 16
15 17
15 18
388 391
389 391
390 391
391 393
391 394
391 464
391 810
16 17
16 18
16 19
50 320
318 320
319 320
320 322
320 323
17 18
17 19
17 20
18 20
18 21
18 133
19 21
19 22
19 170
19 899
20 21
20 22
20 23
21 22
21 23
21 24
21 738
130 133
131 133
132 133
133 134
133 135
133 136
133 815
133 832
22 23
22 24
22 333
22 698
168 170
170 171
170 172
896 899
897 899
898 899
899 900
899 901
899 902
23 24
23 25
23 26
24 26
24 27
24 610
24 613
735 738
738 740
738 769
330 333
332 333
333 334
333 336
294 698
695 698
696 698
697 698
698 699
698 700
698 701
25 26
25 27
25 28
25 801
26 27
26 28
26 911
27 28
27 29
27 706
607 610
608 610
610 611
610 612
610 613
610 745
611 613
612 613
613 615
613 616
28 29
28 30
28 31
28 43
390 801
798 801
799 801
801 802
801 803
908 911
910 911
911 912
911 913
911 914
29 30
29 31
29 32
29 309
637 706
703 706
704 706
705 706
706 707
706 708
706 958
30 31
30 32
30 533
31 32
31 33
31 34
40 43
41 43
42 43
43 45
43 46
43 736
32 33
32 34
32 35
32 923
306 309
308 309
309 312
309 917
226 533
530 533
531 533
532 533
533 534
533 535
533 536
33 34
33 35
33 141
34 35
34 37
34 514
35 36
35 37
35 38
35 843
305 923
920 923
922 923
923 925
138 141
139 141
140 141
141 142
141 144
141 892
36 37
37 38
37 39
37 40
37 502
422 514
453 514
511 514
512 514
513 514
514 515
514 516
36 183
36 223
36 547
38 39
38 40
38 436
421 843
736 843
840 843
841 843
842 843
843 844
843 845
181 183
183 185
183 926
221 223
222 223
223 224
223 225
223 226
223 930
544 547
545 547
546 547
547 548
547 550
547 905
39 40
39 41
39 42
40 41
40 42
40 759
40 943
499 502
500 502
501 502
502 503
502 504
502 729
434 436
435 436
436 437
436 439
436 470
41 327
41 926
42 44
42 55
756 759
759 760
759 762
940 943
941 943
942 943
943 944
943 945
943 967
324 327
326 327
327 328
327 329
327 330
812 926
925 926
926 927
926 928
44 45
44 46
44 72
44 328
52 55
54 55
55 56
55 57
55 58
55 594
45 46
45 47
45 48
45 614
46 47
46 49
46 315
734 736
735 736
736 739
69 72
70 72
71 72
72 73
72 74
72 75
72 600
326 328
328 329
328 330
47 48
47 49
47 50
48 49
48 50
48 51
325 614
539 614
611 614
612 614
614 616
614 617
49 51
49 52
49 766
312 315
314 315
315 316
315 317
315 318
315 693
315 708
315 889
50 51
50 52
51 52
51 53
51 54
52 54
52 149
52 404
764 766
765 766
766 767
766 768
766 769
766 939
53 56
53 64
53 76
53 392
54 56
54 57
147 149
148 149
149 150
149 151
401 404
402 404
404 405
404 407
404 785
56 57
56 58
56 59
56 576
61 64
62 64
63 64
64 65
64 66
64 67
73 76
74 76
75 76
76 77
76 78
76 79
392 394
392 395
392 443
57 58
57 59
57 60
57 200
58 59
58 60
58 61
593 594
594 595
594 596
594 887
59 61
59 62
59 428
59 989
484 576
573 576
574 576
575 576
576 577
576 578
60 61
60 62
60 63
198 200
199 200
200 201
200 202
200 740
200 767
61 62
61 63
62 65
62 431
425 428
426 428
427 428
428 429
428 430
428 431
986 989
988 989
989 990
989 991
63 720
63 849
63 873
65 67
65 68
65 349
65 975
313 431
429 431
430 431
431 432
431 433
431 434
431 524
346 720
454 720
692 720
717 720
718 720
720 721
720 722
623 849
682 849
846 849
847 849
848 849
849 850
849 852
870 873
871 873
872 873
873 874
873 875
873 876
66 67
66 68
66 69
67 68
67 69
67 70
68 70
68 365
68 397
68 477
68 961
347 349
348 349
349 350
349 352
972 975
973 975
974 975
975 976
975 977
975 978
69 70
69 979
70 71
70 73
70 837
161 365
362 365
363 365
365 368
365 806
394 397
395 397
396 397
397 398
397 399
397 400
476 477
477 478
477 479
477 480
936 961
959 961
960 961
961 962
961 964
213 979
902 979
969 979
976 979
978 979
71 73
71 74
71 990
73 75
73 575
179 837
242 837
284 837
834 837
835 837
836 837
837 838
74 75
74 77
74 94
74 937
341 990
987 990
988 990
990 991
75 78
75 550
597 600
598 600
599 600
600 601
600 603
572 575
573 575
574 575
575 577
575 578
575 758
77 78
77 79
77 80
91 94
92 94
93 94
94 96
94 97
934 937
935 937
937 938
937 939
78 79
78 80
78 434
78 853
549 550
550 551
550 552
550 553
550 587
550 787
79 80
79 81
79 82
80 81
80 532
80 680
80 888
323 434
432 434
434 435
434 437
131 853
850 853
851 853
852 853
853 854
853 855
81 82
81 83
81 84
82 83
82 84
82 85
82 914
350 532
530 532
531 532
532 534
532 535
445 680
677 680
678 680
679 680
680 681
680 682
680 683
621 888
885 888
888 890
888 891
83 84
83 86
83 173
83 554
84 85
84 86
84 769
85 86
85 87
85 88
85 948
190 914
912 914
913 914
914 916
914 917
86 88
86 89
86 591
86 606
86 995
171 173
172 173
173 174
173 176
460 554
551 554
554 555
554 556
554 557
554 567
111 769
377 769
653 769
768 769
769 770
769 772
87 88
87 89
87 90
87 885
88 89
88 90
88 91
88 549
710 948
945 948
946 948
947 948
948 949
948 951
89 90
89 91
89 92
89 255
89 387
89 689
89 842
254 591
588 591
590 591
591 672
187 606
604 606
605 606
606 607
992 995
993 995
994 995
995 996
995 997
995 998
90 91
90 92
90 93
90 256
369 885
91 92
91 93
197 549
546 549
548 549
549 552
92 95
92 161
92 162
92 310
253 255
254 255
255 257
255 879
375 387
385 387
386 387
387 388
387 390
387 665
686 689
687 689
688 689
689 690
689 692
390 842
474 842
839 842
840 842
841 842
842 844
93 95
93 96
253 256
254 256
256 971
95 96
95 97
95 98
95 571
158 161
159 161
160 161
161 162
161 163
154 162
159 162
160 162
162 165
162 279
307 310
308 310
310 311
310 313
96 99
96 364
96 465
96 994
97 98
97 100
97 371
97 557
98 99
98 101
98 819
98 967
416 571
568 571
569 571
570 571
571 573
571 881
99 100
99 101
99 102
99 236
361 364
362 364
363 364
364 366
364 367
364 868
462 465
463 465
464 465
465 466
465 552
123 994
991 994
993 994
994 996
100 102
100 103
100 921
368 371
369 371
370 371
371 374
371 497
555 557
556 557
557 558
557 559
557 560
101 102
101 103
101 104
497 819
523 819
816 819
817 819
818 819
819 821
964 967
965 967
966 967
967 969
967 970
102 103
102 105
102 863
158 236
233 236
234 236
235 236
236 239
103 105
103 106
103 628
250 921
598 921
918 921
919 921
920 921
921 922
104 105
104 106
104 218
104 266
105 106
105 108
105 633
429 863
860 863
861 863
863 864
863 865
863 866
106 107
106 108
106 109
106 271
106 288
481 628
626 628
627 628
628 629
628 631
215 218
216 218
217 218
218 220
218 221
218 529
263 266
264 266
265 266
266 267
266 268
266 269
107 108
108 109
108 110
108 111
108 553
630 633
631 633
632 633
633 634
633 635
633 636
107 109
107 505
107 890
109 110
109 111
109 112
268 271
269 271
270 271
224 288
285 288
286 288
287 288
288 289
288 290
503 505
504 505
505 506
505 507
887 890
889 890
890 891
890 892
890 893
110 111
110 112
110 113
110 811
111 112
111 113
551 553
552 553
553 555
553 556
553 758
112 114
112 115
112 225
112 953
113 114
113 115
113 165
113 586
684 811
808 811
809 811
811 814
114 115
114 116
114 117
115 116
115 117
115 118
222 225
224 225
225 226
225 227
225 892
950 953
951 953
952 953
953 954
953 955
953 956
163 165
164 165
165 166
165 167
165 168
540 586
583 586
584 586
585 586
586 587
586 589
116 118
116 119
116 760
117 119
117 120
117 439
117 906
118 119
118 120
118 121
119 121
119 122
119 464
757 760
760 761
760 762
760 763
760 830
760 831
120 121
120 122
120 123
437 439
439 440
439 441
439 442
903 906
904 906
905 906
906 908
906 909
121 123
121 124
121 232
122 123
122 125
122 825
122 962
461 464
462 464
463 464
464 467
123 124
123 125
123 126
124 125
124 127
124 262
229 232
230 232
231 232
232 233
232 234
232 235
125 126
125 247
125 683
741 825
822 825
823 825
824 825
825 827
825 905
960 962
962 963
962 964
962 965
126 127
126 128
126 129
127 128
127 130
127 838
260 262
262 264
262 265
262 705
244 247
245 247
246 247
247 248
247 250
247 946
675 683
681 683
682 683
683 684
683 685
128 129
128 131
128 992
129 130
129 131
129 132
130 131
130 132
406 838
493 838
835 838
836 838
838 840
131 132
209 992
985 992
991 992
992 993
132 134
132 135
134 135
134 136
134 137
134 859
135 136
135 137
135 138
135 884
136 137
136 138
136 139
136 830
180 815
812 815
813 815
814 815
815 817
815 818
719 832
829 832
831 832
832 833
832 835
137 138
137 139
137 140
856 859
857 859
859 861
859 862
138 139
138 140
881 884
882 884
883 884
884 886
884 887
139 142
139 818
665 830
827 830
828 830
829 830
830 833
140 598
140 695
142 143
142 144
142 145
816 818
818 820
818 821
596 598
597 598
598 599
598 601
598 741
692 695
694 695
695 696
695 697
143 144
144 145
144 146
144 174
827 892
889 892
891 892
892 894
143 145
143 866
145 146
145 148
145 773
193 866
563 866
864 866
865 866
866 867
866 869
146 148
146 767
146 939
171 174
174 175
174 176
174 177
147 148
148 150
148 645
148 872
770 773
773 774
773 775
773 776
764 767
765 767
767 768
767 770
938 939
939 940
939 941
147 150
150 151
150 152
150 949
642 645
643 645
644 645
645 646
645 648
869 872
870 872
871 872
872 874
872 875
151 152
151 153
151 154
152 153
152 154
152 155
152 301
366 949
949 950
949 951
949 952
153 154
153 155
153 156
154 155
154 156
155 156
155 157
155 158
298 301
299 301
300 301
301 303
301 304
156 157
156 158
156 379
157 158
157 159
157 160
158 160
158 347
307 379
376 379
377 379
378 379
379 380
379 382
159 160
160 163
160 423
344 347
345 347
347 348
347 350
163 164
163 166
163 763
420 423
423 424
423 425
276 279
277 279
278 279
279 280
279 281
279 282
164 166
164 167
166 168
166 169
166 542
761 763
762 763
763 764
763 765
167 168
167 169
167 609
167 694
168 169
168 171
169 171
169 282
169 482
169 910
474 542
539 542
541 542
542 543
542 545
607 609
608 609
609 611
609 612
691 694
693 694
694 697
694 719
694 976
171 172
171 433
171 472
219 282
280 282
281 282
282 283
282 284
282 517
185 482
479 482
480 482
481 482
482 483
482 485
482 780
552 910
907 910
908 910
910 912
910 913
172 489
172 977
331 433
430 433
432 433
433 435
469 472
471 472
472 474
472 475
472 722
486 489
487 489
488 489
489 491
489 492
489 882
650 977
834 977
974 977
976 977
977 978
175 176
176 177
176 178
176 179
175 177
175 178
177 178
177 179
177 180
178 180
178 181
178 476
178 506
178 798
179 180
179 192
180 181
181 184
181 935
473 476
474 476
475 476
476 479
503 506
504 506
506 507
506 508
506 509
506 998
795 798
796 798
797 798
798 854
189 192
191 192
192 194
192 195
184 185
184 187
184 522
932 935
934 935
935 936
185 186
185 188
185 568
321 756
753 756
754 756
755 756
756 757
756 758
186 187
187 188
187 189
187 190
519 522
520 522
521 522
522 523
522 524
522 525
186 188
186 189
188 189
188 190
188 191
565 568
567 568
568 569
189 190
189 191
190 193
190 561
191 193
191 194
193 195
193 196
193 401
193 735
193 800
527 561
559 561
560 561
561 562
561 563
561 564
194 195
194 196
194 197
195 196
195 197
195 198
196 197
196 257
196 922
399 401
401 537
732 735
733 735
734 735
735 950
560 800
681 800
797 800
799 800
800 803
197 198
197 199
198 199
198 201
254 257
257 258
257 260
372 922
521 922
919 922
920 922
922 925
199 202
199 305
199 508
199 877
201 202
201 203
201 204
202 203
202 204
202 205
202 331
202 485
302 305
303 305
305 307
507 508
508 510
508 511
508 625
508 786
874 877
875 877
876 877
877 878
877 879
213 740
737 740
739 740
740 741
740 743
203 204
203 205
203 206
203 966
204 206
204 207
204 731
205 206
205 207
205 208
205 354
329 331
330 331
331 332
331 656
483 485
484 485
485 488
485 492
485 672
485 860
206 208
206 504
206 582
227 966
245 966
727 966
963 966
964 966
207 209
207 210
207 941
676 731
728 731
729 731
730 731
731 732
731 733
731 734
731 751
208 210
208 211
208 772
208 902
351 354
352 354
353 354
354 355
354 356
501 504
504 507
579 582
580 582
581 582
582 583
582 584
582 593
582 789
209 210
209 211
209 212
210 211
210 212
210 213
267 941
938 941
940 941
941 942
211 212
211 213
211 214
361 772
748 772
770 772
771 772
772 774
900 902
901 902
902 903
902 904
902 905
902 942
212 214
212 215
212 743
212 792
213 216
213 342
214 216
214 217
214 835
215 216
215 217
346 743
382 743
581 743
742 743
743 745
743 746
284 792
791 792
792 793
792 795
216 217
216 219
339 342
340 342
341 342
342 343
342 344
342 345
342 741
217 219
217 220
217 659
833 835
834 835
835 836
835 929
219 220
219 221
219 222
220 221
220 222
220 707
656 659
657 659
658 659
659 661
659 662
221 222
221 834
221 915
526 529
527 529
528 529
529 531
529 829
222 224
704 707
705 707
707 708
707 709
707 710
831 834
833 834
834 836
834 930
912 915
913 915
915 917
915 918
224 226
224 450
226 227
226 880
927 930
929 930
930 932
332 450
447 450
448 450
449 450
450 451
450 452
227 228
227 230
253 880
878 880
879 880
880 881
880 882
228 230
228 369
228 933
228 981
230 231
230 233
366 369
367 369
368 369
369 370
516 933
932 933
933 934
933 936
739 981
893 981
978 981
980 981
981 982
981 984
229 231
229 589
231 233
231 355
525 589
588 589
589 590
589 592
233 234
233 235
233 509
352 355
353 355
355 356
355 357
355 358
234 235
234 419
235 237
235 238
385 509
507 509
509 510
418 419
419 420
419 421
419 422
237 238
237 705
237 984
238 239
238 240
238 241
239 240
239 241
239 242
348 705
702 705
703 705
704 705
705 708
752 984
868 984
955 984
982 984
983 984
984 985
984 986
984 987
240 241
240 242
240 243
241 242
241 243
241 479
242 243
242 244
243 244
243 246
243 417
243 729
478 479
479 480
479 481
244 245
244 246
244 426
246 248
246 249
414 417
415 417
416 417
417 418
417 420
726 729
727 729
729 732
245 248
245 543
424 426
425 426
426 429
426 928
248 249
248 250
248 251
540 543
543 545
543 546
249 250
249 251
249 409
250 251
250 927
518 946
932 946
944 946
946 947
251 252
251 253
251 275
251 672
406 409
407 409
408 409
409 412
409 648
409 770
925 927
927 928
927 929
252 253
252 254
252 858
253 254
274 275
275 276
275 277
275 278
670 672
671 672
672 674
254 475
254 757
494 858
855 858
856 858
857 858
858 860
858 861
473 475
475 478
755 757
757 758
757 804
587 879
878 879
879 882
304 971
427 971
968 971
969 971
971 972
971 973
971 974
258 260
258 261
258 847
260 261
260 263
260 754
261 263
261 264
261 362
558 847
632 847
846 847
847 850
284 287
285 287
286 287
287 290
263 264
263 453
751 754
753 754
754 755
264 265
264 267
264 406
264 854
359 362
360 362
362 363
265 267
265 268
265 325
265 356
265 585
451 453
453 454
453 455
453 456
267 268
267 269
267 270
267 330
267 644
403 406
405 406
406 408
302 854
851 854
852 854
854 856
854 965
268 269
268 270
322 325
325 326
325 380
325 762
353 356
356 358
356 359
584 585
585 587
269 640
329 330
330 382
641 644
642 644
643 644
644 646
637 640
638 640
639 640
640 641
640 642
640 713
274 276
274 277
276 278
276 560
277 278
277 280
278 280
278 281
558 560
559 560
560 563
280 281
280 283
281 283
281 284
283 284
283 285
283 286
283 744
284 285
284 829
515 517
516 517
517 518
517 520
517 536
517 713
285 286
285 716
286 289
286 824
742 744
744 747
744 905
826 829
827 829
828 829
829 831
713 716
715 716
716 718
716 719
289 290
289 291
289 812
821 824
822 824
824 827
290 291
290 292
290 293
291 292
291 294
291 427
516 812
809 812
810 812
812 813
812 814
292 293
292 583
292 732
293 294
293 295
293 296
294 295
294 297
424 427
425 427
427 429
580 583
583 584
583 677
730 732
732 733
732 836
295 296
295 297
295 298
295 959
296 297
296 299
296 846
297 299
297 300
297 733
297 782
298 299
298 622
956 959
957 959
959 960
299 300
299 302
592 846
844 846
846 848
300 302
300 303
430 733
541 733
730 733
733 734
779 782
781 782
782 783
782 784
620 622
621 622
622 623
622 625
622 635
302 303
302 304
303 304
303 306
303 318
304 306
304 307
306 307
306 308
316 318
317 318
318 321
307 497
307 499
308 311
494 497
495 497
496 497
497 498
497 500
496 499
498 499
499 500
499 501
311 312
311 313
311 314
311 466
312 313
312 314
917 918
917 919
917 920
313 314
313 316
314 316
314 523
314 528
463 466
466 468
466 469
316 317
316 319
316 737
520 523
523 525
523 526
345 528
432 528
526 528
528 530
528 531
317 319
317 611
690 693
691 693
692 693
693 696
708 709
708 711
886 889
887 889
319 637
319 726
599 737
734 737
608 611
611 612
321 322
321 982
634 637
635 637
637 638
637 639
724 726
725 726
726 727
726 728
322 323
322 324
322 945
323 324
323 443
323 579
982 983
982 985
324 326
324 425
942 945
945 947
440 443
441 443
442 443
443 445
413 579
577 579
578 579
579 581
326 329
422 425
424 425
380 381
380 382
380 581
761 762
762 764
329 332
332 334
381 382
382 385
653 656
655 656
656 657
656 658
334 335
334 336
336 338
336 562
336 936
335 573
335 625
335 651
570 573
572 573
573 808
573 955
623 625
624 625
625 626
625 627
648 651
649 651
650 651
651 652
651 653
338 340
338 341
338 516
562 563
562 564
562 565
562 944
896 936
934 936
339 340
339 341
339 895
394 955
896 955
952 955
954 955
340 341
340 343
341 343
341 344
341 378
513 516
515 516
516 518
894 895
895 897
895 898
343 344
343 345
343 346
344 345
344 346
377 378
378 381
345 348
345 712
739 741
741 742
346 420
346 821
348 351
709 712
710 712
711 712
712 713
712 714
418 420
420 421
420 422
420 898
820 821
821 822
821 823
350 351
350 352
351 353
351 816
352 353
352 467
352 793
353 474
813 816
814 816
816 817
467 468
467 469
790 793
791 793
793 795
793 796
793 909
471 474
473 474
357 358
357 359
357 410
358 359
358 360
358 361
359 360
359 739
407 410
408 410
410 411
410 412
410 413
360 361
360 363
361 363
739 972
363 366
366 368
367 368
367 370
865 868
867 868
868 869
868 870
368 370
400 806
487 806
805 806
806 807
806 809
370 372
370 373
372 373
372 374
373 374
373 375
373 376
374 375
374 377
374 891
375 377
375 912
376 377
376 393
376 451
715 891
891 893
891 894
389 912
909 912
912 913
393 395
393 396
448 451
449 451
451 452
451 454
451 559
381 383
578 581
580 581
383 385
383 386
385 386
385 388
386 388
386 389
388 389
388 390
388 894
389 390
662 665
663 665
664 665
665 666
665 786
893 894
894 896
394 395
394 396
398 810
407 810
807 810
809 810
810 813
395 396
395 398
396 398
396 399
398 399
398 400
398 857
399 400
399 402
399 507
399 958
400 402
400 403
661 857
855 857
856 857
402 403
402 405
402 619
956 958
957 958
958 960
403 713
403 905
535 537
536 537
537 538
537 539
537 578
405 407
405 408
545 619
616 619
617 619
619 621
711 713
713 714
713 950
903 905
904 905
905 908
631 785
783 785
784 785
785 786
785 787
785 788
408 411
411 412
411 413
411 414
411 997
412 413
412 415
412 552
646 648
647 648
648 649
648 650
768 770
770 771
413 414
413 415
413 416
413 845
414 415
414 416
996 997
997 998
997 999
415 416
415 418
551 552
552 555
552 790
416 418
416 495
416 998
422 845
844 845
845 848
845 900
418 421
492 495
493 495
494 495
495 496
903 998
996 998
998 999
421 424
421 807
897 898
898 901
595 807
804 807
805 807
807 808
807 809
429 432
823 928
925 928
928 929
430 432
432 947
524 525
524 663
826 947
944 947
947 950
435 437
437 487
468 470
469 470
470 471
470 566
470 797
484 487
487 488
487 490
440 441
440 442
441 442
441 456
441 534
592 595
593 595
595 597
442 444
442 445
454 456
455 456
456 457
456 458
486 534
531 534
534 535
534 536
534 660
444 445
444 446
444 447
444 901
445 447
445 448
445 544
446 447
446 448
446 449
447 448
447 449
490 901
900 901
901 904
901 972
448 449
541 544
544 545
449 452
452 454
452 455
452 685
454 669
454 867
556 559
455 457
455 458
682 685
684 685
685 686
685 687
685 688
666 669
667 669
668 669
669 670
669 682
669 700
817 867
820 867
864 867
865 867
867 869
867 870
457 458
457 459
457 460
458 459
458 653
458 784
459 460
459 461
459 462
460 461
460 463
650 653
652 653
653 655
781 784
783 784
784 786
784 787
461 462
461 463
462 463
468 471
468 631
469 471
471 765
478 631
629 631
630 631
563 566
564 566
565 566
566 567
566 569
794 797
795 797
796 797
797 799
764 765
765 768
722 725
478 480
478 481
480 481
480 483
481 483
481 484
483 484
483 486
777 780
778 780
779 780
780 781
780 783
780 960
486 488
488 490
488 491
490 492
491 492
492 493
492 671
641 860
860 861
490 493
490 714
491 493
491 630
491 883
864 882
882 883
493 494
493 496
711 714
714 715
714 717
627 630
629 630
630 632
679 883
881 883
883 900
668 671
670 671
671 673
494 496
494 618
496 498
615 618
616 618
617 618
618 620
618 621
498 500
498 501
500 501
500 503
501 503
501 548
503 570
545 548
546 548
548 551
567 570
569 570
570 572
570 828
510 511
510 512
510 513
511 512
511 513
783 786
786 788
512 513
512 515
513 515
515 518
518 519
518 520
518 521
518 634
519 520
520 521
535 536
536 539
519 521
521 907
632 634
634 635
904 907
907 908
907 909
525 526
525 527
525 673
526 527
660 663
661 663
663 666
663 771
663 913
527 530
670 673
673 674
673 675
673 676
530 531
535 538
535 751
657 660
658 660
660 661
660 662
660 970
538 539
538 540
538 541
748 751
749 751
750 751
539 541
577 578
578 580
578 601
540 541
545 546
546 612
546 965
963 965
964 965
584 587
587 588
587 590
787 788
787 789
555 556
555 558
789 790
790 791
556 558
755 758
758 761
758 808
564 567
565 567
558 753
703 753
750 753
752 753
753 755
563 564
564 565
569 572
572 574
823 828
826 828
827 828
878 881
574 577
803 808
805 808
577 580
599 601
601 602
601 603
590 593
592 593
593 596
788 789
789 791
674 677
675 677
677 678
677 679
677 987
588 590
590 592
590 700
697 700
699 700
700 702
596 597
596 599
886 887
597 809
599 602
602 603
602 604
602 605
602 662
603 604
603 605
603 803
604 605
604 607
604 629
605 607
605 608
661 662
662 804
662 985
802 803
803 804
803 805
607 608
626 629
627 629
742 745
745 746
745 747
615 616
615 617
615 844
616 617
617 620
657 844
841 844
620 621
620 623
621 624
623 624
624 626
624 627
632 635
635 636
635 638
626 676
674 676
675 676
676 678
676 679
636 638
636 639
636 657
638 639
638 641
639 642
639 764
655 657
641 642
641 643
642 643
761 764
643 646
646 647
646 649
647 649
647 650
649 650
649 652
650 652
652 711
652 788
709 711
710 711
788 791
788 988
655 658
658 661
968 970
969 970
970 972
970 973
802 804
804 805
983 985
985 986
664 666
666 667
666 668
768 771
771 774
913 916
664 667
667 668
667 670
667 747
668 670
746 747
747 749
747 750
679 682
681 682
674 675
675 678
678 679
678 681
679 681
986 987
987 988
681 684
684 686
684 687
686 687
686 688
686 728
687 688
687 690
687 862
688 690
688 691
725 728
727 728
728 730
690 691
690 692
861 862
862 864
862 865
691 692
696 697
696 699
697 699
717 719
718 719
719 721
973 976
974 976
976 978
699 701
699 702
701 702
701 703
701 704
702 703
702 704
709 710
950 951
950 980
715 718
717 718
718 721
721 724
721 827
724 725
724 727
725 727
727 730
833 836
836 839
969 972
972 974
746 748
746 749
748 749
748 750
749 750
749 752
750 752
752 755
831 916
774 775
774 776
774 777
775 776
775 777
775 778
776 777
776 778
776 779
777 778
777 779
778 779
778 781
779 781
781 991
957 960
988 991
991 993
791 951
986 988
951 952
951 954
794 795
795 796
794 796
796 799
865 909
908 909
799 802
802 805
813 814
814 817
817 820
817 999
820 822
978 999
996 999
822 900
823 826
897 900
916 918
916 919
929 932
839 840
839 841
840 841
848 850
848 851
850 851
850 852
851 852
852 855
855 856
861 864
864 865
869 870
869 871
870 871
871 874
874 875
874 876
875 876
875 878
876 878
876 932
886 996
993 996
893 896
896 897
903 904
940 942
918 919
918 920
919 920
938 940
952 954
978 980
980 983
954 956
954 957
956 957
963 964
968 969
973 974
983 986
