1 2
1 3
1 4
1 95
1 98
1 99
1 100
2 3
2 4
2 5
2 61
2 99
2 100
3 4
3 5
3 6
3 40
3 42
3 90
4 7
4 81
4 86
17 95
55 95
93 95
94 95
95 98
17 98
42 98
84 98
96 98
96 99
97 99
99 100
15 100
29 100
97 100
5 8
5 10
5 15
5 71
58 61
59 61
60 61
61 62
61 85
6 7
6 8
6 9
37 40
39 40
40 41
40 42
39 42
41 42
42 44
87 90
88 90
89 90
90 91
90 92
7 8
7 9
7 17
7 48
7 49
7 63
7 79
69 81
78 81
79 81
80 81
81 82
81 83
81 84
19 86
49 86
65 86
82 86
83 86
84 86
86 89
8 9
8 10
8 46
9 10
10 11
10 12
10 13
12 15
13 15
14 15
15 18
15 28
15 66
15 70
47 71
68 71
71 73
9 11
9 12
9 31
14 17
16 17
17 20
45 48
46 48
47 48
48 51
48 74
48 78
29 49
43 49
49 50
49 82
60 63
62 63
63 64
63 92
63 97
13 79
76 79
77 79
78 79
79 80
36 46
44 46
45 46
46 47
46 74
11 12
11 13
11 18
11 62
12 13
12 20
28 31
29 31
30 31
31 32
31 34
31 51
13 14
13 26
13 44
13 85
18 20
18 21
18 56
18 60
59 62
62 64
19 20
20 21
20 22
20 23
14 92
14 94
23 26
24 26
25 26
26 28
26 29
41 44
43 44
44 45
44 73
56 85
83 85
85 88
29 92
54 92
89 92
91 92
92 93
43 94
77 94
91 94
94 96
25 28
27 28
28 29
28 30
64 66
65 66
66 67
66 68
66 69
66 80
66 93
37 70
67 70
68 70
69 70
70 72
70 73
16 19
16 72
19 21
19 22
69 72
72 73
72 74
72 75
21 22
21 23
21 47
21 83
54 56
55 56
56 58
56 59
56 97
59 60
22 23
22 25
22 57
23 24
23 30
45 47
47 50
83 84
24 25
25 27
25 29
25 30
25 38
55 57
57 58
57 59
57 96
24 27
27 30
30 38
30 82
27 29
35 38
36 38
37 38
38 39
38 97
80 82
32 33
32 34
32 35
33 34
34 35
34 36
34 52
34 58
34 89
50 51
51 53
51 54
33 35
33 76
35 37
35 89
73 76
74 76
75 76
76 77
76 78
36 37
36 68
50 52
52 53
52 54
55 58
58 59
53 89
87 89
89 91
37 53
65 68
67 68
68 69
68 87
50 53
53 54
39 41
50 97
96 97
41 43
73 75
59 74
75 78
78 80
54 55
54 88
88 91
93 96
64 65
64 67
67 69
67 84
77 80
91 93
84 87
75 77
