1 2
2 3
2 4
3 35
3 442
4 611
34 35
35 443
441 442
498 611
5 6
6 7
7 594
7 595
593 594
595 596
8 9
9 10
10 11
11 12
12 13
13 14
14 15
15 16
16 17
17 18
17 19
17 20
18 21
19 347
20 707
21 22
346 347
22 23
22 24
23 25
24 417
24 629
25 26
416 417
367 629
26 27
27 28
27 29
28 30
29 265
29 266
30 31
264 265
266 539
31 32
32 33
33 34
443 444
36 37
37 38
38 468
38 469
467 468
469 470
39 40
40 41
41 541
41 542
334 541
542 543
42 43
43 44
43 45
44 46
44 47
45 393
46 626
46 627
392 393
627 628
48 49
49 50
50 51
51 52
51 53
52 102
52 103
53 310
102 216
103 465
103 466
309 310
54 55
55 344
55 578
55 580
55 581
200 344
577 578
579 580
150 581
56 57
57 58
57 59
58 412
58 413
59 706
411 412
413 414
705 706
60 61
61 62
61 63
62 64
63 511
64 65
510 511
511 559
65 66
65 67
66 68
68 69
69 70
70 410
409 410
410 411
71 72
72 73
73 524
523 524
524 525
74 75
75 76
76 77
77 78
78 79
79 80
80 81
81 82
82 83
83 490
83 570
488 490
569 570
84 85
85 120
85 121
85 122
119 120
121 123
122 307
86 87
86 88
87 89
88 351
89 90
350 351
90 91
91 92
92 253
92 254
252 253
254 255
254 256
93 94
94 95
95 96
96 587
96 615
96 616
585 587
587 617
614 615
97 98
98 99
98 100
99 101
100 549
101 271
101 582
101 726
548 549
270 271
150 582
517 582
657 726
214 216
464 465
466 467
104 105
105 106
106 107
107 108
107 109
108 110
109 655
110 348
654 655
348 349
111 112
112 113
113 114
113 115
114 116
115 152
116 117
151 152
117 118
118 119
123 124
306 307
307 308
124 125
124 126
125 127
126 620
127 128
619 620
128 424
128 426
423 424
426 427
129 130
130 131
131 132
132 427
132 428
428 429
133 134
133 135
134 136
135 158
136 137
157 158
137 138
138 139
138 140
139 141
140 601
141 142
141 143
600 601
142 144
143 716
144 145
690 716
145 146
146 147
147 447
147 448
147 449
446 447
448 450
449 636
148 149
149 150
153 154
154 155
155 156
156 648
156 669
156 670
647 648
668 669
670 671
159 160
159 161
160 162
162 163
163 164
164 165
165 204
165 205
203 204
205 206
166 167
167 168
168 169
169 170
170 171
171 172
172 334
172 540
333 334
173 174
174 175
175 176
176 298
176 342
176 343
341 342
200 343
177 178
178 179
179 180
180 181
181 182
182 183
183 323
183 325
183 326
322 323
323 324
325 327
326 502
184 185
185 186
186 187
187 188
188 189
189 190
190 191
191 192
192 193
193 194
193 195
193 196
194 197
195 386
196 686
197 198
385 386
198 199
198 200
199 290
289 290
201 202
202 203
206 207
207 208
208 675
208 676
674 675
676 677
209 210
210 211
211 212
212 213
213 214
213 215
214 217
215 292
215 658
217 598
217 630
291 292
292 660
534 658
218 219
219 220
220 221
221 222
222 489
222 491
222 492
488 489
491 493
492 631
223 224
224 225
224 226
225 227
226 651
227 228
227 229
650 651
228 230
228 231
229 604
230 232
231 730
603 604
232 233
365 730
233 261
233 262
260 261
262 263
234 235
235 236
235 237
236 238
237 709
238 239
239 240
240 241
241 242
242 243
243 244
244 245
245 246
246 247
247 248
247 249
248 250
248 251
249 591
250 252
590 591
255 257
257 258
258 259
259 260
263 264
538 539
267 268
267 269
268 270
269 528
269 662
527 528
661 662
662 685
272 273
273 274
274 275
275 276
275 277
276 278
277 495
278 279
494 495
279 280
280 281
281 282
282 283
283 547
283 639
546 547
547 548
638 639
284 285
285 425
285 472
423 425
425 672
471 472
286 287
287 288
288 289
659 660
293 294
294 295
294 296
295 297
296 708
297 501
500 501
501 502
299 300
300 301
301 302
302 303
303 304
304 305
305 306
308 318
317 318
311 312
312 313
313 314
314 315
315 316
316 317
319 320
320 321
321 322
324 597
327 328
328 329
329 330
330 331
331 332
332 333
335 336
336 337
336 338
337 339
338 535
339 456
339 457
455 456
457 653
457 654
340 341
345 346
349 394
349 395
395 396
352 353
353 497
497 498
354 355
355 356
356 357
357 596
357 605
357 606
606 607
606 608
358 359
359 360
360 361
361 362
361 363
362 364
364 365
365 406
365 729
405 406
728 729
366 367
367 628
368 369
369 633
633 634
370 371
371 372
372 373
373 374
374 375
375 376
376 377
377 378
378 379
379 380
380 381
381 382
382 383
383 384
384 385
387 388
388 389
389 390
390 391
391 519
519 520
396 397
397 398
398 399
399 400
400 401
401 451
401 575
401 656
450 451
451 657
574 656
402 403
403 404
404 405
407 408
408 409
414 415
415 416
418 419
419 420
420 421
420 422
421 423
671 672
429 430
430 431
430 432
431 433
433 434
434 435
435 436
436 437
437 438
438 439
439 440
440 441
444 445
445 446
635 636
657 725
452 453
453 454
454 455
652 653
458 459
459 460
460 461
460 462
461 463
463 464
470 471
473 474
474 475
475 476
476 477
477 478
477 479
478 480
480 481
481 482
482 483
483 484
484 485
485 486
486 487
487 488
493 703
493 704
631 632
704 705
494 496
496 518
498 610
609 610
499 500
503 504
503 505
504 506
506 507
507 508
508 509
509 510
558 559
512 513
513 514
514 515
514 516
515 517
516 692
517 583
691 692
583 584
520 521
521 522
522 523
525 526
526 527
529 530
530 531
531 532
532 533
533 534
536 537
537 538
543 544
544 545
545 546
550 551
551 552
552 553
553 554
554 555
555 556
556 557
557 572
557 574
571 572
560 561
561 562
562 563
563 564
564 565
565 566
566 567
567 568
568 569
571 573
576 577
584 585
584 586
586 625
624 625
617 618
588 589
589 590
592 593
599 600
602 603
607 609
608 702
612 613
613 614
618 619
621 622
622 623
623 624
632 701
700 701
634 635
637 638
640 641
641 642
642 643
643 644
644 645
645 646
646 647
649 650
724 725
684 685
663 664
664 665
665 666
666 667
667 668
673 674
677 678
678 679
679 680
680 681
681 682
682 727
682 728
683 684
687 688
688 689
689 690
690 715
714 715
693 694
694 695
695 696
696 697
697 698
698 699
699 700
710 711
711 712
712 713
713 714
717 718
718 719
719 720
720 721
721 722
722 723
723 724
