1 2
1 3
1 4
1 5
1 6
2 7
3 18
4 276
4 336
5 458
6 837
7 8
275 276
336 492
457 458
836 837
837 887
8 815
815 816
9 10
10 11
11 12
12 13
13 14
13 15
13 16
14 17
15 499
16 732
17 646
17 647
499 816
129 732
166 646
647 648
19 20
20 553
20 799
20 886
210 553
225 799
885 886
21 22
22 23
23 628
23 804
626 628
803 804
24 25
25 461
25 481
25 854
459 461
479 481
26 27
27 28
28 29
29 30
30 617
30 885
616 617
617 705
617 884
31 32
32 33
33 34
34 35
35 36
36 37
37 38
37 39
38 40
38 41
39 645
40 42
41 778
644 645
42 43
42 44
778 779
778 780
43 45
45 46
46 47
47 466
47 467
467 468
48 49
48 50
49 51
50 341
51 608
51 861
340 341
606 608
608 635
52 53
53 339
53 654
338 339
339 657
652 654
654 655
54 55
55 82
55 211
55 303
81 82
82 83
82 84
302 303
303 305
56 57
57 58
58 59
59 60
60 61
60 62
60 63
61 64
62 413
63 425
64 65
410 413
424 425
65 537
65 538
538 539
66 67
67 68
67 69
69 870
69 871
869 870
871 872
70 71
70 72
71 468
72 284
72 353
468 531
468 532
283 284
284 772
352 353
353 428
353 429
73 74
73 75
74 76
74 77
76 78
78 137
78 138
138 139
79 80
80 81
83 785
84 624
784 785
623 624
624 821
85 86
85 87
85 88
86 426
87 495
88 814
426 427
495 496
495 497
813 814
89 90
90 91
91 92
92 237
92 238
238 239
93 94
94 95
95 96
95 97
96 98
98 99
99 700
99 751
390 700
700 781
750 751
100 101
101 228
101 282
101 496
226 228
228 498
281 282
282 335
102 103
102 104
103 189
103 190
104 703
188 189
183 190
702 703
105 106
106 107
107 448
389 448
448 449
108 109
108 110
110 540
110 541
110 542
539 540
480 541
542 823
111 112
112 113
113 779
114 115
114 116
115 117
116 583
117 118
465 583
118 576
118 834
575 576
673 834
119 120
119 121
120 309
120 310
120 311
121 417
308 309
310 312
310 313
311 435
311 867
416 417
122 123
123 124
124 125
125 126
125 127
126 128
128 129
129 731
402 731
130 131
130 132
131 133
132 223
133 134
222 223
223 235
223 570
134 188
134 233
187 188
135 136
136 664
136 771
663 664
664 772
770 771
139 140
140 298
140 662
297 298
662 663
141 142
141 143
142 144
143 762
144 145
144 146
761 762
145 147
146 445
147 148
444 445
148 149
149 150
150 151
151 152
152 791
558 791
153 154
154 155
154 156
155 157
156 455
157 158
158 159
158 160
159 161
161 162
162 163
163 742
521 742
742 780
164 165
165 166
165 167
167 685
167 853
684 685
168 169
169 655
655 786
655 859
170 171
171 172
172 173
173 179
173 800
177 179
174 175
175 176
176 578
176 579
579 580
177 178
178 180
180 181
180 182
181 183
181 184
184 665
184 666
666 667
185 186
186 187
191 192
192 193
193 232
193 781
231 232
232 620
305 781
194 195
195 196
196 412
196 862
408 412
843 862
197 198
198 636
636 637
199 200
199 201
200 202
201 580
202 203
203 204
204 712
204 713
711 712
653 713
205 206
206 207
207 208
208 209
209 210
210 304
210 552
302 304
212 213
213 760
213 761
759 760
214 215
214 216
215 217
217 218
218 219
219 220
220 221
221 671
221 672
670 671
672 673
234 235
569 570
224 225
225 798
797 798
226 227
227 229
227 230
229 231
230 289
230 612
610 612
619 620
620 667
234 236
236 776
775 776
239 240
239 241
240 551
241 707
550 551
707 708
242 243
242 244
243 245
243 246
243 247
244 622
244 777
245 248
246 270
247 756
621 622
248 249
755 756
249 250
249 251
250 252
251 675
252 253
674 675
253 819
253 820
528 819
820 821
254 255
255 256
256 257
257 258
258 259
259 708
259 709
709 710
260 261
261 262
261 263
262 264
263 693
264 265
265 266
266 267
267 268
268 269
269 687
269 688
686 687
688 689
271 272
271 273
272 274
274 275
277 278
278 279
278 280
279 827
280 660
280 874
826 827
659 660
660 875
334 335
335 584
335 642
772 860
285 286
286 406
286 533
286 534
405 406
533 535
287 288
288 720
288 721
719 720
721 722
290 291
291 292
292 293
293 294
293 295
295 618
295 725
618 619
724 725
296 297
299 300
300 301
301 302
305 765
582 765
764 765
306 307
307 342
307 487
340 342
342 489
486 487
487 488
312 314
313 422
434 435
866 867
314 786
420 422
422 736
315 316
316 494
488 494
317 318
318 420
318 447
419 420
319 320
320 321
321 322
322 323
322 324
323 325
323 326
323 327
323 328
325 329
326 349
327 484
328 676
329 330
483 484
676 852
330 331
331 332
332 333
333 504
333 505
503 504
505 506
392 642
454 642
642 643
491 492
337 338
656 657
657 658
340 343
489 767
344 345
345 346
346 439
439 440
347 348
348 415
348 416
350 351
351 517
516 517
517 865
517 866
429 430
354 355
355 383
355 384
382 383
384 596
384 629
384 630
356 357
357 358
358 359
359 360
360 361
360 362
361 363
363 830
363 831
831 832
364 365
365 366
366 367
367 368
368 369
369 370
370 371
371 372
372 373
373 374
373 375
373 376
374 377
376 668
377 378
668 669
378 379
379 380
379 381
380 512
380 513
381 856
511 512
513 514
855 856
593 596
596 833
627 629
630 692
385 386
386 387
387 388
387 389
387 390
387 391
388 392
389 450
390 698
391 741
392 547
392 641
450 881
697 698
698 699
740 741
546 547
639 641
393 394
394 395
395 421
419 421
421 475
396 397
397 398
398 399
399 400
400 401
401 402
401 403
401 404
402 729
403 743
728 729
743 882
407 408
407 409
408 410
408 411
409 690
409 738
410 414
411 747
689 690
414 790
746 747
789 790
790 829
418 419
474 475
735 736
736 737
423 424
427 443
441 443
430 431
431 432
432 433
433 485
433 486
436 437
437 438
438 650
650 651
440 441
440 442
442 801
444 446
880 881
451 452
452 706
705 706
453 454
456 457
459 460
460 462
462 463
463 464
464 465
465 877
876 877
532 589
532 590
469 470
470 471
471 766
471 767
471 768
514 766
577 768
472 473
473 474
474 476
476 536
535 536
536 716
477 478
478 479
478 480
482 483
490 491
491 493
497 601
600 601
500 501
501 502
502 503
506 507
507 508
508 509
509 510
510 511
515 516
864 865
518 519
519 520
520 521
521 637
521 835
522 523
523 680
523 681
679 680
681 682
681 683
524 525
525 526
526 527
527 528
528 818
817 818
529 530
530 599
530 600
598 599
588 589
715 716
822 823
543 544
544 545
545 546
548 549
549 550
554 555
555 556
556 557
556 558
557 559
558 795
559 560
794 795
560 704
704 705
561 562
562 563
563 564
564 565
564 566
565 638
566 717
638 639
638 640
717 718
567 568
568 569
571 572
572 573
573 574
574 773
574 774
774 775
575 577
581 582
582 849
848 849
585 586
586 587
587 588
591 592
592 593
593 594
593 595
594 597
595 754
597 598
753 754
602 603
603 604
604 694
694 695
605 606
606 607
607 609
609 610
609 611
633 635
611 714
613 614
614 615
615 616
883 884
625 626
626 627
691 692
631 632
632 633
632 634
634 723
722 723
640 873
872 873
643 661
648 649
649 863
649 864
651 652
651 653
858 859
658 659
875 876
669 841
840 841
851 852
677 678
678 679
682 684
695 744
695 745
745 746
696 697
699 832
701 702
710 711
726 727
727 728
728 730
733 734
734 735
739 740
748 749
749 750
752 753
757 758
758 759
763 764
769 770
782 783
783 784
787 788
788 789
828 829
792 793
793 794
796 797
802 803
805 806
806 807
807 808
808 842
808 843
809 810
810 811
811 812
812 813
824 825
825 826
838 839
839 840
844 845
845 846
846 847
847 848
850 851
857 858
868 869
878 879
879 880
