1 2
2 3
3 351
351 352
4 5
4 6
5 7
6 642
7 8
641 642
8 9
9 10
10 11
11 12
12 13
13 14
14 15
15 16
16 17
17 18
18 19
19 20
20 21
21 22
22 23
23 24
24 63
24 64
24 65
62 63
64 66
65 478
25 26
26 27
27 28
28 29
29 30
30 31
31 32
32 33
33 34
34 35
35 36
36 37
37 38
38 39
39 463
39 464
462 463
464 465
40 41
41 42
42 43
43 44
44 45
45 46
46 47
46 48
47 49
48 669
49 50
668 669
50 51
51 52
52 53
53 54
54 55
54 56
55 57
56 214
57 58
213 214
58 59
59 60
60 61
61 62
66 67
477 478
67 68
68 69
69 70
70 71
71 72
72 73
73 74
74 75
75 76
76 77
77 78
78 79
79 491
79 492
492 493
80 81
81 82
82 83
83 84
84 85
85 86
86 87
86 88
87 89
88 216
89 90
215 216
90 482
482 483
91 92
92 93
93 94
94 95
95 96
96 97
97 98
98 99
99 100
100 476
100 701
475 476
476 702
700 701
101 102
102 169
102 644
167 169
643 644
103 104
104 105
105 106
106 107
107 108
108 109
109 110
110 111
111 112
112 113
113 114
114 115
115 116
116 117
117 118
118 119
119 120
119 121
120 122
121 369
122 123
342 369
123 124
124 125
125 652
125 653
651 652
653 654
126 127
127 128
128 129
129 130
130 131
131 132
132 133
133 134
134 135
135 136
136 137
137 138
138 139
139 140
140 141
141 142
142 143
143 144
144 145
145 146
146 147
147 207
147 208
147 209
206 207
208 210
203 209
148 149
149 150
150 151
150 152
151 153
152 388
153 154
154 155
155 156
156 157
157 158
158 159
159 160
160 161
161 162
162 163
163 546
163 578
545 546
546 547
577 578
164 165
165 211
165 252
165 253
210 211
251 252
253 254
166 167
167 168
168 170
168 171
170 172
171 344
171 697
172 575
172 576
343 344
344 481
574 575
576 577
173 174
174 397
174 398
396 397
398 399
175 176
176 177
177 178
178 179
179 180
180 181
181 182
182 183
183 184
184 185
185 186
186 187
187 188
187 189
188 190
189 539
190 191
538 539
191 192
192 193
193 194
194 195
195 196
196 197
197 198
198 199
199 200
200 201
201 202
202 203
203 748
747 748
204 205
205 206
210 212
215 217
217 426
425 426
218 219
219 220
220 221
221 222
222 223
223 224
224 225
225 226
226 227
227 228
228 229
229 230
229 231
230 232
231 770
232 233
769 770
233 234
234 235
235 236
236 237
237 238
238 239
239 240
240 241
241 242
242 243
242 244
243 285
244 559
284 285
285 460
559 560
245 246
246 247
247 248
248 687
248 688
686 687
688 689
249 250
250 251
254 365
254 655
364 365
365 656
255 256
256 257
257 258
258 259
259 260
260 261
261 262
262 263
263 264
264 265
265 266
266 267
267 268
268 269
269 270
270 271
271 272
272 273
273 274
274 275
275 276
276 277
277 278
278 279
279 280
280 281
281 282
281 283
282 284
283 292
291 292
459 460
286 287
287 288
288 289
289 290
290 291
293 294
294 295
295 296
296 383
296 673
382 383
383 672
673 674
297 298
297 299
298 300
299 350
300 301
349 350
301 302
302 303
303 304
304 305
305 421
305 422
420 421
422 423
306 307
307 308
308 309
309 310
310 311
311 312
312 313
313 314
314 315
315 544
315 545
543 544
316 317
317 318
318 319
319 320
320 321
321 322
322 323
323 324
324 325
325 326
326 327
327 328
327 329
328 330
329 696
330 331
694 696
331 332
332 333
333 334
334 335
335 336
336 337
337 338
338 568
338 569
567 568
569 570
339 340
340 341
341 342
342 368
367 368
480 481
345 346
346 347
347 348
348 349
352 353
353 354
354 355
355 356
356 357
357 358
357 359
358 360
359 451
360 361
450 451
361 362
362 363
363 364
656 657
366 367
370 371
371 372
372 373
373 374
374 375
375 376
376 377
377 378
378 379
379 380
380 381
381 382
671 672
384 385
385 386
386 387
387 788
387 789
787 788
789 790
389 390
390 391
391 392
392 393
393 394
394 395
395 396
399 400
400 401
401 402
402 403
403 404
404 405
405 406
406 407
406 408
407 409
409 410
410 411
411 412
412 413
413 414
414 415
415 416
416 417
417 418
418 419
419 420
423 424
424 425
427 428
428 429
429 430
430 431
431 432
432 433
433 434
434 435
435 436
436 437
437 438
438 439
439 440
440 441
441 442
442 443
443 444
444 445
445 446
446 447
447 448
448 449
449 450
452 453
452 454
452 455
453 456
454 594
455 704
456 457
593 594
703 704
457 458
458 459
461 462
465 466
466 467
467 468
468 469
469 470
470 471
471 472
472 473
473 474
474 475
702 703
479 480
483 484
484 485
485 486
486 487
487 488
488 489
489 490
490 540
540 541
493 494
494 495
495 496
496 497
497 498
498 499
498 500
499 501
500 616
500 827
501 502
615 616
826 827
502 503
503 504
504 505
505 506
506 507
507 508
508 509
509 510
510 511
511 512
512 513
513 514
514 515
515 516
515 517
516 518
517 548
518 519
547 548
519 520
520 521
521 522
522 523
523 524
524 525
525 526
525 527
526 614
526 749
527 757
613 614
749 750
756 757
528 529
529 530
530 531
531 532
532 533
533 534
534 535
535 536
536 537
537 538
541 542
542 543
547 549
549 721
720 721
550 551
551 552
552 553
552 554
553 555
554 664
555 556
663 664
556 557
557 558
558 718
558 719
717 718
719 720
560 561
561 562
562 563
563 564
564 565
565 566
566 567
570 571
571 572
571 573
572 574
573 602
601 602
579 580
580 581
581 582
582 583
583 584
584 585
585 728
585 729
727 728
729 730
586 587
587 588
588 589
589 590
590 591
591 592
592 593
595 596
596 597
597 598
598 599
599 600
600 601
603 604
604 605
605 606
606 607
607 638
607 639
637 638
639 640
608 609
609 610
610 611
611 612
612 713
612 714
712 713
695 714
617 618
618 619
619 620
620 621
621 622
622 623
623 624
624 625
625 626
626 627
626 628
627 629
628 775
629 630
774 775
630 764
630 765
763 764
765 766
631 632
632 633
633 634
634 635
635 636
636 637
640 641
645 646
646 647
647 648
648 649
649 650
650 651
654 659
654 660
658 659
660 661
657 658
661 662
662 663
665 666
665 667
666 668
670 671
674 675
675 676
676 677
677 678
678 679
679 680
680 681
681 682
682 683
683 684
684 685
685 686
689 690
690 691
691 692
691 693
692 694
692 695
693 802
801 802
698 699
699 700
705 706
706 707
707 708
708 709
709 710
710 711
711 712
715 716
716 717
722 723
723 724
724 725
725 726
726 727
730 731
731 732
732 733
733 734
734 735
735 736
736 737
737 738
738 739
739 740
740 741
741 742
742 811
742 812
810 811
812 813
743 744
744 745
745 746
746 747
750 751
751 752
752 753
753 754
754 755
755 756
758 759
759 760
760 761
761 762
762 763
766 767
767 768
768 769
771 772
772 773
773 774
776 777
777 778
778 779
779 780
780 781
781 782
782 783
783 784
784 785
785 786
786 787
790 791
791 792
792 793
793 794
794 795
795 796
796 797
797 798
798 799
799 800
800 801
803 804
804 805
805 806
806 807
807 808
808 809
809 810
813 814
814 815
815 816
816 817
817 818
818 819
819 820
820 821
821 822
822 823
823 824
824 825
825 826
