1 3
1 57
1 99
1 100
2 3
3 4
3 17
56 57
57 58
57 59
97 99
99 100
2 100
2 89
88 89
89 90
89 91
4 5
4 6
4 79
17 19
17 42
5 6
5 7
6 8
6 9
6 16
11 79
67 79
77 79
78 79
7 8
7 9
7 91
8 10
8 12
8 28
9 10
9 11
14 16
16 18
16 50
90 91
91 92
10 11
10 12
10 33
10 94
12 13
12 14
12 84
26 28
27 28
28 30
11 39
21 33
31 33
32 33
33 35
33 94
37 39
39 41
39 92
13 15
13 71
14 63
47 84
82 84
83 84
84 85
84 86
15 51
15 55
15 74
15 92
25 71
58 71
70 71
71 72
61 63
62 63
63 64
63 65
49 51
51 52
51 53
38 55
53 55
55 56
72 74
73 74
74 75
74 76
74 87
53 92
90 92
92 98
18 19
18 34
18 69
27 50
34 50
48 50
49 50
50 54
19 20
19 21
19 97
40 42
41 42
42 43
42 44
32 34
34 35
67 69
68 69
69 70
20 21
20 22
21 22
95 97
96 97
22 26
22 43
24 26
25 26
26 27
43 44
43 45
43 66
23 24
23 25
24 56
54 56
56 58
27 29
29 30
29 31
30 31
30 32
31 52
31 58
31 87
52 54
52 98
58 59
85 87
86 87
87 88
35 36
35 37
36 37
36 38
36 82
37 38
38 40
80 82
81 82
40 41
40 76
41 46
41 60
53 76
75 76
44 46
45 46
46 47
46 48
59 60
60 61
44 45
45 47
64 66
65 66
66 68
47 49
48 49
53 54
96 98
59 61
61 96
95 96
62 64
64 65
65 67
67 68
68 70
70 72
72 73
73 75
75 77
77 78
78 80
80 81
81 83
81 93
83 85
93 95
85 86
88 90
