1 2
1 100
2 3
99 100
3 4
4 5
5 79
12 79
78 79
79 80
6 7
6 70
7 8
69 70
8 9
9 10
10 11
11 64
63 64
64 65
12 45
44 45
13 34
33 34
34 35
14 15
15 16
16 17
16 50
17 59
49 50
27 59
58 59
59 60
18 19
18 65
19 20
20 21
21 22
22 23
23 24
24 25
25 76
75 76
76 77
26 46
46 47
28 29
28 54
29 30
53 54
30 31
31 32
32 33
32 67
66 67
35 36
36 37
37 38
38 39
39 40
40 41
41 42
42 43
43 44
47 48
48 49
51 52
52 53
53 82
81 82
55 56
56 57
57 58
60 61
61 62
62 63
68 69
71 72
72 73
73 74
74 75
77 78
80 81
83 84
84 85
85 86
86 87
87 88
88 89
89 90
90 91
91 92
92 93
93 94
94 95
95 96
96 97
97 98
98 99
