1 2
1 3
1 999
2 3
2 4
2 374
2 1000
3 4
3 5
3 510
997 999
998 999
999 1000
4 5
4 6
4 626
372 374
373 374
374 375
374 613
374 630
298 1000
998 1000
5 6
5 337
183 510
508 510
510 512
510 812
6 7
6 924
54 626
625 626
147 337
335 337
336 337
337 338
337 339
7 8
7 9
922 924
923 924
924 925
924 926
8 9
8 10
9 24
9 136
9 285
9 759
10 11
10 471
23 24
24 25
24 582
61 136
134 136
135 136
136 388
136 780
136 927
283 285
285 287
285 363
757 759
759 760
759 761
11 12
11 13
11 790
469 471
470 471
471 472
471 473
471 729
471 817
12 13
12 294
12 699
13 15
13 140
13 537
788 790
789 790
790 791
292 294
293 294
294 296
263 699
697 699
699 700
699 701
14 15
15 16
15 943
138 140
139 140
140 412
140 802
195 537
536 537
537 538
14 16
14 781
16 18
16 771
780 781
781 783
941 943
942 943
943 944
943 945
18 371
18 670
445 771
448 771
770 771
771 772
771 773
17 19
17 243
19 21
19 310
241 243
242 243
243 244
243 245
120 371
369 371
370 371
371 372
371 444
668 670
669 670
670 671
670 672
21 23
21 341
25 310
308 310
309 310
310 312
20 22
20 292
20 709
20 954
20 977
22 142
22 411
22 904
291 292
707 709
708 709
709 882
492 954
899 954
953 954
954 955
975 977
976 977
977 978
977 979
23 25
23 135
23 835
23 961
340 341
341 342
341 343
341 556
141 142
142 143
142 144
142 248
142 735
409 411
411 658
302 904
904 905
25 26
25 27
134 135
571 835
834 835
835 961
959 961
960 961
581 582
582 584
582 935
26 27
26 949
27 28
27 29
27 291
38 949
949 950
28 29
28 30
29 30
29 958
289 291
291 426
30 32
30 297
30 382
30 482
765 958
956 958
957 958
958 960
31 32
32 33
32 34
32 608
32 825
296 297
297 299
380 382
381 382
382 383
480 482
481 482
482 483
482 816
31 33
33 34
33 61
34 196
34 260
484 608
606 608
607 608
608 610
78 825
824 825
60 61
61 63
61 381
194 196
195 196
196 197
196 198
196 274
258 260
259 260
260 261
260 712
35 36
35 37
36 37
36 38
37 38
37 39
38 40
38 189
38 623
38 895
39 41
39 277
40 41
40 42
187 189
188 189
189 506
189 540
189 948
621 623
622 623
623 625
623 992
844 895
893 895
894 895
895 897
41 43
41 319
41 518
276 277
277 278
277 726
42 44
42 231
42 361
43 45
43 936
317 319
318 319
319 827
62 518
496 518
517 518
518 806
518 956
44 45
44 46
229 231
231 233
231 513
88 361
359 361
361 362
361 950
45 809
45 847
934 936
936 937
936 938
46 47
46 48
809 810
809 811
126 847
162 847
514 847
847 848
847 849
47 48
47 49
47 86
47 817
48 49
48 50
49 50
49 60
49 143
85 86
86 87
86 394
86 459
284 817
815 817
816 817
50 51
50 52
50 693
58 60
59 60
60 62
60 524
85 143
107 143
141 143
51 52
51 951
52 158
52 513
666 693
691 693
692 693
486 951
951 952
951 995
151 158
156 158
157 158
158 160
158 888
512 513
513 514
513 515
53 54
53 55
54 421
54 756
54 815
55 56
55 57
421 423
421 973
756 757
756 758
452 815
815 816
56 57
56 265
57 58
57 840
263 265
265 266
265 267
265 339
58 59
58 658
720 840
839 840
840 842
59 735
657 658
658 659
658 671
658 717
108 735
603 735
735 737
62 64
522 524
524 525
63 64
63 65
380 381
381 383
381 972
64 65
64 213
64 417
64 561
65 66
65 67
65 389
211 213
212 213
213 214
415 417
417 419
417 714
559 561
560 561
561 562
66 67
66 68
66 113
66 470
67 68
67 69
133 389
387 389
388 389
389 390
68 69
68 70
111 113
113 115
113 453
468 470
69 71
69 538
70 72
70 279
70 327
70 579
70 960
71 72
71 73
536 538
538 540
538 547
72 73
72 74
81 279
279 280
325 327
326 327
327 437
385 579
577 579
579 580
891 960
959 960
73 74
73 609
74 75
74 76
74 627
74 779
126 609
607 609
609 610
609 611
75 77
75 295
75 565
75 987
76 77
76 604
627 628
627 638
777 779
778 779
779 780
77 79
77 724
293 295
295 296
295 886
563 565
564 565
565 566
985 987
986 987
987 988
602 604
604 606
604 797
604 908
79 80
79 81
79 199
79 661
437 724
722 724
724 733
78 80
78 661
80 81
80 82
80 464
563 661
659 661
660 661
661 758
661 845
81 82
81 83
197 199
198 199
199 200
199 633
82 263
82 449
193 464
462 464
463 464
83 84
83 85
262 263
447 449
449 450
449 451
449 732
84 237
84 557
84 683
85 589
235 237
236 237
237 238
237 239
555 557
556 557
557 558
457 683
681 683
682 683
683 684
683 685
587 589
588 589
589 590
87 88
87 89
99 394
392 394
393 394
394 395
458 459
459 460
88 379
88 753
89 90
89 91
377 379
378 379
379 844
751 753
752 753
753 754
753 755
753 822
90 380
90 668
91 92
91 303
380 992
458 668
666 668
92 94
92 491
92 862
92 899
234 303
302 303
303 305
93 94
94 95
94 96
489 491
490 491
491 492
491 493
489 862
860 862
861 862
862 863
862 880
897 899
898 899
93 95
95 97
95 357
95 612
96 97
96 98
97 129
97 944
355 357
356 357
357 358
357 647
611 612
612 614
612 940
98 121
98 426
98 767
98 875
127 129
128 129
129 130
129 131
290 944
768 944
944 946
119 121
121 878
121 914
424 426
425 426
426 645
765 767
766 767
767 768
767 769
624 875
873 875
874 875
875 877
99 974
736 974
806 974
974 975
974 976
100 101
100 102
101 102
101 367
102 103
102 366
102 833
367 368
367 369
367 418
367 738
103 104
103 105
103 368
364 366
365 366
366 368
366 957
768 833
832 833
833 834
104 105
104 106
105 106
105 107
368 370
106 107
106 933
107 108
107 109
849 933
931 933
932 933
933 978
108 261
109 110
109 111
109 437
261 262
261 406
261 504
261 691
261 769
261 984
110 111
110 249
111 112
111 267
435 437
437 439
247 249
249 250
249 737
112 114
112 364
112 708
112 733
267 268
267 596
267 740
267 795
114 115
114 116
362 364
706 708
707 708
708 710
586 733
731 733
732 733
115 116
115 743
453 454
116 117
116 118
344 743
434 743
656 743
725 743
741 743
742 743
743 744
117 384
117 784
118 119
118 120
118 256
383 384
384 385
384 392
190 784
782 784
783 784
784 786
784 808
119 586
120 122
120 909
220 256
254 256
256 258
256 307
168 586
483 586
584 586
586 587
586 588
122 123
122 124
122 786
122 937
473 909
782 909
907 909
908 909
909 910
876 878
877 878
878 879
878 880
858 914
913 914
914 915
914 916
914 926
123 125
123 546
124 126
124 477
681 786
785 786
935 937
937 938
125 126
125 127
125 328
544 546
545 546
546 548
546 785
546 926
475 477
476 477
477 479
477 867
127 128
326 328
328 330
128 130
128 216
130 132
130 885
214 216
215 216
216 217
131 133
131 365
131 433
132 133
132 461
883 885
884 885
885 886
885 887
133 134
363 365
431 433
432 433
433 434
433 435
166 461
461 462
461 575
388 390
778 780
925 927
927 928
137 138
137 919
138 139
138 250
138 315
917 919
918 919
919 920
919 921
139 141
248 250
250 252
314 315
315 317
315 907
141 358
141 754
141 831
258 412
412 540
726 802
800 802
801 802
802 804
356 358
358 896
456 754
752 754
829 831
830 831
831 832
144 145
144 146
246 248
247 248
145 146
145 147
145 757
146 148
146 655
147 148
755 757
148 149
148 212
148 723
653 655
654 655
655 656
655 657
149 151
149 673
149 762
210 212
212 214
440 723
473 723
722 723
151 928
673 674
440 762
761 762
762 763
150 152
150 603
152 153
152 154
603 605
301 928
703 928
845 928
928 930
153 154
153 155
154 155
154 156
155 156
155 157
156 157
156 472
157 792
463 472
791 792
792 793
792 794
159 160
160 161
160 162
191 888
442 888
500 888
886 888
887 888
888 890
159 161
159 891
161 162
161 163
161 585
889 891
890 891
162 164
162 595
163 164
163 407
206 585
583 585
584 585
585 587
585 601
164 165
164 166
593 595
594 595
595 596
405 407
406 407
407 408
407 409
165 166
165 167
166 167
167 514
167 539
167 938
512 514
514 516
539 540
539 541
564 938
901 938
938 940
168 169
168 290
169 170
169 174
169 317
255 290
288 290
289 290
170 172
170 306
172 174
174 176
174 385
316 317
317 318
171 172
172 475
305 306
306 307
306 318
171 173
173 175
173 613
173 698
473 475
475 476
175 176
175 177
611 613
613 615
351 698
580 698
591 698
696 698
698 858
176 177
176 178
176 968
383 385
385 852
177 178
177 556
178 179
178 665
493 968
966 968
967 968
968 969
555 556
179 180
179 181
663 665
664 665
665 666
665 667
180 181
180 182
181 182
181 276
182 183
182 184
230 276
276 278
183 598
184 185
184 186
184 511
280 598
597 598
598 704
185 186
185 338
186 188
186 227
186 339
218 511
511 521
336 338
338 340
338 962
188 190
188 509
188 860
225 227
226 227
227 228
227 229
187 890
307 890
685 890
889 890
890 971
190 192
405 509
507 509
508 509
505 506
506 507
340 540
540 542
420 948
946 948
947 948
948 950
192 193
192 194
191 193
191 207
191 947
193 194
193 438
205 207
207 209
207 634
946 947
194 195
436 438
438 439
438 440
438 480
195 197
197 198
198 200
273 274
274 515
200 201
200 202
200 448
200 633
200 727
200 993
631 633
632 633
201 202
201 203
202 204
202 430
202 486
446 448
725 727
726 727
727 728
395 993
751 993
203 204
203 205
204 205
204 206
204 519
429 430
430 998
486 487
205 647
206 208
519 521
647 648
647 649
208 209
208 483
208 836
209 210
209 211
632 634
634 635
634 675
481 483
483 484
284 836
834 836
210 211
211 431
429 431
431 432
214 215
215 217
215 679
217 218
217 313
677 679
678 679
679 680
679 842
218 219
218 220
218 478
311 313
313 314
313 814
313 824
219 220
219 403
220 221
476 478
478 479
478 906
478 945
401 403
402 403
403 404
403 405
221 222
221 223
221 996
222 223
222 224
223 225
223 678
994 996
995 996
996 998
224 225
224 226
225 226
386 678
676 678
678 680
226 228
226 355
228 229
228 230
353 355
354 355
229 264
230 232
230 650
262 264
264 266
264 434
232 233
232 234
648 650
650 651
233 234
233 235
234 236
234 353
235 432
236 238
326 353
351 353
352 353
432 821
238 239
238 240
238 651
239 240
239 241
240 241
240 242
649 651
651 652
241 242
242 244
244 245
244 246
245 246
245 247
246 247
737 738
737 739
251 252
252 253
252 254
251 253
253 254
253 255
253 667
254 282
255 257
584 667
666 667
667 720
280 282
281 282
282 283
282 284
257 258
257 259
258 259
259 682
442 682
680 682
681 682
682 684
710 712
711 712
712 713
712 714
262 284
278 406
404 406
406 574
502 504
503 504
504 505
689 691
691 692
768 769
769 770
566 984
982 984
983 984
283 284
284 525
266 268
266 378
434 435
434 436
434 485
268 269
268 270
376 378
377 378
378 474
378 925
554 596
594 596
739 740
740 742
793 795
794 795
795 797
269 270
269 271
270 271
270 644
271 272
271 273
643 644
644 645
644 646
272 273
272 731
273 312
273 869
729 731
730 731
731 732
311 312
312 314
312 469
312 553
736 869
832 869
867 869
868 869
869 871
515 516
515 517
275 494
275 601
492 494
493 494
494 495
494 496
599 601
600 601
601 602
278 280
280 281
281 283
283 499
283 755
283 965
497 499
498 499
499 501
499 541
479 755
541 965
963 965
964 965
304 525
525 526
286 287
287 288
287 289
287 916
362 363
286 288
288 289
288 553
915 916
916 917
551 553
296 298
296 646
886 887
298 299
298 300
646 648
299 300
299 301
300 302
300 822
301 302
302 304
820 822
822 824
304 305
305 967
451 967
967 969
316 318
318 320
318 532
308 689
688 689
689 690
309 311
309 423
309 903
311 859
422 423
423 424
903 905
857 859
859 861
314 316
467 469
468 814
813 814
814 816
823 824
636 907
905 907
906 907
320 322
320 590
530 532
531 532
532 534
532 734
826 827
827 828
827 829
321 322
322 323
322 324
322 352
588 590
590 591
590 592
590 721
321 773
772 773
773 774
773 775
773 821
323 325
323 440
324 325
324 326
350 352
325 326
440 442
329 330
330 331
330 332
330 821
329 849
848 849
849 850
849 851
849 863
331 332
331 333
332 333
332 334
332 690
820 821
333 334
333 335
334 335
334 336
360 690
393 690
688 690
335 336
336 410
336 866
408 410
410 793
864 866
865 866
866 867
340 342
962 963
962 964
342 343
342 973
343 344
343 345
697 973
971 973
972 973
973 975
344 422
345 346
345 398
345 591
420 422
422 424
422 911
346 347
346 348
396 398
397 398
398 399
398 400
347 348
347 349
347 465
348 350
348 745
349 350
349 351
463 465
465 467
350 351
744 745
745 746
745 747
354 356
858 896
894 896
896 897
896 898
359 360
360 876
659 876
876 877
950 952
955 957
957 959
369 370
418 420
736 738
738 739
370 372
372 373
443 444
444 548
373 375
375 376
375 500
375 892
628 630
629 630
630 811
376 998
498 500
500 502
892 893
997 998
474 476
923 925
925 926
842 844
843 844
844 845
990 992
991 992
399 972
970 972
390 392
392 877
850 852
851 852
852 853
386 942
420 942
940 942
941 942
387 543
387 669
419 543
542 543
543 545
624 669
669 671
390 391
391 393
391 530
393 395
393 460
528 530
529 530
530 534
530 941
439 877
877 879
395 396
395 397
458 460
460 462
396 397
397 399
399 401
399 578
400 402
400 687
401 402
436 578
576 578
577 578
578 652
578 804
578 838
402 404
657 687
686 687
687 688
687 803
404 405
405 495
495 497
495 619
572 574
573 574
574 576
574 912
408 409
409 688
686 688
791 793
793 794
413 414
413 415
413 930
414 415
414 416
415 416
929 930
930 931
416 834
416 970
834 848
970 971
419 805
428 714
713 714
714 716
420 620
803 805
805 806
805 807
618 620
620 622
620 638
424 425
910 911
911 912
425 427
427 428
427 429
447 645
643 645
428 429
428 659
657 659
435 436
435 978
485 487
635 978
976 978
439 606
479 480
605 606
606 607
442 443
441 443
441 492
441 625
441 945
443 445
490 492
445 446
488 548
547 548
548 549
548 550
548 913
446 447
447 905
542 905
905 906
450 451
450 452
450 887
451 672
730 732
732 991
452 454
671 672
672 674
672 819
454 455
454 456
454 587
455 456
455 457
456 457
456 458
456 517
457 458
458 812
516 517
811 812
462 463
573 575
575 577
575 619
575 979
466 467
467 468
466 468
468 880
879 880
880 882
728 729
867 868
481 685
684 685
685 686
816 818
484 562
560 562
562 563
562 564
487 488
487 489
488 489
488 789
787 789
788 789
496 497
497 498
599 619
618 619
501 502
501 503
541 542
502 503
502 902
503 505
535 902
818 902
900 902
901 902
505 507
507 508
520 521
521 523
516 716
715 716
716 717
716 718
752 806
804 806
955 956
956 988
520 522
522 523
523 597
523 796
597 599
794 796
796 797
796 798
526 527
526 528
527 528
527 529
528 529
529 531
531 533
533 534
534 536
939 941
533 535
734 736
535 536
545 547
547 549
542 649
648 649
649 871
544 545
545 908
783 785
785 787
807 926
549 550
549 558
549 874
550 551
550 777
912 913
558 559
558 560
808 874
872 874
873 874
551 552
775 777
776 777
777 778
777 893
552 554
552 703
554 555
554 921
701 703
702 703
703 705
703 975
555 576
920 921
921 922
921 923
559 560
560 854
853 854
854 855
563 564
564 797
566 567
566 568
566 632
567 568
567 569
567 676
568 569
631 632
569 570
569 571
674 676
675 676
570 571
570 572
571 572
571 573
572 573
910 912
979 980
979 981
643 652
652 654
837 838
838 839
580 581
581 583
583 584
602 935
929 935
934 935
592 593
592 594
719 721
721 722
593 611
610 611
599 600
702 704
704 705
704 706
600 602
602 846
846 848
605 607
605 617
615 617
616 617
617 618
610 642
610 843
635 642
640 642
641 642
642 643
841 843
843 845
843 855
843 863
614 615
614 616
615 616
616 618
621 622
622 624
637 638
638 915
628 629
629 631
810 811
811 813
635 636
674 675
636 637
637 639
639 640
639 641
884 915
915 917
640 641
641 643
870 871
871 873
653 654
654 656
656 720
677 720
718 720
719 720
720 722
715 717
717 719
660 662
662 663
662 664
758 760
845 985
663 664
663 966
664 879
964 966
879 881
776 819
818 819
819 820
680 681
841 842
681 810
808 810
684 686
801 803
692 694
694 695
694 696
695 696
695 697
696 697
856 858
857 858
700 701
700 702
701 702
705 706
705 707
975 983
706 707
710 711
881 882
882 883
882 884
711 713
713 715
713 969
969 971
718 719
718 760
760 761
728 730
730 823
989 991
990 991
739 741
741 742
742 744
744 746
744 830
746 747
746 748
828 830
829 830
747 748
747 749
748 749
748 750
749 750
749 751
750 751
750 752
761 778
776 778
763 764
763 765
764 765
764 766
765 766
766 768
766 939
807 939
770 772
770 865
772 774
864 865
774 775
774 776
775 776
782 783
787 788
798 800
798 922
799 800
800 910
920 922
922 923
799 801
799 813
818 820
826 828
828 829
837 839
839 841
853 855
855 857
861 863
985 986
850 851
851 853
856 857
868 870
870 872
872 873
881 883
883 884
897 898
897 981
898 900
980 981
981 983
900 901
917 918
918 920
931 932
932 934
952 953
952 963
994 995
995 997
953 955
963 964
986 988
988 989
988 990
982 983
980 982
989 990
