1 2
1 3
1 725
1 998
1 1000
2 3
2 4
2 5
2 999
2 1000
3 5
3 537
3 628
3 741
3 842
3 1000
525 725
723 725
724 725
725 726
725 727
725 728
569 998
612 998
667 998
676 998
995 998
996 998
998 1000
997 1000
999 1000
4 6
4 7
4 916
5 6
5 8
5 578
5 744
170 999
997 999
535 537
536 537
537 538
537 936
490 628
625 628
626 628
627 628
628 630
738 741
739 741
741 742
741 743
741 744
741 811
43 842
56 842
600 842
840 842
841 842
842 843
6 7
6 8
6 9
6 422
7 8
7 9
7 10
913 916
914 916
915 916
916 917
916 918
916 919
8 9
8 10
8 11
8 504
8 778
575 578
577 578
578 579
578 581
578 785
742 744
743 744
744 746
744 747
9 10
9 250
9 764
9 844
9 902
419 422
420 422
422 424
422 513
10 11
10 12
10 13
10 607
11 13
11 14
11 639
11 745
501 504
502 504
503 504
504 506
504 507
504 979
30 778
776 778
777 778
778 781
203 250
247 250
248 250
249 250
250 251
250 983
762 764
763 764
764 765
764 766
764 767
841 844
843 844
844 845
844 846
323 902
600 902
899 902
900 902
901 902
902 903
902 905
12 13
12 14
12 144
13 15
13 175
13 521
148 607
604 607
605 607
606 607
607 609
607 610
14 15
14 16
14 972
316 639
636 639
639 640
639 641
639 684
742 745
743 745
745 747
745 748
745 847
141 144
142 144
144 147
144 324
144 347
144 720
15 16
15 18
15 248
130 175
172 175
173 175
174 175
175 176
175 376
159 521
519 521
520 521
521 522
521 523
521 904
16 17
16 18
16 19
16 540
16 682
498 972
971 972
972 973
972 975
18 19
18 20
18 21
18 55
246 248
247 248
248 249
248 480
248 811
17 20
17 70
17 109
17 322
17 392
17 476
17 809
19 20
19 21
19 22
27 540
298 540
363 540
538 540
539 540
540 541
679 682
682 684
682 685
20 21
20 22
20 23
67 70
68 70
69 70
70 72
70 73
70 805
107 109
108 109
109 111
109 112
109 238
93 322
319 322
320 322
322 323
322 361
322 477
322 491
310 392
389 392
390 392
391 392
392 394
392 484
286 476
473 476
474 476
475 476
476 497
806 809
807 809
809 810
809 811
809 812
21 22
21 23
21 24
21 265
53 55
55 56
55 57
22 23
22 24
22 25
22 82
22 219
22 413
23 24
23 25
23 463
23 644
24 25
24 26
24 27
24 694
24 703
24 834
263 265
265 266
265 473
265 716
25 27
25 551
25 586
79 82
81 82
82 84
82 872
82 877
62 219
216 219
217 219
218 219
219 220
219 233
411 413
412 413
413 414
413 416
413 820
460 463
461 463
462 463
463 465
463 466
463 808
617 644
642 644
643 644
644 645
644 646
644 647
26 27
26 29
26 543
26 724
26 812
27 28
27 29
691 694
692 694
693 694
694 695
694 732
694 958
227 703
700 703
702 703
703 704
703 705
451 834
833 834
834 835
258 551
549 551
550 551
551 552
551 554
551 963
150 586
163 586
583 586
584 586
585 586
586 587
586 589
586 821
29 30
29 31
29 360
161 543
541 543
542 543
543 545
543 546
543 910
543 929
722 724
723 724
724 756
810 812
811 812
812 814
812 815
28 30
28 31
28 893
30 31
30 33
30 913
31 32
31 33
31 314
31 541
31 930
31 996
31 997
75 893
619 893
890 893
891 893
892 893
893 894
893 896
357 360
358 360
359 360
360 362
360 393
360 707
33 34
33 35
33 976
98 913
801 913
911 913
912 913
913 914
913 915
32 35
32 162
32 312
32 574
32 768
208 314
314 315
314 317
314 527
314 922
257 541
264 541
539 541
541 544
541 858
483 930
927 930
928 930
930 932
209 996
447 996
993 996
994 996
995 996
441 997
931 997
35 36
35 37
35 38
72 162
159 162
162 163
162 164
162 165
162 428
162 895
310 312
311 312
312 313
312 315
312 617
571 574
572 574
573 574
574 576
574 872
574 894
574 912
561 768
765 768
766 768
767 768
768 769
768 770
768 771
34 36
34 37
34 163
512 976
878 976
973 976
974 976
975 976
976 977
976 979
36 38
36 196
36 246
36 383
36 449
36 593
36 646
36 983
37 38
37 39
37 40
37 684
160 163
163 164
163 166
163 391
163 608
163 944
38 39
38 40
38 41
38 565
193 196
196 197
196 346
196 389
143 246
193 246
243 246
246 249
246 675
246 710
246 897
380 383
383 385
383 386
383 554
446 449
447 449
448 449
449 450
449 452
590 593
591 593
592 593
593 594
593 596
593 717
493 646
548 646
643 646
646 649
980 983
981 983
982 983
983 984
983 985
39 40
39 42
39 421
40 41
40 438
40 487
325 684
681 684
683 684
684 756
684 870
41 42
41 44
41 257
562 565
565 566
565 568
42 44
42 45
42 760
190 421
418 421
421 424
421 995
436 438
438 439
438 440
438 441
438 945
338 487
486 487
487 489
487 575
487 944
43 44
44 45
44 47
44 388
44 770
254 257
256 257
257 258
257 598
43 45
45 47
45 48
45 420
45 900
45 904
345 760
758 760
759 760
760 761
760 762
760 763
43 728
326 728
627 728
726 728
727 728
728 879
47 49
47 50
47 155
354 388
385 388
386 388
387 388
388 659
353 770
637 770
767 770
769 770
770 771
770 772
770 773
770 924
46 48
48 51
48 278
48 325
418 420
420 423
420 986
898 900
899 900
900 903
184 904
750 904
901 904
903 904
904 905
46 514
46 837
46 921
96 514
512 514
514 515
514 517
514 915
514 932
835 837
837 838
837 839
837 840
445 921
484 921
919 921
920 921
921 924
49 50
49 52
49 297
49 524
49 748
50 52
50 53
50 818
126 155
152 155
154 155
155 156
155 157
155 158
155 184
155 262
51 53
51 54
51 173
51 711
276 278
278 279
278 280
278 281
323 325
325 326
325 327
52 53
52 54
52 852
294 297
296 297
297 298
297 299
297 634
293 524
522 524
523 524
524 753
72 748
746 748
747 748
748 749
748 750
53 56
53 777
687 818
816 818
817 818
818 820
818 821
54 56
54 57
54 301
54 608
170 173
171 173
172 173
173 176
173 280
286 711
496 711
709 711
711 713
711 714
711 885
849 852
850 852
852 853
852 854
852 855
56 57
56 58
56 59
182 777
534 777
660 777
774 777
775 777
777 779
777 780
777 915
57 59
57 60
57 176
57 452
299 301
300 301
301 303
301 304
605 608
606 608
608 609
608 610
58 59
58 61
58 523
58 992
59 61
59 731
59 769
59 802
59 825
60 62
60 63
60 891
174 176
176 177
176 178
176 179
176 367
176 528
346 452
450 452
451 452
452 453
61 62
61 63
61 64
61 143
520 523
522 523
523 525
523 723
523 931
77 992
198 992
276 992
989 992
991 992
353 731
729 731
730 731
731 734
457 769
766 769
767 769
769 771
799 802
800 802
801 802
802 803
802 874
802 931
494 825
645 825
822 825
823 825
824 825
825 827
825 828
62 63
62 64
62 256
63 64
63 65
63 66
436 891
888 891
889 891
890 891
891 892
64 65
64 66
64 67
64 281
64 789
140 143
142 143
143 324
143 495
253 256
254 256
256 258
256 394
256 473
65 68
65 106
65 427
65 511
65 697
66 67
66 68
66 69
67 68
67 69
67 932
279 281
280 281
281 282
281 283
480 789
734 789
786 789
788 789
789 790
789 792
789 905
68 71
68 380
106 107
106 108
106 343
424 427
426 427
427 428
427 430
427 740
415 511
508 511
509 511
510 511
511 513
511 750
511 803
696 697
697 698
697 699
697 700
69 71
69 72
381 932
640 932
932 935
71 73
71 74
71 120
377 380
378 380
380 381
380 584
72 74
72 75
72 324
73 74
73 75
73 76
804 805
805 807
805 808
74 76
74 77
74 841
117 120
118 120
120 121
120 122
120 123
120 648
75 76
75 77
75 793
223 324
321 324
323 324
324 327
76 78
76 753
76 796
77 78
77 79
77 978
831 841
839 841
840 841
841 937
790 793
791 793
792 793
793 794
793 796
793 882
793 889
78 80
78 161
78 335
78 645
752 753
753 754
753 755
753 756
794 796
795 796
796 797
796 798
796 799
79 80
79 211
79 349
184 978
975 978
977 978
978 979
978 980
978 981
80 81
80 241
80 306
80 838
158 161
160 161
161 164
101 335
332 335
333 335
334 335
335 336
335 437
335 679
307 645
642 645
643 645
645 647
645 648
209 211
210 211
211 212
211 214
294 349
346 349
347 349
349 350
349 351
349 526
81 83
81 84
235 241
238 241
240 241
241 243
241 244
241 295
241 564
279 306
303 306
304 306
305 306
306 308
306 309
306 815
307 838
369 838
538 838
713 838
836 838
838 840
83 84
83 86
83 674
83 970
84 85
84 86
84 87
84 442
224 872
865 872
872 875
316 877
375 877
573 877
874 877
875 877
876 877
877 879
85 86
86 87
86 88
86 89
195 674
212 674
221 674
564 674
671 674
672 674
673 674
674 677
673 970
967 970
968 970
969 970
970 971
970 973
85 88
85 888
87 88
87 89
87 90
87 415
293 442
439 442
440 442
442 444
442 493
88 89
88 90
88 91
765 888
886 888
888 889
888 890
89 90
89 92
89 130
89 443
90 92
90 93
90 104
90 165
228 415
412 415
414 415
91 92
91 93
91 94
92 94
92 95
92 589
128 130
129 130
130 132
130 133
130 627
311 443
441 443
443 446
93 94
93 95
101 104
102 104
103 104
104 105
104 826
164 165
165 166
165 167
165 168
165 419
94 96
94 97
94 354
94 704
95 98
95 213
95 320
95 358
95 631
321 589
587 589
588 589
589 590
589 591
589 719
589 835
96 97
96 440
96 656
96 907
97 98
97 99
97 100
97 948
272 354
340 354
352 354
353 354
354 355
354 356
354 357
213 704
410 704
701 704
702 704
704 706
98 99
98 101
146 213
210 213
213 214
213 216
213 633
111 320
317 320
319 320
320 321
355 358
356 358
357 358
358 361
358 490
519 631
630 631
631 632
631 633
631 776
437 440
439 440
440 643
653 656
654 656
655 656
656 657
656 658
906 907
907 908
907 909
907 910
99 100
99 101
99 102
99 305
100 101
100 102
100 103
343 948
398 948
945 948
947 948
948 949
948 950
101 336
101 553
101 650
102 105
102 386
102 890
302 305
303 305
305 308
305 485
103 105
103 214
103 821
336 338
336 339
336 577
552 553
553 554
553 555
553 556
184 650
647 650
649 650
650 651
650 652
105 108
105 313
105 417
105 619
105 780
105 887
384 386
385 386
386 389
386 654
300 890
547 890
819 890
887 890
889 890
890 892
214 215
214 217
214 289
214 470
214 791
214 869
819 821
821 823
821 824
117 826
243 826
245 826
823 826
824 826
826 827
826 829
108 111
108 469
108 782
108 942
108 984
310 313
313 315
313 316
313 848
313 859
416 417
417 419
417 917
455 619
616 619
619 621
619 649
497 780
780 781
780 782
222 887
884 887
885 887
887 964
107 110
107 122
341 343
342 343
343 346
110 112
110 113
110 217
110 389
110 526
110 662
119 122
121 122
122 123
122 124
122 125
111 113
111 539
466 469
467 469
468 469
469 472
469 847
239 782
779 782
781 782
782 784
782 785
381 942
941 942
942 944
404 984
982 984
984 986
984 987
112 113
112 114
112 115
236 238
238 239
238 371
113 115
113 116
113 404
113 783
216 217
217 220
124 389
387 389
389 390
423 526
526 527
526 528
526 529
526 831
183 662
661 662
662 663
662 951
536 539
538 539
539 542
539 939
114 116
114 117
114 701
114 929
115 116
115 356
115 548
116 117
116 118
116 580
402 404
403 404
404 405
404 406
404 407
404 669
506 783
781 783
783 784
783 786
117 119
117 950
181 701
698 701
699 701
700 701
701 702
701 943
391 929
926 929
928 929
355 356
356 357
356 501
368 548
486 548
501 548
546 548
548 550
118 119
118 207
479 580
577 580
579 580
580 581
580 582
119 121
119 277
596 950
947 950
950 952
153 207
204 207
205 207
206 207
207 208
207 210
121 123
121 124
225 277
274 277
275 277
277 279
277 845
123 125
123 126
123 792
489 648
647 648
648 733
648 736
124 125
124 126
124 362
124 623
125 127
125 372
125 647
126 127
126 129
126 482
263 792
428 792
790 792
791 792
792 794
792 885
359 362
362 364
362 365
204 623
620 623
621 623
622 623
623 624
623 626
127 128
127 129
127 332
127 408
127 908
372 373
372 374
372 375
178 647
647 649
128 129
129 132
129 966
129 979
480 482
481 482
482 484
482 485
128 131
329 332
330 332
331 332
332 333
332 334
406 408
407 408
408 409
408 584
408 756
670 908
905 908
906 908
908 909
908 910
131 132
131 134
131 857
132 133
132 134
132 240
963 966
964 966
965 966
966 968
966 969
134 979
977 979
979 981
133 134
133 135
133 136
133 169
133 451
624 627
626 627
627 629
627 630
134 135
134 137
134 429
854 857
857 858
857 859
857 860
237 240
240 242
240 243
135 136
135 137
135 138
136 137
136 139
136 583
166 169
168 169
169 170
169 747
451 453
137 139
137 140
137 500
137 867
426 429
429 430
429 431
429 432
138 140
138 232
138 508
139 140
139 141
139 315
139 522
183 583
581 583
582 583
583 585
140 493
140 545
140 765
192 500
497 500
498 500
499 500
500 501
500 507
470 867
864 867
865 867
867 869
867 870
229 232
230 232
231 232
232 233
232 234
232 235
232 750
506 508
508 509
508 640
508 990
141 142
141 547
141 817
274 315
315 316
315 317
315 318
519 522
520 522
522 681
522 986
491 493
492 493
493 494
493 495
407 545
542 545
544 545
545 547
545 560
545 767
545 957
762 765
763 765
765 767
142 145
142 333
142 502
546 547
547 749
547 816
814 817
815 817
816 817
817 819
817 820
145 146
145 195
145 581
145 763
330 333
331 333
333 334
333 924
499 502
501 502
502 503
276 495
492 495
495 497
147 149
147 150
147 861
344 347
347 348
347 350
185 720
717 720
718 720
719 720
720 722
720 723
146 148
146 149
146 653
192 195
193 195
194 195
195 197
195 761
348 581
579 581
581 582
174 763
761 763
762 763
763 766
148 150
148 151
149 150
149 151
149 152
149 659
651 653
652 653
653 654
653 655
150 151
150 604
846 861
859 861
861 862
861 863
861 864
151 153
151 154
151 925
152 153
152 154
152 967
273 659
657 659
658 659
659 660
659 661
602 604
603 604
604 605
604 606
153 156
153 474
153 927
154 156
154 157
154 652
190 925
790 925
830 925
922 925
923 925
925 928
925 982
755 967
964 967
965 967
967 968
156 157
156 158
156 828
156 935
339 474
471 474
472 474
474 475
474 477
552 927
924 927
926 927
927 928
157 158
157 159
157 160
651 652
652 654
158 159
158 961
181 184
182 184
183 184
184 186
259 262
260 262
261 262
262 263
262 264
742 828
827 828
828 831
933 935
935 936
935 937
935 938
159 160
159 348
159 718
159 759
160 986
787 961
960 961
961 962
961 963
961 964
346 348
348 603
716 718
718 721
718 814
756 759
758 759
759 761
759 762
374 986
870 986
985 986
164 202
164 693
164 784
344 428
425 428
428 430
892 895
895 897
895 898
166 167
166 883
295 391
390 391
391 393
391 394
191 944
194 944
941 944
943 944
944 945
944 947
199 202
200 202
202 205
202 879
503 693
692 693
693 696
693 985
318 784
781 784
784 785
784 786
784 787
167 188
167 431
167 579
167 641
168 170
168 171
365 419
416 419
418 419
419 436
419 695
800 883
880 883
883 884
883 912
185 188
186 188
187 188
188 189
188 190
188 191
188 851
431 432
431 434
289 579
350 579
576 579
579 582
261 641
638 641
640 641
641 643
641 654
170 171
170 601
170 658
171 172
171 174
505 747
746 747
747 749
747 750
598 601
599 601
601 602
601 603
283 658
655 658
658 660
658 781
172 174
172 212
174 606
209 212
212 215
212 401
212 616
279 280
280 283
603 606
373 376
374 376
375 376
376 377
376 378
376 709
177 178
177 179
177 180
178 180
178 181
178 198
178 839
179 180
179 181
179 182
364 367
365 367
366 367
367 369
367 370
527 528
528 530
528 531
180 181
180 182
180 426
180 751
181 183
181 801
181 865
198 200
198 201
836 839
839 840
182 185
425 426
426 567
426 855
749 751
751 752
751 754
183 185
183 186
799 801
800 801
862 865
863 865
864 865
865 866
865 868
185 186
185 680
186 189
186 309
677 680
678 680
679 680
680 681
680 683
187 189
189 190
189 192
189 668
308 309
309 310
309 311
309 536
187 190
187 331
190 191
190 829
328 331
329 331
330 331
331 373
331 955
191 192
191 194
191 456
311 851
377 851
848 851
849 851
851 853
851 854
851 910
192 193
192 194
192 716
300 668
666 668
668 669
668 670
668 671
829 830
829 832
829 856
194 197
453 456
454 456
455 456
456 457
456 458
713 716
714 716
715 716
716 717
197 199
197 459
197 494
267 761
534 761
758 761
761 788
344 346
345 346
346 850
199 200
199 201
344 459
458 459
459 460
459 461
491 494
492 494
494 496
494 497
200 201
200 847
201 203
201 210
201 221
201 366
201 820
629 847
743 847
847 848
847 850
203 374
203 885
208 210
209 210
218 221
220 221
221 222
221 223
221 224
221 488
221 952
363 366
364 366
365 366
366 368
366 369
820 822
204 205
205 206
205 208
876 879
879 880
879 881
879 977
371 374
373 374
374 377
374 715
884 885
885 886
204 274
272 274
273 274
274 609
206 208
206 209
206 823
208 871
822 823
529 871
709 871
868 871
869 871
871 873
871 874
871 882
215 216
215 218
215 853
401 402
401 403
613 616
614 616
615 616
616 683
216 218
632 633
633 635
633 636
286 289
287 289
288 289
289 290
368 470
467 470
468 470
470 472
470 473
788 791
790 791
866 869
868 869
869 870
218 220
850 853
853 854
853 855
853 856
220 222
220 223
220 779
220 910
231 233
233 234
233 235
222 223
222 224
222 225
223 224
223 226
223 373
223 568
296 779
334 779
776 779
909 910
910 912
224 225
224 226
224 227
224 272
224 433
485 488
486 488
488 489
488 491
951 952
952 953
952 955
225 227
225 690
225 715
226 227
226 228
226 229
352 373
370 373
371 373
373 940
457 568
567 568
568 569
568 570
227 229
227 230
227 957
269 272
270 272
271 272
433 436
433 513
433 833
433 873
534 690
687 690
688 690
689 690
690 691
690 692
712 715
714 715
715 717
715 926
228 229
228 230
228 231
229 230
229 231
230 231
230 434
403 957
432 957
698 957
954 957
955 957
956 957
957 959
231 234
432 434
434 435
434 436
434 437
234 235
234 236
234 237
235 468
235 567
734 750
749 750
750 756
236 237
236 239
237 291
237 445
237 560
466 468
467 468
468 471
564 567
566 567
567 569
567 570
239 255
239 302
239 416
288 291
290 291
291 292
291 293
291 294
444 445
445 446
445 447
557 560
558 560
559 560
560 562
560 685
368 371
369 371
370 371
252 255
253 255
254 255
255 258
255 678
302 303
302 304
414 416
416 418
416 635
242 243
242 244
242 245
243 244
243 245
244 245
244 247
244 787
293 295
295 296
400 564
562 564
563 564
245 247
245 897
247 275
786 787
787 788
787 790
894 897
896 897
897 898
897 899
249 252
249 337
249 375
672 675
673 675
675 678
675 859
707 710
708 710
709 710
710 712
710 995
275 276
275 378
261 480
477 480
478 480
479 480
480 483
808 811
810 811
252 253
252 254
252 679
252 856
334 337
337 339
337 340
337 850
375 377
375 858
251 254
251 664
251 696
253 254
387 664
663 664
664 665
664 666
695 696
696 698
696 699
253 807
677 679
678 679
854 856
855 856
856 858
856 859
804 807
806 807
807 810
258 260
258 261
676 678
677 678
678 681
393 394
394 396
394 397
471 473
472 473
473 475
595 598
596 598
597 598
598 599
598 600
260 263
260 617
260 691
259 261
261 264
261 585
259 299
259 959
296 299
298 299
299 300
299 683
886 959
919 959
956 959
958 959
959 960
263 264
614 617
615 617
405 691
406 691
689 691
691 692
264 266
264 624
552 585
582 585
584 585
585 588
266 268
266 269
266 577
266 756
266 977
624 625
624 626
268 269
268 271
268 507
268 785
267 269
269 270
269 271
575 577
576 577
577 949
754 756
974 977
975 977
267 270
267 307
267 622
270 271
270 365
304 307
307 308
307 310
620 622
621 622
622 625
622 757
271 273
271 785
379 507
505 507
507 509
507 510
785 786
785 788
363 365
364 365
365 368
273 276
276 279
276 353
276 370
609 610
609 612
609 654
378 379
378 381
378 708
279 282
351 353
353 455
369 370
370 479
843 845
845 846
845 848
282 283
282 284
282 285
282 424
283 284
283 285
284 285
284 286
284 287
285 286
285 287
285 471
424 425
424 491
286 287
287 288
287 290
287 550
471 472
471 870
471 960
288 290
290 292
290 293
290 355
290 854
430 550
549 550
550 552
292 293
292 294
292 344
292 444
293 296
352 355
294 296
341 344
342 344
344 804
345 444
441 444
444 446
444 447
444 803
296 298
296 549
298 300
298 450
546 549
632 634
634 636
634 637
448 450
450 453
483 683
681 683
683 686
683 695
683 786
303 304
304 843
840 843
843 846
308 310
308 311
483 485
484 485
485 486
485 529
657 815
813 815
815 816
310 311
310 949
310 994
311 499
534 536
536 538
671 949
946 949
947 949
991 994
993 994
994 995
497 499
498 499
499 501
316 317
316 318
316 319
846 848
848 850
833 859
859 860
317 319
317 774
525 527
527 709
527 757
919 922
920 922
922 923
922 924
318 319
318 321
318 552
319 321
771 774
772 774
773 774
774 775
774 776
774 831
774 969
321 713
689 713
712 713
713 954
323 326
359 361
361 363
361 364
361 989
475 477
477 478
477 479
489 491
490 491
326 328
326 329
327 328
327 329
327 330
327 903
328 329
328 330
329 525
329 990
901 903
903 906
804 990
987 990
988 990
990 991
953 955
954 955
955 958
923 924
435 437
436 437
437 439
338 339
338 341
339 340
339 341
340 342
340 409
849 850
341 342
342 345
406 409
409 410
409 412
409 960
632 804
803 804
350 351
350 555
350 649
602 603
603 605
351 352
351 516
351 860
351 941
555 556
555 557
555 558
555 721
518 649
649 651
352 918
513 516
515 516
516 517
516 518
516 596
858 860
860 862
860 863
938 941
939 941
940 941
941 943
917 918
918 920
918 968
453 455
454 455
357 387
498 501
501 503
384 387
387 799
461 490
490 492
390 393
393 395
393 396
393 576
393 933
705 707
706 707
707 708
707 709
707 752
707 870
363 364
987 989
988 989
989 991
478 479
479 481
479 535
875 940
937 940
938 940
940 943
377 379
432 858
855 858
706 709
709 712
379 381
379 382
379 566
381 382
381 384
381 625
381 798
381 886
559 708
705 708
706 708
382 385
382 520
382 798
566 569
566 934
384 385
625 626
795 798
797 798
798 799
798 800
884 886
886 889
385 642
517 520
518 520
554 556
554 557
642 643
602 654
651 654
654 880
559 799
797 799
799 800
390 605
481 605
602 605
483 484
395 397
395 398
395 721
396 397
396 399
396 686
573 576
575 576
909 933
933 936
397 398
397 399
397 400
398 399
398 754
719 721
721 722
721 723
399 400
399 402
399 410
399 836
685 686
686 687
686 688
686 689
400 402
400 403
400 483
400 962
489 754
754 755
402 403
402 405
407 410
410 411
410 412
835 836
403 405
481 483
483 486
483 663
483 866
960 962
962 964
962 965
405 406
405 618
405 740
406 407
666 669
667 669
669 671
669 672
669 722
669 827
531 618
618 620
618 621
738 740
739 740
740 742
740 743
411 412
412 414
958 960
411 414
414 563
561 563
563 643
563 947
635 637
635 638
914 917
917 919
917 920
435 436
692 695
423 425
423 757
465 995
993 995
512 513
513 515
425 822
755 757
757 758
757 946
819 822
822 824
430 432
430 486
486 489
830 833
831 833
873 874
873 875
873 876
435 621
435 660
460 621
620 621
657 660
660 663
439 441
868 945
640 643
446 447
446 448
447 448
447 510
447 562
800 803
803 806
448 938
509 510
510 512
559 562
561 562
938 939
453 454
453 600
454 457
597 600
599 600
600 939
457 460
458 460
458 968
460 461
460 462
702 968
968 969
461 462
461 464
462 464
462 465
464 465
464 466
464 467
465 466
465 467
465 939
466 467
466 676
806 808
808 810
685 939
936 939
937 939
676 677
472 475
868 870
475 478
478 481
496 497
519 535
532 535
533 535
534 535
535 898
661 663
663 767
863 866
864 866
866 868
529 532
489 492
572 575
496 498
496 594
498 673
591 594
592 594
594 596
594 901
670 673
671 673
672 673
503 506
505 506
506 509
509 512
509 878
637 640
638 640
640 953
512 515
875 878
876 878
878 881
515 517
515 531
517 519
517 816
914 915
530 531
531 532
531 534
531 544
518 519
595 596
596 597
814 816
681 733
722 723
928 931
931 934
831 832
530 532
530 533
532 533
532 534
533 534
533 542
542 544
544 546
896 898
898 899
898 901
846 936
934 936
936 937
766 767
746 749
749 752
630 963
963 964
963 965
556 557
556 558
556 559
557 558
557 559
558 559
558 561
558 665
629 665
665 714
685 687
685 688
946 947
569 570
569 571
934 937
570 571
570 572
570 573
570 881
571 572
571 573
572 573
573 629
863 881
881 884
626 629
629 630
892 894
894 896
909 912
911 912
912 914
582 592
590 592
591 592
592 595
587 588
588 590
588 591
587 590
587 688
590 591
687 688
688 689
717 719
719 722
832 835
595 597
714 717
899 901
597 599
599 602
610 611
610 612
610 613
611 612
612 614
612 615
611 613
611 614
613 614
613 615
614 615
615 758
755 758
630 632
773 776
775 776
636 637
636 638
637 638
638 956
953 956
954 956
956 958
951 953
730 733
732 733
733 734
733 736
735 736
736 737
736 738
736 739
655 657
880 882
661 973
671 973
971 973
973 974
666 667
712 714
667 670
670 671
671 672
824 827
827 830
687 689
692 737
734 737
735 737
737 738
737 928
982 985
985 987
985 988
729 732
730 732
732 734
732 832
698 699
698 700
699 700
699 702
700 702
702 705
943 946
705 706
706 965
964 965
752 755
923 926
813 814
726 727
726 729
727 729
727 730
729 730
734 830
734 832
734 846
832 909
800 846
735 738
738 739
739 742
742 743
755 981
980 981
981 982
788 790
771 772
771 773
772 773
772 775
773 775
969 971
905 906
794 795
794 797
882 884
889 892
795 797
797 800
874 875
874 876
810 813
813 875
906 909
862 863
862 864
863 864
896 899
911 914
919 920
920 923
980 982
971 974
974 975
987 988
988 991
991 993
