1 2
1 3
1 82
1 84
1 99
1 100
2 3
2 4
2 5
2 99
3 4
3 5
3 6
3 100
79 82
80 82
81 82
82 83
82 85
24 84
83 84
84 85
84 86
84 87
24 99
98 99
99 100
31 100
81 100
97 100
98 100
4 5
4 6
4 7
5 6
5 8
5 55
5 91
6 7
6 8
6 9
7 8
7 9
7 10
8 9
8 10
8 11
52 55
54 55
55 57
55 58
76 91
88 91
89 91
90 91
91 92
91 94
9 10
9 11
9 12
10 11
10 12
10 13
11 12
11 13
11 47
12 13
12 14
12 15
12 42
12 46
13 14
13 15
13 16
44 47
45 47
46 47
47 48
47 49
47 50
47 69
14 15
14 16
14 17
15 16
15 17
15 93
38 42
39 42
40 42
41 42
42 43
42 79
43 46
44 46
46 83
16 17
16 18
16 19
17 18
17 19
17 90
90 93
92 93
93 94
93 95
93 96
18 19
18 20
18 21
19 20
19 21
19 81
87 90
88 90
89 90
90 92
90 96
20 21
20 22
20 23
21 22
21 23
21 24
34 81
38 81
78 81
79 81
80 81
81 83
22 23
22 24
22 25
23 24
23 25
23 26
24 25
25 26
25 27
25 28
26 27
26 28
26 29
27 28
27 29
27 30
28 29
28 30
28 31
28 53
29 30
29 31
29 32
30 31
30 32
30 33
30 97
31 32
31 33
50 53
51 53
52 53
53 54
53 56
32 33
32 34
32 35
33 34
33 35
33 36
92 97
94 97
95 97
96 97
97 98
34 35
34 36
34 37
35 36
35 37
35 63
36 37
36 38
36 39
37 38
37 39
37 40
41 63
60 63
61 63
62 63
63 64
63 65
38 40
39 40
39 41
40 43
40 73
41 43
41 44
43 44
43 60
57 73
70 73
71 73
72 73
73 74
73 76
44 45
76 79
77 79
78 79
79 80
57 60
58 60
60 61
60 62
45 48
45 65
48 49
48 50
48 51
62 65
65 66
65 67
65 68
65 98
80 83
83 85
83 86
49 50
49 51
49 52
50 51
50 52
50 59
66 69
67 69
68 69
69 70
69 71
51 52
51 54
51 66
52 54
56 59
57 59
58 59
59 61
59 62
54 56
54 57
64 66
66 67
56 57
56 58
57 58
57 64
58 61
58 86
61 64
62 64
64 67
61 62
85 86
86 87
86 88
67 68
67 70
68 71
68 92
95 98
96 98
70 71
70 72
71 72
71 74
89 92
92 94
72 74
72 75
74 75
74 76
74 77
75 76
75 77
75 78
76 77
76 78
77 78
77 80
78 80
85 87
85 88
87 88
87 89
88 89
94 96
95 96
94 95
