1 3
1 4
1 13
1 98
1 99
1 100
2 3
3 4
3 5
3 6
3 100
2 4
4 5
4 6
4 7
4 43
10 13
11 13
12 13
13 14
13 15
13 16
13 52
2 98
72 98
95 98
96 98
97 98
98 100
2 99
96 99
97 99
99 100
2 100
97 100
2 5
2 26
5 6
5 7
5 8
5 82
23 26
24 26
25 26
26 27
26 31
6 7
6 8
6 9
7 8
7 9
7 10
41 43
42 43
43 45
43 46
8 9
8 10
8 11
25 82
80 82
81 82
82 83
82 84
9 10
9 11
9 12
10 11
10 12
11 12
11 14
12 14
12 15
12 38
14 15
14 16
14 17
15 16
15 17
15 51
35 38
37 38
38 39
38 54
38 87
38 91
16 17
16 18
16 19
49 52
50 52
51 52
52 53
52 54
17 18
17 19
17 20
48 51
49 51
50 51
51 53
51 54
18 19
18 20
18 21
19 21
19 22
19 53
19 56
20 21
20 22
20 23
21 22
21 24
21 34
22 23
22 24
22 25
50 53
53 54
53 56
55 56
56 57
56 58
56 59
23 25
23 55
24 25
24 27
31 34
32 34
33 34
34 35
34 36
34 37
25 28
25 33
54 55
55 57
55 58
27 29
27 30
27 80
28 29
28 30
28 31
28 33
30 33
31 33
32 33
29 31
30 31
31 32
29 30
29 32
30 32
36 80
77 80
78 80
79 80
80 81
80 83
32 35
35 36
35 37
36 37
36 39
37 39
37 40
39 40
39 41
39 42
40 41
40 42
40 71
54 57
41 87
86 87
87 88
87 89
88 91
89 91
90 91
91 92
91 93
91 94
41 44
42 44
42 45
69 71
70 71
71 72
71 73
71 74
71 79
44 45
44 46
44 47
45 46
45 48
45 85
46 47
46 48
46 49
47 48
47 49
47 50
48 49
48 50
48 60
69 85
83 85
84 85
85 86
85 88
49 50
49 68
58 60
59 60
60 61
60 63
65 68
66 68
67 68
68 69
68 70
57 58
57 59
57 84
58 59
58 61
59 61
59 62
72 84
81 84
83 84
84 86
61 62
61 63
61 64
62 63
62 64
62 65
63 64
63 65
63 66
64 65
64 66
64 67
65 66
65 67
66 67
66 69
67 69
67 70
69 70
69 72
70 72
70 73
72 73
72 75
73 74
73 75
73 76
74 75
74 76
74 77
76 79
77 79
78 79
79 81
75 76
75 77
75 78
76 77
76 78
77 78
78 81
81 83
83 86
86 89
86 96
88 89
88 90
89 90
89 92
93 96
94 96
95 96
96 97
90 92
90 93
92 93
92 94
92 95
93 94
93 95
94 95
94 97
95 97
