1 2
1 3
1 99
1 100
2 3
2 4
2 100
3 4
3 5
97 99
98 99
99 100
46 100
98 100
4 5
4 6
4 12
5 6
5 7
6 7
6 8
6 36
10 12
11 12
12 14
7 8
7 9
8 9
8 10
8 32
34 36
35 36
36 37
9 10
9 24
10 11
30 32
31 32
32 33
22 24
23 24
24 25
24 49
24 59
11 13
13 14
13 15
14 15
14 16
15 16
15 17
16 17
16 18
17 18
17 19
18 19
18 20
19 20
19 21
20 21
20 22
21 22
21 23
22 23
22 34
23 25
33 34
25 26
25 27
47 49
48 49
49 50
57 59
58 59
59 60
59 61
26 27
26 28
27 28
27 29
27 55
28 29
28 30
29 30
29 31
53 55
54 55
55 57
30 31
31 33
33 35
35 37
37 38
37 39
37 61
37 79
38 39
38 40
39 41
39 69
60 61
61 62
77 79
78 79
79 80
40 41
40 42
41 42
41 43
67 69
68 69
69 70
69 71
42 43
42 44
43 44
43 45
44 45
44 46
45 47
45 90
46 48
47 48
88 90
89 90
90 91
90 92
48 50
50 51
50 52
51 52
51 53
52 53
52 54
53 54
54 56
56 57
56 58
57 58
58 60
58 78
60 62
76 78
77 78
62 63
62 64
63 64
63 73
64 65
64 66
71 73
72 73
73 74
73 75
65 66
65 67
66 67
66 68
67 68
68 70
70 71
70 72
71 72
72 74
74 75
74 95
75 76
75 77
93 95
94 95
95 96
95 97
76 77
80 81
80 82
81 82
81 83
82 83
82 84
83 84
83 85
84 85
84 86
85 86
85 87
86 87
86 88
87 88
87 89
88 89
89 91
91 92
91 93
92 93
92 94
93 94
94 96
96 97
96 98
97 98
