1 1846
1 1847
1 1909
1 1910
1 1917
1 1919
1 2002
428 1846
1763 1846
1793 1846
1846 1847
1846 1917
429 1847
1763 1847
1814 1847
1847 1909
445 1909
1814 1909
1909 1910
1909 1911
455 1910
1910 1911
1910 2002
1910 2003
454 1917
1793 1917
1917 1918
1917 1919
465 1919
486 1919
1918 1919
1919 2002
1919 2013
486 2002
2002 2003
2 1171
2 1172
2 1185
2 1205
2 1208
2 1209
2 1275
2 1277
2 1278
257 1171
1147 1171
1170 1171
1171 1172
1171 1185
258 1172
1142 1172
1147 1172
1172 1208
260 1185
1170 1185
1185 1205
260 1205
281 1205
1204 1205
1205 1274
1205 1275
278 1208
1142 1208
1208 1209
278 1209
279 1209
1174 1209
1209 1278
1209 1279
299 1275
1274 1275
1275 1276
1275 1277
301 1277
1276 1277
1277 1278
1277 1325
302 1278
1278 1279
1278 1325
3 2278
3 2279
3 2375
3 2403
3 2445
3 2447
3 2510
3 2579
512 2278
2188 2278
2278 2279
2278 2306
2278 2445
513 2279
2150 2279
2188 2279
2279 2375
569 2375
2150 2375
2375 2403
2375 2404
573 2403
2403 2404
2403 2579
2403 2580
586 2445
588 2445
2306 2445
2445 2446
2445 2447
588 2447
2447 2509
2447 2510
623 2510
2509 2510
2510 2579
2510 2596
642 2579
2579 2580
2579 2596
4 1731
4 1732
4 1781
4 1783
4 1853
4 1856
388 1731
1730 1731
1731 1732
1731 1845
1731 1853
389 1732
1722 1732
1730 1732
1732 1781
411 1781
1722 1781
1781 1783
1781 1784
413 1783
1783 1784
1783 1856
1783 1857
446 1853
1845 1853
1853 1855
1853 1856
451 1856
1855 1856
1856 1857
5 804
5 818
5 819
5 820
5 849
5 850
180 804
804 805
804 820
181 818
805 818
818 819
182 819
808 819
819 850
819 851
189 820
817 820
820 848
820 849
195 849
848 849
849 850
849 855
196 850
850 851
850 855
6 1093
6 1094
6 1096
6 1099
6 1137
6 1149
248 1093
1092 1093
1093 1094
1093 1135
1093 1137
249 1094
1056 1094
1092 1094
1094 1096
250 1096
1056 1096
1096 1099
1096 1100
252 1099
1099 1100
1099 1149
1099 1150
271 1137
1135 1137
1137 1148
1137 1149
274 1149
1148 1149
1149 1150
7 945
7 946
7 947
7 963
7 986
7 988
206 945
944 945
945 946
945 983
945 986
207 946
929 946
944 946
946 947
208 947
929 947
947 956
947 963
220 963
956 963
963 988
963 989
231 986
983 986
986 987
986 988
233 988
987 988
988 989
8 953
8 954
8 960
8 962
8 964
8 1005
210 953
952 953
953 954
953 993
953 1005
211 954
911 954
952 954
954 960
218 960
911 960
930 960
960 962
219 962
930 962
962 964
962 965
221 964
964 965
964 1005
964 1006
235 1005
993 1005
1005 1006
9 1077
9 1078
9 1098
9 1113
9 1117
9 1118
242 1077
1061 1077
1076 1077
1077 1078
1077 1113
243 1078
1061 1078
1078 1079
1078 1098
251 1098
1079 1098
1098 1118
1098 1119
259 1113
1076 1113
1113 1116
1113 1117
262 1117
1116 1117
1117 1118
1117 1155
263 1118
1118 1119
1118 1155
10 1261
10 1262
10 1263
10 1266
10 1268
10 1311
10 1313
290 1261
1260 1261
1261 1262
1261 1311
291 1262
1230 1262
1260 1262
1262 1263
292 1263
1230 1263
1263 1266
292 1266
293 1266
1234 1266
1266 1268
1266 1269
296 1268
1268 1269
1268 1313
1268 1347
290 1311
311 1311
1310 1311
1311 1312
1311 1313
313 1313
1312 1313
1313 1347
11 1244
11 1245
11 1246
11 1254
11 1296
11 1297
11 1321
282 1244
283 1244
1240 1244
1244 1245
1244 1295
1244 1296
283 1245
1232 1245
1245 1246
284 1246
1232 1246
1246 1247
1246 1254
287 1254
1247 1254
1254 1297
314 1296
1295 1296
1296 1320
1296 1321
287 1297
306 1297
1297 1298
1297 1321
1297 1322
321 1321
1320 1321
1321 1322
12 1524
12 1525
12 1558
12 1559
12 1565
12 1603
343 1524
1520 1524
1524 1525
1524 1557
1524 1565
344 1525
1480 1525
1520 1525
1525 1558
361 1558
1480 1558
1558 1559
1558 1560
362 1559
1559 1560
1559 1603
1559 1607
364 1565
1557 1565
1565 1602
1565 1603
369 1603
1602 1603
1603 1607
13 1410
13 1411
13 1442
13 1461
13 1463
13 1507
316 1410
1404 1410
1410 1411
1410 1428
1410 1461
317 1411
1404 1411
1411 1442
1411 1443
337 1442
1442 1443
1442 1507
1442 1508
345 1461
1428 1461
1461 1462
1461 1463
347 1463
1462 1463
1463 1506
1463 1507
371 1507
1506 1507
1507 1508
14 1925
14 1926
14 1927
14 1999
14 2043
14 2048
442 1925
1866 1925
1925 1926
1925 1990
1925 2043
443 1926
1818 1926
1866 1926
1926 1927
444 1927
1818 1927
1927 1999
1927 2000
479 1999
1999 2000
1999 2048
1999 2081
495 2043
1990 2043
2043 2047
2043 2048
497 2048
2047 2048
2048 2081
15 1562
15 1563
15 1608
15 1623
15 1643
15 1694
354 1562
1527 1562
1562 1563
1562 1637
1562 1643
355 1563
1504 1563
1527 1563
1563 1608
377 1608
1504 1608
1608 1623
1608 1624
378 1623
1623 1624
1623 1694
1623 1750
401 1643
1637 1643
1643 1693
1643 1694
416 1694
1693 1694
1694 1750
16 1466
16 1467
16 1468
16 1499
16 1501
16 1528
330 1466
1396 1466
1436 1466
1466 1467
1466 1499
331 1467
1396 1467
1467 1468
1467 1469
340 1468
1468 1469
1468 1528
1468 1529
356 1499
1436 1499
1499 1500
1499 1501
360 1501
1500 1501
1501 1528
1501 1572
381 1528
1528 1529
1528 1572
17 1549
17 1550
17 1583
17 1595
17 1627
17 1628
357 1549
1534 1549
1549 1550
1549 1616
1549 1627
358 1550
1496 1550
1534 1550
1550 1583
365 1583
1496 1583
1583 1584
1583 1595
380 1595
1584 1595
1595 1628
1595 1629
393 1627
1616 1627
1627 1628
1627 1650
394 1628
1628 1629
1628 1650
18 1773
18 1774
18 1782
18 1785
18 1834
18 1835
408 1773
1729 1773
1772 1773
1773 1774
1773 1785
409 1774
1729 1774
1774 1775
1774 1782
412 1782
1775 1782
1782 1835
1782 1836
418 1785
1772 1785
1785 1833
1785 1834
437 1834
1833 1834
1834 1835
1834 1854
438 1835
1835 1836
1835 1854
19 1803
19 1804
19 1821
19 1843
19 1890
19 1891
424 1803
1754 1803
1802 1803
1803 1804
1803 1843
425 1804
1754 1804
1804 1805
1804 1821
430 1821
1805 1821
1821 1891
1821 1892
433 1843
1802 1843
1843 1889
1843 1890
458 1890
1889 1890
1890 1891
1890 1908
459 1891
1891 1892
1891 1908
20 2136
20 2137
20 2145
20 2156
20 2161
20 2234
472 2136
2136 2137
2136 2160
473 2137
2055 2137
2128 2137
2137 2145
506 2145
2055 2145
2064 2145
2145 2156
510 2156
2064 2156
2156 2234
2156 2245
529 2161
2160 2161
2161 2234
520 2234
2233 2234
2234 2245
21 1914
21 1915
21 2052
21 2053
21 2090
21 2105
420 1914
1913 1914
1914 1915
1914 1987
1914 2090
421 1915
1864 1915
1913 1915
1915 2052
483 2052
1864 2052
2052 2053
2052 2054
484 2053
2053 2054
2053 2105
2053 2192
514 2090
1987 2090
2090 2104
2090 2105
526 2105
2104 2105
2105 2192
22 2669
22 2670
22 2730
22 2742
22 2768
22 2784
618 2669
2658 2669
2669 2670
2669 2729
2669 2768
619 2670
2607 2670
2658 2670
2670 2730
646 2730
2607 2730
2730 2742
2730 2743
651 2742
2742 2743
2742 2784
2742 2840
673 2768
2729 2768
2768 2783
2768 2784
675 2784
2783 2784
2784 2840
23 2384
23 2385
23 2514
23 2529
23 2575
23 2593
23 2650
533 2384
2380 2384
2384 2385
2384 2460
2384 2575
534 2385
596 2385
2380 2385
2385 2482
2385 2514
596 2514
2514 2529
2514 2530
597 2529
2529 2530
2529 2650
2529 2651
624 2575
2460 2575
2575 2592
2575 2593
630 2593
653 2593
2592 2593
2593 2650
2593 2688
653 2650
2650 2651
24 2153
24 2154
24 2191
24 2216
24 2218
24 2240
490 2153
2106 2153
2110 2153
2153 2154
2153 2216
491 2154
2106 2154
2111 2154
2154 2191
527 2191
2111 2191
2191 2240
2191 2241
538 2216
2110 2216
2216 2217
2216 2218
540 2218
2217 2218
2218 2240
2218 2320
541 2240
2240 2241
2240 2320
25 2117
25 2118
25 2155
25 2157
25 2224
25 2246
500 2117
2057 2117
2116 2117
2117 2118
2117 2157
501 2118
2057 2118
2118 2146
2118 2155
509 2155
2155 2225
511 2157
2116 2157
2157 2223
2157 2224
544 2224
2223 2224
2224 2246
2224 2259
557 2246
2225 2246
26 2068
26 2069
26 2084
26 2099
26 2186
26 2239
475 2068
2067 2068
2068 2069
2068 2166
2068 2186
476 2069
1992 2069
2067 2069
2069 2084
499 2084
1992 2084
2084 2099
2084 2100
503 2099
2099 2100
2099 2239
2099 2244
553 2186
2166 2186
2186 2238
2186 2239
560 2239
2238 2239
2239 2244
27 2205
27 2206
27 2207
27 2252
27 2338
27 2368
522 2205
2187 2205
2205 2206
2205 2295
2205 2338
523 2206
2101 2206
2187 2206
2206 2207
524 2207
2101 2207
2207 2252
2207 2253
530 2252
2252 2253
2252 2368
2252 2369
578 2338
2295 2338
2338 2367
2338 2368
591 2368
2367 2368
2368 2369
28 2256
28 2257
28 2348
28 2349
28 2381
28 2383
516 2256
2255 2256
2256 2257
2256 2290
2256 2381
517 2257
2202 2257
2255 2257
2257 2348
554 2348
2202 2348
2348 2349
2348 2350
555 2349
2349 2350
2349 2383
2349 2484
580 2381
2290 2381
2381 2382
2381 2383
582 2383
2382 2383
2383 2484
29 2489
29 2490
29 2571
29 2594
29 2636
29 2643
29 2678
567 2489
2480 2489
2489 2490
2489 2570
2489 2636
568 2490
2407 2490
2480 2490
2490 2571
593 2571
594 2571
2407 2571
2571 2594
2571 2595
594 2594
2594 2678
2594 2682
633 2636
641 2636
2570 2636
2636 2642
2636 2643
641 2643
2643 2677
2643 2678
660 2678
2677 2678
2678 2682
30 2722
30 2723
30 2731
30 2762
30 2791
30 2823
634 2722
2681 2722
2722 2723
2722 2790
2722 2791
635 2723
2646 2723
2681 2723
2723 2731
636 2731
2646 2731
2731 2740
2731 2762
662 2762
2740 2762
2762 2823
2762 2835
672 2791
2790 2791
2791 2822
2791 2823
680 2823
2822 2823
2823 2835
31 2826
31 2827
31 2900
31 2908
31 2910
31 2926
663 2826
2825 2826
2826 2827
2826 2907
2826 2908
664 2827
2825 2827
2827 2838
2827 2900
692 2900
2838 2900
2900 2926
2900 2927
694 2908
2907 2908
2908 2909
2908 2910
705 2910
2909 2910
2910 2926
2910 2964
711 2926
2926 2927
2926 2964
32 3067
32 3068
32 3069
32 3079
32 3092
32 3095
727 3067
3048 3067
3067 3068
3067 3074
3067 3079
728 3068
3048 3068
3068 3069
3068 3070
729 3069
3069 3070
3069 3095
3069 3096
734 3079
3074 3079
3079 3091
3079 3092
738 3092
3092 3094
739 3095
3094 3095
33 2885
33 2886
33 2891
33 2893
33 2956
33 2958
686 2885
2829 2885
2885 2886
2885 2914
2885 2956
687 2886
2806 2886
2829 2886
2886 2891
689 2891
2806 2891
2891 2893
2891 2894
690 2893
2893 2894
2893 2958
2893 2959
696 2956
2914 2956
2956 2957
2956 2958
716 2958
2957 2958
2958 2959
34 764
34 765
34 766
34 776
171 764
761 764
764 774
172 765
761 765
765 767
178 766
766 767
766 779
176 776
774 776
776 779
35 788
35 789
35 793
35 812
175 788
786 788
788 802
176 789
786 789
789 794
180 793
793 794
793 816
187 812
802 812
812 816
36 792
36 795
36 807
36 813
178 792
780 792
791 792
179 795
780 795
795 796
181 807
791 807
807 809
183 813
796 813
809 813
37 830
37 833
37 834
37 842
37 845
37 846
186 830
830 831
830 842
187 833
831 833
833 834
189 834
815 834
834 846
834 847
190 842
841 842
842 844
842 845
193 845
844 845
845 846
845 866
194 846
846 847
846 866
38 822
38 823
38 835
38 836
38 854
38 857
182 822
821 822
822 823
822 853
822 854
183 823
823 824
188 835
824 835
835 836
191 836
836 837
836 857
836 862
197 854
853 854
854 856
854 857
199 857
856 857
857 862
39 939
39 940
39 941
39 943
39 976
39 978
214 939
918 939
938 939
939 940
939 943
205 940
918 940
940 941
940 942
206 941
941 942
941 978
941 979
216 943
938 943
943 975
943 976
226 976
975 976
976 977
976 978
228 978
977 978
978 979
40 869
40 870
40 895
40 896
40 899
40 924
192 869
868 869
869 870
869 890
869 895
193 870
868 870
870 871
870 896
203 895
890 895
895 919
895 924
202 896
871 896
896 899
896 900
207 899
899 900
899 924
899 925
205 924
919 924
924 925
41 873
41 874
41 883
41 891
41 902
41 903
194 873
858 873
872 873
873 874
873 891
195 874
858 874
874 875
874 883
200 883
875 883
883 903
883 904
202 891
872 891
891 901
891 902
208 902
901 902
902 903
902 920
215 903
903 904
903 920
42 877
42 878
42 879
42 880
42 906
42 908
200 877
876 877
877 878
877 905
877 906
196 878
852 878
876 878
878 879
197 879
852 879
879 880
879 881
198 880
880 881
880 908
880 909
209 906
905 906
906 907
906 908
211 908
907 908
908 909
43 886
43 887
43 888
43 894
43 913
43 914
198 886
882 886
886 887
886 912
886 913
199 887
864 887
882 887
887 888
201 888
864 888
888 892
888 894
204 894
892 894
894 914
894 915
218 913
912 913
913 914
913 926
212 914
914 915
914 926
44 932
44 933
44 934
44 955
44 967
44 968
212 932
921 932
931 932
932 933
932 955
213 933
921 933
933 934
933 935
217 934
934 935
934 968
934 969
219 955
931 955
955 966
955 967
222 967
966 967
967 968
967 981
223 968
968 969
968 981
45 948
45 949
45 950
45 961
45 990
45 996
215 948
910 948
948 949
948 957
948 961
209 949
910 949
949 950
949 951
210 950
950 951
950 990
950 991
220 961
957 961
961 995
961 996
234 990
990 991
990 996
990 1007
237 996
995 996
996 1007
46 1016
46 1017
46 1023
46 1027
46 1060
46 1065
227 1016
1015 1016
1016 1017
1016 1057
1016 1060
228 1017
982 1017
1015 1017
1017 1023
231 1023
982 1023
1023 1027
1023 1028
232 1027
1027 1028
1027 1065
1027 1066
250 1060
1057 1060
1060 1064
1060 1065
253 1065
1064 1065
1065 1066
47 1114
47 1115
47 1140
47 1151
47 1169
47 1196
252 1114
1103 1114
1114 1115
1114 1157
1114 1169
253 1115
1073 1115
1103 1115
1115 1140
256 1140
1073 1140
1140 1151
1140 1152
260 1151
1151 1152
1151 1196
1151 1204
277 1169
1157 1169
1169 1195
1169 1196
281 1196
1195 1196
1196 1204
48 1030
48 1031
48 1048
48 1071
48 1104
48 1106
232 1030
1029 1030
1030 1031
1030 1074
1030 1104
233 1031
1022 1031
1029 1031
1031 1048
237 1048
1022 1048
1032 1048
1048 1071
239 1071
1032 1071
1071 1106
1071 1112
256 1104
1074 1104
1104 1105
1104 1106
257 1106
1105 1106
1106 1112
49 997
49 998
49 1026
49 1036
49 1038
49 1039
221 997
994 997
997 998
997 1021
997 1036
222 998
994 998
998 999
998 1026
236 1026
999 1026
1026 1039
1026 1040
238 1036
1021 1036
1036 1037
1036 1038
241 1038
1037 1038
1038 1039
1038 1072
242 1039
1039 1040
1039 1072
50 1001
50 1002
50 1003
50 1018
50 1042
50 1043
223 1001
970 1001
1000 1001
1001 1002
1001 1018
224 1002
970 1002
1002 1003
1002 1004
229 1003
1003 1004
1003 1043
1003 1044
236 1018
1000 1018
1018 1041
1018 1042
243 1042
1041 1042
1042 1043
1042 1047
244 1043
1043 1044
1043 1047
51 1011
51 1012
51 1013
51 1019
51 1052
51 1054
225 1011
980 1011
1010 1011
1011 1012
1011 1019
226 1012
980 1012
1012 1013
1012 1014
227 1013
1013 1014
1013 1054
1013 1055
230 1019
1010 1019
1019 1051
1019 1052
247 1052
1051 1052
1052 1053
1052 1054
249 1054
1053 1054
1054 1055
52 1034
52 1035
52 1067
52 1068
52 1069
52 1108
239 1034
1033 1034
1034 1035
1034 1107
1034 1108
234 1035
992 1035
1033 1035
1035 1067
235 1067
992 1067
1020 1067
1067 1068
238 1068
1020 1068
1068 1069
1068 1070
240 1069
1069 1070
1069 1108
1069 1141
258 1108
1107 1108
1108 1141
53 1081
53 1082
53 1083
53 1085
53 1121
53 1122
244 1081
1045 1081
1080 1081
1081 1082
1081 1085
245 1082
1045 1082
1082 1083
1082 1084
254 1083
1083 1084
1083 1122
1083 1123
251 1085
1080 1085
1085 1120
1085 1121
264 1121
1120 1121
1121 1122
1121 1126
265 1122
1122 1123
1122 1126
54 1088
54 1089
54 1090
54 1097
54 1130
54 1132
246 1088
1059 1088
1087 1088
1088 1089
1088 1097
247 1089
1059 1089
1089 1090
1089 1091
248 1090
1090 1091
1090 1132
1090 1133
255 1097
1087 1097
1097 1129
1097 1130
268 1130
1129 1130
1130 1131
1130 1132
270 1132
1131 1132
1132 1133
55 1110
55 1111
55 1144
55 1145
55 1173
55 1175
240 1110
1109 1110
1110 1111
1110 1143
1110 1173
241 1111
1075 1111
1109 1111
1111 1144
259 1144
1075 1144
1144 1145
1144 1146
261 1145
1145 1146
1145 1175
1145 1206
278 1173
1143 1173
1173 1174
1173 1175
279 1175
1174 1175
1175 1206
56 1188
56 1189
56 1207
56 1219
56 1220
56 1282
56 1287
261 1188
1187 1188
1188 1189
1188 1207
262 1189
1158 1189
1187 1189
1189 1219
261 1207
279 1207
1206 1207
1207 1281
1207 1282
280 1219
1158 1219
1219 1220
280 1220
282 1220
1210 1220
1220 1287
1220 1290
303 1282
1281 1282
1282 1286
1282 1287
305 1287
1286 1287
1287 1290
57 1160
57 1161
57 1191
57 1200
57 1211
57 1212
263 1160
1139 1160
1159 1160
1160 1161
1160 1200
264 1161
1139 1161
1161 1162
1161 1191
272 1191
1162 1191
1191 1212
1191 1213
280 1200
1159 1200
1200 1210
1200 1211
282 1211
1210 1211
1211 1212
1211 1240
283 1212
1212 1213
1212 1240
58 1164
58 1165
58 1166
58 1168
58 1215
58 1217
265 1164
1124 1164
1163 1164
1164 1165
1164 1168
266 1165
1124 1165
1165 1166
1165 1167
276 1166
1166 1167
1166 1217
1166 1218
272 1168
1163 1168
1168 1214
1168 1215
284 1215
1214 1215
1215 1216
1215 1217
285 1217
1216 1217
1217 1218
59 1178
59 1179
59 1180
59 1192
59 1226
59 1228
267 1178
1138 1178
1177 1178
1178 1179
1178 1192
268 1179
1138 1179
1179 1180
1179 1181
269 1180
1180 1181
1180 1228
1180 1229
275 1192
1177 1192
1192 1225
1192 1226
289 1226
1225 1226
1226 1227
1226 1228
291 1228
1227 1228
1228 1229
60 1183
60 1184
60 1186
60 1193
60 1233
60 1235
269 1183
1182 1183
1183 1184
1183 1231
1183 1233
270 1184
1134 1184
1182 1184
1184 1186
271 1186
1134 1186
1186 1193
1186 1194
273 1193
1193 1194
1193 1235
1193 1239
292 1233
1231 1233
1233 1234
1233 1235
293 1235
1234 1235
1235 1239
61 1201
61 1202
61 1203
61 1236
61 1243
61 1271
61 1272
273 1201
1197 1201
1201 1202
1201 1243
274 1202
1156 1202
1197 1202
1202 1203
277 1203
1156 1203
1203 1236
277 1236
281 1236
1195 1236
1236 1272
1236 1273
273 1243
293 1243
1239 1243
1243 1270
1243 1271
297 1271
1270 1271
1271 1272
1271 1291
298 1272
1272 1273
1272 1291
62 1257
62 1258
62 1264
62 1267
62 1308
62 1309
288 1257
1238 1257
1256 1257
1257 1258
1257 1267
289 1258
1238 1258
1258 1259
1258 1264
290 1264
1259 1264
1264 1309
1264 1310
294 1267
1256 1267
1267 1307
1267 1308
310 1308
1307 1308
1308 1309
1308 1314
311 1309
1309 1310
1309 1314
63 1249
63 1250
63 1251
63 1252
63 1299
63 1301
287 1249
1248 1249
1249 1250
1249 1298
1249 1299
285 1250
1221 1250
1248 1250
1250 1251
286 1251
1221 1251
1251 1252
1251 1253
295 1252
1252 1253
1252 1301
1252 1302
306 1299
1298 1299
1299 1300
1299 1301
307 1301
1300 1301
1301 1302
64 1323
64 1324
64 1333
64 1337
64 1353
64 1367
64 1385
306 1323
307 1323
1300 1323
1323 1324
1323 1352
1323 1353
307 1324
1303 1324
1324 1333
308 1333
1303 1333
1333 1337
1333 1338
319 1337
1337 1338
1337 1385
322 1353
1352 1353
1353 1366
1353 1367
333 1367
1366 1367
1367 1385
1367 1402
319 1385
336 1385
1385 1386
1385 1402
65 1342
65 1343
65 1344
65 1345
65 1360
65 1379
65 1392
309 1342
1316 1342
1341 1342
1342 1343
1342 1360
310 1343
1316 1343
1343 1344
310 1344
311 1344
1314 1344
1344 1345
1344 1346
312 1345
1345 1346
1345 1392
1345 1406
318 1360
1341 1360
1360 1379
318 1379
323 1379
1378 1379
1379 1391
1379 1392
335 1392
1391 1392
1392 1406
66 1456
66 1457
66 1478
66 1483
66 1487
66 1519
334 1456
1445 1456
1456 1457
1456 1477
1456 1487
335 1457
1416 1457
1445 1457
1457 1478
342 1478
1416 1478
1478 1483
1478 1484
343 1483
1483 1484
1483 1519
1483 1526
351 1487
1477 1487
1487 1518
1487 1519
353 1519
1518 1519
1519 1526
67 1381
67 1382
67 1407
67 1408
67 1446
67 1448
312 1381
1380 1381
1381 1382
1381 1417
1381 1446
313 1382
1348 1382
1380 1382
1382 1407
324 1407
1348 1407
1407 1408
1407 1409
325 1408
1408 1409
1408 1448
1408 1479
342 1446
1417 1446
1446 1447
1446 1448
344 1448
1447 1448
1448 1479
68 1318
68 1319
68 1362
68 1363
68 1387
68 1389
296 1318
1317 1318
1318 1319
1318 1349
1318 1387
297 1319
1292 1319
1317 1319
1319 1362
315 1362
1292 1362
1362 1363
1362 1364
316 1363
1363 1364
1363 1389
1363 1420
324 1387
1349 1387
1387 1388
1387 1389
326 1389
1388 1389
1389 1420
69 1284
69 1285
69 1335
69 1339
69 1356
69 1394
298 1284
1283 1284
1284 1285
1284 1293
1284 1339
299 1285
1283 1285
1285 1335
1285 1336
300 1335
1335 1336
1335 1394
1335 1395
315 1339
1293 1339
1339 1355
1339 1356
317 1356
1355 1356
1356 1393
1356 1394
338 1394
1393 1394
1394 1395
70 1472
70 1473
70 1474
70 1509
70 1543
70 1580
337 1472
1444 1472
1472 1473
1472 1542
1472 1543
338 1473
1421 1473
1444 1473
1473 1474
339 1474
1421 1474
1474 1509
1474 1510
354 1509
1509 1510
1509 1580
1509 1581
372 1543
1542 1543
1543 1579
1543 1580
391 1580
1579 1580
1580 1581
71 1369
71 1370
71 1412
71 1414
71 1433
71 1459
300 1369
1357 1369
1369 1370
1369 1422
1369 1433
301 1370
1326 1370
1357 1370
1370 1412
327 1412
1326 1412
1412 1414
1412 1415
328 1414
1414 1415
1414 1459
1414 1498
339 1433
1422 1433
1433 1458
1433 1459
355 1459
1458 1459
1459 1498
72 1328
72 1329
72 1330
72 1371
72 1373
72 1383
302 1328
1280 1328
1327 1328
1328 1329
1328 1371
303 1329
1280 1329
1329 1330
1329 1331
304 1330
1330 1331
1330 1383
1330 1384
327 1371
1327 1371
1371 1372
1371 1373
329 1373
1372 1373
1373 1383
1373 1434
330 1383
1383 1384
1383 1434
73 1358
73 1359
73 1361
73 1374
73 1413
73 1424
304 1358
1350 1358
1358 1359
1358 1397
1358 1413
305 1359
1294 1359
1350 1359
1359 1361
314 1361
1294 1361
1361 1374
1361 1375
320 1374
1374 1375
1374 1424
1374 1429
331 1413
1397 1413
1413 1423
1413 1424
341 1424
1423 1424
1424 1429
74 1488
74 1489
74 1490
74 1514
74 1551
74 1576
340 1488
1475 1488
1488 1489
1488 1548
1488 1551
341 1489
1440 1489
1475 1489
1489 1490
348 1490
1440 1490
1490 1514
1490 1515
357 1514
1514 1515
1514 1576
1514 1582
382 1551
1548 1551
1551 1575
1551 1576
384 1576
1575 1576
1576 1582
75 1398
75 1399
75 1401
75 1425
75 1452
75 1471
320 1398
1376 1398
1398 1399
1398 1441
1398 1452
321 1399
1351 1399
1376 1399
1399 1401
322 1401
1351 1401
1401 1425
1401 1426
332 1425
1425 1426
1425 1471
1425 1491
348 1452
1441 1452
1452 1470
1452 1471
358 1471
1470 1471
1471 1491
76 1450
76 1451
76 1482
76 1485
76 1521
76 1523
325 1450
1449 1450
1450 1451
1450 1481
1450 1521
326 1451
1427 1451
1449 1451
1451 1482
345 1482
1427 1482
1482 1485
1482 1486
346 1485
1485 1486
1485 1523
1485 1561
361 1521
1481 1521
1521 1522
1521 1523
363 1523
1522 1523
1523 1561
77 1657
77 1658
77 1663
77 1666
77 1714
77 1715
368 1657
1612 1657
1656 1657
1657 1658
1657 1666
369 1658
1612 1658
1658 1659
1658 1663
385 1663
1659 1663
1663 1715
1663 1716
392 1666
1656 1666
1666 1713
1666 1714
409 1714
1713 1714
1714 1715
1714 1720
410 1715
1715 1716
1715 1720
78 1777
78 1778
78 1779
78 1780
78 1838
78 1840
412 1777
1776 1777
1777 1778
1777 1837
1777 1838
410 1778
1717 1778
1776 1778
1778 1779
387 1779
1717 1779
1757 1779
1779 1780
388 1780
1757 1780
1780 1840
1780 1841
439 1838
1837 1838
1838 1839
1838 1840
441 1840
1839 1840
1840 1841
79 1605
79 1606
79 1661
79 1662
79 1664
79 1719
362 1605
1604 1605
1605 1606
1605 1660
1605 1661
363 1606
1566 1606
1604 1606
1606 1662
385 1661
1660 1661
1661 1718
1661 1719
386 1662
1566 1662
1662 1664
1662 1665
389 1664
1664 1665
1664 1719
1664 1721
387 1719
1718 1719
1719 1721
80 1554
80 1555
80 1568
80 1571
80 1599
80 1600
352 1554
1533 1554
1553 1554
1554 1555
1554 1571
353 1555
1533 1555
1555 1556
1555 1568
364 1568
1556 1568
1568 1600
1568 1601
373 1571
1553 1571
1571 1598
1571 1599
375 1599
1598 1599
1599 1600
1599 1620
368 1600
1600 1601
1600 1620
81 1454
81 1455
81 1492
81 1493
81 1535
81 1536
332 1454
1453 1454
1454 1455
1454 1497
1454 1535
333 1455
1418 1455
1453 1455
1455 1492
349 1492
1418 1492
1492 1493
1492 1494
350 1493
1493 1494
1493 1536
1493 1537
365 1535
1497 1535
1535 1536
1535 1544
366 1536
1536 1537
1536 1544
82 1586
82 1587
82 1588
82 1592
82 1631
82 1632
366 1586
1538 1586
1585 1586
1586 1587
1586 1592
367 1587
1538 1587
1587 1588
1587 1589
376 1588
1588 1589
1588 1632
1588 1633
380 1592
1585 1592
1592 1630
1592 1631
395 1631
1630 1631
1631 1632
1631 1639
396 1632
1632 1633
1632 1639
83 1438
83 1439
83 1511
83 1512
83 1564
83 1570
328 1438
1437 1438
1438 1439
1438 1505
1438 1564
329 1439
1435 1439
1437 1439
1439 1511
356 1511
1435 1511
1511 1512
1511 1513
359 1512
1512 1513
1512 1570
1512 1644
377 1564
1505 1564
1564 1569
1564 1570
379 1570
1569 1570
1570 1644
84 1699
84 1700
84 1795
84 1796
84 1852
84 1862
378 1699
1695 1699
1699 1700
1699 1762
1699 1852
379 1700
1645 1700
1695 1700
1700 1795
419 1795
1645 1795
1795 1796
1795 1797
420 1796
1796 1797
1796 1862
1796 1985
447 1852
1762 1852
1852 1861
1852 1862
449 1862
1861 1862
1862 1985
85 1610
85 1611
85 1701
85 1702
85 1751
85 1753
359 1610
1609 1610
1610 1611
1610 1646
1610 1751
360 1611
1573 1611
1609 1611
1611 1701
402 1701
1573 1701
1701 1702
1701 1703
403 1702
1702 1703
1702 1753
1702 1863
419 1751
1646 1751
1751 1752
1751 1753
421 1753
1752 1753
1753 1863
86 1653
86 1654
86 1672
86 1677
86 1710
86 1711
374 1653
1626 1653
1652 1653
1653 1654
1653 1677
375 1654
1626 1654
1654 1655
1654 1672
392 1672
1655 1672
1672 1711
1672 1712
398 1677
1652 1677
1677 1709
1677 1710
407 1710
1709 1710
1710 1711
1710 1733
408 1711
1711 1712
1711 1733
87 1531
87 1532
87 1577
87 1617
87 1619
87 1668
346 1531
1530 1531
1531 1532
1531 1567
1531 1617
347 1532
1530 1532
1532 1577
1532 1578
370 1577
1577 1578
1577 1668
1577 1676
386 1617
1567 1617
1617 1618
1617 1619
411 1619
1618 1619
1619 1667
1619 1668
414 1668
1667 1668
1668 1676
88 1816
88 1817
88 1842
88 1858
88 1922
88 1924
413 1816
1788 1816
1816 1817
1816 1884
1816 1922
414 1817
1723 1817
1788 1817
1817 1842
417 1842
1723 1842
1842 1858
1842 1859
442 1858
1858 1859
1858 1924
1858 1988
452 1922
1884 1922
1922 1923
1922 1924
478 1924
1923 1924
1924 1988
89 1621
89 1622
89 1625
89 1669
89 1725
89 1759
370 1621
1590 1621
1621 1622
1621 1724
1621 1725
371 1622
1541 1622
1590 1622
1622 1625
372 1625
1541 1625
1625 1669
1625 1670
390 1669
1669 1670
1669 1759
1669 1760
417 1725
1724 1725
1725 1758
1725 1759
443 1759
1758 1759
1759 1760
90 1613
90 1614
90 1647
90 1673
90 1675
90 1704
381 1613
1547 1613
1574 1613
1613 1614
1613 1673
382 1614
1547 1614
1614 1647
1614 1648
383 1647
1647 1648
1647 1704
1647 1705
402 1673
1574 1673
1673 1674
1673 1675
404 1675
1674 1675
1675 1704
1675 1791
428 1704
1704 1705
1704 1791
91 1678
91 1679
91 1680
91 1734
91 1736
91 1766
383 1678
1649 1678
1678 1679
1678 1764
1678 1766
384 1679
1615 1679
1649 1679
1679 1680
393 1680
1615 1680
1680 1681
1680 1734
405 1734
1681 1734
1734 1736
1734 1737
422 1736
1736 1737
1736 1766
1736 1813
429 1766
1764 1766
1766 1813
92 1683
92 1684
92 1698
92 1706
92 1739
92 1740
394 1683
1642 1683
1682 1683
1683 1684
1683 1706
395 1684
1642 1684
1684 1685
1684 1698
400 1698
1685 1698
1698 1740
1698 1741
405 1706
1682 1706
1706 1738
1706 1739
423 1739
1738 1739
1739 1740
1739 1765
424 1740
1740 1741
1740 1765
93 1687
93 1688
93 1689
93 1692
93 1743
93 1744
396 1687
1634 1687
1686 1687
1687 1688
1687 1692
397 1688
1634 1688
1688 1689
1688 1690
399 1689
1689 1690
1689 1744
1689 1745
400 1692
1686 1692
1692 1742
1692 1743
425 1743
1742 1743
1743 1744
1743 1748
426 1744
1744 1745
1744 1748
94 1807
94 1808
94 1809
94 1811
94 1894
94 1896
426 1807
1746 1807
1806 1807
1807 1808
1807 1811
427 1808
1746 1808
1808 1809
1808 1810
432 1809
1809 1810
1809 1896
1809 1897
430 1811
1806 1811
1811 1893
1811 1894
460 1894
1893 1894
1894 1895
1894 1896
461 1896
1895 1896
1896 1897
95 1769
95 1770
95 1790
95 1798
95 1830
95 1831
406 1769
1735 1769
1768 1769
1769 1770
1769 1798
407 1770
1735 1770
1770 1771
1770 1790
418 1790
1771 1790
1790 1831
1790 1832
431 1798
1768 1798
1798 1829
1798 1830
463 1830
1829 1830
1830 1831
1830 1867
436 1831
1831 1832
1831 1867
96 1726
96 1727
96 1728
96 1786
96 1820
96 1870
390 1726
1671 1726
1726 1727
1726 1819
1726 1820
391 1727
1636 1727
1671 1727
1727 1728
401 1728
1636 1728
1728 1786
1728 1787
415 1786
1786 1787
1786 1870
1786 1871
444 1820
1819 1820
1820 1869
1820 1870
480 1870
1869 1870
1870 1871
97 1799
97 1800
97 1848
97 1868
97 1886
97 1887
422 1799
1789 1799
1799 1800
1799 1815
1799 1868
423 1800
1789 1800
1800 1801
1800 1848
433 1848
1801 1848
1848 1887
1848 1888
445 1868
1815 1868
1868 1885
1868 1886
456 1886
1885 1886
1886 1887
1886 1935
457 1887
1887 1888
1887 1935
98 2061
98 2062
98 2127
98 2214
471 2061
2060 2061
2061 2063
472 2062
2062 2063
2062 2158
498 2127
2060 2127
2127 2213
518 2214
2158 2214
2213 2214
99 1905
99 1906
99 1958
99 1974
99 1975
99 1977
434 1905
1905 1906
1905 2040
435 1906
1903 1906
1904 1906
1906 1958
463 1958
1872 1958
1903 1958
1958 1974
467 1974
1872 1974
1974 1977
1974 2049
471 1975
1975 1977
1975 2040
473 1977
1976 1977
1977 2049
100 1874
100 1875
100 1937
100 1938
100 1963
100 1964
436 1874
1860 1874
1873 1874
1874 1875
1874 1938
437 1875
1860 1875
1875 1876
1875 1937
453 1937
1876 1937
1937 1964
1937 1965
467 1938
1873 1938
1938 1962
1938 1963
506 1963
1962 1963
1963 1964
1963 2021
494 1964
1964 1965
1964 2021
101 2079
101 2080
101 2103
101 2175
101 2199
101 2201
479 2079
2001 2079
2079 2080
2079 2083
2079 2199
480 2080
1942 2080
2001 2080
2080 2103
482 2103
1942 2103
2103 2175
2103 2176
512 2175
2175 2176
2175 2201
2175 2304
535 2199
2083 2199
2199 2200
2199 2201
537 2201
2200 2201
2201 2304
102 1850
102 1851
102 1912
102 1933
102 1984
102 2045
415 1850
1794 1850
1850 1851
1850 1943
1850 1984
416 1851
1761 1851
1794 1851
1851 1912
447 1912
1761 1912
1912 1933
1912 1934
448 1933
1933 1934
1933 2045
1933 2107
482 1984
1943 1984
1984 2044
1984 2045
513 2045
2044 2045
2045 2107
103 1825
103 1826
103 1939
103 1940
103 1996
103 1998
403 1825
1824 1825
1825 1826
1825 1865
1825 1996
404 1826
1792 1826
1824 1826
1826 1939
454 1939
1792 1939
1939 1940
1939 1941
464 1940
1940 1941
1940 1998
1940 2091
483 1996
1865 1996
1996 1997
1996 1998
485 1998
1997 1998
1998 2091
104 1878
104 1879
104 1880
104 1932
104 1967
104 1969
438 1878
1849 1878
1877 1878
1878 1879
1878 1932
439 1879
1849 1879
1879 1880
1879 1881
440 1880
1880 1881
1880 1969
1880 1970
453 1932
1877 1932
1932 1966
1932 1967
474 1967
1966 1967
1967 1968
1967 1969
476 1969
1968 1969
1969 1970
105 1920
105 1921
105 1928
105 1929
105 2010
105 2012
440 1920
1882 1920
1920 1921
1920 1993
1920 2010
441 1921
1844 1921
1882 1921
1921 1928
446 1928
1844 1928
1928 1929
1928 1930
450 1929
1929 1930
1929 2012
1929 2017
499 2010
1993 2010
2010 2011
2010 2012
504 2012
2011 2012
2012 2017
106 2148
106 2149
106 2254
106 2260
106 2286
106 2308
484 2148
2139 2148
2148 2149
2148 2194
2148 2286
485 2149
2092 2149
2139 2149
2149 2254
532 2254
2092 2254
2254 2260
2254 2261
533 2260
2260 2261
2260 2308
2260 2413
570 2286
2194 2286
2286 2307
2286 2308
572 2308
2307 2308
2308 2413
107 2072
107 2073
107 2179
107 2180
107 2195
107 2197
107 2287
464 2072
2071 2072
2072 2073
2072 2093
2072 2195
465 2073
515 2073
2071 2073
2073 2140
2073 2179
515 2179
2179 2180
2179 2181
516 2180
2180 2181
2180 2287
2180 2288
532 2195
2093 2195
2195 2196
2195 2197
534 2197
579 2197
2196 2197
2197 2287
2197 2347
579 2287
2287 2288
108 1981
108 1982
108 2022
108 2025
108 2075
108 2077
455 1981
1980 1981
1981 1982
1981 2005
1981 2075
456 1982
1944 1982
1980 1982
1982 2022
481 2022
1944 2022
2022 2025
2022 2026
490 2025
2025 2026
2025 2077
2025 2108
487 2075
2005 2075
2075 2076
2075 2077
489 2077
2076 2077
2077 2108
109 1946
109 1947
109 1991
109 2006
109 2028
109 2029
457 1946
1916 1946
1945 1946
1946 1947
1946 2006
458 1947
1916 1947
1947 1948
1947 1991
469 1991
1948 1991
1991 2029
1991 2030
481 2006
1945 2006
2006 2027
2006 2028
491 2028
2027 2028
2028 2029
2028 2089
492 2029
2029 2030
2029 2089
110 1950
110 1951
110 1979
110 1983
110 2032
110 2033
459 1950
1902 1950
1949 1950
1950 1951
1950 1983
460 1951
1902 1951
1951 1952
1951 1979
468 1979
1952 1979
1979 2033
1979 2034
469 1983
1949 1983
1983 2031
1983 2032
493 2032
2031 2032
2032 2033
2032 2074
500 2033
2033 2034
2033 2074
111 1954
111 1955
111 1961
111 1978
111 2036
111 2050
461 1954
1898 1954
1953 1954
1954 1955
1954 1961
462 1955
1898 1955
1955 1959
1955 1978
468 1961
1953 1961
1961 2035
1961 2036
466 1978
1978 2037
501 2036
2035 2036
2036 2050
2036 2056
507 2050
2037 2050
112 2134
112 2135
112 2167
112 2168
112 2250
112 2276
503 2134
2132 2134
2134 2135
2134 2249
2134 2250
504 2135
2018 2135
2132 2135
2135 2167
505 2167
2018 2167
2167 2168
2167 2169
522 2168
2168 2169
2168 2276
2168 2293
561 2250
2249 2250
2250 2275
2250 2276
563 2276
2275 2276
2276 2293
113 1971
113 1972
113 1973
113 1994
113 2070
113 2086
450 1971
1936 1971
1971 1972
1971 2019
1971 2070
451 1972
1883 1972
1936 1972
1972 1973
452 1973
1883 1973
1973 1994
1973 1995
477 1994
1994 1995
1994 2086
1994 2087
505 2070
2019 2070
2070 2085
2070 2086
523 2086
2085 2086
2086 2087
114 2120
114 2138
114 2147
114 2235
507 2120
2119 2120
2120 2121
508 2138
2121 2138
2138 2228
509 2147
2119 2147
2147 2227
546 2235
2227 2235
2228 2235
115 2130
115 2131
115 2133
115 2144
115 2163
115 2204
494 2130
2016 2130
2065 2130
2130 2131
2130 2144
474 2131
2016 2131
2066 2131
2131 2133
475 2133
2066 2133
2133 2164
2133 2204
510 2144
2065 2144
2144 2162
2144 2163
521 2163
2162 2163
2163 2204
2163 2251
552 2204
2164 2204
2204 2251
116 2113
116 2114
116 2171
116 2185
116 2220
116 2221
492 2113
2078 2113
2112 2113
2113 2114
2113 2185
493 2114
2078 2114
2114 2115
2114 2171
511 2171
2115 2171
2171 2221
2171 2222
527 2185
2112 2185
2185 2219
2185 2220
542 2220
2219 2220
2220 2221
2220 2277
543 2221
2221 2222
2221 2277
117 2315
117 2316
117 2317
117 2422
549 2315
2314 2315
2315 2421
518 2316
2314 2316
2316 2318
528 2317
2317 2318
2317 2424
603 2422
2421 2422
2422 2424
118 2270
118 2335
118 2341
118 2444
529 2270
2269 2270
2270 2271
528 2335
2269 2335
2335 2427
550 2341
2271 2341
2341 2456
589 2444
2427 2444
2444 2456
119 2023
119 2024
119 2088
119 2097
119 2170
119 2173
477 2023
2020 2023
2023 2024
2023 2102
2023 2170
478 2024
1989 2024
2020 2024
2024 2088
495 2088
1989 2088
2088 2097
2088 2098
496 2097
2097 2098
2097 2173
2097 2208
524 2170
2102 2170
2170 2172
2170 2173
531 2173
2172 2173
2173 2208
120 2301
120 2302
120 2370
120 2387
120 2468
120 2479
530 2301
2296 2301
2301 2302
2301 2402
2301 2468
531 2302
2242 2302
2296 2302
2302 2370
566 2370
2242 2370
2370 2387
2370 2388
567 2387
2387 2388
2387 2479
2387 2528
592 2468
2402 2468
2468 2478
2468 2479
615 2479
2478 2479
2479 2528
121 2177
121 2178
121 2262
121 2263
121 2303
121 2310
496 2177
2174 2177
2177 2178
2177 2243
2177 2303
497 2178
2082 2178
2174 2178
2178 2262
535 2262
2082 2262
2262 2263
2262 2264
536 2263
2263 2264
2263 2310
2263 2406
566 2303
2243 2303
2303 2309
2303 2310
568 2310
2309 2310
2310 2406
122 2058
122 2059
122 2152
122 2189
122 2280
122 2285
448 2058
2046 2058
2058 2059
2058 2151
2058 2280
449 2059
1986 2059
2046 2059
2059 2152
514 2152
1986 2152
2152 2189
2152 2190
525 2189
2189 2190
2189 2285
2189 2376
569 2280
2151 2280
2280 2284
2280 2285
574 2285
2284 2285
2285 2376
123 2014
123 2015
123 2094
123 2095
123 2141
123 2143
465 2014
2013 2014
2014 2015
2014 2140
2014 2141
486 2015
2004 2015
2013 2015
2015 2094
487 2094
2004 2094
2094 2095
2094 2096
488 2095
2095 2096
2095 2143
2095 2198
515 2141
2140 2141
2141 2142
2141 2143
517 2143
2142 2143
2143 2198
124 2183
124 2184
124 2266
124 2267
124 2297
124 2300
488 2183
2182 2183
2183 2184
2183 2203
2183 2297
489 2184
2109 2184
2182 2184
2184 2266
538 2266
2109 2266
2266 2267
2266 2268
539 2267
2267 2268
2267 2300
2267 2398
554 2297
2203 2297
2297 2299
2297 2300
556 2300
2299 2300
2300 2398
125 2454
125 2455
125 2531
125 2532
125 2584
125 2589
555 2454
2451 2454
2454 2455
2454 2486
2454 2584
556 2455
2399 2455
2451 2455
2455 2531
599 2531
2399 2531
2531 2532
2531 2533
600 2532
2532 2533
2532 2589
2532 2661
625 2584
2486 2584
2584 2588
2584 2589
627 2589
2588 2589
2589 2661
126 2363
126 2364
126 2472
126 2473
126 2503
126 2505
539 2363
2362 2363
2363 2364
2363 2400
2363 2503
540 2364
2321 2364
2362 2364
2364 2472
583 2472
2321 2472
2472 2473
2472 2474
584 2473
2473 2474
2473 2505
2473 2610
599 2503
2400 2503
2503 2504
2503 2505
601 2505
2504 2505
2505 2610
127 2500
127 2501
127 2583
127 2590
127 2655
127 2657
573 2500
2458 2500
2500 2501
2500 2582
2500 2655
574 2501
2377 2501
2458 2501
2501 2583
617 2583
2377 2583
2583 2590
2583 2591
618 2590
2590 2591
2590 2657
2590 2705
643 2655
2582 2655
2655 2656
2655 2657
645 2657
2656 2657
2657 2705
128 2282
128 2283
128 2379
128 2396
128 2481
128 2492
525 2282
2281 2282
2282 2283
2282 2378
2282 2481
526 2283
2193 2283
2281 2283
2283 2379
570 2379
2193 2379
2379 2396
2379 2397
571 2396
2396 2397
2396 2492
2396 2605
617 2481
2378 2481
2481 2491
2481 2492
619 2492
2491 2492
2492 2605
129 2351
129 2352
129 2414
129 2415
129 2483
129 2488
534 2351
2347 2351
2351 2352
2351 2482
2351 2483
579 2352
2289 2352
2347 2352
2352 2414
580 2414
2289 2414
2414 2415
2414 2416
581 2415
2415 2416
2415 2488
2415 2576
596 2483
2482 2483
2483 2487
2483 2488
598 2488
2487 2488
2488 2576
130 2620
130 2621
130 2685
130 2686
130 2709
130 2711
597 2620
2619 2620
2620 2621
2620 2660
2620 2709
598 2621
2577 2621
2619 2621
2621 2685
637 2685
2577 2685
2685 2686
2685 2687
638 2686
2686 2687
2686 2711
2686 2771
654 2709
2660 2709
2709 2710
2709 2711
656 2711
2710 2711
2711 2771
131 2516
131 2517
131 2622
131 2623
131 2652
131 2654
581 2516
2515 2516
2516 2517
2516 2578
2516 2652
582 2517
2485 2517
2515 2517
2517 2622
625 2622
2485 2622
2622 2623
2622 2624
626 2623
2623 2624
2623 2654
2623 2712
637 2652
2578 2652
2652 2653
2652 2654
639 2654
2653 2654
2654 2712
132 2342
132 2343
132 2405
132 2428
132 2430
132 2452
541 2342
2298 2342
2322 2342
2342 2343
2342 2428
542 2343
2298 2343
2323 2343
2343 2405
575 2405
2323 2405
2405 2452
2405 2453
583 2428
2322 2428
2428 2429
2428 2430
585 2430
2429 2430
2430 2452
2430 2545
605 2452
2452 2453
2452 2545
133 2325
133 2326
133 2373
133 2386
133 2432
133 2494
543 2325
2265 2325
2324 2325
2325 2326
2325 2386
544 2326
2265 2326
2326 2327
2326 2373
564 2373
2373 2433
575 2386
2324 2386
2386 2431
2386 2432
606 2432
2431 2432
2432 2494
2432 2507
620 2494
2433 2494
134 2353
134 2354
134 2357
134 2436
557 2353
2328 2353
2329 2353
558 2354
2329 2354
2354 2437
564 2357
2328 2357
2357 2435
608 2436
2435 2436
2436 2437
135 2339
135 2340
135 2344
135 2439
546 2339
2331 2339
2332 2339
551 2340
2332 2340
2340 2440
558 2344
2331 2344
2344 2438
610 2439
2438 2439
2439 2440
136 2291
136 2292
136 2337
136 2374
136 2391
136 2410
520 2291
2258 2291
2272 2291
2291 2292
2291 2337
521 2292
2258 2292
2292 2345
2292 2374
550 2337
2337 2390
565 2374
2345 2374
2374 2391
2374 2392
612 2391
2391 2392
2391 2410
2391 2464
577 2410
2390 2410
137 2273
137 2274
137 2355
137 2372
137 2470
137 2476
552 2273
2165 2273
2273 2274
2273 2346
2273 2372
553 2274
2165 2274
2274 2355
2274 2356
559 2355
2355 2356
2355 2476
2355 2496
565 2372
2346 2372
2372 2469
2372 2470
613 2470
2469 2470
2470 2475
2470 2476
616 2476
2475 2476
2476 2496
138 2365
138 2366
138 2371
138 2393
138 2502
138 2523
559 2365
2358 2365
2365 2366
2365 2498
2365 2502
560 2366
2248 2366
2358 2366
2366 2371
561 2371
2248 2371
2371 2393
2371 2394
562 2393
2393 2394
2393 2523
2393 2524
621 2502
2498 2502
2502 2522
2502 2523
628 2523
2522 2523
2523 2524
139 2360
139 2361
139 2448
139 2449
139 2508
139 2519
139 2599
536 2360
2359 2360
2360 2361
2360 2408
2360 2508
537 2361
2305 2361
2359 2361
2361 2448
586 2448
587 2448
2305 2448
2448 2449
2448 2450
587 2449
2449 2599
2449 2606
593 2508
595 2508
2408 2508
2508 2518
2508 2519
595 2519
2519 2598
2519 2599
635 2599
2598 2599
2599 2606
140 2637
140 2638
140 2641
140 2679
140 2721
140 2759
594 2637
2595 2637
2637 2638
2637 2720
2637 2721
593 2638
2518 2638
2595 2638
2638 2641
595 2641
2518 2641
2641 2679
2641 2680
634 2679
2679 2680
2679 2759
2679 2760
661 2721
2720 2721
2721 2758
2721 2759
671 2759
2758 2759
2759 2760
141 2534
141 2535
141 2536
141 2613
141 2648
141 2667
587 2534
2450 2534
2534 2535
2534 2647
2534 2648
586 2535
2446 2535
2450 2535
2535 2536
588 2536
2446 2536
2536 2603
2536 2613
622 2613
2603 2613
2613 2667
2613 2668
636 2648
2647 2648
2648 2667
2648 2695
649 2667
2667 2668
2667 2695
142 2411
142 2412
142 2465
142 2466
142 2568
142 2602
562 2411
2395 2411
2411 2412
2411 2567
2411 2568
563 2412
2294 2412
2395 2412
2412 2465
578 2465
2294 2465
2465 2466
2465 2467
590 2466
2466 2467
2466 2602
2466 2626
631 2568
2567 2568
2568 2601
2568 2602
632 2602
2601 2602
2602 2626
143 2525
143 2526
143 2527
143 2573
143 2645
143 2674
590 2525
2499 2525
2525 2526
2525 2628
2525 2645
591 2526
2401 2526
2499 2526
2526 2527
592 2527
2401 2527
2527 2573
2527 2574
614 2573
2573 2574
2573 2674
2573 2675
647 2645
2628 2645
2645 2673
2645 2674
657 2674
2673 2674
2674 2675
144 2511
144 2512
144 2618
144 2639
144 2671
144 2684
571 2511
2493 2511
2511 2512
2511 2608
2511 2671
572 2512
2459 2512
2493 2512
2512 2618
624 2618
2459 2618
2618 2639
2618 2640
629 2639
2639 2640
2639 2684
2639 2748
646 2671
2608 2671
2671 2683
2671 2684
652 2684
2683 2684
2684 2748
145 2808
145 2809
145 2849
145 2863
145 2887
145 2889
651 2808
2793 2808
2808 2809
2808 2846
2808 2887
652 2809
2764 2809
2793 2809
2809 2849
679 2849
2764 2849
2849 2863
2849 2864
682 2863
2863 2864
2863 2889
2863 2942
697 2887
2846 2887
2887 2888
2887 2889
699 2889
2888 2889
2889 2942
146 2732
146 2733
146 2794
146 2804
146 2832
146 2842
146 2867
629 2732
2708 2732
2732 2733
2732 2765
2732 2832
630 2733
666 2733
2708 2733
2733 2769
2733 2794
666 2794
2794 2804
2794 2805
667 2804
2804 2805
2804 2867
2804 2868
679 2832
2765 2832
2832 2841
2832 2842
683 2842
700 2842
2841 2842
2842 2867
2842 2897
700 2867
2867 2868
147 2634
147 2635
147 2676
147 2699
147 2716
147 2752
147 2755
614 2634
2629 2634
2634 2635
2634 2702
2634 2716
615 2635
2569 2635
2629 2635
2635 2676
633 2676
640 2676
2569 2676
2676 2699
2676 2700
640 2699
2699 2755
2699 2775
658 2716
665 2716
2702 2716
2716 2751
2716 2752
665 2752
2752 2754
2752 2755
669 2755
2754 2755
2755 2775
148 2781
148 2782
148 2800
148 2837
148 2844
148 2873
649 2781
2737 2781
2741 2781
2781 2782
2781 2800
650 2782
2737 2782
2782 2824
2782 2837
662 2800
2741 2800
2800 2843
2800 2844
663 2837
2824 2837
2837 2873
2837 2874
681 2844
2843 2844
2844 2873
2844 2884
693 2873
2873 2874
2873 2884
149 2614
149 2615
149 2715
149 2725
149 2739
149 2779
622 2614
2604 2614
2614 2615
2614 2724
2614 2725
623 2615
2604 2615
2615 2664
2615 2715
648 2715
2664 2715
2715 2779
2715 2780
650 2725
2724 2725
2725 2738
2725 2739
664 2739
2738 2739
2739 2779
2739 2813
676 2779
2779 2780
2779 2813
150 2717
150 2718
150 2735
150 2756
150 2803
150 2818
640 2717
2700 2717
2717 2718
2717 2786
2717 2803
633 2718
2642 2718
2700 2718
2718 2735
641 2735
2642 2735
2735 2756
2735 2757
659 2756
2756 2757
2756 2818
2756 2836
678 2803
2786 2803
2803 2817
2803 2818
684 2818
2817 2818
2818 2836
151 2787
151 2788
151 2792
151 2819
151 2858
151 2879
659 2787
2761 2787
2787 2788
2787 2854
2787 2858
660 2788
2719 2788
2761 2788
2788 2792
661 2792
2719 2792
2792 2819
2792 2820
670 2819
2819 2820
2819 2879
2819 2883
688 2858
2854 2858
2858 2878
2858 2879
701 2879
2878 2879
2879 2883
152 2855
152 2856
152 2857
152 2880
152 2904
152 2932
670 2855
2821 2855
2855 2856
2855 2903
2855 2904
671 2856
2789 2856
2821 2856
2856 2857
672 2857
2789 2857
2857 2880
2857 2881
685 2880
2880 2881
2880 2932
2880 2933
702 2904
2903 2904
2904 2931
2904 2932
706 2932
2931 2932
2932 2933
153 2696
153 2697
153 2703
153 2707
153 2727
153 2801
642 2696
2581 2696
2665 2696
2696 2697
2696 2707
643 2697
2581 2697
2697 2703
2697 2704
644 2703
2703 2704
2703 2801
2703 2802
648 2707
2665 2707
2707 2726
2707 2727
677 2727
2726 2727
2727 2801
2727 2811
687 2801
2801 2802
2801 2811
154 2766
154 2767
154 2810
154 2830
154 2860
154 2862
644 2766
2763 2766
2766 2767
2766 2807
2766 2860
645 2767
2728 2767
2763 2767
2767 2810
673 2810
2728 2810
2810 2830
2810 2831
674 2830
2830 2831
2830 2862
2830 2896
689 2860
2807 2860
2860 2861
2860 2862
691 2862
2861 2862
2862 2896
155 2693
155 2694
155 2744
155 2749
155 2770
155 2778
630 2693
2688 2693
2693 2694
2693 2769
2693 2770
653 2694
2659 2694
2688 2694
2694 2744
654 2744
2659 2744
2744 2749
2744 2750
655 2749
2749 2750
2749 2778
2749 2814
666 2770
2769 2770
2770 2777
2770 2778
668 2778
2777 2778
2778 2814
156 2937
156 2938
156 2965
156 2984
156 2997
156 2999
690 2937
2936 2937
2937 2938
2937 2962
2937 2997
691 2938
2915 2938
2936 2938
2938 2965
708 2965
2915 2965
2965 2984
2965 2985
709 2984
2984 2985
2984 2999
2984 3020
717 2997
2962 2997
2997 2998
2997 2999
720 2999
2998 2999
2999 3020
157 2875
157 2876
157 2923
157 2928
157 2941
157 2948
674 2875
2866 2875
2875 2876
2875 2916
2875 2941
675 2876
2845 2876
2866 2876
2876 2923
697 2923
2845 2923
2923 2928
2923 2929
698 2928
2928 2929
2928 2948
2928 2991
708 2941
2916 2941
2941 2947
2941 2948
710 2948
2947 2948
2948 2991
158 2869
158 2870
158 2892
158 2895
158 2911
158 2940
676 2869
2812 2869
2839 2869
2869 2870
2869 2895
677 2870
2812 2870
2828 2870
2870 2892
686 2892
2828 2892
2892 2911
2892 2912
692 2895
2839 2895
2895 2939
2895 2940
695 2911
2911 2912
2911 2940
2911 2960
712 2940
2939 2940
2940 2960
159 2905
159 2906
159 2917
159 2935
159 2952
159 2972
685 2905
2882 2905
2905 2906
2905 2951
2905 2952
680 2906
2859 2906
2882 2906
2906 2917
681 2917
2859 2917
2917 2921
2917 2935
703 2935
2921 2935
2935 2972
2935 2973
707 2952
2951 2952
2952 2971
2952 2972
713 2972
2971 2972
2972 2973
160 2945
160 2946
160 2955
160 2979
160 2986
160 3004
693 2945
2920 2945
2922 2945
2945 2946
2945 2955
694 2946
2920 2946
2946 2974
2946 2986
703 2955
2922 2955
2955 2978
2955 2979
714 2979
2978 2979
2979 3004
2979 3008
704 2986
2974 2986
2986 3004
2986 3005
722 3004
3004 3005
3004 3008
161 2976
161 2977
161 3019
161 3024
161 3026
161 3037
704 2976
2975 2976
2976 2977
2976 3023
2976 3024
705 2977
2975 2977
2977 2987
2977 3019
721 3019
2987 3019
3019 3037
3019 3038
723 3024
3023 3024
3024 3025
3024 3026
724 3026
3025 3026
3026 3037
3026 3059
725 3037
3037 3038
3037 3059
162 2989
162 2990
162 3014
162 3016
162 3040
162 3044
711 2989
2963 2989
2988 2989
2989 2990
2989 3016
712 2990
2963 2990
2990 3000
2990 3014
718 3014
3000 3014
3014 3044
3014 3045
721 3016
2988 3016
3016 3039
3016 3040
726 3040
3039 3040
3040 3044
3040 3054
727 3044
3044 3045
3044 3054
163 2981
163 2982
163 2983
163 3009
163 3030
163 3032
718 2981
2980 2981
2981 2982
2981 3029
2981 3030
695 2982
2913 2982
2980 2982
2982 2983
696 2983
2913 2983
2983 3009
2983 3010
715 3009
3009 3010
3009 3032
3009 3033
728 3030
3029 3030
3030 3031
3030 3032
730 3032
3031 3032
3032 3033
164 3071
164 3072
164 3076
164 3077
164 3099
164 3102
730 3071
3046 3071
3071 3072
3071 3075
3071 3076
731 3072
3046 3072
3072 3077
3072 3078
729 3076
3075 3076
3076 3098
3076 3099
732 3077
3077 3078
3077 3102
3077 3103
740 3099
3099 3101
742 3102
3101 3102
165 3012
165 3013
165 3015
165 3017
165 3051
165 3053
715 3012
3011 3012
3012 3013
3012 3047
3012 3051
716 3013
2961 3013
3011 3013
3013 3015
717 3015
2961 3015
3015 3017
3015 3018
719 3017
3017 3018
3017 3053
3017 3055
731 3051
3047 3051
3051 3052
3051 3053
733 3053
3052 3053
3053 3055
166 3065
166 3066
166 3081
166 3082
166 3088
166 3089
725 3065
3056 3065
3064 3065
3065 3066
3065 3082
726 3066
3056 3066
3066 3073
3066 3081
734 3081
3073 3081
3081 3089
3081 3090
735 3082
3064 3082
3082 3087
3082 3088
736 3088
3088 3106
737 3089
3089 3106
167 3112
167 3113
167 3121
167 3129
737 3112
3104 3112
3112 3125
738 3113
3104 3113
3113 3122
746 3121
3121 3122
3121 3140
745 3129
3125 3129
3129 3140
168 3131
168 3145
168 3146
168 3155
746 3131
3131 3132
3131 3150
747 3145
3132 3145
3145 3147
752 3146
3146 3147
3146 3157
751 3155
3150 3155
3155 3157
169 3116
169 3117
169 3118
169 3134
739 3116
3097 3116
3115 3116
740 3117
3097 3117
3117 3119
749 3118
3118 3119
3118 3135
747 3134
3115 3134
3134 3135
170 755
170 756
170 760
170 762
754 755
755 757
754 756
756 758
171 760
757 760
760 761
172 762
758 762
761 762
171 759
171 772
757 759
759 770
174 772
770 772
772 774
172 763
172 768
758 763
763 769
173 768
767 768
768 769
173 773
173 777
173 781
769 773
773 782
178 777
767 777
777 780
179 781
780 781
781 782
174 771
174 775
174 785
770 771
771 784
176 775
774 775
775 786
175 785
784 785
785 786
175 783
175 801
783 784
783 799
185 801
799 801
801 802
176 778
177 778
778 779
778 794
177 790
177 803
177 806
178 790
779 790
790 791
180 803
794 803
803 805
181 806
791 806
805 806
179 787
179 797
782 787
787 798
184 797
796 797
797 798
180 817
189 817
816 817
181 808
182 808
808 809
182 821
182 851
182 853
183 821
809 821
196 851
851 852
851 853
197 853
852 853
183 814
184 814
796 814
814 824
184 810
184 825
798 810
810 826
188 825
824 825
825 826
185 800
185 811
185 829
799 800
800 827
187 811
802 811
811 831
186 829
827 829
829 831
186 828
186 841
827 828
828 840
190 841
840 841
187 815
189 815
815 816
188 832
188 837
826 832
832 838
191 837
837 838
189 847
189 848
194 847
847 848
847 858
195 848
848 858
190 839
190 844
190 859
190 861
839 840
839 859
193 844
844 861
844 868
859 860
859 861
192 861
860 861
861 868
191 843
191 862
191 863
191 865
838 843
843 863
199 862
862 864
862 865
863 865
863 867
201 865
864 865
865 867
192 860
192 868
192 884
192 890
860 884
193 868
884 889
884 890
203 890
889 890
193 866
193 871
194 866
866 871
866 872
202 871
871 872
194 858
194 872
195 858
202 872
195 855
195 875
196 855
855 875
855 876
200 875
875 876
196 852
196 876
197 852
200 876
197 856
197 881
199 856
856 881
856 882
198 881
881 882
198 882
198 909
198 912
199 882
211 909
909 911
909 912
218 912
911 912
199 864
201 864
200 904
200 905
215 904
904 905
904 910
209 905
905 910
201 867
201 885
201 892
867 885
885 892
885 893
204 892
892 893
202 900
202 901
207 900
900 901
900 929
208 901
901 929
203 889
203 898
203 917
203 919
889 898
898 916
898 917
214 917
916 917
917 918
917 919
205 919
918 919
204 893
204 897
204 915
204 922
893 897
897 922
897 923
212 915
915 921
915 922
213 922
921 922
922 923
205 918
205 925
205 942
214 918
207 925
925 942
925 944
206 942
942 944
206 944
206 979
206 983
207 944
228 979
979 982
979 983
231 983
982 983
207 929
208 929
208 920
208 956
215 920
920 956
920 957
220 956
956 957
209 907
209 910
209 951
211 907
907 951
907 952
215 910
210 951
951 952
210 952
210 991
210 993
211 952
234 991
991 992
991 993
235 993
992 993
211 911
218 911
212 921
212 926
212 931
213 921
218 926
926 930
926 931
219 931
930 931
213 923
213 928
213 935
923 928
928 935
928 936
217 935
935 936
214 916
214 927
214 938
916 927
927 937
927 938
216 938
937 938
215 957
220 957
216 937
216 958
216 974
216 975
937 958
958 973
958 974
225 974
973 974
974 975
974 980
226 975
975 980
217 936
217 959
217 969
217 971
936 959
959 971
959 972
223 969
969 970
969 971
224 971
970 971
971 972
218 930
219 930
219 965
219 966
221 965
965 966
965 994
222 966
966 994
220 989
220 995
233 989
989 995
989 1022
237 995
995 1022
221 994
221 1006
221 1021
222 994
235 1006
1006 1020
1006 1021
238 1021
1020 1021
222 981
222 999
223 981
981 999
981 1000
236 999
999 1000
223 970
223 1000
224 970
236 1000
224 972
224 984
224 1004
972 984
984 1004
984 1008
229 1004
1004 1008
225 973
225 980
225 985
225 1010
973 985
226 980
985 1009
985 1010
230 1010
1009 1010
226 977
226 1014
228 977
977 1014
977 1015
227 1014
1014 1015
227 1015
227 1055
227 1057
228 1015
249 1055
1055 1056
1055 1057
250 1057
1056 1057
228 982
231 982
229 1008
229 1025
229 1044
229 1046
1008 1025
1025 1046
1025 1058
244 1044
1044 1045
1044 1046
245 1046
1045 1046
1046 1058
230 1009
230 1024
230 1050
230 1051
1009 1024
1024 1049
1024 1050
246 1050
1049 1050
1050 1051
1050 1059
247 1051
1051 1059
231 987
231 1028
233 987
987 1028
987 1029
232 1028
1028 1029
232 1029
232 1066
232 1074
233 1029
253 1066
1066 1073
1066 1074
256 1074
1073 1074
233 1022
237 1022
234 992
234 1007
234 1033
235 992
237 1007
1007 1032
1007 1033
239 1033
1032 1033
235 1020
238 1020
236 1040
236 1041
242 1040
1040 1041
1040 1061
243 1041
1041 1061
237 1032
239 1032
238 1037
238 1070
241 1037
1037 1070
1037 1109
240 1070
1070 1109
239 1107
239 1112
258 1107
1107 1112
1107 1147
257 1112
1112 1147
240 1109
240 1141
240 1143
241 1109
258 1141
1141 1142
1141 1143
278 1143
1142 1143
241 1072
241 1075
242 1072
1072 1075
1072 1076
259 1075
1075 1076
242 1061
242 1076
243 1061
259 1076
243 1047
243 1079
244 1047
1047 1079
1047 1080
251 1079
1079 1080
244 1045
244 1080
245 1045
251 1080
245 1058
245 1062
245 1084
1058 1062
1062 1084
1062 1095
254 1084
1084 1095
246 1049
246 1059
246 1063
246 1087
1049 1063
247 1059
1063 1086
1063 1087
255 1087
1086 1087
247 1053
247 1091
249 1053
1053 1091
1053 1092
248 1091
1091 1092
248 1092
248 1133
248 1135
249 1092
270 1133
1133 1134
1133 1135
271 1135
1134 1135
249 1056
250 1056
250 1064
250 1100
253 1064
1064 1100
1064 1103
252 1100
1100 1103
251 1119
251 1120
263 1119
1119 1120
1119 1139
264 1120
1120 1139
252 1103
252 1150
252 1157
253 1103
274 1150
1150 1156
1150 1157
277 1157
1156 1157
253 1073
256 1073
254 1095
254 1102
254 1123
254 1125
1095 1102
1102 1125
1102 1136
265 1123
1123 1124
1123 1125
266 1125
1124 1125
1125 1136
255 1086
255 1101
255 1128
255 1129
1086 1101
1101 1127
1101 1128
267 1128
1127 1128
1128 1129
1128 1138
268 1129
1129 1138
256 1105
256 1152
257 1105
1105 1152
1105 1170
260 1152
1152 1170
257 1147
257 1170
258 1147
260 1170
258 1142
278 1142
259 1116
259 1146
262 1116
1116 1146
1116 1187
261 1146
1146 1187
260 1204
281 1204
261 1187
261 1206
262 1187
279 1206
262 1155
262 1158
263 1155
1155 1158
1155 1159
280 1158
1158 1159
263 1139
263 1159
264 1139
280 1159
264 1126
264 1162
265 1126
1126 1162
1126 1163
272 1162
1162 1163
265 1124
265 1163
266 1124
272 1163
266 1136
266 1153
266 1167
1136 1153
1153 1167
1153 1190
276 1167
1167 1190
267 1127
267 1138
267 1154
267 1177
1127 1154
268 1138
1154 1176
1154 1177
275 1177
1176 1177
268 1131
268 1181
270 1131
1131 1181
1131 1182
269 1181
1181 1182
269 1182
269 1229
269 1231
270 1182
291 1229
1229 1230
1229 1231
292 1231
1230 1231
270 1134
271 1134
271 1148
271 1194
274 1148
1148 1194
1148 1197
273 1194
1194 1197
272 1213
272 1214
283 1213
1213 1214
1213 1232
284 1214
1214 1232
273 1197
273 1239
274 1197
293 1239
274 1156
277 1156
275 1176
275 1198
275 1224
275 1225
1176 1198
1198 1223
1198 1224
288 1224
1223 1224
1224 1225
1224 1238
289 1225
1225 1238
276 1190
276 1199
276 1218
276 1222
1190 1199
1199 1222
1199 1237
285 1218
1218 1221
1218 1222
286 1222
1221 1222
1222 1237
277 1195
281 1195
278 1174
279 1174
279 1279
279 1281
302 1279
1279 1280
1279 1281
303 1281
1280 1281
280 1210
282 1210
281 1273
281 1274
298 1273
1273 1274
1273 1283
299 1274
1274 1283
282 1240
282 1290
282 1295
283 1240
305 1290
1290 1294
1290 1295
314 1295
1294 1295
283 1232
284 1232
284 1216
284 1247
285 1216
1216 1247
1216 1248
287 1247
1247 1248
285 1221
285 1248
286 1221
287 1248
286 1237
286 1241
286 1253
1237 1241
1241 1253
1241 1265
295 1253
1253 1265
287 1298
306 1298
288 1223
288 1238
288 1242
288 1256
1223 1242
289 1238
1242 1255
1242 1256
294 1256
1255 1256
289 1227
289 1259
291 1227
1227 1259
1227 1260
290 1259
1259 1260
290 1260
290 1310
291 1260
311 1310
291 1230
292 1230
292 1234
293 1234
293 1269
293 1270
296 1269
1269 1270
1269 1317
297 1270
1270 1317
294 1255
294 1289
294 1306
294 1307
1255 1289
1289 1305
1289 1306
309 1306
1305 1306
1306 1307
1306 1316
310 1307
1307 1316
295 1265
295 1288
295 1302
295 1304
1265 1288
1288 1304
1288 1315
307 1302
1302 1303
1302 1304
308 1304
1303 1304
1304 1315
296 1317
296 1347
296 1349
297 1317
313 1347
1347 1348
1347 1349
324 1349
1348 1349
297 1291
297 1292
298 1291
1291 1292
1291 1293
315 1292
1292 1293
298 1283
298 1293
299 1283
315 1293
299 1276
299 1336
301 1276
1276 1336
1276 1357
300 1336
1336 1357
300 1357
300 1395
300 1422
301 1357
338 1395
1395 1421
1395 1422
339 1422
1421 1422
301 1325
301 1326
302 1325
1325 1326
1325 1327
327 1326
1326 1327
302 1280
302 1327
303 1280
327 1327
303 1286
303 1331
305 1286
1286 1331
1286 1350
304 1331
1331 1350
304 1350
304 1384
304 1397
305 1350
330 1384
1384 1396
1384 1397
331 1397
1396 1397
305 1294
314 1294
306 1300
306 1322
306 1352
307 1300
321 1322
1322 1351
1322 1352
322 1352
1351 1352
307 1303
308 1303
308 1315
308 1334
308 1338
1315 1334
1334 1338
1334 1354
319 1338
1338 1354
309 1305
309 1316
309 1332
309 1341
1305 1332
310 1316
1332 1340
1332 1341
318 1341
1340 1341
310 1314
311 1314
311 1312
311 1346
313 1312
1312 1346
1312 1380
312 1346
1346 1380
312 1380
312 1406
312 1417
313 1380
335 1406
1406 1416
1406 1417
342 1417
1416 1417
313 1348
324 1348
314 1320
314 1375
321 1320
1320 1375
1320 1376
320 1375
1375 1376
315 1355
315 1364
317 1355
1355 1364
1355 1404
316 1364
1364 1404
316 1404
316 1420
316 1428
317 1404
326 1420
1420 1427
1420 1428
345 1428
1427 1428
317 1393
317 1443
338 1393
1393 1443
1393 1444
337 1443
1443 1444
318 1340
318 1365
318 1378
1340 1365
1365 1377
1365 1378
323 1378
1377 1378
319 1354
319 1368
319 1386
1354 1368
1368 1386
1368 1390
336 1386
1386 1390
320 1376
320 1429
320 1441
321 1376
341 1429
1429 1440
1429 1441
348 1441
1440 1441
321 1351
322 1351
322 1366
322 1426
333 1366
1366 1426
1366 1453
332 1426
1426 1453
323 1377
323 1391
323 1400
323 1405
323 1431
1377 1400
335 1391
1391 1431
1391 1445
1400 1405
1405 1430
1405 1431
334 1431
1430 1431
1431 1445
324 1388
324 1409
326 1388
1388 1409
1388 1449
325 1409
1409 1449
325 1449
325 1479
325 1481
326 1449
344 1479
1479 1480
1479 1481
361 1481
1480 1481
326 1427
345 1427
327 1372
327 1415
329 1372
1372 1415
1372 1437
328 1415
1415 1437
328 1437
328 1498
328 1505
329 1437
355 1498
1498 1504
1498 1505
377 1505
1504 1505
329 1434
329 1435
330 1434
1434 1435
1434 1436
356 1435
1435 1436
330 1396
330 1436
331 1396
356 1436
331 1423
331 1469
341 1423
1423 1469
1423 1475
340 1469
1469 1475
332 1453
332 1491
332 1497
333 1453
358 1491
1491 1496
1491 1497
365 1497
1496 1497
333 1402
333 1418
336 1402
1402 1418
1402 1419
349 1418
1418 1419
334 1430
334 1445
334 1464
334 1477
1430 1464
335 1445
1464 1476
1464 1477
351 1477
1476 1477
335 1416
342 1416
336 1390
336 1403
336 1419
336 1432
1390 1403
1403 1432
349 1419
1419 1432
1419 1460
1432 1460
337 1444
337 1508
337 1542
338 1444
371 1508
1508 1541
1508 1542
372 1542
1541 1542
338 1421
339 1421
339 1458
339 1510
355 1458
1458 1510
1458 1527
354 1510
1510 1527
340 1475
340 1529
340 1548
341 1475
381 1529
1529 1547
1529 1548
382 1548
1547 1548
341 1440
348 1440
342 1447
342 1484
344 1447
1447 1484
1447 1520
343 1484
1484 1520
343 1520
343 1526
343 1557
344 1520
353 1526
1526 1556
1526 1557
364 1557
1556 1557
344 1480
361 1480
345 1462
345 1486
347 1462
1462 1486
1462 1530
346 1486
1486 1530
346 1530
346 1561
346 1567
347 1530
363 1561
1561 1566
1561 1567
386 1567
1566 1567
347 1506
347 1578
371 1506
1506 1578
1506 1590
370 1578
1578 1590
348 1470
348 1515
358 1470
1470 1515
1470 1534
357 1515
1515 1534
349 1460
349 1465
349 1494
1460 1465
1465 1494
1465 1495
350 1494
1494 1495
350 1495
350 1503
350 1537
350 1539
1495 1503
1503 1539
1503 1540
366 1537
1537 1538
1537 1539
367 1539
1538 1539
1539 1540
351 1476
351 1502
351 1517
351 1518
1476 1502
1502 1516
1502 1517
352 1517
1516 1517
1517 1518
1517 1533
353 1518
1518 1533
352 1516
352 1533
352 1546
352 1553
1516 1546
353 1533
1546 1552
1546 1553
373 1553
1552 1553
353 1556
364 1556
354 1527
354 1581
354 1637
355 1527
391 1581
1581 1636
1581 1637
401 1637
1636 1637
355 1504
377 1504
356 1500
356 1513
360 1500
1500 1513
1500 1609
359 1513
1513 1609
357 1534
357 1582
357 1616
358 1534
384 1582
1582 1615
1582 1616
393 1616
1615 1616
358 1496
365 1496
359 1609
359 1644
359 1646
360 1609
379 1644
1644 1645
1644 1646
419 1646
1645 1646
360 1572
360 1573
381 1572
1572 1573
1572 1574
402 1573
1573 1574
361 1522
361 1560
363 1522
1522 1560
1522 1604
362 1560
1560 1604
362 1604
362 1607
362 1660
363 1604
369 1607
1607 1659
1607 1660
385 1660
1659 1660
363 1566
386 1566
364 1601
364 1602
368 1601
1601 1602
1601 1612
369 1602
1602 1612
365 1544
365 1584
366 1544
1544 1584
1544 1585
380 1584
1584 1585
366 1538
366 1585
367 1538
380 1585
367 1540
367 1545
367 1589
1540 1545
1545 1589
1545 1591
376 1589
1589 1591
368 1612
368 1620
368 1656
369 1612
375 1620
1620 1655
1620 1656
392 1656
1655 1656
369 1659
385 1659
370 1590
370 1676
370 1724
371 1590
414 1676
1676 1723
1676 1724
417 1724
1723 1724
371 1541
372 1541
372 1579
372 1670
391 1579
1579 1670
1579 1671
390 1670
1670 1671
373 1552
373 1593
373 1597
373 1598
1552 1593
1593 1596
1593 1597
374 1597
1596 1597
1597 1598
1597 1626
375 1598
1598 1626
374 1596
374 1626
374 1640
374 1652
1596 1640
375 1626
1640 1651
1640 1652
398 1652
1651 1652
375 1655
392 1655
376 1591
376 1594
376 1633
376 1635
1591 1594
1594 1635
1594 1638
396 1633
1633 1634
1633 1635
397 1635
1634 1635
1635 1638
377 1569
377 1624
379 1569
1569 1624
1569 1695
378 1624
1624 1695
378 1695
378 1750
378 1762
379 1695
416 1750
1750 1761
1750 1762
447 1762
1761 1762
379 1645
419 1645
380 1629
380 1630
394 1629
1629 1630
1629 1642
395 1630
1630 1642
381 1547
381 1574
382 1547
402 1574
382 1575
382 1648
384 1575
1575 1648
1575 1649
383 1648
1648 1649
383 1649
383 1705
383 1764
384 1649
428 1705
1705 1763
1705 1764
429 1764
1763 1764
384 1615
393 1615
385 1716
385 1718
410 1716
1716 1717
1716 1718
387 1718
1717 1718
386 1618
386 1665
411 1618
1618 1665
1618 1722
389 1665
1665 1722
387 1717
387 1721
387 1757
410 1717
389 1721
1721 1730
1721 1757
388 1757
1730 1757
388 1730
388 1841
388 1845
389 1730
441 1841
1841 1844
1841 1845
446 1845
1844 1845
389 1722
411 1722
390 1671
390 1760
390 1819
391 1671
443 1760
1760 1818
1760 1819
444 1819
1818 1819
391 1636
401 1636
392 1712
392 1713
408 1712
1712 1713
1712 1729
409 1713
1713 1729
393 1650
393 1681
394 1650
1650 1681
1650 1682
405 1681
1681 1682
394 1642
394 1682
395 1642
405 1682
395 1639
395 1685
396 1639
1639 1685
1639 1686
400 1685
1685 1686
396 1634
396 1686
397 1634
400 1686
397 1638
397 1641
397 1690
1638 1641
1641 1690
1641 1691
399 1690
1690 1691
398 1651
398 1697
398 1708
398 1709
1651 1697
1697 1707
1697 1708
406 1708
1707 1708
1708 1709
1708 1735
407 1709
1709 1735
399 1691
399 1696
399 1745
399 1747
1691 1696
1696 1747
1696 1749
426 1745
1745 1746
1745 1747
427 1747
1746 1747
1747 1749
400 1741
400 1742
424 1741
1741 1742
1741 1754
425 1742
1742 1754
401 1693
401 1787
416 1693
1693 1787
1693 1794
415 1787
1787 1794
402 1674
402 1703
404 1674
1674 1703
1674 1824
403 1703
1703 1824
403 1824
403 1863
403 1865
404 1824
421 1863
1863 1864
1863 1865
483 1865
1864 1865
404 1791
404 1792
428 1791
1791 1792
1791 1793
454 1792
1792 1793
405 1737
405 1738
422 1737
1737 1738
1737 1789
423 1738
1738 1789
406 1707
406 1735
406 1756
406 1768
1707 1756
407 1735
1756 1767
1756 1768
431 1768
1767 1768
407 1733
407 1771
408 1733
1733 1771
1733 1772
418 1771
1771 1772
408 1729
408 1772
409 1729
418 1772
409 1720
409 1775
410 1720
1720 1775
1720 1776
412 1775
1775 1776
410 1776
412 1776
411 1667
411 1784
414 1667
1667 1784
1667 1788
413 1784
1784 1788
412 1836
412 1837
438 1836
1836 1837
1836 1849
439 1837
1837 1849
413 1788
413 1857
413 1884
414 1788
451 1857
1857 1883
1857 1884
452 1884
1883 1884
414 1723
417 1723
415 1794
415 1871
415 1943
416 1794
480 1871
1871 1942
1871 1943
482 1943
1942 1943
416 1761
447 1761
417 1758
417 1859
443 1758
1758 1859
1758 1866
442 1859
1859 1866
418 1832
418 1833
436 1832
1832 1833
1832 1860
437 1833
1833 1860
419 1752
419 1797
421 1752
1752 1797
1752 1913
420 1797
1797 1913
420 1913
420 1985
420 1987
421 1913
449 1985
1985 1986
1985 1987
514 1987
1986 1987
421 1864
483 1864
422 1789
422 1813
422 1815
423 1789
429 1813
1813 1814
1813 1815
445 1815
1814 1815
423 1765
423 1801
424 1765
1765 1801
1765 1802
433 1801
1801 1802
424 1754
424 1802
425 1754
433 1802
425 1748
425 1805
426 1748
1748 1805
1748 1806
430 1805
1805 1806
426 1746
426 1806
427 1746
430 1806
427 1749
427 1755
427 1810
1749 1755
1755 1810
1755 1812
432 1810
1810 1812
428 1763
428 1793
429 1763
454 1793
429 1814
445 1814
430 1892
430 1893
459 1892
1892 1893
1892 1902
460 1893
1893 1902
431 1767
431 1822
431 1829
431 1900
1767 1822
1822 1828
1822 1900
463 1829
1829 1900
1829 1903
435 1900
1828 1900
1900 1903
432 1812
432 1823
432 1897
432 1899
1812 1823
1823 1899
1823 1901
461 1897
1897 1898
1897 1899
462 1899
1898 1899
1899 1901
433 1888
433 1889
457 1888
1888 1889
1888 1916
458 1889
1889 1916
434 1904
434 1957
434 2009
435 1904
1904 1931
1931 1957
1957 2008
470 2009
2008 2009
2009 2040
435 1827
435 1828
435 1903
1827 1828
1827 1931
463 1903
436 1860
436 1867
436 1873
437 1860
463 1867
1867 1872
1867 1873
467 1873
1872 1873
437 1854
437 1876
438 1854
1854 1876
1854 1877
453 1876
1876 1877
438 1849
438 1877
439 1849
453 1877
439 1839
439 1881
441 1839
1839 1881
1839 1882
440 1881
1881 1882
440 1882
440 1970
440 1993
441 1882
476 1970
1970 1992
1970 1993
499 1993
1992 1993
441 1844
446 1844
442 1866
442 1988
442 1990
443 1866
478 1988
1988 1989
1988 1990
495 1990
1989 1990
443 1818
444 1818
444 1869
444 2000
480 1869
1869 2000
1869 2001
479 2000
2000 2001
445 1885
445 1911
456 1885
1885 1911
1885 1980
455 1911
1911 1980
446 1855
446 1930
451 1855
1855 1930
1855 1936
450 1930
1930 1936
447 1861
447 1934
449 1861
1861 1934
1861 2046
448 1934
1934 2046
448 2046
448 2107
448 2151
449 2046
513 2107
2107 2150
2107 2151
569 2151
2150 2151
449 1986
514 1986
450 1936
450 2017
450 2019
451 1936
504 2017
2017 2018
2017 2019
505 2019
2018 2019
451 1883
452 1883
452 1923
452 1995
478 1923
1923 1995
1923 2020
477 1995
1995 2020
453 1965
453 1966
494 1965
1965 1966
1965 2016
474 1966
1966 2016
454 1918
454 1941
465 1918
1918 1941
1918 2071
464 1941
1941 2071
455 1980
455 2003
455 2005
456 1980
486 2003
2003 2004
2003 2005
487 2005
2004 2005
456 1935
456 1944
457 1935
1935 1944
1935 1945
481 1944
1944 1945
457 1916
457 1945
458 1916
481 1945
458 1908
458 1948
459 1908
1908 1948
1908 1949
469 1948
1948 1949
459 1902
459 1949
460 1902
469 1949
460 1895
460 1952
461 1895
1895 1952
1895 1953
468 1952
1952 1953
461 1898
461 1953
462 1898
468 1953
462 1901
462 1907
462 1959
1901 1907
1907 1956
466 1959
1956 1959
463 1872
467 1872
464 2071
464 2091
464 2093
465 2071
485 2091
2091 2092
2091 2093
532 2093
2092 2093
465 2013
465 2140
486 2013
515 2140
466 1960
466 2038
1956 1960
1960 2039
502 2038
2037 2038
2038 2039
467 1962
467 2049
506 1962
1962 2049
1962 2055
473 2049
2049 2055
468 2034
468 2035
500 2034
2034 2035
2034 2057
501 2035
2035 2057
469 2030
469 2031
492 2030
2030 2031
2030 2078
493 2031
2031 2078
470 2007
470 2042
470 2126
2007 2008
2007 2124
471 2042
2040 2042
2042 2060
498 2126
2060 2126
2124 2126
471 1976
473 1976
1976 2063
472 2128
472 2159
473 2128
2063 2128
519 2159
2158 2159
2159 2160
473 2055
506 2055
474 1968
474 2016
474 2066
476 1968
1968 2066
1968 2067
494 2016
475 2066
2066 2067
475 2067
475 2164
475 2166
476 2067
552 2164
2164 2165
2164 2166
553 2166
2165 2166
476 1992
499 1992
477 2020
477 2087
477 2102
478 2020
523 2087
2087 2101
2087 2102
524 2102
2101 2102
478 1989
495 1989
479 2001
479 2081
479 2083
480 2001
497 2081
2081 2082
2081 2083
535 2083
2082 2083
480 1942
482 1942
481 2026
481 2027
490 2026
2026 2027
2026 2106
491 2027
2027 2106
482 2044
482 2176
513 2044
2044 2176
2044 2188
512 2176
2176 2188
483 1997
483 2054
485 1997
1997 2054
1997 2139
484 2054
2054 2139
484 2139
484 2192
484 2194
485 2139
526 2192
2192 2193
2192 2194
570 2194
2193 2194
485 2092
532 2092
486 2004
487 2004
487 2076
487 2096
489 2076
2076 2096
2076 2182
488 2096
2096 2182
488 2182
488 2198
488 2203
489 2182
517 2198
2198 2202
2198 2203
554 2203
2202 2203
489 2108
489 2109
490 2108
2108 2109
2108 2110
538 2109
2109 2110
490 2106
490 2110
491 2106
538 2110
491 2089
491 2111
492 2089
2089 2111
2089 2112
527 2111
2111 2112
492 2078
492 2112
493 2078
527 2112
493 2074
493 2115
500 2074
2074 2115
2074 2116
511 2115
2115 2116
494 2021
494 2065
506 2021
2021 2064
2021 2065
510 2065
2064 2065
495 2047
495 2098
497 2047
2047 2098
2047 2174
496 2098
2098 2174
496 2174
496 2208
496 2243
497 2174
531 2208
2208 2242
2208 2243
566 2243
2242 2243
497 2082
535 2082
498 2125
498 2211
2124 2125
2125 2209
548 2211
2209 2211
2211 2213
499 2011
499 2100
504 2011
2011 2100
2011 2132
503 2100
2100 2132
500 2057
500 2116
501 2057
511 2116
501 2056
501 2146
507 2056
2056 2119
509 2146
2119 2146
502 2041
502 2051
502 2122
2039 2041
2041 2123
507 2051
2037 2051
2051 2121
508 2122
2121 2122
2122 2123
503 2132
503 2244
503 2249
504 2132
560 2244
2244 2248
2244 2249
561 2249
2248 2249
504 2018
505 2018
505 2085
505 2169
523 2085
2085 2169
2085 2187
522 2169
2169 2187
506 2064
510 2064
508 2129
508 2229
2123 2129
2129 2230
547 2229
2228 2229
2229 2230
509 2226
545 2226
2225 2226
2226 2227
510 2162
510 2245
521 2162
2162 2245
2162 2258
520 2245
2245 2258
511 2222
511 2223
543 2222
2222 2223
2222 2265
544 2223
2223 2265
512 2188
512 2304
512 2306
513 2188
537 2304
2304 2305
2304 2306
586 2306
2305 2306
513 2150
569 2150
514 2104
514 2190
526 2104
2104 2190
2104 2281
525 2190
2190 2281
515 2142
515 2181
517 2142
2142 2181
2142 2255
516 2181
2181 2255
516 2255
516 2288
516 2290
517 2255
579 2288
2288 2289
2288 2290
580 2290
2289 2290
517 2202
554 2202
518 2212
518 2215
548 2212
2212 2213
2212 2314
519 2215
2158 2215
2215 2318
519 2232
519 2319
529 2232
2160 2232
2232 2269
528 2319
2269 2319
2318 2319
520 2233
520 2258
520 2272
529 2233
2233 2271
521 2258
550 2272
2271 2272
521 2251
521 2345
552 2251
2251 2345
2251 2346
565 2345
2345 2346
522 2187
522 2293
522 2295
523 2187
563 2293
2293 2294
2293 2295
578 2295
2294 2295
523 2101
524 2101
524 2172
524 2253
531 2172
2172 2253
2172 2296
530 2253
2253 2296
525 2281
525 2376
525 2378
526 2281
574 2376
2376 2377
2376 2378
617 2378
2377 2378
526 2193
570 2193
527 2219
527 2241
542 2219
2219 2241
2219 2298
541 2241
2241 2298
528 2425
604 2425
2424 2425
2425 2427
530 2296
530 2369
530 2402
531 2296
591 2369
2369 2401
2369 2402
592 2402
2401 2402
531 2242
566 2242
532 2196
532 2261
534 2196
2196 2261
2196 2380
533 2261
2261 2380
533 2380
533 2413
533 2460
534 2380
572 2413
2413 2459
2413 2460
624 2460
2459 2460
534 2347
534 2482
579 2347
596 2482
535 2200
535 2264
537 2200
2200 2264
2200 2359
536 2264
2264 2359
536 2359
536 2406
536 2408
537 2359
568 2406
2406 2407
2406 2408
593 2408
2407 2408
537 2305
586 2305
538 2217
538 2268
540 2217
2217 2268
2217 2362
539 2268
2268 2362
539 2362
539 2398
539 2400
540 2362
556 2398
2398 2399
2398 2400
599 2400
2399 2400
540 2320
540 2321
541 2320
2320 2321
2320 2322
583 2321
2321 2322
541 2298
541 2322
542 2298
583 2322
542 2277
542 2323
543 2277
2277 2323
2277 2324
575 2323
2323 2324
543 2265
543 2324
544 2265
575 2324
544 2259
544 2327
557 2259
2259 2328
564 2327
2327 2328
545 2237
545 2247
545 2330
546 2237
2227 2237
2237 2331
557 2247
2225 2247
2247 2329
558 2330
2329 2330
2330 2331
546 2236
547 2236
2228 2236
2236 2332
547 2231
547 2333
2230 2231
2231 2334
551 2333
2332 2333
2333 2334
548 2210
548 2313
2209 2210
2210 2311
549 2313
2311 2313
2313 2314
549 2312
549 2419
2311 2312
2312 2417
602 2419
2417 2419
2419 2421
550 2389
576 2389
2389 2390
2389 2456
551 2336
551 2441
2334 2336
2336 2442
611 2441
2440 2441
2441 2442
552 2165
552 2346
553 2165
565 2346
553 2238
553 2356
560 2238
2238 2356
2238 2358
559 2356
2356 2358
554 2299
554 2350
556 2299
2299 2350
2299 2451
555 2350
2350 2451
555 2451
555 2484
555 2486
556 2451
582 2484
2484 2485
2484 2486
625 2486
2485 2486
556 2399
599 2399
558 2461
609 2461
2437 2461
2438 2461
559 2358
559 2496
559 2498
560 2358
616 2496
2496 2497
2496 2498
621 2498
2497 2498
560 2248
561 2248
561 2275
561 2394
563 2275
2275 2394
2275 2395
562 2394
2394 2395
562 2395
562 2524
562 2567
563 2395
628 2524
2524 2566
2524 2567
631 2567
2566 2567
563 2294
578 2294
564 2434
607 2434
2433 2434
2434 2435
565 2392
565 2469
612 2392
2392 2469
2392 2506
613 2469
2469 2506
566 2309
566 2388
568 2309
2309 2388
2309 2480
567 2388
2388 2480
567 2480
567 2528
567 2570
568 2480
615 2528
2528 2569
2528 2570
633 2570
2569 2570
568 2407
593 2407
569 2284
569 2404
574 2284
2284 2404
2284 2458
573 2404
2404 2458
570 2307
570 2397
572 2307
2307 2397
2307 2493
571 2397
2397 2493
571 2493
571 2605
571 2608
572 2493
619 2605
2605 2607
2605 2608
646 2608
2607 2608
572 2459
624 2459
573 2458
573 2580
573 2582
574 2458
642 2580
2580 2581
2580 2582
643 2582
2581 2582
574 2377
617 2377
575 2431
575 2453
606 2431
2431 2453
2431 2513
605 2453
2453 2513
576 2409
576 2463
576 2564
577 2409
2390 2409
2409 2572
589 2463
2456 2463
2463 2563
2563 2564
2564 2572
577 2464
577 2565
612 2464
2464 2520
2520 2565
2565 2572
578 2367
578 2467
591 2367
2367 2467
2367 2499
590 2467
2467 2499
579 2289
580 2289
580 2382
580 2416
582 2382
2382 2416
2382 2515
581 2416
2416 2515
581 2515
581 2576
581 2578
582 2515
598 2576
2576 2577
2576 2578
637 2578
2577 2578
582 2485
625 2485
583 2429
583 2474
585 2429
2429 2474
2429 2585
584 2474
2474 2585
584 2585
584 2586
584 2610
584 2612
585 2585
2585 2586
2585 2587
2586 2587
2586 2612
601 2610
2610 2611
2610 2612
2611 2612
585 2545
585 2546
585 2587
605 2545
2545 2546
2545 2547
2546 2547
2546 2587
586 2446
586 2450
588 2446
587 2450
587 2606
587 2647
635 2606
2606 2646
2606 2647
636 2647
2646 2647
588 2509
588 2603
623 2509
2509 2603
2509 2604
622 2603
2603 2604
589 2426
589 2544
604 2426
2426 2427
2426 2543
2543 2544
2544 2563
590 2499
590 2626
590 2628
591 2499
632 2626
2626 2627
2626 2628
647 2628
2627 2628
591 2401
592 2401
592 2478
592 2574
615 2478
2478 2574
2478 2629
614 2574
2574 2629
593 2518
593 2595
595 2518
594 2595
594 2682
594 2720
660 2682
2682 2719
2682 2720
661 2720
2719 2720
595 2598
595 2680
635 2598
2598 2680
2598 2681
634 2680
2680 2681
596 2487
596 2530
598 2487
2487 2530
2487 2619
597 2530
2530 2619
597 2619
597 2651
597 2660
598 2619
653 2651
2651 2659
2651 2660
654 2660
2659 2660
598 2577
637 2577
599 2504
599 2533
601 2504
2504 2533
2504 2631
600 2533
2533 2631
600 2631
600 2632
600 2661
600 2663
601 2631
2631 2632
2631 2633
2632 2633
2632 2663
627 2661
2661 2662
2661 2663
2662 2663
601 2611
601 2633
2611 2633
602 2418
602 2420
602 2538
2417 2418
2418 2537
603 2420
2420 2421
2420 2539
2537 2538
2538 2539
603 2423
603 2540
604 2423
2423 2424
2423 2541
2539 2540
2540 2541
604 2542
2541 2542
2542 2543
605 2513
605 2547
605 2561
606 2513
2513 2561
2513 2562
2547 2561
2561 2562
606 2507
606 2562
606 2616
620 2507
2507 2548
2562 2616
2548 2616
607 2477
607 2495
607 2551
608 2477
2435 2477
2477 2552
620 2495
2433 2495
2495 2550
2550 2551
2551 2552
608 2471
608 2553
609 2471
2437 2471
2471 2554
2552 2553
2553 2554
609 2462
609 2555
610 2462
2438 2462
2462 2556
2554 2555
2555 2556
610 2457
610 2557
611 2457
2440 2457
2457 2558
2556 2557
2557 2558
611 2443
611 2559
2442 2443
2443 2560
2558 2559
2559 2560
612 2506
612 2521
612 2597
613 2506
2506 2597
2506 2600
2520 2521
2521 2597
2597 2600
613 2475
613 2600
613 2609
616 2475
2475 2609
2475 2617
2600 2609
2609 2617
614 2629
614 2675
614 2702
615 2629
657 2675
2675 2701
2675 2702
658 2702
2701 2702
615 2569
633 2569
616 2497
616 2617
616 2625
621 2497
2497 2625
2497 2630
2617 2625
2625 2630
617 2491
617 2591
619 2491
2491 2591
2491 2658
618 2591
2591 2658
618 2658
618 2705
618 2729
619 2658
645 2705
2705 2728
2705 2729
673 2729
2728 2729
619 2607
646 2607
620 2549
2548 2549
2549 2550
621 2522
621 2630
621 2644
628 2522
2522 2644
2522 2649
2630 2644
2644 2649
622 2604
622 2668
622 2724
623 2604
649 2668
2668 2724
2668 2737
650 2724
2724 2737
623 2596
623 2664
642 2596
2596 2664
2596 2665
648 2664
2664 2665
624 2592
624 2640
630 2592
2592 2640
2592 2708
629 2640
2640 2708
625 2588
625 2624
627 2588
2588 2624
2588 2690
626 2624
2624 2690
626 2690
626 2691
626 2712
626 2714
627 2690
2690 2691
2690 2692
2691 2692
2691 2714
639 2712
2712 2713
2712 2714
2713 2714
627 2662
627 2692
2662 2692
628 2566
628 2649
628 2666
631 2566
2566 2666
2566 2672
2649 2666
2666 2672
629 2708
629 2748
629 2765
630 2708
652 2748
2748 2764
2748 2765
679 2765
2764 2765
630 2688
630 2769
653 2688
666 2769
631 2601
631 2672
631 2689
632 2601
2601 2689
2601 2698
2672 2689
2689 2698
632 2627
632 2698
632 2706
647 2627
2627 2706
2627 2734
2698 2706
2706 2734
633 2642
633 2700
641 2642
640 2700
634 2681
634 2760
634 2790
635 2681
671 2760
2760 2789
2760 2790
672 2790
2789 2790
635 2646
636 2646
636 2695
636 2740
649 2695
2695 2740
2695 2741
662 2740
2740 2741
637 2653
637 2687
639 2653
2653 2687
2653 2745
638 2687
2687 2745
638 2745
638 2746
638 2771
638 2773
639 2745
2745 2746
2745 2747
2746 2747
2746 2773
656 2771
2771 2772
2771 2773
2772 2773
639 2713
639 2747
2713 2747
640 2775
640 2786
669 2775
2775 2785
2775 2786
678 2786
2785 2786
641 2677
641 2757
660 2677
2677 2757
2677 2761
659 2757
2757 2761
642 2581
642 2665
643 2581
648 2665
643 2656
643 2704
645 2656
2656 2704
2656 2763
644 2704
2704 2763
644 2763
644 2802
644 2807
645 2763
687 2802
2802 2806
2802 2807
689 2807
2806 2807
645 2728
673 2728
646 2683
646 2743
652 2683
2683 2743
2683 2793
651 2743
2743 2793
647 2673
647 2734
647 2736
657 2673
2673 2736
2673 2753
2734 2736
2736 2753
648 2726
648 2780
677 2726
2726 2780
2726 2812
676 2780
2780 2812
649 2737
649 2741
650 2737
662 2741
650 2738
650 2824
664 2738
2738 2824
2738 2825
663 2824
2824 2825
651 2793
651 2840
651 2846
652 2793
675 2840
2840 2845
2840 2846
697 2846
2845 2846
652 2764
679 2764
653 2659
654 2659
654 2710
654 2750
656 2710
2710 2750
2710 2795
655 2750
2750 2795
655 2795
655 2796
655 2814
655 2834
656 2795
2795 2796
2795 2797
2796 2797
2796 2834
668 2814
2814 2833
2814 2834
2833 2834
656 2772
656 2797
2772 2797
657 2701
657 2753
657 2774
658 2701
2701 2774
2701 2776
2753 2774
2774 2776
658 2751
658 2776
658 2798
658 2799
665 2751
2751 2799
2751 2815
2776 2798
2798 2799
2799 2815
659 2761
659 2836
659 2854
660 2761
684 2836
2836 2853
2836 2854
688 2854
2853 2854
660 2719
661 2719
661 2758
661 2820
671 2758
2758 2820
2758 2821
670 2820
2820 2821
662 2835
662 2843
680 2835
2835 2843
2835 2859
681 2843
2843 2859
663 2825
663 2874
663 2907
664 2825
693 2874
2874 2907
2874 2920
694 2907
2907 2920
664 2813
664 2838
676 2813
2813 2838
2813 2839
692 2838
2838 2839
665 2754
665 2815
665 2816
669 2754
2754 2816
2754 2848
2815 2816
2816 2848
666 2777
666 2805
668 2777
2777 2805
2777 2847
667 2805
2805 2847
667 2847
667 2850
667 2868
667 2872
668 2847
2847 2850
2847 2851
2850 2851
2850 2872
700 2868
2868 2871
2868 2872
2871 2872
668 2833
668 2851
2833 2851
669 2785
669 2848
669 2852
678 2785
2785 2852
2785 2865
2848 2852
2852 2865
670 2821
670 2883
670 2903
671 2821
701 2883
2883 2902
2883 2903
702 2903
2902 2903
671 2789
672 2789
672 2822
672 2881
680 2822
2822 2881
2822 2882
685 2881
2881 2882
673 2783
673 2831
675 2783
2783 2831
2783 2866
674 2831
2831 2866
674 2866
674 2896
674 2916
675 2866
691 2896
2896 2915
2896 2916
708 2916
2915 2916
675 2845
697 2845
676 2812
676 2839
677 2812
692 2839
677 2811
677 2828
687 2811
2811 2828
2811 2829
686 2828
2828 2829
678 2817
678 2865
678 2877
684 2817
2817 2877
2817 2890
2865 2877
2877 2890
679 2841
679 2864
683 2841
2841 2864
2841 2919
682 2864
2864 2919
680 2859
680 2882
681 2859
685 2882
681 2884
681 2921
693 2884
2884 2921
2884 2922
703 2921
2921 2922
682 2919
682 2924
682 2942
682 2944
683 2919
2919 2924
2919 2925
2924 2925
2924 2944
699 2942
2942 2943
2942 2944
2943 2944
683 2897
683 2898
683 2925
683 2954
700 2897
2897 2898
2897 2899
2898 2899
2898 2954
2925 2954
684 2853
684 2890
684 2901
688 2853
2853 2901
2853 2918
2890 2901
2901 2918
685 2933
685 2951
706 2933
2933 2950
2933 2951
707 2951
2950 2951
686 2829
686 2912
686 2914
687 2829
695 2912
2912 2913
2912 2914
696 2914
2913 2914
687 2806
689 2806
688 2878
688 2918
688 2930
701 2878
2878 2930
2878 2934
2918 2930
2930 2934
689 2861
689 2894
691 2861
2861 2894
2861 2936
690 2894
2894 2936
690 2936
690 2959
690 2962
691 2936
716 2959
2959 2961
2959 2962
717 2962
2961 2962
691 2915
708 2915
692 2927
692 2939
711 2927
2927 2939
2927 2963
712 2939
2939 2963
693 2920
693 2922
694 2920
703 2922
694 2909
694 2974
705 2909
2909 2974
2909 2975
704 2974
2974 2975
695 2913
695 2960
695 2980
696 2913
712 2960
2960 2980
2960 3000
718 2980
2980 3000
696 2957
696 3010
716 2957
2957 3010
2957 3011
715 3010
3010 3011
697 2888
697 2929
699 2888
2888 2929
2888 2966
698 2929
2929 2966
698 2966
698 2967
698 2991
698 2993
699 2966
2966 2967
2966 2968
2967 2968
2967 2993
710 2991
2991 2992
2991 2993
2992 2993
699 2943
699 2968
2943 2968
700 2871
700 2899
2871 2899
701 2902
701 2934
701 2949
702 2902
2902 2949
2902 2953
2934 2949
2949 2953
702 2931
702 2953
702 2969
706 2931
2931 2969
2931 2970
2953 2969
2969 2970
703 2973
703 2978
713 2973
2973 2978
2973 2996
714 2978
2978 2996
704 2975
704 3005
704 3023
705 2975
722 3005
3005 3023
3005 3036
723 3023
3023 3036
705 2964
705 2987
711 2964
2964 2987
2964 2988
721 2987
2987 2988
706 2950
706 2970
706 2994
707 2950
2950 2994
2950 2995
2970 2994
2994 2995
707 2971
707 2995
707 3002
713 2971
2971 3002
2971 3003
2995 3002
3002 3003
708 2947
708 2985
710 2947
2947 2985
2947 3001
709 2985
2985 3001
709 3001
709 3006
709 3020
709 3035
710 3001
3001 3006
3001 3007
3006 3007
3006 3035
720 3020
3020 3034
3020 3035
3034 3035
710 2992
710 3007
2992 3007
711 2963
711 2988
712 2963
721 2988
712 3000
718 3000
713 2996
713 3003
713 3021
714 2996
2996 3021
2996 3022
3003 3021
3021 3022
714 3008
714 3022
714 3027
722 3008
3008 3027
3008 3028
3022 3027
3027 3028
715 3011
715 3033
715 3047
716 3011
730 3033
3033 3046
3033 3047
731 3047
3046 3047
716 2961
717 2961
717 2998
717 3018
720 2998
2998 3018
2998 3041
719 3018
3018 3041
718 3029
718 3045
728 3029
3029 3045
3029 3048
727 3045
3045 3048
719 3041
719 3042
719 3055
719 3058
720 3041
3041 3042
3041 3043
3042 3043
3042 3058
733 3055
3055 3057
3055 3058
3057 3058
720 3034
720 3043
3034 3043
721 3038
721 3039
725 3038
3038 3039
3038 3056
726 3039
3039 3056
722 3028
722 3036
722 3049
3028 3049
723 3036
3036 3049
3036 3050
3049 3050
723 3025
723 3050
723 3060
724 3025
3025 3060
3025 3061
3050 3060
3060 3061
724 3059
724 3061
724 3062
724 3063
725 3059
3059 3063
3059 3064
3061 3062
3062 3063
3062 3085
735 3063
3063 3064
3063 3085
725 3056
725 3064
726 3056
735 3064
726 3054
726 3073
727 3054
3054 3073
3054 3074
734 3073
3073 3074
727 3048
727 3074
728 3048
734 3074
728 3031
728 3070
730 3031
3031 3070
3031 3075
729 3070
3070 3075
729 3075
729 3096
729 3098
730 3075
739 3096
3096 3097
740 3098
3097 3098
730 3046
731 3046
731 3052
731 3078
733 3052
3052 3078
3052 3080
732 3078
3078 3080
732 3080
732 3083
732 3103
732 3108
733 3080
3080 3083
3080 3084
3083 3084
3083 3108
742 3103
3103 3107
3107 3108
733 3057
733 3084
3057 3084
734 3090
734 3091
737 3090
3090 3104
738 3091
3091 3104
735 3085
735 3086
735 3087
3085 3086
3086 3109
736 3087
3087 3109
736 3105
736 3110
744 3105
3105 3106
3105 3126
3109 3110
3110 3126
737 3111
744 3111
3106 3111
3111 3125
738 3093
743 3093
3093 3094
3093 3122
739 3114
743 3114
3094 3114
3114 3115
740 3100
741 3100
3100 3101
3100 3119
741 3120
741 3136
741 3141
742 3120
3101 3120
3120 3123
749 3136
3119 3136
3136 3138
3123 3141
3138 3141
742 3124
3107 3124
3123 3124
743 3130
743 3133
746 3130
3122 3130
3130 3132
747 3133
3115 3133
3132 3133
744 3127
744 3128
3126 3127
3127 3142
745 3128
3125 3128
3128 3142
745 3139
745 3143
750 3139
3139 3140
3139 3152
3142 3143
3143 3152
746 3144
750 3144
3140 3144
3144 3150
747 3148
748 3148
3135 3148
3147 3148
748 3149
748 3158
748 3160
749 3149
3135 3149
3149 3151
752 3158
3147 3158
3158 3159
3151 3160
3159 3160
749 3137
3137 3138
3137 3151
750 3153
750 3154
3152 3153
3153 3161
751 3154
3150 3154
3154 3161
751 3156
751 3162
753 3156
3156 3157
3156 3166
3161 3162
3162 3166
752 3163
752 3165
753 3163
3157 3163
3163 3164
3159 3165
3164 3165
753 3167
753 3169
3166 3167
3167 3168
3164 3169
3168 3169
