1 2
1 3
1 4
1 5
1 6
1 7
1 8
1 9
1 10
1 11
1 12
1 13
1 14
1 15
1 16
1 17
2 3
2 4
2 5
2 6
2 7
2 8
2 9
2 10
2 11
2 12
2 13
2 14
2 15
2 16
2 17
3 4
3 5
3 6
3 7
3 8
3 9
3 10
3 11
3 12
3 13
3 14
3 15
3 16
3 17
4 5
4 6
4 7
4 8
4 9
4 10
4 11
4 12
4 13
4 14
4 15
4 16
4 17
4 18
4 19
4 20
4 21
4 22
4 23
4 24
4 25
4 26
4 27
4 28
4 29
4 30
4 31
4 32
5 6
5 7
5 8
5 9
5 10
5 11
5 12
5 13
5 14
5 15
5 16
5 17
5 20
5 33
5 34
5 35
5 36
5 37
5 38
5 39
5 40
5 41
5 42
5 43
5 44
5 45
5 46
5 47
6 7
6 8
6 9
6 10
6 11
6 12
6 13
6 14
6 15
6 16
6 17
6 30
6 37
6 48
6 49
6 50
6 51
6 52
6 53
6 54
6 55
6 56
6 57
6 58
7 8
7 9
7 10
7 11
7 12
7 13
7 14
7 15
7 16
7 17
7 25
7 38
7 54
7 59
7 60
7 61
7 62
7 63
7 64
7 65
7 66
7 67
7 68
7 69
7 70
8 9
8 10
8 11
8 12
8 13
8 14
8 15
8 16
8 17
8 31
8 39
8 57
8 65
8 71
8 72
8 73
8 74
8 75
8 76
8 77
8 78
8 79
8 80
8 81
9 10
9 11
9 12
9 13
9 14
9 15
9 16
9 17
9 26
9 40
9 55
9 66
9 75
9 82
9 83
9 84
9 85
9 86
9 87
9 88
9 89
9 90
9 91
10 11
10 12
10 13
10 14
10 15
10 16
10 17
10 22
10 41
10 50
10 63
10 73
10 84
10 92
10 93
10 94
10 95
10 96
10 97
10 98
11 12
11 13
11 14
11 15
11 16
11 17
11 27
11 42
11 52
11 67
11 78
11 88
11 95
11 99
11 100
11 101
11 102
11 103
11 104
12 13
12 14
12 15
12 16
12 17
12 23
12 43
12 51
12 64
12 74
12 85
12 94
12 101
12 105
12 106
12 107
12 108
12 109
13 14
13 15
13 16
13 17
13 18
13 33
13 48
13 60
13 71
13 82
13 92
13 99
13 105
13 110
13 111
13 112
13 113
13 114
14 15
14 16
14 17
14 21
14 44
14 49
14 62
14 72
14 83
14 93
14 100
14 106
14 111
14 115
14 116
14 117
15 16
15 17
15 28
15 45
15 56
15 68
15 79
15 89
15 96
15 103
15 107
15 112
15 115
15 118
15 119
15 120
16 17
16 32
16 47
16 58
16 70
16 81
16 91
16 98
16 104
16 109
16 114
16 117
16 120
16 121
16 122
16 123
17 29
17 46
17 53
17 69
17 80
17 90
17 97
17 102
17 108
17 113
17 116
17 119
17 121
17 124
18 19
18 20
18 21
18 22
18 23
18 24
18 25
18 26
18 27
18 28
18 29
18 30
18 31
18 32
18 33
18 48
18 60
18 71
18 82
18 92
18 99
18 105
18 110
18 111
18 112
18 113
18 114
19 20
19 21
19 22
19 23
19 24
19 25
19 26
19 27
19 28
19 29
19 30
19 31
19 32
19 34
19 405
19 426
19 428
19 429
20 21
20 22
20 23
20 24
20 25
20 26
20 27
20 28
20 29
20 30
20 31
20 32
20 33
20 34
20 35
20 36
20 37
20 38
20 39
20 40
20 41
20 42
20 43
20 44
20 45
20 46
20 47
21 22
21 23
21 24
21 25
21 26
21 27
21 28
21 29
21 30
21 31
21 32
21 44
21 49
21 62
21 72
21 83
21 93
21 100
21 106
21 111
21 115
21 116
21 117
22 23
22 24
22 25
22 26
22 27
22 28
22 29
22 30
22 31
22 32
22 41
22 50
22 63
22 73
22 84
22 92
22 93
22 94
22 95
22 96
22 97
22 98
23 24
23 25
23 26
23 27
23 28
23 29
23 30
23 31
23 32
23 43
23 51
23 64
23 74
23 85
23 94
23 101
23 105
23 106
23 107
23 108
23 109
24 25
24 26
24 27
24 28
24 29
24 30
24 31
24 32
24 36
24 429
25 26
25 27
25 28
25 29
25 30
25 31
25 32
25 38
25 54
25 59
25 60
25 61
25 62
25 63
25 64
25 65
25 66
25 67
25 68
25 69
25 70
26 27
26 28
26 29
26 30
26 31
26 32
26 40
26 55
26 66
26 75
26 82
26 83
26 84
26 85
26 86
26 87
26 88
26 89
26 90
26 91
27 28
27 29
27 30
27 31
27 32
27 42
27 52
27 67
27 78
27 88
27 95
27 99
27 100
27 101
27 102
27 103
27 104
28 29
28 30
28 31
28 32
28 45
28 56
28 68
28 79
28 89
28 96
28 103
28 107
28 112
28 115
28 118
28 119
28 120
29 30
29 31
29 32
29 46
29 53
29 69
29 80
29 90
29 97
29 102
29 108
29 113
29 116
29 119
29 121
29 124
30 31
30 32
30 37
30 48
30 49
30 50
30 51
30 52
30 53
30 54
30 55
30 56
30 57
30 58
31 32
31 39
31 57
31 65
31 71
31 72
31 73
31 74
31 75
31 76
31 77
31 78
31 79
31 80
31 81
32 47
32 58
32 70
32 81
32 91
32 98
32 104
32 109
32 114
32 117
32 120
32 121
32 122
32 123
33 34
33 35
33 36
33 37
33 38
33 39
33 40
33 41
33 42
33 43
33 44
33 45
33 46
33 47
33 48
33 60
33 71
33 82
33 92
33 99
33 105
33 110
33 111
33 112
33 113
33 114
34 35
34 36
34 37
34 38
34 39
34 40
34 41
34 42
34 43
34 44
34 45
34 46
34 47
34 405
34 426
34 428
34 429
35 36
35 37
35 38
35 39
35 40
35 41
35 42
35 43
35 44
35 45
35 46
35 47
35 213
35 240
35 241
36 37
36 38
36 39
36 40
36 41
36 42
36 43
36 44
36 45
36 46
36 47
36 429
37 38
37 39
37 40
37 41
37 42
37 43
37 44
37 45
37 46
37 47
37 48
37 49
37 50
37 51
37 52
37 53
37 54
37 55
37 56
37 57
37 58
38 39
38 40
38 41
38 42
38 43
38 44
38 45
38 46
38 47
38 54
38 59
38 60
38 61
38 62
38 63
38 64
38 65
38 66
38 67
38 68
38 69
38 70
39 40
39 41
39 42
39 43
39 44
39 45
39 46
39 47
39 57
39 65
39 71
39 72
39 73
39 74
39 75
39 76
39 77
39 78
39 79
39 80
39 81
40 41
40 42
40 43
40 44
40 45
40 46
40 47
40 55
40 66
40 75
40 82
40 83
40 84
40 85
40 86
40 87
40 88
40 89
40 90
40 91
41 42
41 43
41 44
41 45
41 46
41 47
41 50
41 63
41 73
41 84
41 92
41 93
41 94
41 95
41 96
41 97
41 98
42 43
42 44
42 45
42 46
42 47
42 52
42 67
42 78
42 88
42 95
42 99
42 100
42 101
42 102
42 103
42 104
43 44
43 45
43 46
43 47
43 51
43 64
43 74
43 85
43 94
43 101
43 105
43 106
43 107
43 108
43 109
44 45
44 46
44 47
44 49
44 62
44 72
44 83
44 93
44 100
44 106
44 111
44 115
44 116
44 117
45 46
45 47
45 56
45 68
45 79
45 89
45 96
45 103
45 107
45 112
45 115
45 118
45 119
45 120
46 47
46 53
46 69
46 80
46 90
46 97
46 102
46 108
46 113
46 116
46 119
46 121
46 124
47 58
47 70
47 81
47 91
47 98
47 104
47 109
47 114
47 117
47 120
47 121
47 122
47 123
48 49
48 50
48 51
48 52
48 53
48 54
48 55
48 56
48 57
48 58
48 60
48 71
48 82
48 92
48 99
48 105
48 110
48 111
48 112
48 113
48 114
49 50
49 51
49 52
49 53
49 54
49 55
49 56
49 57
49 58
49 62
49 72
49 83
49 93
49 100
49 106
49 111
49 115
49 116
49 117
50 51
50 52
50 53
50 54
50 55
50 56
50 57
50 58
50 63
50 73
50 84
50 92
50 93
50 94
50 95
50 96
50 97
50 98
51 52
51 53
51 54
51 55
51 56
51 57
51 58
51 64
51 74
51 85
51 94
51 101
51 105
51 106
51 107
51 108
51 109
52 53
52 54
52 55
52 56
52 57
52 58
52 67
52 78
52 88
52 95
52 99
52 100
52 101
52 102
52 103
52 104
53 54
53 55
53 56
53 57
53 58
53 69
53 80
53 90
53 97
53 102
53 108
53 113
53 116
53 119
53 121
53 124
54 55
54 56
54 57
54 58
54 59
54 60
54 61
54 62
54 63
54 64
54 65
54 66
54 67
54 68
54 69
54 70
55 56
55 57
55 58
55 66
55 75
55 82
55 83
55 84
55 85
55 86
55 87
55 88
55 89
55 90
55 91
56 57
56 58
56 68
56 79
56 89
56 96
56 103
56 107
56 112
56 115
56 118
56 119
56 120
57 58
57 65
57 71
57 72
57 73
57 74
57 75
57 76
57 77
57 78
57 79
57 80
57 81
58 70
58 81
58 91
58 98
58 104
58 109
58 114
58 117
58 120
58 121
58 122
58 123
59 60
59 61
59 62
59 63
59 64
59 65
59 66
59 67
59 68
59 69
59 70
59 175
59 176
59 177
59 178
59 179
59 180
59 181
59 182
59 183
59 184
59 185
60 61
60 62
60 63
60 64
60 65
60 66
60 67
60 68
60 69
60 70
60 71
60 82
60 92
60 99
60 105
60 110
60 111
60 112
60 113
60 114
61 62
61 63
61 64
61 65
61 66
61 67
61 68
61 69
61 70
61 394
61 396
61 406
61 407
61 408
61 409
61 410
61 411
62 63
62 64
62 65
62 66
62 67
62 68
62 69
62 70
62 72
62 83
62 93
62 100
62 106
62 111
62 115
62 116
62 117
63 64
63 65
63 66
63 67
63 68
63 69
63 70
63 73
63 84
63 92
63 93
63 94
63 95
63 96
63 97
63 98
64 65
64 66
64 67
64 68
64 69
64 70
64 74
64 85
64 94
64 101
64 105
64 106
64 107
64 108
64 109
65 66
65 67
65 68
65 69
65 70
65 71
65 72
65 73
65 74
65 75
65 76
65 77
65 78
65 79
65 80
65 81
66 67
66 68
66 69
66 70
66 75
66 82
66 83
66 84
66 85
66 86
66 87
66 88
66 89
66 90
66 91
67 68
67 69
67 70
67 78
67 88
67 95
67 99
67 100
67 101
67 102
67 103
67 104
68 69
68 70
68 79
68 89
68 96
68 103
68 107
68 112
68 115
68 118
68 119
68 120
69 70
69 80
69 90
69 97
69 102
69 108
69 113
69 116
69 119
69 121
69 124
70 81
70 91
70 98
70 104
70 109
70 114
70 117
70 120
70 121
70 122
70 123
71 72
71 73
71 74
71 75
71 76
71 77
71 78
71 79
71 80
71 81
71 82
71 92
71 99
71 105
71 110
71 111
71 112
71 113
71 114
72 73
72 74
72 75
72 76
72 77
72 78
72 79
72 80
72 81
72 83
72 93
72 100
72 106
72 111
72 115
72 116
72 117
73 74
73 75
73 76
73 77
73 78
73 79
73 80
73 81
73 84
73 92
73 93
73 94
73 95
73 96
73 97
73 98
74 75
74 76
74 77
74 78
74 79
74 80
74 81
74 85
74 94
74 101
74 105
74 106
74 107
74 108
74 109
75 76
75 77
75 78
75 79
75 80
75 81
75 82
75 83
75 84
75 85
75 86
75 87
75 88
75 89
75 90
75 91
76 77
76 78
76 79
76 80
76 81
76 87
76 669
77 78
77 79
77 80
77 81
77 86
77 669
78 79
78 80
78 81
78 88
78 95
78 99
78 100
78 101
78 102
78 103
78 104
79 80
79 81
79 89
79 96
79 103
79 107
79 112
79 115
79 118
79 119
79 120
80 81
80 90
80 97
80 102
80 108
80 113
80 116
80 119
80 121
80 124
81 91
81 98
81 104
81 109
81 114
81 117
81 120
81 121
81 122
81 123
82 83
82 84
82 85
82 86
82 87
82 88
82 89
82 90
82 91
82 92
82 99
82 105
82 110
82 111
82 112
82 113
82 114
83 84
83 85
83 86
83 87
83 88
83 89
83 90
83 91
83 93
83 100
83 106
83 111
83 115
83 116
83 117
84 85
84 86
84 87
84 88
84 89
84 90
84 91
84 92
84 93
84 94
84 95
84 96
84 97
84 98
85 86
85 87
85 88
85 89
85 90
85 91
85 94
85 101
85 105
85 106
85 107
85 108
85 109
86 87
86 88
86 89
86 90
86 91
86 669
87 88
87 89
87 90
87 91
87 669
88 89
88 90
88 91
88 95
88 99
88 100
88 101
88 102
88 103
88 104
89 90
89 91
89 96
89 103
89 107
89 112
89 115
89 118
89 119
89 120
90 91
90 97
90 102
90 108
90 113
90 116
90 119
90 121
90 124
91 98
91 104
91 109
91 114
91 117
91 120
91 121
91 122
91 123
92 93
92 94
92 95
92 96
92 97
92 98
92 99
92 105
92 110
92 111
92 112
92 113
92 114
93 94
93 95
93 96
93 97
93 98
93 100
93 106
93 111
93 115
93 116
93 117
94 95
94 96
94 97
94 98
94 101
94 105
94 106
94 107
94 108
94 109
95 96
95 97
95 98
95 99
95 100
95 101
95 102
95 103
95 104
96 97
96 98
96 103
96 107
96 112
96 115
96 118
96 119
96 120
97 98
97 102
97 108
97 113
97 116
97 119
97 121
97 124
98 104
98 109
98 114
98 117
98 120
98 121
98 122
98 123
99 100
99 101
99 102
99 103
99 104
99 105
99 110
99 111
99 112
99 113
99 114
100 101
100 102
100 103
100 104
100 106
100 111
100 115
100 116
100 117
101 102
101 103
101 104
101 105
101 106
101 107
101 108
101 109
102 103
102 104
102 108
102 113
102 116
102 119
102 121
102 124
103 104
103 107
103 112
103 115
103 118
103 119
103 120
104 109
104 114
104 117
104 120
104 121
104 122
104 123
105 106
105 107
105 108
105 109
105 110
105 111
105 112
105 113
105 114
106 107
106 108
106 109
106 111
106 115
106 116
106 117
107 108
107 109
107 112
107 115
107 118
107 119
107 120
108 109
108 113
108 116
108 119
108 121
108 124
109 114
109 117
109 120
109 121
109 122
109 123
110 111
110 112
110 113
110 114
110 393
110 396
110 397
110 398
110 399
110 400
110 401
110 402
110 403
110 404
110 405
111 112
111 113
111 114
111 115
111 116
111 117
112 113
112 114
112 115
112 118
112 119
112 120
113 114
113 116
113 119
113 121
113 124
114 117
114 120
114 121
114 122
114 123
115 116
115 117
115 118
115 119
115 120
116 117
116 119
116 121
116 124
117 120
117 121
117 122
117 123
118 119
118 120
118 670
119 120
119 121
119 124
120 121
120 122
120 123
121 122
121 123
121 124
122 123
122 671
123 671
124 467
124 471
393 405
396 405
397 405
398 405
399 405
400 405
401 405
402 405
403 405
404 405
405 426
405 428
405 429
397 426
425 426
426 428
426 429
240 428
404 428
425 428
427 428
428 429
183 213
189 213
208 213
211 213
212 213
213 214
213 215
213 240
213 241
240 241
240 404
240 425
240 427
214 241
175 176
175 177
175 178
175 179
175 180
175 181
175 182
175 183
175 184
175 185
175 186
175 187
175 188
175 189
175 190
170 176
176 177
176 178
176 179
176 180
176 181
176 182
176 183
176 184
176 185
176 191
177 178
177 179
177 180
177 181
177 182
177 183
177 184
177 185
178 179
178 180
178 181
178 182
178 183
178 184
178 185
179 180
179 181
179 182
179 183
179 184
179 185
179 192
179 193
180 181
180 182
180 183
180 184
180 185
181 182
181 183
181 184
181 185
181 194
181 195
181 196
181 197
181 198
181 199
181 200
181 201
181 202
181 203
181 204
181 205
182 183
182 184
182 185
182 187
182 206
182 207
182 208
182 209
182 210
183 184
183 185
183 189
183 208
183 211
183 212
183 214
183 215
184 185
184 190
184 194
184 209
184 215
184 216
184 217
184 218
184 219
185 188
185 210
185 212
185 217
185 220
393 394
394 395
394 396
394 406
394 407
394 408
394 409
394 410
394 411
393 396
396 397
396 398
396 399
396 400
396 401
396 402
396 403
396 404
396 406
396 407
396 408
396 409
396 410
396 411
406 407
406 408
406 409
406 410
406 411
395 407
407 408
407 409
407 410
407 411
408 409
408 410
408 411
408 412
408 413
408 414
409 410
409 411
409 414
409 415
409 416
410 411
410 413
410 416
410 417
411 412
411 415
411 417
411 418
411 419
411 420
411 421
411 422
411 423
411 424
393 395
393 397
393 398
393 399
393 400
393 401
393 402
393 403
393 404
397 398
397 399
397 400
397 401
397 402
397 403
397 404
397 425
398 399
398 400
398 401
398 402
398 403
398 404
398 430
398 431
398 432
398 433
398 434
398 435
399 400
399 401
399 402
399 403
399 404
399 433
399 439
399 443
399 446
399 447
400 401
400 402
400 403
400 404
400 431
400 439
400 440
400 441
400 442
401 402
401 403
401 404
401 432
401 440
401 443
401 444
401 445
402 403
402 404
402 434
402 441
402 445
402 446
402 448
403 404
403 435
403 442
403 444
403 447
403 448
404 425
404 427
226 467
236 467
451 467
456 467
461 467
465 467
466 467
467 468
467 471
468 471
471 472
125 126
125 127
125 128
125 129
125 130
125 131
125 132
125 133
125 134
125 135
125 136
125 137
126 127
126 128
126 129
126 130
126 131
126 136
126 138
126 139
126 140
126 141
126 142
127 128
127 129
127 130
127 131
127 133
127 139
127 143
127 144
127 145
127 146
127 147
127 148
127 149
127 150
128 129
128 130
128 131
128 132
128 138
128 143
128 151
128 152
128 153
129 130
129 131
129 134
129 140
129 147
129 151
129 154
129 155
130 131
130 137
130 142
130 148
130 152
130 154
130 156
131 135
131 141
131 149
131 153
131 155
131 156
132 133
132 134
132 135
132 136
132 137
132 138
132 143
132 151
132 152
132 153
133 134
133 135
133 136
133 137
133 139
133 143
133 144
133 145
133 146
133 147
133 148
133 149
133 150
134 135
134 136
134 137
134 140
134 147
134 151
134 154
134 155
135 136
135 137
135 141
135 149
135 153
135 155
135 156
136 137
136 138
136 139
136 140
136 141
136 142
137 142
137 148
137 152
137 154
137 156
138 139
138 140
138 141
138 142
138 143
138 151
138 152
138 153
139 140
139 141
139 142
139 143
139 144
139 145
139 146
139 147
139 148
139 149
139 150
140 141
140 142
140 147
140 151
140 154
140 155
141 142
141 149
141 153
141 155
141 156
142 148
142 152
142 154
142 156
143 144
143 145
143 146
143 147
143 148
143 149
143 150
143 151
143 152
143 153
144 145
144 146
144 147
144 148
144 149
144 150
144 157
144 158
144 159
144 160
144 161
144 162
144 163
144 164
144 165
144 166
144 167
144 168
144 169
145 146
145 147
145 148
145 149
145 150
145 170
145 171
146 147
146 148
146 149
146 150
146 172
146 173
146 174
147 148
147 149
147 150
147 151
147 154
147 155
148 149
148 150
148 152
148 154
148 156
149 150
149 153
149 155
149 156
151 152
151 153
151 154
151 155
152 153
152 154
152 156
153 155
153 156
154 155
154 156
155 156
157 158
157 159
157 160
157 161
157 162
157 163
157 164
157 165
157 166
157 167
157 168
157 169
157 243
157 244
157 245
157 246
157 247
157 248
157 249
157 250
157 251
157 252
157 253
157 254
157 255
157 256
157 257
157 258
157 259
157 260
157 261
158 159
158 160
158 161
158 162
158 163
158 164
158 165
158 166
158 167
158 168
158 169
158 258
158 287
158 298
158 308
158 317
158 325
158 333
158 344
158 349
158 353
158 354
158 355
158 356
159 160
159 161
159 162
159 163
159 164
159 165
159 166
159 167
159 168
159 169
159 250
159 287
159 288
159 289
159 290
159 291
159 292
159 293
159 294
159 295
159 296
159 297
160 161
160 162
160 163
160 164
160 165
160 166
160 167
160 168
160 169
160 251
160 295
160 298
160 299
160 300
160 301
160 302
160 303
160 304
160 305
160 306
160 307
161 162
161 163
161 164
161 165
161 166
161 167
161 168
161 169
161 252
161 288
161 299
161 308
161 309
161 310
161 311
161 312
161 313
161 314
161 315
161 316
162 163
162 164
162 165
162 166
162 167
162 168
162 169
162 253
162 292
162 303
162 310
162 317
162 318
162 319
162 320
162 321
162 322
162 323
162 324
163 164
163 165
163 166
163 167
163 168
163 169
163 254
163 289
163 300
163 311
163 318
163 325
163 326
163 327
163 328
163 329
163 330
163 331
163 332
164 165
164 166
164 167
164 168
164 169
164 255
164 290
164 301
164 312
164 319
164 328
164 333
164 334
164 335
164 336
164 337
164 338
164 339
164 340
164 341
164 342
164 343
165 166
165 167
165 168
165 169
165 256
165 296
165 306
165 313
165 321
165 329
165 340
165 344
165 345
165 346
165 347
165 348
166 167
166 168
166 169
166 257
166 291
166 302
166 309
166 320
166 326
166 334
166 345
166 349
166 350
166 351
166 352
167 168
167 169
167 259
167 293
167 304
167 314
167 322
167 330
167 341
167 346
167 350
167 354
167 357
167 358
168 169
168 260
168 294
168 305
168 315
168 323
168 331
168 342
168 347
168 351
168 355
168 357
168 359
169 261
169 297
169 307
169 316
169 324
169 332
169 343
169 348
169 352
169 356
169 358
169 359
170 171
170 191
171 191
172 173
172 174
173 174
173 478
173 513
173 517
173 519
173 522
173 524
173 525
174 242
174 385
243 244
243 245
243 246
243 247
243 248
243 249
243 250
243 251
243 252
243 253
243 254
243 255
243 256
243 257
243 258
243 259
243 260
243 261
244 245
244 246
244 247
244 248
244 249
244 250
244 251
244 252
244 253
244 254
244 255
244 256
244 257
244 258
244 259
244 260
244 261
244 262
244 263
244 264
244 265
244 266
244 267
244 268
244 269
245 246
245 247
245 248
245 249
245 250
245 251
245 252
245 253
245 254
245 255
245 256
245 257
245 258
245 259
245 260
245 261
245 262
245 270
245 271
245 272
245 273
245 274
245 275
245 276
245 277
246 247
246 248
246 249
246 250
246 251
246 252
246 253
246 254
246 255
246 256
246 257
246 258
246 259
246 260
246 261
246 268
246 273
246 278
246 279
199 247
247 248
247 249
247 250
247 251
247 252
247 253
247 254
247 255
247 256
247 257
247 258
247 259
247 260
247 261
247 280
247 281
247 282
247 283
247 284
247 285
247 286
248 249
248 250
248 251
248 252
248 253
248 254
248 255
248 256
248 257
248 258
248 259
248 260
248 261
248 267
248 272
248 278
249 250
249 251
249 252
249 253
249 254
249 255
249 256
249 257
249 258
249 259
249 260
249 261
249 282
250 251
250 252
250 253
250 254
250 255
250 256
250 257
250 258
250 259
250 260
250 261
250 287
250 288
250 289
250 290
250 291
250 292
250 293
250 294
250 295
250 296
250 297
251 252
251 253
251 254
251 255
251 256
251 257
251 258
251 259
251 260
251 261
251 295
251 298
251 299
251 300
251 301
251 302
251 303
251 304
251 305
251 306
251 307
252 253
252 254
252 255
252 256
252 257
252 258
252 259
252 260
252 261
252 288
252 299
252 308
252 309
252 310
252 311
252 312
252 313
252 314
252 315
252 316
253 254
253 255
253 256
253 257
253 258
253 259
253 260
253 261
253 292
253 303
253 310
253 317
253 318
253 319
253 320
253 321
253 322
253 323
253 324
254 255
254 256
254 257
254 258
254 259
254 260
254 261
254 289
254 300
254 311
254 318
254 325
254 326
254 327
254 328
254 329
254 330
254 331
254 332
255 256
255 257
255 258
255 259
255 260
255 261
255 290
255 301
255 312
255 319
255 328
255 333
255 334
255 335
255 336
255 337
255 338
255 339
255 340
255 341
255 342
255 343
256 257
256 258
256 259
256 260
256 261
256 296
256 306
256 313
256 321
256 329
256 340
256 344
256 345
256 346
256 347
256 348
257 258
257 259
257 260
257 261
257 291
257 302
257 309
257 320
257 326
257 334
257 345
257 349
257 350
257 351
257 352
258 259
258 260
258 261
258 287
258 298
258 308
258 317
258 325
258 333
258 344
258 349
258 353
258 354
258 355
258 356
259 260
259 261
259 293
259 304
259 314
259 322
259 330
259 341
259 346
259 350
259 354
259 357
259 358
260 261
260 294
260 305
260 315
260 323
260 331
260 342
260 347
260 351
260 355
260 357
260 359
261 297
261 307
261 316
261 324
261 332
261 343
261 348
261 352
261 356
261 358
261 359
287 288
287 289
287 290
287 291
287 292
287 293
287 294
287 295
287 296
287 297
287 298
287 308
287 317
287 325
287 333
287 344
287 349
287 353
287 354
287 355
287 356
295 298
298 299
298 300
298 301
298 302
298 303
298 304
298 305
298 306
298 307
298 308
298 317
298 325
298 333
298 344
298 349
298 353
298 354
298 355
298 356
288 308
299 308
308 309
308 310
308 311
308 312
308 313
308 314
308 315
308 316
308 317
308 325
308 333
308 344
308 349
308 353
308 354
308 355
308 356
292 317
303 317
310 317
317 318
317 319
317 320
317 321
317 322
317 323
317 324
317 325
317 333
317 344
317 349
317 353
317 354
317 355
317 356
289 325
300 325
311 325
318 325
325 326
325 327
325 328
325 329
325 330
325 331
325 332
325 333
325 344
325 349
325 353
325 354
325 355
325 356
290 333
301 333
312 333
319 333
328 333
333 334
333 335
333 336
333 337
333 338
333 339
333 340
333 341
333 342
333 343
333 344
333 349
333 353
333 354
333 355
333 356
296 344
306 344
313 344
321 344
329 344
340 344
344 345
344 346
344 347
344 348
344 349
344 353
344 354
344 355
344 356
291 349
302 349
309 349
320 349
326 349
334 349
345 349
349 350
349 351
349 352
349 353
349 354
349 355
349 356
200 353
266 353
353 354
353 355
353 356
353 365
353 368
353 369
353 370
353 371
353 372
293 354
304 354
314 354
322 354
330 354
341 354
346 354
350 354
354 355
354 356
354 357
354 358
294 355
305 355
315 355
323 355
331 355
342 355
347 355
351 355
355 356
355 357
355 359
297 356
307 356
316 356
324 356
332 356
343 356
348 356
352 356
356 358
356 359
288 289
288 290
288 291
288 292
288 293
288 294
288 295
288 296
288 297
288 299
288 309
288 310
288 311
288 312
288 313
288 314
288 315
288 316
289 290
289 291
289 292
289 293
289 294
289 295
289 296
289 297
289 300
289 311
289 318
289 326
289 327
289 328
289 329
289 330
289 331
289 332
290 291
290 292
290 293
290 294
290 295
290 296
290 297
290 301
290 312
290 319
290 328
290 334
290 335
290 336
290 337
290 338
290 339
290 340
290 341
290 342
290 343
291 292
291 293
291 294
291 295
291 296
291 297
291 302
291 309
291 320
291 326
291 334
291 345
291 350
291 351
291 352
292 293
292 294
292 295
292 296
292 297
292 303
292 310
292 318
292 319
292 320
292 321
292 322
292 323
292 324
293 294
293 295
293 296
293 297
293 304
293 314
293 322
293 330
293 341
293 346
293 350
293 357
293 358
294 295
294 296
294 297
294 305
294 315
294 323
294 331
294 342
294 347
294 351
294 357
294 359
295 296
295 297
295 299
295 300
295 301
295 302
295 303
295 304
295 305
295 306
295 307
296 297
296 306
296 313
296 321
296 329
296 340
296 345
296 346
296 347
296 348
297 307
297 316
297 324
297 332
297 343
297 348
297 352
297 358
297 359
299 300
299 301
299 302
299 303
299 304
299 305
299 306
299 307
299 309
299 310
299 311
299 312
299 313
299 314
299 315
299 316
300 301
300 302
300 303
300 304
300 305
300 306
300 307
300 311
300 318
300 326
300 327
300 328
300 329
300 330
300 331
300 332
301 302
301 303
301 304
301 305
301 306
301 307
301 312
301 319
301 328
301 334
301 335
301 336
301 337
301 338
301 339
301 340
301 341
301 342
301 343
302 303
302 304
302 305
302 306
302 307
302 309
302 320
302 326
302 334
302 345
302 350
302 351
302 352
303 304
303 305
303 306
303 307
303 310
303 318
303 319
303 320
303 321
303 322
303 323
303 324
304 305
304 306
304 307
304 314
304 322
304 330
304 341
304 346
304 350
304 357
304 358
305 306
305 307
305 315
305 323
305 331
305 342
305 347
305 351
305 357
305 359
306 307
306 313
306 321
306 329
306 340
306 345
306 346
306 347
306 348
307 316
307 324
307 332
307 343
307 348
307 352
307 358
307 359
309 310
309 311
309 312
309 313
309 314
309 315
309 316
309 320
309 326
309 334
309 345
309 350
309 351
309 352
310 311
310 312
310 313
310 314
310 315
310 316
310 318
310 319
310 320
310 321
310 322
310 323
310 324
311 312
311 313
311 314
311 315
311 316
311 318
311 326
311 327
311 328
311 329
311 330
311 331
311 332
312 313
312 314
312 315
312 316
312 319
312 328
312 334
312 335
312 336
312 337
312 338
312 339
312 340
312 341
312 342
312 343
313 314
313 315
313 316
313 321
313 329
313 340
313 345
313 346
313 347
313 348
314 315
314 316
314 322
314 330
314 341
314 346
314 350
314 357
314 358
315 316
315 323
315 331
315 342
315 347
315 351
315 357
315 359
316 324
316 332
316 343
316 348
316 352
316 358
316 359
318 319
318 320
318 321
318 322
318 323
318 324
318 326
318 327
318 328
318 329
318 330
318 331
318 332
319 320
319 321
319 322
319 323
319 324
319 328
319 334
319 335
319 336
319 337
319 338
319 339
319 340
319 341
319 342
319 343
320 321
320 322
320 323
320 324
320 326
320 334
320 345
320 350
320 351
320 352
321 322
321 323
321 324
321 329
321 340
321 345
321 346
321 347
321 348
322 323
322 324
322 330
322 341
322 346
322 350
322 357
322 358
323 324
323 331
323 342
323 347
323 351
323 357
323 359
324 332
324 343
324 348
324 352
324 358
324 359
326 327
326 328
326 329
326 330
326 331
326 332
326 334
326 345
326 350
326 351
326 352
327 328
327 329
327 330
327 331
327 332
327 337
327 672
327 673
327 674
327 675
328 329
328 330
328 331
328 332
328 334
328 335
328 336
328 337
328 338
328 339
328 340
328 341
328 342
328 343
329 330
329 331
329 332
329 340
329 345
329 346
329 347
329 348
330 331
330 332
330 341
330 346
330 350
330 357
330 358
331 332
331 342
331 347
331 351
331 357
331 359
332 343
332 348
332 352
332 358
332 359
334 335
334 336
334 337
334 338
334 339
334 340
334 341
334 342
334 343
334 345
334 350
334 351
334 352
335 336
335 337
335 338
335 339
335 340
335 341
335 342
335 343
335 673
335 676
335 677
335 678
336 337
336 338
336 339
336 340
336 341
336 342
336 343
336 678
336 679
336 680
336 681
337 338
337 339
337 340
337 341
337 342
337 343
337 672
337 673
337 674
337 675
338 339
338 340
338 341
338 342
338 343
338 677
338 679
338 682
338 683
339 340
339 341
339 342
339 343
339 672
339 676
339 684
339 685
340 341
340 342
340 343
340 345
340 346
340 347
340 348
341 342
341 343
341 346
341 350
341 357
341 358
342 343
342 347
342 351
342 357
342 359
343 348
343 352
343 358
343 359
345 346
345 347
345 348
345 350
345 351
345 352
346 347
346 348
346 350
346 357
346 358
347 348
347 351
347 357
347 359
348 352
348 358
348 359
350 351
350 352
350 357
350 358
351 352
351 357
351 359
352 358
352 359
357 358
357 359
358 359
473 478
474 478
475 478
476 478
477 478
478 479
478 480
478 481
478 482
478 483
478 484
478 485
478 486
478 487
478 488
478 489
478 490
478 491
478 492
478 493
478 494
478 513
478 517
478 519
478 522
478 524
478 525
474 513
510 513
511 513
512 513
513 514
513 517
513 519
513 522
513 524
513 525
475 517
511 517
515 517
516 517
517 518
517 519
517 522
517 524
517 525
476 519
512 519
516 519
519 520
519 521
519 522
519 524
519 525
477 522
510 522
515 522
520 522
522 523
522 524
522 525
385 524
524 525
524 657
524 658
479 525
514 525
518 525
521 525
523 525
218 242
242 385
385 657
385 658
186 187
186 188
186 189
186 190
186 192
186 206
186 211
186 216
186 220
186 221
186 222
186 223
186 224
186 225
187 188
187 189
187 190
187 206
187 207
187 208
187 209
187 210
188 189
188 190
188 210
188 212
188 217
188 220
189 190
189 208
189 211
189 212
189 214
189 215
190 194
190 209
190 215
190 216
190 217
190 218
190 219
192 193
192 206
192 211
192 216
192 220
192 221
192 222
192 223
192 224
192 225
193 221
193 226
194 195
194 196
194 197
194 198
194 199
194 200
194 201
194 202
194 203
194 204
194 205
194 209
194 215
194 216
194 217
194 218
194 219
195 196
195 197
195 198
195 199
195 200
195 201
195 202
195 203
195 204
195 205
195 280
195 360
195 361
195 362
195 363
196 197
196 198
196 199
196 200
196 201
196 202
196 203
196 204
196 205
196 264
196 275
196 364
196 365
196 366
196 367
197 198
197 199
197 200
197 201
197 202
197 203
197 204
197 205
198 199
198 200
198 201
198 202
198 203
198 204
198 205
198 219
199 200
199 201
199 202
199 203
199 204
199 205
199 280
199 281
199 282
199 283
199 284
199 285
199 286
200 201
200 202
200 203
200 204
200 205
200 266
200 365
200 368
200 369
200 370
200 371
200 372
201 202
201 203
201 204
201 205
201 283
201 361
201 373
201 374
201 375
202 203
202 204
202 205
202 284
202 362
202 374
202 376
202 377
202 378
202 379
203 204
203 205
203 285
203 360
203 373
203 377
203 380
204 205
204 286
204 363
204 375
204 379
204 380
205 265
205 276
205 367
205 369
205 381
205 382
205 383
205 384
206 207
206 208
206 209
206 210
206 211
206 216
206 220
206 221
206 222
206 223
206 224
206 225
207 208
207 209
207 210
207 233
207 234
207 235
207 236
207 237
207 238
207 239
208 209
208 210
208 211
208 212
208 214
208 215
209 210
209 215
209 216
209 217
209 218
209 219
210 212
210 217
210 220
211 212
211 214
211 215
211 216
211 220
211 221
211 222
211 223
211 224
211 225
212 214
212 215
212 217
212 220
214 215
215 216
215 217
215 218
215 219
216 217
216 218
216 219
216 220
216 221
216 222
216 223
216 224
216 225
217 218
217 219
217 220
218 219
220 221
220 222
220 223
220 224
220 225
221 222
221 223
221 224
221 225
221 226
222 223
222 224
222 225
223 224
223 225
223 227
223 228
223 229
224 225
224 230
224 231
224 232
225 230
226 236
226 451
226 456
226 461
226 465
226 466
226 468
280 281
280 282
280 283
280 284
280 285
280 286
280 360
280 361
280 362
280 363
285 360
360 361
360 362
360 363
360 373
360 377
360 380
283 361
361 362
361 363
361 373
361 374
361 375
284 362
362 363
362 374
362 376
362 377
362 378
362 379
286 363
363 375
363 379
363 380
262 264
263 264
264 265
264 266
264 267
264 268
264 269
264 275
264 364
264 365
264 366
264 367
262 275
270 275
271 275
272 275
273 275
274 275
275 276
275 277
275 364
275 365
275 366
275 367
263 364
274 364
364 365
364 366
364 367
364 368
364 381
364 387
266 365
365 366
365 367
365 368
365 369
365 370
365 371
365 372
269 366
277 366
366 367
366 370
366 384
366 387
366 388
265 367
276 367
367 369
367 381
367 382
367 383
367 384
281 282
281 283
281 284
281 285
281 286
282 283
282 284
282 285
282 286
283 284
283 285
283 286
283 373
283 374
283 375
284 285
284 286
284 374
284 376
284 377
284 378
284 379
285 286
285 373
285 377
285 380
286 375
286 379
286 380
262 266
263 266
265 266
266 267
266 268
266 269
266 368
266 369
266 370
266 371
266 372
263 368
274 368
368 369
368 370
368 371
368 372
368 381
368 387
265 369
276 369
369 370
369 371
369 372
369 381
369 382
369 383
369 384
269 370
277 370
370 371
370 372
370 384
370 387
370 388
371 372
371 391
373 374
373 375
373 377
373 380
374 375
374 376
374 377
374 378
374 379
375 379
375 380
376 377
376 378
376 379
376 382
376 389
377 378
377 379
377 380
378 379
378 389
379 380
262 265
263 265
265 267
265 268
265 269
265 276
265 381
265 382
265 383
265 384
262 276
270 276
271 276
272 276
273 276
274 276
276 277
276 381
276 382
276 383
276 384
263 381
274 381
381 382
381 383
381 384
381 387
382 383
382 384
382 389
383 384
383 390
269 384
277 384
384 387
384 388
233 234
233 235
233 236
233 237
233 238
233 239
233 449
233 450
233 451
233 452
233 453
233 454
234 235
234 236
234 237
234 238
234 239
234 449
234 455
234 456
234 457
234 458
234 459
235 236
235 237
235 238
235 239
235 450
235 460
235 461
235 462
235 463
235 464
236 237
236 238
236 239
236 451
236 456
236 461
236 465
236 466
236 468
237 238
237 239
237 452
237 457
237 462
237 465
237 469
238 239
238 453
238 458
238 463
238 466
238 469
238 470
239 454
239 459
239 464
239 470
227 228
227 229
227 661
227 663
227 664
227 665
227 666
228 229
228 665
228 668
229 666
229 668
230 231
230 232
231 232
231 686
232 686
449 451
450 451
451 452
451 453
451 454
451 456
451 461
451 465
451 466
451 468
449 456
455 456
456 457
456 458
456 459
456 461
456 465
456 466
456 468
450 461
460 461
461 462
461 463
461 464
461 465
461 466
461 468
452 465
457 465
462 465
465 466
465 468
465 469
453 466
458 466
463 466
466 468
466 469
466 470
468 472
659 661
660 661
661 663
661 664
661 665
661 666
660 663
662 663
663 664
663 665
663 666
662 664
664 665
664 666
664 667
665 666
665 668
666 668
449 450
449 452
449 453
449 454
449 455
449 457
449 458
449 459
450 452
450 453
450 454
450 460
450 462
450 463
450 464
452 453
452 454
452 457
452 462
452 469
453 454
453 458
453 463
453 469
453 470
454 459
454 464
454 470
455 457
455 458
455 459
457 458
457 459
457 462
457 469
458 459
458 463
458 469
458 470
459 464
459 470
460 462
460 463
460 464
462 463
462 464
462 469
463 464
463 469
463 470
464 470
469 470
425 427
262 263
262 267
262 268
262 269
262 270
262 271
262 272
262 273
262 274
262 277
263 267
263 268
263 269
263 274
263 387
267 268
267 269
267 272
267 278
268 269
268 273
268 278
268 279
269 277
269 387
269 388
270 271
270 272
270 273
270 274
270 277
271 272
271 273
271 274
271 277
271 386
272 273
272 274
272 277
272 278
273 274
273 277
273 278
273 279
274 277
274 387
277 387
277 388
278 279
387 388
672 673
672 674
672 675
672 676
672 684
672 685
673 674
673 675
673 676
673 677
673 678
674 675
676 677
676 678
676 684
676 685
677 678
677 679
677 682
677 683
678 679
678 680
678 681
679 680
679 681
679 682
679 683
680 681
682 683
684 685
391 392
657 658
657 687
658 687
430 431
430 432
430 433
430 434
430 435
430 436
430 437
430 438
431 432
431 433
431 434
431 435
431 439
431 440
431 441
431 442
432 433
432 434
432 435
432 440
432 443
432 444
432 445
433 434
433 435
433 439
433 443
433 446
433 447
434 435
434 441
434 445
434 446
434 448
435 442
435 444
435 447
435 448
439 440
439 441
439 442
439 443
439 446
439 447
440 443
443 444
443 445
443 446
443 447
441 446
445 446
446 447
446 448
442 447
444 447
447 448
440 441
440 442
440 444
440 445
441 442
441 445
441 448
442 444
442 448
444 445
444 448
445 448
412 413
412 414
412 415
412 417
412 418
412 419
412 420
412 421
412 422
412 423
412 424
413 414
413 416
413 417
414 415
414 416
415 416
415 417
415 418
415 419
415 420
415 421
415 422
415 423
415 424
416 417
417 418
417 419
417 420
417 421
417 422
417 423
417 424
418 419
418 420
418 421
418 422
418 423
418 424
418 634
418 635
418 636
418 637
418 638
418 639
419 420
419 421
419 422
419 423
419 424
419 638
419 640
419 645
419 649
419 650
419 651
420 421
420 422
420 423
420 424
420 641
420 646
420 649
420 652
420 654
420 655
421 422
421 423
421 424
421 634
421 640
421 641
421 642
421 643
421 644
422 423
422 424
422 644
422 648
422 650
422 653
422 655
422 656
423 424
423 637
423 643
423 645
423 646
423 647
423 648
424 639
424 642
424 647
424 651
424 652
424 653
634 635
634 636
634 637
634 638
634 639
634 640
634 641
634 642
634 643
634 644
635 636
635 637
635 638
635 639
636 637
636 638
636 639
637 638
637 639
637 643
637 645
637 646
637 647
637 648
638 639
638 640
638 645
638 649
638 650
638 651
639 642
639 647
639 651
639 652
639 653
640 641
640 642
640 643
640 644
640 645
640 649
640 650
640 651
643 645
645 646
645 647
645 648
645 649
645 650
645 651
641 649
646 649
649 650
649 651
649 652
649 654
649 655
644 650
648 650
650 651
650 653
650 655
650 656
642 651
647 651
651 652
651 653
641 642
641 643
641 644
641 646
641 652
641 654
641 655
643 646
646 647
646 648
646 652
646 654
646 655
642 652
647 652
652 653
652 654
652 655
654 655
644 655
648 655
653 655
655 656
642 643
642 644
642 647
642 653
643 644
643 647
643 648
644 648
644 653
644 656
647 648
648 653
648 656
647 653
653 656
436 437
436 438
436 631
436 632
437 438
437 631
437 633
438 632
438 633
631 632
631 633
632 633
473 474
473 475
473 476
473 477
473 479
473 480
473 481
473 482
473 483
473 484
473 485
473 486
473 487
473 488
473 489
473 490
473 491
473 492
473 493
473 494
473 495
473 496
473 497
473 498
473 499
473 500
473 501
473 502
473 503
473 504
473 505
473 506
473 507
473 508
473 509
474 475
474 476
474 477
474 479
474 480
474 481
474 482
474 483
474 484
474 485
474 486
474 487
474 488
474 489
474 490
474 491
474 492
474 493
474 494
474 510
474 511
474 512
474 514
475 476
475 477
475 479
475 480
475 481
475 482
475 483
475 484
475 485
475 486
475 487
475 488
475 489
475 490
475 491
475 492
475 493
475 494
475 511
475 515
475 516
475 518
476 477
476 479
476 480
476 481
476 482
476 483
476 484
476 485
476 486
476 487
476 488
476 489
476 490
476 491
476 492
476 493
476 494
476 512
476 516
476 520
476 521
477 479
477 480
477 481
477 482
477 483
477 484
477 485
477 486
477 487
477 488
477 489
477 490
477 491
477 492
477 493
477 494
477 510
477 515
477 520
477 523
479 480
479 481
479 482
479 483
479 484
479 485
479 486
479 487
479 488
479 489
479 490
479 491
479 492
479 493
479 494
479 514
479 518
479 521
479 523
480 481
480 482
480 483
480 484
480 485
480 486
480 487
480 488
480 489
480 490
480 491
480 492
480 493
480 494
480 496
480 526
480 527
480 528
480 529
480 530
480 531
480 532
480 533
480 534
480 535
480 536
480 537
480 538
480 539
481 482
481 483
481 484
481 485
481 486
481 487
481 488
481 489
481 490
481 491
481 492
481 493
481 494
481 497
481 534
481 540
481 541
481 542
481 543
481 544
481 545
481 546
481 547
481 548
481 549
481 550
481 551
481 552
482 483
482 484
482 485
482 486
482 487
482 488
482 489
482 490
482 491
482 492
482 493
482 494
482 498
482 535
482 548
482 553
482 554
482 555
482 556
482 557
482 558
482 559
482 560
482 561
482 562
482 563
482 564
483 484
483 485
483 486
483 487
483 488
483 489
483 490
483 491
483 492
483 493
483 494
483 499
483 528
483 542
483 555
483 565
483 566
483 567
483 568
483 569
483 570
483 571
483 572
483 573
483 574
483 575
484 485
484 486
484 487
484 488
484 489
484 490
484 491
484 492
484 493
484 494
484 500
484 533
484 547
484 560
484 567
484 576
484 577
484 578
484 579
484 580
484 581
484 582
484 583
484 584
484 585
485 486
485 487
485 488
485 489
485 490
485 491
485 492
485 493
485 494
485 501
485 527
485 541
485 554
485 566
485 577
485 586
485 587
485 588
485 589
485 590
485 591
485 592
485 593
485 594
486 487
486 488
486 489
486 490
486 491
486 492
486 493
486 494
486 502
486 536
486 549
486 561
486 568
486 582
486 587
486 595
486 596
486 597
486 598
486 599
486 600
486 601
486 602
487 488
487 489
487 490
487 491
487 492
487 493
487 494
487 503
487 529
487 543
487 556
487 569
487 578
487 588
487 596
487 603
487 604
487 605
487 606
487 607
487 608
487 609
488 489
488 490
488 491
488 492
488 493
488 494
488 495
488 526
488 540
488 553
488 565
488 576
488 586
488 595
488 603
488 610
488 611
488 612
488 613
488 614
488 615
489 490
489 491
489 492
489 493
489 494
489 504
489 532
489 546
489 559
489 570
489 581
489 589
489 599
489 604
489 610
489 616
489 617
489 618
489 619
489 620
490 491
490 492
490 493
490 494
490 505
490 537
490 550
490 562
490 571
490 583
490 590
490 600
490 605
490 611
490 618
490 621
490 622
490 623
490 624
491 492
491 493
491 494
491 506
491 531
491 545
491 558
491 572
491 580
491 591
491 598
491 606
491 612
491 617
491 622
491 625
491 626
491 627
492 493
492 494
492 507
492 530
492 544
492 557
492 573
492 579
492 592
492 597
492 607
492 613
492 616
492 621
492 625
492 628
492 629
493 494
493 508
493 538
493 551
493 563
493 574
493 584
493 593
493 601
493 608
493 614
493 619
493 623
493 626
493 628
493 630
494 509
494 539
494 552
494 564
494 575
494 585
494 594
494 602
494 609
494 615
494 620
494 624
494 627
494 629
494 630
495 496
495 497
495 498
495 499
495 500
495 501
495 502
495 503
495 504
495 505
495 506
495 507
495 508
495 509
495 526
495 540
495 553
495 565
495 576
495 586
495 595
495 603
495 610
495 611
495 612
495 613
495 614
495 615
496 497
496 498
496 499
496 500
496 501
496 502
496 503
496 504
496 505
496 506
496 507
496 508
496 509
496 526
496 527
496 528
496 529
496 530
496 531
496 532
496 533
496 534
496 535
496 536
496 537
496 538
496 539
497 498
497 499
497 500
497 501
497 502
497 503
497 504
497 505
497 506
497 507
497 508
497 509
497 534
497 540
497 541
497 542
497 543
497 544
497 545
497 546
497 547
497 548
497 549
497 550
497 551
497 552
498 499
498 500
498 501
498 502
498 503
498 504
498 505
498 506
498 507
498 508
498 509
498 535
498 548
498 553
498 554
498 555
498 556
498 557
498 558
498 559
498 560
498 561
498 562
498 563
498 564
499 500
499 501
499 502
499 503
499 504
499 505
499 506
499 507
499 508
499 509
499 528
499 542
499 555
499 565
499 566
499 567
499 568
499 569
499 570
499 571
499 572
499 573
499 574
499 575
500 501
500 502
500 503
500 504
500 505
500 506
500 507
500 508
500 509
500 533
500 547
500 560
500 567
500 576
500 577
500 578
500 579
500 580
500 581
500 582
500 583
500 584
500 585
501 502
501 503
501 504
501 505
501 506
501 507
501 508
501 509
501 527
501 541
501 554
501 566
501 577
501 586
501 587
501 588
501 589
501 590
501 591
501 592
501 593
501 594
502 503
502 504
502 505
502 506
502 507
502 508
502 509
502 536
502 549
502 561
502 568
502 582
502 587
502 595
502 596
502 597
502 598
502 599
502 600
502 601
502 602
503 504
503 505
503 506
503 507
503 508
503 509
503 529
503 543
503 556
503 569
503 578
503 588
503 596
503 603
503 604
503 605
503 606
503 607
503 608
503 609
504 505
504 506
504 507
504 508
504 509
504 532
504 546
504 559
504 570
504 581
504 589
504 599
504 604
504 610
504 616
504 617
504 618
504 619
504 620
505 506
505 507
505 508
505 509
505 537
505 550
505 562
505 571
505 583
505 590
505 600
505 605
505 611
505 618
505 621
505 622
505 623
505 624
506 507
506 508
506 509
506 531
506 545
506 558
506 572
506 580
506 591
506 598
506 606
506 612
506 617
506 622
506 625
506 626
506 627
507 508
507 509
507 530
507 544
507 557
507 573
507 579
507 592
507 597
507 607
507 613
507 616
507 621
507 625
507 628
507 629
508 509
508 538
508 551
508 563
508 574
508 584
508 593
508 601
508 608
508 614
508 619
508 623
508 626
508 628
508 630
509 539
509 552
509 564
509 575
509 585
509 594
509 602
509 609
509 615
509 620
509 624
509 627
509 629
509 630
510 511
510 512
510 514
510 515
510 520
510 523
511 512
511 514
511 515
511 516
511 518
512 514
512 516
512 520
512 521
514 518
514 521
514 523
515 516
515 518
515 520
515 523
516 518
516 520
516 521
518 521
518 523
520 521
520 523
521 523
526 527
526 528
526 529
526 530
526 531
526 532
526 533
526 534
526 535
526 536
526 537
526 538
526 539
526 540
526 553
526 565
526 576
526 586
526 595
526 603
526 610
526 611
526 612
526 613
526 614
526 615
527 528
527 529
527 530
527 531
527 532
527 533
527 534
527 535
527 536
527 537
527 538
527 539
527 541
527 554
527 566
527 577
527 586
527 587
527 588
527 589
527 590
527 591
527 592
527 593
527 594
528 529
528 530
528 531
528 532
528 533
528 534
528 535
528 536
528 537
528 538
528 539
528 542
528 555
528 565
528 566
528 567
528 568
528 569
528 570
528 571
528 572
528 573
528 574
528 575
529 530
529 531
529 532
529 533
529 534
529 535
529 536
529 537
529 538
529 539
529 543
529 556
529 569
529 578
529 588
529 596
529 603
529 604
529 605
529 606
529 607
529 608
529 609
530 531
530 532
530 533
530 534
530 535
530 536
530 537
530 538
530 539
530 544
530 557
530 573
530 579
530 592
530 597
530 607
530 613
530 616
530 621
530 625
530 628
530 629
531 532
531 533
531 534
531 535
531 536
531 537
531 538
531 539
531 545
531 558
531 572
531 580
531 591
531 598
531 606
531 612
531 617
531 622
531 625
531 626
531 627
532 533
532 534
532 535
532 536
532 537
532 538
532 539
532 546
532 559
532 570
532 581
532 589
532 599
532 604
532 610
532 616
532 617
532 618
532 619
532 620
533 534
533 535
533 536
533 537
533 538
533 539
533 547
533 560
533 567
533 576
533 577
533 578
533 579
533 580
533 581
533 582
533 583
533 584
533 585
534 535
534 536
534 537
534 538
534 539
534 540
534 541
534 542
534 543
534 544
534 545
534 546
534 547
534 548
534 549
534 550
534 551
534 552
535 536
535 537
535 538
535 539
535 548
535 553
535 554
535 555
535 556
535 557
535 558
535 559
535 560
535 561
535 562
535 563
535 564
536 537
536 538
536 539
536 549
536 561
536 568
536 582
536 587
536 595
536 596
536 597
536 598
536 599
536 600
536 601
536 602
537 538
537 539
537 550
537 562
537 571
537 583
537 590
537 600
537 605
537 611
537 618
537 621
537 622
537 623
537 624
538 539
538 551
538 563
538 574
538 584
538 593
538 601
538 608
538 614
538 619
538 623
538 626
538 628
538 630
539 552
539 564
539 575
539 585
539 594
539 602
539 609
539 615
539 620
539 624
539 627
539 629
539 630
540 541
540 542
540 543
540 544
540 545
540 546
540 547
540 548
540 549
540 550
540 551
540 552
540 553
540 565
540 576
540 586
540 595
540 603
540 610
540 611
540 612
540 613
540 614
540 615
541 542
541 543
541 544
541 545
541 546
541 547
541 548
541 549
541 550
541 551
541 552
541 554
541 566
541 577
541 586
541 587
541 588
541 589
541 590
541 591
541 592
541 593
541 594
542 543
542 544
542 545
542 546
542 547
542 548
542 549
542 550
542 551
542 552
542 555
542 565
542 566
542 567
542 568
542 569
542 570
542 571
542 572
542 573
542 574
542 575
543 544
543 545
543 546
543 547
543 548
543 549
543 550
543 551
543 552
543 556
543 569
543 578
543 588
543 596
543 603
543 604
543 605
543 606
543 607
543 608
543 609
544 545
544 546
544 547
544 548
544 549
544 550
544 551
544 552
544 557
544 573
544 579
544 592
544 597
544 607
544 613
544 616
544 621
544 625
544 628
544 629
545 546
545 547
545 548
545 549
545 550
545 551
545 552
545 558
545 572
545 580
545 591
545 598
545 606
545 612
545 617
545 622
545 625
545 626
545 627
546 547
546 548
546 549
546 550
546 551
546 552
546 559
546 570
546 581
546 589
546 599
546 604
546 610
546 616
546 617
546 618
546 619
546 620
547 548
547 549
547 550
547 551
547 552
547 560
547 567
547 576
547 577
547 578
547 579
547 580
547 581
547 582
547 583
547 584
547 585
548 549
548 550
548 551
548 552
548 553
548 554
548 555
548 556
548 557
548 558
548 559
548 560
548 561
548 562
548 563
548 564
549 550
549 551
549 552
549 561
549 568
549 582
549 587
549 595
549 596
549 597
549 598
549 599
549 600
549 601
549 602
550 551
550 552
550 562
550 571
550 583
550 590
550 600
550 605
550 611
550 618
550 621
550 622
550 623
550 624
551 552
551 563
551 574
551 584
551 593
551 601
551 608
551 614
551 619
551 623
551 626
551 628
551 630
552 564
552 575
552 585
552 594
552 602
552 609
552 615
552 620
552 624
552 627
552 629
552 630
553 554
553 555
553 556
553 557
553 558
553 559
553 560
553 561
553 562
553 563
553 564
553 565
553 576
553 586
553 595
553 603
553 610
553 611
553 612
553 613
553 614
553 615
554 555
554 556
554 557
554 558
554 559
554 560
554 561
554 562
554 563
554 564
554 566
554 577
554 586
554 587
554 588
554 589
554 590
554 591
554 592
554 593
554 594
555 556
555 557
555 558
555 559
555 560
555 561
555 562
555 563
555 564
555 565
555 566
555 567
555 568
555 569
555 570
555 571
555 572
555 573
555 574
555 575
556 557
556 558
556 559
556 560
556 561
556 562
556 563
556 564
556 569
556 578
556 588
556 596
556 603
556 604
556 605
556 606
556 607
556 608
556 609
557 558
557 559
557 560
557 561
557 562
557 563
557 564
557 573
557 579
557 592
557 597
557 607
557 613
557 616
557 621
557 625
557 628
557 629
558 559
558 560
558 561
558 562
558 563
558 564
558 572
558 580
558 591
558 598
558 606
558 612
558 617
558 622
558 625
558 626
558 627
559 560
559 561
559 562
559 563
559 564
559 570
559 581
559 589
559 599
559 604
559 610
559 616
559 617
559 618
559 619
559 620
560 561
560 562
560 563
560 564
560 567
560 576
560 577
560 578
560 579
560 580
560 581
560 582
560 583
560 584
560 585
561 562
561 563
561 564
561 568
561 582
561 587
561 595
561 596
561 597
561 598
561 599
561 600
561 601
561 602
562 563
562 564
562 571
562 583
562 590
562 600
562 605
562 611
562 618
562 621
562 622
562 623
562 624
563 564
563 574
563 584
563 593
563 601
563 608
563 614
563 619
563 623
563 626
563 628
563 630
564 575
564 585
564 594
564 602
564 609
564 615
564 620
564 624
564 627
564 629
564 630
565 566
565 567
565 568
565 569
565 570
565 571
565 572
565 573
565 574
565 575
565 576
565 586
565 595
565 603
565 610
565 611
565 612
565 613
565 614
565 615
566 567
566 568
566 569
566 570
566 571
566 572
566 573
566 574
566 575
566 577
566 586
566 587
566 588
566 589
566 590
566 591
566 592
566 593
566 594
567 568
567 569
567 570
567 571
567 572
567 573
567 574
567 575
567 576
567 577
567 578
567 579
567 580
567 581
567 582
567 583
567 584
567 585
568 569
568 570
568 571
568 572
568 573
568 574
568 575
568 582
568 587
568 595
568 596
568 597
568 598
568 599
568 600
568 601
568 602
569 570
569 571
569 572
569 573
569 574
569 575
569 578
569 588
569 596
569 603
569 604
569 605
569 606
569 607
569 608
569 609
570 571
570 572
570 573
570 574
570 575
570 581
570 589
570 599
570 604
570 610
570 616
570 617
570 618
570 619
570 620
571 572
571 573
571 574
571 575
571 583
571 590
571 600
571 605
571 611
571 618
571 621
571 622
571 623
571 624
572 573
572 574
572 575
572 580
572 591
572 598
572 606
572 612
572 617
572 622
572 625
572 626
572 627
573 574
573 575
573 579
573 592
573 597
573 607
573 613
573 616
573 621
573 625
573 628
573 629
574 575
574 584
574 593
574 601
574 608
574 614
574 619
574 623
574 626
574 628
574 630
575 585
575 594
575 602
575 609
575 615
575 620
575 624
575 627
575 629
575 630
576 577
576 578
576 579
576 580
576 581
576 582
576 583
576 584
576 585
576 586
576 595
576 603
576 610
576 611
576 612
576 613
576 614
576 615
577 578
577 579
577 580
577 581
577 582
577 583
577 584
577 585
577 586
577 587
577 588
577 589
577 590
577 591
577 592
577 593
577 594
578 579
578 580
578 581
578 582
578 583
578 584
578 585
578 588
578 596
578 603
578 604
578 605
578 606
578 607
578 608
578 609
579 580
579 581
579 582
579 583
579 584
579 585
579 592
579 597
579 607
579 613
579 616
579 621
579 625
579 628
579 629
580 581
580 582
580 583
580 584
580 585
580 591
580 598
580 606
580 612
580 617
580 622
580 625
580 626
580 627
581 582
581 583
581 584
581 585
581 589
581 599
581 604
581 610
581 616
581 617
581 618
581 619
581 620
582 583
582 584
582 585
582 587
582 595
582 596
582 597
582 598
582 599
582 600
582 601
582 602
583 584
583 585
583 590
583 600
583 605
583 611
583 618
583 621
583 622
583 623
583 624
584 585
584 593
584 601
584 608
584 614
584 619
584 623
584 626
584 628
584 630
585 594
585 602
585 609
585 615
585 620
585 624
585 627
585 629
585 630
586 587
586 588
586 589
586 590
586 591
586 592
586 593
586 594
586 595
586 603
586 610
586 611
586 612
586 613
586 614
586 615
587 588
587 589
587 590
587 591
587 592
587 593
587 594
587 595
587 596
587 597
587 598
587 599
587 600
587 601
587 602
588 589
588 590
588 591
588 592
588 593
588 594
588 596
588 603
588 604
588 605
588 606
588 607
588 608
588 609
589 590
589 591
589 592
589 593
589 594
589 599
589 604
589 610
589 616
589 617
589 618
589 619
589 620
590 591
590 592
590 593
590 594
590 600
590 605
590 611
590 618
590 621
590 622
590 623
590 624
591 592
591 593
591 594
591 598
591 606
591 612
591 617
591 622
591 625
591 626
591 627
592 593
592 594
592 597
592 607
592 613
592 616
592 621
592 625
592 628
592 629
593 594
593 601
593 608
593 614
593 619
593 623
593 626
593 628
593 630
594 602
594 609
594 615
594 620
594 624
594 627
594 629
594 630
595 596
595 597
595 598
595 599
595 600
595 601
595 602
595 603
595 610
595 611
595 612
595 613
595 614
595 615
596 597
596 598
596 599
596 600
596 601
596 602
596 603
596 604
596 605
596 606
596 607
596 608
596 609
597 598
597 599
597 600
597 601
597 602
597 607
597 613
597 616
597 621
597 625
597 628
597 629
598 599
598 600
598 601
598 602
598 606
598 612
598 617
598 622
598 625
598 626
598 627
599 600
599 601
599 602
599 604
599 610
599 616
599 617
599 618
599 619
599 620
600 601
600 602
600 605
600 611
600 618
600 621
600 622
600 623
600 624
601 602
601 608
601 614
601 619
601 623
601 626
601 628
601 630
602 609
602 615
602 620
602 624
602 627
602 629
602 630
603 604
603 605
603 606
603 607
603 608
603 609
603 610
603 611
603 612
603 613
603 614
603 615
604 605
604 606
604 607
604 608
604 609
604 610
604 616
604 617
604 618
604 619
604 620
605 606
605 607
605 608
605 609
605 611
605 618
605 621
605 622
605 623
605 624
606 607
606 608
606 609
606 612
606 617
606 622
606 625
606 626
606 627
607 608
607 609
607 613
607 616
607 621
607 625
607 628
607 629
608 609
608 614
608 619
608 623
608 626
608 628
608 630
609 615
609 620
609 624
609 627
609 629
609 630
610 611
610 612
610 613
610 614
610 615
610 616
610 617
610 618
610 619
610 620
611 612
611 613
611 614
611 615
611 618
611 621
611 622
611 623
611 624
612 613
612 614
612 615
612 617
612 622
612 625
612 626
612 627
613 614
613 615
613 616
613 621
613 625
613 628
613 629
614 615
614 619
614 623
614 626
614 628
614 630
615 620
615 624
615 627
615 629
615 630
616 617
616 618
616 619
616 620
616 621
616 625
616 628
616 629
617 618
617 619
617 620
617 622
617 625
617 626
617 627
618 619
618 620
618 621
618 622
618 623
618 624
619 620
619 623
619 626
619 628
619 630
620 624
620 627
620 629
620 630
621 622
621 623
621 624
621 625
621 628
621 629
622 623
622 624
622 625
622 626
622 627
623 624
623 626
623 628
623 630
624 627
624 629
624 630
625 626
625 627
625 628
625 629
626 627
626 628
626 630
627 629
627 630
628 629
628 630
629 630
659 660
660 662
662 667
