0 4
38 98
475 481
30 31
42 145
145 146
146 147
1104 598
199 201
1085 1068
453 454
268 283
265 306
281 248
318 328
325 310
275 264
313 300
371 370
696 697
744 745
178 202
223 1025
159 232
754 763
169 187
211 196
202 201
233 306
271 243
296 295
308 277
277 258
239 258
276 284
246 247
253 284
329 334
330 335
346 347
408 403
381 353
355 397
356 393
360 479
472 399
359 714
361 402
370 368
482 481
726 727
728 729
413 430
414 431
417 418
440 441
455 456
467 543
581 575
769 822
618 619
575 783
1123 1134
804 1137
