0 4
0 562
4 8
562 1
562 566
566 565
566 564
33 552
34 25
474 723
565 549
565 550
552 502
723 710
723 718
723 719
723 720
723 724
3 100
3 102
100 102
102 5
5 97
550 547
550 551
409 730
20 21
502 512
40 41
40 43
42 145
44 48
48 49
53 444
53 446
505 442
444 445
444 446
446 448
446 536
442 469
442 515
465 423
448 449
536 535
67 59
57 69
69 68
69 181
69 1062
69 1064
69 1073
181 204
1062 1073
1064 1076
1064 1079
1073 526
1073 1072
1073 1074
1073 1080
132 133
212 503
70 71
1094 1076
1094 1095
1094 1099
1094 1104
71 72
1076 1075
1076 1077
1076 1079
1095 1102
1095 1106
1099 1100
74 917
75 77
77 451
199 201
526 525
526 932
526 1067
526 1072
1074 1063
1074 1081
503 504
917 884
917 916
884 913
884 534
884 812
916 888
1049 1042
1049 1051
1042 675
416 432
416 461
453 454
432 509
449 450
463 464
463 544
464 967
261 267
261 313
267 269
267 300
250 266
266 301
282 291
314 272
314 303
314 315
298 296
272 302
313 300
470 471
470 480
470 491
1012 1022
1012 1036
1012 1037
689 693
1020 1019
1039 1010
504 493
504 520
504 525
504 577
140 136
140 137
739 740
742 736
136 760
740 748
760 759
760 766
872 847
872 849
872 857
829 832
178 202
179 208
206 175
175 177
227 230
193 215
215 173
215 205
170 177
170 216
177 216
202 201
1025 1026
1026 1001
1026 1022
271 243
296 295
308 277
246 247
253 284
348 347
346 347
387 394
387 388
387 390
387 400
387 404
394 393
394 391
394 398
394 404
394 406
394 473
473 358
473 392
473 472
360 479
400 401
395 715
509 434
509 519
419 420
419 421
419 469
515 423
515 514
514 535
514 516
514 546
438 439
438 459
440 441
956 947
956 966
519 511
530 525
535 537
535 538
967 964
964 950
467 543
543 542
542 540
480 490
480 491
491 488
491 489
491 490
490 486
490 487
520 495
577 779
494 512
512 513
513 794
522 497
522 581
522 769
581 575
769 822
498 913
913 537
913 934
913 937
537 947
537 952
934 946
501 936
936 885
936 927
936 935
507 618
1067 1065
1067 1091
885 894
927 928
935 893
935 1133
779 582
779 948
925 914
794 567
567 524
997 557
947 951
575 783
576 1089
523 532
523 984
523 1000
1000 975
975 976
932 933
932 941
922 906
923 924
1091 602
1134 1128
948 931
580 795
580 798
553 573
553 908
646 1040
651 643
651 652
651 667
651 675
651 1053
1046 679
1046 1044
908 811
908 909
652 649
652 1047
1053 1048
1057 1045
653 1056
679 1056
1044 650
812 939
812 1121
551 557
551 559
557 978
557 979
557 985
557 990
557 999
559 979
978 982
985 982
990 915
990 991
579 586
781 782
781 599
782 571
795 572
795 629
795 798
798 791
586 597
599 593
891 892
607 1100
1100 1119
1119 1116
616 1122
631 633
631 640
640 621
641 627
650 669
654 664
748 752
761 762
943 903
943 942
1121 1135
1135 1130
816 817
816 906
827 836
827 873
830 868
868 831
868 851
868 862
851 856
846 847
857 850
900 1128
903 904
903 938
921 1132
950 949
950 974
1022 1007
1022 1024
1035 1031
1031 1033
1061 1084
1084 1077
1063 1086
1086 1082
1066 1070
1078 1116
1105 1108
1092 1097
1097 1098
