0 4
0 562
4 8
562 561
562 566
8 9
2 33
2 474
33 12
474 709
37 411
6 5
6 36
6 101
6 102
26 28
26 29
101 36
101 102
102 5
5 36
411 412
411 409
411 708
710 35
13 412
14 17
14 18
409 730
485 730
502 512
708 483
708 707
145 146
730 728
730 729
53 424
505 442
424 465
442 469
442 515
442 443
51 124
124 123
124 125
124 128
123 126
123 121
125 128
125 84
128 61
465 466
63 225
56 65
65 66
65 67
65 73
65 225
66 58
66 67
67 59
67 73
67 89
73 74
73 75
73 77
73 118
57 69
69 181
69 195
69 1062
69 1064
69 1073
181 204
181 220
1062 1073
1064 1076
1073 526
1073 1072
1073 1080
129 132
129 172
129 212
132 133
172 149
172 171
131 143
131 741
1076 1069
1076 1075
1095 1102
75 77
75 126
77 78
118 117
162 185
162 226
217 185
217 191
217 215
204 220
526 932
526 1072
120 119
120 121
126 127
78 416
78 453
531 530
531 553
531 646
531 667
531 907
531 911
1049 659
1049 674
674 673
416 461
461 462
81 93
93 92
93 317
93 324
92 293
92 91
92 251
92 287
92 322
92 323
92 324
92 325
317 703
324 323
96 267
267 300
240 241
240 256
240 265
240 293
240 298
240 326
314 303
314 315
314 322
256 249
298 234
281 248
303 328
322 307
88 104
88 114
104 105
104 108
114 112
108 1028
112 113
112 689
251 312
1028 1012
1028 1014
366 367
1012 1038
1012 1029
113 1008
689 690
689 693
1008 1018
690 684
171 754
143 142
143 826
741 735
741 737
741 742
142 742
742 160
743 738
743 755
760 765
872 847
872 849
164 174
164 166
191 198
174 166
174 178
178 202
153 206
206 207
206 223
223 1025
190 196
222 231
231 227
231 230
226 227
227 228
227 230
198 189
177 213
237 238
238 280
277 258
239 258
249 262
249 316
255 316
336 335
336 337
336 339
337 339
346 347
403 374
387 394
387 388
387 389
387 390
387 400
387 404
394 356
394 391
394 398
394 404
394 473
374 375
374 376
374 377
374 378
374 379
374 388
478 360
478 713
713 714
713 361
713 400
713 711
713 712
359 714
400 401
728 729
483 480
483 732
427 429
563 455
515 514
514 535
514 546
518 966
440 441
435 533
533 530
533 534
533 535
960 962
960 944
542 468
480 484
480 490
480 732
706 492
706 705
484 490
577 529
577 779
512 513
512 539
513 789
513 794
539 799
522 581
522 769
522 801
581 575
769 822
801 576
801 783
498 818
818 819
934 821
934 946
962 971
606 584
612 584
936 885
936 935
507 618
584 583
584 658
885 894
935 1133
529 779
529 796
779 796
617 628
789 794
794 567
794 793
799 793
567 524
997 557
575 783
523 532
523 984
984 988
988 557
988 975
988 989
975 976
796 797
796 1118
1118 1103
553 573
553 908
646 1040
907 911
908 909
652 649
652 1047
665 680
657 670
1058 1060
821 879
557 985
557 999
985 982
620 623
620 1060
781 782
781 599
894 1124
623 637
629 634
629 630
798 791
586 597
599 600
815 816
791 1109
589 615
600 601
600 632
601 639
592 603
603 611
628 636
628 642
634 625
634 635
641 627
627 630
1054 656
670 678
678 668
1045 673
755 756
758 749
756 747
756 751
746 747
771 770
1103 1117
806 886
886 895
816 817
816 906
859 860
862 861
834 861
846 847
849 854
850 855
971 970
1004 1038
1023 1015
1088 1105
1092 1097
1097 1098
