16 224
97 626
97 634
97 635
101 369
113 178
113 668
117 468
117 516
117 628
117 682
117 683
120 168
120 171
120 173
120 177
125 683
143 555
143 558
143 731
143 732
143 733
159 756
159 757
159 758
169 489
178 668
220 598
220 785
224 805
294 874
303 896
309 901
309 902
318 914
319 322
319 325
319 516
322 325
322 639
325 628
325 680
325 917
341 880
344 349
349 947
349 948
369 608
369 871
405 407
405 730
407 730
407 903
410 772
420 608
439 639
449 730
476 485
476 932
476 994
476 995
476 1019
476 1035
481 848
481 867
481 994
485 756
485 847
485 994
485 1019
485 1022
485 1035
495 978
496 1040
497 498
497 763
497 978
497 1047
498 1048
505 508
505 524
507 508
507 510
507 717
507 754
508 1049
513 1051
514 770
526 528
526 901
526 911
526 1053
528 902
529 949
530 880
532 756
534 1055
556 719
558 740
559 1063
560 859
560 901
560 911
560 1053
560 1064
560 1065
578 843
581 756
586 1030
586 1071
592 744
592 1074
592 1075
598 600
598 785
599 741
599 964
600 1045
601 621
601 622
607 633
607 923
607 984
608 871
609 821
609 966
609 1077
609 1078
612 1018
616 1084
620 736
621 622
621 1012
626 635
628 639
628 682
629 871
633 871
633 923
633 968
633 984
633 1077
635 736
635 1013
650 1085
652 852
663 1090
664 989
674 874
674 1046
698 805
698 878
698 986
698 1094
702 782
713 987
713 1098
722 736
727 730
727 975
727 991
727 1002
730 973
730 991
730 1002
735 936
737 792
741 964
743 744
743 745
743 747
743 782
743 944
744 745
744 747
744 939
744 944
745 747
745 944
747 939
747 1074
752 753
756 807
756 847
756 1019
756 1024
756 1025
756 1026
756 1044
756 1100
763 1047
765 773
767 1102
769 974
769 1072
770 1103
772 975
782 785
783 884
783 935
792 1004
792 1068
792 1077
792 1104
794 902
794 1065
798 925
801 1105
806 849
807 847
807 1022
807 1033
807 1096
813 824
817 989
819 852
821 1052
827 1061
833 1107
836 879
839 979
846 1034
846 1038
846 1042
846 1097
847 1033
847 1044
847 1097
848 1034
848 1036
848 1042
848 1097
852 928
853 868
854 867
854 868
854 870
854 922
854 1111
859 906
859 962
859 1004
864 975
864 1112
867 868
867 1111
868 1111
873 1114
877 1094
884 885
884 886
884 887
885 886
885 887
886 887
888 935
893 919
893 975
893 980
893 981
893 982
893 1010
897 1117
898 899
899 1057
901 911
901 1065
903 1050
906 910
906 1003
906 1004
906 1068
909 1004
909 1068
909 1077
909 1104
911 1053
911 1064
911 1065
918 1118
919 980
919 982
922 1022
923 984
927 1061
929 1119
930 1010
930 1120
934 986
934 1086
939 940
939 945
940 941
949 951
953 961
959 1121
967 1079
967 1083
975 980
975 982
978 1122
979 1067
980 982
980 1123
986 1086
987 1049
988 1049
989 1008
991 1002
994 995
994 1025
994 1042
994 1111
996 1122
997 1124
1003 1004
1003 1068
1003 1104
1004 1068
1004 1069
1004 1104
1008 1126
1016 1018
1016 1067
1018 1067
1022 1127
1023 1096
1025 1044
1031 1068
1031 1077
1034 1037
1034 1038
1034 1042
1034 1097
1038 1042
1038 1097
1042 1097
1044 1111
1052 1128
1065 1104
1068 1069
1068 1077
1068 1104
1069 1104
1072 1129
1077 1078
1079 1083
1079 1130
1086 1131
1087 1088
1095 1132
1097 1111
