88 601
94 631
95 99
95 609
95 611
95 633
97 626
97 634
97 635
101 369
113 178
113 668
125 683
143 555
143 558
143 731
143 732
143 733
159 756
159 757
159 758
169 489
178 668
223 673
223 674
223 805
224 805
225 527
241 827
294 874
300 481
300 846
300 848
301 810
303 896
308 478
309 901
309 902
318 914
319 325
319 516
325 680
325 917
341 880
344 349
349 947
349 948
369 416
369 608
369 871
405 730
416 611
416 871
418 485
418 807
418 847
420 608
431 609
431 821
431 859
431 906
431 931
431 962
431 1003
431 1004
449 730
460 631
464 601
475 479
475 507
475 756
476 485
476 932
476 994
476 995
476 1019
476 1035
478 479
478 848
478 956
478 1036
479 674
479 810
479 874
479 956
479 995
479 1036
481 848
481 867
481 994
485 756
485 847
485 921
485 994
485 1019
485 1022
485 1035
489 490
490 496
490 516
490 521
490 631
490 1040
495 978
496 1040
497 498
497 699
497 763
497 978
497 1047
498 700
498 1000
498 1048
505 508
505 524
507 508
507 510
507 717
507 754
508 711
508 1049
513 1051
514 770
526 528
526 901
526 911
526 1053
527 821
528 902
529 949
530 880
532 611
532 756
534 1055
540 1008
545 1052
545 1057
558 740
559 1063
560 859
560 901
560 911
560 1053
560 1064
560 1065
565 881
571 611
571 959
571 979
578 843
581 756
586 1030
586 1071
601 621
601 622
605 871
607 633
607 923
607 984
608 871
609 611
609 821
609 966
609 1077
609 1078
610 613
610 1000
611 922
611 967
611 984
611 1079
611 1080
611 1081
611 1082
611 1083
612 1018
613 699
613 853
616 1084
620 736
621 622
621 1012
623 820
626 635
629 871
633 871
633 923
633 968
633 984
633 1077
635 736
635 1013
652 852
656 751
656 824
656 845
656 978
663 1090
664 989
667 879
674 874
674 1046
699 839
700 839
700 1095
705 754
705 846
705 993
705 1037
705 1038
705 1042
705 1097
709 731
709 732
709 850
711 794
713 987
713 1098
717 811
718 907
722 736
727 730
727 975
727 991
727 1002
730 973
730 991
730 1002
733 820
737 792
752 753
753 811
756 807
756 847
756 1019
756 1024
756 1025
756 1026
756 1044
756 1100
760 929
760 934
763 1047
765 773
767 1102
769 818
769 974
769 1072
770 952
770 1103
771 818
772 975
792 1004
792 1066
792 1068
792 1077
792 1104
794 902
794 1065
798 925
806 849
807 847
807 1022
807 1033
807 1096
810 956
810 1036
811 845
813 824
817 989
818 951
818 952
818 1057
819 852
821 1052
823 867
823 1035
823 1106
827 1061
830 975
833 1107
836 837
836 879
839 979
846 1034
846 1038
846 1042
846 1097
847 1033
847 1044
847 1097
848 1034
848 1036
848 1042
848 1097
852 928
853 868
854 867
854 868
854 870
854 922
854 1111
859 906
859 962
859 1004
864 975
864 1112
867 868
867 1111
868 1111
873 1114
877 1094
888 935
893 975
893 981
893 1010
897 1117
898 899
899 1057
901 911
901 1065
903 907
903 1050
906 910
906 1003
906 1004
906 1066
906 1068
907 991
907 1002
909 1004
909 1066
909 1068
909 1077
909 1104
911 1053
911 1064
911 1065
918 1118
920 1089
921 1001
922 1022
923 984
927 1061
929 1119
930 1010
930 1120
931 962
931 1004
934 986
934 1086
939 940
939 945
940 941
949 951
953 961
956 994
956 995
956 1036
959 1121
967 1079
967 1083
978 1122
979 1067
986 1086
987 1049
988 1049
989 1008
991 1002
994 995
994 1025
994 1042
994 1111
996 1122
997 1124
1000 1048
1000 1125
1003 1004
1003 1066
1003 1068
1003 1104
1004 1066
1004 1068
1004 1069
1004 1104
1008 1126
1016 1018
1016 1067
1018 1067
1022 1127
1023 1096
1025 1044
1031 1068
1031 1077
1034 1037
1034 1038
1034 1042
1034 1097
1038 1042
1038 1097
1042 1097
1044 1111
1052 1128
1065 1104
1066 1068
1066 1069
1066 1077
1066 1104
1068 1069
1068 1077
1068 1104
1069 1104
1072 1129
1077 1078
1079 1083
1079 1130
1086 1131
1087 1088
1095 1132
1097 1111
