16 222
16 224
86 566
97 626
97 634
97 635
101 369
102 638
113 178
113 668
125 683
155 701
159 757
159 758
169 489
178 668
219 801
222 677
222 804
224 805
241 827
272 688
272 861
294 874
295 880
300 481
301 810
303 896
309 902
318 914
319 325
325 680
325 917
341 880
369 608
420 608
422 996
439 639
461 817
461 989
461 1027
495 978
496 1040
497 763
497 978
497 1047
513 1051
514 770
528 902
529 949
530 880
534 1055
545 1052
545 1057
556 719
556 720
558 740
559 1063
565 566
565 881
578 843
580 685
586 1030
586 1071
600 1045
603 620
607 923
607 984
612 1018
616 1084
620 736
623 820
626 635
635 736
635 1013
650 1085
663 1090
664 989
679 1092
692 1085
713 987
713 1098
714 949
717 811
722 736
727 991
727 1002
733 820
735 936
741 964
752 753
753 811
763 1047
765 773
767 1102
770 1103
798 925
801 1105
806 849
810 1036
811 845
813 824
817 989
827 1061
836 837
836 879
860 987
860 988
860 1049
864 1112
873 1114
877 1094
897 1117
898 899
899 1057
903 1050
918 1118
920 1089
921 1001
922 1022
923 984
927 1061
929 1119
930 1010
930 1120
931 962
934 986
934 1086
940 941
949 951
959 1121
967 1079
967 1083
978 1122
979 1067
986 1086
987 1049
988 1049
991 1002
996 1122
997 1124
1016 1018
1016 1067
1018 1067
1022 1127
1023 1096
1025 1044
1044 1111
1052 1128
1072 1129
1079 1083
1079 1130
1086 1131
1087 1088
1095 1132
