1 3514
886 3514
1398 3514
2437 3514
2547 3514
3514 3826
3514 4216
2 890
11 890
14 890
45 890
70 890
103 890
126 890
168 890
195 890
223 890
273 890
295 890
302 890
303 890
316 890
356 890
360 890
378 890
387 890
391 890
393 890
407 890
489 890
521 890
567 890
569 890
571 890
574 890
587 890
591 890
611 890
656 890
682 890
684 890
692 890
723 890
737 890
776 890
781 890
836 890
842 890
863 890
873 890
884 890
890 898
890 901
890 946
890 960
890 973
890 974
890 1049
890 1055
890 1066
890 1081
890 1100
890 1117
890 1131
890 1171
890 1186
890 1197
890 1214
890 1229
890 1233
890 1258
890 1260
890 1265
890 1266
890 1274
890 1282
890 1305
890 1319
890 1338
890 1368
890 1380
890 1383
890 1441
890 1446
890 1479
890 1501
890 1506
890 1507
890 1510
890 1524
890 1585
890 1595
890 1603
890 1615
890 1621
890 1623
890 1655
890 1663
890 1672
890 1691
890 1703
890 1791
890 1889
890 1919
890 1933
890 2000
890 2008
890 2009
890 2047
890 2049
890 2068
890 2088
890 2098
890 2140
890 2147
890 2225
890 2258
890 2263
890 2286
890 2289
890 2316
890 2329
890 2333
890 2342
890 2344
890 2353
890 2376
890 2426
890 2446
890 2450
890 2474
890 2483
890 2489
890 2497
890 2498
890 2514
890 2516
890 2597
890 2600
890 2631
890 2710
890 2730
890 2773
890 2798
890 2846
890 2861
890 2912
890 2916
890 2991
890 3002
890 3012
890 3015
890 3079
890 3084
890 3097
890 3104
890 3139
890 3176
890 3210
890 3274
890 3290
890 3313
890 3320
890 3384
890 3408
890 3420
890 3426
890 3445
890 3469
890 3473
890 3520
890 3522
890 3553
890 3569
890 3584
890 3637
890 3651
890 3672
890 3673
890 3694
890 3702
890 3717
890 3724
890 3743
890 3785
890 3891
890 3926
890 3945
890 3970
890 3972
890 3984
890 4012
890 4022
890 4025
890 4030
890 4033
890 4034
890 4035
890 4084
890 4100
890 4107
890 4169
890 4276
890 4281
890 4283
890 4326
890 4338
890 4346
890 4358
890 4360
890 4374
890 4409
890 4583
890 4586
890 4598
890 4624
890 4650
890 4690
890 4715
890 4808
890 4920
890 4922
890 4983
890 4995
890 4997
3 3400
4 3400
1658 3400
1807 3400
1932 3400
2669 3400
3378 3400
3400 3636
5 937
5 2930
42 937
373 937
937 3695
1154 2930
6 1483
9 1483
10 1483
16 1483
40 1483
43 1483
44 1483
46 1483
60 1483
62 1483
63 1483
74 1483
75 1483
80 1483
90 1483
96 1483
97 1483
98 1483
110 1483
116 1483
143 1483
169 1483
179 1483
180 1483
181 1483
188 1483
206 1483
207 1483
212 1483
218 1483
234 1483
250 1483
251 1483
268 1483
284 1483
305 1483
326 1483
330 1483
331 1483
341 1483
362 1483
365 1483
367 1483
370 1483
380 1483
383 1483
410 1483
411 1483
430 1483
434 1483
435 1483
437 1483
439 1483
446 1483
449 1483
450 1483
459 1483
463 1483
472 1483
476 1483
477 1483
485 1483
506 1483
516 1483
531 1483
540 1483
547 1483
575 1483
576 1483
603 1483
613 1483
621 1483
624 1483
635 1483
644 1483
649 1483
661 1483
664 1483
684 1483
685 1483
691 1483
700 1483
709 1483
710 1483
714 1483
716 1483
736 1483
753 1483
765 1483
784 1483
785 1483
789 1483
800 1483
818 1483
822 1483
824 1483
844 1483
850 1483
880 1483
891 1483
906 1483
909 1483
922 1483
942 1483
948 1483
952 1483
980 1483
989 1483
1009 1483
1011 1483
1019 1483
1044 1483
1048 1483
1051 1483
1060 1483
1120 1483
1152 1483
1166 1483
1180 1483
1183 1483
1187 1483
1188 1483
1202 1483
1242 1483
1251 1483
1255 1483
1278 1483
1286 1483
1327 1483
1362 1483
1363 1483
1365 1483
1370 1483
1371 1483
1379 1483
1384 1483
1387 1483
1395 1483
1403 1483
1409 1483
1418 1483
1436 1483
1440 1483
1444 1483
1483 1486
1483 1487
1483 1494
1483 1499
1483 1508
1483 1512
1483 1525
1483 1526
1483 1530
1483 1538
1483 1554
1483 1570
1483 1582
1483 1594
1483 1601
1483 1611
1483 1613
1483 1625
1483 1628
1483 1631
1483 1653
1483 1657
1483 1661
1483 1711
1483 1726
1483 1736
1483 1743
1483 1756
1483 1760
1483 1770
1483 1784
1483 1797
1483 1825
1483 1831
1483 1832
1483 1841
1483 1858
1483 1887
1483 1895
1483 1910
1483 1915
1483 1918
1483 1926
1483 1928
1483 1940
1483 1946
1483 1948
1483 1975
1483 1979
1483 1982
1483 1983
1483 1987
1483 2001
1483 2005
1483 2031
1483 2033
1483 2054
1483 2061
1483 2072
1483 2092
1483 2110
1483 2113
1483 2122
1483 2128
1483 2129
1483 2133
1483 2136
1483 2141
1483 2150
1483 2162
1483 2165
1483 2185
1483 2196
1483 2197
1483 2206
1483 2211
1483 2222
1483 2228
1483 2241
1483 2244
1483 2263
1483 2266
1483 2277
1483 2280
1483 2283
1483 2297
1483 2298
1483 2318
1483 2321
1483 2325
1483 2327
1483 2349
1483 2352
1483 2362
1483 2366
1483 2367
1483 2369
1483 2370
1483 2379
1483 2387
1483 2389
1483 2393
1483 2400
1483 2401
1483 2421
1483 2425
1483 2430
1483 2433
1483 2434
1483 2435
1483 2440
1483 2447
1483 2448
1483 2456
1483 2462
1483 2465
1483 2477
1483 2495
1483 2503
1483 2504
1483 2519
1483 2520
1483 2525
1483 2543
1483 2544
1483 2550
1483 2551
1483 2554
1483 2562
1483 2567
1483 2578
1483 2584
1483 2591
1483 2593
1483 2594
1483 2607
1483 2624
1483 2634
1483 2638
1483 2663
1483 2671
1483 2674
1483 2678
1483 2681
1483 2682
1483 2724
1483 2729
1483 2736
1483 2743
1483 2754
1483 2772
1483 2778
1483 2779
1483 2801
1483 2806
1483 2807
1483 2812
1483 2820
1483 2826
1483 2827
1483 2831
1483 2835
1483 2855
1483 2865
1483 2869
1483 2888
1483 2891
1483 2915
1483 2918
1483 2919
1483 2923
1483 2935
1483 2950
1483 2982
1483 2984
1483 2999
1483 3018
1483 3021
1483 3022
1483 3026
1483 3034
1483 3041
1483 3043
1483 3044
1483 3045
1483 3062
1483 3063
1483 3065
1483 3070
1483 3073
1483 3091
1483 3094
1483 3103
1483 3107
1483 3114
1483 3121
1483 3133
1483 3144
1483 3152
1483 3166
1483 3172
1483 3178
1483 3195
1483 3199
1483 3222
1483 3232
1483 3264
1483 3278
1483 3293
1483 3295
1483 3299
1483 3326
1483 3346
1483 3358
1483 3367
1483 3394
1483 3397
1483 3401
1483 3409
1483 3411
1483 3413
1483 3418
1483 3421
1483 3441
1483 3450
1483 3453
1483 3454
1483 3463
1483 3464
1483 3483
1483 3505
1483 3508
1483 3511
1483 3524
1483 3536
1483 3540
1483 3557
1483 3561
1483 3563
1483 3566
1483 3568
1483 3580
1483 3581
1483 3589
1483 3597
1483 3607
1483 3616
1483 3638
1483 3644
1483 3663
1483 3665
1483 3668
1483 3675
1483 3698
1483 3699
1483 3701
1483 3703
1483 3705
1483 3716
1483 3718
1483 3744
1483 3752
1483 3766
1483 3768
1483 3778
1483 3784
1483 3788
1483 3806
1483 3835
1483 3845
1483 3856
1483 3857
1483 3858
1483 3867
1483 3877
1483 3880
1483 3892
1483 3893
1483 3909
1483 3915
1483 3917
1483 3930
1483 3934
1483 3935
1483 3940
1483 3944
1483 3946
1483 3947
1483 3952
1483 3969
1483 3971
1483 3979
1483 3988
1483 4016
1483 4031
1483 4039
1483 4045
1483 4048
1483 4066
1483 4072
1483 4108
1483 4113
1483 4126
1483 4129
1483 4132
1483 4133
1483 4139
1483 4163
1483 4179
1483 4182
1483 4186
1483 4189
1483 4190
1483 4198
1483 4209
1483 4249
1483 4275
1483 4289
1483 4292
1483 4295
1483 4364
1483 4365
1483 4387
1483 4392
1483 4397
1483 4413
1483 4420
1483 4423
1483 4424
1483 4433
1483 4441
1483 4446
1483 4448
1483 4462
1483 4481
1483 4488
1483 4497
1483 4502
1483 4542
1483 4550
1483 4553
1483 4563
1483 4575
1483 4582
1483 4603
1483 4607
1483 4612
1483 4621
1483 4625
1483 4637
1483 4645
1483 4648
1483 4656
1483 4692
1483 4726
1483 4742
1483 4748
1483 4750
1483 4753
1483 4756
1483 4769
1483 4778
1483 4780
1483 4781
1483 4790
1483 4811
1483 4820
1483 4853
1483 4857
1483 4861
1483 4865
1483 4871
1483 4902
1483 4903
1483 4910
1483 4912
1483 4914
1483 4926
1483 4934
1483 4938
1483 4979
1483 4996
1483 5019
1483 5033
1483 5039
1483 5047
1483 5051
1483 5063
7 3854
92 3854
222 3854
321 3854
420 3854
1010 3854
1299 3854
1790 3854
1831 3854
2171 3854
2218 3854
2872 3854
3474 3854
3504 3854
3533 3854
3659 3854
3708 3854
3854 4530
8 4609
210 4609
743 4609
949 4609
1590 4609
1735 4609
1892 4609
2646 4609
3377 4609
3605 4609
4002 4609
4011 4609
12 2285
211 2285
344 2285
814 2285
842 2285
1169 2285
1774 2285
1842 2285
1911 2285
1984 2285
2066 2285
2120 2285
2285 2326
2285 2901
2285 3027
2285 3142
2285 3363
2285 3587
2285 3918
2285 4037
2285 4204
2285 4235
2285 4330
2285 4355
2285 4372
2285 4691
2285 4725
2285 4985
13 837
664 837
15 429
15 1633
15 4028
429 1651
429 2725
429 4052
17 2355
28 2355
57 2355
156 2355
227 2355
453 2355
528 2355
555 2355
596 2355
696 2355
720 2355
755 2355
773 2355
823 2355
826 2355
920 2355
978 2355
1016 2355
1075 2355
1107 2355
1142 2355
1354 2355
1393 2355
1442 2355
1542 2355
1549 2355
1552 2355
1637 2355
1638 2355
1652 2355
1734 2355
1779 2355
1844 2355
1901 2355
1909 2355
2020 2355
2063 2355
2135 2355
2138 2355
2195 2355
2317 2355
2320 2355
2355 2394
2355 2441
2355 2452
2355 2529
2355 2531
2355 2660
2355 2712
2355 2715
2355 2771
2355 2802
2355 2862
2355 2871
2355 2880
2355 2893
2355 2903
2355 2952
2355 3068
2355 3167
2355 3187
2355 3307
2355 3333
2355 3340
2355 3385
2355 3451
2355 3539
2355 3541
2355 3567
2355 3570
2355 3606
2355 3723
2355 3768
2355 3938
2355 3954
2355 3990
2355 4144
2355 4168
2355 4258
2355 4311
2355 4371
2355 4404
2355 4412
2355 4417
2355 4474
2355 4480
2355 4527
2355 4619
2355 4620
2355 4622
2355 4643
2355 4694
2355 4696
2355 4704
2355 4795
2355 4799
2355 4842
2355 4915
2355 4945
18 2253
191 2253
903 2253
1057 2253
1167 2253
1438 2253
2127 2253
2253 2336
2253 3380
2253 4384
19 148
19 1681
19 3405
50 148
148 162
148 1655
148 2040
148 4241
236 1681
593 1681
679 1681
1026 1681
1168 1681
1495 1681
1681 1768
1681 1793
1681 2067
1681 3217
1681 3551
1681 4237
1681 4325
1681 4388
1681 4788
1681 4792
2420 3405
2647 3405
3405 4857
20 525
69 525
81 525
157 525
171 525
176 525
241 525
265 525
281 525
314 525
318 525
320 525
343 525
361 525
384 525
453 525
469 525
500 525
508 525
525 534
525 638
525 645
525 767
525 769
525 794
525 795
525 868
525 870
525 881
525 933
525 993
525 1058
525 1130
525 1137
525 1141
525 1225
525 1248
525 1276
525 1341
525 1360
525 1361
525 1463
525 1466
525 1531
525 1579
525 1589
525 1616
525 1697
525 1771
525 1778
525 1847
525 1872
525 1923
525 2021
525 2056
525 2087
525 2194
525 2239
525 2267
525 2305
525 2348
525 2358
525 2398
525 2467
525 2523
525 2553
525 2581
525 2642
525 2722
525 2829
525 2868
525 2874
525 2928
525 2949
525 3042
525 3056
525 3210
525 3241
525 3269
525 3270
525 3350
525 3430
525 3440
525 3513
525 3526
525 3527
525 3575
525 3578
525 3628
525 3742
525 3769
525 3775
525 3798
525 3851
525 3852
525 3866
525 3966
525 4003
525 4038
525 4119
525 4122
525 4130
525 4145
525 4188
525 4225
525 4258
525 4272
525 4322
525 4333
525 4377
525 4382
525 4484
525 4532
525 4608
525 4657
525 4659
525 4674
525 4775
525 4813
525 4823
525 4824
525 4929
525 4940
525 4962
21 2728
21 4293
1340 2728
22 2260
22 3883
2114 2260
2260 3309
2260 3317
2260 3994
573 3883
2468 3883
2696 3883
3883 4055
23 4697
173 4697
416 4697
473 4697
637 4697
657 4697
672 4697
735 4697
786 4697
830 4697
1012 4697
1043 4697
1065 4697
1071 4697
1095 4697
1127 4697
1504 4697
1666 4697
1861 4697
1867 4697
1971 4697
1980 4697
2038 4697
2062 4697
2119 4697
2341 4697
2666 4697
2684 4697
3096 4697
3153 4697
3224 4697
3352 4697
3410 4697
3720 4697
3736 4697
3737 4697
3817 4697
3842 4697
4018 4697
4110 4697
4217 4697
4455 4697
4679 4697
4695 4697
4697 4985
24 3477
177 3477
209 3477
279 3477
464 3477
491 3477
701 3477
732 3477
739 3477
790 3477
820 3477
885 3477
990 3477
1045 3477
1084 3477
1136 3477
1217 3477
1244 3477
1287 3477
1324 3477
1424 3477
1535 3477
1767 3477
1838 3477
1897 3477
1906 3477
1922 3477
2030 3477
2094 3477
2180 3477
2204 3477
2323 3477
2405 3477
2453 3477
2630 3477
2646 3477
2690 3477
2804 3477
2944 3477
2970 3477
3126 3477
3129 3477
3211 3477
3275 3477
3288 3477
3298 3477
3368 3477
3439 3477
3477 3595
3477 3660
3477 3748
3477 3942
3477 3985
3477 4350
3477 4366
3477 4443
3477 4464
3477 4559
3477 4587
3477 4651
3477 4666
3477 4710
3477 4728
3477 4743
3477 4771
3477 4831
3477 4840
3477 4859
3477 4863
3477 4888
3477 4965
25 1624
25 4951
539 1624
1277 1624
1315 1624
26 2256
632 2256
1099 2256
2256 3301
27 245
27 632
27 877
27 1475
27 2252
27 2573
27 2990
27 3011
27 3285
27 5021
242 245
245 267
245 288
245 289
245 354
245 379
245 408
245 417
245 455
245 464
245 475
245 520
245 539
245 560
245 592
245 673
245 871
245 895
245 919
245 996
245 1033
245 1195
245 1447
245 1468
245 1475
245 1514
245 1527
245 1554
245 1651
245 1705
245 1812
245 1813
245 1830
245 2055
245 2106
245 2148
245 2156
245 2161
245 2170
245 2265
245 2328
245 2346
245 2445
245 2455
245 2697
245 2699
245 2756
245 2832
245 2849
245 2966
245 2973
245 2994
245 3000
245 3011
245 3149
245 3233
245 3280
245 3301
245 3315
245 3365
245 3381
245 3390
245 3476
245 3486
245 3565
245 3631
245 3633
245 3634
245 3656
245 3677
245 3921
245 4007
245 4024
245 4052
245 4061
245 4063
245 4089
245 4110
245 4176
245 4215
245 4305
245 4341
245 4460
245 4514
245 4515
245 4517
245 4672
245 4678
245 4722
245 4724
245 4749
245 4793
245 4822
245 4879
245 4966
245 5005
245 5012
245 5030
293 632
465 632
632 764
632 802
632 923
632 988
632 1124
632 1255
632 1475
632 1742
632 1943
632 2004
632 2083
632 2264
632 2422
632 2445
632 2568
632 2702
632 2704
632 2848
632 2961
632 3101
632 3233
632 3301
632 3647
632 3792
632 4007
632 4110
632 4165
632 4343
632 4503
632 4580
632 4818
632 4876
877 1614
877 2032
877 2574
877 2668
877 2765
877 2941
877 3146
877 3188
877 3281
877 3684
54 1475
102 1475
141 1475
272 1475
287 1475
312 1475
333 1475
374 1475
444 1475
464 1475
465 1475
605 1475
607 1475
653 1475
676 1475
841 1475
902 1475
1133 1475
1207 1475
1275 1475
1375 1475
1475 1498
1475 1513
1475 1532
1475 1610
1475 1849
1475 2006
1475 2098
1475 2124
1475 2314
1475 2427
1475 2445
1475 2449
1475 2502
1475 2653
1475 2716
1475 2819
1475 2852
1475 2913
1475 2990
1475 3118
1475 3127
1475 3233
1475 3265
1475 3312
1475 3425
1475 3462
1475 3490
1475 3647
1475 3671
1475 3689
1475 3751
1475 4067
1475 4331
1475 4475
1475 4494
1475 4521
1475 4580
1475 4642
1475 4735
1475 4837
1475 4876
1475 4881
1475 4882
1475 4894
1475 4971
1475 5017
1475 5021
51 2252
261 2252
301 2252
495 2252
1015 2252
1216 2252
1332 2252
2252 2345
2252 2357
2252 2375
2252 2487
2252 2653
2252 2882
2252 2895
2252 3223
2252 3432
2252 4210
2252 4580
2252 4740
1812 2573
2148 2573
2395 2573
2573 2747
2573 3177
2573 3215
2573 3285
2573 3719
2573 4548
2573 4724
2573 4735
2573 4809
29 2990
84 2990
174 2990
193 2990
283 2990
431 2990
465 2990
557 2990
584 2990
836 2990
991 2990
1050 2990
1102 2990
1111 2990
1270 2990
1413 2990
1493 2990
1567 2990
1662 2990
1763 2990
1843 2990
1857 2990
2216 2990
2265 2990
2534 2990
2539 2990
2581 2990
2592 2990
2752 2990
2759 2990
2825 2990
2853 2990
2990 3109
2990 3434
2990 3639
2990 3774
2990 4083
2990 4242
2990 4635
2990 4669
2990 4830
2990 4868
2990 4928
2990 5011
686 3011
1500 3011
1935 3011
2885 3011
3011 4581
377 3285
560 3285
1064 3285
1099 3285
1368 3285
1553 3285
2387 3285
3233 3285
3285 3881
3285 4063
3285 4131
3285 4518
3285 4592
3285 4722
3285 4758
478 5021
930 5021
1612 5021
2542 5021
2751 5021
3229 5021
3243 5021
4024 5021
4440 5021
4672 5021
4702 5021
4724 5021
30 47
47 134
47 214
47 363
47 706
47 770
47 1682
47 1748
47 2081
47 2115
47 2416
47 2439
47 2457
47 2494
47 2946
47 3203
47 3304
47 3366
47 3407
47 3447
47 3467
47 3468
47 3686
47 3722
47 3998
47 4430
47 4720
47 4810
31 1584
31 3960
1584 2085
1584 4222
3960 4085
32 1340
104 1340
337 1340
376 1340
400 1340
426 1340
683 1340
969 1340
985 1340
1001 1340
1340 1448
1340 1502
1340 1517
1340 1550
1340 1648
1340 1732
1340 1787
1340 1866
1340 1993
1340 1997
1340 2066
1340 2250
1340 2460
1340 2617
1340 2627
1340 2687
1340 2795
1340 2963
1340 3009
1340 3111
1340 3226
1340 3387
1340 3448
1340 3451
1340 3509
1340 3525
1340 3574
1340 3604
1340 3627
1340 3653
1340 3657
1340 3824
1340 3838
1340 4172
1340 4356
1340 4408
1340 4511
1340 4522
1340 4523
1340 4567
1340 4627
1340 4741
1340 4907
33 4304
151 4304
260 4304
594 4304
734 4304
1032 4304
2174 4304
2818 4304
3015 4304
3472 4304
4173 4304
4304 4841
34 626
175 626
215 626
224 626
441 626
468 626
493 626
626 740
626 751
626 983
626 1241
626 1293
626 1301
626 1450
626 1829
626 2059
626 2082
626 2458
626 2618
626 2708
626 2936
626 2954
626 2980
626 3242
626 3316
626 3497
626 3791
626 3898
626 3906
626 3975
626 4120
626 4121
626 4200
626 4278
626 4286
626 4312
626 4579
626 4638
626 4798
626 4873
626 4884
626 4960
626 5053
35 3438
388 3438
838 3438
1172 3438
1210 3438
1374 3438
1485 3438
1577 3438
1605 3438
2007 3438
2268 3438
2364 3438
2386 3438
2878 3438
2957 3438
3046 3438
3438 3460
3438 3619
3438 3800
3438 3913
3438 4285
3438 4880
3438 5050
36 5044
3395 5044
4257 5044
4632 5044
37 1057
38 401
401 3099
39 59
59 913
59 2564
41 4672
233 4672
2847 4672
3179 4672
3603 4672
4094 4672
4177 4672
42 334
42 1153
42 1439
42 4930
363 5041
135 706
1682 1737
2416 2621
2416 4535
48 1020
58 1020
117 1020
138 1020
142 1020
153 1020
154 1020
178 1020
246 1020
317 1020
319 1020
345 1020
352 1020
382 1020
428 1020
442 1020
456 1020
494 1020
554 1020
568 1020
582 1020
606 1020
654 1020
669 1020
674 1020
704 1020
749 1020
792 1020
793 1020
798 1020
808 1020
855 1020
882 1020
976 1020
1020 1069
1020 1077
1020 1087
1020 1125
1020 1140
1020 1146
1020 1158
1020 1162
1020 1223
1020 1280
1020 1320
1020 1372
1020 1410
1020 1417
1020 1481
1020 1566
1020 1583
1020 1645
1020 1675
1020 1704
1020 1729
1020 1839
1020 1848
1020 1877
1020 1898
1020 1954
1020 1962
1020 2035
1020 2069
1020 2103
1020 2146
1020 2172
1020 2190
1020 2246
1020 2247
1020 2371
1020 2372
1020 2501
1020 2512
1020 2522
1020 2526
1020 2549
1020 2583
1020 2589
1020 2645
1020 2680
1020 2732
1020 2764
1020 2768
1020 2769
1020 2839
1020 2905
1020 2942
1020 3001
1020 3003
1020 3010
1020 3019
1020 3050
1020 3066
1020 3088
1020 3124
1020 3137
1020 3143
1020 3147
1020 3180
1020 3230
1020 3293
1020 3324
1020 3345
1020 3391
1020 3415
1020 3461
1020 3470
1020 3501
1020 3548
1020 3559
1020 3613
1020 3625
1020 3632
1020 3670
1020 3674
1020 3688
1020 3774
1020 3776
1020 3807
1020 3882
1020 3924
1020 3927
1020 3936
1020 4005
1020 4006
1020 4053
1020 4068
1020 4105
1020 4147
1020 4155
1020 4197
1020 4218
1020 4221
1020 4306
1020 4385
1020 4538
1020 4539
1020 4572
1020 4610
1020 4611
1020 4615
1020 4647
1020 4708
1020 4745
1020 4762
1020 4847
1020 4860
1020 4886
1020 4904
1020 4961
1020 4978
1020 4994
1020 5023
1020 5049
49 2793
49 3696
49 4313
49 4591
2793 3301
52 120
52 537
52 1917
52 2028
52 2308
52 2364
52 2763
52 2875
52 3962
52 4562
52 4597
52 4665
52 5045
202 2364
2364 3619
2364 4449
2364 4526
2790 4597
53 4692
75 4692
108 4692
166 4692
220 4692
268 4692
346 4692
423 4692
452 4692
565 4692
566 4692
595 4692
598 4692
625 4692
800 4692
1035 4692
1067 4692
1103 4692
1144 4692
1199 4692
1325 4692
1431 4692
1437 4692
1496 4692
1593 4692
1677 4692
1782 4692
1814 4692
1837 4692
1865 4692
1960 4692
1986 4692
2013 4692
2027 4692
2089 4692
2133 4692
2181 4692
2200 4692
2220 4692
2240 4692
2334 4692
2377 4692
2397 4692
2423 4692
2429 4692
2484 4692
2519 4692
2628 4692
2636 4692
2887 4692
2949 4692
2972 4692
2986 4692
3038 4692
3049 4692
3117 4692
3130 4692
3141 4692
3145 4692
3186 4692
3330 4692
3353 4692
3429 4692
3455 4692
3502 4692
3643 4692
3872 4692
3874 4692
3910 4692
3919 4692
3937 4692
4014 4692
4029 4692
4291 4692
4367 4692
4396 4692
4422 4692
4428 4692
4458 4692
4531 4692
4542 4692
4577 4692
4692 4732
4692 4812
4692 4825
4692 4914
4692 4947
55 4087
809 4087
1426 4087
1730 4087
2145 4087
2183 4087
2306 4087
3487 4087
3611 4087
3673 4087
3818 4087
4087 4495
4087 4584
56 1758
56 1773
56 3813
1758 1806
1758 2187
1758 2677
1758 3834
1091 3813
913 4444
61 4876
247 4876
539 4876
585 4876
762 4876
1228 4876
1651 4876
1763 4876
1796 4876
1935 4876
2357 4876
3051 4876
3338 4876
3577 4876
4057 4876
4112 4876
4301 4876
4305 4876
4876 4917
64 2148
64 2758
64 3656
64 4846
64 5029
2148 2454
2148 2707
796 2758
3623 3656
3656 4116
160 4846
2633 4846
3169 4846
3425 4846
3647 4846
4267 4846
65 4757
832 4757
2783 4757
4193 4757
4757 5040
66 3286
269 3286
1674 3286
2496 3286
3286 3955
67 1307
67 2155
67 2535
87 2535
315 2535
68 1695
68 1822
68 4229
68 4482
68 4971
585 1822
1029 4971
2261 4971
2279 4971
4736 4971
70 3154
124 3154
366 3154
780 3154
1357 3154
1382 3154
1511 3154
1903 3154
2104 3154
2216 3154
2326 3154
2335 3154
3154 3829
3154 3953
3154 4004
3154 4152
3154 4588
3154 4767
3154 4802
71 3245
73 3245
88 3245
601 3245
708 3245
806 3245
1096 3245
1116 3245
1412 3245
1522 3245
1533 3245
1575 3245
1733 3245
1859 3245
2472 3245
2536 3245
2552 3245
2651 3245
2794 3245
2823 3245
2921 3245
3245 3765
3245 3976
3245 3978
3245 4174
3245 4290
3245 4595
3245 4655
72 2374
115 2374
2374 4852
76 2279
577 2279
1086 2279
1151 2279
1194 2279
1422 2279
1532 2279
1799 2279
1818 2279
2279 3005
2279 3794
2279 3865
2279 3974
2279 4353
77 3695
102 3695
186 3695
277 3695
422 3695
504 3695
633 3695
972 3695
1056 3695
1565 3695
1668 3695
1693 3695
1752 3695
1823 3695
1894 3695
1947 3695
1994 3695
2010 3695
2414 3695
2463 3695
2840 3695
3093 3695
3171 3695
3183 3695
3534 3695
3556 3695
3695 3895
3695 4445
3695 4495
3695 4626
3695 4699
3695 4905
78 3726
1213 3726
1467 3726
1740 3726
2563 3726
2889 3726
3498 3726
3726 3777
3726 4719
3726 4854
79 2131
262 2131
984 2131
2131 2667
2131 3416
2131 3417
81 122
113 122
122 194
122 201
122 244
122 369
122 488
122 655
122 664
122 711
122 861
122 1097
122 1101
122 1161
122 1267
122 1345
122 1386
122 1474
122 1598
122 1608
122 1629
122 1722
122 1834
122 2296
122 2337
122 2481
122 2541
122 2612
122 2632
122 2635
122 2656
122 2741
122 2748
122 2774
122 2786
122 2856
122 2988
122 2998
122 3040
122 3054
122 3112
122 3221
122 3353
122 3435
122 3458
122 3529
122 3628
122 3725
122 3995
122 4008
122 4260
122 4361
122 4487
122 4636
122 4799
122 4843
122 4943
122 4980
82 3968
641 3968
699 3968
705 3968
1076 3968
1092 3968
1237 3968
3532 3968
3968 4555
3968 4601
3968 4919
83 87
83 226
83 1934
83 2361
83 2605
83 3475
83 4063
87 619
87 727
87 1352
87 1488
87 1489
87 2295
87 2811
87 3165
87 3274
87 3380
87 3414
87 3712
87 4181
87 4561
87 4969
1934 2471
585 2605
2570 2605
2085 3475
2392 3475
3475 4063
3475 4845
217 4063
267 4063
465 4063
543 4063
581 4063
761 4063
775 4063
803 4063
897 4063
1218 4063
1534 4063
1571 4063
2039 4063
2157 4063
2438 4063
2473 4063
2661 4063
2714 4063
2830 4063
3136 4063
3207 4063
3292 4063
3419 4063
3552 4063
3622 4063
3641 4063
3681 4063
4063 4549
4063 4809
85 2616
101 2616
164 2616
460 2616
467 2616
912 2616
1129 2616
1190 2616
1204 2616
1313 2616
1660 2616
1727 2616
2098 2616
2101 2616
2273 2616
2301 2616
2616 3072
2616 3380
2616 3419
2616 3649
2616 3745
2616 3786
2616 4117
2616 4123
2616 4341
2616 4370
2616 4475
2616 4702
86 1890
241 1890
1351 1890
1890 1925
2085 3165
998 3380
2101 3380
3380 3986
3380 4023
3380 4104
3380 4950
88 4623
4328 4623
89 4617
917 4617
1115 4617
1206 4617
1592 4617
1619 4617
1712 4617
1717 4617
1730 4617
1845 4617
1936 4617
2184 4617
2213 4617
2236 4617
2347 4617
3253 4617
3480 4617
3538 4617
3572 4617
3647 4617
3762 4617
4227 4617
4617 4895
4617 4927
91 4919
200 4919
228 4919
438 4919
612 4919
825 4919
853 4919
1002 4919
1518 4919
1543 4919
1753 4919
1805 4919
1950 4919
2022 4919
2084 4919
2097 4919
2348 4919
2470 4919
2679 4919
2750 4919
2755 4919
2932 4919
2947 4919
3233 4919
3343 4919
3515 4919
3594 4919
4150 4919
4337 4919
4492 4919
4751 4919
4883 4919
93 5041
196 5041
198 5041
604 5041
665 5041
774 5041
777 5041
865 5041
1047 5041
1112 5041
1265 5041
1303 5041
1311 5041
1396 5041
1574 5041
1679 5041
1789 5041
1965 5041
2126 5041
2284 5041
2639 5041
2894 5041
2951 5041
3078 5041
3251 5041
3279 5041
3403 5041
3900 5041
4400 5041
4506 5041
5041 5057
94 3158
94 3822
267 3158
274 3158
440 3158
764 3158
1132 3158
1200 3158
1422 3158
2107 3158
2265 3158
2606 3158
3085 3158
3158 3494
3158 3543
3158 3760
3158 3964
3158 4112
3158 4301
3158 4318
3158 4403
3158 4429
3158 4491
3158 4606
3158 4660
3158 4818
3158 4850
3158 5005
95 1921
1304 1921
1921 4339
1921 4705
1921 4716
99 3262
481 3262
2350 3262
2417 3262
2776 3262
2789 3262
3057 3262
3262 3841
3262 4391
3262 4803
100 4112
1705 4112
1796 4112
2395 4112
2931 4112
3396 4112
4112 4211
4112 4724
101 3830
145 3830
1880 3830
3830 3958
105 1935
105 4558
339 1935
379 1935
421 1935
507 1935
583 1935
667 1935
904 1935
1000 1935
1119 1935
1680 1935
1746 1935
1935 1990
1935 2205
1935 2615
1935 2751
1935 2908
1935 3198
1935 3297
1935 3402
1935 3507
1935 3617
1935 3873
1935 3908
1935 4043
1935 4151
1935 4165
1935 4380
1935 4948
1935 4950
1935 4982
1935 5031
106 4828
1950 4828
107 2219
197 2219
940 2219
1402 2219
2219 3624
2219 4115
2219 4568
109 2711
139 2711
306 2711
313 2711
466 2711
939 2711
1163 2711
1323 2711
1519 2711
1528 2711
2153 2711
2319 2711
2689 2711
2711 2817
2711 2902
2711 2925
2711 2989
2711 3181
2711 3266
2711 3318
2711 3658
2711 3814
2711 3870
2711 4019
2711 4114
2711 4141
2711 4206
2711 5001
111 1634
1634 2579
1634 3471
1634 3717
1634 3913
1634 4956
112 1828
266 1828
893 1828
1828 2139
1828 4078
1828 4646
114 2873
2873 3799
115 2536
766 2536
1562 2536
1617 2536
2029 2536
2070 2536
2536 2644
2536 2757
2536 3120
2536 3220
2536 3261
2536 3268
2536 3914
2536 4249
2536 4320
2536 4554
2536 4677
2536 4777
2536 4815
2536 4974
2536 5059
118 4556
533 4556
2348 4556
2705 4556
4507 4556
4556 5026
119 2392
386 2392
799 2392
1094 2392
1126 2392
1419 2392
1430 2392
1816 2392
1920 2392
2392 2403
2392 2545
2392 2695
2392 2777
2392 2789
2392 3151
2392 3228
2392 3234
2392 3599
2392 3687
2392 3803
2392 4220
2392 4254
2392 4307
2392 4319
2392 4516
2392 5065
121 2471
167 2471
518 2471
843 2471
1238 2471
1292 2471
1639 2471
1669 2471
1772 2471
2205 2471
2288 2471
2471 3280
2471 3871
2471 3929
2471 4203
2471 4616
2471 4662
2471 4785
2471 4946
2471 5027
664 1098
664 3301
1386 1460
2337 2572
123 729
123 3755
729 4475
125 526
125 3314
125 3528
125 3889
125 4447
3889 5062
2739 4447
127 614
127 2123
2123 3122
2123 5004
128 854
588 854
854 3747
854 3875
854 4687
129 2814
275 2814
353 2814
462 2814
742 2814
768 2814
911 2814
967 2814
1347 2814
1445 2814
1568 2814
1664 2814
1739 2814
1937 2814
2027 2814
2199 2814
2808 2814
2814 3311
2814 3398
2814 3442
2814 3948
2814 4032
2814 4379
2814 4590
2814 4642
2814 4663
2814 4819
2814 4868
2814 4901
130 461
130 589
130 876
130 2042
130 2125
130 4543
130 4990
184 2042
783 2042
1544 2042
1659 2042
1759 2042
1957 2042
2042 2046
2042 3218
2042 3598
2042 3683
2042 4154
2042 4407
2042 4744
131 1226
131 4891
1026 1226
1108 1226
1205 1226
1215 1226
1226 1433
1226 1860
1226 2144
1226 3471
1226 3590
2955 4891
3013 4891
4135 4891
132 3007
243 3007
1916 3007
2043 3007
133 1123
161 1123
329 1123
474 1123
541 1123
677 1123
1123 2085
1123 2121
1123 2676
1123 2805
1123 3170
1123 4103
1123 4156
1123 4234
1123 4359
1123 4406
1123 4526
1123 4557
1123 4921
1123 5046
135 3667
135 3730
135 4544
2609 4544
136 5015
4243 5015
137 4013
258 4013
443 4013
465 4013
527 4013
608 4013
726 4013
796 4013
2177 4013
2492 4013
2653 4013
3039 4013
3085 4013
3096 4013
3123 4013
3125 4013
3138 4013
3254 4013
3861 4013
3876 4013
4013 4281
4013 4385
4013 4606
140 1376
1376 3964
144 358
144 639
639 1091
146 1714
563 1714
1016 1714
1714 2014
147 1796
147 3338
147 3583
338 1796
686 1796
1038 1796
1577 1796
1702 1796
1796 2265
1796 3233
1796 3273
1796 3301
1796 3319
1796 3490
1796 3681
1796 3876
1796 4116
1796 4705
1796 4724
829 3338
1950 3338
2407 3338
3260 3338
1655 3271
149 1667
158 1667
394 1667
558 1667
1053 1667
1110 1667
1227 1667
1541 1667
1609 1667
1667 1781
1667 1938
1667 1955
1667 2209
1667 2281
1667 2432
1667 2443
1667 2782
1667 2845
1667 3025
1667 3295
1667 4044
1667 4079
1667 4096
1667 4252
1667 4298
1667 4321
1667 4510
1667 4571
1667 4669
1667 4709
1667 4984
1667 5038
150 3437
208 3437
348 3437
773 3437
1231 3437
1415 3437
1492 3437
1881 3437
2313 3437
2945 3437
2996 3437
3233 3437
3399 3437
3437 3608
3437 3697
3437 3796
3437 4074
3437 4077
3437 4718
3437 4746
3437 4896
152 3956
523 3956
693 3956
847 3956
916 3956
958 3956
1016 3956
1209 3956
1671 3956
2749 3956
3017 3956
3194 3956
3361 3956
3735 3956
3956 4066
3956 4851
3956 4862
155 1833
204 1833
264 1833
329 1833
529 1833
590 1833
599 1833
628 1833
864 1833
932 1833
1040 1833
1068 1833
1121 1833
1198 1833
1343 1833
1355 1833
1394 1833
1547 1833
1630 1833
1635 1833
1687 1833
1721 1833
1833 1886
1833 1899
1833 1951
1833 2017
1833 2384
1833 2585
1833 2737
1833 2809
1833 2866
1833 2876
1833 3071
1833 3092
1833 3206
1833 3255
1833 3256
1833 3412
1833 3496
1833 3503
1833 3630
1833 3816
1833 3839
1833 3878
1833 3888
1833 3932
1833 4125
1833 4191
1833 4259
1833 4402
1833 4425
1833 4489
1833 4560
1833 4564
1833 4578
1833 4596
1833 4614
1833 4629
1833 4701
1833 4867
1833 4899
1833 4981
1833 5024
1833 5056
159 2163
1099 2163
1766 2163
2034 2163
2083 2163
2163 3739
2163 4549
2163 4974
161 3965
163 4342
249 4342
543 4342
697 4342
791 4342
970 4342
981 4342
1330 4342
1469 4342
1785 4342
1884 4342
2132 4342
2272 4342
2896 4342
3067 4342
3308 4342
3369 4342
3980 4342
4124 4342
4329 4342
4342 4904
165 4277
165 4451
1976 4277
304 4451
385 4451
532 4451
659 4451
694 4451
745 4451
747 4451
839 4451
938 4451
947 4451
951 4451
1109 4451
1139 4451
1149 4451
1160 4451
1254 4451
1285 4451
1356 4451
1385 4451
1422 4451
1429 4451
1540 4451
1778 4451
1868 4451
1914 4451
1939 4451
2053 4451
2117 4451
2540 4451
2685 4451
2721 4451
2797 4451
2833 4451
2851 4451
2860 4451
2882 4451
3059 4451
3089 4451
3134 4451
3157 4451
3247 4451
3248 4451
3371 4451
3393 4451
3678 4451
3709 4451
3710 4451
3763 4451
3780 4451
4297 4451
4451 4552
4451 4679
4451 4682
4451 4898
4451 4967
4451 4992
170 3684
3061 3684
172 1528
239 1528
253 1528
286 1528
756 1528
764 1528
851 1528
910 1528
1240 1528
1321 1528
1353 1528
1528 1715
1528 1871
1528 2281
1528 2292
1528 2557
1528 3020
1528 3160
1528 3213
1528 3759
1528 3772
1528 3912
1528 3933
1528 3977
1528 4140
1528 4226
1528 4240
1528 4314
1528 4471
1528 4486
1528 4806
1528 4889
1528 5040
175 399
351 399
399 746
399 961
399 1296
399 1470
399 1688
399 2075
399 2178
399 2524
399 2640
399 2937
399 3516
399 4331
399 4472
182 2307
652 2307
905 2307
1036 2307
1070 2307
1630 2307
2019 2307
2080 2307
2164 2307
2307 2571
2307 2799
2307 2864
2307 3259
2307 3808
2307 3877
2307 4162
2307 4253
2307 4294
2307 4424
2307 4937
183 195
195 2382
184 662
662 4670
185 442
428 442
442 471
442 738
442 807
442 1025
442 1279
442 1373
442 1390
442 1421
442 1515
442 1673
442 1811
442 1840
442 1888
442 2168
442 3019
442 3108
442 3293
442 3341
442 3754
442 4051
442 4059
442 4065
442 4097
442 4288
442 4565
442 4647
442 4664
187 1916
276 1916
1824 1916
1916 3829
1916 3862
1916 4363
189 675
276 675
519 675
190 3280
217 3280
229 3280
267 3280
294 3280
404 3280
514 3280
642 3280
686 3280
966 3280
1135 3280
1201 3280
1482 3280
1513 3280
1559 3280
1705 3280
1707 3280
1763 3280
1765 3280
2248 3280
2762 3280
2971 3280
3085 3280
3138 3280
3169 3280
3280 3382
3280 3801
3280 4052
3280 4279
3280 4281
3280 4327
3280 4477
3280 4517
3280 4546
3280 4749
3280 4877
3280 4966
192 585
512 585
535 585
585 744
585 1723
585 1950
585 2531
585 3330
585 3911
199 4835
1432 4835
2018 4835
2269 4835
3533 4835
3546 4835
3931 4835
4357 4835
202 609
202 1249
202 1405
202 3545
203 2332
2332 2442
2332 4199
2332 4711
2332 4770
2332 4870
205 2890
205 4073
949 2890
2548 2890
349 4073
573 4073
883 4073
888 4073
1027 4073
1181 4073
1473 4073
1478 4073
1685 4073
1710 4073
1757 4073
1817 4073
2508 4073
2596 4073
2602 4073
2622 4073
2760 4073
2828 4073
2962 4073
3116 4073
3478 4073
3499 4073
3749 4073
3828 4073
3887 4073
4073 4164
4073 4299
4073 4599
4073 4600
4073 4661
4073 4768
4073 4869
4073 4977
213 4328
3168 4328
216 733
248 733
505 733
733 914
733 979
733 1234
733 1698
733 1750
733 2149
733 2217
733 2330
733 2411
733 2558
733 2796
733 3444
733 3733
733 3781
733 4268
733 4346
733 5060
217 3519
287 3519
509 3519
1122 3519
2816 3519
2913 3519
3490 3519
3519 3549
3519 3868
3519 3899
219 3812
2288 3812
3812 4844
221 4707
3248 4707
3602 4707
4707 5034
222 1416
225 3920
1298 3920
230 988
230 3585
988 1558
988 1705
988 1718
988 3301
988 3382
988 3533
231 1717
633 1717
1338 1717
1717 3305
1717 3897
1717 4232
1717 4698
232 2644
237 2644
487 2644
610 2644
804 2644
1626 2644
1665 2644
1989 2644
2339 2644
2518 2644
2644 2703
2644 2706
2644 3428
2644 4041
2644 4166
2644 4456
2644 4618
233 4935
235 5062
271 5062
724 5062
1350 5062
1455 5062
1620 5062
1798 5062
1977 5062
2057 5062
2444 5062
2517 5062
2530 5062
2821 5062
3102 5062
3139 5062
3287 5062
3592 5062
3860 5062
4036 5062
4096 5062
4183 5062
4378 5062
4453 5062
236 862
290 862
387 862
629 862
651 862
758 862
862 941
862 1388
862 1646
862 1829
862 1949
862 1961
862 2431
862 2480
862 2500
862 2667
862 2979
862 3729
862 3799
862 4157
862 4401
238 2085
921 2085
1497 2085
1850 2085
1853 2085
1988 2085
2085 2360
2085 3061
2085 3096
2085 3283
2085 3941
2085 4110
2085 4111
2085 4261
2085 4754
2085 4789
2085 5007
239 1981
240 4449
919 4449
1174 4449
1607 4449
3300 4449
4205 4449
4449 4726
379 4724
379 4950
464 4242
475 3301
475 4950
252 539
539 686
539 1862
539 2205
539 2259
539 3554
539 4052
539 4110
539 5016
560 578
560 650
560 757
560 1458
560 2087
560 2207
560 2628
560 2666
560 3052
560 3099
560 3113
560 3823
560 3849
560 4137
560 4271
560 4300
560 4350
560 4476
560 4730
560 4761
560 4764
560 5054
592 2454
762 895
919 4793
1033 2958
1033 3564
1033 4212
465 1468
1468 3820
541 1554
1554 1819
1554 3896
1554 4023
412 1651
1651 2202
1651 2273
1651 2278
1651 2300
1651 2445
1651 2661
1651 2948
602 1705
1705 2836
1705 3630
440 1812
559 1812
561 1812
653 1812
1812 2265
1812 3715
1812 4116
1718 1813
1813 3177
256 2265
762 2265
1028 2265
1941 2265
2265 2281
2265 4119
2265 4525
2265 4592
2265 4822
2265 4949
2328 3205
480 2445
1124 2445
1348 2445
2445 3677
2445 4023
2445 4116
2445 4316
2445 4855
527 2455
1434 2455
2455 2967
2455 3096
2455 3182
1699 3233
1808 3233
2255 3233
2281 3233
2399 3233
2633 3233
2751 3233
3233 4334
3233 4797
1599 3301
2357 3301
3301 4493
3301 4752
2100 3315
1017 3631
3631 3787
3631 4950
2357 3633
771 3677
541 4024
2765 4024
332 4052
541 4052
1317 4052
1930 4052
2900 4052
4052 4335
4052 4468
4052 4821
631 4061
4061 4680
297 4110
2058 4110
2927 4110
2941 4110
4110 4526
4110 4566
4110 5048
1148 4305
4305 4334
4514 5003
1536 4678
893 4722
1551 4722
324 4724
350 4724
397 4724
998 4724
1124 4724
1173 4724
1256 4724
1577 4724
1959 4724
2077 4724
2083 4724
2160 4724
2270 4724
2577 4724
2738 4724
2965 4724
3074 4724
3319 4724
3647 4724
3751 4724
3831 4724
4069 4724
4095 4724
4238 4724
953 4749
2077 4749
3386 4749
4749 5005
930 4793
2533 4793
2913 4793
3349 4793
2077 4879
3177 4879
3212 4879
4879 4906
4410 5030
247 2073
2073 3494
254 817
254 1587
1587 2531
255 1349
1349 2418
1349 3081
1349 4551
257 778
322 778
454 778
778 1192
778 1555
778 2365
778 2409
778 2598
778 2753
778 3323
778 4170
778 4264
259 2941
299 2941
550 2941
940 2941
1099 2941
1178 2941
1339 2941
2051 2941
2179 2941
2340 2941
2410 2941
2626 2941
2719 2941
2766 2941
2877 2941
2885 2941
2886 2941
2941 3392
2941 3691
2941 3939
2941 4427
2941 4931
2941 4991
2941 5014
263 340
263 407
263 484
263 513
263 572
263 615
263 759
263 885
263 929
263 955
263 1062
263 1082
263 1093
263 1114
263 1221
263 1239
263 1257
263 1289
263 1333
263 1520
263 1602
263 1606
263 1647
263 1656
263 1744
263 1745
263 1885
263 2050
263 2186
263 2229
263 2302
263 2310
263 2359
263 2428
263 2532
263 2559
263 2672
263 2909
263 2974
263 3162
263 3510
263 3512
263 3596
263 3805
263 3833
263 3844
263 4042
263 4160
263 4335
263 4436
263 4439
263 4508
263 4540
263 4649
263 4760
263 4773
263 4834
263 4902
2559 3963
2575 3844
680 4902
4902 4936
269 1873
1792 1873
1873 1998
1873 2159
1873 3540
270 4814
280 4814
763 4814
1563 4814
1618 4814
1966 4814
2356 4814
3404 4814
3408 4814
4347 4814
4528 4814
278 2604
1411 2604
1692 2604
1826 2604
1846 2604
1907 2604
2404 2604
2604 3100
2604 4547
2604 5006
282 984
282 3047
480 984
984 2900
984 4067
3047 4566
285 686
285 3951
686 1783
3951 4593
290 3538
926 3538
1026 3538
1210 3538
1295 3538
1472 3538
1561 3538
1689 3538
1766 3538
1818 3538
1995 3538
2044 3538
2292 3538
3342 3538
3538 3771
3538 3853
3538 3984
3538 4594
3538 4829
3538 4885
291 1737
425 1737
663 1737
721 1737
819 1737
1088 1737
1118 1737
1737 2015
1737 3957
1737 4026
292 2077
1105 2077
1284 2077
1559 2077
2077 4580
2077 4733
294 1718
544 1718
702 1718
815 1718
867 1718
1023 1718
1175 1718
1294 1718
1314 1718
1391 1718
1532 1718
1683 1718
1718 1850
1718 1876
1718 2003
1718 2096
1718 2105
1718 2271
1718 2454
1718 2834
1718 2870
1718 2898
1718 2959
1718 2983
1718 2987
1718 3069
1718 3155
1718 3348
1718 3355
1718 3517
1718 3614
1718 3693
1718 3714
1718 3744
1718 3815
1718 4021
1718 4049
1718 4091
1718 4102
1718 4119
1718 4594
1718 4952
1718 4986
296 3379
307 3379
453 3379
546 3379
703 3379
760 3379
900 3379
1143 3379
1145 3379
1404 3379
1511 3379
1521 3379
1569 3379
1632 3379
1879 3379
2090 3379
2118 3379
2482 3379
2586 3379
2698 3379
3075 3379
3252 3379
3379 3446
3379 3846
3379 4194
3379 4323
3379 4398
3379 4470
3379 4804
3379 4875
3379 4941
3379 4954
298 4908
301 4908
2058 4908
2610 4908
3555 4908
4332 4908
4908 4932
300 754
300 892
300 1290
300 1575
300 1713
300 1996
300 3110
300 4787
301 1179
551 1179
1179 4698
303 3859
308 3564
2505 3564
309 5013
544 5013
1755 5013
2102 5013
310 3051
3051 3654
3051 4390
311 681
311 719
719 986
312 1801
322 1091
1091 1203
1091 1264
1091 1505
1091 2576
1091 3661
1091 3864
1091 4368
1091 4759
323 4224
831 4224
1089 4224
1322 4224
1397 4224
1650 4224
2011 4224
2023 4224
2689 4224
3014 4224
3983 4224
4224 4395
4224 4602
4224 4684
4224 4747
325 1090
325 2823
325 4050
2823 2968
327 2479
405 2479
479 2479
562 2479
788 2479
1128 2479
1165 2479
1300 2479
1318 2479
1731 2479
1973 2479
2025 2479
2037 2479
2076 2479
2478 2479
2479 2781
2479 2822
2479 2899
2479 3193
2479 3370
2479 3506
2479 3757
2479 3886
2479 3899
2479 4099
2479 4146
2479 4450
2479 4579
2479 4693
2479 4703
2479 4776
2479 4801
2479 4827
328 1315
1315 1456
1315 2235
1315 2659
1315 3023
1315 3867
329 3332
329 3449
329 4230
329 4685
333 2436
335 1367
1367 2198
1367 2788
1367 3492
1367 3925
336 2357
1200 2357
1875 2357
2086 2357
2107 2357
2357 3328
2357 3571
2357 3689
2357 3774
2357 4095
2357 4107
2357 4784
2357 4918
342 387
347 3964
390 3964
580 3964
648 3964
931 3964
2002 3964
2770 3964
3086 3964
3164 3964
3231 3964
3419 3964
3490 3964
3916 3964
3964 4233
3964 4303
3964 4537
3964 4675
3964 4723
3964 4734
3964 4890
350 4467
764 4467
787 4467
1177 4467
1738 4467
2039 4467
2223 4467
2595 4467
3492 4467
4127 4467
4467 4477
4467 5037
355 2920
2290 2920
2920 4797
357 3615
3615 4733
359 550
364 1080
668 1080
899 1080
1073 1080
1080 1104
1080 1642
1080 1749
1080 1807
1080 2064
1080 2154
1080 2251
1080 2641
1080 2907
1080 3296
1080 3302
1080 3335
1080 3433
1080 3593
1080 3652
1080 4807
368 3826
840 3826
1007 3826
1968 3826
2142 3826
2556 3826
3080 3826
3271 3826
3362 3826
3826 4143
3826 4208
3826 4244
3826 4418
371 4950
372 4950
414 4950
447 4950
465 4950
496 4950
524 4950
570 4950
658 4950
690 4950
835 4950
1014 4950
1034 4950
1157 4950
1191 4950
1222 4950
1291 4950
1348 4950
1451 4950
1491 4950
1699 4950
1769 4950
1821 4950
1827 4950
1882 4950
1927 4950
1929 4950
2026 4950
2176 4950
2387 4950
2485 4950
2486 4950
2506 4950
2657 4950
2938 4950
2964 4950
3030 4950
3036 4950
3053 4950
3090 4950
3201 4950
3277 4950
3337 4950
3372 4950
3427 4950
3443 4950
3495 4950
3531 4950
3591 4950
3655 4950
3711 4950
3756 4950
3802 4950
3890 4950
3894 4950
4021 4950
4086 4950
4109 4950
4266 4950
4274 4950
4308 4950
4349 4950
4357 4950
4613 4950
4713 4950
4746 4950
4755 4950
4763 4950
4817 4950
4921 4950
4950 4970
4950 5035
375 1581
1581 2609
377 1596
377 2882
872 1596
2882 2940
2882 3601
381 2412
1170 2412
1275 2412
2412 3500
2412 3804
389 1562
389 4916
827 1562
1562 2857
1562 4192
3666 4916
392 2859
894 2859
1953 2859
2859 2976
2859 2978
2859 3185
2859 3207
2859 3354
2859 3375
2859 3795
2859 4318
2859 5009
395 2785
622 2785
630 2785
918 2785
1063 2785
1597 2785
1627 2785
1902 2785
1944 2785
1974 2785
2016 2785
2036 2785
2052 2785
2212 2785
2221 2785
2380 2785
2740 2785
2785 2858
2785 2993
2785 3250
2785 3284
2785 3610
2785 3790
2785 3811
2785 3903
2785 4247
2785 4258
2785 4302
2785 4452
2785 4533
2785 4688
2785 4801
2785 4989
396 451
451 2637
451 4075
451 4566
397 1227
1227 1709
1227 3789
1227 4512
398 1942
398 4116
1269 1942
1577 4116
3098 4116
3612 4116
3797 4116
402 3271
458 3271
482 3271
1273 3271
1337 3271
1891 3271
2078 3271
2189 3271
2726 3271
3271 3456
3271 3579
3271 3991
3271 4158
3271 4358
3271 4376
3271 4513
3271 5032
3271 5061
403 2931
1577 2931
2931 3494
2931 3996
2931 4301
406 2575
875 2575
982 2575
1900 2575
2575 2767
2575 2904
409 2704
924 2704
411 762
413 762
432 762
448 762
522 762
762 860
762 867
762 879
762 956
762 1018
762 1364
762 1389
762 1794
762 1836
762 1878
762 1963
762 1992
762 1999
762 2095
762 2109
762 2137
762 2275
762 2650
762 2692
762 2815
762 3239
762 3240
762 3359
762 3466
762 3773
762 3922
762 3943
762 4020
762 4070
762 4429
762 4475
762 4485
762 4527
762 4973
415 796
415 1503
541 796
772 796
782 796
796 915
796 928
796 1189
796 1196
796 1459
796 1532
796 1851
796 2193
796 2281
796 2649
796 2664
796 2727
796 2780
796 2863
796 3148
796 3272
796 3436
796 3614
796 3899
796 4196
796 4263
796 4466
796 4972
992 1503
418 2245
556 2245
975 2245
1274 2245
2245 2527
2245 2722
2245 2803
2245 4071
2245 4076
419 3751
3751 4779
424 2513
821 2513
425 4309
427 538
538 2313
538 3861
433 908
433 1401
433 1670
433 1686
433 2060
433 2234
433 2249
433 3374
433 3518
433 3713
433 4310
433 5064
2060 4698
436 816
816 1306
816 2368
816 2587
816 2693
816 3981
816 4195
816 4289
816 4454
816 4995
440 1808
1422 1808
1808 1874
1808 1964
1808 4093
1808 4344
445 4797
858 4797
935 4797
2312 4797
2459 4797
4444 4797
536 4566
2625 4566
3096 4566
3758 4566
4566 4639
457 4226
1399 4226
3864 4226
4226 4345
460 666
460 3389
460 4115
3389 3459
3389 4786
1435 4115
2188 4115
4115 4850
1969 4242
2643 4242
465 3265
465 3896
469 1164
859 1164
1164 1908
1164 3679
1164 4555
1164 4944
470 1310
470 3647
2413 3647
3036 3647
3647 5010
478 930
478 2407
478 2686
478 4549
930 1465
930 2169
930 2281
930 2997
2419 4549
4161 4549
4549 4580
480 712
480 1381
480 3681
480 4858
712 893
1381 3774
1381 4653
1099 3681
3681 4877
483 1235
1235 3006
1235 3360
1235 4475
486 1900
1537 1900
1900 4897
487 1764
487 4473
3150 4473
490 4493
549 4493
828 4493
2493 4493
2745 4493
4269 4493
4493 4500
492 3454
497 4246
4246 4526
4246 5055
498 1766
502 1766
1295 1766
1297 1766
1561 1766
1766 1809
1766 1818
1766 2007
1766 2152
1766 2555
1766 2800
1766 3072
1766 3161
1766 3249
1766 3635
1766 3905
1766 4149
1766 4504
1766 4551
1766 4630
1766 4838
1766 4885
499 986
499 1008
986 1516
986 3289
1008 1312
1008 4435
501 1775
1358 1775
1775 4064
1775 4818
502 2836
502 3494
2836 4095
511 3494
1348 3494
1573 3494
1995 3494
3098 3494
3494 3840
3494 4925
503 3098
510 3061
2274 3061
2590 3061
3061 3491
3061 3973
511 1457
511 3913
1134 3913
1561 3913
2311 3913
2385 3913
2838 3913
3913 4270
3913 4589
515 2968
617 2968
2099 2968
2968 2992
2968 3236
2968 4101
2968 4184
2968 4432
517 2024
744 2024
1461 2024
1696 2024
2024 2208
2024 2378
2024 2664
2024 3118
2024 3562
2024 4351
2024 4496
2024 4721
750 767
1058 2262
1248 1423
1309 1579
1042 1697
1778 2173
2087 3214
2398 2451
2398 2735
1452 2928
2928 4180
3004 4003
530 4301
1231 4301
1400 4301
2391 4301
2911 4301
3848 4301
4301 4580
4301 4887
535 741
535 1268
741 1004
741 1176
741 4175
741 4576
3064 3861
643 2259
541 912
541 944
541 1588
541 2169
541 2396
541 2792
541 3106
541 3115
542 1262
1262 1456
1262 2331
1262 2892
545 4850
893 4850
994 4850
1347 4850
1592 4850
1985 4850
2299 4850
2670 4850
3246 4850
3344 4850
3577 4850
4640 4850
4809 4850
548 4090
564 4090
1591 4090
2157 4090
2837 4090
2956 4090
549 4520
552 2294
2134 2294
2294 2742
2294 3031
2294 3184
2294 4248
2294 4296
2294 4393
2294 4461
2294 4646
553 2735
1392 5054
2227 5054
4023 5054
561 1536
728 1536
997 1536
1245 1536
1536 1654
1536 1751
1536 2665
1536 2733
1536 2745
1536 2922
1536 3174
1536 3642
1536 3700
1536 4483
562 874
874 2388
874 2614
874 3821
570 3789
620 3789
689 3789
718 3789
730 3789
848 3789
852 3789
866 3789
869 3789
963 3789
1099 3789
1106 3789
1299 3789
1334 3789
1344 3789
1346 3789
1464 3789
1523 3789
1600 3789
2111 3789
2201 3789
2373 3789
2475 3789
2611 3789
2784 3789
2995 3789
3083 3789
3204 3789
3209 3789
3227 3789
3303 3789
3336 3789
3479 3789
3621 3789
3645 3789
3669 3789
3761 3789
3789 3809
3789 3901
3789 3928
3789 4000
3789 4027
3789 4060
3789 4095
3789 4204
3789 4442
3789 4499
3789 4631
3789 4652
3789 4809
3789 4833
3789 4849
3789 4957
3789 5002
579 3393
1302 3393
3393 4826
581 3004
583 968
583 1253
583 3177
583 4023
968 2515
1281 3177
1490 3177
3177 3530
3177 3731
3177 4913
1780 4023
1723 3327
1950 4547
695 3330
586 3406
3406 3884
3406 4845
588 3432
725 3432
1905 3432
2464 3432
3202 3432
3432 3498
2454 3558
594 2700
1815 2700
2700 3105
2700 3629
597 1803
821 1803
1328 1803
1803 4411
1803 4739
600 3236
1529 3236
2351 3236
2490 3236
3236 4700
616 2921
748 2921
1586 2921
2629 2921
2921 3685
618 752
752 2242
752 2287
752 2658
752 3289
752 3783
752 4134
623 1178
627 4381
821 4381
1005 4381
1030 4381
1408 4381
1509 4381
1852 4381
2424 4381
2673 4381
3035 4381
3132 4381
3140 4381
3949 4381
4106 4381
4381 4416
4381 4431
4381 4680
628 1578
1124 3321
1255 4526
1348 4580
3036 4580
3855 4580
4117 4580
633 2293
633 4373
707 2293
1366 2293
2182 2293
2293 2580
2293 2734
2293 2747
2293 3125
2293 3305
2293 4282
2293 4589
2293 4963
634 934
934 1003
934 1864
934 2981
934 3492
934 4185
636 647
647 3799
640 2179
646 4547
1156 4547
3095 4547
3191 4547
4202 4547
731 3799
3799 4942
660 3351
683 3351
849 3351
3351 4228
1428 4670
1706 4670
2677 4670
2917 4670
3197 4670
3746 4670
3832 4670
4479 4670
4670 4976
663 5042
1098 1720
665 2787
667 3662
1358 3662
670 4702
1272 4702
1700 4702
2751 4702
3135 4702
3219 4702
3573 4702
4010 4702
671 3800
1259 3800
3128 3800
3395 3800
3542 3800
3619 3800
3717 3800
3800 5025
678 1079
1079 2943
1079 4559
1783 4273
687 4667
1150 4667
4567 4667
688 1022
1022 3209
695 852
695 1762
695 1794
695 2884
695 3085
695 3706
1762 3008
2964 3085
698 3560
2443 3560
2926 3560
701 965
965 2210
893 3321
713 1259
1259 2538
1259 3680
715 4832
3087 4832
4001 4832
717 3738
907 3738
1157 3738
3738 4491
722 2079
722 2975
722 3342
722 3707
2975 4015
1765 3342
2354 3342
2675 3342
3342 3550
3342 4438
3342 4478
3342 5036
2603 3707
3707 3793
726 4457
914 2491
979 1728
927 5060
734 1471
734 2933
734 4092
734 4585
1471 2528
1471 2691
1471 4864
750 2619
1204 2658
1694 2658
2658 3618
2658 4469
2093 3783
3783 5008
956 1640
801 1836
1836 4187
846 3466
2191 3466
3466 5058
1400 4429
2765 4429
771 1427
771 1572
771 2509
771 2714
771 4336
775 1795
775 2537
775 3741
775 4459
1369 2753
1643 2753
2753 3588
2753 3770
779 3254
3254 3331
782 2039
1680 2039
915 2052
915 2599
1031 2281
1548 2281
1336 2649
2664 2969
1021 2727
2727 4058
2727 4816
2727 4959
1061 3899
2844 3899
2913 4263
797 2550
805 926
805 1288
805 1676
805 2343
810 2633
1761 2633
2633 4900
811 977
950 977
977 1725
977 1889
977 2850
977 3357
977 4080
812 2834
813 4526
1182 4526
1232 4526
1348 4526
1924 4526
2232 4526
2469 4526
2841 4526
3096 4526
3457 4526
3734 4526
3907 4526
3982 4526
4009 4526
4287 4526
4434 4526
4490 4526
4526 4683
4526 4714
4526 5020
1788 4995
4219 4995
819 2588
833 2745
833 4877
2273 4877
4062 4877
834 3331
3159 3331
3331 3640
3331 4250
3331 4671
845 4223
3248 4223
3096 3747
3747 4414
856 1052
1052 4265
1052 4733
857 1029
1029 1193
1029 2116
1029 3682
1029 4315
1029 4399
1029 5018
2979 3728
2979 4998
2461 2765
2765 3376
878 1728
1406 1728
1728 2691
1728 2775
887 2515
2515 3373
889 4060
2406 4060
4060 4444
1013 1338
1338 1561
1338 2499
1338 3209
1338 3836
1524 2303
1524 2566
957 1889
2710 2964
3015 3119
943 3408
2243 3408
3408 4375
2304 3717
2385 3717
3257 3717
3521 3717
3717 4676
3717 4885
3717 4975
1219 3984
1747 4107
4765 4922
1212 3321
1577 3321
3321 3465
3321 3987
3321 4148
3321 4988
896 2203
999 2203
1377 4444
4444 4789
2052 3028
2052 3493
2052 4594
921 4791
4791 4993
925 2555
925 3055
925 3767
925 3992
1026 3992
2230 3992
927 2960
927 3923
927 4501
3492 4362
936 1716
936 4213
1716 3422
945 2964
1054 2964
2300 2964
2964 3577
2964 4541
953 3481
954 1298
954 2451
1298 2238
1298 3452
1298 4727
2363 2451
2451 4348
957 2167
959 1277
1277 1956
1277 1972
1277 2045
1277 4440
1277 4729
962 2350
962 4054
964 2910
1946 2910
2910 3482
2910 4658
971 3336
2850 3544
1422 2900
1800 2900
987 1342
1342 1945
1425 3382
1952 3382
3382 3620
3382 4201
3382 4203
2402 3533
995 3648
3648 4632
998 2215
2215 2381
999 5008
1557 5008
1649 5008
2608 5008
2867 5008
2953 5008
3189 5008
3190 5008
3196 5008
3843 5008
4142 5008
4394 5008
4534 5008
1006 3296
3131 3774
2521 4385
1210 3209
2383 3209
2939 3209
1024 2504
1026 1184
1026 1236
1026 1856
1184 2810
1856 3119
1037 2173
2173 4695
1039 4187
1041 4204
1046 3128
1250 3128
3128 4282
1054 1208
1059 2655
1059 2662
1059 3247
1072 4324
1128 4324
1147 4324
1678 4324
1904 4324
2166 4324
2408 4324
2565 4324
2613 4324
2688 4324
3208 4324
3364 4324
4324 4634
4324 4909
4324 5022
1074 1400
1078 2322
1870 2322
2322 3267
2322 3499
2322 3582
2322 3850
2322 4772
4559 4681
1642 2709
1083 4074
1804 4074
2080 4074
4074 4128
4074 4383
1085 4593
2041 4593
3029 4593
3077 4593
3235 4593
4524 4593
4593 4968
1138 3864
1261 3864
1099 1247
1247 2542
1113 1480
1113 2291
1113 3535
1113 4726
1115 1564
1115 1978
1115 2511
1115 3753
1115 4239
3664 4921
1148 1308
1148 4872
1155 3207
3207 4136
1159 4345
3077 4345
4345 4766
4345 4945
2854 4698
1185 4354
1185 4836
3238 4354
3692 4354
4057 4836
1191 4463
1210 1378
1210 1453
1210 1561
1210 1573
1210 2268
1210 3216
1210 3244
1210 3550
1210 3836
1210 3997
1210 4166
1210 4589
1210 4885
1210 4933
1453 4911
1561 2254
1561 2268
1561 2546
1561 3395
1561 4529
1573 3879
1484 2268
1335 3836
3836 5066
2151 4166
4166 4243
2546 4589
1211 2360
2282 2360
1220 1252
1220 4057
1220 4178
1224 1332
1224 4604
3424 3590
1230 3419
1243 4845
2091 4845
4845 4848
1246 2507
1945 2507
1250 2546
2315 2546
2546 4393
1263 1995
1995 3619
1271 1931
1477 1931
1719 1931
1931 2488
1931 2881
1931 4098
1931 5059
1281 1316
1281 1776
1281 2158
1281 4782
1283 4936
1295 1967
1295 4536
1309 3484
1326 2648
2226 2648
2648 4318
2648 4369
1328 1414
1414 1641
1329 4821
1331 4282
1763 1945
1347 1435
1435 3732
1435 4570
1435 4796
3032 4551
3600 4551
4551 4878
1358 2985
1358 3646
1359 3640
1810 3640
2934 3640
3609 3640
1407 4362
1644 4362
1420 4977
2552 4977
1425 2906
1425 4082
4082 4386
4082 5000
1432 1449
1449 4167
1434 3819
1443 3586
1760 3586
2510 3586
3192 3586
1454 3425
3036 3425
1462 2969
1464 3036
3036 3576
3036 4668
3650 3820
2791 4864
2819 5028
2977 3490
3225 4894
3523 4894
1476 2570
1912 2570
1701 2266
2366 2746
3616 4686
1896 3857
3488 4871
4738 5063
1484 2466
1500 3727
1539 1560
1539 2654
1539 2705
1539 3306
1545 1559
1546 4878
3395 4878
1819 3136
1556 4393
4393 4628
1684 3395
1690 3395
2879 3395
3395 4231
3395 4737
1786 4529
2130 4192
1571 4654
1802 3879
3310 3879
3879 4317
3879 4893
3879 4923
1576 4243
2914 4243
3339 4243
4243 4535
1577 1863
1577 3654
1577 4644
1580 4829
4829 4953
2609 2867
2609 4207
2609 4256
2609 4437
3173 4222
1597 4896
2924 4896
1604 1754
1754 2977
1622 3618
1636 3163
1636 4405
2195 4405
2709 2897
2709 4498
2273 3827
1680 4267
3547 4237
4237 4255
4237 4284
1694 4987
1696 4262
1708 3383
2794 3383
3037 3383
3383 4001
2903 3422
3016 3422
3422 4040
3422 4892
3305 4245
1850 2561
2003 2731
2003 4964
2096 2299
4594 4752
1724 3908
2775 4419
1741 1855
1741 2012
1741 2309
1741 3294
1855 2824
2977 3325
2977 3837
1765 2399
2214 2399
2399 3537
2399 4095
2399 4236
2399 4866
1818 4955
1777 4375
1789 3263
3263 3276
3263 3626
3263 3989
1874 3347
1820 4887
2345 4887
3322 4887
3704 4887
4805 4887
1854 2139
4078 4468
3816 4673
1835 2789
2789 3356
2561 3479
1854 3033
1854 4214
2824 3077
2824 3431
2143 3119
3119 3676
3119 4017
3119 4329
1867 3388
1869 2746
1883 2903
1893 2290
1913 4171
2257 4171
3993 4171
4095 4171
4171 4426
1930 3999
2751 3024
2751 3058
2751 3863
2751 3902
2751 4569
2751 4574
2751 4800
3297 4465
2065 4151
4056 5031
1958 3173
3173 4280
1970 4548
1991 2299
2299 2623
2761 3619
2731 4958
2027 2074
2048 4285
2065 2175
2065 4695
2071 3125
3096 4689
2086 2582
3214 3961
2100 2694
2108 4736
3005 4736
3329 4736
2112 3248
3122 4001
2157 4641
2192 3459
2195 5052
2224 4711
2224 5067
4711 4856
2231 4299
2233 3542
2718 3542
3485 3542
3542 3690
3542 3804
3542 3825
3542 4159
2237 4104
3810 4104
2375 4584
3827 4717
3827 4774
2276 4159
2276 4509
3156 4509
3267 3750
2324 4800
4153 4800
4251 4800
4706 4800
4800 4939
2338 2917
2390 2924
2924 3258
2395 3082
3904 4236
2415 3077
2813 3077
3077 4874
3077 4924
2621 2701
2621 2744
2621 3334
2476 3530
3757 5043
2510 4352
2843 3268
3268 4712
2552 4505
3963 4118
2560 3169
3169 3423
2569 5043
2929 5043
3282 5043
3764 5043
2601 2767
2767 3904
3721 4256
4088 4256
2620 3488
2643 4389
2652 4251
3950 4251
2683 2927
2897 2911
3048 3814
2713 3576
2717 4738
2720 3349
2723 3690
2740 4605
2752 3847
3588 3959
3356 4573
2790 3291
2791 2883
2791 4046
2791 4081
3398 4999
2842 3955
2854 3779
2885 5010
2896 4752
3237 4752
4477 4752
4421 4541
4541 4633
4415 4998
3060 3796
3076 5048
3200 4689
3676 4794
3175 4767
4767 4856
3197 4047
3219 4783
3424 3456
3967 4477
3465 3869
3424 3521
3424 3885
3424 4138
3424 4731
3782 4464
3489 4883
3534 4545
3740 4088
3855 4519
4340 4357
4839 4856
