1 322
1 527
1 605
1 640
1 873
1 1220
1 1434
1 1611
1 1799
1 1953
1 2179
1 2267
1 2610
1 2836
1 2865
1 2979
1 3034
1 3221
1 3273
1 3819
1 3875
1 3921
1 4013
1 4043
1 4331
1 4349
1 4356
1 4366
1 4504
1 4555
1 4602
1 4720
1 4802
322 1713
9 2179
45 2179
82 2179
132 2179
133 2179
149 2179
191 2179
197 2179
216 2179
221 2179
271 2179
281 2179
285 2179
297 2179
307 2179
339 2179
341 2179
346 2179
347 2179
357 2179
363 2179
409 2179
438 2179
440 2179
441 2179
464 2179
466 2179
555 2179
558 2179
559 2179
649 2179
659 2179
662 2179
671 2179
686 2179
691 2179
700 2179
706 2179
750 2179
766 2179
774 2179
777 2179
798 2179
877 2179
932 2179
948 2179
949 2179
967 2179
970 2179
976 2179
986 2179
994 2179
1003 2179
1023 2179
1035 2179
1059 2179
1067 2179
1078 2179
1113 2179
1224 2179
1238 2179
1291 2179
1297 2179
1324 2179
1376 2179
1397 2179
1411 2179
1412 2179
1433 2179
1461 2179
1464 2179
1526 2179
1550 2179
1570 2179
1576 2179
1588 2179
1602 2179
1655 2179
1662 2179
1674 2179
1680 2179
1702 2179
1735 2179
1750 2179
1768 2179
1777 2179
1780 2179
1805 2179
1834 2179
1839 2179
1849 2179
1854 2179
1866 2179
1893 2179
1906 2179
1910 2179
1917 2179
1923 2179
1935 2179
2085 2179
2137 2179
2145 2179
2179 2188
2179 2223
2179 2253
2179 2309
2179 2318
2179 2324
2179 2331
2179 2342
2179 2343
2179 2344
2179 2374
2179 2383
2179 2412
2179 2416
2179 2440
2179 2462
2179 2501
2179 2521
2179 2554
2179 2568
2179 2569
2179 2601
2179 2632
2179 2684
2179 2701
2179 2704
2179 2720
2179 2732
2179 2733
2179 2743
2179 2746
2179 2784
2179 2788
2179 2793
2179 2807
2179 2808
2179 2867
2179 2886
2179 2899
2179 2914
2179 2924
2179 2927
2179 2950
2179 2990
2179 3062
2179 3076
2179 3090
2179 3098
2179 3120
2179 3141
2179 3143
2179 3161
2179 3175
2179 3247
2179 3287
2179 3303
2179 3314
2179 3333
2179 3337
2179 3343
2179 3346
2179 3380
2179 3429
2179 3442
2179 3443
2179 3447
2179 3460
2179 3461
2179 3531
2179 3560
2179 3585
2179 3604
2179 3633
2179 3642
2179 3670
2179 3690
2179 3702
2179 3738
2179 3773
2179 3777
2179 3795
2179 3809
2179 3811
2179 3825
2179 3866
2179 3871
2179 3892
2179 3907
2179 3942
2179 3943
2179 3957
2179 4001
2179 4012
2179 4032
2179 4049
2179 4051
2179 4059
2179 4074
2179 4086
2179 4117
2179 4135
2179 4137
2179 4138
2179 4150
2179 4196
2179 4202
2179 4208
2179 4240
2179 4244
2179 4255
2179 4266
2179 4288
2179 4320
2179 4321
2179 4353
2179 4354
2179 4363
2179 4370
2179 4392
2179 4400
2179 4455
2179 4480
2179 4490
2179 4509
2179 4517
2179 4518
2179 4526
2179 4546
2179 4579
2179 4585
2179 4615
2179 4626
2179 4631
2179 4634
2179 4636
2179 4688
2179 4709
2179 4722
2179 4739
2179 4745
2179 4754
2179 4757
2179 4762
2179 4806
2179 4837
2179 4845
2179 4847
2179 4862
2179 4906
2179 4931
2179 4933
2179 4942
2179 4944
2179 4964
2179 5034
2179 5041
2179 5043
2179 5048
2179 5070
2179 5088
2179 5122
2179 5167
2179 5171
2179 5200
2179 5204
2179 5220
2267 3914
2979 4282
1738 3034
2084 3034
2400 3034
59 3273
3273 3819
3819 3914
40 4331
48 4331
64 4331
86 4331
120 4331
133 4331
149 4331
182 4331
186 4331
191 4331
192 4331
216 4331
218 4331
235 4331
244 4331
261 4331
297 4331
318 4331
386 4331
409 4331
436 4331
438 4331
442 4331
464 4331
500 4331
512 4331
529 4331
543 4331
555 4331
583 4331
596 4331
617 4331
646 4331
649 4331
653 4331
662 4331
671 4331
691 4331
696 4331
706 4331
751 4331
773 4331
813 4331
814 4331
817 4331
856 4331
892 4331
952 4331
967 4331
970 4331
976 4331
987 4331
995 4331
1035 4331
1041 4331
1067 4331
1076 4331
1101 4331
1156 4331
1192 4331
1217 4331
1223 4331
1239 4331
1278 4331
1304 4331
1326 4331
1337 4331
1339 4331
1351 4331
1367 4331
1386 4331
1400 4331
1411 4331
1461 4331
1465 4331
1506 4331
1525 4331
1541 4331
1570 4331
1576 4331
1584 4331
1586 4331
1603 4331
1606 4331
1634 4331
1662 4331
1686 4331
1704 4331
1707 4331
1768 4331
1777 4331
1779 4331
1780 4331
1785 4331
1839 4331
1866 4331
1878 4331
1884 4331
1887 4331
1917 4331
1935 4331
1939 4331
1995 4331
2059 4331
2074 4331
2077 4331
2085 4331
2100 4331
2135 4331
2136 4331
2221 4331
2236 4331
2241 4331
2260 4331
2265 4331
2311 4331
2324 4331
2331 4331
2333 4331
2344 4331
2358 4331
2367 4331
2377 4331
2393 4331
2411 4331
2412 4331
2431 4331
2443 4331
2462 4331
2475 4331
2476 4331
2477 4331
2496 4331
2506 4331
2529 4331
2557 4331
2572 4331
2576 4331
2615 4331
2619 4331
2623 4331
2626 4331
2638 4331
2646 4331
2659 4331
2678 4331
2684 4331
2704 4331
2715 4331
2720 4331
2776 4331
2794 4331
2822 4331
2825 4331
2826 4331
2851 4331
2861 4331
2867 4331
2875 4331
2881 4331
2883 4331
2897 4331
2899 4331
2921 4331
2966 4331
2977 4331
2999 4331
3015 4331
3052 4331
3056 4331
3090 4331
3098 4331
3113 4331
3121 4331
3143 4331
3149 4331
3160 4331
3184 4331
3192 4331
3212 4331
3215 4331
3225 4331
3235 4331
3248 4331
3307 4331
3337 4331
3346 4331
3369 4331
3388 4331
3398 4331
3403 4331
3458 4331
3485 4331
3494 4331
3499 4331
3525 4331
3574 4331
3633 4331
3635 4331
3642 4331
3705 4331
3708 4331
3728 4331
3733 4331
3749 4331
3753 4331
3767 4331
3773 4331
3777 4331
3862 4331
3866 4331
3871 4331
3900 4331
3926 4331
3937 4331
3942 4331
4008 4331
4056 4331
4077 4331
4079 4331
4099 4331
4109 4331
4133 4331
4177 4331
4187 4331
4203 4331
4210 4331
4266 4331
4274 4331
4279 4331
4299 4331
4331 4332
4331 4355
4331 4358
4331 4370
4331 4392
4331 4401
4331 4422
4331 4518
4331 4526
4331 4531
4331 4566
4331 4585
4331 4605
4331 4636
4331 4735
4331 4757
4331 4762
4331 4836
4331 4862
4331 4906
4331 4922
4331 4931
4331 4933
4331 4942
4331 5025
4331 5027
4331 5041
4331 5043
4331 5048
4331 5058
4331 5061
4331 5082
4331 5093
4331 5109
4331 5121
4331 5138
4331 5167
4331 5219
14 4349
37 4349
48 4349
52 4349
102 4349
103 4349
133 4349
176 4349
187 4349
191 4349
192 4349
208 4349
216 4349
233 4349
244 4349
285 4349
296 4349
318 4349
326 4349
334 4349
357 4349
364 4349
376 4349
394 4349
409 4349
434 4349
436 4349
438 4349
448 4349
464 4349
466 4349
504 4349
506 4349
528 4349
543 4349
555 4349
583 4349
602 4349
623 4349
649 4349
662 4349
686 4349
700 4349
706 4349
723 4349
724 4349
750 4349
751 4349
783 4349
823 4349
833 4349
882 4349
901 4349
943 4349
967 4349
970 4349
986 4349
989 4349
991 4349
1003 4349
1024 4349
1025 4349
1027 4349
1035 4349
1059 4349
1067 4349
1091 4349
1092 4349
1126 4349
1157 4349
1167 4349
1179 4349
1181 4349
1202 4349
1203 4349
1217 4349
1224 4349
1239 4349
1246 4349
1248 4349
1258 4349
1277 4349
1293 4349
1297 4349
1308 4349
1310 4349
1312 4349
1320 4349
1376 4349
1397 4349
1407 4349
1412 4349
1429 4349
1454 4349
1485 4349
1490 4349
1491 4349
1506 4349
1545 4349
1570 4349
1577 4349
1579 4349
1591 4349
1617 4349
1631 4349
1655 4349
1659 4349
1662 4349
1674 4349
1680 4349
1686 4349
1689 4349
1694 4349
1710 4349
1735 4349
1750 4349
1768 4349
1769 4349
1777 4349
1780 4349
1805 4349
1811 4349
1839 4349
1844 4349
1849 4349
1852 4349
1853 4349
1857 4349
1866 4349
1868 4349
1876 4349
1878 4349
1917 4349
1922 4349
1933 4349
1984 4349
1989 4349
1992 4349
2031 4349
2035 4349
2048 4349
2058 4349
2069 4349
2103 4349
2121 4349
2133 4349
2136 4349
2160 4349
2169 4349
2171 4349
2197 4349
2214 4349
2223 4349
2232 4349
2234 4349
2249 4349
2253 4349
2293 4349
2304 4349
2309 4349
2318 4349
2323 4349
2324 4349
2331 4349
2337 4349
2344 4349
2345 4349
2351 4349
2358 4349
2390 4349
2412 4349
2440 4349
2462 4349
2475 4349
2490 4349
2525 4349
2568 4349
2601 4349
2605 4349
2611 4349
2615 4349
2626 4349
2670 4349
2671 4349
2688 4349
2704 4349
2720 4349
2742 4349
2743 4349
2758 4349
2763 4349
2767 4349
2775 4349
2776 4349
2797 4349
2813 4349
2830 4349
2855 4349
2861 4349
2872 4349
2889 4349
2897 4349
2899 4349
2914 4349
2927 4349
2965 4349
2974 4349
2977 4349
2990 4349
3012 4349
3018 4349
3029 4349
3044 4349
3051 4349
3062 4349
3066 4349
3071 4349
3090 4349
3098 4349
3118 4349
3121 4349
3124 4349
3143 4349
3149 4349
3171 4349
3175 4349
3212 4349
3217 4349
3235 4349
3257 4349
3260 4349
3266 4349
3299 4349
3307 4349
3314 4349
3342 4349
3343 4349
3346 4349
3364 4349
3365 4349
3369 4349
3375 4349
3386 4349
3392 4349
3402 4349
3436 4349
3437 4349
3445 4349
3465 4349
3480 4349
3561 4349
3594 4349
3595 4349
3604 4349
3633 4349
3656 4349
3694 4349
3698 4349
3702 4349
3706 4349
3730 4349
3734 4349
3738 4349
3744 4349
3748 4349
3766 4349
3777 4349
3797 4349
3803 4349
3811 4349
3815 4349
3825 4349
3871 4349
3878 4349
3886 4349
3894 4349
3908 4349
3914 4349
3916 4349
3937 4349
3942 4349
3957 4349
3968 4349
3991 4349
4008 4349
4020 4349
4034 4349
4051 4349
4066 4349
4074 4349
4086 4349
4092 4349
4117 4349
4135 4349
4137 4349
4181 4349
4184 4349
4195 4349
4196 4349
4240 4349
4244 4349
4262 4349
4265 4349
4266 4349
4279 4349
4288 4349
4321 4349
4344 4349
4349 4363
4349 4372
4349 4392
4349 4399
4349 4426
4349 4433
4349 4496
4349 4510
4349 4518
4349 4542
4349 4559
4349 4583
4349 4585
4349 4587
4349 4615
4349 4648
4349 4653
4349 4668
4349 4709
4349 4722
4349 4745
4349 4750
4349 4752
4349 4757
4349 4770
4349 4801
4349 4816
4349 4825
4349 4845
4349 4848
4349 4862
4349 4873
4349 4906
4349 4926
4349 4927
4349 4931
4349 4933
4349 4940
4349 4941
4349 4944
4349 4962
4349 4965
4349 4980
4349 5007
4349 5043
4349 5048
4349 5058
4349 5065
4349 5088
4349 5091
4349 5111
4349 5138
4349 5144
4349 5204
4349 5228
4349 5240
9 4356
191 4356
235 4356
244 4356
464 4356
662 4356
750 4356
970 4356
1167 4356
1412 4356
1501 4356
1522 4356
1768 4356
1803 4356
1805 4356
1806 4356
1839 4356
2253 4356
2318 4356
2344 4356
2345 4356
2615 4356
2684 4356
2987 4356
3013 4356
3052 4356
3303 4356
3317 4356
3343 4356
3529 4356
3738 4356
3832 4356
3907 4356
3942 4356
3968 4356
3991 4356
4054 4356
4086 4356
4183 4356
4356 4567
4356 4585
4356 4739
4356 4757
4356 4862
4356 4906
4356 5007
4356 5029
4356 5043
4356 5048
4356 5234
790 4366
1268 4366
2559 4366
2 216
85 216
216 705
216 743
216 772
216 805
216 827
216 978
216 990
216 1114
216 1129
216 1162
216 1248
216 1924
216 1957
216 2153
216 2469
216 2581
216 2655
216 2743
216 2773
216 2988
216 3107
216 3541
216 3548
216 3558
216 3742
216 3950
216 3960
216 4023
216 4095
216 4238
216 4409
216 4452
216 4521
216 4976
216 5192
3 5121
268 5121
1652 5121
2112 5121
2728 5121
2893 5121
3049 5121
3072 5121
3641 5121
5121 5198
4 1078
4 1202
4 1805
4 3235
4 3603
4 4980
77 1078
78 1078
202 1078
264 1078
269 1078
291 1078
300 1078
449 1078
532 1078
560 1078
563 1078
584 1078
629 1078
682 1078
719 1078
754 1078
792 1078
837 1078
874 1078
1028 1078
1044 1078
1072 1078
1078 1104
1078 1155
1078 1187
1078 1197
1078 1254
1078 1344
1078 1369
1078 1435
1078 1458
1078 1569
1078 1610
1078 1695
1078 1744
1078 1808
1078 2003
1078 2061
1078 2071
1078 2176
1078 2301
1078 2303
1078 2459
1078 2627
1078 2676
1078 2727
1078 2765
1078 2813
1078 2876
1078 2879
1078 2975
1078 3125
1078 3194
1078 3199
1078 3330
1078 3349
1078 3353
1078 3404
1078 3422
1078 3443
1078 3482
1078 3491
1078 3552
1078 3601
1078 3628
1078 3695
1078 3842
1078 3847
1078 3870
1078 3882
1078 3888
1078 3918
1078 3952
1078 3983
1078 4096
1078 4155
1078 4156
1078 4161
1078 4185
1078 4229
1078 4248
1078 4333
1078 4492
1078 4501
1078 4541
1078 4590
1078 4666
1078 4732
1078 4744
1078 4765
1078 4959
1078 4961
1078 5185
1078 5229
39 1202
112 1202
130 1202
177 1202
235 1202
622 1202
929 1202
1202 1244
1202 1245
1202 1438
1202 1470
1202 1473
1202 1486
1202 1517
1202 1542
1202 1622
1202 1833
1202 2060
1202 2090
1202 2110
1202 2127
1202 2134
1202 2147
1202 2184
1202 2263
1202 2283
1202 2352
1202 2446
1202 2531
1202 2552
1202 2564
1202 2578
1202 2609
1202 2653
1202 2729
1202 2771
1202 3055
1202 3096
1202 3131
1202 3199
1202 3234
1202 3611
1202 3669
1202 3710
1202 3768
1202 3849
1202 3877
1202 3906
1202 3975
1202 4252
1202 4335
1202 4610
1202 4919
1202 4946
1202 5054
1202 5178
76 1805
119 1805
276 1805
566 1805
842 1805
1044 1805
1214 1805
1374 1805
1482 1805
1805 1870
1805 2043
1805 2175
1805 2414
1805 2498
1805 2658
1805 2914
1805 3032
1805 3123
1805 3211
1805 3386
1805 3581
1805 3611
1805 3620
1805 3687
1805 3717
1805 3798
1805 3831
1805 4224
1805 4838
1805 4885
1805 4997
72 3235
431 3235
651 3235
850 3235
915 3235
1709 3235
1890 3235
2005 3235
2263 3235
2602 3235
2696 3235
3106 3235
3235 3271
3235 3388
3235 3675
3235 3960
3235 4317
3235 4415
3235 4444
3235 5032
3235 5110
21 3603
32 3603
50 3603
66 3603
109 3603
161 3603
188 3603
189 3603
229 3603
337 3603
475 3603
509 3603
550 3603
574 3603
669 3603
680 3603
766 3603
779 3603
797 3603
882 3603
947 3603
960 3603
1015 3603
1084 3603
1195 3603
1218 3603
1243 3603
1244 3603
1245 3603
1328 3603
1383 3603
1391 3603
1410 3603
1439 3603
1474 3603
1512 3603
1627 3603
1675 3603
1692 3603
1726 3603
1728 3603
1784 3603
1823 3603
1916 3603
1940 3603
2023 3603
2056 3603
2080 3603
2142 3603
2402 3603
2428 3603
2464 3603
2564 3603
2574 3603
2582 3603
2684 3603
2702 3603
2786 3603
2791 3603
2811 3603
2850 3603
2896 3603
2914 3603
2954 3603
2961 3603
2962 3603
2980 3603
2986 3603
3000 3603
3006 3603
3015 3603
3047 3603
3064 3603
3073 3603
3089 3603
3220 3603
3244 3603
3280 3603
3301 3603
3322 3603
3386 3603
3391 3603
3411 3603
3541 3603
3585 3603
3603 3714
3603 3883
3603 3885
3603 3951
3603 3982
3603 4108
3603 4119
3603 4142
3603 4192
3603 4214
3603 4244
3603 4363
3603 4399
3603 4472
3603 4479
3603 4489
3603 4593
3603 4629
3603 4635
3603 4784
3603 4810
3603 4863
3603 4872
3603 4882
3603 4915
3603 4985
3603 4987
3603 4994
3603 5054
3603 5124
3603 5142
3603 5214
3603 5246
160 4980
575 4980
587 4980
780 4980
1110 4980
1441 4980
1658 4980
1926 4980
2291 4980
2344 4980
2396 4980
2422 4980
2453 4980
2491 4980
2530 4980
2553 4980
2620 4980
2914 4980
3062 4980
3167 4980
3503 4980
3792 4980
4100 4980
4726 4980
4759 4980
4767 4980
4980 5089
4980 5164
5 9
9 70
9 149
9 292
9 410
9 428
9 580
9 676
9 715
9 784
9 810
9 828
9 863
9 867
9 920
9 958
9 960
9 983
9 999
9 1009
9 1065
9 1085
9 1089
9 1125
9 1140
9 1142
9 1264
9 1283
9 1396
9 1480
9 1506
9 1523
9 1580
9 1592
9 1648
9 2022
9 2122
9 2157
9 2164
9 2209
9 2216
9 2229
9 2242
9 2302
9 2330
9 2371
9 2452
9 2622
9 2800
9 2844
9 3080
9 3112
9 3208
9 3216
9 3412
9 3433
9 3493
9 3507
9 3514
9 3582
9 3599
9 3762
9 3817
9 3829
9 3906
9 3953
9 3984
9 4123
9 4129
9 4191
9 4305
9 4311
9 4351
9 4389
9 4432
9 4497
9 4607
9 4723
9 4760
9 4782
9 4824
9 4972
9 5026
9 5063
9 5084
9 5187
9 5188
6 4073
906 4073
927 4073
1644 4073
1770 4073
1784 4073
2127 4073
2600 4073
3131 4073
3415 4073
3644 4073
4073 4095
4073 4957
4073 5244
7 446
7 1583
7 2335
7 3960
7 4015
7 4216
7 4613
45 3960
64 3960
117 3960
144 3960
182 3960
244 3960
329 3960
353 3960
376 3960
409 3960
434 3960
438 3960
505 3960
543 3960
555 3960
588 3960
630 3960
662 3960
700 3960
721 3960
774 3960
787 3960
813 3960
860 3960
869 3960
876 3960
892 3960
922 3960
951 3960
970 3960
976 3960
994 3960
1025 3960
1054 3960
1067 3960
1121 3960
1133 3960
1280 3960
1293 3960
1412 3960
1506 3960
1584 3960
1589 3960
1668 3960
1697 3960
1704 3960
1717 3960
1750 3960
1768 3960
1777 3960
1780 3960
1839 3960
1861 3960
1866 3960
1884 3960
2240 3960
2249 3960
2324 3960
2339 3960
2358 3960
2412 3960
2462 3960
2587 3960
2631 3960
2671 3960
2704 3960
2753 3960
2792 3960
2793 3960
2861 3960
2888 3960
2914 3960
2927 3960
3059 3960
3062 3960
3090 3960
3098 3960
3173 3960
3212 3960
3315 3960
3434 3960
3516 3960
3562 3960
3580 3960
3585 3960
3633 3960
3655 3960
3678 3960
3679 3960
3771 3960
3777 3960
3784 3960
3811 3960
3866 3960
3871 3960
3937 3960
3942 3960
3949 3960
3960 3991
3960 4041
3960 4046
3960 4051
3960 4070
3960 4099
3960 4131
3960 4163
3960 4192
3960 4453
3960 4465
3960 4518
3960 4552
3960 4560
3960 4585
3960 4588
3960 4597
3960 4631
3960 4661
3960 4690
3960 4747
3960 4762
3960 4834
3960 4845
3960 4862
3960 4884
3960 4906
3960 4925
3960 4933
3960 5043
3960 5101
3960 5167
3960 5175
3960 5236
8 2769
2346 2769
2769 5130
149 404
149 796
149 841
149 1084
149 1848
149 1891
149 3399
149 3597
149 4067
132 410
137 1506
1430 1506
1506 3799
1592 4350
1592 5088
2229 3346
1305 3493
1349 3507
623 3906
3906 4399
10 1350
360 1350
865 1350
1268 1350
1350 1888
1350 2203
1350 2404
1350 2420
1350 2427
1350 2629
1350 4033
1350 4763
1350 4764
11 3815
20 3815
32 3815
54 3815
57 3815
69 3815
129 3815
159 3815
165 3815
184 3815
189 3815
190 3815
213 3815
219 3815
226 3815
235 3815
243 3815
245 3815
246 3815
280 3815
302 3815
323 3815
356 3815
359 3815
383 3815
389 3815
443 3815
455 3815
467 3815
475 3815
486 3815
509 3815
526 3815
546 3815
554 3815
607 3815
669 3815
742 3815
755 3815
766 3815
777 3815
785 3815
800 3815
811 3815
829 3815
862 3815
875 3815
902 3815
914 3815
956 3815
978 3815
981 3815
985 3815
1058 3815
1064 3815
1124 3815
1147 3815
1218 3815
1219 3815
1229 3815
1232 3815
1244 3815
1245 3815
1267 3815
1275 3815
1286 3815
1313 3815
1316 3815
1349 3815
1359 3815
1383 3815
1391 3815
1486 3815
1487 3815
1545 3815
1595 3815
1596 3815
1598 3815
1608 3815
1622 3815
1633 3815
1649 3815
1656 3815
1670 3815
1675 3815
1689 3815
1690 3815
1695 3815
1729 3815
1772 3815
1784 3815
1786 3815
1836 3815
1886 3815
1891 3815
1913 3815
1973 3815
1977 3815
1987 3815
2023 3815
2041 3815
2043 3815
2054 3815
2078 3815
2097 3815
2116 3815
2117 3815
2128 3815
2170 3815
2183 3815
2200 3815
2226 3815
2275 3815
2320 3815
2337 3815
2428 3815
2478 3815
2485 3815
2502 3815
2509 3815
2514 3815
2525 3815
2549 3815
2574 3815
2635 3815
2655 3815
2663 3815
2684 3815
2703 3815
2716 3815
2731 3815
2764 3815
2771 3815
2773 3815
2819 3815
2823 3815
2849 3815
2850 3815
2880 3815
2896 3815
2928 3815
2944 3815
2948 3815
2956 3815
2961 3815
2962 3815
3006 3815
3030 3815
3032 3815
3132 3815
3145 3815
3172 3815
3267 3815
3294 3815
3301 3815
3321 3815
3336 3815
3386 3815
3391 3815
3417 3815
3432 3815
3449 3815
3512 3815
3533 3815
3554 3815
3557 3815
3569 3815
3579 3815
3643 3815
3739 3815
3758 3815
3776 3815
3787 3815
3788 3815
3815 3821
3815 3837
3815 3861
3815 3905
3815 3923
3815 3927
3815 4016
3815 4035
3815 4044
3815 4052
3815 4095
3815 4119
3815 4138
3815 4139
3815 4154
3815 4192
3815 4215
3815 4231
3815 4247
3815 4254
3815 4302
3815 4321
3815 4326
3815 4335
3815 4363
3815 4368
3815 4382
3815 4385
3815 4411
3815 4431
3815 4434
3815 4445
3815 4462
3815 4472
3815 4473
3815 4493
3815 4496
3815 4519
3815 4564
3815 4577
3815 4629
3815 4693
3815 4736
3815 4741
3815 4796
3815 4810
3815 4812
3815 4817
3815 4855
3815 4863
3815 4875
3815 4891
3815 4899
3815 4903
3815 4911
3815 4919
3815 4941
3815 4947
3815 4950
3815 4973
3815 4975
3815 4983
3815 4984
3815 4987
3815 4989
3815 5017
3815 5056
3815 5059
3815 5074
3815 5076
3815 5108
3815 5119
3815 5128
3815 5137
3815 5213
3815 5237
12 235
12 2344
27 235
235 659
235 702
235 821
235 1314
235 1689
235 1914
235 2210
235 2531
235 2870
235 3042
235 3101
235 3456
235 3541
235 3928
235 4399
235 4657
235 4709
45 2344
252 2344
449 2344
491 2344
509 2344
701 2344
711 2344
728 2344
846 2344
1322 2344
1329 2344
1545 2344
1549 2344
1683 2344
1784 2344
1845 2344
1914 2344
1925 2344
1955 2344
1999 2344
2005 2344
2024 2344
2060 2344
2134 2344
2210 2344
2226 2344
2240 2344
2344 2425
2344 2503
2344 2621
2344 2639
2344 2684
2344 2716
2344 2726
2344 2864
2344 2872
2344 3123
2344 3218
2344 3329
2344 3386
2344 3388
2344 3506
2344 3541
2344 3640
2344 3849
2344 3880
2344 3894
2344 4014
2344 4095
2344 4107
2344 4188
2344 4283
2344 4399
2344 4461
2344 4659
2344 4671
2344 4696
2344 4777
2344 4937
2344 5056
2344 5199
13 2701
2701 3352
15 1456
1456 2024
1456 2767
1456 3506
16 2559
16 4626
2559 2565
2559 2628
2559 3914
2559 4949
99 4626
547 4626
679 4626
757 4626
1130 4626
1755 4626
2719 4626
3463 4626
4626 4724
4626 4913
4626 5077
17 2035
368 2035
2033 2035
2035 2082
18 3653
41 3653
91 3653
114 3653
118 3653
135 3653
140 3653
212 3653
275 3653
321 3653
480 3653
657 3653
763 3653
838 3653
957 3653
969 3653
973 3653
1100 3653
1103 3653
1193 3653
1194 3653
1231 3653
1414 3653
1467 3653
1508 3653
1568 3653
1629 3653
1630 3653
1700 3653
1748 3653
1824 3653
1956 3653
1975 3653
2037 3653
2072 3653
2182 3653
2558 3653
2652 3653
2679 3653
2981 3653
3134 3653
3228 3653
3290 3653
3296 3653
3300 3653
3308 3653
3309 3653
3310 3653
3492 3653
3566 3653
3611 3653
3612 3653
3653 3717
3653 3725
3653 3741
3653 3752
3653 3802
3653 3814
3653 3824
3653 3972
3653 4160
3653 4263
3653 4267
3653 4286
3653 4300
3653 4728
3653 4729
3653 4781
3653 4894
3653 4936
3653 4971
3653 4982
3653 5069
3653 5245
3653 5248
19 2462
47 2462
79 2462
101 2462
214 2462
317 2462
390 2462
402 2462
488 2462
497 2462
531 2462
542 2462
585 2462
656 2462
725 2462
752 2462
826 2462
904 2462
921 2462
930 2462
1018 2462
1071 2462
1123 2462
1135 2462
1169 2462
1171 2462
1188 2462
1227 2462
1244 2462
1259 2462
1269 2462
1285 2462
1307 2462
1361 2462
1380 2462
1381 2462
1432 2462
1477 2462
1540 2462
1563 2462
1613 2462
1623 2462
1665 2462
1673 2462
1679 2462
1717 2462
1736 2462
1782 2462
1819 2462
1863 2462
1927 2462
1958 2462
1985 2462
2010 2462
2143 2462
2182 2462
2235 2462
2305 2462
2357 2462
2372 2462
2373 2462
2462 2566
2462 2606
2462 2616
2462 2709
2462 2777
2462 2782
2462 2796
2462 2805
2462 2811
2462 2904
2462 2994
2462 3016
2462 3119
2462 3199
2462 3218
2462 3222
2462 3448
2462 3475
2462 3477
2462 3479
2462 3517
2462 3553
2462 3651
2462 3707
2462 3722
2462 3876
2462 3891
2462 3940
2462 3956
2462 4117
2462 4197
2462 4273
2462 4277
2462 4339
2462 4345
2462 4359
2462 4390
2462 4482
2462 4483
2462 4561
2462 4569
2462 4670
2462 4694
2462 4803
2462 4986
2462 5012
2462 5118
20 2684
20 2720
49 2684
115 2684
185 2684
190 2684
248 2684
298 2684
299 2684
333 2684
360 2684
389 2684
414 2684
517 2684
522 2684
577 2684
642 2684
674 2684
766 2684
849 2684
978 2684
1004 2684
1176 2684
1242 2684
1245 2684
1275 2684
1338 2684
1400 2684
1421 2684
1430 2684
1621 2684
1695 2684
1771 2684
1775 2684
1856 2684
1890 2684
1988 2684
2005 2684
2075 2684
2132 2684
2183 2684
2226 2684
2285 2684
2317 2684
2337 2684
2445 2684
2470 2684
2480 2684
2543 2684
2547 2684
2600 2684
2621 2684
2663 2684
2684 2726
2684 2772
2684 2790
2684 2818
2684 2820
2684 2824
2684 2871
2684 2957
2684 2978
2684 2998
2684 3070
2684 3108
2684 3114
2684 3165
2684 3173
2684 3247
2684 3274
2684 3386
2684 3417
2684 3449
2684 3506
2684 3516
2684 3546
2684 3579
2684 3710
2684 3732
2684 3846
2684 3880
2684 3924
2684 4117
2684 4159
2684 4224
2684 4292
2684 4348
2684 4442
2684 4506
2684 4616
2684 4681
2684 4690
2684 4705
2684 4818
2684 4838
2684 4879
2684 4885
2684 4975
2684 5035
2684 5056
2684 5088
2684 5119
2684 5199
72 2720
86 2720
116 2720
684 2720
845 2720
978 2720
1244 2720
1248 2720
1326 2720
1907 2720
1977 2720
2337 2720
2497 2720
2720 2914
2720 3155
2720 3265
2720 3506
2720 3644
2720 4278
2720 4350
2720 4741
2720 4885
2720 5023
2720 5173
2720 5193
22 4532
1990 4532
23 3767
26 3767
86 3767
88 3767
139 3767
236 3767
251 3767
305 3767
306 3767
313 3767
332 3767
426 3767
439 3767
478 3767
565 3767
618 3767
619 3767
620 3767
635 3767
712 3767
727 3767
881 3767
939 3767
946 3767
954 3767
971 3767
972 3767
980 3767
1005 3767
1073 3767
1083 3767
1102 3767
1172 3767
1273 3767
1290 3767
1299 3767
1330 3767
1335 3767
1336 3767
1337 3767
1392 3767
1399 3767
1415 3767
1418 3767
1445 3767
1468 3767
1481 3767
1519 3767
1533 3767
1566 3767
1669 3767
1715 3767
1716 3767
1762 3767
1798 3767
1820 3767
1859 3767
1883 3767
1885 3767
1894 3767
1899 3767
1942 3767
1970 3767
1981 3767
1983 3767
2002 3767
2042 3767
2050 3767
2130 3767
2187 3767
2246 3767
2254 3767
2270 3767
2292 3767
2432 3767
2451 3767
2483 3767
2494 3767
2507 3767
2528 3767
2537 3767
2555 3767
2562 3767
2563 3767
2595 3767
2596 3767
2714 3767
2715 3767
2749 3767
2751 3767
2856 3767
2894 3767
2932 3767
2934 3767
2972 3767
3011 3767
3040 3767
3099 3767
3102 3767
3243 3767
3269 3767
3283 3767
3344 3767
3359 3767
3360 3767
3409 3767
3473 3767
3478 3767
3490 3767
3497 3767
3500 3767
3614 3767
3654 3767
3661 3767
3674 3767
3704 3767
3737 3767
3764 3767
3765 3767
3767 3775
3767 3791
3767 3835
3767 3879
3767 3963
3767 4022
3767 4031
3767 4080
3767 4093
3767 4121
3767 4126
3767 4146
3767 4190
3767 4200
3767 4253
3767 4293
3767 4361
3767 4377
3767 4417
3767 4470
3767 4474
3767 4485
3767 4549
3767 4574
3767 4609
3767 4715
3767 4716
3767 4797
3767 4811
3767 4819
3767 4829
3767 4842
3767 4854
3767 4889
3767 4945
3767 5006
3767 5014
3767 5019
3767 5038
3767 5045
3767 5132
3767 5134
3767 5148
3767 5190
3767 5203
24 750
750 803
750 1017
750 2210
750 2430
750 4268
750 4347
750 5169
25 4001
28 4001
224 4001
335 4001
362 4001
382 4001
464 4001
488 4001
495 4001
502 4001
516 4001
609 4001
613 4001
693 4001
704 4001
717 4001
741 4001
756 4001
758 4001
761 4001
762 4001
791 4001
994 4001
1048 4001
1157 4001
1242 4001
1377 4001
1499 4001
1540 4001
1625 4001
1642 4001
1898 4001
1920 4001
1929 4001
2083 4001
2182 4001
2235 4001
2266 4001
2460 4001
2536 4001
2553 4001
2614 4001
2737 4001
2738 4001
2739 4001
2761 4001
2839 4001
2910 4001
2914 4001
2942 4001
3004 4001
3009 4001
3016 4001
3041 4001
3082 4001
3151 4001
3154 4001
3350 4001
3467 4001
3544 4001
3567 4001
3605 4001
3660 4001
3717 4001
3903 4001
3964 4001
4001 4145
4001 4149
4001 4243
4001 4277
4001 4368
4001 4436
4001 4572
4001 4619
4001 4808
4001 4843
4001 4906
4001 5016
4001 5150
27 1305
63 1305
75 1305
143 1305
190 1305
201 1305
223 1305
242 1305
462 1305
474 1305
495 1305
501 1305
562 1305
566 1305
752 1305
770 1305
899 1305
936 1305
992 1305
1031 1305
1047 1305
1063 1305
1153 1305
1161 1305
1191 1305
1305 1384
1305 1423
1305 1453
1305 1473
1305 1654
1305 1660
1305 1816
1305 1870
1305 1990
1305 2165
1305 2219
1305 2525
1305 2621
1305 2901
1305 2923
1305 2989
1305 3114
1305 3142
1305 3292
1305 3346
1305 3441
1305 3453
1305 3506
1305 3585
1305 3596
1305 3708
1305 3780
1305 3830
1305 3868
1305 3894
1305 3994
1305 4100
1305 4116
1305 4150
1305 4162
1305 4209
1305 4317
1305 4462
1305 4633
1305 4698
1305 4700
1305 4874
1305 4978
1305 5008
28 760
29 1412
36 1412
53 1412
128 1412
290 1412
309 1412
381 1412
398 1412
482 1412
600 1412
639 1412
804 1412
806 1412
933 1412
1011 1412
1130 1412
1216 1412
1412 1554
1412 1597
1412 1796
1412 2120
1412 2282
1412 2313
1412 2334
1412 2381
1412 2457
1412 2511
1412 2809
1412 2931
1412 3298
1412 3318
1412 3394
1412 3428
1412 3519
1412 3663
1412 3696
1412 3976
1412 3998
1412 4081
1412 4115
1412 4151
1412 4365
1412 4469
1412 4530
1412 4584
1412 4718
1412 4839
1412 5002
1412 5083
1412 5149
1412 5217
30 2479
557 2479
571 2479
1607 2479
1612 2479
1867 2479
1871 2479
2163 2479
2479 2504
2479 2650
2479 2675
2479 2884
2479 3043
2479 3086
2479 3841
2479 4006
2479 4427
2479 4685
2479 4784
2479 4878
2479 4886
2479 4970
2479 5050
31 5235
282 5235
749 5235
1016 5235
1094 5235
3196 5235
3577 5235
3920 5235
4294 5235
33 4906
98 4906
163 4906
166 4906
237 4906
248 4906
283 4906
415 4906
435 4906
449 4906
454 4906
460 4906
518 4906
586 4906
703 4906
938 4906
977 4906
994 4906
1071 4906
1161 4906
1387 4906
1404 4906
1431 4906
1500 4906
1540 4906
1650 4906
1676 4906
1722 4906
2079 4906
2095 4906
2211 4906
2321 4906
2369 4906
2468 4906
2549 4906
2707 4906
2710 4906
2734 4906
2759 4906
2848 4906
3240 4906
3324 4906
3335 4906
3521 4906
3611 4906
3622 4906
3683 4906
3701 4906
3740 4906
3783 4906
3874 4906
3935 4906
3951 4906
3961 4906
3996 4906
4027 4906
4047 4906
4170 4906
4250 4906
4352 4906
4384 4906
4565 4906
4606 4906
4627 4906
4680 4906
4757 4906
4786 4906
4897 4906
4906 4910
4906 5055
4906 5092
4906 5113
4906 5179
4906 5232
34 3627
1155 3627
35 3454
58 3454
67 3454
272 3454
473 3454
647 3454
685 3454
832 3454
868 3454
1042 3454
1106 3454
1144 3454
1237 3454
1370 3454
1382 3454
1426 3454
1594 3454
1847 3454
2028 3454
2063 3454
2089 3454
2113 3454
2272 3454
2458 3454
2592 3454
2594 3454
2604 3454
2752 3454
2842 3454
3178 3454
3355 3454
3454 3606
3454 3857
3454 4380
3454 4527
3454 4660
3454 4664
3454 4923
3454 5044
3454 5125
37 168
37 537
37 549
37 819
37 2154
37 4595
37 4773
38 464
38 3340
464 776
464 1026
464 2422
464 4235
464 4451
42 349
60 349
93 349
97 349
104 349
113 349
122 349
126 349
127 349
136 349
171 349
173 349
181 349
211 349
215 349
234 349
266 349
277 349
288 349
304 349
310 349
311 349
349 351
349 354
349 358
349 361
349 367
349 373
349 375
349 384
349 391
349 403
349 422
349 437
349 444
349 469
349 477
349 492
349 515
349 525
349 545
349 553
349 556
349 589
349 661
349 664
349 670
349 672
349 690
349 733
349 746
349 799
349 807
349 812
349 830
349 839
349 844
349 853
349 864
349 872
349 880
349 888
349 893
349 895
349 897
349 913
349 926
349 928
349 931
349 963
349 982
349 997
349 1034
349 1040
349 1061
349 1082
349 1095
349 1109
349 1115
349 1118
349 1128
349 1134
349 1139
349 1151
349 1177
349 1183
349 1190
349 1200
349 1205
349 1210
349 1221
349 1234
349 1240
349 1241
349 1257
349 1260
349 1300
349 1319
349 1343
349 1347
349 1353
349 1363
349 1394
349 1405
349 1420
349 1422
349 1440
349 1449
349 1460
349 1462
349 1471
349 1502
349 1513
349 1516
349 1524
349 1527
349 1528
349 1531
349 1534
349 1536
349 1548
349 1553
349 1604
349 1616
349 1639
349 1671
349 1677
349 1711
349 1732
349 1733
349 1742
349 1790
349 1801
349 1826
349 1827
349 1860
349 1960
349 1969
349 1976
349 1978
349 2000
349 2009
349 2018
349 2026
349 2030
349 2046
349 2101
349 2106
349 2114
349 2124
349 2126
349 2172
349 2202
349 2231
349 2257
349 2258
349 2273
349 2284
349 2347
349 2364
349 2376
349 2437
349 2466
349 2481
349 2489
349 2499
349 2505
349 2513
349 2524
349 2540
349 2545
349 2575
349 2577
349 2593
349 2599
349 2662
349 2683
349 2694
349 2699
349 2730
349 2744
349 2787
349 2798
349 2806
349 2810
349 2828
349 2835
349 2847
349 2890
349 2905
349 2916
349 2937
349 2939
349 2940
349 2947
349 2952
349 2958
349 3002
349 3057
349 3078
349 3083
349 3094
349 3103
349 3115
349 3127
349 3130
349 3148
349 3158
349 3162
349 3163
349 3168
349 3189
349 3229
349 3250
349 3258
349 3279
349 3281
349 3286
349 3319
349 3332
349 3361
349 3381
349 3387
349 3393
349 3395
349 3426
349 3427
349 3469
349 3471
349 3510
349 3524
349 3540
349 3576
349 3589
349 3591
349 3593
349 3639
349 3652
349 3657
349 3662
349 3676
349 3685
349 3691
349 3692
349 3716
349 3763
349 3794
349 3801
349 3873
349 3896
349 3919
349 3925
349 3933
349 3959
349 3980
349 3992
349 3997
349 4039
349 4075
349 4097
349 4101
349 4110
349 4122
349 4124
349 4173
349 4178
349 4220
349 4246
349 4256
349 4261
349 4303
349 4319
349 4328
349 4330
349 4362
349 4375
349 4387
349 4391
349 4404
349 4405
349 4406
349 4428
349 4456
349 4468
349 4495
349 4500
349 4514
349 4523
349 4540
349 4543
349 4544
349 4556
349 4558
349 4570
349 4578
349 4591
349 4592
349 4598
349 4643
349 4651
349 4658
349 4663
349 4675
349 4704
349 4706
349 4711
349 4751
349 4790
349 4827
349 4832
349 4869
349 4892
349 4893
349 4904
349 4914
349 4930
349 4943
349 4963
349 4988
349 5030
349 5036
349 5039
349 5049
349 5051
349 5075
349 5097
349 5123
349 5154
349 5168
349 5180
43 3049
157 3049
287 3049
456 3049
634 3049
1052 3049
1088 3049
1257 3049
1309 3049
1389 3049
1936 3049
2237 3049
2247 3049
3049 3135
3049 3146
3049 3304
3049 3357
3049 3466
3049 3634
3049 3910
3049 4348
3049 4381
3049 4490
3049 4551
3049 4622
3049 4731
3049 4771
3049 4996
3049 5129
3049 5152
44 353
353 577
353 1274
353 2210
353 2969
353 3200
46 566
80 566
119 566
204 566
286 566
389 566
535 566
566 579
566 604
566 678
566 821
566 862
566 910
566 929
566 961
566 1013
566 1080
566 1143
566 1152
566 1162
566 1230
566 1401
566 1443
566 1521
566 1542
566 1545
566 1578
566 1641
566 1726
566 1781
566 1944
566 2012
566 2045
566 2060
566 2116
566 2123
566 2251
566 2264
566 2279
566 2290
566 2368
566 2386
566 2424
566 2517
566 2612
566 2621
566 2712
566 2716
566 2771
566 2814
566 2832
566 2853
566 2878
566 2938
566 2983
566 3063
566 3153
566 3199
566 3292
566 3339
566 3383
566 3541
566 3636
566 3693
566 3708
566 3833
566 3897
566 4057
566 4091
566 4107
566 4141
566 4232
566 4251
566 4272
566 4321
566 4386
566 4441
566 4506
566 4573
566 4805
566 4813
566 4888
566 4992
566 5013
566 5028
566 5035
566 5144
566 5147
566 5170
566 5181
566 5196
51 4400
55 5219
170 5219
180 5219
330 5219
377 5219
400 5219
456 5219
470 5219
513 5219
569 5219
675 5219
722 5219
832 5219
923 5219
940 5219
975 5219
1055 5219
1158 5219
1235 5219
1292 5219
1295 5219
1341 5219
1378 5219
1479 5219
1532 5219
1730 5219
1828 5219
1874 5219
1934 5219
2013 5219
2129 5219
2150 5219
2162 5219
2173 5219
2198 5219
2269 5219
2288 5219
2314 5219
2387 5219
2667 5219
2695 5219
2854 5219
2926 5219
3023 5219
3105 5219
3183 5219
3207 5219
3275 5219
3277 5219
3408 5219
3515 5219
3550 5219
3614 5219
3684 5219
3718 5219
3823 5219
3893 5219
3966 5219
4060 5219
4105 5219
4118 5219
4165 5219
4236 5219
4395 5219
4481 5219
4639 5219
4652 5219
4779 5219
4860 5219
4921 5219
5052 5219
5079 5219
5105 5219
5211 5219
56 1702
174 1702
487 1702
581 1702
840 1702
924 1702
1093 1702
1127 1702
1233 1702
1306 1702
1317 1702
1614 1702
1702 1900
1702 1901
1702 1997
1702 2015
1702 2119
1702 2192
1702 2244
1702 2567
1702 2579
1702 2657
1702 2681
1702 2711
1702 2885
1702 2963
1702 3068
1702 3116
1702 3671
1702 3845
1702 4042
1702 4072
1702 4270
1702 4306
1702 4397
1702 4437
1702 4460
1702 4463
1702 5207
1702 5239
59 3274
677 3274
1504 3274
1699 3274
2857 3274
3274 3539
3274 3672
3274 4007
3274 4045
3274 4487
3274 4656
3274 5040
61 1101
61 4176
822 1101
1101 1737
1101 2168
1101 2843
1101 3238
1101 3306
1101 3715
1101 3990
1101 4002
1101 4269
1101 4737
1101 5031
650 4176
1776 4176
2156 4176
2795 4176
3253 4176
3295 4176
4176 4252
4176 4512
4176 4831
4176 4853
4176 4881
62 3406
85 3406
200 3406
338 3406
616 3406
1245 3406
1413 3406
2044 3406
2182 3406
2312 3406
2438 3406
2512 3406
2617 3406
2630 3406
2708 3406
3272 3406
3406 3549
3406 3618
3406 3746
3406 4019
3406 4036
3406 4379
3406 4419
3406 4522
3406 4608
64 143
64 204
64 416
64 1438
64 3003
64 3312
64 4727
177 204
204 239
204 297
204 310
204 1281
204 1706
204 1770
204 3280
204 4052
204 5195
204 5244
204 5248
102 1438
1400 1438
1438 1721
1438 1897
1438 3648
1438 4693
1438 4834
65 1465
106 1465
141 1465
145 1465
925 1465
1323 1465
1465 1699
1465 1795
1465 2700
1465 2868
1465 3808
1465 3947
1465 4791
1465 5139
68 183
100 183
183 485
183 530
183 578
183 655
183 748
183 847
183 898
183 1136
183 1375
183 1494
183 1535
183 1555
183 1562
183 1575
183 1640
183 1647
183 1666
183 1741
183 1760
183 1895
183 1952
183 1982
183 2051
183 2096
183 2166
183 2167
183 2178
183 2218
183 2326
183 2385
183 2394
183 2409
183 2449
183 2649
183 2713
183 2715
183 2748
183 2917
183 2925
183 3026
183 3039
183 3050
183 3079
183 3092
183 3179
183 3201
183 3239
183 3288
183 3338
183 3407
183 3459
183 3563
183 3573
183 3614
183 3709
183 3895
183 3995
183 4060
183 4076
183 4103
183 4263
183 4322
183 4388
183 4439
183 4547
183 4603
183 4638
183 4666
183 4713
183 4924
183 5104
183 5158
183 5223
183 5225
71 5093
73 592
314 592
592 1379
592 2123
592 2896
592 2965
592 4257
592 4343
592 5213
74 2400
1599 2400
2341 2400
2400 5037
78 724
407 724
567 724
724 781
724 942
724 1551
724 2571
724 3173
724 3827
724 3967
724 4083
724 4896
81 3866
348 3866
397 3866
498 3866
508 3866
644 3866
738 3866
891 3866
964 3866
1022 3866
1043 3866
1105 3866
1116 3866
1154 3866
1503 3866
1567 3866
1601 3866
1628 3866
1931 3866
2081 3866
2092 3866
2108 3866
2448 3866
2618 3866
2669 3866
2774 3866
2915 3866
2945 3866
3065 3866
3144 3866
3568 3866
3615 3866
3617 3866
3727 3866
3826 3866
3840 3866
3866 3904
3866 4113
3866 4134
3866 4193
3866 4222
3866 4237
3866 4242
3866 4301
3866 4309
3866 4440
3866 4443
3866 4507
3866 4520
3866 4525
3866 4586
3866 4644
3866 4691
3866 4743
3866 4746
3866 4788
3866 4846
3866 4866
3866 4895
3866 4902
3866 4938
3866 5060
3866 5064
3866 5087
3866 5102
3866 5115
83 790
83 3804
108 790
111 790
249 790
290 790
325 790
399 790
476 790
479 790
666 790
790 859
790 1032
790 1033
790 1051
790 1056
790 1130
790 1185
790 1203
790 1457
790 1495
790 1514
790 1571
790 1632
790 1789
790 1971
790 2109
790 2308
790 2328
790 2388
790 2457
790 2535
790 2642
790 2651
790 2690
790 2719
790 2757
790 2802
790 2834
790 2841
790 2859
790 2907
790 3181
790 3233
790 3241
790 3438
790 3677
790 3686
790 3751
790 3881
790 4003
790 4017
790 4078
790 4271
790 4459
790 4477
790 4600
790 4667
790 4721
790 4724
790 4905
790 5066
790 5080
790 5094
790 5191
274 3804
387 3804
1284 3804
1537 3804
1766 3804
1797 3804
1812 3804
1872 3804
1965 3804
2017 3804
2107 3804
2274 3804
2365 3804
2382 3804
3061 3804
3111 3804
3263 3804
3462 3804
3468 3804
3504 3804
3519 3804
3528 3804
3623 3804
3650 3804
3664 3804
3747 3804
3804 3852
3804 3887
3804 3929
3804 4164
3804 4310
3804 4835
3804 4876
84 294
148 294
294 590
294 652
294 775
294 1096
294 1124
294 1322
294 1637
294 1771
294 2060
294 2159
294 2186
294 2276
294 2295
294 2337
294 2384
294 2398
294 2442
294 2634
294 2716
294 2970
294 3159
294 3205
294 3386
294 3435
294 3973
294 4614
294 4659
294 4679
294 5035
294 5167
87 4709
155 4709
300 4709
344 4709
411 4709
450 4709
490 4709
1222 4709
1365 4709
1573 4709
1758 4709
1836 4709
1850 4709
2110 4709
2475 4709
2607 4709
2663 4709
2736 4709
3064 4709
3534 4709
3611 4709
4050 4709
4095 4709
4189 4709
4217 4709
4252 4709
4657 4709
4659 4709
4709 4865
4709 5062
4709 5199
89 993
993 4169
90 182
90 2139
182 631
182 2076
182 2261
92 378
92 449
92 1446
92 1505
92 2141
92 2922
210 449
449 2059
449 2914
449 5043
94 1617
1498 1617
1617 3413
95 2258
250 2258
331 2258
350 2258
536 2258
606 2258
689 2258
716 2258
731 2258
737 2258
831 2258
908 2258
1062 2258
1120 2258
1131 2258
1137 2258
1261 2258
1276 2258
1311 2258
1345 2258
1364 2258
1455 2258
1469 2258
1530 2258
1543 2258
1544 2258
1556 2258
1558 2258
1663 2258
1701 2258
1749 2258
1837 2258
1851 2258
1909 2258
2032 2258
2040 2258
2073 2258
2118 2258
2149 2258
2161 2258
2233 2258
2258 2287
2258 2307
2258 2338
2258 2346
2258 2349
2258 2467
2258 2542
2258 2608
2258 2656
2258 2672
2258 2741
2258 2750
2258 2760
2258 2801
2258 2840
2258 2866
2258 2913
2258 3058
2258 3117
2258 3249
2258 3305
2258 3366
2258 3496
2258 3532
2258 3592
2258 3711
2258 3786
2258 3799
2258 3807
2258 3955
2258 3958
2258 4011
2258 4089
2258 4136
2258 4219
2258 4223
2258 4259
2258 4307
2258 4371
2258 4378
2258 4421
2258 4429
2258 4430
2258 4562
2258 4678
2258 4736
2258 4841
2258 4951
2258 5020
2258 5053
2258 5126
2258 5159
96 3028
461 3028
601 3028
1476 3028
2920 3028
3028 4230
102 3107
102 3586
102 4297
115 4297
4297 5100
103 631
103 2624
103 3276
631 1424
631 1570
631 2697
631 2770
631 3090
631 4654
631 4754
631 4772
631 4942
105 2883
499 2883
533 2883
879 2883
1001 2883
1046 2883
1390 2883
1761 2883
1986 2883
2039 2883
2421 2883
2721 2883
2883 3016
2883 3122
2883 3755
2883 4295
2883 4413
2883 4725
107 3543
729 3543
1880 3543
1889 3543
3543 3624
3543 3961
3543 4995
110 1035
369 1035
544 1035
823 1035
977 1035
1035 3713
121 3173
209 3173
374 3173
734 3173
820 3173
1012 3173
1070 3173
1212 3173
1213 3173
1236 3173
1285 3173
1348 3173
1371 3173
1624 3173
1684 3173
1724 3173
1918 3173
1946 3173
1990 3173
2235 3173
2359 3173
2413 3173
2463 3173
2482 3173
2503 3173
3093 3173
3173 3177
3173 3188
3173 3232
3173 3299
3173 3325
3173 3419
3173 3541
3173 3551
3173 3611
3173 3683
3173 3731
3173 3867
3173 3869
3173 4138
3173 4218
3173 4336
3173 4594
3173 4749
3173 4761
3173 4821
3173 4915
3173 5116
3173 5131
3173 5206
3173 5209
3173 5216
3173 5221
123 2210
190 2210
262 2210
295 2210
379 2210
419 2210
420 2210
468 2210
483 2210
561 2210
668 2210
692 2210
718 2210
732 2210
845 2210
1161 2210
1244 2210
1338 2210
1357 2210
1626 2210
1689 2210
1765 2210
1830 2210
2005 2210
2123 2210
2210 2444
2210 2503
2210 2613
2210 2729
2210 2896
2210 2918
2210 3088
2210 3267
2210 3321
2210 3346
2210 3396
2210 3506
2210 3743
2210 4198
2210 4341
2210 4346
2210 4466
2210 4804
2210 4838
2210 4879
2210 4973
2210 5046
2210 5193
2210 5243
124 688
688 4845
125 1450
1450 3123
1450 3689
1450 4672
131 1789
131 3085
131 4068
1268 4068
132 2552
132 4916
133 1787
133 3680
133 4061
133 4140
133 4410
133 4702
133 4968
134 285
134 2190
285 430
285 1182
285 1712
285 1928
285 2294
285 2692
285 2740
285 3736
285 3799
285 3858
285 4069
285 4323
2190 3368
138 2704
196 2704
343 2704
713 2704
714 2704
848 2704
1393 2704
1406 2704
1763 2704
1812 2704
2155 2704
2280 2704
2322 2704
2408 2704
2447 2704
2523 2704
2704 2873
2704 3632
2704 3646
2704 3703
2704 3884
2704 3898
2704 4037
2704 4442
2704 4576
2704 4913
2704 4917
2704 5114
2704 5231
142 3292
519 3292
833 3292
1417 3292
1541 3292
2819 3292
3292 3486
3292 3585
3292 4317
3292 4502
3292 5199
144 2498
146 1912
369 1912
1912 3193
1912 4095
147 794
794 2206
841 5141
1717 1848
996 1891
1891 5144
2056 4067
150 1203
1203 1268
1203 1332
151 4518
609 4518
695 4518
1356 4518
1484 4518
1518 4518
2315 4518
2773 4518
2819 4518
152 636
152 2967
636 5001
1270 2967
2967 3659
153 2531
296 2531
753 2531
1107 2531
1824 2531
2060 2531
2104 2531
2531 2603
2531 3000
2531 3417
2531 3449
2531 3527
2531 3717
2531 3816
2531 4285
2531 4486
154 1653
327 1653
433 1653
638 1653
836 1653
870 1653
984 1653
1211 1653
1354 1653
1472 1653
1507 1653
1565 1653
1653 1810
1653 1962
1653 2016
1653 2220
1653 2228
1653 2405
1653 2465
1653 2589
1653 2644
1653 3017
1653 3341
1653 3450
1653 3496
1653 3863
1653 4038
1653 4225
1653 4498
1653 4528
1653 4738
1653 4826
1653 4901
156 4879
158 1268
240 1268
319 1268
461 1268
482 1268
573 1268
745 1268
749 1268
764 1268
789 1268
1000 1268
1132 1268
1145 1268
1165 1268
1179 1268
1189 1268
1251 1268
1268 1279
1268 1403
1268 1409
1268 1436
1268 1459
1268 1537
1268 1561
1268 1574
1268 1699
1268 1740
1268 1743
1268 1747
1268 1800
1268 1804
1268 1831
1268 1865
1268 1972
1268 2433
1268 2439
1268 2488
1268 2495
1268 2588
1268 2882
1268 2900
1268 2920
1268 2955
1268 2997
1268 3138
1268 3210
1268 3268
1268 3323
1268 3468
1268 3483
1268 3564
1268 3578
1268 3587
1268 3668
1268 3697
1268 3723
1268 3779
1268 3836
1268 3860
1268 3872
1268 3945
1268 4065
1268 4204
1268 4234
1268 4249
1268 4316
1268 4338
1268 4423
1268 4448
1268 4476
1268 4487
1268 4499
1268 4513
1268 4535
1268 4611
1268 4628
1268 4656
1268 4719
1268 4769
1268 4792
1268 4794
1268 4809
1268 4858
1268 5004
1268 5143
1268 5146
1268 5208
1268 5233
160 2867
1477 2867
1638 2867
1824 2867
162 764
764 2745
164 2933
220 2933
230 2933
352 2933
405 2933
594 2933
801 2933
1036 2933
1166 2933
1168 2933
1255 2933
1263 2933
1294 2933
1372 2933
1416 2933
1478 2933
1489 2933
1497 2933
1858 2933
1873 2933
2034 2933
2049 2933
2191 2933
2208 2933
2224 2933
2230 2933
2299 2933
2366 2933
2418 2933
2933 2968
2933 3164
2933 3213
2933 3256
2933 3446
2933 3476
2933 3511
2933 3522
2933 3649
2933 3699
2933 3844
2933 3938
2933 4021
2933 4236
2933 4337
2933 4364
2933 4447
2933 4458
2933 4621
2933 4958
2933 4993
2933 5000
2933 5227
167 4317
250 4317
803 4317
1157 4317
1160 4317
1739 4317
2422 4317
3271 4317
4317 5199
169 2112
1174 2112
1249 2112
1727 2112
1822 2112
2112 2898
2112 2929
2112 3174
2112 3389
2112 4416
172 1906
175 3735
538 3735
2260 3735
3008 3735
177 1485
1485 2134
1485 2205
1485 2852
1485 3157
1485 4064
1485 4461
1485 4814
178 678
262 678
392 678
413 678
548 678
551 678
645 678
678 803
678 825
678 885
678 902
678 1020
678 1281
678 1358
678 1452
678 1600
678 1729
678 1824
678 1987
678 2027
678 2045
678 2056
678 2070
678 2134
678 2183
678 2195
678 2204
678 2252
678 2363
678 2663
678 2706
678 2995
678 3045
678 3176
678 3430
678 3620
678 3789
678 4023
678 4132
678 4634
678 4650
678 4717
678 5076
678 5127
179 4845
4104 4845
4107 4845
4393 4845
4845 5086
4845 5098
189 2612
475 2612
1017 2612
1903 2612
2612 2914
2612 3252
2612 4446
192 2331
237 2331
308 2331
888 2331
977 2331
1108 2331
1360 2331
1387 2331
1428 2331
1540 2331
1609 2331
1667 2331
1676 2331
2201 2331
2277 2331
2331 2468
2331 2640
2331 3289
2331 3488
2331 3611
2331 3719
2331 3849
2331 3874
2331 3988
2331 4143
2331 4478
2331 4539
2331 4571
2331 4863
2331 4900
2331 4960
193 293
193 2516
193 2889
193 2991
293 1919
293 2105
293 3185
293 3659
293 4058
401 2889
855 2889
2380 2889
2766 2889
2789 2889
2889 3850
2889 4867
2991 4058
194 3754
1584 3754
195 1408
195 3038
2912 3038
196 3182
687 3182
1539 3182
1961 3182
2308 3182
2992 3182
3027 3182
3182 3317
3182 3598
3182 3782
3182 3909
3182 4180
3182 4861
3182 5004
3182 5067
3182 5136
197 1122
198 1866
366 1866
534 1866
627 1866
681 1866
699 1866
726 1866
1117 1866
1266 1866
1734 1866
1745 1866
1866 1877
1866 2239
1866 2329
1866 2380
1866 2422
1866 2547
1866 2580
1866 2780
1866 2858
1866 2860
1866 2960
1866 3054
1866 3806
1866 3851
1866 4343
1866 4484
1866 4585
1866 4758
1866 4953
1866 5016
1866 5171
1866 5172
199 3914
247 3914
260 3914
370 3914
371 3914
417 3914
421 3914
637 3914
739 3914
809 3914
968 3914
979 3914
1007 3914
1050 3914
1068 3914
1069 3914
1196 3914
1207 3914
1284 3914
1599 3914
1661 3914
1752 3914
1757 3914
1818 3914
1840 3914
2213 3914
2280 3914
2441 3914
2590 3914
2874 3914
2953 3914
3246 3914
3254 3914
3255 3914
3261 3914
3264 3914
3373 3914
3474 3914
3616 3914
3629 3914
3745 3914
3800 3914
3914 3934
3914 3948
3914 4009
3914 4245
3914 4625
3914 4662
3914 4683
3914 4823
3914 4840
3914 4883
3914 4974
3914 5080
3914 5139
203 2811
1427 2811
2811 3946
2811 5043
297 4506
297 5043
1770 4370
2532 3280
3280 3590
3280 4138
3555 5195
205 1023
1023 1725
1023 3750
206 5080
207 4487
445 4487
451 4487
866 4487
907 4487
1409 4487
1537 4487
1767 4487
3035 4487
3204 4487
3452 4487
3613 4487
3637 4487
3932 4487
4028 4487
4487 4905
4487 5067
4487 5205
208 4505
743 3585
978 3585
1114 2332
1162 4284
1248 3636
1248 4363
2655 3838
1038 2743
2743 2778
2743 4557
834 3541
3541 3688
3541 3894
3541 4150
3541 4394
3950 4174
380 4095
2355 4095
4095 4399
3251 4238
3717 4238
217 1245
217 3585
262 1245
1184 1245
1245 1285
1245 1914
1245 2005
1245 2263
1245 2503
1245 2546
1245 3464
1245 3636
276 3585
289 3585
301 3585
834 3585
1014 3585
1066 3585
1272 3585
1719 3585
1784 3585
2059 3585
2125 3585
3123 3585
3506 3585
3585 4630
3585 4699
3585 4999
3585 5056
3585 5193
218 233
221 1610
1610 1921
222 4615
238 4615
510 4615
665 4615
2278 4615
2914 4615
3046 4615
223 2391
887 2391
1228 2391
2391 2691
2391 2862
2391 3081
2391 3915
2391 4018
225 4594
572 4594
1090 4594
1175 4594
1212 4594
1215 4594
1285 4594
1366 4594
1705 4594
2539 4594
2984 4594
3031 4594
3075 4594
3457 4594
4040 4594
4221 4594
4327 4594
4594 4684
4594 4710
4594 4740
4594 4912
4594 5024
227 654
500 654
528 654
608 654
648 654
654 671
654 710
654 816
654 998
654 1025
654 1049
654 1201
654 1250
654 1362
654 1425
654 1483
654 1537
654 1586
654 1615
654 1651
654 1714
654 1813
654 1915
654 2011
654 2297
654 2360
654 2383
654 2569
654 2812
654 3129
654 3209
654 3284
654 3362
654 3673
654 3700
654 4088
654 4167
654 4186
654 4455
654 4534
654 4833
654 4850
654 4870
654 4967
654 4979
654 5009
654 5081
654 5085
654 5157
654 5176
228 3346
342 3346
1226 3346
1254 3346
1451 3346
1463 3346
1896 3346
1914 3346
2065 3346
2238 3346
2474 3346
2475 3346
3062 3346
3346 3682
3346 3812
3346 3979
3346 4464
3346 4778
231 1509
1509 2264
1509 3708
232 2355
232 4461
262 2355
1232 2355
1338 2355
1635 2355
2259 2355
2355 2503
2355 3267
2355 3506
2355 3516
2355 4461
2355 4548
2355 4919
379 4461
564 4461
695 4461
1079 4461
1569 4461
1904 4461
2183 4461
2872 4461
3191 4461
3347 4461
3834 4461
336 1689
503 1689
1334 1689
1572 1689
1689 1776
1689 2193
1689 2902
1689 3643
1689 3854
1689 4449
1689 4646
1400 1914
1914 3516
1914 4264
1914 4399
3456 4379
660 4399
892 4399
1322 4399
1681 4399
2005 4399
2248 4399
3037 4399
4228 4399
4277 4399
4399 4604
4399 4676
4399 5054
238 3756
241 1461
1461 4166
1461 4734
250 1584
257 1584
279 1584
424 1584
1026 1584
1419 1584
1511 1584
1559 1584
1584 1708
1584 1751
1584 1793
1584 1937
1584 1980
1584 2006
1584 2025
1584 2060
1584 2829
1584 2909
1584 3169
1584 3405
1584 3421
1584 3431
1584 3625
1584 3648
1584 3901
1584 4235
1584 4654
1584 4742
1584 5096
253 3604
3604 4877
254 3307
255 5136
603 5136
1178 5136
2336 5136
5136 5153
256 3738
267 3738
427 3738
521 3738
1301 3738
3738 3912
258 4137
1687 4137
2268 4137
2319 4137
2435 4137
2551 4137
2930 4137
2946 4137
4137 4774
259 1067
652 1067
720 1067
894 1067
935 1067
1067 1298
1067 1349
1067 1437
1067 1619
1067 1621
1067 2004
1067 2583
1067 2597
1067 2647
1067 2648
1067 3020
1067 3032
1067 3062
1067 3136
1067 3354
1067 3624
1067 3666
1067 3969
1067 3983
1067 4055
1067 4092
1067 4247
1067 4601
1067 4871
1067 5247
262 2601
2601 4700
263 1569
1569 4284
265 1948
979 1948
268 3939
270 4806
3095 4806
273 1910
440 1910
1773 1910
1910 2158
1910 2484
1910 2827
1910 3721
1910 3799
1910 3941
1910 4537
1910 4642
1910 4712
1910 4745
1910 4756
278 2324
494 2324
628 2324
633 2324
818 2324
912 2324
945 2324
1030 2324
1071 2324
1138 2324
1271 2324
1302 2324
1325 2324
1585 2324
1657 2324
1821 2324
1959 2324
2008 2324
2020 2324
2324 2340
2324 2473
2324 2837
2324 3074
2324 3087
2324 3137
2324 3152
2324 3237
2324 3278
2324 3379
2324 3538
2324 3556
2324 3781
2324 3796
2324 3855
2324 4260
2324 4280
2324 4289
2324 4334
2324 4367
2324 4393
2324 4425
2324 4475
2324 4536
2324 4851
2324 4907
2324 4929
2324 4934
2324 5011
2324 5015
2324 5068
2324 5072
2324 5078
2324 5117
2324 5135
284 3777
1398 3777
1510 3777
1788 3777
2906 3777
2692 3214
2392 3799
2415 3799
291 1541
1541 3588
1541 3647
1541 4612
1541 4673
1841 1919
1919 2766
1919 3424
1919 3659
1919 4632
2105 2766
2105 4640
328 3659
540 3659
1262 3659
1493 3659
2286 3659
2380 3659
2407 3659
2586 3659
3358 3659
3659 3774
3659 3922
3659 4005
3659 4867
2717 4058
4058 4112
1157 1771
1771 2553
1771 3386
1771 4546
892 2060
2060 4228
1990 2337
2337 3890
2384 5167
1756 2398
694 2716
2716 4568
2716 5199
393 3386
1545 3386
2957 3386
3353 3386
3386 3506
3128 4659
3353 5035
1282 5167
2887 5167
3726 5167
380 5043
493 5043
539 5043
759 5043
1053 5043
1722 5043
1754 5043
2262 5043
2428 5043
2914 5043
3032 5043
3097 5043
3236 5043
3252 5043
3430 5043
3891 5043
4374 5043
4795 5043
301 833
301 1014
301 1917
768 1014
1014 1720
1014 1836
1014 2363
1014 2547
1014 3282
1014 3882
1014 4135
1014 4224
1014 4689
1014 4748
1014 4789
1014 4932
1707 1917
1722 1917
303 2412
481 2412
882 2412
944 2412
1430 2412
1941 2412
2255 2412
2353 2412
2412 2526
2412 3370
2412 3608
2412 3843
2412 3874
2412 4053
2412 4703
2412 4800
2412 5201
312 1490
372 1490
1098 1490
1490 1911
1490 3147
1490 3619
1490 4084
1490 4206
1490 4258
1490 5184
1490 5238
315 5048
320 5048
697 5048
786 5048
851 5048
896 5048
959 5048
1209 5048
1605 5048
2185 5048
2410 5048
2665 5048
2677 5048
2698 5048
2817 5048
3006 5048
3007 5048
3010 5048
3464 5048
3501 5048
4098 5048
4130 5048
4304 5048
4435 5048
4503 5048
4687 5048
5048 5165
5048 5182
316 2265
568 1713
1713 1843
1713 2544
1713 2755
1713 4641
324 3871
683 3871
3371 3871
3871 5003
3871 5162
339 4655
340 970
593 970
345 1033
345 1529
345 2859
345 4026
345 4454
345 4852
355 751
357 1966
1966 4820
360 625
365 2671
370 1444
370 4085
793 4085
4085 4580
376 1333
380 663
380 1057
380 3444
380 3999
385 3053
3053 3109
3053 4838
3053 5054
388 862
862 2310
389 892
389 2251
892 1141
892 1265
892 1678
892 2110
892 2148
892 2428
892 2584
892 2896
892 2902
892 2965
892 3211
892 3219
892 3267
892 4467
892 4489
892 5197
395 803
803 1685
803 3805
396 3195
3195 4693
3195 4891
406 4177
408 3149
3149 3757
3149 5163
409 2174
409 2625
409 4369
409 5161
412 2256
458 2256
1793 2256
418 5171
421 3337
708 3337
941 3337
1021 3337
1515 3337
1582 3337
1938 3337
2461 3337
2591 3337
2636 3337
2661 3337
3337 3584
3337 4966
423 1297
425 583
523 583
524 583
552 583
583 730
583 1253
583 1488
583 1793
583 2038
583 2281
583 2454
583 2517
583 2518
583 2821
583 3242
583 3270
583 3345
583 3889
583 4153
583 4775
429 509
509 1329
509 1925
509 1964
509 2503
509 4407
432 1247
432 5113
434 988
434 2664
434 3351
434 3487
988 3487
2664 3487
436 4172
1157 4172
438 2783
439 1367
919 1367
1367 3140
1367 3965
1367 5106
440 4808
442 2399
442 3712
442 4082
442 4233
442 4799
443 1947
443 2024
443 3891
2024 3506
2333 3891
447 3353
610 3353
1359 3353
1482 3353
1838 3353
1930 3353
2370 3353
2515 3353
2519 3353
2520 3353
3353 3358
3353 4686
3353 4948
3353 5033
3353 5213
2059 3021
2059 4508
2059 4991
1107 2914
1340 2914
2767 2914
2914 3513
2914 3611
2914 3865
452 5199
1180 5199
3688 5199
4370 5199
453 5139
917 5139
1846 5139
2180 5139
456 2222
457 3730
1803 3730
2397 3730
3202 3730
3730 4807
459 2470
1063 2470
2470 4396
2470 4783
462 4308
463 4933
771 4933
1442 4933
1643 4933
2492 4933
3224 4933
3302 4933
3481 4933
3495 4933
4090 4933
4582 4933
4617 4933
4933 4952
662 776
465 5162
815 5162
857 5162
2057 5162
2361 5162
2375 5162
2493 5162
471 2358
2066 2358
2358 2976
472 3051
3051 5232
484 1694
489 4266
496 4163
878 4163
1006 4163
1475 4163
1718 4163
2973 4163
3067 4163
3139 4163
3327 4163
3570 4163
3981 4163
4106 4163
4163 4529
507 4922
1077 4922
1321 4922
1355 4922
1879 4922
2001 4922
2215 4922
2781 4922
3023 4922
3170 4922
3575 4922
3917 4922
4887 4922
4890 4922
4922 5010
777 2503
511 4931
512 3789
514 1704
1149 1704
1704 4201
1704 4275
520 1921
621 1921
1074 1921
1921 1951
1921 2140
1921 2152
1921 2325
1921 3001
1921 3033
1921 3382
1921 3401
1921 3638
1921 3828
1921 3985
1921 4491
1921 4524
1921 4575
1921 4581
1921 4649
1921 4707
1921 4908
1921 4939
541 889
541 2069
543 624
555 2643
561 4350
2723 4350
3502 4350
1443 1862
1443 5054
1443 5056
1443 5218
1256 1545
1545 2240
1545 2816
1545 3913
1107 1726
1781 2074
2056 2116
570 3199
883 3199
2532 3199
3199 3291
3339 4370
918 3708
3559 3708
3708 4312
4034 4272
1282 4321
4830 4992
802 5144
858 5144
962 5144
1008 5144
1496 5144
1967 5144
2067 5144
2099 5144
3609 5144
3626 5144
3930 5144
3970 5144
4217 5144
567 3795
1039 3795
1564 3795
2674 3795
2689 3795
2756 3795
2845 3795
3470 3795
3795 3822
3795 4318
3795 4928
576 749
582 2723
591 614
591 1776
1776 2245
1776 3069
1776 3226
1776 4733
2965 4546
595 3177
597 1433
1289 1433
1331 1433
1433 4859
598 3937
1791 3937
599 2225
2067 2225
602 615
602 2088
602 4179
602 4488
607 4264
1232 4264
4264 4450
611 4583
835 4583
1119 4583
1159 4583
1170 4583
1186 4583
1691 4583
1905 4583
2052 4583
2450 4583
2943 4583
3036 4583
3156 4583
3166 4583
3262 4583
3297 4583
3665 4583
4120 4583
4168 4583
612 1631
1631 1766
1631 3019
1631 4909
623 1111
623 4312
623 4383
623 4546
1778 4546
2306 4546
2758 4546
4546 4695
626 1996
1196 1996
1996 3420
1996 4883
628 937
628 4196
937 2908
2136 4196
2296 4196
3077 4196
4196 4402
4196 4798
673 3090
911 3090
2525 3090
2598 4754
2348 4942
4509 4942
632 4183
3542 4183
1963 5001
3331 5001
3790 5001
3962 5001
4867 5001
641 1147
1147 4147
643 3864
709 3864
795 3864
1287 3864
1402 3864
1802 3864
1836 3864
1908 3864
1974 3864
2062 3864
2456 3864
2645 3864
2831 3864
3220 3864
3414 3864
3645 3864
3695 3864
3717 3864
3864 3978
3864 4006
3864 4010
3864 4550
3864 4589
3864 4677
3864 4784
649 2673
649 3770
649 5151
650 2169
2169 4226
651 4682
998 2102
1537 2785
658 2927
1068 2927
2927 4600
2927 4766
2927 4785
662 953
662 1208
662 1753
662 2833
662 3303
662 3367
662 3442
662 4509
662 4776
662 5090
667 1839
1839 2573
1839 3523
902 1340
902 2903
902 5008
1824 4919
2056 4199
1590 2183
1581 2252
2663 3165
1352 3430
3343 3430
682 4516
682 5210
691 1593
691 1945
691 3348
691 3545
693 1546
695 3506
1110 3506
1275 3506
1784 3506
1809 3506
1836 3506
1892 3506
3506 5186
698 3398
706 1199
706 3850
1560 3850
2527 3850
3760 3850
3850 4182
3850 4849
707 987
735 1990
903 1990
1990 2127
1990 3022
1990 3410
1990 3535
1990 3667
1990 4000
1990 4029
1990 4127
1990 4149
1990 4325
1990 4408
736 1699
1699 3839
1699 4360
739 1179
1179 2155
1179 2196
1179 3035
1179 3800
740 1750
1750 3880
744 4960
747 1889
1431 1889
1889 3086
1017 3299
765 2881
1010 2881
1097 2881
2803 2881
2881 3313
2881 4420
767 3052
769 2084
2084 2538
2084 3976
2084 4442
778 2609
778 3006
782 2136
782 4880
1620 4880
2417 4880
2434 4880
2895 4880
3206 4880
3820 4880
4828 4880
788 5017
1056 3971
3438 3902
3084 4905
1326 2206
2206 2758
808 1327
1327 1882
1327 2510
1327 3211
1327 3376
824 1674
854 1674
1448 1674
1538 1674
1674 2181
1674 2486
1674 2508
1674 3285
1674 4935
843 4926
852 2085
855 1173
1173 4596
1173 4640
861 4977
1029 4977
1298 4977
1817 4977
2068 4977
2151 4977
2779 4977
3198 4977
4175 4977
4212 4977
4315 4977
871 1326
1326 1698
1326 3505
1326 3913
1326 4169
882 3187
884 1664
884 2685
884 3384
884 4542
3724 4542
886 4032
890 4864
909 4864
1225 4864
2098 4864
2607 4864
4228 4864
4844 4864
4864 5042
1447 2428
1759 2428
1835 2428
2428 2487
2428 2561
2428 3227
2428 3537
2428 4298
2428 5160
900 4265
2903 4762
903 1968
903 2389
903 2815
903 3126
903 3133
903 3245
903 3374
903 3761
903 3810
903 4030
903 4753
905 4552
1368 4552
907 3084
915 3559
2869 3559
3559 3675
916 3607
1387 3607
2633 3607
934 2048
949 3729
950 3621
950 4187
1357 3621
3472 4187
955 1686
1686 3223
965 1876
1876 4624
966 3264
966 3498
966 4669
966 5071
1388 5071
2354 5071
4287 5071
4793 5071
969 2553
1896 2553
974 4117
4117 5241
977 3565
979 1075
979 4554
986 1037
986 3936
986 4714
989 4515
991 1783
991 3509
991 4568
1148 4169
995 2999
995 4674
996 1954
996 3793
996 3848
2102 2799
1002 2333
1547 2333
2333 3989
2333 4341
1004 4394
2395 4394
2949 4394
4394 4647
2547 5096
1019 3113
1288 3113
1466 3113
1618 3113
1949 3113
2403 3113
2423 3113
2534 3113
2596 3113
2935 3113
2972 3113
3100 3113
3113 3203
3113 4071
3113 4340
3113 4701
3113 4715
3113 4815
3113 4920
3113 4990
3113 5140
3113 5203
1041 4152
1045 2755
1303 2755
1520 2755
1723 2755
2144 2755
2217 2755
2755 3899
2755 4313
2755 4620
1059 3418
1060 2813
2813 2996
2813 4194
2813 4563
2813 5224
1066 4693
4025 4693
4693 5018
2131 3062
2951 3062
3062 4006
3062 4787
2301 2349
3952 4111
1081 4762
1342 4762
4296 4762
4511 4762
4553 4762
1086 3128
1087 3516
3440 3516
1099 3451
2094 3451
3451 4048
1107 2680
1112 3143
1112 4094
1113 1832
1113 2691
1113 3536
1123 2421
1215 2421
2421 2863
1126 3630
1133 3681
1146 1409
1150 3688
1395 3688
1645 3688
1765 3688
1979 3688
2401 3688
2848 3688
2982 3688
3186 3688
3688 4128
3688 4700
3688 5103
3688 5183
1157 1696
1157 1807
1157 2362
1157 3486
1157 3993
1157 4457
1157 4697
1157 5099
1163 2177
2177 3259
2177 3405
1164 2767
2585 2767
2767 2918
4182 4640
1198 1275
1275 2472
1244 2238
1244 2564
1244 3944
1622 2548
1622 2724
1833 3377
1869 2564
1950 2564
2564 2641
2653 4801
3131 5194
3091 4335
3977 4919
1204 5033
1204 5194
3455 5194
4398 5194
5194 5215
1206 3429
1850 3429
3429 4062
3429 4211
1207 1662
1662 2253
1662 4956
1212 1682
1212 2047
1212 3316
1212 4324
2532 3464
2207 4363
1252 3259
2439 2838
2588 2682
2900 3631
3945 4418
1291 4929
1296 2349
1994 2349
2194 2349
2349 3546
2349 4342
2349 4623
2349 4755
2349 5222
2356 3894
3230 3894
3894 4125
4063 4150
1815 4700
1315 4836
1318 1849
1904 2510
2510 3231
2510 3583
2510 3746
2510 4047
1346 4370
1881 4370
2055 4370
2289 4370
2556 4370
2637 4370
3484 4370
3572 4370
3954 4370
4291 4370
4370 4376
4370 4412
1352 1830
1359 4114
1478 4114
1373 3110
3110 3378
3110 3648
1376 3531
1385 3531
3531 4004
1387 4998
1393 3416
1411 3911
1411 5073
3998 4329
1746 5149
1427 3987
1427 4227
1431 4357
4228 5056
1454 1703
2053 2852
1492 4354
1552 4392
1556 2735
1557 2766
1774 2766
2533 2766
2766 4182
1587 2091
2091 3843
1590 2250
1591 2570
1602 4585
2111 4585
2429 4585
4205 4585
4585 4918
1605 1855
1605 2990
1855 3557
1672 2990
1625 4989
1636 2253
1645 2919
2919 3197
1646 2758
1814 2758
2758 3334
2758 3425
2758 3547
2758 4538
2758 4708
2758 5095
1655 2087
1672 1735
1672 3436
1672 3460
1676 2406
1676 3892
2406 3683
1688 1780
2776 4646
4646 4757
1693 3991
2036 3991
3600 3991
2963 3508
1710 5226
1717 2226
1717 3610
1722 4898
4138 4898
4898 5204
1731 2345
1998 2345
2115 2345
1754 4086
1755 4665
4665 4981
1764 3029
1932 3029
1943 3029
3029 3602
3029 4768
1768 3400
1768 4213
2245 5023
2074 2243
2074 3472
1784 2532
2532 3720
2532 3726
1792 4274
3060 4274
4274 5057
1794 4453
1825 4203
2019 4203
1829 3943
2378 3943
3104 3943
3853 3943
3943 4290
3943 4494
1835 3753
1842 4730
2565 4730
3328 4730
4009 4730
4024 4730
1850 3633
2327 3633
2693 3633
3633 5230
1864 3236
2146 2380
2380 2407
2380 2959
1875 4955
2846 4955
1902 4884
1907 2941
2686 4745
3424 4632
1933 5166
1935 2550
1935 3778
1977 2936
1991 2395
2395 3788
1993 2966
2966 3190
2007 2491
2014 2976
2021 3480
2271 3480
3480 4314
3480 4868
2029 2838
2838 5174
2819 4228
3812 4228
2064 2407
2227 2407
2077 4414
2079 2541
2086 3924
2093 4008
2099 3530
2722 3530
2138 3215
2964 3215
2145 3856
2188 3769
2309 2754
2416 2436
2416 4645
2568 2768
2747 2924
2924 3385
2924 3931
2924 5107
2924 5189
2950 5212
3141 3772
3141 3859
2298 3343
3343 4545
3343 5177
3356 3773
3526 3942
3942 4969
3942 5120
2846 4074
2971 4074
3423 4138
4138 4379
3571 4631
2214 4757
4403 4757
3655 5041
2189 4079
2522 4079
2199 2475
2475 3220
2475 3397
2475 3813
2475 4148
2475 4281
2475 4472
2475 4599
2475 5022
2613 4424
4973 5098
3005 5193
2212 5018
2214 3320
2236 4241
2866 4637
2286 2911
2300 4653
2316 4041
3890 4373
2350 2872
2872 3293
2379 2626
2626 3785
2392 3974
2419 3091
2426 4009
2426 4157
2426 5202
2487 5155
2500 3227
2455 3720
3477 4856
2471 4099
2654 4099
2687 4099
2565 3025
2560 4801
3818 4801
2607 3489
2818 4424
2615 4144
2620 4379
2659 2668
2660 3369
2666 2776
2776 3311
2776 5021
2679 2877
2705 4566
2718 4329
2725 2846
2762 2846
2846 2985
2846 3326
2804 3291
2825 3518
2826 4239
2985 4158
2851 3390
3313 3439
2891 5042
3759 5042
4822 5042
5042 5133
2892 3014
3014 4158
2912 4282
2912 5112
3658 5107
2993 3977
3024 3797
3048 5029
3150 4102
3372 4102
4102 4927
3160 4171
3180 4648
3257 3520
3363 5058
4048 4849
3458 4471
3526 4692
3641 4954
3698 4087
3698 5156
3986 4139
4941 5145
3832 5005
4276 4589
3954 4438
3954 5242
4207 5242
3986 5047
4066 4533
4433 4618
4780 4848
4680 4857
